0.237940 0.237989 0.195568 0.130143 0.069299 0.034614 0.535145 1.072609 1.152157 1.286477 1.485183 1.734653 1.485598 1.164402 1.207035 1.094454 0.864352 0.590935 0.347335 0.175171 0.077039 0.030715 0.011601 0.008440 0.024392 0.065869 0.129133 0.195306 
0.216623 0.237965 0.216779 0.162856 0.099721 0.051956 0.284879 0.803877 1.112383 1.219317 1.385830 1.609918 1.610125 1.325000 1.185718 1.150745 0.979403 0.727643 0.469135 0.261253 0.126105 0.053877 0.021158 0.010020 0.016416 0.045130 0.097501 0.162220 
0.189421 0.227294 0.227372 0.189817 0.131288 0.075839 0.168418 0.544378 0.958130 1.165850 1.302574 1.497874 1.610022 1.467563 1.255359 1.168232 1.065074 0.853523 0.598389 0.365194 0.193679 0.089991 0.037517 0.015589 0.013218 0.030773 0.071316 0.129860 
0.159641 0.208358 0.227333 0.208594 0.160553 0.103563 0.122128 0.356398 0.751254 1.061990 1.234212 1.400224 1.553948 1.538792 1.361461 1.211795 1.116653 0.959299 0.725956 0.481792 0.279436 0.141835 0.063754 0.026553 0.014404 0.021996 0.051044 0.100588 
0.130114 0.183999 0.217845 0.217964 0.184574 0.132058 0.112846 0.239263 0.553826 0.906622 1.148101 1.317218 1.477086 1.546370 1.450126 1.286628 1.164224 1.037976 0.842627 0.603874 0.380614 0.210636 0.102795 0.045154 0.020478 0.018200 0.036520 0.075816 
0.102965 0.157057 0.200922 0.217904 0.201269 0.158316 0.122452 0.176054 0.396545 0.730224 1.027362 1.232659 1.397152 1.511728 1.498248 1.368377 1.225426 1.101100 0.940302 0.723251 0.492244 0.295625 0.156715 0.073974 0.032816 0.019339 0.027360 0.056168 
0.079567 0.130011 0.178989 0.209413 0.209586 0.179792 0.140384 0.149253 0.286300 0.563384 0.878793 1.130011 1.314906 1.454440 1.504988 1.433313 1.296902 1.163263 1.020701 0.831776 0.607747 0.393934 0.226170 0.115345 0.053395 0.026078 0.023350 0.041764 
0.060665 0.104789 0.154500 0.194201 0.209500 0.194689 0.160088 0.144819 0.217776 0.424842 0.721089 1.004402 1.222458 1.384673 1.479714 1.469150 1.365107 1.230082 1.091982 0.926238 0.719762 0.500841 0.310052 0.170757 0.084370 0.039736 0.024714 0.032557 
0.046611 0.082727 0.129645 0.174351 0.201851 0.202095 0.177389 0.152453 0.181297 0.321309 0.572965 0.862745 1.113430 1.303565 1.432193 1.474432 1.417129 1.297595 1.161032 1.009110 0.823000 0.610301 0.405446 0.240405 0.127564 0.062053 0.032225 0.028635 
0.037623 0.064669 0.106186 0.151998 0.188101 0.201973 0.189742 0.164921 0.166875 0.251303 0.447137 0.717855 0.988088 1.208498 1.367879 1.453313 1.445781 1.357362 1.229313 1.085071 0.916055 0.716651 0.507874 0.322926 0.183984 0.094808 0.047139 0.030430 
0.034027 0.051146 0.085427 0.129092 0.170049 0.195037 0.195857 0.177331 0.165898 0.209089 0.349220 0.582496 0.852971 1.098293 1.288189 1.410596 1.449547 1.401571 1.293338 1.157192 1.000563 0.816353 0.612262 0.415400 0.253455 0.139396 0.070974 0.038785 
0.036406 0.042586 0.068287 0.107260 0.149570 0.182543 0.195447 0.186594 0.171615 0.187494 0.279155 0.465858 0.717734 0.975632 1.193241 1.349392 1.430071 1.425559 1.347454 1.225265 1.078878 0.908458 0.714308 0.513831 0.334427 0.196426 0.105185 0.054879 
0.045642 0.039496 0.055437 0.087773 0.128415 0.166057 0.188995 0.191021 0.179104 0.179554 0.233324 0.372507 0.591796 0.846683 1.084436 1.271316 1.389732 1.427815 1.386507 1.286360 1.152071 0.993668 0.811383 0.614069 0.424129 0.265426 0.150805 0.080032 
0.062837 0.042569 0.047466 0.071605 0.108094 0.147236 0.177526 0.190008 0.185062 0.179329 0.206439 0.302915 0.482151 0.719239 0.965560 1.177876 1.330524 1.408774 1.407161 1.336433 1.219215 1.072870 0.902525 0.712726 0.519099 0.344778 0.208116 0.115419 
0.089128 0.052703 0.045018 0.059536 0.089849 0.127665 0.162381 0.183767 0.187535 0.182196 0.192884 0.254677 0.392533 0.600695 0.842400 1.071718 1.254200 1.369649 1.407967 1.371797 1.277824 1.146043 0.987697 0.807626 0.615913 0.431939 0.276447 0.161767 
0.125448 0.070916 0.048860 0.052277 0.074693 0.108757 0.145023 0.173074 0.185651 0.184866 0.187540 0.223781 0.323605 0.496614 0.721547 0.957059 1.162959 1.311925 1.388808 1.389882 1.324811 1.211933 1.066870 0.897662 0.711769 0.523926 0.354193 0.219107 
0.172277 0.098182 0.059888 0.050569 0.063485 0.091725 0.126890 0.159048 0.179362 0.185258 0.186203 0.205660 0.273693 0.410110 0.609081 0.839303 1.060009 1.237442 1.350366 1.389345 1.357346 1.268372 1.139402 0.982266 0.804715 0.617847 0.439059 0.286650 
0.229464 0.135229 0.079035 0.055228 0.057027 0.077605 0.109307 0.142969 0.169205 0.182310 0.185731 0.195932 0.239677 0.341901 0.509595 0.724192 0.949656 1.148725 1.293904 1.369856 1.373346 1.312859 1.203887 1.060834 0.893491 0.711281 0.528453 0.362855 
0.296159 0.182347 0.107132 0.067132 0.056127 0.067316 0.093456 0.126138 0.156087 0.175758 0.184020 0.190831 0.217804 0.290789 0.425748 0.616894 0.836924 1.049191 1.221315 1.331880 1.371601 1.343102 1.258373 1.132360 0.977162 0.802386 0.619867 0.445654 
0.370906 0.239253 0.144739 0.087132 0.061629 0.061722 0.080386 0.109797 0.141113 0.165923 0.179889 0.187426 0.204318 0.254297 0.358269 0.521321 0.726909 0.943057 1.135253 1.276597 1.351740 1.357352 1.300738 1.195367 1.054761 0.889774 0.711127 0.532761 
0.451834 0.305080 0.191996 0.115936 0.074381 0.061676 0.071054 0.095092 0.125455 0.153518 0.172906 0.183657 0.195872 0.229307 0.306283 0.439795 0.624115 0.834983 1.039155 1.205925 1.314169 1.354546 1.329045 1.248052 1.125064 0.972268 0.800450 0.621944 
0.536889 0.378457 0.248538 0.153966 0.095158 0.068028 0.066365 0.083073 0.110273 0.139486 0.163212 0.178282 0.189765 0.212589 0.267795 0.373039 0.531955 0.729549 0.937069 1.122540 1.260047 1.334357 1.341795 1.288548 1.186558 1.048666 0.886359 0.711197 
0.624043 0.457673 0.313497 0.201252 0.124562 0.081593 0.067196 0.074719 0.096673 0.124880 0.151349 0.170747 0.184023 0.201177 0.240192 0.320417 0.452497 0.630752 0.833309 1.029805 1.191293 1.297202 1.338076 1.315172 1.237553 1.117612 0.967512 0.798778 
0.711410 0.540858 0.385585 0.257375 0.162907 0.103078 0.074395 0.070957 0.085696 0.110776 0.138114 0.161048 0.177385 0.192600 0.220685 0.280305 0.386457 0.541624 0.732031 0.931557 1.110549 1.244248 1.317639 1.326624 1.276363 1.177583 1.042562 0.883145 
0.797278 0.626134 0.463221 0.321480 0.210141 0.132992 0.088736 0.072676 0.078327 0.098236 0.124445 0.149581 0.169216 0.184992 0.206642 0.250495 0.333381 0.464041 0.636827 0.831794 1.021053 1.177398 1.280944 1.322132 1.301493 1.226973 1.110072 0.962854 
0.880066 0.711706 0.544678 0.392351 0.265810 0.171566 0.110864 0.080706 0.075501 0.088281 0.111341 0.137013 0.159399 0.177104 0.195817 0.228568 0.291938 0.398711 0.550434 0.734311 0.926423 1.099226 1.229171 1.301538 1.311813 1.264233 1.168522 1.036463 
0.958264 0.795886 0.628192 0.468514 0.329080 0.218688 0.141215 0.095785 0.078104 0.081891 0.099811 0.124177 0.148206 0.168252 0.186461 0.212193 0.260253 0.345324 0.474572 0.642372 0.830367 1.012824 1.164198 1.265354 1.306675 1.288023 1.216378 1.102493 
1.030379 0.877075 0.712039 0.548353 0.398797 0.273884 0.179952 0.118500 0.086944 0.079998 0.090851 0.111994 0.136192 0.158229 0.177356 0.199327 0.236223 0.302789 0.409948 0.558472 0.736370 0.921596 1.088511 1.214776 1.286015 1.297349 1.252200 1.159435 
