0.007301 0.002653 0.000800 0.001106 0.003738 0.011820 0.032999 0.079591 0.166192 0.803440 1.488300 1.695495 1.878226 1.983449 1.976396 1.359118 0.669585 0.461898 0.281774 0.152377 0.074894 0.037697 0.025635 0.025403 0.027509 0.026710 0.021761 0.014354 
0.010827 0.004977 0.001727 0.000953 0.002422 0.007779 0.022410 0.056295 0.122892 0.484816 1.145870 1.591897 1.786860 1.930837 1.979923 1.667757 1.014351 0.565741 0.371836 0.217076 0.113636 0.056295 0.031666 0.025519 0.026456 0.027110 0.024236 0.018057 
0.014442 0.007902 0.003352 0.001340 0.001688 0.005101 0.015095 0.039353 0.089594 0.303854 0.815343 1.368884 1.689379 1.858849 1.955380 1.823840 1.341054 0.790046 0.468789 0.294456 0.165356 0.084965 0.043981 0.028593 0.025988 0.026783 0.025673 0.021147 
0.017794 0.011172 0.005627 0.002346 0.001514 0.003394 0.010098 0.027224 0.064473 0.196724 0.559598 1.092113 1.529131 1.774114 1.907114 1.889610 1.582447 1.065550 0.629417 0.381622 0.229906 0.125161 0.064473 0.036287 0.027290 0.026385 0.026228 0.023410 
0.020602 0.014483 0.008399 0.003986 0.001930 0.002454 0.006746 0.018661 0.045848 0.130598 0.378161 0.825856 1.310622 1.651623 1.840614 1.898362 1.736028 1.323998 0.847484 0.505520 0.305764 0.177533 0.094817 0.050380 0.031788 0.026838 0.026306 0.024819 
0.022710 0.017543 0.011441 0.006193 0.002958 0.002192 0.004600 0.012703 0.032254 0.088223 0.254380 0.602008 1.068239 1.481122 1.746118 1.869488 1.817195 1.530013 1.085741 0.676502 0.405642 0.241649 0.136175 0.072598 0.041084 0.029313 0.026572 0.025563 
0.024136 0.020126 0.014492 0.008817 0.004575 0.002575 0.003396 0.008652 0.022479 0.060239 0.171302 0.428194 0.835124 1.274681 1.613620 1.807803 1.843342 1.673604 1.307877 0.881121 0.541072 0.323645 0.188912 0.104387 0.056841 0.035199 0.027943 0.026067 
0.025102 0.022131 0.017309 0.011655 0.006696 0.003575 0.002985 0.006024 0.015565 0.041359 0.115770 0.299748 0.631659 1.054902 1.444151 1.710712 1.825572 1.758473 1.490741 1.094499 0.711097 0.432359 0.256279 0.146649 0.080614 0.046020 0.031571 0.027005 
0.026053 0.023617 0.019720 0.014482 0.009175 0.005136 0.003280 0.004505 0.010794 0.028462 0.078565 0.207759 0.465703 0.843280 1.249526 1.577431 1.768142 1.792023 1.624607 1.292620 0.902798 0.571728 0.344319 0.201464 0.113632 0.063317 0.038795 0.029288 
0.027671 0.024835 0.021668 0.017101 0.011829 0.007156 0.004208 0.003892 0.007650 0.019628 0.053513 0.143162 0.336731 0.654492 1.046403 1.413479 1.672787 1.780082 1.708315 1.458613 1.097709 0.737263 0.458023 0.272891 0.157548 0.088474 0.051056 0.034041 
0.030856 0.026253 0.023252 0.019385 0.014465 0.009492 0.005682 0.004050 0.005771 0.013639 0.036571 0.098338 0.239946 0.495612 0.850448 1.229941 1.543133 1.726435 1.744199 1.583464 1.278161 0.917486 0.597643 0.365457 0.215219 0.123011 0.069765 0.042549 
0.036702 0.028554 0.024752 0.021318 0.016925 0.011978 0.007587 0.004866 0.004911 0.009705 0.025105 0.067454 0.169142 0.367779 0.673030 1.040194 1.386537 1.634784 1.735317 1.663831 1.430813 1.097824 0.757564 0.481550 0.290338 0.169115 0.096388 0.056157 
0.046430 0.032628 0.026653 0.023035 0.019122 0.014452 0.009783 0.006226 0.004888 0.007308 0.017405 0.046280 0.118298 0.268460 0.520404 0.856612 1.213366 1.510660 1.685050 1.699574 1.547322 1.264318 0.927694 0.619557 0.385944 0.229727 0.132752 0.076273 
0.061351 0.039529 0.029641 0.024844 0.021078 0.016787 0.012117 0.008005 0.005557 0.006098 0.012356 0.031842 0.082289 0.193379 0.394432 0.688508 1.034989 1.362013 1.597855 1.692312 1.623448 1.405820 1.096006 0.773626 0.502751 0.307835 0.181239 0.104512 
0.082932 0.050440 0.034585 0.027243 0.022961 0.018932 0.014452 0.010061 0.006781 0.005828 0.009227 0.022099 0.057065 0.137834 0.293906 0.541470 0.861748 1.198501 1.479934 1.645084 1.657880 1.514634 1.250913 0.934816 0.638188 0.405293 0.244537 0.142876 
0.112904 0.066686 0.042513 0.030914 0.025102 0.020947 0.016692 0.012256 0.008421 0.006304 0.007527 0.015663 0.039582 0.097450 0.215870 0.417688 0.701609 1.030125 1.339217 1.562509 1.651482 1.586257 1.382774 1.092864 0.786502 0.521741 0.324915 0.193706 
0.153305 0.089795 0.054599 0.036713 0.028008 0.023024 0.018820 0.014474 0.010339 0.007363 0.006916 0.011595 0.027623 0.068516 0.156660 0.316779 0.559649 0.865867 1.184671 1.450863 1.606995 1.618869 1.484515 1.237819 0.939683 0.654121 0.423328 0.259311 
0.206308 0.121550 0.072197 0.045656 0.032360 0.025516 0.020922 0.016647 0.012406 0.008851 0.007139 0.009256 0.019609 0.048069 0.112588 0.236719 0.438214 0.712758 1.025269 1.317767 1.528929 1.612932 1.551692 1.361167 1.088751 0.796902 0.538725 0.341319 
0.273814 0.163929 0.096873 0.058927 0.039008 0.028938 0.023219 0.018784 0.014527 0.010629 0.007995 0.008197 0.014432 0.033839 0.080329 0.174654 0.337467 0.575486 0.869013 1.171518 1.423348 1.570931 1.582312 1.456430 1.224959 0.942827 0.667813 0.440022 
0.356918 0.218871 0.130401 0.077900 0.048967 0.033973 0.026079 0.021002 0.016656 0.012578 0.009312 0.008096 0.011315 0.024136 0.057084 0.127491 0.256060 0.456476 0.722250 1.020266 1.297433 1.497139 1.576622 1.519371 1.340694 1.083893 0.805320 0.553918 
0.455418 0.287895 0.174636 0.104151 0.063434 0.041470 0.030026 0.023540 0.018829 0.014617 0.010945 0.008704 0.009706 0.017725 0.040610 0.092288 0.191776 0.356268 0.589363 0.871258 1.158849 1.397286 1.536881 1.547996 1.430033 1.212294 0.944606 0.679619 
0.567518 0.371656 0.231265 0.139393 0.083792 0.052452 0.035748 0.026783 0.021184 0.016723 0.012781 0.009824 0.009205 0.013715 0.029168 0.066449 0.142032 0.274022 0.472816 0.730310 1.015054 1.278068 1.467083 1.542438 1.489015 1.321163 1.078450 0.812113 
0.689815 0.469587 0.301461 0.185329 0.111593 0.068122 0.044100 0.031266 0.023984 0.018954 0.014752 0.011302 0.009515 0.011460 0.021442 0.047808 0.104240 0.208027 0.373419 0.601563 0.872682 1.146561 1.372576 1.504761 1.515726 1.405089 1.199807 0.945281 
0.817548 0.579701 0.385524 0.243395 0.148461 0.089857 0.056111 0.037683 0.027625 0.021469 0.016853 0.013027 0.010409 0.010487 0.016451 0.034625 0.076024 0.156133 0.290723 0.487491 0.737122 1.009621 1.259568 1.438668 1.510244 1.460408 1.302448 1.072544 
0.945046 0.698625 0.482613 0.314460 0.195928 0.119159 0.072984 0.046897 0.032654 0.024547 0.019161 0.014940 0.011718 0.010448 0.013469 0.025538 0.055325 0.116079 0.223428 0.389107 0.612307 0.873372 1.134595 1.349118 1.474456 1.485326 1.381428 1.187496 
1.066271 0.821836 0.590619 0.398536 0.255194 0.157544 0.096072 0.059941 0.039775 0.028600 0.021854 0.017050 0.013329 0.011083 0.011959 0.019503 0.040431 0.085702 0.169753 0.306267 0.500707 0.742839 1.003983 1.241857 1.411787 1.479891 1.433377 1.284462 
1.175366 0.944053 0.706227 0.494577 0.326865 0.206369 0.126808 0.078006 0.049858 0.034188 0.025227 0.019452 0.015190 0.012206 0.011521 0.015731 0.029967 0.063066 0.127728 0.238010 0.403487 0.621773 0.873411 1.122920 1.326822 1.445839 1.456634 1.358919 
1.267143 1.059710 0.825140 0.600402 0.410721 0.266617 0.166588 0.102407 0.063932 0.042023 0.029707 0.022339 0.017321 0.013698 0.011863 0.013626 0.022849 0.046517 0.095397 0.182869 0.320749 0.512630 0.747592 0.998166 1.224871 1.386330 1.451236 1.407777 
