0.288262 0.389778 0.477034 0.590935 0.734653 0.879846 0.973844 0.969414 0.856833 0.673795 0.485183 0.347335 0.280922 0.267597 0.268336 0.249222 0.198998 0.130143 0.065869 0.023382 0.004749 0.000309 0.000307 0.004737 0.023320 0.065595 0.129071 0.195294 
0.241778 0.339020 0.433406 0.533984 0.662794 0.807250 0.926845 0.971629 0.913124 0.765314 0.579489 0.416259 0.314129 0.274259 0.267966 0.258779 0.224110 0.164571 0.098006 0.044625 0.014065 0.002529 0.000308 0.002522 0.014028 0.044457 0.097333 0.162182 
0.201980 0.290399 0.386213 0.483695 0.598389 0.735022 0.867048 0.949237 0.942376 0.839219 0.672402 0.497874 0.365194 0.294194 0.271113 0.263373 0.241444 0.194340 0.131288 0.071316 0.029345 0.008297 0.001418 0.001415 0.008275 0.029243 0.070895 0.129758 
0.165869 0.246190 0.338306 0.434954 0.541042 0.666705 0.801035 0.908142 0.945807 0.890798 0.755810 0.585138 0.431534 0.329694 0.282653 0.267243 0.252408 0.217892 0.162814 0.101302 0.050330 0.018821 0.004858 0.001416 0.004845 0.018759 0.050069 0.100326 
0.133098 0.206029 0.292248 0.386630 0.487998 0.603874 0.733870 0.854589 0.926975 0.918302 0.823304 0.670474 0.508336 0.380614 0.306174 0.274948 0.259826 0.235150 0.190353 0.132058 0.075816 0.034576 0.011839 0.003137 0.003131 0.011802 0.034414 0.075198 
0.104148 0.169563 0.249139 0.339439 0.437314 0.545936 0.668872 0.794229 0.890782 0.922638 0.870803 0.746889 0.589405 0.444475 0.343394 0.290561 0.267387 0.247488 0.212752 0.161206 0.103937 0.055196 0.023208 0.007488 0.003134 0.007466 0.023108 0.054806 
0.079477 0.136856 0.209351 0.294289 0.388377 0.491625 0.607404 0.731551 0.842505 0.906710 0.896721 0.808846 0.668147 0.516940 0.393934 0.316977 0.278974 0.257437 0.230120 0.186979 0.132571 0.079567 0.039202 0.015348 0.005311 0.005300 0.015287 0.038957 
0.059217 0.108166 0.173103 0.251820 0.341333 0.440001 0.549515 0.669477 0.787028 0.874608 0.901715 0.852783 0.738496 0.592543 0.455437 0.355456 0.297976 0.268206 0.243779 0.208549 0.159775 0.106069 0.059384 0.027275 0.010329 0.005306 0.010294 0.027122 
0.043169 0.083691 0.140635 0.212462 0.296576 0.390667 0.494758 0.609496 0.728253 0.830818 0.888162 0.877249 0.795640 0.665520 0.523990 0.405446 0.326716 0.283091 0.255992 0.226164 0.184162 0.132922 0.082727 0.043329 0.018802 0.007817 0.007800 0.018708 
0.030939 0.063430 0.112163 0.176548 0.254519 0.343622 0.442712 0.552127 0.668874 0.779535 0.859490 0.882705 0.836445 0.730580 0.594755 0.464718 0.366081 0.304903 0.269541 0.241078 0.205163 0.158542 0.107824 0.063028 0.031066 0.013310 0.007808 0.013254 
0.022096 0.047184 0.087797 0.144356 0.215534 0.299070 0.393167 0.497420 0.610501 0.724205 0.819512 0.871098 0.859575 0.783512 0.662668 0.529737 0.415400 0.335492 0.287222 0.255310 0.223121 0.181853 0.133183 0.085426 0.047047 0.022188 0.010559 0.010531 
0.016314 0.034640 0.067491 0.116076 0.179945 0.257302 0.346119 0.445293 0.553960 0.667353 0.771859 0.845305 0.865336 0.821544 0.723090 0.596202 0.472568 0.375446 0.311357 0.271266 0.239215 0.202487 0.157518 0.109305 0.066237 0.034617 0.016373 0.010545 
0.013429 0.025477 0.051065 0.091783 0.148010 0.218623 0.301710 0.395706 0.499627 0.610656 0.719606 0.808582 0.855321 0.843440 0.772317 0.659646 0.534385 0.424007 0.343402 0.291312 0.255241 0.220851 0.180002 0.133411 0.087771 0.050427 0.025495 0.013459 
0.013444 0.019453 0.038271 0.071424 0.119897 0.183317 0.260167 0.348708 0.447666 0.555142 0.665131 0.764094 0.831951 0.849380 0.807878 0.715981 0.597016 0.479196 0.383704 0.317357 0.273276 0.238046 0.200427 0.156707 0.110591 0.069099 0.037961 0.019477 
0.016461 0.016449 0.028862 0.054848 0.095661 0.151607 0.221742 0.304437 0.398187 0.501404 0.610136 0.714612 0.798023 0.840666 0.828629 0.761930 0.656499 0.538106 0.431450 0.350530 0.295316 0.255661 0.219236 0.178567 0.133649 0.089845 0.053530 0.028719 
0.022590 0.016455 0.022655 0.041855 0.075254 0.123634 0.186674 0.263090 0.351312 0.449796 0.555770 0.662374 0.756317 0.819344 0.834648 0.795280 0.709214 0.597302 0.484778 0.390990 0.322923 0.275489 0.237448 0.198901 0.156108 0.111747 0.071687 0.041125 
0.031857 0.019522 0.019555 0.032255 0.058555 0.099444 0.155154 0.224882 0.307201 0.400554 0.502783 0.609072 0.709346 0.787831 0.826996 0.814964 0.752247 0.653258 0.541040 0.437884 0.356957 0.299206 0.256469 0.218175 0.177505 0.133927 0.091717 0.056406 
0.044132 0.025690 0.019539 0.025905 0.045405 0.078999 0.127299 0.190018 0.266041 0.353877 0.451668 0.555928 0.659209 0.748588 0.807413 0.820980 0.783605 0.702753 0.597149 0.489462 0.397421 0.328081 0.277837 0.237322 0.197840 0.155716 0.112822 0.074062 
0.059097 0.034911 0.022614 0.022722 0.035655 0.062202 0.103149 0.158659 0.228030 0.309959 0.402773 0.503798 0.607568 0.703899 0.778001 0.814197 0.802293 0.743179 0.649951 0.543306 0.443441 0.362751 0.302959 0.257580 0.217581 0.176778 0.134269 0.093442 
0.076269 0.047004 0.028763 0.022668 0.029188 0.048929 0.082676 0.130904 0.193344 0.268995 0.356366 0.453285 0.555683 0.655733 0.740950 0.796099 0.808245 0.772736 0.696565 0.596628 0.493374 0.403096 0.332855 0.280269 0.237580 0.197179 0.155523 0.113855 
0.095062 0.061636 0.037883 0.025715 0.025928 0.039059 0.065802 0.106790 0.162124 0.231169 0.312680 0.404826 0.504484 0.605708 0.698342 0.768524 0.802172 0.790490 0.734650 0.646597 0.545001 0.448235 0.367976 0.306562 0.258925 0.217380 0.176351 0.134689 
0.114876 0.078349 0.049760 0.031799 0.025822 0.032493 0.052430 0.086296 0.134457 0.196647 0.271925 0.358753 0.454655 0.555096 0.652025 0.733433 0.785348 0.796331 0.762570 0.690623 0.595799 0.496618 0.408105 0.337269 0.282744 0.238152 0.196866 0.155520 
0.135198 0.096613 0.064055 0.040779 0.028811 0.029158 0.042462 0.069363 0.110376 0.165552 0.234286 0.315339 0.406704 0.504876 0.603561 0.692729 0.759390 0.790839 0.779451 0.726597 0.643211 0.546208 0.452362 0.372687 0.310006 0.260448 0.217509 0.176193 
0.155696 0.115905 0.080334 0.052417 0.034795 0.028984 0.035810 0.055912 0.089870 0.137964 0.199919 0.274812 0.361022 0.455790 0.554218 0.648145 0.726060 0.775115 0.785145 0.753024 0.684904 0.594710 0.499285 0.412524 0.341347 0.285227 0.238978 0.196851 
0.176273 0.135800 0.098120 0.066375 0.043606 0.031890 0.032397 0.045861 0.072891 0.113917 0.168941 0.237366 0.317917 0.408406 0.505004 0.601181 0.687102 0.750587 0.780130 0.769084 0.718964 0.639807 0.546997 0.455905 0.376936 0.313287 0.262103 0.217915 
0.197094 0.156037 0.116960 0.082247 0.054991 0.037748 0.032143 0.039129 0.059376 0.093404 0.141429 0.203153 0.277641 0.363161 0.456705 0.553093 0.644142 0.718845 0.765359 0.774607 0.744024 0.679385 0.593402 0.501451 0.416420 0.345111 0.287695 0.240009 
0.218551 0.176565 0.136498 0.099604 0.068619 0.046369 0.034945 0.035636 0.049253 0.076390 0.117417 0.172291 0.240397 0.320401 0.409933 0.504899 0.598617 0.681493 0.742102 0.769983 0.759316 0.711705 0.636394 0.547427 0.458936 0.380766 0.316403 0.263852 
0.241202 0.197558 0.156532 0.118051 0.084111 0.057494 0.040657 0.035291 0.042444 0.062821 0.096903 0.144854 0.206344 0.280399 0.365167 0.457416 0.551758 0.640055 0.711798 0.756042 0.764649 0.735510 0.674049 0.591910 0.503181 0.419851 0.348584 0.290127 
