0.781188 0.951772 0.951984 0.782247 0.519988 0.273673 0.123688 0.091249 0.153077 0.282966 0.480809 0.762338 1.118905 1.485392 1.750283 1.808237 1.620769 1.243039 0.798025 0.414230 0.165582 0.049354 0.012520 0.004930 0.020018 0.093553 0.262441 0.516297 
0.648742 0.866480 0.951878 0.867116 0.651118 0.396831 0.198680 0.107468 0.122163 0.218021 0.381888 0.621574 0.940621 1.302149 1.617838 1.779260 1.714503 1.431904 1.020532 0.606127 0.289906 0.107468 0.030937 0.008725 0.012474 0.056786 0.177997 0.389369 
0.519055 0.757611 0.909179 0.909497 0.759117 0.523974 0.297756 0.153074 0.114815 0.170092 0.299955 0.501731 0.781098 1.121385 1.459993 1.698549 1.746881 1.573203 1.226218 0.813330 0.448017 0.198687 0.069203 0.019831 0.010599 0.034630 0.117391 0.283683 
0.401369 0.638333 0.833395 0.909338 0.834307 0.641546 0.410865 0.225415 0.133945 0.142454 0.235023 0.400843 0.641414 0.951241 1.290689 1.579271 1.722715 1.660042 1.399711 1.019774 0.630673 0.323352 0.133945 0.044517 0.015215 0.022615 0.076011 0.200537 
0.300953 0.519851 0.735864 0.871367 0.871823 0.737926 0.526205 0.318140 0.179680 0.138199 0.188739 0.317933 0.521128 0.796328 1.120965 1.434980 1.650993 1.691379 1.529876 1.209742 0.825223 0.477012 0.228648 0.089231 0.029866 0.018915 0.049313 0.138274 
0.219613 0.410402 0.627858 0.803615 0.871595 0.804874 0.632066 0.422173 0.248910 0.158940 0.163469 0.253336 0.419531 0.658728 0.958647 1.277973 1.542987 1.671186 1.610628 1.369809 1.017483 0.651118 0.352830 0.158940 0.059548 0.024390 0.034114 0.093793 
0.156703 0.315008 0.519130 0.715736 0.837605 0.838234 0.718470 0.527119 0.335541 0.203925 0.161204 0.208402 0.336433 0.539129 0.808687 1.118310 1.410480 1.607086 1.640907 1.490218 1.193646 0.834300 0.501974 0.255885 0.109244 0.041969 0.029252 0.063953 
0.110328 0.235856 0.417069 0.617433 0.776671 0.837920 0.778352 0.622795 0.431330 0.269733 0.182565 0.184803 0.272418 0.437781 0.673908 0.963498 1.264395 1.508783 1.623996 1.565563 1.341932 1.013973 0.668137 0.378930 0.182565 0.075607 0.035611 0.046603 
0.078466 0.173092 0.326462 0.517251 0.697052 0.807295 0.808136 0.700573 0.527062 0.350532 0.226149 0.183684 0.228611 0.355100 0.555845 0.818703 1.113947 1.386589 1.566390 1.594780 1.453747 1.177953 0.841055 0.523533 0.280747 0.129086 0.055609 0.041107 
0.059786 0.125779 0.249777 0.421857 0.607151 0.752174 0.807716 0.754355 0.613818 0.438797 0.288340 0.204916 0.206147 0.291855 0.455472 0.687274 0.966325 1.250268 1.476489 1.580585 1.524263 1.315850 1.009504 0.682294 0.402140 0.204916 0.092347 0.048358 
0.054072 0.092782 0.187778 0.335817 0.514504 0.679663 0.779945 0.781035 0.684086 0.526307 0.363569 0.246628 0.205532 0.249001 0.373664 0.571373 0.826800 1.108296 1.363378 1.528537 1.552424 1.420057 1.162677 0.845899 0.542217 0.303528 0.148632 0.070352 
0.062212 0.073427 0.140280 0.261797 0.425160 0.597083 0.729804 0.780490 0.732561 0.605197 0.444938 0.305098 0.226080 0.227266 0.311332 0.472518 0.699086 0.967548 1.235837 1.445958 1.540480 1.486240 1.291367 1.004288 0.694058 0.422873 0.226080 0.109492 
0.085852 0.067820 0.106854 0.201039 0.343479 0.511122 0.663443 0.755147 0.756525 0.668879 0.525067 0.375018 0.265589 0.226673 0.269299 0.391925 0.585802 0.833317 1.101693 1.340898 1.493219 1.513360 1.388804 1.147827 0.849173 0.558465 0.324476 0.167786 
0.126819 0.076836 0.087337 0.153946 0.272259 0.427300 0.587283 0.709295 0.755836 0.712702 0.596973 0.450043 0.320304 0.246131 0.247986 0.330612 0.488864 0.709560 0.967505 1.221295 1.417058 1.503290 1.451082 1.268316 0.998500 0.703819 0.441471 0.246131 
0.186475 0.101828 0.082086 0.120642 0.213103 0.349780 0.507292 0.648289 0.732566 0.734269 0.654838 0.523508 0.385173 0.283217 0.247059 0.289299 0.409738 0.599212 0.838532 1.094400 1.319177 1.460174 1.477186 1.359699 1.133408 0.851160 0.572645 0.343801 
0.265138 0.144151 0.091957 0.101364 0.166872 0.281441 0.428536 0.577790 0.690427 0.733417 0.694553 0.589173 0.454341 0.334195 0.265138 0.268179 0.349519 0.504475 0.718872 0.966466 1.206788 1.389675 1.468680 1.418442 1.246553 0.992284 0.711902 0.458223 
0.361681 0.204645 0.118054 0.096660 0.134118 0.224157 0.354988 0.503163 0.634109 0.711922 0.713985 0.641863 0.521757 0.394268 0.299667 0.266659 0.308849 0.426997 0.611674 0.842669 1.086627 1.298232 1.429178 1.443561 1.332498 1.119419 0.852093 0.585063 
0.473372 0.283163 0.161349 0.107357 0.115389 0.179137 0.289572 0.429076 0.568636 0.673015 0.712954 0.677924 0.581810 0.458012 0.346967 0.283163 0.287754 0.367923 0.519335 0.727171 0.964648 1.192430 1.363705 1.436369 1.388030 1.225958 0.985756 0.718578 
0.595975 0.378267 0.222256 0.134353 0.111373 0.147263 0.234355 0.359324 0.498856 0.620826 0.692985 0.695439 0.629867 0.519911 0.402490 0.315065 0.285458 0.327838 0.443629 0.623253 0.845910 1.078539 1.278067 1.400037 1.412199 1.306994 1.105857 0.852167 
0.724071 0.487121 0.300262 0.178305 0.122863 0.129318 0.190809 0.296839 0.429090 0.559841 0.656905 0.694212 0.662653 0.574889 0.461201 0.358777 0.300262 0.306648 0.385734 0.533441 0.734582 0.962224 1.178303 1.339052 1.406118 1.359597 1.206425 0.979012 
0.851541 0.605596 0.393691 0.239283 0.150584 0.126091 0.160064 0.243824 0.362965 0.494465 0.608373 0.675558 0.678432 0.618771 0.518045 0.409989 0.329520 0.303455 0.346191 0.459587 0.634011 0.848403 1.070264 1.258678 1.372585 1.382857 1.283011 1.092719 
0.972130 0.728569 0.499644 0.316487 0.194934 0.138337 0.143077 0.201944 0.303394 0.428715 0.551419 0.641966 0.676995 0.648602 0.568408 0.464017 0.369754 0.316487 0.324823 0.402889 0.546799 0.741207 0.959333 1.164471 1.315631 1.377721 1.332934 1.187865 
1.079997 0.850349 0.614106 0.408065 0.255710 0.166636 0.140707 0.172511 0.252669 0.366055 0.490067 0.596692 0.659481 0.662799 0.608505 0.516212 0.416886 0.343121 0.320655 0.363856 0.474844 0.644003 0.850270 1.061902 1.240051 1.346676 1.355328 1.260400 
1.170199 0.965173 0.732228 0.511086 0.331888 0.211173 0.153671 0.156609 0.212590 0.309362 0.428061 0.543380 0.628086 0.661140 0.635652 0.562359 0.466549 0.380003 0.331888 0.342256 0.419350 0.559424 0.747137 0.956086 1.150976 1.293364 1.351002 1.307864 
1.239031 1.067686 0.848701 0.621657 0.421487 0.271530 0.182422 0.155140 0.184599 0.260976 0.368711 0.485720 0.585733 0.644613 0.648396 0.599005 0.514454 0.423276 0.355946 0.337072 0.380803 0.489387 0.653280 0.851611 1.053531 1.222170 1.322183 1.329433 
1.284232 1.153359 0.958193 0.735179 0.521572 0.346509 0.226976 0.168781 0.169870 0.222788 0.314844 0.427216 0.535727 0.615173 0.646504 0.623700 0.556729 0.468865 0.389611 0.346509 0.358937 0.435095 0.571334 0.752446 0.952571 1.137851 1.272176 1.325808 
1.305020 1.218795 1.055776 0.846686 0.628375 0.434040 0.286742 0.197879 0.169325 0.196329 0.268816 0.371030 0.481471 0.575450 0.630839 0.635102 0.590215 0.512797 0.429238 0.368060 0.352723 0.397016 0.503214 0.661890 0.852509 1.045211 1.205014 1.298992 
1.302006 1.261908 1.137286 0.951231 0.737531 0.531208 0.360391 0.242311 0.183602 0.182827 0.232572 0.319923 0.426251 0.528461 0.603144 0.632971 0.612659 0.551506 0.471018 0.398649 0.360391 0.374870 0.450115 0.582552 0.757199 0.948860 1.125112 1.252003 
