0.803144 1.024013 1.103561 1.062916 0.978148 0.931437 0.949806 0.988054 1.470334 1.857752 1.688004 1.555143 1.544119 1.668135 1.353478 0.982119 0.963004 0.784879 0.517357 0.262653 0.093341 0.018958 0.001228 0.001226 0.018946 0.093279 0.262379 0.516285 
0.659714 0.913578 1.063787 1.083238 1.020532 0.954793 0.940621 0.968930 1.229194 1.664043 1.772878 1.621574 1.549631 1.606127 1.510807 1.167798 0.972562 0.873942 0.651118 0.390005 0.177997 0.056150 0.010093 0.001227 0.010086 0.056113 0.177829 0.389332 
0.524523 0.786646 0.988683 1.073513 1.051885 0.987662 0.947707 0.954776 1.099062 1.446618 1.718461 1.697226 1.585602 1.577879 1.558467 1.339303 1.070180 0.923252 0.762530 0.520561 0.284001 0.117073 0.033121 0.005660 0.005657 0.033099 0.116971 0.283580 
0.404052 0.655585 0.887665 1.031098 1.062699 1.019774 0.967685 0.951241 1.026919 1.272840 1.582540 1.707843 1.641414 1.581741 1.568173 1.448885 1.204741 0.996716 0.842891 0.641546 0.402281 0.200537 0.075097 0.019391 0.005658 0.019378 0.075035 0.200276 
0.302164 0.529818 0.771625 0.959381 1.046898 1.041236 0.993729 0.959463 0.989080 1.149879 1.427690 1.645191 1.674629 1.611577 1.574957 1.508529 1.326813 1.100729 0.919803 0.742218 0.521913 0.301409 0.137817 0.047244 0.012525 0.012518 0.047207 0.137655 
0.219909 0.415991 0.650721 0.865503 1.003140 1.044067 1.017483 0.976596 0.974272 1.069480 1.288785 1.536441 1.659910 1.643103 1.593267 1.541743 1.417671 1.213771 1.010266 0.831011 0.632066 0.411661 0.219613 0.092531 0.029884 0.012521 0.029862 0.092431 
0.156170 0.317950 0.533356 0.758112 0.934321 1.023604 1.030775 0.997039 0.975434 1.021876 1.179132 1.412613 1.598175 1.651507 1.618185 1.567505 1.479707 1.315721 1.112018 0.920638 0.731538 0.521864 0.315637 0.156072 0.061207 0.021203 0.021192 0.061147 
0.108658 0.237060 0.425653 0.645734 0.846217 0.978962 1.027189 1.013907 0.986237 0.998655 1.100504 1.295872 1.505394 1.624841 1.634846 1.592845 1.523606 1.397714 1.213870 1.016328 0.826088 0.626701 0.418750 0.235855 0.108640 0.041205 0.021197 0.041169 
0.074914 0.172859 0.331357 0.535694 0.745975 0.912590 1.003076 1.020548 1.000072 0.992446 1.049579 1.198188 1.400633 1.565117 1.629843 1.613845 1.558226 1.460660 1.305792 1.115099 0.921208 0.726395 0.522726 0.327302 0.172247 0.074922 0.031201 0.031183 
0.053049 0.123887 0.252108 0.433525 0.640835 0.829283 0.957833 1.011812 1.010310 0.996259 1.021012 1.123884 1.299411 1.482875 1.597480 1.621844 1.586035 1.509443 1.383226 1.210445 1.018154 0.823801 0.624560 0.425014 0.249775 0.123585 0.053062 0.031192 
0.042120 0.088468 0.187997 0.342817 0.537180 0.735059 0.893558 0.984822 1.011061 1.003284 1.008636 1.072448 1.211647 1.391143 1.540178 1.609662 1.603940 1.547739 1.446334 1.296836 1.114300 0.920978 0.724181 0.524787 0.337394 0.186680 0.088323 0.042127 
0.042124 0.065294 0.138232 0.265407 0.439998 0.636119 0.814308 0.939190 0.997942 1.007173 1.005960 1.040542 1.142048 1.301395 1.465660 1.574920 1.606801 1.575840 1.497037 1.371585 1.205568 1.017639 0.822579 0.624484 0.431091 0.262037 0.137502 0.065225 
0.053674 0.053709 0.101763 0.201820 0.352703 0.538059 0.725214 0.876749 0.968566 1.002557 1.006566 1.023251 1.091295 1.221721 1.383528 1.520290 1.590861 1.591320 1.536438 1.434311 1.288576 1.111603 0.920109 0.723532 0.527787 0.346564 0.199769 0.101363 
0.077519 0.053692 0.077736 0.151791 0.277261 0.445381 0.631636 0.800981 0.922657 0.985562 1.004562 1.014909 1.057273 1.156508 1.302625 1.451909 1.555575 1.591091 1.563879 1.485374 1.361444 1.200090 1.015856 0.821820 0.625659 0.437176 0.273167 0.150566 
0.114043 0.065605 0.065714 0.114764 0.214526 0.361321 0.538508 0.716309 0.861819 0.954110 0.995062 1.009735 1.036091 1.106890 1.229566 1.377267 1.503742 1.573333 1.577485 1.524627 1.423409 1.280767 1.107973 0.918838 0.723740 0.531418 0.355171 0.211866 
0.162955 0.089824 0.065660 0.090239 0.164645 0.287924 0.449915 0.627409 0.789064 0.907964 0.974586 1.002398 1.022913 1.071491 1.168228 1.303417 1.440505 1.538538 1.575409 1.551056 1.474018 1.352088 1.194370 1.013405 0.821289 0.627579 0.443294 0.283519 
0.223237 0.126389 0.077742 0.077949 0.127442 0.226284 0.368919 0.538662 0.708236 0.848514 0.941275 0.988492 1.012656 1.047202 1.119859 1.235822 1.371961 1.489521 1.556973 1.563232 1.512537 1.413053 1.273229 1.103888 0.917347 0.724434 0.535437 0.363407 
0.293322 0.174813 0.102065 0.077845 0.102696 0.176863 0.297602 0.453790 0.623449 0.778375 0.894895 0.964884 1.000574 1.029929 1.083531 1.177841 1.303891 1.430741 1.523247 1.560103 1.537885 1.462795 1.343141 1.188558 1.010617 0.820891 0.629935 0.449422 
0.371372 0.234067 0.138439 0.089955 0.090270 0.139779 0.237232 0.375696 0.538620 0.700912 0.836635 0.929889 0.982729 1.015251 1.056730 1.130686 1.240866 1.367316 1.476994 1.541675 1.548994 1.500340 1.402968 1.265850 1.099588 0.915754 0.725413 0.539678 
0.455525 0.302719 0.186253 0.114197 0.090113 0.115025 0.188506 0.306464 0.457158 0.619766 0.768774 0.883262 0.956309 0.998990 1.035991 1.093708 1.185776 1.304091 1.422155 1.509334 1.545334 1.524667 1.451654 1.334409 1.182719 1.007671 0.820583 0.632546 
0.544035 0.379122 0.244486 0.150225 0.102155 0.102569 0.151765 0.247485 0.381811 0.538462 0.694270 0.826018 0.919785 0.977649 1.017490 1.064849 1.139742 1.244934 1.363123 1.465745 1.527334 1.535001 1.488160 1.393031 1.258564 1.095195 0.914127 0.726565 
0.635300 0.461579 0.311804 0.197356 0.126190 0.102362 0.127167 0.199625 0.314648 0.460136 0.616366 0.760144 0.872902 0.948717 0.997570 1.041170 1.102296 1.192338 1.304028 1.414434 1.496540 1.531168 1.511580 1.440596 1.325797 1.176879 1.004661 0.820346 
0.727823 0.548439 0.386692 0.254580 0.161773 0.114276 0.114765 0.163396 0.257137 0.387392 0.538251 0.688255 0.816523 0.910810 0.973144 1.019370 1.071733 1.147317 1.248183 1.359231 1.455487 1.513854 1.521374 1.476088 1.383197 1.251338 1.090770 0.912503 
0.820163 0.638131 0.467565 0.320636 0.208177 0.138025 0.114520 0.139080 0.210266 0.322264 0.462822 0.613253 0.752389 0.863666 0.941977 0.996257 1.045551 1.109525 1.197750 1.303707 1.407359 1.484670 1.517614 1.498731 1.429642 1.317267 1.171054 1.001637 
0.910900 0.729147 0.552848 0.394101 0.264406 0.173101 0.126272 0.126800 0.174673 0.266265 0.392543 0.538037 0.682821 0.808027 0.902821 0.969117 1.020904 1.077538 1.153637 1.250728 1.355533 1.446015 1.501142 1.508172 1.464187 1.373455 1.244161 1.086345 
0.998623 0.820024 0.640998 0.473474 0.329253 0.218753 0.149687 0.126536 0.150737 0.220469 0.329404 0.465290 0.610429 0.745424 0.855424 0.935969 0.995010 1.049221 1.115588 1.202183 1.303131 1.400774 1.473578 1.504657 1.486180 1.418821 1.308808 1.165253 
1.081938 0.909323 0.730511 0.557236 0.401364 0.274003 0.184220 0.138111 0.138637 0.185603 0.274937 0.397347 0.537860 0.677927 0.800424 0.895697 0.965490 1.022116 1.082404 1.158885 1.252657 1.351952 1.437176 1.489118 1.495418 1.452500 1.363814 1.237031 
1.159484 0.995631 0.819917 0.643873 0.479300 0.337684 0.229112 0.161166 0.138374 0.162120 0.230270 0.336142 0.467603 0.607893 0.739175 0.848060 0.930593 0.993803 1.052260 1.120645 1.205771 1.302305 1.394564 1.463147 1.492268 1.473959 1.408157 1.300422 
