0.000027 0.000027 0.000296 0.001426 0.004312 0.010078 0.020938 0.042158 0.584052 1.161495 1.288114 1.465103 1.670210 1.856760 1.469123 0.969123 0.856760 0.670210 0.465103 0.288114 0.161495 0.084052 0.042158 0.020938 0.010078 0.004312 0.001426 0.000296 
0.000162 0.000027 0.000162 0.000861 0.002869 0.007195 0.015508 0.031548 0.313105 0.872774 1.224805 1.376608 1.567656 1.763485 1.662942 1.219123 0.912942 0.763485 0.567656 0.376608 0.224805 0.122774 0.063105 0.031548 0.015508 0.007195 0.002869 0.000861 
0.000511 0.000094 0.000094 0.000511 0.001865 0.005032 0.011351 0.023528 0.172327 0.592939 1.048789 1.300707 1.472132 1.665571 1.713213 1.441032 1.066032 0.838213 0.665571 0.472132 0.300707 0.173789 0.092939 0.047327 0.023528 0.011351 0.005032 0.001865 
0.001188 0.000303 0.000094 0.000303 0.001188 0.003448 0.008191 0.017440 0.097927 0.382633 0.820864 1.174748 1.386419 1.568852 1.689392 1.577123 1.253532 0.952123 0.751892 0.568852 0.386419 0.237248 0.133364 0.070133 0.035427 0.017440 0.008191 0.003448 
0.002318 0.000745 0.000199 0.000199 0.000745 0.002318 0.005820 0.012816 0.057684 0.240280 0.601749 0.997806 1.280584 1.477636 1.629122 1.633257 1.415328 1.102828 0.852007 0.660372 0.477636 0.311834 0.185306 0.101749 0.052780 0.026434 0.012816 0.005820 
0.004069 0.001532 0.000472 0.000199 0.000472 0.001532 0.004069 0.009318 0.035250 0.148982 0.421014 0.799777 1.139195 1.379110 1.553379 1.631190 1.524293 1.259078 0.977418 0.756190 0.569004 0.394735 0.248570 0.143527 0.077264 0.039607 0.019625 0.009318 
0.006693 0.002800 0.001002 0.000335 0.000335 0.001002 0.002800 0.006693 0.022284 0.092116 0.284998 0.610396 0.969486 1.259152 1.466244 1.592284 1.577741 1.391685 1.118248 0.866804 0.662597 0.481869 0.321652 0.196049 0.110396 0.058436 0.029616 0.014471 
0.010582 0.004747 0.001901 0.000669 0.000335 0.000669 0.001901 0.004747 0.014488 0.057200 0.188557 0.447697 0.789941 1.114319 1.362698 1.529264 1.585013 1.484713 1.254966 0.992526 0.764700 0.572233 0.401761 0.258850 0.153222 0.084416 0.044026 0.022043 
0.016313 0.007664 0.003324 0.001285 0.000502 0.000502 0.001285 0.003324 0.009618 0.035844 0.122878 0.318127 0.618819 0.952130 1.238509 1.445981 1.557138 1.534863 1.369840 1.123746 0.878613 0.668467 0.486997 0.330306 0.206036 0.118819 0.064221 0.033035 
0.024674 0.011989 0.005494 0.002304 0.000893 0.000502 0.000893 0.002304 0.006471 0.022731 0.079361 0.220503 0.468473 0.785475 1.095319 1.342245 1.501560 1.546001 1.452351 1.246793 1.001179 0.773540 0.577732 0.408651 0.268171 0.162428 0.091520 0.048628 
0.036651 0.018331 0.008741 0.003899 0.001599 0.000698 0.000698 0.001599 0.004388 0.014601 0.051046 0.149932 0.344488 0.626974 0.940397 1.218782 1.421902 1.523780 1.499176 1.349572 1.123986 0.887360 0.675636 0.493191 0.338411 0.215299 0.126974 0.070074 
0.053362 0.027491 0.013536 0.006320 0.002749 0.001148 0.000698 0.001148 0.002993 0.009494 0.032823 0.100489 0.247210 0.485731 0.783685 1.079590 1.320342 1.472841 1.511478 1.424374 1.236779 1.005673 0.781498 0.584414 0.415801 0.276855 0.171137 0.098524 
0.075943 0.040427 0.020514 0.009928 0.004535 0.001949 0.000923 0.000923 0.002071 0.006244 0.021159 0.066656 0.173849 0.366470 0.634708 0.931637 1.199966 1.396592 1.492160 1.467926 1.330577 1.121226 0.893585 0.682956 0.500107 0.346328 0.223996 0.134830 
0.105387 0.058185 0.030470 0.015221 0.007232 0.003242 0.001436 0.000923 0.001497 0.004157 0.013701 0.043907 0.120253 0.270160 0.500589 0.783173 1.065802 1.298279 1.444376 1.480043 1.399251 1.225901 1.007406 0.788270 0.591532 0.423218 0.285162 0.179413 
0.142400 0.081786 0.044327 0.022846 0.011226 0.005237 0.002339 0.001179 0.001210 0.002827 0.008929 0.028804 0.082080 0.195206 0.385375 0.641881 0.924487 1.182040 1.371327 1.462209 1.439647 1.312576 1.116653 0.897838 0.689901 0.507375 0.354190 0.232288 
0.187344 0.112093 0.063057 0.033586 0.017036 0.008231 0.003788 0.001759 0.001195 0.002018 0.005878 0.018867 0.055442 0.138643 0.290290 0.513628 0.783184 1.053264 1.276684 1.416768 1.450928 1.376112 1.214615 1.007246 0.793869 0.598638 0.430782 0.293239 
0.240291 0.149718 0.087575 0.048321 0.025311 0.012634 0.006010 0.002773 0.001477 0.001607 0.003948 0.012372 0.037155 0.097043 0.214467 0.401959 0.648406 0.918224 1.164974 1.346726 1.433848 1.413520 1.295363 1.110930 0.900558 0.696254 0.514710 0.362011 
0.301151 0.195005 0.118646 0.067948 0.036816 0.018972 0.009322 0.004391 0.002125 0.001542 0.002777 0.008160 0.024763 0.067099 0.155755 0.308213 0.525183 0.783315 1.041599 1.255850 1.390287 1.423684 1.354442 1.203147 1.005744 0.798406 0.605482 0.438360 
0.369756 0.248078 0.156826 0.093297 0.052382 0.027894 0.014147 0.006857 0.003258 0.001833 0.002160 0.005469 0.016462 0.045931 0.111427 0.231984 0.416698 0.654249 0.912457 1.148724 1.323069 1.406986 1.389063 1.278794 1.104445 0.902075 0.701944 0.521921 
0.445838 0.308917 0.202452 0.125061 0.072840 0.040138 0.021021 0.010502 0.005057 0.002546 0.001996 0.003814 0.010965 0.031196 0.078679 0.171705 0.324341 0.535473 0.783353 1.030591 1.235896 1.365027 1.398024 1.333929 1.191620 1.003260 0.802009 0.611932 
0.528885 0.377377 0.255684 0.163757 0.098951 0.056489 0.030579 0.015761 0.007780 0.003802 0.002271 0.002905 0.007390 0.021081 0.054938 0.125192 0.248023 0.429907 0.659413 0.906972 1.133244 1.300462 1.381526 1.365976 1.262774 1.097440 0.902635 0.706971 
0.617928 0.453131 0.316531 0.209720 0.131354 0.077720 0.043534 0.023170 0.011770 0.005791 0.003036 0.002588 0.005148 0.014235 0.038009 0.090065 0.186608 0.338965 0.544660 0.783192 1.020108 1.216853 1.340994 1.373751 1.314375 1.180107 1.000037 0.804803 
0.711365 0.535530 0.384831 0.263126 0.170537 0.104537 0.060627 0.033352 0.017470 0.008780 0.004413 0.002812 0.003868 0.009691 0.026122 0.064037 0.138336 0.262786 0.441813 0.663926 0.901650 1.118480 1.278923 1.357372 1.344063 1.247241 1.090072 0.902420 
0.806893 0.623448 0.460180 0.323978 0.216831 0.137537 0.082582 0.046990 0.025411 0.013125 0.006597 0.003613 0.003340 0.006780 0.017907 0.045080 0.101187 0.200561 0.352299 0.552869 0.782788 1.010065 1.198702 1.318148 1.350718 1.295652 1.168657 0.996246 
0.901569 0.715170 0.541814 0.392079 0.270405 0.177184 0.110059 0.064786 0.036200 0.019268 0.009861 0.005105 0.003477 0.005060 0.012343 0.031493 0.073133 0.150874 0.276430 0.452584 0.667829 0.896427 1.104383 1.258425 1.334433 1.323185 1.232154 1.082451 
0.992010 0.808370 0.628492 0.466947 0.331242 0.223794 0.143622 0.087423 0.050493 0.027734 0.014565 0.007483 0.004291 0.004268 0.008702 0.021918 0.052313 0.112004 0.213652 0.364507 0.560207 0.782128 1.000405 1.181404 1.296429 1.328809 1.277670 1.157303 
1.074657 0.900190 0.718431 0.547719 0.399094 0.277518 0.183708 0.115522 0.068958 0.039114 0.021150 0.011024 0.005887 0.004279 0.006485 0.015310 0.037116 0.082158 0.162828 0.289080 0.462357 0.671167 0.891266 1.090905 1.238916 1.312619 1.303239 1.217486 
1.146071 0.987423 0.809311 0.633075 0.473407 0.338306 0.230613 0.149615 0.092240 0.054036 0.030132 0.016087 0.008455 0.005083 0.005382 0.010897 0.026213 0.059637 0.122493 0.225954 0.375718 0.566762 0.781217 0.991085 1.164910 1.275768 1.307929 1.260363 
