0.048875 0.032542 0.017471 0.009534 0.012478 0.030485 0.072380 0.153035 0.287570 0.478262 1.201326 1.905350 2.028590 2.028590 1.905350 1.701326 0.978262 0.287570 0.153035 0.072380 0.030485 0.012478 0.009534 0.017471 0.032542 0.048885 0.059494 0.059484 
0.054180 0.040708 0.025006 0.013502 0.011006 0.021482 0.051432 0.112707 0.220303 0.382916 0.839794 1.553338 1.966970 2.028590 1.966970 1.803338 1.339794 0.632916 0.220303 0.112707 0.051432 0.021482 0.011006 0.013502 0.025006 0.040713 0.054190 0.059489 
0.056834 0.047444 0.032857 0.019254 0.012254 0.016244 0.036457 0.082070 0.166505 0.301609 0.611355 1.196566 1.760154 1.997780 1.997780 1.885154 1.571566 0.986355 0.426609 0.166505 0.082070 0.036457 0.016244 0.012254 0.019254 0.032860 0.047452 0.056839 
0.056837 0.052139 0.040151 0.026056 0.015754 0.014249 0.026350 0.059263 0.124287 0.234057 0.456482 0.903961 1.478360 1.878967 1.997780 1.941467 1.728360 1.278961 0.706482 0.296557 0.124287 0.059263 0.026350 0.014249 0.015754 0.026057 0.040156 0.052146 
0.054491 0.054488 0.046145 0.033103 0.020905 0.015002 0.020300 0.042807 0.091775 0.179172 0.345270 0.680222 1.191160 1.678663 1.938373 1.969623 1.834913 1.503660 0.992722 0.501520 0.210422 0.091775 0.042807 0.020300 0.015002 0.020906 0.033106 0.046151 
0.050321 0.054490 0.050316 0.039624 0.027004 0.017953 0.017651 0.031553 0.067291 0.135474 0.262221 0.512746 0.935691 1.434912 1.808518 1.953998 1.902268 1.669287 1.248191 0.747121 0.355971 0.151099 0.067291 0.031553 0.017651 0.017954 0.027006 0.039629 
0.044975 0.052405 0.052403 0.044970 0.033314 0.022479 0.017802 0.024602 0.049422 0.101382 0.198847 0.387483 0.724218 1.185301 1.621715 1.881258 1.928133 1.785778 1.458739 0.997656 0.551546 0.253535 0.109195 0.049422 0.024602 0.017802 0.022480 0.033317 
0.039146 0.048690 0.052404 0.048687 0.039142 0.027896 0.020140 0.021202 0.037012 0.075402 0.150115 0.293165 0.555851 0.954760 1.403508 1.751487 1.904696 1.856955 1.622258 1.228197 0.774601 0.402540 0.181365 0.079309 0.037012 0.021202 0.020141 0.027899 
0.033522 0.043918 0.050547 0.050545 0.043914 0.033519 0.024018 0.020671 0.029107 0.056207 0.112759 0.221640 0.424508 0.755305 1.179134 1.577498 1.828091 1.880826 1.739607 1.425228 1.001399 0.588571 0.291953 0.130337 0.058160 0.029107 0.020672 0.024020 
0.028771 0.038720 0.047233 0.050546 0.047230 0.038717 0.028769 0.022345 0.024889 0.042657 0.084483 0.167199 0.323074 0.589907 0.967220 1.378316 1.702794 1.854458 1.810216 1.582417 1.213313 0.794985 0.440262 0.211145 0.094249 0.043634 0.024889 0.022346 
0.025558 0.033746 0.042976 0.048889 0.048888 0.042973 0.033743 0.025557 0.023617 0.033773 0.063570 0.125841 0.245137 0.456490 0.778563 1.172768 1.540555 1.778626 1.832337 1.696317 1.397865 1.004149 0.617623 0.325703 0.152697 0.068941 0.034262 0.023618 
0.024588 0.029652 0.038361 0.045933 0.048889 0.045931 0.038358 0.029650 0.024587 0.028695 0.048672 0.094706 0.185489 0.350814 0.617527 0.975665 1.356661 1.659591 1.805482 1.764327 1.547091 1.201007 0.810886 0.471663 0.239200 0.110819 0.051601 0.028940 
0.026764 0.027120 0.034006 0.042147 0.047411 0.047410 0.042144 0.034004 0.027118 0.026641 0.038683 0.071689 0.140097 0.268151 0.484170 0.796596 1.166163 1.508126 1.732536 1.784905 1.655709 1.374049 1.005947 0.641275 0.355432 0.175009 0.081210 0.040270 
0.033517 0.026942 0.030563 0.038077 0.044779 0.047410 0.044777 0.038074 0.030561 0.026880 0.032662 0.055186 0.105893 0.204124 0.376161 0.640383 0.981380 1.337145 1.620331 1.758720 1.720307 1.514879 1.189998 0.823611 0.498353 0.265220 0.128110 0.060740 
0.047129 0.030229 0.028753 0.034320 0.041428 0.046095 0.046094 0.041426 0.034318 0.028720 0.029771 0.043924 0.080539 0.155009 0.290143 0.508272 0.810881 1.159262 1.478738 1.689526 1.739514 1.617593 1.352439 1.006804 0.660982 0.381787 0.196665 0.094425 
0.070777 0.038679 0.029491 0.031536 0.037874 0.043761 0.046094 0.043760 0.037872 0.031519 0.029246 0.036847 0.062232 0.117774 0.222576 0.399207 0.659577 0.985072 1.319000 1.584132 1.714520 1.678553 1.485016 1.179621 0.833893 0.521384 0.289226 0.145545 
0.108161 0.054728 0.034085 0.030514 0.034705 0.040818 0.044928 0.044927 0.040816 0.034695 0.030382 0.033047 0.049540 0.090003 0.170175 0.310891 0.529392 0.822324 1.152036 1.451566 1.649326 1.696537 1.581785 1.332319 1.006757 0.677639 0.405305 0.217386 
0.162773 0.081444 0.044406 0.032299 0.032609 0.037761 0.042873 0.044927 0.042871 0.037756 0.032539 0.031714 0.041293 0.069771 0.130089 0.240533 0.420142 0.675858 0.987180 1.301801 1.550446 1.672931 1.639161 1.457052 1.169538 0.842198 0.541472 0.311345 
0.237059 0.122109 0.062925 0.038353 0.032454 0.035185 0.040317 0.043900 0.043899 0.040313 0.035147 0.032127 0.036504 0.055532 0.099930 0.185311 0.330337 0.548000 0.831519 1.144491 1.426123 1.611689 1.656046 1.548106 1.313295 1.005868 0.691835 0.426409 
0.331734 0.179584 0.092517 0.050639 0.035404 0.033820 0.037751 0.042108 0.043900 0.042106 0.037730 0.033637 0.034315 0.046018 0.077731 0.142621 0.257824 0.439169 0.689760 0.988005 1.285307 1.518906 1.633867 1.602076 1.430700 1.159581 0.848851 0.559122 
0.445428 0.255659 0.136051 0.071578 0.043021 0.034612 0.035785 0.039930 0.043004 0.043003 0.039918 0.035684 0.033976 0.040167 0.061875 0.110176 0.200222 0.348496 0.564464 0.838882 1.136656 1.402107 1.576387 1.617972 1.516388 1.295141 1.004216 0.703987 
0.574707 0.350543 0.195855 0.103814 0.057300 0.038817 0.035199 0.037858 0.041467 0.043004 0.041461 0.037801 0.034830 0.037071 0.051021 0.086025 0.155199 0.274359 0.456480 0.701673 0.987769 1.269381 1.489247 1.597179 1.567180 1.405765 1.149679 0.854102 
0.714404 0.462625 0.273199 0.149835 0.080557 0.048058 0.037008 0.036528 0.039662 0.042235 0.042232 0.039631 0.036315 0.035951 0.044046 0.068523 0.120612 0.214779 0.365420 0.579077 0.844721 1.128575 1.379314 1.543213 1.582179 1.486472 1.277722 1.001890 
0.858147 0.588515 0.367912 0.211517 0.115196 0.064308 0.042533 0.036768 0.038095 0.040949 0.042234 0.040931 0.037973 0.036133 0.039998 0.056284 0.094567 0.167696 0.290100 0.472248 0.711899 0.986648 1.253945 1.461263 1.562696 1.534326 1.382097 1.139806 
0.998977 0.723331 0.478214 0.289715 0.163356 0.089752 0.053420 0.039650 0.037432 0.039522 0.041591 0.041583 0.039452 0.037053 0.038066 0.048141 0.075426 0.131132 0.228898 0.381174 0.592074 0.849274 1.120296 1.357604 1.511980 1.548511 1.458211 1.260951 
1.129964 0.861154 0.600772 0.383964 0.226535 0.126554 0.071586 0.046535 0.038541 0.038477 0.040557 0.041587 0.040517 0.038253 0.037559 0.043104 0.061784 0.103279 0.180015 0.305036 0.486624 0.720674 0.984785 1.238950 1.434792 1.530245 1.503361 1.359581 
1.244773 0.995559 0.730963 0.492368 0.305250 0.176545 0.099070 0.059061 0.042538 0.038509 0.039517 0.041072 0.041052 0.039385 0.037906 0.040331 0.052444 0.082531 0.141647 0.242525 0.395830 0.603649 0.852729 1.111868 1.336871 1.482519 1.516803 1.431471 
1.338122 1.120166 0.863261 0.611666 0.398809 0.240897 0.137807 0.079065 0.050799 0.040523 0.039013 0.040294 0.041062 0.040219 0.038646 0.039119 0.046388 0.067487 0.112089 0.192086 0.319177 0.499739 0.728189 0.982298 1.224369 1.409695 1.499661 1.474137 
