0.008138 0.006295 0.011820 0.530442 1.072337 1.152377 1.284331 1.469152 1.683400 1.378226 0.995544 0.995544 0.878226 0.683400 0.469152 0.284331 0.152377 0.072337 0.030442 0.011820 0.006295 0.008361 0.014615 0.021761 0.026449 0.026439 0.021700 0.014341 
0.011240 0.007216 0.009058 0.271131 0.801390 1.112357 1.218354 1.376742 1.576276 1.530813 1.186885 0.995544 0.936885 0.780813 0.576276 0.376742 0.218354 0.112357 0.051390 0.021131 0.009058 0.007328 0.011488 0.018188 0.024105 0.026444 0.024069 0.018020 
0.014630 0.009228 0.008137 0.140095 0.536261 0.956873 1.165356 1.297548 1.476509 1.553544 1.358849 1.091215 0.966215 0.858849 0.678544 0.476509 0.297548 0.165356 0.081873 0.036261 0.015095 0.008193 0.009408 0.014838 0.021147 0.025274 0.025256 0.021045 
0.017837 0.011929 0.008683 0.074116 0.338178 0.746567 1.061115 1.231452 1.387028 1.515026 1.456197 1.225032 1.028715 0.912532 0.768697 0.577526 0.387028 0.231452 0.123615 0.059067 0.025678 0.011644 0.008800 0.012123 0.017992 0.023210 0.025265 0.023151 
0.020494 0.014883 0.010306 0.041399 0.206147 0.542372 0.903841 1.146283 1.309240 1.451027 1.485612 1.340614 1.126873 0.970623 0.840614 0.673112 0.482277 0.309240 0.177533 0.091341 0.042372 0.018661 0.010222 0.010462 0.015058 0.020601 0.024238 0.024208 
0.022351 0.017689 0.012595 0.025852 0.123773 0.374259 0.723107 1.025062 1.227762 1.380134 1.468319 1.413113 1.233744 1.048748 0.905619 0.756863 0.577694 0.395759 0.243387 0.134437 0.066857 0.030516 0.014441 0.010342 0.012760 0.017829 0.022420 0.024223 
0.023287 0.020020 0.015142 0.019223 0.074813 0.249016 0.548683 0.874084 1.126412 1.303948 1.424227 1.440716 1.323428 1.141246 0.977183 0.831241 0.667279 0.486727 0.319573 0.188912 0.100647 0.048686 0.022479 0.012392 0.011551 0.015295 0.020125 0.023321 
0.023304 0.021653 0.017581 0.017183 0.047018 0.161914 0.398850 0.711384 1.000248 1.215180 1.364087 1.432471 1.382072 1.232337 1.059215 0.904212 0.749260 0.577003 0.403150 0.254242 0.144779 0.074667 0.035583 0.017435 0.011971 0.013423 0.017710 0.021723 
0.022513 0.022479 0.019617 0.017382 0.032100 0.104466 0.280382 0.555117 0.855816 1.107714 1.289633 1.398279 1.407272 1.307205 1.145776 0.981713 0.826736 0.663131 0.490076 0.328696 0.199511 0.109723 0.055125 0.026509 0.014703 0.012697 0.015566 0.019716 
0.021115 0.022496 0.021048 0.018499 0.024741 0.068283 0.192424 0.417749 0.705466 0.981765 1.198674 1.343956 1.402776 1.357238 1.226490 1.063745 0.904225 0.744934 0.576604 0.409386 0.264103 0.154617 0.082424 0.040817 0.020606 0.013700 0.014131 0.017641 
0.019378 0.021805 0.021772 0.019774 0.021620 0.046512 0.130354 0.305087 0.561608 0.843616 1.090219 1.271315 1.373366 1.380007 1.291864 1.145117 0.983985 0.824579 0.660769 0.492995 0.336745 0.209360 0.118520 0.061620 0.030711 0.017153 0.013916 0.015886 
0.017632 0.020592 0.021789 0.020773 0.020697 0.034066 0.088433 0.217720 0.433347 0.702612 0.966917 1.180767 1.322340 1.376686 1.335936 1.218491 1.064551 0.904282 0.742674 0.576882 0.414870 0.273052 0.163940 0.090070 0.046166 0.023932 0.015534 0.014901 
0.016267 0.019112 0.021190 0.021281 0.020735 0.027381 0.061250 0.153077 0.325534 0.567979 0.834765 1.073842 1.251554 1.349513 1.356311 1.277213 1.141521 0.984416 0.823478 0.659778 0.495876 0.343961 0.218496 0.127005 0.068118 0.035049 0.019733 0.015218 
0.015742 0.017689 0.020151 0.021235 0.021008 0.024058 0.044316 0.107163 0.239305 0.446757 0.701372 0.954303 1.162698 1.300534 1.352912 1.316762 1.209367 1.062969 0.903947 0.741628 0.577827 0.419918 0.281229 0.172751 0.097562 0.051584 0.027391 0.017475 
0.016609 0.016716 0.018920 0.020693 0.021122 0.022533 0.034187 0.075739 0.173234 0.343031 0.574064 0.827838 1.058501 1.231616 1.326723 1.334837 1.263065 1.136168 0.983458 0.822787 0.659727 0.498873 0.350574 0.226990 0.135156 0.074573 0.039487 0.022433 
0.019521 0.016662 0.017818 0.019807 0.020907 0.021827 0.028360 0.054963 0.124487 0.258132 0.458548 0.700951 0.943169 1.145058 1.279169 1.330780 1.298951 1.199616 1.059813 0.903123 0.741257 0.579300 0.424723 0.288782 0.181073 0.104864 0.057030 0.030960 
0.025241 0.018092 0.017240 0.018812 0.020357 0.021367 0.025094 0.041661 0.089725 0.191310 0.358340 0.579749 0.822060 1.044114 1.212114 1.304975 1.314865 1.249284 1.129715 0.981468 0.822190 0.660279 0.502011 0.356752 0.234927 0.142969 0.080947 0.043995 
0.034618 0.021666 0.017666 0.018026 0.019585 0.020862 0.023230 0.033378 0.065693 0.140517 0.274825 0.469045 0.700905 0.933087 1.128114 1.258544 1.309920 1.282074 1.189499 1.055591 0.901829 0.741234 0.581145 0.429382 0.295840 0.188948 0.111958 0.062471 
0.048545 0.028142 0.019666 0.017846 0.018805 0.020223 0.022046 0.028304 0.049535 0.103105 0.207671 0.371935 0.584975 0.816996 1.030600 1.193329 1.284232 1.295997 1.235787 1.122545 0.978710 0.821532 0.661190 0.505263 0.362611 0.242394 0.150453 0.087215 
0.067880 0.038343 0.023904 0.018756 0.018326 0.019514 0.021135 0.025175 0.038920 0.076320 0.155388 0.289803 0.478455 0.700985 0.923798 1.111965 1.238781 1.290115 1.265892 1.179166 1.050628 0.900121 0.741361 0.583227 0.433937 0.302502 0.196423 0.118834 
0.093357 0.053111 0.031124 0.021330 0.018541 0.018920 0.020325 0.023155 0.032047 0.057620 0.115854 0.222595 0.384129 0.589720 0.812392 1.017881 1.175373 1.264448 1.278003 1.222529 1.114897 0.975374 0.820741 0.662294 0.508582 0.368220 0.249463 0.157629 
0.125493 0.073234 0.042118 0.026227 0.019935 0.018731 0.019622 0.021740 0.027601 0.044834 0.086737 0.169225 0.303362 0.486924 0.701056 0.915137 1.096627 1.219910 1.271226 1.250266 1.168713 1.045135 0.898057 0.741517 0.585438 0.438401 0.308841 0.203546 
0.164519 0.099363 0.057676 0.034172 0.023081 0.019333 0.019176 0.020681 0.024671 0.036217 0.065785 0.127981 0.236293 0.395143 0.593990 0.808096 1.005882 1.158269 1.245568 1.260746 1.209490 1.106924 0.971596 0.819787 0.663477 0.511919 0.373621 0.256194 
0.210356 0.131941 0.078520 0.045924 0.028627 0.021207 0.019255 0.019929 0.022676 0.030444 0.051001 0.096883 0.182137 0.315718 0.494567 0.701043 0.906989 1.082075 1.201918 1.253157 1.235118 1.158207 1.039260 0.895692 0.741632 0.587698 0.442770 0.314907 
0.262632 0.171149 0.105230 0.062222 0.037275 0.024917 0.020231 0.019592 0.021302 0.026560 0.040723 0.073942 0.139510 0.248928 0.405143 0.597805 0.804016 0.994532 1.141997 1.227538 1.244137 1.196662 1.098734 0.967476 0.818662 0.664665 0.515234 0.378839 
0.320735 0.216890 0.138190 0.083726 0.049749 0.031096 0.022574 0.019911 0.020447 0.023931 0.033641 0.057333 0.106726 0.194219 0.327035 0.501474 0.700910 0.899274 1.068264 1.184767 1.235837 1.220400 1.147698 1.033105 0.893069 0.741664 0.589950 0.447037 
0.383886 0.268813 0.177540 0.110958 0.066737 0.040422 0.026835 0.021243 0.020179 0.022189 0.028786 0.045487 0.082029 0.150473 0.260627 0.414254 0.601192 0.800092 0.983769 1.126516 1.210302 1.228119 1.184049 1.090401 0.963087 0.817366 0.665807 0.518493 
0.451190 0.326349 0.223176 0.144249 0.088848 0.053580 0.033629 0.024039 0.020711 0.021184 0.025488 0.037137 0.063758 0.116251 0.205550 0.337441 0.507723 0.700642 0.891931 1.055142 1.168409 1.219210 1.206084 1.137225 1.026744 0.890227 0.741587 0.592150 
