0.004758 0.011681 0.030433 0.072328 0.152237 0.283644 0.467218 0.679595 0.872469 1.488530 1.988530 1.872469 1.679595 1.467218 1.283644 0.652237 0.072328 0.030433 0.011681 0.005607 0.006427 0.010810 0.016004 0.019435 0.019425 0.015943 0.010536 0.005355 
0.005056 0.008219 0.021057 0.051381 0.112283 0.217941 0.375431 0.573407 0.776032 1.180500 1.738530 1.930500 1.776032 1.573407 1.375431 0.967941 0.362283 0.051381 0.021057 0.008644 0.006017 0.008619 0.013407 0.017720 0.019430 0.017684 0.013240 0.007946 
0.006501 0.006638 0.014638 0.036219 0.081832 0.165112 0.296686 0.474419 0.674719 0.978266 1.459515 1.834515 1.853266 1.674719 1.474419 1.171686 0.665112 0.206832 0.036219 0.014851 0.007331 0.007318 0.011013 0.015563 0.018575 0.018557 0.015462 0.010593 
0.008547 0.006569 0.010638 0.025429 0.059025 0.123472 0.230899 0.385552 0.574569 0.826492 1.218890 1.647015 1.843890 1.763992 1.574569 1.323052 0.918399 0.435972 0.121525 0.025535 0.011091 0.007324 0.009165 0.013288 0.017069 0.018566 0.017009 0.013027 
0.010787 0.007558 0.008604 0.018033 0.042227 0.091249 0.177185 0.308226 0.480061 0.700531 1.022691 1.432953 1.745453 1.803941 1.669281 1.448811 1.120726 0.677185 0.278749 0.073530 0.018313 0.009207 0.008245 0.011227 0.015179 0.017817 0.017788 0.015018 
0.012903 0.009172 0.008081 0.013318 0.030130 0.066738 0.134217 0.242705 0.394143 0.590296 0.861611 1.227822 1.589203 1.774697 1.736611 1.559046 1.284768 0.898955 0.477967 0.176139 0.045921 0.013760 0.008726 0.009736 0.013203 0.016498 0.017802 0.016403 
0.014653 0.011038 0.008627 0.010700 0.021724 0.048434 0.100477 0.188461 0.318424 0.492219 0.725953 1.044717 1.408512 1.681950 1.755654 1.647828 1.421907 1.091862 0.688461 0.327053 0.111030 0.029841 0.011243 0.009231 0.011469 0.014850 0.017150 0.017103 
0.015878 0.012845 0.009832 0.009663 0.016212 0.035079 0.074456 0.144469 0.253443 0.405322 0.609086 0.885335 1.226614 1.545231 1.718802 1.701741 1.534868 1.256884 0.890161 0.507757 0.219042 0.070436 0.020542 0.010237 0.010350 0.013160 0.016000 0.017126 
0.016502 0.014361 0.011339 0.009748 0.012938 0.025646 0.054767 0.109462 0.198956 0.329382 0.507204 0.747211 1.055975 1.385923 1.632017 1.710272 1.618304 1.395876 1.073523 0.698959 0.363399 0.144739 0.045489 0.015390 0.010294 0.011755 0.014580 0.016563 
0.016533 0.015432 0.012850 0.010543 0.011343 0.019292 0.040206 0.082115 0.154209 0.264169 0.418293 0.627207 0.901593 1.220949 1.508970 1.671144 1.664288 1.507090 1.234699 0.886241 0.531179 0.254069 0.095114 0.030439 0.012842 0.011024 0.013168 0.015572 
0.016052 0.015982 0.014141 0.011697 0.010943 0.015317 0.029749 0.061161 0.118162 0.209189 0.341231 0.522750 0.764400 1.061271 1.364959 1.590057 1.667716 1.585689 1.370895 1.060470 0.708710 0.392624 0.174591 0.062776 0.021640 0.011933 0.012096 0.014370 
0.015211 0.016017 0.015062 0.012919 0.011320 0.013130 0.022533 0.045455 0.089661 0.163676 0.275210 0.431991 0.643575 0.912835 1.213115 1.477508 1.628886 1.626703 1.478292 1.215683 0.884590 0.550667 0.283608 0.118684 0.042208 0.016787 0.012014 0.013233 
0.014222 0.015614 0.015539 0.013990 0.012119 0.012225 0.017832 0.033994 0.067558 0.126668 0.219443 0.353600 0.537783 0.778205 1.062975 1.345312 1.553197 1.627795 1.552497 1.346987 1.050136 0.717629 0.417137 0.201146 0.080446 0.029498 0.014401 0.012624 
0.013423 0.014918 0.015577 0.014765 0.013055 0.012172 0.015028 0.025913 0.050776 0.097113 0.173056 0.286522 0.445692 0.657994 0.920590 1.204143 1.449254 1.590496 1.590146 1.449742 1.198562 0.883883 0.567383 0.309142 0.140796 0.054972 0.021949 0.013512 
0.013467 0.014170 0.015247 0.015171 0.013910 0.012613 0.013600 0.020470 0.038344 0.073945 0.135084 0.229789 0.366107 0.551843 0.789292 1.062367 1.326699 1.519875 1.590321 1.519944 1.324152 1.041222 0.725633 0.438262 0.224969 0.097884 0.038460 0.017731 
0.015599 0.013819 0.014709 0.015209 0.014540 0.013262 0.013107 0.017035 0.029407 0.056145 0.104515 0.182437 0.297948 0.458975 0.670568 0.925829 1.194533 1.423287 1.555098 1.555133 1.422048 1.182687 0.883428 0.581948 0.331616 0.161426 0.068172 0.028095 
0.021847 0.014709 0.014264 0.014959 0.014875 0.013901 0.013184 0.015071 0.023221 0.042776 0.080330 0.143476 0.240192 0.378461 0.564771 0.798199 1.060181 1.308910 1.489193 1.555115 1.488590 1.302368 1.033057 0.732688 0.456782 0.246521 0.114799 0.048134 
0.034991 0.018278 0.014486 0.014611 0.014917 0.014388 0.013543 0.014128 0.019146 0.032999 0.061553 0.111903 0.191834 0.309327 0.471616 0.681485 0.929190 1.184546 1.399051 1.522154 1.521853 1.395479 1.167712 0.882872 0.594735 0.351651 0.180660 0.081467 
0.058229 0.026634 0.016382 0.014549 0.014764 0.014652 0.013965 0.013835 0.016637 0.026072 0.047276 0.086728 0.151868 0.250580 0.390471 0.576551 0.805337 1.056868 1.291798 1.460603 1.522003 1.458666 1.281596 1.025292 0.738804 0.473193 0.266156 0.131063 
0.094646 0.042431 0.021508 0.015466 0.014656 0.014708 0.014309 0.013900 0.015236 0.021355 0.036674 0.067002 0.119298 0.201224 0.320526 0.483511 0.690944 0.931103 1.174333 1.376200 1.491303 1.490335 1.370131 1.153444 0.882048 0.605998 0.369674 0.198610 
0.146628 0.068539 0.031970 0.018487 0.015061 0.014682 0.014508 0.014104 0.014568 0.018295 0.029014 0.051838 0.093150 0.160261 0.260875 0.402018 0.587227 0.811023 1.052718 1.275267 1.433752 1.490819 1.430233 1.261787 1.017746 0.744023 0.487836 0.284142 
0.215385 0.107583 0.050254 0.025228 0.016774 0.014872 0.014595 0.014306 0.014336 0.016432 0.023655 0.040426 0.072494 0.126705 0.210568 0.331447 0.494623 0.699125 0.931871 1.163992 1.354509 1.462285 1.460526 1.346010 1.139767 0.880885 0.615930 0.385989 
0.300687 0.161484 0.078919 0.037741 0.021001 0.015823 0.014734 0.014451 0.014321 0.015384 0.020043 0.032040 0.056460 0.099600 0.168637 0.271007 0.413035 0.596874 0.815498 1.047931 1.259251 1.408397 1.461405 1.403268 1.242888 1.010326 0.748407 0.500959 
0.400823 0.231085 0.120201 0.058330 0.029371 0.018412 0.015278 0.014592 0.014386 0.014853 0.017714 0.026042 0.044250 0.078030 0.134118 0.219822 0.342021 0.504954 0.706186 0.931715 1.153591 1.333824 1.434901 1.432337 1.323078 1.126607 0.879366 0.624683 
0.512753 0.315954 0.175643 0.089266 0.043851 0.023892 0.016845 0.014935 0.014489 0.014619 0.016283 0.021878 0.035146 0.061140 0.106074 0.176970 0.280922 0.423488 0.605570 0.818950 1.042653 1.243708 1.384363 1.433619 1.377707 1.224843 1.002987 0.752025 
0.632389 0.414354 0.245799 0.132455 0.066558 0.033871 0.020368 0.015890 0.014712 0.014554 0.015451 0.019080 0.028512 0.048143 0.083607 0.141522 0.228946 0.352205 0.514529 0.712260 0.930802 1.143180 1.314035 1.408991 1.405663 1.301275 1.113915 0.877506 
0.754947 0.523371 0.330076 0.189127 0.099506 0.050215 0.027120 0.018129 0.015301 0.014633 0.015003 0.017266 0.023796 0.038327 0.065875 0.112565 0.185234 0.290575 0.433367 0.613395 0.821531 1.036991 1.228608 1.361513 1.407327 1.353469 1.207595 0.995710 
0.875329 0.639159 0.426724 0.259602 0.144317 0.074860 0.038667 0.022624 0.016715 0.014967 0.014818 0.016134 0.020531 0.031062 0.052101 0.089220 0.148899 0.237905 0.361971 0.523381 0.717463 0.929261 1.132799 1.295060 1.384420 1.380398 1.280532 1.101653 
