0.001955 0.000661 0.001097 0.003729 0.011681 0.032312 0.077658 0.662387 1.297683 1.481286 1.688481 1.872469 1.979644 1.474462 0.858430 0.669445 0.461889 0.281765 0.152237 0.074207 0.035763 0.021831 0.019646 0.020495 0.019697 0.016004 0.010549 0.005357 
0.003656 0.001308 0.000879 0.002413 0.007705 0.021996 0.054985 0.370022 0.980035 1.389484 1.584884 1.780475 1.926057 1.727053 1.166446 0.763938 0.565667 0.371827 0.217001 0.113222 0.054985 0.028797 0.020738 0.020071 0.020096 0.017850 0.013276 0.007953 
0.005804 0.002482 0.001093 0.001646 0.005059 0.014851 0.038491 0.212504 0.675029 1.184760 1.487184 1.682679 1.853266 1.826555 1.446750 0.965192 0.664802 0.468747 0.294414 0.165112 0.084103 0.041891 0.024768 0.020404 0.020083 0.018973 0.015563 0.010615 
0.008210 0.004143 0.001788 0.001370 0.003352 0.009955 0.026671 0.125497 0.443766 0.929894 1.335972 1.584932 1.767973 1.839910 1.636652 1.205971 0.814997 0.566775 0.381581 0.229763 0.124608 0.062997 0.033329 0.022586 0.020244 0.019528 0.017268 0.013089 
0.010649 0.006176 0.002965 0.001579 0.002361 0.006654 0.018313 0.076084 0.284632 0.686830 1.132933 1.460452 1.676452 1.803941 1.738281 1.421312 1.010484 0.690886 0.474178 0.305672 0.177185 0.093802 0.048163 0.027958 0.021415 0.019886 0.018398 0.015179 
0.012914 0.008413 0.004571 0.002272 0.001970 0.004507 0.012483 0.047198 0.180358 0.485731 0.909882 1.296692 1.568452 1.740197 1.771111 1.579797 1.215898 0.850685 0.582532 0.389925 0.241429 0.135494 0.070983 0.038060 0.024686 0.020650 0.019142 0.016788 
0.014851 0.010663 0.006492 0.003422 0.002121 0.003239 0.008495 0.029841 0.113778 0.333044 0.697806 1.103287 1.432572 1.654324 1.755654 1.675454 1.397847 1.033291 0.716608 0.486228 0.315677 0.188461 0.103238 0.054522 0.031373 0.022668 0.019896 0.017965 
0.016408 0.012757 0.008578 0.004957 0.002771 0.002680 0.005867 0.019168 0.071809 0.223411 0.515425 0.900547 1.267930 1.543448 1.704989 1.715554 1.536651 1.215569 0.874950 0.601418 0.400952 0.252069 0.145850 0.078880 0.042947 0.027021 0.021282 0.018931 
0.017669 0.014583 0.010667 0.006767 0.003864 0.002726 0.004273 0.012517 0.045489 0.147610 0.369418 0.707986 1.084238 1.405689 1.624219 1.710272 1.626102 1.376110 1.045260 0.738184 0.501185 0.326511 0.198959 0.112365 0.060914 0.034984 0.024152 0.020107 
0.018888 0.016126 0.012625 0.008717 0.005316 0.003295 0.003499 0.008395 0.029003 0.096549 0.258514 0.538702 0.896112 1.244964 1.514954 1.667245 1.668187 1.501106 1.210685 0.891722 0.619685 0.413848 0.262735 0.155662 0.086639 0.047949 0.029568 0.022129 
0.020509 0.017507 0.014376 0.010671 0.007016 0.004305 0.003397 0.005947 0.018699 0.062776 0.177532 0.398608 0.717407 1.070538 1.379959 1.591100 1.667716 1.584647 1.355895 1.051203 0.755703 0.516766 0.338291 0.209199 0.121151 0.067294 0.038758 0.025848 
0.023178 0.019008 0.015941 0.012523 0.008844 0.005661 0.003851 0.004672 0.012323 0.040738 0.120154 0.288070 0.558008 0.893972 1.225248 1.485529 1.629408 1.626181 1.470271 1.203549 0.903453 0.636235 0.427529 0.273745 0.165175 0.094222 0.053026 0.032303 
0.027741 0.021093 0.017475 0.014232 0.010684 0.007252 0.004756 0.004262 0.008498 0.026531 0.080446 0.204112 0.423039 0.725990 1.059610 1.355389 1.557468 1.627795 1.548226 1.336910 1.053501 0.769844 0.531882 0.350637 0.219460 0.129698 0.073624 0.042665 
0.035203 0.024417 0.019284 0.015853 0.012458 0.008968 0.006004 0.004509 0.006380 0.017514 0.053488 0.142279 0.313575 0.574514 0.892800 1.207499 1.456429 1.592631 1.588010 1.442568 1.195206 0.911673 0.650863 0.441259 0.285048 0.174579 0.101661 0.058145 
0.046674 0.029810 0.021850 0.017569 0.014156 0.010713 0.007486 0.005256 0.005444 0.011947 0.035501 0.097884 0.227927 0.444045 0.733657 1.050150 1.331964 1.524530 1.590321 1.515289 1.318887 1.053439 0.781268 0.546061 0.363154 0.229814 0.138120 0.079903 
0.063288 0.038242 0.025830 0.019710 0.015862 0.012434 0.009100 0.006371 0.005350 0.008696 0.023724 0.066692 0.162905 0.335986 0.588851 0.891904 1.191057 1.428247 1.557425 1.552805 1.417088 1.186163 0.917353 0.663664 0.454608 0.296484 0.183967 0.109012 
0.086150 0.050765 0.032036 0.022770 0.017786 0.014148 0.010767 0.007735 0.005861 0.007023 0.016210 0.045208 0.114799 0.249446 0.462419 0.740377 1.041480 1.309652 1.492836 1.555115 1.484947 1.301626 1.051758 0.790509 0.559136 0.375546 0.240225 0.146489 
0.116320 0.068458 0.041401 0.027403 0.020278 0.015967 0.012458 0.009251 0.006798 0.006442 0.011616 0.030709 0.080004 0.182122 0.355932 0.601398 0.890929 1.175566 1.401244 1.523976 1.520031 1.393286 1.176692 0.921134 0.674822 0.467341 0.307886 0.193357 
0.154839 0.092389 0.054929 0.034402 0.023840 0.018122 0.014212 0.010854 0.008025 0.006620 0.009029 0.021163 0.055356 0.131063 0.269027 0.478665 0.746163 1.033247 1.288405 1.462610 1.522003 1.456658 1.284989 1.048913 0.797978 0.571082 0.387613 0.250621 
0.202730 0.123614 0.073659 0.044665 0.029121 0.020981 0.016167 0.012533 0.009440 0.007322 0.007825 0.015096 0.038260 0.093210 0.200045 0.373846 0.612414 0.889705 1.160826 1.375508 1.492307 1.489331 1.370824 1.166951 0.923445 0.684530 0.479347 0.319117 
0.260924 0.163172 0.098636 0.059162 0.036893 0.025051 0.018574 0.014350 0.010986 0.008381 0.007573 0.011460 0.026678 0.065735 0.146627 0.286946 0.493130 0.751060 1.025266 1.268167 1.433907 1.490819 1.430077 1.268887 1.045198 0.803988 0.581939 0.399232 
0.330078 0.212048 0.130904 0.078899 0.048028 0.030972 0.021813 0.016462 0.012668 0.009684 0.007977 0.009517 0.019069 0.046206 0.106181 0.216787 0.390038 0.622095 0.888163 1.146716 1.351037 1.462363 1.460448 1.349482 1.157043 0.924593 0.692963 0.490585 
0.410332 0.271063 0.171476 0.104902 0.063463 0.039500 0.026393 0.019138 0.014565 0.011176 0.008830 0.008747 0.014293 0.032638 0.076194 0.161484 0.303412 0.506066 0.755129 1.017440 1.248877 1.406700 1.461405 1.404965 1.253263 1.040818 0.808778 0.591774 
0.501053 0.340697 0.221269 0.138189 0.084182 0.051482 0.032946 0.022765 0.016852 0.012871 0.010003 0.008789 0.011520 0.023465 0.054416 0.118839 0.232448 0.404739 0.630598 0.886284 1.133158 1.327788 1.434053 1.433185 1.329114 1.147040 0.924798 0.700276 
0.600665 0.420875 0.280983 0.179729 0.111186 0.067832 0.042214 0.027856 0.019808 0.014861 0.011437 0.009396 0.010154 0.017493 0.038940 0.086627 0.175643 0.318594 0.517669 0.758441 1.009721 1.230473 1.380921 1.433619 1.381150 1.238077 1.035919 0.812537 
0.706601 0.510770 0.350929 0.230356 0.145457 0.089509 0.055023 0.035035 0.023832 0.017335 0.013149 0.010416 0.009775 0.013823 0.028217 0.062784 0.131135 0.247118 0.418131 0.638055 0.884081 1.120097 1.305697 1.407270 1.407384 1.309613 1.136998 0.924228 
0.815414 0.608685 0.430850 0.290643 0.187907 0.117483 0.072266 0.045029 0.029433 0.020583 0.015242 0.011783 0.010096 0.011799 0.021020 0.045500 0.096960 0.189127 0.332625 0.528093 0.761068 1.002089 1.212897 1.356483 1.407327 1.358499 1.223306 1.030613 
0.923014 0.712050 0.519767 0.360746 0.239275 0.152695 0.094875 0.058647 0.037231 0.025008 0.017913 0.013512 0.010939 0.010948 0.016410 0.033260 0.071230 0.143043 0.260876 0.430359 0.644580 0.881579 1.107493 1.284690 1.381905 1.382913 1.290902 1.126959 
