0.002753 0.004090 0.011319 0.530433 1.072690 1.153755 1.287095 1.472400 1.685001 1.375949 0.988530 0.985050 0.867063 0.674413 0.463767 0.282127 0.151876 0.072328 0.030795 0.013198 0.009059 0.011609 0.016216 0.019484 0.019435 0.015945 0.010537 0.005355 
0.004054 0.003422 0.007705 0.270876 0.801561 1.113222 1.220425 1.379747 1.578700 1.530475 1.182240 0.986790 0.926057 0.770738 0.569090 0.372947 0.217001 0.112102 0.051561 0.021996 0.011128 0.010334 0.013913 0.017850 0.019460 0.017690 0.013241 0.007946 
0.006000 0.003738 0.005563 0.139291 0.536219 0.957392 1.166823 1.300086 1.479224 1.554588 1.356357 1.084515 0.956423 0.848397 0.669914 0.471019 0.294974 0.164552 0.081832 0.036779 0.016562 0.010731 0.012123 0.015881 0.018655 0.018575 0.015465 0.010593 
0.008297 0.004869 0.004651 0.072427 0.337755 0.746805 1.062108 1.233455 1.389655 1.516906 1.455473 1.220436 1.020469 0.902410 0.759156 0.570466 0.382996 0.229763 0.123192 0.059305 0.026671 0.013647 0.011427 0.014002 0.017268 0.018615 0.017020 0.013029 
0.010663 0.006583 0.004760 0.038539 0.205091 0.542280 0.904456 1.147781 1.311555 1.453280 1.486189 1.337954 1.120453 0.961440 0.830783 0.664811 0.476731 0.306380 0.176477 0.091249 0.042988 0.020159 0.012537 0.012715 0.015635 0.017942 0.017817 0.015025 
0.012844 0.008623 0.005671 0.021649 0.121815 0.373685 0.723368 1.026119 1.229668 1.382418 1.469735 1.412072 1.229204 1.040946 0.896111 0.747797 0.570771 0.391556 0.241429 0.133863 0.067118 0.031573 0.016348 0.012626 0.014175 0.016788 0.017879 0.016421 
0.014632 0.010733 0.007147 0.013660 0.071732 0.247750 0.548527 0.874744 1.127893 1.306043 1.426076 1.440903 1.320638 1.135075 0.968529 0.821954 0.659284 0.481163 0.316492 0.187646 0.100491 0.049346 0.023960 0.014487 0.013400 0.015482 0.017334 0.017150 
0.015891 0.012683 0.008940 0.010404 0.042696 0.159741 0.398138 0.711635 1.001318 1.216968 1.366060 1.433490 1.380770 1.227856 1.051802 0.895242 0.740619 0.570224 0.398828 0.252069 0.144068 0.074918 0.036653 0.019224 0.013944 0.014441 0.016408 0.017242 
0.016567 0.014287 0.010811 0.009672 0.026550 0.101219 0.278940 0.554887 0.856477 1.109143 1.291514 1.399775 1.407130 1.304313 1.139829 0.973522 0.817930 0.655421 0.484526 0.325448 0.198069 0.109493 0.055786 0.027938 0.016584 0.014192 0.015424 0.016825 
0.016696 0.015427 0.012549 0.010242 0.018111 0.063884 0.190079 0.416913 0.705682 0.982810 1.200329 1.345644 1.403452 1.355722 1.222071 1.056675 0.895726 0.736676 0.569974 0.404987 0.261758 0.153781 0.082639 0.041862 0.022261 0.015388 0.014808 0.016125 
0.016410 0.016061 0.013988 0.011395 0.014176 0.040998 0.126982 0.303496 0.561298 0.844246 1.091569 1.272986 1.374548 1.379587 1.288896 1.139373 0.976201 0.816201 0.653325 0.487480 0.333373 0.207770 0.118210 0.062251 0.032061 0.018824 0.015098 0.015466 
0.015938 0.016236 0.015025 0.012692 0.012786 0.027587 0.083990 0.215239 0.432397 0.702772 0.967908 1.182278 1.323767 1.377068 1.334242 1.214135 1.057787 0.896201 0.734763 0.570403 0.410426 0.270571 0.162990 0.090230 0.047156 0.025443 0.016961 0.015282 
0.015610 0.016087 0.015630 0.013858 0.012739 0.020186 0.055788 0.149614 0.323818 0.567584 0.835340 1.075093 1.253023 1.350418 1.355655 1.274188 1.135961 0.976994 0.815482 0.652583 0.490414 0.340499 0.216781 0.126610 0.068693 0.036300 0.021202 0.016122 
0.015866 0.015849 0.015859 0.014744 0.013299 0.016463 0.037987 0.102701 0.236716 0.445701 0.701462 0.955216 1.164058 1.301720 1.353036 1.314922 1.205075 1.056477 0.896238 0.734032 0.571499 0.415457 0.278640 0.171695 0.097652 0.052496 0.028751 0.018662 
0.017264 0.015857 0.015854 0.015301 0.014021 0.014881 0.027225 0.070344 0.169709 0.341209 0.573582 0.828339 1.059637 1.232889 1.327378 1.333979 1.259998 1.130776 0.976358 0.815135 0.652765 0.493478 0.347048 0.225167 0.134674 0.075074 0.040624 0.023706 
0.020485 0.016561 0.015856 0.015578 0.014661 0.014451 0.021053 0.048785 0.120027 0.255459 0.457395 0.700960 0.943988 1.146263 1.280133 1.330678 1.296988 1.195387 1.053567 0.895746 0.733950 0.573122 0.420263 0.286108 0.179920 0.104874 0.057849 0.032165 
0.026325 0.018523 0.016208 0.015717 0.015119 0.014556 0.017752 0.034919 0.084406 0.187743 0.356427 0.579178 0.822474 1.045125 1.213198 1.305406 1.313833 1.246188 1.124477 0.974657 0.814848 0.653536 0.496692 0.353185 0.233014 0.142397 0.081361 0.045007 
0.035666 0.022424 0.017366 0.015962 0.015418 0.014838 0.016154 0.026335 0.059662 0.136074 0.272085 0.467802 0.700826 0.933800 1.129162 1.259302 1.309620 1.280011 1.185332 1.049567 0.894752 0.734192 0.575114 0.424939 0.293100 0.187706 0.111879 0.063184 
0.049425 0.029045 0.019895 0.016664 0.015690 0.015128 0.015496 0.021245 0.042999 0.097868 0.204079 0.369944 0.584314 0.817313 1.031481 1.194232 1.284461 1.294815 1.232671 1.117450 0.972160 0.814472 0.654653 0.500026 0.359019 0.240403 0.149792 0.087532 
0.068478 0.039235 0.024470 0.018279 0.016177 0.015409 0.015312 0.018370 0.032122 0.070433 0.150974 0.287011 0.477129 0.700814 0.924397 1.112856 1.239346 1.289638 1.263743 1.175061 1.044805 0.893316 0.734563 0.577340 0.429523 0.299711 0.195098 0.118662 
0.093570 0.053857 0.031852 0.021375 0.017228 0.015793 0.015360 0.016841 0.025246 0.051278 0.110704 0.218993 0.382070 0.588971 0.812605 1.018627 1.176101 1.264492 1.276691 1.219402 1.109933 0.969060 0.813939 0.655951 0.503431 0.364617 0.247404 0.156880 
0.125225 0.073713 0.042855 0.026614 0.019301 0.016511 0.015577 0.016101 0.021044 0.038262 0.080991 0.164848 0.300531 0.485521 0.700788 0.915616 1.097364 1.220297 1.270591 1.248046 1.164667 1.039496 0.891500 0.734945 0.579691 0.434024 0.306011 0.202142 
0.163684 0.099469 0.058284 0.034734 0.022957 0.017906 0.016044 0.015839 0.018572 0.029653 0.059626 0.122919 0.232690 0.393026 0.593154 0.808202 1.006490 1.158830 1.245444 1.259319 1.206357 1.102082 0.965498 0.813223 0.657318 0.506858 0.370017 0.254076 
0.208880 0.131576 0.078877 0.046509 0.028846 0.020432 0.016975 0.015941 0.017205 0.024112 0.044639 0.091273 0.177805 0.312858 0.493090 0.700678 0.907346 1.082660 1.202137 1.252381 1.232838 1.154219 1.033790 0.889360 0.735270 0.582088 0.438438 0.312047 
0.260463 0.170228 0.105226 0.062693 0.037677 0.024639 0.018703 0.016458 0.016573 0.020659 0.034376 0.067956 0.134539 0.245331 0.402974 0.596884 0.804012 0.995003 1.142399 1.227259 1.242610 1.193529 1.094005 0.961575 0.812315 0.658679 0.510263 0.375242 
0.317853 0.215346 0.137727 0.083960 0.050185 0.031158 0.021671 0.017581 0.016516 0.018616 0.027517 0.051166 0.101247 0.189935 0.324153 0.499929 0.700448 0.899508 1.068701 1.184829 1.234935 1.218069 1.143767 1.027790 0.886945 0.735497 0.584471 0.442752 
0.380303 0.266599 0.176537 0.110843 0.067072 0.040672 0.026415 0.019626 0.017048 0.017566 0.023067 0.039342 0.076207 0.145591 0.257044 0.412041 0.600189 0.799978 0.984104 1.126765 1.209882 1.226502 1.180918 1.085778 0.957368 0.811221 0.659984 0.513612 
0.446957 0.323451 0.221568 0.143690 0.088958 0.053872 0.033543 0.023020 0.018337 0.017307 0.020316 0.031204 0.057774 0.110899 0.201317 0.334542 0.506115 0.700083 0.892041 1.055435 1.168323 1.218192 1.203710 1.133348 1.021573 0.884294 0.735603 0.586798 
