0.099158 0.184119 0.298139 0.467694 0.670243 0.856603 0.969184 0.970292 1.362356 1.685457 1.494131 1.330564 1.211333 1.131785 0.579232 0.043562 0.020103 0.006902 0.001458 0.000138 0.000089 0.001186 0.005830 0.016399 0.032268 0.048823 0.059482 0.059482 
0.079320 0.141638 0.241129 0.382916 0.568968 0.763423 0.912894 0.969738 1.166324 1.523907 1.589794 1.412348 1.270948 1.171559 0.855508 0.311397 0.031832 0.013502 0.004180 0.000798 0.000114 0.000638 0.003508 0.011115 0.024333 0.040546 0.054153 0.059482 
0.069401 0.110479 0.191384 0.312023 0.475942 0.666195 0.838158 0.941316 1.068031 1.345115 1.556850 1.501071 1.341648 1.221254 1.013534 0.583453 0.171615 0.022667 0.008841 0.002489 0.000456 0.000376 0.002073 0.007311 0.017724 0.032439 0.047349 0.056817 
0.063109 0.089940 0.150931 0.251703 0.393982 0.571069 0.752177 0.889737 1.004674 1.206573 1.450983 1.528961 1.421359 1.281451 1.117394 0.798493 0.377534 0.097141 0.015754 0.005665 0.001473 0.000416 0.001224 0.004692 0.012518 0.025082 0.039894 0.052083 
0.057596 0.076525 0.120436 0.201317 0.322843 0.482526 0.661623 0.820957 0.947205 1.105623 1.328778 1.489972 1.475160 1.351405 1.199422 0.957943 0.588013 0.237337 0.056448 0.010710 0.003569 0.000944 0.000820 0.002958 0.008605 0.018800 0.032488 0.045989 
0.051792 0.067060 0.098480 0.160876 0.262080 0.402684 0.572074 0.741290 0.884081 1.026414 1.217201 1.409375 1.482566 1.413283 1.275414 1.078683 0.772978 0.412675 0.146892 0.033579 0.007139 0.002257 0.000882 0.001889 0.005782 0.013702 0.025644 0.039238 
0.045515 0.059426 0.082770 0.129678 0.211478 0.332382 0.487379 0.656682 0.812686 0.955248 1.121808 1.313288 1.445970 1.447924 1.344348 1.177048 0.925831 0.592827 0.279784 0.090236 0.020359 0.004698 0.001569 0.001386 0.003835 0.009742 0.019673 0.032441 
0.038978 0.052471 0.071098 0.106224 0.170578 0.271930 0.409881 0.572031 0.734684 0.883967 1.038528 1.217548 1.379629 1.446947 1.396136 1.260698 1.051439 0.759329 0.436305 0.185010 0.055297 0.012528 0.003134 0.001477 0.002610 0.006789 0.014707 0.026057 
0.032518 0.045725 0.061785 0.088661 0.138401 0.221254 0.340905 0.490956 0.653357 0.809325 0.961247 1.128038 1.298588 1.413288 1.421542 1.328417 1.156069 0.905384 0.597817 0.310658 0.120153 0.033913 0.007831 0.002306 0.002044 0.004700 0.010748 0.020382 
0.026450 0.039121 0.053755 0.075223 0.113531 0.179828 0.281080 0.415930 0.572156 0.731341 0.885286 1.044642 1.213313 1.355938 1.417415 1.374979 1.242243 1.030726 0.751601 0.454237 0.215406 0.077033 0.020872 0.005068 0.002175 0.003372 0.007724 0.015565 
0.021008 0.032786 0.046438 0.064489 0.094377 0.146679 0.230454 0.348505 0.494043 0.651749 0.808314 0.964964 1.128978 1.284626 1.386677 1.396197 1.308611 1.136485 0.891163 0.602919 0.334821 0.146219 0.048953 0.012970 0.003622 0.002773 0.005548 0.011644 
0.016326 0.026897 0.039612 0.055463 0.079433 0.120528 0.188567 0.289479 0.421274 0.572896 0.730031 0.886639 1.046971 1.206802 1.335651 1.391437 1.352404 1.222548 1.013824 0.747041 0.468870 0.240520 0.097586 0.030961 0.008296 0.003197 0.004161 0.008596 
0.012461 0.021611 0.033254 0.047538 0.067448 0.099981 0.154547 0.239023 0.355377 0.497085 0.651464 0.808335 0.966805 1.126886 1.271226 1.363544 1.371921 1.287476 1.118186 0.880433 0.607956 0.354695 0.169053 0.064274 0.019629 0.005747 0.003679 0.006378 
0.009420 0.017036 0.027433 0.040396 0.057493 0.083714 0.127264 0.196785 0.297200 0.426231 0.574274 0.729899 0.887570 1.046846 1.199056 1.317385 1.367732 1.329698 1.202831 0.999309 0.744194 0.481325 0.261874 0.116663 0.041951 0.012688 0.004713 0.005029 
0.007224 0.013228 0.022234 0.033914 0.048944 0.070604 0.105489 0.162025 0.246993 0.361715 0.500253 0.652087 0.808735 0.967208 1.122951 1.258221 1.342559 1.348715 1.266265 1.101070 0.871752 0.612760 0.371600 0.189269 0.079307 0.027319 0.008700 0.004871 
0.006047 0.010226 0.017731 0.028074 0.041429 0.059774 0.088046 0.133757 0.204509 0.304354 0.430984 0.576170 0.730411 0.887971 1.045079 1.190586 1.300390 1.345637 1.307490 1.183667 0.986411 0.742256 0.492180 0.280434 0.134288 0.053313 0.018010 0.006785 
0.006416 0.008137 0.013979 0.022903 0.034752 0.050602 0.073910 0.110902 0.169133 0.254431 0.367669 0.503577 0.653290 0.809191 0.966525 1.117833 1.245488 1.323013 1.326564 1.245579 1.085039 0.864333 0.617218 0.386307 0.207361 0.093801 0.035662 0.012398 
0.009407 0.007277 0.011058 0.018441 0.028827 0.042677 0.062256 0.092406 0.140017 0.211782 0.311050 0.435623 0.578434 0.731241 0.887858 1.042179 1.181660 1.284251 1.324788 1.286071 1.165309 0.974686 0.740776 0.501762 0.296834 0.150581 0.064731 0.024030 
0.016718 0.008342 0.009167 0.014749 0.023634 0.035752 0.052466 0.077331 0.116212 0.175900 0.261416 0.373337 0.507028 0.654837 0.809549 0.965019 1.111920 1.232955 1.304520 1.305430 1.225690 1.069998 0.857731 0.621269 0.399298 0.223708 0.107656 0.044380 
0.030549 0.012530 0.008754 0.011958 0.019192 0.029693 0.044109 0.064899 0.096771 0.146056 0.218658 0.317376 0.440182 0.580933 0.732193 0.887284 1.038469 1.172438 1.268738 1.304975 1.265560 1.147844 0.963864 0.739500 0.510284 0.311503 0.165682 0.076018 
0.053284 0.021540 0.010642 0.010356 0.015575 0.024442 0.036901 0.054504 0.080835 0.121413 0.182357 0.268017 0.378779 0.510558 0.656563 0.809739 0.962877 1.105453 1.220588 1.286856 1.285267 1.206702 1.055854 0.851682 0.624892 0.410893 0.238592 0.120850 
0.087067 0.037412 0.016091 0.010499 0.012966 0.020009 0.030672 0.045702 0.067669 0.101124 0.151885 0.225187 0.323398 0.444669 0.583560 0.733151 0.886308 1.034165 1.163020 1.253722 1.286062 1.245985 1.131278 0.953768 0.738287 0.517893 0.324743 0.179721 
0.133394 0.062239 0.026751 0.013295 0.011732 0.016487 0.025340 0.038187 0.056686 0.084397 0.126505 0.188536 0.274293 0.384033 0.514114 0.658356 0.809729 0.960236 1.098593 1.208371 1.269892 1.266023 1.188631 1.042523 0.846028 0.628090 0.421318 0.252232 
0.192813 0.097817 0.044495 0.020023 0.012514 0.014110 0.020914 0.031764 0.047437 0.070541 0.105451 0.157520 0.231414 0.329163 0.449074 0.586235 0.734042 0.884983 1.029415 1.153482 1.239131 1.267957 1.227327 1.115577 0.944275 0.737059 0.524704 0.336775 
0.264794 0.145315 0.071156 0.032259 0.016269 0.013312 0.017512 0.026339 0.039600 0.058989 0.087996 0.131485 0.194467 0.280289 0.389118 0.517654 0.660139 0.809513 0.957199 1.091448 1.196307 1.253544 1.247642 1.171452 1.029926 0.840667 0.630881 0.430739 
0.347767 0.205054 0.108235 0.051708 0.024264 0.014790 0.015412 0.021925 0.032969 0.049295 0.073492 0.109741 0.162976 0.237378 0.334704 0.453386 0.588897 0.734826 0.883356 1.024323 1.143877 1.224926 1.250593 1.209547 1.100689 0.935297 0.735774 0.530810 
0.439288 0.276410 0.156645 0.079972 0.037986 0.019527 0.015101 0.018668 0.027447 0.041132 0.061393 0.091617 0.136359 0.200177 0.286041 0.394045 0.521142 0.661861 0.809091 0.953840 1.084100 1.184402 1.237759 1.230070 1.155118 1.017993 0.835535 0.633292 
0.536290 0.357849 0.216528 0.118308 0.058979 0.028756 0.017314 0.016885 0.023058 0.034290 0.051263 0.076505 0.113988 0.168268 0.243109 0.340043 0.457593 0.591501 0.735476 0.881465 1.018970 1.134251 1.211081 1.233915 1.192594 1.086556 0.926764 0.734414 
