0.127714 0.159100 0.209216 0.310894 0.472228 0.671163 0.856663 0.969244 0.971213 0.866891 0.698212 0.519229 0.368538 0.257596 0.178049 0.117206 0.068659 0.032857 0.011437 0.002379 0.000198 0.000148 0.002107 0.010365 0.029153 0.057365 0.086797 0.105746 
0.116730 0.143407 0.184158 0.260055 0.391561 0.571696 0.763913 0.912953 0.970228 0.919052 0.782551 0.608720 0.443883 0.313067 0.217822 0.147627 0.092932 0.050758 0.022147 0.006908 0.001289 0.000173 0.001128 0.006236 0.019759 0.043259 0.072081 0.096271 
0.106501 0.130068 0.163783 0.222106 0.325808 0.481628 0.667804 0.838433 0.941591 0.944640 0.850802 0.695636 0.526302 0.378475 0.265445 0.182725 0.120280 0.071845 0.036452 0.014527 0.004098 0.000731 0.000651 0.003682 0.012997 0.031509 0.057670 0.084176 
0.095338 0.118285 0.146926 0.192944 0.273957 0.403718 0.574716 0.753119 0.890012 0.943116 0.897721 0.773219 0.610969 0.452388 0.321960 0.224085 0.151502 0.096062 0.054149 0.025490 0.009313 0.002415 0.000691 0.002166 0.008340 0.022253 0.044590 0.070923 
0.083131 0.106811 0.132605 0.169935 0.233451 0.338837 0.489217 0.663918 0.821565 0.916564 0.920418 0.835470 0.692094 0.531678 0.387174 0.273022 0.187794 0.123782 0.075106 0.039819 0.017401 0.005864 0.001553 0.001428 0.005253 0.015296 0.033421 0.057756 
0.070444 0.094971 0.119708 0.151270 0.201693 0.286144 0.414027 0.576567 0.742742 0.869065 0.918491 0.877944 0.763782 0.611886 0.459426 0.330098 0.230408 0.155788 0.099444 0.057463 0.028610 0.011632 0.003708 0.001491 0.003341 0.010275 0.024359 0.045589 
0.058016 0.082707 0.107340 0.135489 0.176481 0.243918 0.350086 0.495297 0.659654 0.805903 0.893778 0.898217 0.820863 0.687834 0.535656 0.394762 0.280253 0.193098 0.127616 0.078453 0.043036 0.020121 0.007670 0.002599 0.002416 0.006808 0.017317 0.034974 
0.046495 0.070362 0.095024 0.121414 0.155985 0.210200 0.297002 0.422692 0.577476 0.732779 0.849840 0.895998 0.859540 0.754348 0.611745 0.465209 0.337508 0.236675 0.160357 0.103035 0.060745 0.031579 0.013896 0.005135 0.002507 0.004612 0.012062 0.026145 
0.036320 0.058428 0.082693 0.108219 0.138700 0.183093 0.253601 0.359847 0.500084 0.655127 0.791310 0.872919 0.877769 0.806944 0.683047 0.538477 0.401358 0.287092 0.198516 0.131696 0.081890 0.046162 0.022737 0.009515 0.003821 0.003560 0.008337 0.019104 
0.027712 0.047374 0.070561 0.095456 0.123459 0.160896 0.218347 0.306724 0.429965 0.577606 0.723218 0.832114 0.875344 0.842357 0.744995 0.610762 0.469918 0.344225 0.242804 0.165106 0.106793 0.064026 0.034450 0.016126 0.006668 0.003690 0.005948 0.013720 
0.020716 0.037543 0.058967 0.083008 0.109458 0.142178 0.189622 0.262535 0.368345 0.503785 0.650412 0.777666 0.853729 0.858850 0.793676 0.677879 0.540340 0.407071 0.293514 0.203955 0.135949 0.085409 0.049238 0.025288 0.011397 0.005179 0.004819 0.009834 
0.015275 0.029130 0.048255 0.070988 0.096233 0.125818 0.165900 0.226078 0.315440 0.436065 0.577099 0.714039 0.815698 0.856290 0.826263 0.735777 0.609109 0.473706 0.350293 0.248735 0.169952 0.110679 0.067324 0.037263 0.018343 0.008288 0.004999 0.007327 
0.011301 0.022202 0.038693 0.059622 0.083610 0.111025 0.145859 0.195989 0.270759 0.375752 0.506582 0.645569 0.764868 0.835994 0.841276 0.781020 0.672443 0.541407 0.411999 0.299514 0.209343 0.140316 0.089001 0.052293 0.027803 0.013315 0.006644 0.006163 
0.008732 0.016752 0.030448 0.049157 0.071616 0.097318 0.128442 0.170924 0.233374 0.323256 0.441167 0.576075 0.705219 0.800431 0.838635 0.811148 0.726732 0.606925 0.476703 0.355757 0.254429 0.174830 0.114659 0.070647 0.040048 0.020559 0.009980 0.006403 
0.007568 0.012742 0.023600 0.039802 0.060387 0.084467 0.112880 0.149683 0.202149 0.278315 0.382211 0.508621 0.640647 0.752825 0.819533 0.824892 0.768940 0.666829 0.541814 0.416230 0.305093 0.214629 0.144744 0.092653 0.055348 0.030304 0.015269 0.008192 
0.007880 0.010155 0.018171 0.031701 0.050094 0.072427 0.098673 0.131281 0.175916 0.240232 0.330263 0.445416 0.574634 0.696736 0.786179 0.822212 0.796916 0.717884 0.604321 0.479022 0.360661 0.259861 0.179687 0.118699 0.074000 0.042826 0.022786 0.011730 
0.009805 0.009017 0.014163 0.024936 0.040898 0.061261 0.085550 0.114977 0.153599 0.208074 0.285248 0.387840 0.510025 0.635685 0.741457 0.804196 0.809564 0.757400 0.661103 0.541672 0.419842 0.310261 0.219774 0.149193 0.096349 0.058413 0.032806 0.017258 
0.013532 0.009411 0.011590 0.019549 0.032917 0.051079 0.073405 0.100264 0.134288 0.180836 0.246661 0.336544 0.448933 0.572855 0.688571 0.772827 0.806880 0.783482 0.709251 0.601387 0.480757 0.365051 0.265017 0.184483 0.122771 0.077381 0.045609 0.025032 
0.019282 0.011471 0.010501 0.015570 0.026233 0.041998 0.062242 0.086835 0.117276 0.157562 0.213749 0.291602 0.392738 0.510894 0.630713 0.730699 0.789853 0.795181 0.746367 0.655319 0.541072 0.422904 0.315034 0.224750 0.153627 0.100076 0.061495 0.035321 
0.027301 0.015377 0.010986 0.013035 0.020901 0.034115 0.052120 0.074538 0.102055 0.137419 0.185655 0.252675 0.342170 0.451816 0.570804 0.680706 0.760276 0.792517 0.770774 0.700843 0.598196 0.481988 0.368969 0.269892 0.189189 0.126852 0.080786 0.048408 
0.037855 0.021339 0.013181 0.012011 0.016968 0.027508 0.043118 0.063329 0.088297 0.119737 0.161537 0.219165 0.297423 0.396993 0.511310 0.625755 0.720491 0.776397 0.781646 0.735809 0.649519 0.540092 0.425479 0.319431 0.229540 0.158020 0.103819 0.064597 
0.051226 0.029597 0.017260 0.012596 0.014489 0.022238 0.035313 0.053224 0.075813 0.104017 0.140637 0.190351 0.258294 0.347208 0.454151 0.568532 0.673123 0.748444 0.779021 0.758727 0.692664 0.594806 0.482785 0.372455 0.274486 0.193780 0.130919 0.084208 
0.067717 0.040411 0.023429 0.014928 0.013543 0.018364 0.028776 0.044268 0.064518 0.089915 0.122327 0.165494 0.224323 0.302751 0.400680 0.511342 0.620828 0.710783 0.763732 0.768874 0.725695 0.643735 0.538795 0.427620 0.323470 0.234133 0.162350 0.107564 
0.087640 0.054064 0.031920 0.019178 0.014235 0.015953 0.023570 0.036522 0.054393 0.077217 0.106121 0.143911 0.194908 0.263537 0.351715 0.456011 0.566085 0.665806 0.737258 0.766303 0.747285 0.684715 0.591265 0.483208 0.375545 0.278802 0.198241 0.134957 
0.111298 0.070852 0.042992 0.025549 0.016707 0.015094 0.019762 0.030046 0.045458 0.065805 0.091669 0.125016 0.169410 0.229223 0.307626 0.403863 0.511048 0.615945 0.701532 0.751781 0.756794 0.716000 0.637990 0.537236 0.429376 0.327173 0.238521 0.166599 
0.138949 0.091075 0.056922 0.034271 0.021128 0.015901 0.017428 0.024904 0.037752 0.055631 0.078737 0.108342 0.147213 0.199316 0.268424 0.355745 0.457455 0.563496 0.658738 0.726656 0.754287 0.736397 0.676995 0.587613 0.483306 0.378275 0.282847 0.202560 
0.170755 0.115012 0.073999 0.045596 0.027699 0.018514 0.016664 0.021166 0.031328 0.046692 0.067184 0.093540 0.127778 0.173264 0.233870 0.312084 0.406600 0.510476 0.611117 0.692697 0.740472 0.745342 0.706696 0.632304 0.535460 0.430791 0.330561 0.242704 
0.206729 0.142883 0.094505 0.059798 0.036648 0.023107 0.017589 0.018915 0.026247 0.039010 0.056938 0.080362 0.110659 0.150521 0.203567 0.272977 0.359342 0.458538 0.560797 0.651907 0.716585 0.742907 0.726019 0.669500 0.583882 0.483125 0.380676 0.286632 
