0.008455 0.030424 0.072537 0.153002 0.284980 0.468237 0.678703 0.868276 1.480857 1.978752 1.862900 1.672298 1.463015 1.281974 0.651866 0.072318 0.030642 0.012446 0.006943 0.007446 0.009918 0.011811 0.011762 0.009646 0.006374 0.003239 0.001152 0.000234 
0.004344 0.019439 0.051480 0.112770 0.218991 0.376608 0.573470 0.773489 1.174567 1.729805 1.920826 1.767599 1.567656 1.372495 0.966920 0.362092 0.051480 0.021544 0.009694 0.007195 0.008682 0.010865 0.011787 0.010704 0.008010 0.004807 0.002195 0.000693 
0.002519 0.011892 0.035460 0.082125 0.165880 0.297800 0.475039 0.673480 0.974028 1.452186 1.825315 1.844213 1.667628 1.470076 1.169707 0.664506 0.206786 0.036512 0.015619 0.008445 0.007938 0.009773 0.011326 0.011245 0.009357 0.006409 0.003501 0.001444 
0.001981 0.007205 0.023676 0.058792 0.124003 0.231840 0.386419 0.574259 0.823754 1.213107 1.638751 1.834764 1.755920 1.568852 1.319891 0.917107 0.435646 0.121649 0.026066 0.012032 0.008191 0.008856 0.010550 0.011285 0.010301 0.007883 0.004955 0.002473 
0.002227 0.004593 0.015441 0.041234 0.091397 0.177921 0.309130 0.480339 0.699007 1.018430 1.425929 1.736757 1.795342 1.662386 1.444372 1.118499 0.676376 0.278648 0.073857 0.019049 0.010112 0.008524 0.009703 0.010917 0.010793 0.009092 0.006419 0.003714 
0.002970 0.003410 0.010017 0.028337 0.066316 0.134659 0.243526 0.394735 0.589673 0.858718 1.222179 1.581343 1.766050 1.728864 1.553379 1.281435 0.897438 0.477512 0.176252 0.046453 0.014580 0.009318 0.009113 0.010310 0.010855 0.009943 0.007755 0.005066 
0.004018 0.003190 0.006714 0.019177 0.047327 0.100488 0.189092 0.319130 0.492204 0.724196 1.040449 1.401761 1.673696 1.747457 1.641121 1.417407 1.089437 0.687475 0.326882 0.111353 0.030517 0.011949 0.009215 0.009712 0.010583 0.010399 0.008849 0.006411 
0.005215 0.003604 0.004952 0.012945 0.033252 0.073907 0.144790 0.254111 0.405667 0.608200 0.882322 1.221105 1.537729 1.710577 1.694289 1.529264 1.253422 0.888456 0.507179 0.219118 0.070935 0.021233 0.010582 0.009464 0.010147 0.010491 0.009624 0.007630 
0.006422 0.004409 0.004278 0.008949 0.023099 0.053579 0.109349 0.199451 0.329889 0.506933 0.745261 1.051714 1.379417 1.624153 1.702433 1.611777 1.391343 1.070939 0.697817 0.363148 0.145026 0.046084 0.015907 0.010023 0.009805 0.010319 0.010057 0.008627 
0.007525 0.005416 0.004344 0.006613 0.016024 0.038339 0.081464 0.154400 0.264670 0.418411 0.626097 0.898487 1.215565 1.501785 1.663293 1.657105 1.501560 1.231141 0.884378 0.530483 0.254087 0.095555 0.030996 0.012965 0.009914 0.010062 0.010188 0.009342 
0.008433 0.006470 0.004880 0.005479 0.011318 0.027181 0.059902 0.117932 0.209535 0.341541 0.522254 0.762292 1.057026 1.358675 1.582539 1.660199 1.579332 1.366350 1.057759 0.707430 0.392285 0.174821 0.063275 0.021980 0.011440 0.009988 0.010125 0.009765 
0.009099 0.007452 0.005675 0.005179 0.008399 0.019250 0.043541 0.088917 0.163733 0.275538 0.431897 0.642273 0.909659 1.207851 1.470607 1.621369 1.619766 1.472841 1.212055 0.882595 0.549858 0.283553 0.119048 0.042628 0.016710 0.010714 0.010057 0.009945 
0.009522 0.008276 0.006563 0.005427 0.006789 0.013824 0.031396 0.066229 0.126325 0.219635 0.353718 0.537085 0.775966 1.058755 1.339229 1.545988 1.620567 1.546303 1.342448 1.047325 0.716226 0.416705 0.201301 0.080838 0.029669 0.013712 0.010385 0.010001 
0.009762 0.008899 0.007420 0.005995 0.006108 0.010307 0.022610 0.048812 0.096277 0.172980 0.286676 0.445401 0.656526 0.917361 1.198992 1.442608 1.583277 1.583435 1.444376 1.194886 0.881776 0.566466 0.309003 0.141069 0.055253 0.021690 0.012049 0.010193 
0.009977 0.009330 0.008159 0.006707 0.006052 0.008207 0.016458 0.035711 0.072545 0.134629 0.229828 0.366039 0.550964 0.786943 1.058176 1.320800 1.512943 1.583356 1.513906 1.319631 1.038331 0.724121 0.437734 0.225036 0.098161 0.038472 0.016870 0.011121 
0.010549 0.009654 0.008745 0.007433 0.006379 0.007129 0.012333 0.026085 0.054128 0.103587 0.182228 0.297934 0.458501 0.668953 0.922560 1.189488 1.416872 1.548150 1.548631 1.416768 1.178981 0.881226 0.580927 0.331385 0.161599 0.068317 0.027671 0.013995 
0.012272 0.010101 0.009199 0.008089 0.006906 0.006754 0.009731 0.019209 0.040106 0.078857 0.142908 0.240081 0.378217 0.563727 0.795757 1.056024 1.303180 1.482511 1.548390 1.482700 1.297875 1.030103 0.731077 0.456156 0.246492 0.114958 0.047994 0.020833 
0.016553 0.011187 0.009650 0.008644 0.007498 0.006830 0.008243 0.014470 0.029657 0.059482 0.110882 0.191494 0.309149 0.470972 0.679742 0.925890 1.179602 1.392845 1.515450 1.515545 1.390287 1.163989 0.880590 0.593616 0.351324 0.180725 0.081476 0.034413 
0.025483 0.013870 0.010419 0.009147 0.008071 0.007164 0.007537 0.011356 0.022064 0.044570 0.085182 0.151188 0.250322 0.390061 0.575357 0.802816 1.052746 1.286224 1.454148 1.515498 1.452916 1.277138 1.022290 0.737103 0.472470 0.266024 0.131100 0.057945 
0.041714 0.019676 0.012144 0.009783 0.008609 0.007618 0.007350 0.009446 0.016710 0.033317 0.064876 0.118185 0.200755 0.320191 0.482709 0.689087 0.927781 1.169485 1.370186 1.484823 1.484207 1.365027 1.149714 0.879696 0.604787 0.369247 0.198562 0.094522 
0.068118 0.030695 0.015910 0.010964 0.009196 0.008113 0.007484 0.008398 0.013078 0.025013 0.049096 0.091531 0.159470 0.260473 0.401450 0.585898 0.808434 1.048633 1.269835 1.427504 1.484515 1.424617 1.257370 1.014705 0.742242 0.487017 0.283905 0.146542 
0.107330 0.049407 0.023303 0.013437 0.010080 0.008655 0.007799 0.007941 0.010738 0.019046 0.037055 0.070313 0.125500 0.209972 0.330962 0.493674 0.697166 0.928533 1.159234 1.348670 1.456010 1.454566 1.340994 1.136038 0.878473 0.614629 0.385461 0.215224 
0.161277 0.078368 0.036355 0.018370 0.011758 0.009367 0.008227 0.007870 0.009340 0.014892 0.028050 0.053684 0.097907 0.167736 0.270467 0.412318 0.595420 0.812850 1.043884 1.253952 1.402340 1.455288 1.397780 1.238516 1.007256 0.746551 0.500045 0.300342 
0.230810 0.119823 0.057361 0.027362 0.015064 0.010563 0.008797 0.008048 0.008605 0.012116 0.021471 0.040867 0.075795 0.132821 0.219101 0.341392 0.503869 0.704135 0.928367 1.148918 1.328146 1.428814 1.426534 1.318148 1.122886 0.876903 0.623298 0.400194 
0.315502 0.175316 0.088592 0.042362 0.021213 0.012813 0.009680 0.008423 0.008327 0.010360 0.016794 0.031169 0.058331 0.104308 0.175961 0.280247 0.422631 0.604002 0.816251 1.038642 1.238532 1.378480 1.427674 1.372341 1.220517 0.999895 0.750101 0.511746 
0.413624 0.245409 0.131954 0.065477 0.031787 0.017013 0.011247 0.009051 0.008375 0.009343 0.013577 0.023981 0.044750 0.081320 0.140135 0.228104 0.351439 0.513316 0.710126 0.927447 1.138587 1.308506 1.403077 1.400007 1.296429 1.110206 0.874998 0.630923 
0.522274 0.329516 0.188681 0.098716 0.048632 0.024400 0.014130 0.010149 0.008713 0.008859 0.011460 0.018779 0.034366 0.063035 0.110727 0.184120 0.289771 0.432377 0.611721 0.818786 1.033017 1.223546 1.355791 1.401542 1.348218 1.203317 0.992602 0.752961 
0.637617 0.425895 0.259099 0.143699 0.073674 0.036516 0.019265 0.012139 0.009431 0.008786 0.010160 0.015120 0.026572 0.048700 0.086881 0.147423 0.236945 0.361074 0.522049 0.715254 0.925902 1.128282 1.289669 1.378667 1.374880 1.275768 1.097959 0.872781 
