0.240782 0.249222 0.225702 0.201374 0.217446 0.805060 1.466600 1.669365 1.856833 1.973844 1.992428 1.422121 0.798130 0.657157 0.519668 0.389778 0.267597 0.159480 0.076889 0.027024 0.005809 0.000580 0.000368 0.004749 0.023322 0.065595 0.129071 0.195294 
0.218038 0.245002 0.237462 0.213538 0.209410 0.511253 1.135830 1.567982 1.763099 1.915339 1.983136 1.707274 1.110125 0.727643 0.588413 0.454723 0.328688 0.213538 0.118184 0.051956 0.016416 0.003195 0.000474 0.002559 0.014035 0.044459 0.097333 0.162182 
0.190110 0.231520 0.241232 0.225500 0.211474 0.360331 0.823541 1.351906 1.665541 1.839219 1.949237 1.845205 1.408700 0.918884 0.658028 0.521568 0.391705 0.271113 0.165861 0.085070 0.034186 0.009805 0.001834 0.001516 0.008297 0.029247 0.070896 0.129758 
0.159934 0.210815 0.236376 0.233366 0.218487 0.285903 0.591936 1.087724 1.508723 1.752380 1.894228 1.897221 1.626953 1.163792 0.788456 0.589798 0.456637 0.331409 0.218487 0.125466 0.059628 0.021996 0.005820 0.001675 0.004907 0.018772 0.050071 0.100327 
0.130130 0.185374 0.223595 0.234871 0.225926 0.252195 0.438920 0.839830 1.298224 1.630552 1.823304 1.895725 1.762087 1.395372 0.976124 0.689127 0.523217 0.394023 0.274948 0.171976 0.092547 0.040812 0.013908 0.003748 0.003291 0.011839 0.034422 0.075199 
0.102665 0.157752 0.204485 0.229233 0.230399 0.239061 0.345557 0.639375 1.069027 1.464388 1.726928 1.859514 1.828906 1.578730 1.185748 0.832626 0.606172 0.458620 0.334485 0.223462 0.132262 0.066679 0.027360 0.008828 0.003519 0.007565 0.023130 0.054810 
0.078738 0.130209 0.181119 0.216859 0.229816 0.234730 0.292309 0.492466 0.854201 1.266707 1.595658 1.793221 1.844210 1.703818 1.382239 1.009187 0.719399 0.532396 0.396553 0.278974 0.177862 0.099471 0.047020 0.018094 0.006174 0.005542 0.015348 0.038970 
0.058854 0.104473 0.155664 0.198989 0.223337 0.232273 0.263519 0.392387 0.673333 1.060454 1.431182 1.694439 1.818716 1.774014 1.543028 1.195713 0.864293 0.625898 0.464474 0.337763 0.228418 0.138666 0.073245 0.032557 0.012134 0.005858 0.010445 0.027159 
0.043007 0.081664 0.130068 0.177326 0.211163 0.227805 0.247896 0.327953 0.532860 0.866894 1.245818 1.562811 1.756577 1.796365 1.658521 1.369371 1.030003 0.745095 0.545186 0.401119 0.283091 0.183542 0.105956 0.052901 0.022345 0.008996 0.008151 0.018802 
0.030904 0.062335 0.105866 0.153697 0.194245 0.219484 0.237851 0.287925 0.430407 0.699877 1.056356 1.404315 1.659694 1.776471 1.727443 1.513946 1.199687 0.887549 0.645141 0.473152 0.342105 0.233316 0.144749 0.079428 0.037623 0.015671 0.008574 0.013477 
0.022191 0.046620 0.084100 0.129782 0.173971 0.206864 0.228667 0.262888 0.359166 0.565142 0.878117 1.230335 1.532004 1.718083 1.751957 1.620694 1.356816 1.043618 0.766345 0.559147 0.407629 0.287711 0.189033 0.112089 0.058526 0.026647 0.012122 0.011025 
0.016608 0.034405 0.065360 0.106941 0.151876 0.190418 0.217766 0.245778 0.311027 0.462154 0.721629 1.054226 1.381170 1.625043 1.735020 1.686326 1.488755 1.200217 0.904981 0.662746 0.483388 0.347670 0.238372 0.150561 0.085307 0.042586 0.019384 0.011574 
0.014091 0.025507 0.049883 0.086151 0.129409 0.171147 0.204092 0.231772 0.278402 0.386590 0.591892 0.887928 1.217698 1.503107 1.680032 1.710673 1.587541 1.344486 1.052599 0.783864 0.573067 0.415529 0.293021 0.194466 0.117934 0.063947 0.030985 0.015479 
0.014785 0.019799 0.037695 0.068017 0.107780 0.150278 0.187619 0.217932 0.255087 0.332496 0.489241 0.739910 1.052813 1.360402 1.591569 1.695352 1.649107 1.466013 1.198543 0.918231 0.678465 0.494298 0.354275 0.243743 0.156200 0.090940 0.047466 0.023232 
0.019009 0.017292 0.028747 0.052856 0.087898 0.129029 0.168949 0.202776 0.236509 0.293792 0.410869 0.614575 0.896361 1.206608 1.475986 1.643461 1.672229 1.557560 1.332278 1.058387 0.798348 0.586381 0.424286 0.299009 0.199972 0.123570 0.069203 0.035349 
0.027179 0.018150 0.023019 0.040801 0.070377 0.108463 0.148989 0.185862 0.219642 0.265150 0.352330 0.512722 0.755468 1.051484 1.341297 1.559723 1.657845 1.614895 1.444919 1.195333 0.928368 0.692365 0.505334 0.361648 0.249490 0.161771 0.096387 0.052276 
0.039728 0.022665 0.020585 0.031910 0.055589 0.089420 0.128726 0.167425 0.202752 0.242396 0.308740 0.432526 0.634095 0.903476 1.196390 1.450510 1.608784 1.636370 1.529907 1.320126 1.061850 0.810366 0.598849 0.433491 0.305569 0.205631 0.129079 0.074331 
0.057029 0.031196 0.021625 0.026247 0.043750 0.072505 0.109073 0.148076 0.185089 0.222574 0.275568 0.370633 0.533311 0.768786 1.049933 1.323450 1.529647 1.622577 1.583138 1.425016 1.190988 0.936108 0.704608 0.516170 0.369530 0.255600 0.167355 0.101705 
0.079367 0.044113 0.026410 0.023936 0.034998 0.058127 0.090789 0.128574 0.166582 0.203832 0.249071 0.323101 0.451972 0.651048 0.909360 1.186692 1.426549 1.576112 1.602858 1.504077 1.308002 1.063548 0.820358 0.610389 0.442850 0.312565 0.211477 0.134530 
0.106949 0.061740 0.035262 0.025173 0.029467 0.046563 0.074458 0.109682 0.147578 0.185207 0.226451 0.286086 0.387536 0.551510 0.780204 1.048026 1.306620 1.501330 1.589485 1.553468 1.406040 1.185775 0.941953 0.715373 0.526619 0.377707 0.262021 0.173004 
0.139976 0.084344 0.048501 0.030217 0.027320 0.038015 0.060510 0.092070 0.128630 0.166393 0.205829 0.256269 0.336811 0.469523 0.665857 0.914115 1.177323 1.403975 1.545408 1.571476 1.479754 1.295907 1.063864 0.828663 0.620996 0.452163 0.319864 0.217512 
0.178744 0.112160 0.066423 0.039359 0.028769 0.032668 0.049263 0.076290 0.110350 0.147511 0.186111 0.231049 0.296540 0.403167 0.567690 0.789986 1.045719 1.290649 1.474691 1.558442 1.525615 1.387831 1.179886 0.946264 0.724830 0.536580 0.386014 0.268688 
0.223716 0.145452 0.089291 0.052891 0.034064 0.030718 0.040965 0.062776 0.093320 0.128931 0.166811 0.208580 0.263794 0.349854 0.485429 0.678838 0.917852 1.168184 1.382670 1.516567 1.542028 1.456723 1.283858 1.063075 0.835547 0.630705 0.461297 0.327351 
0.275534 0.184584 0.117372 0.071091 0.043477 0.032391 0.035842 0.051871 0.078048 0.111125 0.147871 0.187696 0.236187 0.306824 0.417641 0.582133 0.798345 1.043018 1.275427 1.449618 1.529298 1.499376 1.370290 1.173466 0.949311 0.733126 0.546001 0.394324 
0.334929 0.230059 0.150978 0.094231 0.057284 0.037934 0.034116 0.043856 0.064959 0.094587 0.129498 0.167783 0.211941 0.271506 0.362233 0.499887 0.690239 0.920682 1.159223 1.362523 1.489458 1.514337 1.434833 1.271878 1.061389 0.841218 0.639563 0.470162 
0.402546 0.282494 0.190518 0.122605 0.075758 0.047609 0.036025 0.038986 0.054408 0.079773 0.112042 0.148641 0.189862 0.241724 0.316869 0.431060 0.595063 0.805460 1.039952 1.260873 1.425990 1.501897 1.474585 1.353356 1.166633 0.951303 0.740391 0.554863 
0.478704 0.342520 0.236506 0.156562 0.099181 0.061684 0.041817 0.037506 0.046697 0.067090 0.095908 0.130342 0.169251 0.215793 0.279296 0.373964 0.513062 0.700262 0.922706 1.150412 1.343432 1.463944 1.488241 1.413970 1.259995 1.058968 0.845847 0.647627 
0.563165 0.410612 0.289513 0.196534 0.127871 0.080432 0.051750 0.039662 0.042101 0.056894 0.081499 0.113125 0.149796 0.192522 0.247545 0.326630 0.443513 0.606662 0.811484 1.036559 1.246922 1.403688 1.476092 1.451106 1.336982 1.159482 0.952408 0.746737 
