0.237940 0.237940 0.695356 1.129345 1.066667 1.027024 1.016031 1.030715 0.572609 0.156587 0.305060 0.527458 0.798130 1.051820 1.207035 1.207035 1.051820 0.798130 0.527458 0.305060 0.156587 0.072609 0.030715 0.016031 0.027024 0.066667 0.129345 0.195356 
0.216648 0.237940 0.466648 0.912350 1.098006 1.046845 1.021527 1.023373 0.801662 0.364598 0.230824 0.416259 0.662794 0.924975 1.129428 1.207035 1.129428 0.924975 0.662794 0.416259 0.230824 0.114598 0.051662 0.023373 0.021527 0.046845 0.098006 0.162350 
0.189499 0.227294 0.352294 0.689499 1.005178 1.072426 1.034186 1.022450 0.912517 0.583130 0.297711 0.323541 0.539527 0.793884 1.027201 1.168232 1.168232 1.027201 0.793884 0.539527 0.323541 0.172711 0.083130 0.037517 0.022450 0.034186 0.072426 0.130178 
0.159839 0.208396 0.289794 0.520896 0.847339 1.038802 1.053306 1.028318 0.967484 0.747824 0.440421 0.310626 0.431534 0.666705 0.910543 1.097717 1.168232 1.097717 0.910543 0.666705 0.431534 0.248126 0.127921 0.060324 0.029984 0.028318 0.053306 0.101302 
0.130570 0.184118 0.249095 0.405345 0.684118 0.943070 1.046054 1.040812 0.997901 0.857654 0.594122 0.375523 0.371080 0.549120 0.788624 1.004130 1.132974 1.132974 1.004130 0.788624 0.549120 0.339830 0.188023 0.094122 0.045154 0.029151 0.040812 0.077304 
0.103937 0.157344 0.216606 0.327220 0.544731 0.813594 0.994562 1.043433 1.019356 0.927777 0.725888 0.484823 0.373302 0.460100 0.668872 0.896377 1.068552 1.132974 1.068552 0.896377 0.668872 0.444475 0.263927 0.141073 0.069638 0.037152 0.034981 0.059058 
0.081498 0.130641 0.186975 0.271913 0.435976 0.679163 0.904078 1.018998 1.031395 0.973567 0.826833 0.605355 0.429062 0.416701 0.564486 0.782624 0.982464 1.100763 1.100763 0.982464 0.782624 0.556673 0.354201 0.202500 0.105355 0.053395 0.036067 0.047020 
0.064259 0.106069 0.158808 0.229444 0.353944 0.557569 0.791620 0.961538 1.025196 1.002481 0.900200 0.716094 0.517209 0.422882 0.490593 0.673555 0.882544 1.041614 1.100763 1.041614 0.882544 0.669649 0.455437 0.278350 0.153928 0.079375 0.044731 0.041543 
0.052901 0.085164 0.132438 0.194126 0.291694 0.455757 0.674595 0.876579 0.993367 1.013838 0.951340 0.808147 0.616651 0.470045 0.456737 0.582074 0.778050 0.962079 1.071188 1.071188 0.962079 0.776097 0.562543 0.366894 0.216139 0.116651 0.062053 0.043137 
0.048019 0.069032 0.108801 0.163282 0.242910 0.373726 0.565176 0.775587 0.934973 1.003603 0.982589 0.879744 0.712399 0.543348 0.463391 0.519406 0.680062 0.870064 1.016634 1.071188 1.016634 0.869088 0.669320 0.464718 0.291516 0.166395 0.089352 0.052595 
0.050307 0.058526 0.088917 0.136042 0.203096 0.308318 0.469451 0.670381 0.855280 0.969288 0.993096 0.931166 0.796071 0.627874 0.503370 0.491399 0.599734 0.775063 0.943349 1.043911 1.043911 0.942861 0.769204 0.567019 0.378117 0.228956 0.127874 0.070974 
0.060640 0.054416 0.073721 0.112479 0.169569 0.255707 0.388884 0.569916 0.762831 0.912284 0.981192 0.962131 0.863619 0.711973 0.565622 0.497384 0.545566 0.687399 0.859206 0.993630 1.043911 0.993386 0.856032 0.668112 0.472568 0.303537 0.178415 0.099424 
0.080032 0.057528 0.064069 0.093100 0.141024 0.212638 0.322296 0.479400 0.666373 0.837557 0.946738 0.971662 0.912875 0.787796 0.638797 0.531503 0.521475 0.616482 0.773302 0.926418 1.018771 1.018648 0.924709 0.762072 0.570340 0.388052 0.240976 0.138919 
0.109476 0.068780 0.060799 0.078585 0.117062 0.176831 0.267467 0.400848 0.572887 0.751965 0.892148 0.959200 0.942268 0.850335 0.713296 0.585150 0.526489 0.568979 0.694892 0.849860 0.972594 1.018709 0.971679 0.843391 0.666206 0.479196 0.314514 0.189947 
0.149712 0.089128 0.064789 0.069692 0.097823 0.146947 0.222149 0.334157 0.486867 0.662426 0.822056 0.925674 0.950734 0.896302 0.781816 0.649223 0.555820 0.547734 0.631936 0.772376 0.911227 0.995652 0.995194 0.907535 0.754798 0.572701 0.396855 0.252231 
0.200971 0.119420 0.076959 0.067241 0.083757 0.122385 0.184548 0.278153 0.410512 0.574647 0.742241 0.873865 0.938204 0.923518 0.839059 0.715520 0.602521 0.551777 0.589835 0.702156 0.841802 0.953440 0.995423 0.951364 0.831166 0.663750 0.484778 0.324543 
0.262757 0.160195 0.098189 0.072100 0.075499 0.103071 0.153466 0.231350 0.344333 0.492579 0.658444 0.808053 0.906034 0.930861 0.881288 0.777289 0.659021 0.577149 0.570806 0.645995 0.771979 0.897621 0.974431 0.973394 0.891265 0.747458 0.574264 0.404660 
0.333709 0.211476 0.129192 0.085144 0.073799 0.089285 0.128269 0.192408 0.287842 0.418456 0.575512 0.733249 0.857044 0.918448 0.906075 0.829289 0.718155 0.618085 0.573977 0.608401 0.708987 0.834800 0.936026 0.973913 0.932330 0.819362 0.660861 0.489462 
0.411585 0.272593 0.170334 0.107168 0.079472 0.081542 0.108777 0.160339 0.240125 0.353149 0.496984 0.654380 0.795146 0.887746 0.912261 0.867682 0.773722 0.668120 0.596031 0.591189 0.658694 0.771893 0.885413 0.954969 0.953121 0.875846 0.740111 0.575162 
0.493374 0.342089 0.221463 0.138751 0.093320 0.080507 0.095160 0.134558 0.200232 0.296637 0.425066 0.575682 0.724763 0.841446 0.900003 0.889971 0.820702 0.720921 0.632076 0.593610 0.624941 0.715294 0.828653 0.920191 0.954045 0.914483 0.807978 0.657636 
0.575505 0.417731 0.281776 0.180107 0.116036 0.086914 0.087833 0.114859 0.167395 0.248434 0.360852 0.500374 0.650223 0.783105 0.870725 0.894987 0.855337 0.770811 0.676498 0.612843 0.609276 0.670118 0.771973 0.874422 0.937118 0.934264 0.861231 0.732807 
0.654156 0.496618 0.349754 0.230942 0.148072 0.101475 0.087373 0.101346 0.141127 0.207915 0.304643 0.430613 0.575298 0.716664 0.826915 0.882856 0.875162 0.813074 0.723655 0.644671 0.611059 0.639697 0.721046 0.823198 0.905770 0.935691 0.897748 0.797019 
0.725588 0.575387 0.423186 0.290348 0.189507 0.124773 0.094424 0.094360 0.121236 0.174521 0.256279 0.367628 0.502956 0.645981 0.771789 0.854885 0.879009 0.844118 0.768364 0.684163 0.627865 0.625378 0.680371 0.772122 0.864484 0.920731 0.916719 0.847383 
0.786486 0.650487 0.499287 0.356767 0.239927 0.157140 0.109599 0.094392 0.107798 0.147878 0.215400 0.311953 0.435292 0.574468 0.708885 0.813337 0.866947 0.861564 0.806241 0.726264 0.656014 0.626621 0.652875 0.726246 0.818303 0.892607 0.918725 0.882051 
0.834268 0.718486 0.574887 0.428027 0.298347 0.198534 0.133369 0.101995 0.101095 0.127838 0.181639 0.263677 0.373623 0.504880 0.641677 0.761111 0.840142 0.864255 0.833902 0.766252 0.691139 0.641318 0.639748 0.689560 0.772275 0.855455 0.905666 0.900388 
0.867328 0.776377 0.646687 0.501457 0.363187 0.248440 0.165951 0.117682 0.101545 0.114467 0.154739 0.222658 0.318650 0.439251 0.573278 0.701394 0.800627 0.852199 0.849079 0.800077 0.728696 0.666228 0.640533 0.664654 0.730918 0.813865 0.880561 0.903027 
0.885178 0.821853 0.711532 0.574072 0.432322 0.305814 0.207196 0.141817 0.109614 0.108006 0.134603 0.188698 0.270654 0.378950 0.506265 0.637336 0.751010 0.826413 0.850639 0.824578 0.764386 0.697462 0.653380 0.652594 0.697786 0.772391 0.847213 0.891794 
0.888486 0.853515 0.766693 0.642802 0.503197 0.369068 0.256505 0.174506 0.125715 0.108810 0.121304 0.161650 0.229676 0.324802 0.442608 0.571800 0.694173 0.788712 0.838526 0.837608 0.794482 0.730924 0.675421 0.652987 0.675190 0.735089 0.809802 0.869503 
