0.048875 0.032542 0.017471 0.509534 1.012478 1.030485 1.072380 1.153035 1.287570 0.978262 0.701326 0.905350 1.028590 1.028590 0.905350 0.701326 0.478262 0.287570 0.153035 0.072380 0.030485 0.012478 0.009534 0.017471 0.032542 0.048885 0.059494 0.059484 
0.054180 0.040708 0.025006 0.263502 0.761006 1.021482 1.051432 1.112707 1.220303 1.132916 0.839794 0.803338 0.966970 1.028590 0.966970 0.803338 0.589794 0.382916 0.220303 0.112707 0.051432 0.021482 0.011006 0.013502 0.025006 0.040713 0.054190 0.059489 
0.056834 0.047444 0.032857 0.144254 0.512254 0.891244 1.036457 1.082070 1.166505 1.176609 0.986355 0.821566 0.885154 0.997780 0.997780 0.885154 0.696566 0.486355 0.301609 0.166505 0.082070 0.036457 0.016244 0.012254 0.019254 0.032860 0.047452 0.056839 
0.056837 0.052139 0.040151 0.088556 0.328254 0.701749 0.963850 1.059263 1.124287 1.171557 1.081482 0.903961 0.853360 0.941467 0.997780 0.941467 0.790860 0.591461 0.393982 0.234057 0.124287 0.059263 0.026350 0.014249 0.015754 0.026057 0.040156 0.052146 
0.054491 0.054488 0.046145 0.064353 0.208405 0.515002 0.832800 1.011557 1.091775 1.147922 1.126520 0.992722 0.878660 0.897413 0.969623 0.969623 0.866163 0.691160 0.492722 0.314020 0.179172 0.091775 0.042807 0.020300 0.015002 0.020906 0.033106 0.046151 
0.050321 0.054490 0.050316 0.055249 0.136379 0.361703 0.673901 0.922178 1.051666 1.119849 1.137221 1.059621 0.935691 0.888037 0.933518 0.969623 0.917893 0.778662 0.591941 0.403371 0.246596 0.135474 0.067291 0.031553 0.017651 0.017954 0.027006 0.039629 
0.044975 0.052405 0.052403 0.052783 0.095814 0.249041 0.517802 0.798039 0.986922 1.085757 1.128535 1.098421 0.997656 0.911864 0.910778 0.951571 0.943758 0.848278 0.685301 0.497656 0.324983 0.191035 0.101382 0.049422 0.024602 0.017802 0.022480 0.033317 
0.039146 0.048690 0.052404 0.052593 0.074298 0.172428 0.383422 0.657921 0.892481 1.036340 1.107146 1.113478 1.048038 0.954760 0.911321 0.931174 0.947665 0.896018 0.766790 0.591479 0.411320 0.258009 0.146209 0.075402 0.037012 0.021202 0.020141 0.027899 
0.033522 0.043918 0.050547 0.052499 0.063446 0.123363 0.277925 0.520671 0.775201 0.964410 1.071743 1.110312 1.080758 1.001399 0.933040 0.921248 0.939419 0.921841 0.831404 0.679134 0.501399 0.334664 0.202109 0.110806 0.056207 0.029107 0.020672 0.024020 
0.028771 0.038720 0.047233 0.051523 0.057972 0.093404 0.200644 0.399298 0.647936 0.869806 1.018077 1.091028 1.095535 1.041079 0.967220 0.927144 0.930333 0.930630 0.876623 0.755269 0.590267 0.418032 0.268387 0.156457 0.083506 0.042657 0.024889 0.022346 
0.025558 0.033746 0.042976 0.049378 0.054747 0.075688 0.147024 0.299971 0.523617 0.758871 0.943941 1.054552 1.093281 1.068307 1.004149 0.947182 0.928739 0.930482 0.903626 0.815946 0.672768 0.504149 0.343209 0.212422 0.119982 0.063082 0.033773 0.023618 
0.024588 0.029652 0.038361 0.046177 0.052063 0.065218 0.111356 0.223498 0.411794 0.641244 0.851406 0.999247 1.073917 1.080794 1.036228 0.975665 0.937960 0.929610 0.917054 0.859786 0.744357 0.588458 0.423679 0.277816 0.166202 0.091532 0.048427 0.028695 
0.026642 0.027120 0.034006 0.042269 0.049120 0.058640 0.088287 0.167427 0.317646 0.526519 0.746325 0.925326 1.036582 1.077355 1.058511 1.005947 0.956813 0.933785 0.923332 0.888420 0.802071 0.666408 0.506069 0.350747 0.222009 0.128867 0.069980 0.038561 
0.032602 0.026881 0.030563 0.038138 0.045694 0.053880 0.073464 0.127857 0.242536 0.422082 0.636422 0.835826 0.980954 1.056969 1.067933 1.032229 0.981380 0.945299 0.928559 0.905876 0.845246 0.734239 0.586238 0.428408 0.286378 0.175438 0.099423 0.054271 
0.043436 0.029741 0.028722 0.034350 0.041916 0.049787 0.063672 0.100660 0.185197 0.332309 0.529252 0.736124 0.908390 1.018961 1.062451 1.050081 1.006804 0.963339 0.936929 0.917217 0.875561 0.789743 0.660239 0.507323 0.357393 0.230908 0.137430 0.076847 
0.060141 0.036589 0.029232 0.031536 0.038133 0.045852 0.056730 0.082166 0.142928 0.258753 0.430781 0.632688 0.822257 0.963676 1.040706 1.056266 1.028443 0.985072 0.950134 0.927073 0.896389 0.832652 0.724991 0.583781 0.432358 0.294150 0.184169 0.107139 
0.083640 0.048365 0.032910 0.030384 0.034835 0.041992 0.051291 0.069448 0.112547 0.200841 0.344767 0.531734 0.727472 0.892966 1.002191 1.048486 1.042354 1.006757 0.967603 0.938604 0.911731 0.864521 0.778821 0.654386 0.508070 0.363254 0.239160 0.145654 
0.114647 0.066003 0.040638 0.031647 0.032609 0.038414 0.046642 0.060369 0.090998 0.156694 0.272804 0.438251 0.629603 0.810219 0.947578 1.025338 1.045420 1.024556 0.987180 0.953103 0.925167 0.888126 0.821671 0.716604 0.581228 0.435662 0.301207 0.192407 
0.153527 0.090325 0.053320 0.036142 0.032128 0.035511 0.042528 0.053505 0.075683 0.123846 0.214749 0.355527 0.533927 0.719911 0.878899 0.986458 1.035379 1.034988 1.005868 0.970142 0.939135 0.906647 0.854898 0.769137 0.648916 0.508445 0.368434 0.246807 
0.200167 0.121926 0.071822 0.044731 0.034135 0.033820 0.039020 0.048016 0.064594 0.099765 0.169297 0.285138 0.444727 0.626919 0.799405 0.932679 1.010919 1.035184 1.020428 0.988005 0.954639 0.922891 0.880773 0.812018 0.709026 0.578680 0.438440 0.307621 
0.253894 0.161046 0.096874 0.058277 0.039433 0.033978 0.036420 0.043518 0.056305 0.082179 0.134531 0.227218 0.364933 0.535823 0.713162 0.866042 0.971799 1.023051 1.027806 1.004216 0.971322 0.938765 0.901832 0.846395 0.760522 0.643853 0.508560 0.373030 
0.313462 0.207470 0.128960 0.077575 0.048855 0.036705 0.035199 0.039969 0.049912 0.069242 0.108355 0.180874 0.296075 0.450378 0.624493 0.789602 0.918920 0.997425 1.025429 1.016011 0.987769 0.955043 0.920298 0.874113 0.803459 0.702188 0.576207 0.440795 
0.377129 0.260466 0.168215 0.103268 0.063215 0.042780 0.035952 0.037584 0.044940 0.059577 0.088799 0.144615 0.238475 0.373226 0.537435 0.707047 0.854261 0.958173 1.011427 1.020720 1.001890 0.971406 0.937671 0.897206 0.838786 0.752823 0.639197 0.508501 
0.442815 0.318797 0.214341 0.135742 0.083242 0.052998 0.039366 0.036768 0.041262 0.052259 0.074188 0.116707 0.191545 0.305851 0.455331 0.622241 0.780654 0.906217 0.984800 1.016073 1.011305 0.986648 0.954538 0.917438 0.867996 0.795805 0.696010 0.573849 
0.508332 0.380806 0.266569 0.175041 0.109492 0.068120 0.046182 0.038067 0.039015 0.046760 0.063223 0.095447 0.154126 0.248698 0.380591 0.538786 0.701448 0.843436 0.945508 1.000436 1.013689 0.998977 0.970593 0.935988 0.892717 0.831900 0.745907 0.634930 
0.571631 0.444569 0.323687 0.220805 0.142266 0.088806 0.057151 0.042124 0.038541 0.042888 0.054992 0.079335 0.124787 0.201412 0.314644 0.459688 0.620117 0.772442 0.894472 0.972972 1.007063 1.006333 0.984785 0.953291 0.914353 0.862309 0.788904 0.690418 
0.631025 0.508100 0.384128 0.272246 0.181536 0.115536 0.072978 0.049638 0.040333 0.040714 0.048940 0.067164 0.102061 0.163099 0.258028 0.387166 0.539903 0.696279 0.833457 0.933722 0.990018 1.006698 0.995559 0.969038 0.933822 0.888331 0.825606 0.739661 
0.685343 0.569562 0.446114 0.328187 0.226891 0.148536 0.094257 0.061308 0.044985 0.040523 0.044827 0.058052 0.084612 0.132580 0.210564 0.322597 0.463534 0.618091 0.764868 0.883589 0.961870 0.998358 1.001128 0.982298 0.951430 0.911076 0.856969 0.782634 
