0.008736 0.030428 0.072322 0.152147 0.283198 0.465963 1.177125 1.868732 1.983978 1.983978 1.868732 1.677125 0.965963 0.283198 0.152147 0.072322 0.030428 0.011590 0.005161 0.005172 0.008341 0.012268 0.014883 0.014873 0.012206 0.008067 0.004100 0.001457 
0.005097 0.019582 0.051375 0.112234 0.217672 0.374581 0.821544 1.522929 1.926355 1.983978 1.926355 1.772929 1.321544 0.624581 0.217672 0.112234 0.051375 0.021009 0.008376 0.005167 0.006756 0.010304 0.013575 0.014878 0.013539 0.010137 0.006083 0.002779 
0.003938 0.012339 0.035478 0.081805 0.164953 0.296126 0.598062 1.172237 1.724642 1.955167 1.955167 1.849642 1.547237 0.973062 0.421126 0.164953 0.081805 0.036192 0.014692 0.006771 0.005962 0.008530 0.011940 0.014226 0.014209 0.011838 0.008110 0.004431 
0.004184 0.008138 0.023909 0.058641 0.123379 0.230540 0.447094 0.885149 1.448439 1.839904 1.955167 1.902404 1.698439 1.260149 0.697094 0.293040 0.123379 0.058998 0.025442 0.010732 0.006366 0.007246 0.010235 0.013083 0.014218 0.013023 0.009974 0.006270 
0.005227 0.006161 0.016024 0.041275 0.091010 0.176959 0.338817 0.666122 1.166794 1.644172 1.897536 1.928786 1.800422 1.479294 0.978622 0.495067 0.208209 0.091189 0.042220 0.018087 0.008549 0.006806 0.008741 0.011659 0.013650 0.013620 0.011499 0.008122 
0.006675 0.005694 0.011092 0.028649 0.066143 0.133985 0.257888 0.502470 0.916458 1.405483 1.770854 1.913161 1.864604 1.639858 1.228958 0.736845 0.351638 0.149699 0.066704 0.030154 0.013318 0.007678 0.007773 0.010200 0.012655 0.013635 0.012560 0.009810 
0.008243 0.006185 0.008393 0.019871 0.047396 0.100064 0.195937 0.380179 0.709464 1.160971 1.588168 1.842007 1.888882 1.752231 1.434408 0.982901 0.544241 0.250669 0.108202 0.048429 0.021736 0.010498 0.007725 0.008987 0.011427 0.013145 0.013097 0.011185 
0.009714 0.007214 0.007289 0.014132 0.033633 0.073730 0.148000 0.288058 0.544821 0.935217 1.374570 1.715088 1.865445 1.820557 1.593320 1.208655 0.763571 0.397455 0.179435 0.078315 0.035082 0.016117 0.009112 0.008356 0.010207 0.012286 0.013121 0.012141 
0.010927 0.008464 0.007251 0.010711 0.023883 0.053682 0.110865 0.218029 0.416440 0.740019 1.154893 1.544829 1.790266 1.843001 1.706938 1.400987 0.986113 0.580513 0.288445 0.128875 0.056699 0.025600 0.012614 0.008734 0.009281 0.011247 0.012704 0.012631 
0.011779 0.009696 0.007858 0.008981 0.017297 0.038782 0.082273 0.164447 0.317234 0.578229 0.947456 1.349861 1.667547 1.816633 1.774969 1.553963 1.193550 0.783313 0.434479 0.208660 0.092787 0.041149 0.019107 0.010674 0.009008 0.010264 0.011975 0.012667 
0.012223 0.010737 0.008777 0.008419 0.013139 0.028039 0.060528 0.123360 0.240841 0.447732 0.762843 1.148659 1.508704 1.742090 1.795801 1.664466 1.373756 0.988432 0.608896 0.321570 0.150724 0.066968 0.030128 0.014890 0.009841 0.009636 0.011120 0.012321 
0.012272 0.011480 0.009757 0.008598 0.010779 0.020589 0.044284 0.091944 0.182100 0.344286 0.605287 0.955751 1.328681 1.625397 1.768946 1.730134 1.519111 1.181094 0.798664 0.465233 0.236147 0.108846 0.048548 0.022509 0.012366 0.009738 0.010378 0.011720 
0.011996 0.011876 0.010619 0.009177 0.009688 0.015684 0.032436 0.068114 0.137022 0.263193 0.474787 0.780519 1.142216 1.477039 1.697172 1.749540 1.624622 1.350103 0.989879 0.631948 0.350690 0.172496 0.078697 0.035529 0.017437 0.011052 0.010058 0.011049 
0.011523 0.011936 0.011248 0.009898 0.009433 0.012686 0.024060 0.050275 0.102568 0.200108 0.368990 0.627653 0.961368 1.309628 1.587106 1.723356 1.687081 1.487363 1.169991 0.810914 0.491319 0.261593 0.125597 0.057113 0.026483 0.014245 0.010555 0.010554 
0.011038 0.011730 0.011592 0.010573 0.009666 0.011060 0.018373 0.037168 0.076422 0.151338 0.284549 0.498322 0.794510 1.135498 1.448367 1.655231 1.705218 1.587222 1.328677 0.990452 0.651116 0.376456 0.193595 0.091355 0.041798 0.020364 0.012400 0.010554 
0.010796 0.011384 0.011661 0.011082 0.010119 0.010363 0.014716 0.027770 0.056795 0.113880 0.217943 0.391435 0.646416 0.965004 1.291932 1.551799 1.680225 1.646220 1.457949 1.159564 0.820784 0.513786 0.285025 0.142475 0.066576 0.031081 0.016382 0.011477 
0.011137 0.011090 0.011522 0.011372 0.010601 0.010241 0.012540 0.021243 0.042283 0.085337 0.165912 0.304689 0.518926 0.805710 1.128468 1.421865 1.616012 1.663222 1.552085 1.308757 0.990174 0.667285 0.399406 0.213750 0.104526 0.048829 0.023731 0.013929 
0.012533 0.011113 0.011306 0.011447 0.010986 0.010421 0.011390 0.016891 0.031763 0.063810 0.125624 0.235300 0.411807 0.662318 0.967089 1.275167 1.518938 1.639617 1.607653 1.430421 1.149466 0.828730 0.533346 0.306578 0.159138 0.076677 0.036280 0.018830 
0.015682 0.011823 0.011210 0.011377 0.011217 0.010704 0.010906 0.014141 0.024327 0.047786 0.094717 0.180462 0.323554 0.537063 0.814703 1.121128 1.397053 1.579278 1.623635 1.519037 1.289943 0.989098 0.681038 0.419962 0.232858 0.117907 0.056479 0.027555 
0.021618 0.013752 0.011516 0.011293 0.011297 0.010960 0.010805 0.012523 0.019234 0.036057 0.071252 0.137590 0.252008 0.430308 0.675883 0.967916 1.259090 1.488165 1.601456 1.571336 1.404490 1.139520 0.835068 0.550500 0.326410 0.175383 0.087193 0.042017 
0.031818 0.017685 0.012634 0.011405 0.011295 0.011128 0.010882 0.011664 0.015879 0.027645 0.053654 0.104421 0.194799 0.341158 0.553096 0.821899 1.113503 1.373628 1.544811 1.586396 1.487913 1.272005 0.987294 0.692784 0.438455 0.250896 0.131288 0.064605 
0.048211 0.024752 0.015160 0.012020 0.011350 0.011212 0.011005 0.011273 0.013771 0.021762 0.040650 0.079038 0.149610 0.267979 0.447127 0.687497 0.967701 1.243565 1.459219 1.565604 1.537155 1.379959 1.129650 0.840039 0.565619 0.344676 0.191092 0.097946 
0.073079 0.036481 0.019956 0.013590 0.011685 0.011281 0.011108 0.011139 0.012522 0.017767 0.031206 0.059844 0.114324 0.208794 0.357553 0.567312 0.827599 1.105633 1.351392 1.512411 1.551379 1.458557 1.254804 0.984844 0.702829 0.455147 0.267884 0.144519 
0.108799 0.054780 0.028219 0.016773 0.012637 0.011483 0.011195 0.011124 0.011831 0.015144 0.024486 0.045525 0.087084 0.161559 0.283173 0.462432 0.697456 0.966616 1.228513 1.431902 1.531895 1.504968 1.356681 1.119824 0.843837 0.578988 0.361516 0.206202 
0.157500 0.081790 0.041499 0.022496 0.014705 0.012060 0.011339 0.011159 0.011477 0.013488 0.019815 0.035006 0.066304 0.124321 0.222366 0.372803 0.579944 0.832036 1.097565 1.330207 1.481899 1.518432 1.430824 1.238253 0.981831 0.711412 0.470252 0.283859 
0.220679 0.119645 0.061644 0.031998 0.018600 0.013382 0.011699 0.011249 0.011318 0.012482 0.016651 0.027410 0.050655 0.095313 0.173344 0.297585 0.476374 0.705990 0.964800 1.213886 1.406053 1.500165 1.474628 1.334538 1.110042 0.846621 0.590832 0.377055 
0.298867 0.170162 0.090645 0.046821 0.025299 0.015991 0.012541 0.011474 0.011284 0.011900 0.014567 0.022031 0.039033 0.072984 0.134328 0.235464 0.386979 0.591182 0.835395 1.089343 1.309969 1.453109 1.487397 1.404583 1.222290 0.978332 0.718727 0.483944 
0.391406 0.234515 0.130403 0.068733 0.036060 0.020645 0.014266 0.012008 0.011379 0.011592 0.013234 0.018299 0.030532 0.056008 0.103656 0.184896 0.311222 0.489080 0.713288 0.962369 1.199656 1.381539 1.470253 1.445990 1.313437 1.100311 0.848529 0.601335 
