0.781188 0.951723 0.951772 0.781449 0.517357 0.266083 0.104573 0.549354 1.073529 1.153077 1.300686 1.555143 1.931437 1.872811 1.750283 1.920818 1.808237 1.450234 0.978148 0.544119 0.245130 0.091249 0.031634 0.012520 0.022650 0.094351 0.262653 0.516346 
0.648767 0.866455 0.951747 0.866611 0.649403 0.391720 0.185328 0.326964 0.811442 1.113303 1.226881 1.427914 1.743290 1.902124 1.811547 1.835551 1.864527 1.629235 1.214191 0.761134 0.394625 0.168189 0.061442 0.022077 0.017585 0.058501 0.178502 0.389500 
0.519133 0.757611 0.909101 0.909179 0.758007 0.520561 0.288524 0.256146 0.569203 0.962372 1.170092 1.327398 1.585602 1.822707 1.856836 1.823549 1.850039 1.746881 1.421713 0.987662 0.577879 0.281407 0.114815 0.041759 0.019831 0.038043 0.118501 0.284001 
0.401567 0.638372 0.833356 0.909140 0.833593 0.639284 0.404543 0.272335 0.412674 0.765787 1.066232 1.248745 1.456500 1.704155 1.839771 1.840192 1.836794 1.798460 1.584297 1.204688 0.782771 0.429643 0.198111 0.078287 0.030795 0.028937 0.078272 0.201251 
0.301409 0.519970 0.735864 0.871248 0.871367 0.736439 0.521913 0.338439 0.342505 0.589231 0.916010 1.157489 1.352623 1.580327 1.771963 1.839982 1.838493 1.817627 1.691379 1.394492 0.993729 0.606207 0.313877 0.138199 0.054541 0.029866 0.053604 0.139762 
0.220585 0.410689 0.627917 0.803556 0.871307 0.803903 0.629176 0.430176 0.340472 0.465868 0.752620 1.036749 1.255056 1.466475 1.676145 1.805972 1.839237 1.828060 1.754503 1.542936 1.194111 0.799968 0.460042 0.226038 0.096370 0.042204 0.041735 0.096683 
0.158634 0.315637 0.519303 0.715736 0.837432 0.837605 0.716539 0.529676 0.385324 0.403170 0.609244 0.894685 1.145902 1.360765 1.571310 1.741059 1.822605 1.833649 1.791281 1.648719 1.368523 0.997039 0.630005 0.343040 0.161204 0.069287 0.041969 0.069209 
0.113922 0.237136 0.417470 0.617520 0.776584 0.837518 0.777072 0.623108 0.457500 0.394247 0.506207 0.751964 1.020294 1.253334 1.466038 1.656184 1.781832 1.828127 1.812465 1.720000 1.508621 1.182781 0.813522 0.486523 0.252122 0.115246 0.055628 0.055589 
0.084755 0.175529 0.327303 0.517495 0.697052 0.807051 0.807295 0.700090 0.540304 0.425873 0.450227 0.629086 0.886129 1.136814 1.359686 1.561111 1.719008 1.804979 1.820296 1.766233 1.614311 1.345701 0.998152 0.650022 0.369322 0.183684 0.085437 0.055609 
0.070182 0.130142 0.251416 0.422399 0.607273 0.752052 0.807173 0.753693 0.620197 0.483089 0.438050 0.539656 0.757607 1.011471 1.248250 1.460398 1.640060 1.761994 1.812638 1.793264 1.690272 1.480006 1.171927 0.824087 0.509672 0.276503 0.134560 0.070523 
0.070352 0.100162 0.190779 0.336907 0.514836 0.679663 0.779612 0.780433 0.686945 0.551643 0.460569 0.488853 0.648632 0.884539 1.129861 1.354324 1.550229 1.701027 1.787316 1.802951 1.741768 1.585139 1.325966 0.998007 0.666880 0.393088 0.205532 0.102542 
0.086447 0.085257 0.145471 0.263843 0.425872 0.597249 0.729637 0.780023 0.733689 0.619294 0.506106 0.474711 0.568742 0.766586 1.007200 1.242092 1.452277 1.625628 1.744171 1.795133 1.772360 1.663453 1.455553 1.161987 0.832443 0.529984 0.299310 0.154037 
0.120242 0.085852 0.115364 0.204657 0.344858 0.511561 0.663443 0.754830 0.756856 0.676491 0.562700 0.490409 0.521727 0.667664 0.886893 1.124646 1.347184 1.538952 1.684900 1.769652 1.783746 1.717906 1.559503 1.308770 0.997215 0.681214 0.414647 0.226673 
0.173458 0.103047 0.100608 0.160010 0.274757 0.428209 0.587502 0.709137 0.755843 0.716673 0.619596 0.526554 0.506068 0.594695 0.777278 1.005769 1.235915 1.443068 1.611926 1.727276 1.776699 1.750826 1.638705 1.434136 1.152992 0.839214 0.547930 0.320660 
0.247059 0.138252 0.101828 0.130309 0.217384 0.351483 0.507856 0.648319 0.732490 0.736258 0.668135 0.573075 0.516311 0.550382 0.685987 0.891524 1.120842 1.339492 1.527497 1.669601 1.751988 1.763763 1.694766 1.536421 1.293564 0.996103 0.693572 0.434295 
0.340677 0.192656 0.120040 0.116068 0.173847 0.284433 0.429669 0.578087 0.690405 0.734374 0.702196 0.620605 0.544693 0.533346 0.618184 0.788755 1.006183 1.230167 1.433494 1.598549 1.710794 1.757875 1.729264 1.615593 1.414992 1.144834 0.844838 0.563934 
0.452305 0.266666 0.156348 0.118054 0.144957 0.229140 0.357051 0.503878 0.634246 0.712389 0.718285 0.661401 0.582649 0.539020 0.575765 0.703470 0.897469 1.118175 1.331831 1.516022 1.654672 1.734335 1.743570 1.672429 1.515293 1.279913 0.994836 0.704386 
0.578345 0.359486 0.211507 0.137201 0.131506 0.187049 0.293096 0.430465 0.569062 0.673318 0.715337 0.689843 0.622025 0.560834 0.557392 0.639618 0.800470 1.007822 1.225003 1.423926 1.585347 1.694503 1.738952 1.707999 1.593861 1.397603 1.137374 0.849611 
0.713978 0.468916 0.285496 0.174354 0.134353 0.159277 0.240072 0.361780 0.499764 0.621190 0.694327 0.702590 0.655934 0.591429 0.559113 0.598505 0.720044 0.904146 1.116413 1.324465 1.504636 1.639925 1.716728 1.723476 1.650930 1.495732 1.267489 0.993493 
0.853735 0.591447 0.377206 0.229925 0.154354 0.146815 0.199675 0.300926 0.430772 0.560477 0.657759 0.698459 0.679262 0.623682 0.575271 0.578809 0.659274 0.812095 1.010279 1.220439 1.414551 1.572281 1.678326 1.720102 1.687203 1.573331 1.381610 1.130491 
0.992113 0.722591 0.484326 0.303566 0.192139 0.150584 0.173245 0.250300 0.365849 0.495624 0.609118 0.678109 0.688860 0.651472 0.599477 0.577040 0.619042 0.735684 0.911187 1.115359 1.317495 1.493416 1.625304 1.699214 1.703652 1.630267 1.477471 1.256050 
1.124082 0.857352 0.603459 0.393946 0.247853 0.171362 0.161915 0.211773 0.308075 0.430737 0.552371 0.643613 0.683485 0.670166 0.625474 0.588258 0.598041 0.677363 0.823436 1.013273 1.216427 1.405455 1.559360 1.662259 1.701433 1.666960 1.553869 1.366760 
1.245421 0.990717 0.730405 0.498702 0.320899 0.209607 0.166638 0.186844 0.259924 0.369406 0.491554 0.597992 0.663549 0.676825 0.647820 0.606866 0.593150 0.637702 0.750399 0.918354 1.114850 1.310941 1.482407 1.610809 1.681846 1.684196 1.610414 1.460315 
1.352868 1.118069 0.860561 0.614554 0.409801 0.265253 0.188123 0.176741 0.223384 0.314665 0.430480 0.544773 0.630770 0.670187 0.662323 0.627343 0.600008 0.615426 0.694051 0.834377 1.016602 1.212895 1.396674 1.546608 1.646328 1.683021 1.647305 1.535364 
1.444116 1.235468 0.989315 0.737558 0.512177 0.337527 0.226688 0.182432 0.200062 0.269024 0.372572 0.487626 0.587772 0.650479 0.666255 0.644833 0.613676 0.607717 0.654738 0.764214 0.925489 1.114749 1.304785 1.471641 1.596468 1.664674 1.665163 1.591335 
1.517725 1.339792 1.112392 0.863436 0.624867 0.424852 0.282108 0.204560 0.191247 0.234543 0.320798 0.430099 0.537699 0.619125 0.658367 0.655544 0.629254 0.610696 0.631228 0.709476 0.844852 1.020119 1.209767 1.388213 1.534055 1.630571 1.664919 1.628249 
1.572987 1.428759 1.226092 0.987914 0.744152 0.524860 0.353480 0.243334 0.197904 0.212895 0.277671 0.375449 0.483899 0.578412 0.638746 0.656955 0.642399 0.619975 0.620962 0.670352 0.777164 0.932485 1.114943 1.298990 1.461134 1.582313 1.647745 1.646584 
1.609786 1.500873 1.327425 1.107003 0.866033 0.634506 0.439170 0.298407 0.220619 0.205399 0.245283 0.326560 0.429674 0.531156 0.608579 0.647851 0.649677 0.631187 0.620469 0.645657 0.723758 0.854825 1.023714 1.206966 1.380062 1.521723 1.615029 1.647164 
