0.049673 0.035972 0.027693 0.036238 0.073487 0.151927 0.781817 1.463048 1.674888 1.872925 2.001376 2.017931 1.416008 0.728540 0.510687 0.314008 0.168250 0.078133 0.031593 0.011371 0.003780 0.002256 0.006104 0.016460 0.032280 0.048826 0.059482 0.059482 
0.054578 0.042822 0.031832 0.031966 0.054863 0.112707 0.466872 1.122432 1.568968 1.773907 1.937150 2.009653 1.716970 1.072274 0.619614 0.412348 0.241129 0.123191 0.054863 0.021482 0.007576 0.003018 0.004180 0.011282 0.024370 0.040553 0.054154 0.059482 
0.057030 0.048700 0.037327 0.031899 0.043414 0.083785 0.289790 0.794652 1.345700 1.671437 1.855529 1.973402 1.863312 1.394622 0.845944 0.515981 0.326738 0.182160 0.089027 0.038172 0.014529 0.005297 0.003599 0.007731 0.017826 0.032462 0.047353 0.056818 
0.056924 0.052865 0.043014 0.034613 0.037657 0.063600 0.186787 0.542221 1.070176 1.508569 1.763483 1.914465 1.918357 1.628967 1.120283 0.680962 0.421359 0.254449 0.135593 0.063600 0.026350 0.009913 0.004448 0.005665 0.012779 0.025144 0.039907 0.052086 
0.054505 0.054894 0.047939 0.038813 0.036135 0.050628 0.125193 0.364504 0.806199 1.289372 1.636026 1.838974 1.916411 1.773662 1.374625 0.900623 0.551161 0.337904 0.195021 0.099597 0.044975 0.018132 0.007180 0.005057 0.009222 0.018961 0.032526 0.045997 
0.050251 0.054700 0.051417 0.043376 0.037474 0.043381 0.087911 0.244849 0.585351 1.047786 1.462699 1.737500 1.877693 1.845036 1.574143 1.137624 0.725892 0.444533 0.266463 0.147309 0.072286 0.031553 0.012656 0.006119 0.007139 0.014092 0.025743 0.039261 
0.044756 0.052475 0.053058 0.047397 0.040425 0.040428 0.065646 0.166380 0.415100 0.816568 1.255242 1.600100 1.807596 1.861364 1.709590 1.355884 0.931758 0.585212 0.355498 0.206886 0.109797 0.051920 0.022105 0.009387 0.006629 0.010615 0.019918 0.032502 
0.038629 0.048616 0.052767 0.050227 0.043911 0.040426 0.053037 0.116013 0.290740 0.615834 1.035905 1.427671 1.703848 1.834480 1.785477 1.532737 1.143821 0.758485 0.470355 0.281192 0.158342 0.080858 0.037012 0.015746 0.008008 0.008622 0.015267 0.026210 
0.032420 0.043622 0.050691 0.051497 0.047069 0.042169 0.046732 0.084525 0.203376 0.453287 0.825870 1.231788 1.565759 1.769164 1.809979 1.659107 1.338279 0.951153 0.614420 0.375773 0.219767 0.119600 0.058935 0.026379 0.011877 0.008315 0.011944 0.020738 
0.026579 0.038021 0.047157 0.051094 0.049283 0.044619 0.044450 0.065628 0.143951 0.328332 0.639578 1.028829 1.398774 1.667462 1.789571 1.734543 1.498693 1.144716 0.782786 0.495097 0.297770 0.169683 0.089268 0.042657 0.019128 0.010096 0.010130 0.016341 
0.021460 0.032300 0.042589 0.049125 0.050189 0.046951 0.044535 0.055039 0.104789 0.236141 0.483955 0.834204 1.213801 1.533118 1.728517 1.762057 1.616618 1.321704 0.963751 0.638942 0.396433 0.233727 0.129475 0.065962 0.030893 0.014612 0.010113 0.013236 
0.017348 0.026880 0.037444 0.045857 0.049657 0.048570 0.045743 0.049787 0.079914 0.170465 0.360048 0.659079 1.024003 1.373460 1.630817 1.745287 1.689338 1.469161 1.142728 0.801346 0.517687 0.315080 0.181601 0.097719 0.048427 0.022752 0.012363 0.011674 
0.014511 0.022114 0.032162 0.041651 0.047757 0.049113 0.047156 0.047765 0.064851 0.125190 0.265257 0.509564 0.841541 1.198731 1.502138 1.688052 1.717312 1.579249 1.305944 0.972037 0.659517 0.416384 0.248341 0.139660 0.073073 0.035590 0.017557 0.012018 
0.013265 0.018312 0.027138 0.036906 0.044704 0.048435 0.048135 0.047461 0.056308 0.095020 0.195223 0.387410 0.675552 1.020136 1.350435 1.595095 1.702682 1.648281 1.442597 1.138991 0.815777 0.537950 0.332362 0.194000 0.106367 0.054332 0.026574 0.014788 
0.014026 0.015789 0.022725 0.032022 0.040805 0.046570 0.048285 0.047798 0.051884 0.075664 0.145122 0.291317 0.531481 0.847844 1.185285 1.472765 1.648889 1.675481 1.545439 1.290794 0.977384 0.676864 0.435156 0.263181 0.150183 0.080349 0.040453 0.020681 
0.017354 0.014907 0.019257 0.027374 0.036414 0.043687 0.047427 0.048041 0.049841 0.063774 0.110393 0.218219 0.411399 0.689663 1.016565 1.329025 1.560827 1.662185 1.610460 1.418116 1.134089 0.827124 0.556010 0.349169 0.206682 0.115266 0.060401 0.030567 
0.023960 0.016130 0.017082 0.023315 0.031894 0.040051 0.045557 0.047734 0.048941 0.056807 0.087083 0.164306 0.314809 0.550531 0.853114 1.172795 1.444926 1.611506 1.636323 1.514288 1.276103 0.980606 0.691567 0.452589 0.277926 0.160974 0.087834 0.045484 
0.034722 0.020045 0.016606 0.020199 0.027605 0.035972 0.042804 0.046646 0.048338 0.052874 0.071945 0.125695 0.239558 0.432670 0.701822 1.012954 1.308861 1.528216 1.623914 1.575305 1.395195 1.128354 0.836087 0.572078 0.365257 0.219450 0.124404 0.066659 
0.050690 0.027384 0.018326 0.018403 0.023902 0.031788 0.039388 0.044725 0.047492 0.050606 0.062410 0.098820 0.182626 0.336114 0.567246 0.857388 1.160907 1.418538 1.576065 1.599610 1.485250 1.261775 0.982220 0.704082 0.468668 0.292354 0.171927 0.095531 
0.073111 0.039037 0.022855 0.018364 0.021152 0.027845 0.035588 0.042056 0.046108 0.049049 0.056508 0.080615 0.140723 0.259370 0.451680 0.712317 1.009148 1.289723 1.497302 1.587837 1.542430 1.373513 1.121998 0.843151 0.586375 0.380511 0.232140 0.133729 
0.103420 0.056074 0.030946 0.020609 0.019758 0.024499 0.031717 0.038822 0.044082 0.047579 0.052778 0.068561 0.110669 0.200047 0.355525 0.581999 0.860733 1.149435 1.393512 1.542570 1.565134 1.457971 1.247755 0.982575 0.714763 0.483443 0.306325 0.182935 
0.143177 0.079747 0.043510 0.025778 0.020184 0.022128 0.028108 0.035269 0.041452 0.045830 0.050179 0.060670 0.089615 0.155358 0.277786 0.468762 0.721366 1.005084 1.271474 1.468041 1.553852 1.511553 1.352863 1.115165 0.848669 0.599103 0.394884 0.244630 
0.193904 0.111462 0.061628 0.034644 0.022981 0.021156 0.025118 0.031689 0.038361 0.043641 0.048005 0.055424 0.075143 0.122487 0.216572 0.373274 0.595064 0.863225 1.138279 1.369757 1.510946 1.532702 1.432208 1.234014 0.981917 0.723886 0.496994 0.319757 
0.256830 0.152683 0.086545 0.048136 0.028812 0.022068 0.023137 0.028403 0.035025 0.041001 0.045823 0.051714 0.065283 0.098815 0.169529 0.294923 0.484169 0.729144 1.000752 1.254018 1.440352 1.521824 1.482455 1.333111 1.107965 0.852901 0.610440 0.408375 
0.332603 0.204757 0.119614 0.067341 0.038474 0.025440 0.022603 0.025770 0.031714 0.038013 0.043412 0.048769 0.058499 0.082049 0.134172 0.232226 0.389546 0.606657 0.864948 1.127385 1.347185 1.481088 1.502140 1.407783 1.220538 0.980433 0.731671 0.509408 
0.421005 0.268680 0.162185 0.093477 0.052907 0.031957 0.024022 0.024186 0.028742 0.034863 0.040712 0.046090 0.053634 0.070274 0.108110 0.183199 0.310886 0.498101 0.735802 0.996167 1.237285 1.414137 1.491614 1.454961 1.314161 1.100486 0.856052 0.620539 
0.520772 0.344842 0.215433 0.127831 0.073192 0.042432 0.027989 0.024104 0.026464 0.031803 0.037788 0.043401 0.049862 0.061954 0.089192 0.145655 0.247042 0.404494 0.616952 0.865984 1.116726 1.325711 1.452875 1.473288 1.384561 1.207323 0.978269 0.738296 
0.629534 0.432807 0.280138 0.171632 0.100512 0.057812 0.035211 0.026047 0.025284 0.029133 0.034795 0.040595 0.046632 0.055908 0.075573 0.117423 0.196349 0.325768 0.510723 0.741468 0.991355 1.221218 1.389293 1.463081 1.428924 1.295942 1.092796 0.858282 
