0.105758 0.086859 0.057639 0.030225 0.014068 0.013399 0.030545 0.072439 0.153956 0.792105 1.491017 1.726423 1.943324 2.074853 2.074853 1.443324 0.726423 0.491017 0.292105 0.153956 0.072439 0.030545 0.013399 0.014068 0.030225 0.057639 0.086859 0.105758 
0.105758 0.096308 0.072249 0.043932 0.022147 0.013734 0.021972 0.051492 0.113198 0.473030 1.141561 1.608720 1.834874 2.009089 2.074853 1.759089 1.084874 0.608720 0.391561 0.223030 0.113198 0.051492 0.021972 0.013734 0.022147 0.043932 0.072249 0.096308 
0.101033 0.101033 0.084279 0.058091 0.033040 0.017940 0.017853 0.036732 0.082345 0.293114 0.807296 1.375140 1.721797 1.921981 2.041971 1.916971 1.421981 0.846797 0.500140 0.307296 0.168114 0.082345 0.036732 0.017853 0.017940 0.033040 0.058091 0.084279 
0.092656 0.101033 0.092656 0.071185 0.045565 0.025490 0.017897 0.027292 0.059538 0.187729 0.550205 1.091218 1.548469 1.821889 1.981976 1.979471 1.669476 1.134389 0.673469 0.403718 0.237705 0.125229 0.059538 0.027292 0.017897 0.025490 0.045565 0.071185 
0.081920 0.096845 0.096845 0.081920 0.058375 0.035527 0.021693 0.022594 0.043415 0.123634 0.368967 0.820711 1.319843 1.685179 1.901932 1.980724 1.824474 1.401932 0.903929 0.538593 0.320711 0.181467 0.092384 0.043415 0.022594 0.021693 0.035527 0.058375 
0.070148 0.089382 0.096845 0.089382 0.070148 0.046951 0.028610 0.022144 0.033005 0.083525 0.246300 0.594839 1.070277 1.502511 1.793556 1.941328 1.902599 1.613203 1.152931 0.721261 0.429652 0.251089 0.136925 0.067900 0.033005 0.022144 0.028610 0.046951 
0.058549 0.079765 0.093113 0.093113 0.079765 0.058549 0.037781 0.025377 0.027574 0.058265 0.164912 0.420570 0.832558 1.286394 1.648033 1.867442 1.921963 1.757901 1.383067 0.937096 0.575457 0.340371 0.194007 0.102412 0.050452 0.027574 0.025377 0.037781 
0.048165 0.069157 0.086439 0.093113 0.086439 0.069157 0.048165 0.031579 0.026476 0.042920 0.111589 0.292741 0.626564 1.059476 1.467214 1.757738 1.894703 1.839932 1.570484 1.160081 0.756276 0.457914 0.267189 0.148210 0.076432 0.039013 0.026476 0.031579 
0.039872 0.058661 0.077798 0.089776 0.089776 0.077798 0.058661 0.039872 0.029027 0.034698 0.077254 0.202165 0.459653 0.843020 1.263345 1.612476 1.826220 1.867317 1.705208 1.365283 0.958179 0.607095 0.362551 0.207699 0.112321 0.057723 0.032745 0.029027 
0.034450 0.049267 0.068230 0.083787 0.089776 0.083787 0.068230 0.049267 0.034450 0.031862 0.055976 0.139709 0.330909 0.651336 1.053183 1.437910 1.719348 1.846769 1.786263 1.535245 1.161731 0.782637 0.484823 0.285125 0.160010 0.085022 0.045234 0.030886 
0.032668 0.041858 0.058748 0.076008 0.086782 0.086782 0.076008 0.058748 0.041858 0.033156 0.043919 0.097843 0.235309 0.491123 0.852259 1.245546 1.578629 1.783058 1.816516 1.660754 1.348488 0.972184 0.633730 0.384974 0.222568 0.122516 0.065128 0.038060 
0.035364 0.037263 0.050303 0.067378 0.081395 0.086782 0.081395 0.067378 0.050303 0.037507 0.038538 0.070881 0.166576 0.363216 0.671691 1.048903 1.412088 1.680844 1.799787 1.738635 1.504621 1.160336 0.802957 0.509352 0.303771 0.172542 0.093822 0.051594 
0.043479 0.036313 0.043783 0.058841 0.074387 0.084088 0.084088 0.074387 0.058841 0.043905 0.038022 0.054709 0.118728 0.264896 0.517453 0.860297 1.230495 1.546466 1.740315 1.769211 1.621628 1.332478 0.981646 0.656155 0.406562 0.238157 0.133182 0.072708 
0.058093 0.039896 0.040048 0.051312 0.066614 0.079238 0.084088 0.079238 0.066614 0.051373 0.040964 0.046366 0.086719 0.191812 0.391175 0.688875 1.045396 1.388481 1.643391 1.754763 1.695419 1.477053 1.157062 0.818900 0.531358 0.322359 0.185669 0.102945 
0.080519 0.048995 0.039972 0.045680 0.058963 0.072926 0.081663 0.081663 0.072926 0.058993 0.046168 0.043665 0.066542 0.139265 0.291493 0.540025 0.867136 1.216938 1.515936 1.699077 1.725091 1.586236 1.317058 0.987981 0.675129 0.426859 0.254014 0.144307 
0.112413 0.064757 0.044483 0.042826 0.052321 0.065944 0.077294 0.081663 0.077294 0.065959 0.052581 0.044917 0.055104 0.102904 0.215379 0.415759 0.703580 1.042037 1.366437 1.607506 1.712084 1.655664 1.451647 1.152520 0.831555 0.550994 0.340436 0.199161 
0.155787 0.088585 0.054620 0.043655 0.047574 0.059133 0.071619 0.079479 0.079479 0.071627 0.059270 0.048749 0.050010 0.079004 0.159142 0.315569 0.559670 0.872809 1.204237 1.486972 1.659795 1.683874 1.553655 1.302083 0.992037 0.691275 0.445715 0.269798 
0.212793 0.122186 0.071603 0.049137 0.045614 0.053353 0.065376 0.075549 0.079479 0.075553 0.065449 0.054009 0.049379 0.064507 0.119073 0.237355 0.437619 0.716239 1.038523 1.345604 1.573383 1.671834 1.618765 1.427869 1.147060 0.841656 0.568495 0.357757 
0.285275 0.167489 0.096894 0.060370 0.047376 0.049484 0.059365 0.070463 0.077514 0.077516 0.070501 0.059729 0.051694 0.056943 0.091790 0.178214 0.337487 0.576929 0.877381 1.192064 1.459494 1.622609 1.645300 1.523317 1.287465 0.994358 0.705075 0.463126 
0.374200 0.226382 0.132192 0.078632 0.053873 0.048430 0.054424 0.064914 0.073988 0.077515 0.074008 0.065115 0.055712 0.054319 0.074366 0.135002 0.257851 0.457208 0.727155 1.034722 1.325779 1.541051 1.633954 1.584308 1.405391 1.140912 0.849717 0.584101 
0.479150 0.300291 0.179287 0.105412 0.066253 0.051151 0.051427 0.059669 0.069451 0.075751 0.075762 0.069562 0.060413 0.055015 0.064343 0.104684 0.196426 0.357530 0.592182 0.880939 1.180250 1.433415 1.587503 1.609131 1.494850 1.273151 0.995314 0.716909 
0.598030 0.389721 0.239789 0.142349 0.085832 0.058702 0.051289 0.055548 0.064560 0.072601 0.075757 0.072662 0.064987 0.057714 0.059679 0.084513 0.150555 0.276978 0.474856 0.736560 1.030595 1.306833 1.510459 1.598317 1.551990 1.384000 1.134233 0.856111 
0.727071 0.493875 0.314755 0.191069 0.114091 0.072267 0.054996 0.053419 0.060054 0.068581 0.074179 0.074209 0.068824 0.061351 0.058697 0.072096 0.117534 0.213767 0.375917 0.605708 0.883577 1.168714 1.408646 1.554388 1.575154 1.467995 1.259117 0.995172 
0.861121 0.610473 0.404315 0.252912 0.152580 0.093179 0.063631 0.054207 0.056736 0.064317 0.071380 0.074194 0.071517 0.065088 0.060024 0.065396 0.094815 0.165650 0.294842 0.490812 0.744643 1.026146 1.288680 1.481517 1.564771 1.521575 1.363556 1.127144 
0.994133 0.735797 0.507394 0.328614 0.202746 0.122880 0.078405 0.058919 0.055472 0.060527 0.067848 0.072787 0.072855 0.068302 0.062556 0.062710 0.080106 0.130233 0.230246 0.392827 0.617728 0.885394 1.157413 1.385098 1.523144 1.543173 1.442565 1.245350 
1.119741 0.864965 0.621596 0.418004 0.265680 0.162813 0.100642 0.068662 0.057195 0.057999 0.064188 0.070318 0.072821 0.070579 0.065429 0.062633 0.071408 0.105169 0.180239 0.311537 0.505277 0.751561 1.021403 1.271255 1.454121 1.533158 1.492869 1.343958 
1.231850 0.992353 0.743280 0.519800 0.341842 0.214246 0.131728 0.084652 0.062929 0.057597 0.061093 0.067253 0.071569 0.071700 0.068004 0.064031 0.067020 0.088289 0.142704 0.245888 0.408407 0.628419 0.886482 1.146329 1.362688 1.493640 1.513014 1.418413 
1.325131 1.112101 0.867817 0.631540 0.430821 0.278044 0.172987 0.108190 0.073791 0.060263 0.059345 0.064173 0.069411 0.071635 0.069852 0.066017 0.065526 0.077655 0.115497 0.194296 0.327147 0.518413 0.757451 1.016406 1.254509 1.428164 1.503327 1.465713 
