0.002126 0.001459 0.003729 0.011319 0.030795 0.074207 0.157206 0.292277 0.477806 1.188481 1.875949 1.985050 1.979644 1.861881 1.670962 0.962250 0.281765 0.151876 0.072690 0.032312 0.016649 0.014240 0.017015 0.019697 0.019484 0.015955 0.010539 0.005355 
0.003741 0.001793 0.002594 0.007524 0.021057 0.052501 0.115706 0.224741 0.385041 0.833143 1.532215 1.930500 1.982347 1.920763 1.766422 1.316606 0.622008 0.216821 0.112283 0.052501 0.024480 0.015445 0.015627 0.018356 0.019591 0.017720 0.013247 0.007947 
0.005844 0.002767 0.002193 0.005059 0.014291 0.036779 0.084103 0.170224 0.304891 0.609092 1.182679 1.731357 1.956423 1.951555 1.843592 1.541514 0.969307 0.419414 0.164552 0.082392 0.038491 0.019962 0.015536 0.016992 0.018973 0.018655 0.015483 0.010597 
0.008220 0.004305 0.002480 0.003626 0.009675 0.025535 0.060441 0.127164 0.237557 0.456992 0.895886 1.457018 1.843890 1.953989 1.897574 1.692553 1.255410 0.694361 0.291983 0.123472 0.060441 0.029227 0.017749 0.016264 0.017982 0.018814 0.017069 0.013040 
0.010630 0.006263 0.003393 0.003053 0.006650 0.017605 0.042988 0.093802 0.182360 0.347275 0.676439 1.176452 1.650454 1.898940 1.925781 1.795063 1.473982 0.974885 0.493172 0.207727 0.091956 0.044834 0.023488 0.017007 0.017123 0.018398 0.017942 0.015054 
0.012842 0.008446 0.004828 0.003223 0.004852 0.012128 0.030296 0.068395 0.138081 0.264818 0.511857 0.926445 1.413453 1.774697 1.912361 1.860422 1.634522 1.224434 0.734029 0.350450 0.149842 0.068395 0.034161 0.020247 0.017065 0.017761 0.018170 0.016498 
0.014670 0.010644 0.006637 0.004025 0.004037 0.008490 0.021212 0.049346 0.103238 0.201449 0.388337 0.719151 1.169949 1.594075 1.843529 1.886391 1.747472 1.429478 0.979231 0.542239 0.250146 0.109119 0.051278 0.027204 0.018656 0.017413 0.017965 0.017334 
0.016002 0.012657 0.008641 0.005331 0.004031 0.006263 0.014851 0.035279 0.076292 0.152344 0.294893 0.553744 0.944550 1.382012 1.718802 1.864960 1.816932 1.588475 1.204355 0.760735 0.396192 0.179632 0.080198 0.039241 0.022930 0.018034 0.017689 0.017650 
0.016826 0.014330 0.010649 0.006986 0.004681 0.005147 0.010557 0.025065 0.055785 0.114318 0.223619 0.424319 0.749147 1.163281 1.550407 1.791881 1.840946 1.702704 1.396415 0.982545 0.578464 0.287912 0.129915 0.059720 0.031086 0.020482 0.017862 0.017669 
0.017248 0.015578 0.012489 0.008817 0.005834 0.004914 0.007852 0.017811 0.040425 0.085052 0.168968 0.323969 0.586733 0.956214 1.356844 1.671144 1.816414 1.771825 1.549559 1.189480 0.780504 0.433188 0.208914 0.094817 0.045403 0.025784 0.019172 0.017765 
0.017507 0.016413 0.014034 0.010653 0.007325 0.005374 0.006383 0.012832 0.029118 0.062738 0.127010 0.246468 0.455351 0.771474 1.156529 1.513994 1.743779 1.794119 1.660692 1.369520 0.984992 0.606846 0.321051 0.151866 0.070110 0.035593 0.022478 0.018469 
0.017988 0.016960 0.015223 0.012343 0.008989 0.006350 0.005879 0.009607 0.020975 0.045928 0.094874 0.186739 0.350910 0.613412 0.964001 1.335262 1.628886 1.768949 1.727406 1.515106 1.177256 0.795919 0.463948 0.236458 0.110988 0.052852 0.029036 0.020473 
0.019230 0.017474 0.016091 0.013783 0.010666 0.007670 0.006114 0.007743 0.015291 0.033452 0.070401 0.140807 0.268824 0.482161 0.788707 1.149632 1.482074 1.698918 1.748177 1.621256 1.346181 0.986587 0.629934 0.350203 0.173723 0.081920 0.040944 0.024754 
0.021992 0.018352 0.016782 0.014937 0.012225 0.009168 0.006892 0.006929 0.011517 0.024371 0.051926 0.105604 0.204816 0.375493 0.635434 0.969169 1.315853 1.590496 1.723548 1.684717 1.483718 1.166384 0.808261 0.490069 0.261963 0.127821 0.061432 0.032849 
0.027421 0.020172 0.017567 0.015860 0.013581 0.010696 0.008030 0.006910 0.009223 0.017944 0.038149 0.078765 0.155210 0.290154 0.505463 0.802301 1.142511 1.453174 1.657022 1.704132 1.584217 1.325051 0.987322 0.649165 0.376016 0.194892 0.094626 0.047140 
0.037281 0.023796 0.018870 0.016714 0.014720 0.012139 0.009363 0.007470 0.008067 0.013584 0.028047 0.058457 0.116987 0.222682 0.397809 0.653882 0.972406 1.297843 1.555098 1.680577 1.644175 1.454634 1.156187 0.818243 0.512590 0.285454 0.144759 0.070883 
0.054082 0.030538 0.021333 0.017792 0.015717 0.013430 0.010751 0.008417 0.007768 0.010825 0.020815 0.043252 0.087722 0.169835 0.310245 0.525846 0.813144 1.135124 1.426470 1.617837 1.662376 1.549404 1.305411 0.987215 0.665417 0.399022 0.215107 0.107821 
0.080952 0.042310 0.025936 0.019562 0.016754 0.014573 0.012090 0.009584 0.008092 0.009297 0.015820 0.032033 0.065487 0.128778 0.240040 0.418045 0.669495 0.974134 1.280797 1.522154 1.640107 1.605890 1.427408 1.146313 0.826316 0.532220 0.307064 0.161464 
0.121208 0.061631 0.034123 0.022749 0.018158 0.015664 0.013332 0.010837 0.008838 0.008695 0.012558 0.023927 0.048760 0.097133 0.184409 0.329043 0.543770 0.821815 1.127466 1.401476 1.581130 1.622998 1.516649 1.286860 0.986314 0.679268 0.419642 0.234264 
0.177736 0.091419 0.047877 0.028436 0.020454 0.016911 0.014498 0.012084 0.009838 0.008766 0.010626 0.018243 0.036343 0.072946 0.140771 0.256726 0.436406 0.682792 0.974640 1.264471 1.491303 1.602064 1.569824 1.401754 1.136587 0.832791 0.549455 0.326953 
0.252345 0.134578 0.069648 0.038157 0.024445 0.018682 0.015704 0.013291 0.010961 0.009302 0.009696 0.014434 0.027293 0.054645 0.106859 0.198748 0.346566 0.559599 0.828716 1.119556 1.377887 1.546684 1.585944 1.485789 1.269171 0.984689 0.691123 0.438204 
0.345274 0.193461 0.102113 0.053902 0.031301 0.021564 0.017193 0.014498 0.012126 0.010131 0.009499 0.012065 0.020864 0.040969 0.080752 0.152804 0.272657 0.453083 0.694158 0.974136 1.248721 1.462285 1.566314 1.535867 1.377480 1.126930 0.837906 0.564663 
0.454969 0.269368 0.147787 0.078008 0.042602 0.026432 0.019379 0.015846 0.013312 0.011129 0.009815 0.010782 0.016465 0.030916 0.060860 0.116778 0.212730 0.362870 0.573620 0.834147 1.111429 1.355503 1.514300 1.551090 1.456673 1.252205 0.982418 0.701285 
0.578127 0.362168 0.208577 0.112897 0.060305 0.034517 0.022905 0.017612 0.014579 0.012220 0.010472 0.010299 0.013623 0.023690 0.045888 0.088819 0.164754 0.287800 0.468245 0.703884 0.972788 1.233466 1.434901 1.532695 1.503882 1.354439 1.117312 0.841851 
0.709989 0.470148 0.285373 0.160737 0.086601 0.047411 0.028711 0.020259 0.016095 0.013400 0.011346 0.010385 0.011961 0.018657 0.034789 0.067354 0.126787 0.226277 0.378023 0.586064 0.838336 1.103127 1.334184 1.483798 1.518288 1.429160 1.235875 0.979581 
0.844785 0.590068 0.377760 0.223055 0.123669 0.067006 0.038061 0.024485 0.018177 0.014747 0.012373 0.010866 0.011173 0.015309 0.026723 0.051072 0.097070 0.176532 0.302150 0.482044 0.712200 0.970731 1.218655 1.408991 1.501043 1.473724 1.332518 1.107728 
0.976257 0.717427 0.483914 0.300408 0.173362 0.095338 0.052533 0.031273 0.021331 0.016462 0.013560 0.011619 0.011020 0.013241 0.021016 0.038897 0.074071 0.136801 0.239341 0.392097 0.597122 0.841466 1.094693 1.313823 1.455017 1.487384 1.403121 1.220123 
1.098190 0.846842 0.600671 0.392161 0.236885 0.134350 0.073935 0.041903 0.026302 0.018897 0.015011 0.012590 0.011319 0.012130 0.017129 0.029957 0.056484 0.105436 0.188071 0.315719 0.494609 0.719294 0.968079 1.204258 1.384420 1.471200 1.445252 1.311622 
