0.008452 0.030598 0.073236 0.154475 0.286903 0.469675 1.178575 1.866044 1.976920 1.974271 1.859150 1.669991 0.962053 0.281753 0.151863 0.072492 0.031341 0.013918 0.008867 0.008884 0.009791 0.009579 0.007824 0.005165 0.002624 0.000933 0.000189 0.000012 
0.004232 0.019525 0.051917 0.113855 0.220689 0.378289 0.824125 1.522310 1.921482 1.975595 1.916710 1.764571 1.316022 0.621903 0.216808 0.112178 0.051917 0.022630 0.011392 0.008875 0.009338 0.009685 0.008701 0.006495 0.003895 0.001778 0.000561 0.000101 
0.002167 0.011879 0.035721 0.082886 0.167272 0.299489 0.601207 1.173217 1.721896 1.948538 1.946153 1.840641 1.540296 0.968962 0.419355 0.164493 0.082047 0.037273 0.017011 0.010134 0.009106 0.009511 0.009193 0.007598 0.005195 0.002837 0.001170 0.000331 
0.001249 0.007023 0.023800 0.059303 0.125079 0.233381 0.450348 0.887212 1.447557 1.835217 1.947346 1.893397 1.690469 1.254629 0.694159 0.291924 0.123270 0.059660 0.027142 0.013572 0.009620 0.009309 0.009352 0.008396 0.006396 0.004016 0.002003 0.000750 
0.001000 0.004136 0.015411 0.041552 0.092191 0.179230 0.341864 0.668780 1.167384 1.641387 1.891281 1.920371 1.791933 1.472549 0.974394 0.493041 0.207597 0.091465 0.043401 0.020357 0.011596 0.009465 0.009331 0.008874 0.007396 0.005206 0.003009 0.001377 
0.001188 0.002568 0.009773 0.028481 0.066871 0.135711 0.260547 0.505322 0.918082 1.404386 1.766334 1.905826 1.856152 1.632241 1.223472 0.733718 0.350319 0.149531 0.067433 0.031879 0.015977 0.010530 0.009398 0.009102 0.008135 0.006301 0.004108 0.002193 
0.001691 0.001878 0.006171 0.019127 0.047676 0.101291 0.198129 0.382935 0.711702 1.161234 1.585360 1.836080 1.880989 1.744196 1.427856 0.978595 0.542019 0.249925 0.108482 0.049656 0.023928 0.013254 0.009964 0.009250 0.008619 0.007218 0.005204 0.003150 
0.002420 0.001784 0.004024 0.012649 0.033402 0.074484 0.149710 0.290532 0.547319 0.936468 1.373297 1.710720 1.858535 1.812593 1.586026 1.203225 0.760307 0.395972 0.179204 0.079069 0.036792 0.018591 0.011609 0.009607 0.008934 0.007918 0.006211 0.004177 
0.003299 0.002102 0.002904 0.008337 0.023025 0.053943 0.112097 0.220121 0.418925 0.741893 1.154883 1.542008 1.784627 1.835564 1.699309 1.394626 0.981766 0.578139 0.287588 0.129136 0.057931 0.027691 0.015100 0.010608 0.009271 0.008426 0.007065 0.005194 
0.004247 0.002701 0.002503 0.005620 0.015681 0.038484 0.083020 0.166109 0.319523 0.580409 0.948388 1.348445 1.663318 1.810095 1.767437 1.546968 1.188196 0.779953 0.432863 0.208362 0.093533 0.042811 0.021396 0.012854 0.009939 0.008848 0.007745 0.006129 
0.005188 0.003474 0.002602 0.004062 0.010651 0.027083 0.060752 0.124564 0.242816 0.449966 0.764399 1.148417 1.505882 1.736707 1.788766 1.657202 1.367582 0.984074 0.606408 0.320613 0.150948 0.068172 0.032103 0.017125 0.011397 0.009394 0.008297 0.006937 
0.006063 0.004331 0.003038 0.003332 0.007356 0.018867 0.043917 0.092658 0.183690 0.346391 0.607182 0.956408 1.327149 1.621294 1.762736 1.722984 1.512392 1.175828 0.795241 0.463510 0.235780 0.109560 0.050138 0.024614 0.014261 0.010395 0.008845 0.007617 
0.006840 0.005197 0.003684 0.003185 0.005344 0.013111 0.031392 0.068288 0.138174 0.265041 0.476787 0.781795 1.141778 1.474222 1.692015 1.742860 1.617688 1.344110 0.985535 0.629376 0.349645 0.172670 0.079849 0.037376 0.019437 0.012328 0.009620 0.008231 
0.007536 0.006018 0.004441 0.003435 0.004264 0.009228 0.022252 0.049840 0.103231 0.201607 0.370914 0.629291 0.961787 1.308000 1.583118 1.717438 1.680274 1.480899 1.164822 0.807455 0.489511 0.261158 0.126260 0.058612 0.028407 0.015883 0.010974 0.008926 
0.008231 0.006777 0.005229 0.003938 0.003850 0.006746 0.015740 0.036046 0.076535 0.152419 0.286260 0.500102 0.795539 1.134893 1.445559 1.650278 1.698856 1.580587 1.322861 0.986139 0.648483 0.375334 0.193709 0.092436 0.043509 0.022145 0.013428 0.009950 
0.009090 0.007504 0.006003 0.004583 0.003894 0.005298 0.011243 0.025893 0.056291 0.114477 0.219340 0.393181 0.647820 0.965216 1.290226 1.547919 1.674567 1.639721 1.451724 1.154500 0.817311 0.511909 0.284521 0.143072 0.067973 0.032827 0.017786 0.011689 
0.010390 0.008297 0.006754 0.005293 0.004239 0.004596 0.008270 0.018568 0.041092 0.085384 0.166909 0.306261 0.520501 0.806518 1.127721 1.419072 1.611243 1.657144 1.545722 1.303112 0.985905 0.664610 0.398215 0.213797 0.105523 0.050400 0.025307 0.014738 
0.012564 0.009343 0.007525 0.006023 0.004766 0.004417 0.006433 0.013419 0.029830 0.063238 0.126146 0.236585 0.413381 0.663510 0.967120 1.273397 1.515158 1.634193 1.601433 1.424417 1.144508 0.825257 0.531412 0.306006 0.159660 0.077961 0.037853 0.020022 
0.016293 0.010954 0.008434 0.006774 0.005395 0.004592 0.005425 0.009926 0.021624 0.046534 0.094692 0.181365 0.324983 0.538445 0.815315 1.120258 1.394277 1.574676 1.617813 1.512925 1.284463 0.984883 0.678335 0.418709 0.232833 0.118810 0.057907 0.028938 
0.022615 0.013623 0.009694 0.007604 0.006085 0.004993 0.005008 0.007676 0.015775 0.034079 0.070613 0.138029 0.253174 0.431714 0.676880 0.967786 1.257268 1.484476 1.596244 1.565369 1.398694 1.134673 0.831609 0.548522 0.325771 0.175822 0.088359 0.043423 
0.033019 0.018119 0.011659 0.008649 0.006844 0.005539 0.005001 0.006342 0.011725 0.024927 0.052346 0.104321 0.195601 0.342444 0.554297 0.822333 1.112527 1.370872 1.540360 1.580807 1.482032 1.266683 0.983141 0.690065 0.437146 0.250796 0.132090 0.065891 
0.049455 0.025569 0.014889 0.010154 0.007747 0.006192 0.005270 0.005671 0.009034 0.018326 0.038637 0.078333 0.149961 0.269023 0.448370 0.688315 0.967430 1.241700 1.455616 1.560584 1.531419 1.374357 1.124912 0.836603 0.563606 0.343971 0.191443 0.098990 
0.074223 0.037512 0.020229 0.012521 0.008950 0.006969 0.005731 0.005471 0.007352 0.013680 0.028481 0.058485 0.114147 0.209492 0.358697 0.568343 0.827873 1.104565 1.348658 1.508100 1.546001 1.452888 1.249635 0.980758 0.700105 0.453789 0.267707 0.145217 
0.109720 0.055867 0.028871 0.016375 0.010736 0.007960 0.006350 0.005601 0.006412 0.010516 0.021081 0.043483 0.086316 0.161820 0.284094 0.463520 0.698108 0.966219 1.226611 1.428379 1.527051 1.499445 1.351262 1.115196 0.840431 0.576947 0.360748 0.206462 
0.158091 0.082794 0.042369 0.022623 0.013556 0.009348 0.007155 0.005975 0.006006 0.008464 0.015798 0.032282 0.064900 0.124068 0.222957 0.373807 0.580814 0.832163 1.096415 1.327495 1.477715 1.513248 1.425353 1.233229 0.977814 0.708689 0.468847 0.283605 
0.220848 0.120442 0.062581 0.032496 0.018089 0.011452 0.008251 0.006565 0.005991 0.007235 0.012131 0.024040 0.048591 0.094484 0.173512 0.298382 0.477310 0.706488 0.964289 1.211955 1.402605 1.495481 1.469301 1.329291 1.105521 0.843251 0.588768 0.376226 
0.298537 0.170645 0.091512 0.047539 0.025293 0.014770 0.009852 0.007408 0.006278 0.006613 0.009683 0.018086 0.036316 0.071537 0.133998 0.235947 0.387846 0.591899 0.835389 1.088122 1.307280 1.449043 1.482391 1.399296 1.217406 0.974386 0.716010 0.482497 
0.390517 0.234591 0.131078 0.069525 0.036416 0.020032 0.012311 0.008630 0.006843 0.006445 0.008148 0.013884 0.027201 0.053926 0.102768 0.184973 0.311897 0.489873 0.713644 0.961755 1.197701 1.378162 1.465717 1.440843 1.308351 1.095896 0.845198 0.599253 
