0.259896 0.310230 0.347145 0.410811 1.027458 1.692378 1.861263 1.969414 1.969414 1.861263 1.192378 0.527458 0.410811 0.347145 0.310230 0.268336 0.206588 0.132775 0.066667 0.023594 0.004798 0.000319 0.000309 0.004737 0.023320 0.065595 0.129071 0.195294 
0.227595 0.285063 0.328688 0.378978 0.719135 1.359918 1.776821 1.915339 1.969414 1.915339 1.526821 0.859918 0.469135 0.378978 0.328688 0.289283 0.237462 0.169681 0.099721 0.045130 0.014196 0.002559 0.000314 0.002523 0.014028 0.044457 0.097333 0.162182 
0.194889 0.256329 0.306875 0.353833 0.549056 1.039527 1.568369 1.846080 1.942376 1.942376 1.721080 1.193369 0.664527 0.424056 0.353833 0.308985 0.263373 0.203572 0.134701 0.072426 0.029663 0.008377 0.001436 0.001418 0.008276 0.029243 0.070895 0.129758 
0.162323 0.225609 0.281602 0.330354 0.451445 0.794292 1.303948 1.707225 1.894228 1.942376 1.831728 1.457225 0.928948 0.544292 0.388945 0.331409 0.286179 0.233472 0.169136 0.103563 0.051044 0.019020 0.004907 0.001427 0.004847 0.018759 0.050069 0.100326 
0.131325 0.193966 0.253606 0.305978 0.390899 0.622868 1.049120 1.505586 1.800726 1.918302 1.887052 1.644476 1.193086 0.736620 0.466618 0.360177 0.308794 0.259826 0.201304 0.136350 0.077304 0.035032 0.011963 0.003167 0.003137 0.011803 0.034414 0.075198 
0.103261 0.162645 0.223786 0.279792 0.348439 0.506884 0.835994 1.277353 1.653156 1.859514 1.902677 1.765764 1.418781 0.964853 0.601619 0.413397 0.334485 0.284310 0.230565 0.168827 0.106827 0.056168 0.023498 0.007565 0.003152 0.007470 0.023109 0.054806 
0.079034 0.132953 0.193216 0.251789 0.314115 0.427661 0.671439 1.056673 1.465255 1.756335 1.881096 1.834221 1.592273 1.191817 0.783236 0.507508 0.373941 0.309398 0.257437 0.199696 0.137827 0.081498 0.039833 0.015532 0.005359 0.005311 0.015289 0.038957 
0.058995 0.105993 0.163084 0.222502 0.282952 0.370888 0.549550 0.864056 1.260964 1.610795 1.818716 1.857658 1.713247 1.392045 0.987527 0.645372 0.440725 0.341670 0.283418 0.228567 0.168762 0.109662 0.060665 0.027682 0.010445 0.005335 0.010300 0.027123 
0.043059 0.082494 0.134539 0.192793 0.252727 0.326920 0.460219 0.706803 1.062510 1.435879 1.714755 1.838187 1.785452 1.552646 1.189786 0.816449 0.543048 0.391197 0.312544 0.255992 0.198664 0.139212 0.085164 0.044174 0.019064 0.007890 0.007817 0.018712 
0.030885 0.062777 0.108517 0.163666 0.222760 0.289824 0.393570 0.583511 0.884657 1.249195 1.575317 1.776471 1.811820 1.669049 1.371216 1.003118 0.679749 0.467123 0.351870 0.284268 0.227328 0.168938 0.112188 0.064669 0.031619 0.013477 0.007854 0.013265 
0.022075 0.046831 0.085647 0.136091 0.193213 0.256292 0.341697 0.488540 0.734084 1.066926 1.412256 1.675894 1.794145 1.740434 1.520132 1.187167 0.841433 0.573436 0.409497 0.318069 0.255798 0.198133 0.140563 0.088428 0.048144 0.022548 0.010665 0.010559 
0.016317 0.034453 0.066239 0.110869 0.164652 0.224753 0.298994 0.415119 0.611312 0.900505 1.239591 1.544075 1.735020 1.767290 1.630283 1.353650 1.014300 0.707435 0.491466 0.363783 0.286934 0.226966 0.169348 0.114496 0.068286 0.035346 0.016607 0.010612 
0.013465 0.025385 0.050346 0.088554 0.137761 0.194702 0.261873 0.357056 0.513215 0.755908 1.070048 1.391833 1.639547 1.751155 1.698787 1.491967 1.183975 0.860867 0.599450 0.427625 0.325358 0.256950 0.198157 0.141922 0.091391 0.051816 0.025976 0.013609 
0.013537 0.019425 0.037866 0.069450 0.113157 0.166232 0.228288 0.309465 0.435136 0.634562 0.912978 1.230940 1.515690 1.695351 1.724971 1.595377 1.337971 1.022421 0.730159 0.513537 0.376491 0.291154 0.227553 0.170039 0.116656 0.071603 0.038896 0.019793 
0.016665 0.016481 0.028645 0.053658 0.091304 0.139694 0.197260 0.268876 0.372300 0.534849 0.773770 1.071959 1.373315 1.605521 1.710161 1.660174 1.466674 1.180196 0.876290 0.621848 0.445014 0.333823 0.259354 0.198796 0.143348 0.094130 0.055250 0.029344 
0.023005 0.016573 0.022563 0.041152 0.072481 0.115499 0.168477 0.233068 0.320588 0.453575 0.654309 0.922865 1.222637 1.489418 1.657841 1.685167 1.563424 1.323435 1.028243 0.749069 0.533431 0.389419 0.296588 0.229075 0.171072 0.118739 0.074690 0.042297 
0.032651 0.019789 0.019568 0.031857 0.056816 0.093990 0.141988 0.200773 0.276828 0.387082 0.553942 0.788587 1.072751 1.356028 1.573629 1.671504 1.624295 1.443429 1.175839 0.888656 0.641250 0.461425 0.343003 0.262831 0.200073 0.144905 0.096714 0.058493 
0.045572 0.026220 0.019678 0.025713 0.044337 0.075403 0.117989 0.171380 0.238800 0.331955 0.470512 0.671265 0.930669 1.214389 1.464829 1.622567 1.647900 1.533862 1.309634 1.032247 0.764953 0.551338 0.402214 0.302917 0.231452 0.172489 0.120810 0.077604 
0.061588 0.035896 0.022949 0.022696 0.035025 0.059870 0.096696 0.144685 0.205090 0.285378 0.401233 0.570888 0.800967 1.072529 1.339609 1.543698 1.635233 1.590881 1.421748 1.170941 0.898600 0.658145 0.476776 0.352566 0.267185 0.201971 0.146650 0.099207 
0.080397 0.048742 0.029423 0.022822 0.028860 0.047447 0.078283 0.120690 0.174888 0.245234 0.343306 0.486061 0.685927 0.936748 1.206069 1.441653 1.589465 1.613057 1.506315 1.296344 1.034770 0.778373 0.567461 0.414671 0.309875 0.234578 0.174310 0.122928 
0.101663 0.064570 0.039082 0.026122 0.025841 0.038154 0.062865 0.099487 0.147789 0.210061 0.294270 0.414683 0.585994 0.811338 1.071409 1.323861 1.515559 1.601261 1.559686 1.401330 1.165557 0.906572 0.672917 0.491066 0.362273 0.272227 0.204444 0.148619 
0.125141 0.083116 0.051826 0.032602 0.025982 0.031997 0.050509 0.081176 0.123638 0.178925 0.252165 0.354476 0.500339 0.698666 0.941373 1.197635 1.419710 1.558410 1.580474 1.480508 1.283443 1.036065 0.789744 0.581991 0.426669 0.317250 0.238335 0.176532 
0.150836 0.104129 0.067471 0.042214 0.029292 0.028990 0.041253 0.065843 0.102407 0.151281 0.215545 0.303321 0.427408 0.599502 0.820020 1.069504 1.308673 1.489060 1.569442 1.530491 1.381976 1.159754 0.912904 0.685868 0.504330 0.371960 0.277793 0.207434 
0.179135 0.127483 0.085800 0.054843 0.035753 0.029141 0.035122 0.053548 0.084125 0.126844 0.183413 0.259433 0.365364 0.513455 0.709761 0.944762 1.189088 1.398866 1.529251 1.549966 1.456233 1.270865 1.036329 0.799386 0.595099 0.438145 0.324876 0.242613 
0.210874 0.153309 0.106641 0.070321 0.045298 0.032447 0.032131 0.044335 0.068836 0.105484 0.155129 0.221423 0.312399 0.439410 0.611608 0.827261 1.066925 1.293977 1.464059 1.539609 1.503100 1.363549 1.153597 0.917858 0.697242 0.516622 0.381511 0.283745 
0.247309 0.182091 0.129975 0.088481 0.057810 0.038872 0.032289 0.038233 0.056586 0.087160 0.130307 0.188276 0.266911 0.375904 0.525509 0.719435 0.947093 1.180451 1.379018 1.501834 1.521354 1.433324 1.258573 1.035727 0.807550 0.606932 0.449066 0.332628 
0.289968 0.214700 0.156033 0.109228 0.073145 0.048341 0.035581 0.035261 0.047409 0.071873 0.108733 0.159291 0.227593 0.321407 0.450706 0.622472 0.833264 1.063772 1.279735 1.440426 1.511594 1.477339 1.345949 1.147150 0.921639 0.707241 0.527999 0.390847 
0.340408 0.252334 0.185367 0.132631 0.091187 0.060743 0.041961 0.035421 0.041335 0.059641 0.090303 0.134012 0.193442 0.274500 0.386057 0.536589 0.727868 0.948518 1.171753 1.360080 1.476010 1.494467 1.411644 1.246549 1.034394 0.814440 0.617620 0.459423 
