0.020703 0.010769 0.004803 0.004462 0.011343 0.030457 0.073061 0.155582 0.292235 0.482515 0.700305 0.894595 1.007176 1.000355 0.877178 0.679554 0.465595 0.282498 0.151900 0.072352 0.031166 0.015025 0.014199 0.021724 0.031521 0.038130 0.038081 0.031249 
0.025976 0.015736 0.007786 0.004633 0.007902 0.020900 0.051759 0.114321 0.223909 0.387375 0.591410 0.797450 0.950886 1.003766 0.938766 0.778366 0.572574 0.374046 0.217199 0.112126 0.051759 0.023096 0.014612 0.017961 0.026622 0.034826 0.038105 0.034665 
0.030321 0.020856 0.011761 0.006209 0.006267 0.014401 0.036330 0.083040 0.169115 0.305642 0.489393 0.694430 0.874168 0.977326 0.971266 0.858566 0.675470 0.473310 0.295623 0.164662 0.081943 0.037427 0.018854 0.016287 0.022292 0.030724 0.036466 0.036385 
0.033353 0.025588 0.016309 0.008985 0.006238 0.010334 0.025366 0.059685 0.126078 0.237379 0.397517 0.591911 0.784299 0.925747 0.974296 0.914916 0.767018 0.574390 0.384467 0.230143 0.123302 0.059685 0.028141 0.017570 0.019289 0.026508 0.033595 0.036425 
0.034889 0.029471 0.020948 0.012647 0.007612 0.008286 0.017850 0.042525 0.092881 0.181728 0.317448 0.494714 0.688105 0.855023 0.950021 0.944606 0.840967 0.670704 0.479428 0.307305 0.176723 0.091494 0.043913 0.022856 0.018430 0.022899 0.030051 0.035010 
0.034950 0.032180 0.025210 0.016798 0.010129 0.007949 0.013068 0.030188 0.067703 0.137305 0.249588 0.406081 0.591410 0.771564 0.902522 0.947314 0.892786 0.755836 0.575066 0.393366 0.242014 0.134108 0.067703 0.033384 0.020643 0.020664 0.026475 0.032531 
0.033740 0.033565 0.028695 0.021004 0.013464 0.009039 0.010509 0.021628 0.048945 0.102504 0.193446 0.327835 0.498745 0.681487 0.837043 0.924918 0.920050 0.824311 0.665451 0.484216 0.317690 0.188061 0.100906 0.050544 0.027013 0.020653 0.023570 0.029503 
0.031621 0.033652 0.031130 0.024849 0.017234 0.011251 0.009774 0.016068 0.035287 0.075725 0.147975 0.260640 0.413290 0.590116 0.759265 0.880980 0.922484 0.872180 0.744881 0.574834 0.400953 0.252875 0.144483 0.075725 0.038779 0.023833 0.022112 0.026536 
0.029079 0.032637 0.032391 0.027989 0.021041 0.014243 0.010513 0.012921 0.025677 0.055506 0.111850 0.204308 0.336965 0.501703 0.674691 0.820123 0.901732 0.897332 0.808531 0.659857 0.487893 0.326914 0.198679 0.110104 0.057252 0.031306 0.022972 0.024324 
0.026701 0.030858 0.032514 0.030190 0.024515 0.017642 0.012378 0.011717 0.019299 0.040592 0.083678 0.158079 0.270637 0.419334 0.588197 0.747407 0.860927 0.899532 0.852931 0.734194 0.573875 0.407404 0.262797 0.154392 0.083678 0.044279 0.027139 0.023648 
0.025175 0.028780 0.031686 0.031352 0.027353 0.021079 0.015010 0.012047 0.015508 0.029945 0.062135 0.120878 0.214358 0.344985 0.503766 0.667802 0.804167 0.880230 0.876232 0.793563 0.654035 0.490640 0.335100 0.208594 0.119035 0.063978 0.035709 0.025394 
0.025284 0.026977 0.030233 0.031519 0.029352 0.024216 0.018044 0.013529 0.013778 0.022727 0.046040 0.091507 0.167618 0.279672 0.424375 0.585784 0.735984 0.842198 0.878231 0.834897 0.723799 0.572337 0.412870 0.271847 0.163814 0.091507 0.049844 0.030551 
0.027918 0.026131 0.028605 0.030876 0.030436 0.026784 0.021130 0.015786 0.013653 0.018252 0.034383 0.068773 0.129562 0.223645 0.352023 0.505080 0.660884 0.789091 0.860215 0.856564 0.779348 0.648068 0.492604 0.342359 0.217831 0.127661 0.070675 0.040198 
0.034058 0.027024 0.027368 0.029740 0.030656 0.028610 0.023957 0.018458 0.014720 0.015953 0.026318 0.051578 0.099168 0.176604 0.287834 0.428552 0.582982 0.724988 0.824653 0.858389 0.817956 0.713708 0.570336 0.417481 0.280095 0.172746 0.099168 0.055436 
0.044747 0.030541 0.027196 0.028554 0.030198 0.029633 0.026283 0.021208 0.016589 0.015336 0.021135 0.038948 0.075373 0.137886 0.232219 0.358193 0.505767 0.653985 0.774820 0.841521 0.838173 0.765832 0.642022 0.493908 0.348788 0.226420 0.135957 0.077302 
0.061025 0.037644 0.028869 0.027875 0.029376 0.029916 0.027958 0.023746 0.018898 0.015963 0.018236 0.030042 0.057161 0.106629 0.185052 0.295206 0.431980 0.579876 0.714403 0.808171 0.839847 0.802002 0.703927 0.567965 0.421348 0.287604 0.181188 0.106629 
0.083827 0.049334 0.033256 0.028372 0.028626 0.029646 0.028937 0.025852 0.021322 0.017430 0.017099 0.024139 0.043601 0.081895 0.145841 0.240129 0.363593 0.505928 0.647139 0.761287 0.824009 0.820925 0.752965 0.635946 0.494657 0.354476 0.234396 0.143909 
0.113868 0.066581 0.041295 0.030814 0.028499 0.029136 0.029291 0.027394 0.023587 0.019376 0.017265 0.020619 0.033870 0.062748 0.113868 0.192985 0.301861 0.434760 0.576533 0.704213 0.792648 0.822467 0.786945 0.694455 0.565301 0.424566 0.294436 0.189153 
0.151510 0.090224 0.053938 0.036055 0.029656 0.028817 0.029214 0.028343 0.025491 0.021482 0.018320 0.018942 0.027244 0.048309 0.088308 0.153426 0.247423 0.368311 0.505647 0.640373 0.748430 0.807557 0.804706 0.740700 0.629878 0.494934 0.359501 0.241794 
0.196652 0.120867 0.072081 0.044996 0.032855 0.029237 0.029015 0.028778 0.026917 0.023486 0.019901 0.018631 0.023093 0.037777 0.068308 0.120867 0.200425 0.307867 0.436979 0.573010 0.694402 0.777994 0.806131 0.772703 0.685289 0.562406 0.427218 0.300648 
0.248650 0.158760 0.096474 0.058539 0.038926 0.031046 0.029126 0.028897 0.027847 0.025201 0.021694 0.019266 0.020862 0.030435 0.053043 0.094588 0.160646 0.254146 0.372423 0.504994 0.633706 0.736198 0.792063 0.789417 0.728996 0.623848 0.494812 0.363933 
0.306291 0.203705 0.127617 0.077506 0.048732 0.034986 0.030086 0.029011 0.028372 0.026524 0.023447 0.020480 0.020064 0.025649 0.041739 0.073815 0.127617 0.207396 0.313284 0.438709 0.569350 0.684952 0.764130 0.790740 0.759207 0.676422 0.559330 0.429372 
0.367832 0.254998 0.165661 0.102562 0.063119 0.041859 0.032536 0.029549 0.028692 0.027448 0.024986 0.021964 0.020272 0.022856 0.033694 0.057777 0.100716 0.167506 0.260340 0.375996 0.504029 0.627151 0.724541 0.777435 0.774973 0.717814 0.617876 0.494351 
0.431091 0.311415 0.210330 0.134111 0.082841 0.052489 0.037198 0.031042 0.029120 0.028070 0.026217 0.023475 0.021118 0.021564 0.028275 0.045735 0.079247 0.134111 0.213923 0.318168 0.440013 0.565590 0.675846 0.750988 0.776204 0.746394 0.667845 0.556113 
0.493602 0.371253 0.260872 0.172220 0.108476 0.067665 0.044843 0.034120 0.030081 0.028595 0.027144 0.024846 0.022296 0.021341 0.024920 0.037005 0.062491 0.106679 0.174017 0.266046 0.379091 0.502801 0.620718 0.713417 0.763596 0.761299 0.707119 0.611979 
0.552791 0.432428 0.316063 0.216546 0.140348 0.088070 0.056254 0.039482 0.032101 0.029338 0.027869 0.025995 0.023571 0.021819 0.023130 0.030962 0.049748 0.084585 0.140348 0.220031 0.322568 0.440946 0.561760 0.667068 0.738507 0.762447 0.734209 0.659549 
0.606170 0.492609 0.374245 0.266305 0.178447 0.114209 0.072162 0.047868 0.035791 0.030719 0.028604 0.026932 0.024783 0.022695 0.022474 0.027046 0.040355 0.067166 0.112466 0.180190 0.271300 0.381757 0.501353 0.614414 0.702787 0.750477 0.748328 0.696879 
0.651525 0.549390 0.433427 0.320275 0.222376 0.146328 0.093186 0.060015 0.041830 0.033255 0.029662 0.027768 0.025858 0.023739 0.022585 0.024760 0.033701 0.053761 0.089816 0.146328 0.225745 0.326528 0.441555 0.557883 0.658600 0.726632 0.749403 0.722604 
