0.051678 0.043562 0.546807 1.078133 1.153035 1.281817 1.461940 1.670243 1.362356 0.985506 1.001376 0.905350 0.728540 0.521345 0.330564 0.184119 0.088702 0.036238 0.012478 0.003780 0.001149 0.001458 0.005892 0.016411 0.032270 0.048824 0.059482 0.059482 
0.055580 0.047620 0.295185 0.812470 1.115584 1.217426 1.371879 1.566091 1.516299 1.173931 0.993441 0.953363 0.816945 0.624943 0.425955 0.257341 0.136410 0.062470 0.024358 0.008129 0.002465 0.001303 0.003675 0.011151 0.024340 0.040547 0.054153 0.059482 
0.057531 0.051600 0.171402 0.553827 0.964027 1.166505 1.294652 1.468985 1.541195 1.345115 1.083686 0.973402 0.885154 0.720944 0.525449 0.341648 0.196876 0.099440 0.043414 0.016244 0.005297 0.001884 0.002489 0.007413 0.017746 0.032444 0.047350 0.056817 
0.057174 0.054565 0.111501 0.362615 0.758927 1.065266 1.230579 1.381819 1.505090 1.443155 1.214401 1.028544 0.929278 0.803049 0.623196 0.433548 0.269262 0.148158 0.071427 0.029829 0.010770 0.003591 0.002187 0.004951 0.012580 0.025095 0.039897 0.052084 
0.054629 0.055870 0.083033 0.237058 0.560771 0.912097 1.147922 1.306199 1.443454 1.474123 1.328778 1.121472 0.978911 0.866163 0.713123 0.528372 0.351405 0.208710 0.109792 0.050628 0.020300 0.007180 0.002889 0.003569 0.008765 0.018837 0.032496 0.045990 
0.050310 0.055249 0.069451 0.160045 0.398914 0.736434 1.030009 1.227060 1.374826 1.458789 1.401450 1.225125 1.050192 0.922537 0.789643 0.620748 0.439889 0.280057 0.159251 0.080210 0.035464 0.013740 0.005035 0.003229 0.006167 0.013801 0.025666 0.039243 
0.044776 0.052779 0.062350 0.114748 0.279480 0.567674 0.883222 1.128535 1.300943 1.416808 1.430120 1.313288 1.137659 0.986364 0.856090 0.705195 0.530318 0.359973 0.219654 0.119731 0.057837 0.024602 0.009387 0.004132 0.004698 0.009984 0.019734 0.032455 
0.038615 0.048778 0.057565 0.088549 0.197114 0.423577 0.725448 1.005878 1.214739 1.358876 1.423464 1.371704 1.225473 1.062012 0.921227 0.780643 0.617757 0.445146 0.289814 0.169692 0.088784 0.041220 0.016995 0.006759 0.004415 0.007341 0.014859 0.026094 
0.032355 0.043697 0.053171 0.073057 0.142832 0.310346 0.574512 0.865663 1.110309 1.286807 1.391170 1.397584 1.298588 1.143742 0.991619 0.850935 0.699200 0.531451 0.367480 0.229753 0.129238 0.065002 0.029107 0.011877 0.005587 0.005878 0.011100 0.020477 
0.026416 0.038026 0.048434 0.063114 0.107944 0.226589 0.442429 0.720088 0.987986 1.198558 1.338988 1.394377 1.348086 1.221165 1.067681 0.921277 0.775067 0.615325 0.449465 0.298616 0.179496 0.097120 0.047054 0.020492 0.008732 0.005733 0.008489 0.015788 
0.021102 0.032221 0.043230 0.055774 0.085529 0.167267 0.334509 0.581258 0.854037 1.093272 1.268773 1.366683 1.371231 1.284626 1.144423 0.994479 0.848172 0.695196 0.532395 0.374041 0.239056 0.138308 0.072087 0.033773 0.014612 0.007232 0.007111 0.012139 
0.016620 0.026661 0.037725 0.049502 0.070652 0.126398 0.250888 0.457884 0.717648 0.973654 1.181023 1.317728 1.368957 1.327929 1.214524 1.069451 0.921326 0.771684 0.613796 0.453218 0.306548 0.188682 0.105197 0.052930 0.024193 0.010922 0.007172 0.009625 
0.013123 0.021641 0.032193 0.043614 0.060077 0.098525 0.188643 0.354386 0.587766 0.845651 1.077338 1.249375 1.343342 1.348443 1.271226 1.141988 0.995388 0.846505 0.692740 0.533507 0.379883 0.247615 0.146940 0.079064 0.038561 0.017557 0.009047 0.008398 
0.010760 0.017382 0.026917 0.037904 0.051845 0.079301 0.143584 0.271514 0.471076 0.716708 0.961495 1.163357 1.296359 1.345893 1.309835 1.206607 1.068688 0.920947 0.769623 0.613124 0.456695 0.313749 0.197277 0.113002 0.058813 0.028059 0.013302 0.008722 
0.009741 0.014071 0.022149 0.032410 0.044874 0.065573 0.111442 0.207549 0.371295 0.593892 0.839101 1.062426 1.229858 1.321126 1.327864 1.258221 1.137648 0.994817 0.845285 0.691373 0.534909 0.385222 0.255513 0.155140 0.085907 0.043436 0.020681 0.011012 
0.010377 0.011906 0.018110 0.027280 0.038642 0.055224 0.088508 0.159496 0.289422 0.482593 0.716497 0.950764 1.146142 1.275492 1.324495 1.293042 1.197934 1.066232 0.920051 0.768329 0.613141 0.460066 0.320368 0.205326 0.120523 0.064672 0.032058 0.015847 
0.013112 0.011142 0.015008 0.022695 0.032961 0.046933 0.071866 0.124002 0.224459 0.386008 0.599545 0.833630 1.048453 1.210817 1.299993 1.308768 1.245488 1.132083 0.993142 0.844190 0.690735 0.536603 0.390217 0.262847 0.162925 0.092598 0.048365 0.023952 
0.018532 0.012127 0.013075 0.018852 0.027828 0.039947 0.059399 0.097934 0.174230 0.305233 0.492776 0.716588 0.941041 1.129635 1.255405 1.304381 1.277128 1.188786 1.062613 0.918666 0.767462 0.613669 0.463410 0.326532 0.212886 0.127761 0.070481 0.036159 
0.027345 0.015329 0.012601 0.015963 0.023340 0.033888 0.049673 0.078667 0.136082 0.239732 0.399005 0.604682 0.828815 1.035338 1.192520 1.279893 1.290755 1.232957 1.125699 0.990639 0.843064 0.690566 0.538540 0.394971 0.269709 0.170324 0.099121 0.053320 
0.040333 0.021337 0.013965 0.014282 0.019652 0.028614 0.041780 0.064170 0.107374 0.187907 0.319368 0.501843 0.716748 0.932076 1.113929 1.236206 1.285324 1.261856 1.179328 1.058169 0.916852 0.766815 0.614553 0.466755 0.332340 0.220016 0.134722 0.076221 
0.058277 0.030835 0.017651 0.014124 0.016967 0.024133 0.035197 0.052975 0.085772 0.147641 0.253638 0.410606 0.609296 0.824412 1.023003 1.175068 1.260765 1.273590 1.220592 1.118749 0.987510 0.841833 0.690684 0.540654 0.399548 0.276178 0.177369 0.105472 
0.081874 0.044556 0.024243 0.015887 0.015545 0.020550 0.029665 0.044086 0.069374 0.116706 0.200639 0.332122 0.509951 0.716854 0.923707 1.099035 1.217916 1.267177 1.247091 1.169670 1.053130 0.914672 0.766259 0.615669 0.470101 0.337863 0.226774 0.141420 
0.111647 0.063215 0.034400 0.020065 0.015716 0.018047 0.025107 0.036875 0.056730 0.093040 0.158673 0.266380 0.421036 0.613402 0.820281 1.011371 1.158476 1.242547 1.257134 1.208381 1.111400 0.983901 0.840465 0.690964 0.542885 0.403982 0.282318 0.184097 
0.147872 0.087431 0.048807 0.027232 0.017891 0.016882 0.021577 0.030991 0.046803 0.074885 0.125856 0.212527 0.343708 0.517219 0.716842 0.915826 1.084924 1.200511 1.249841 1.232757 1.159890 1.047650 0.912183 0.765715 0.616924 0.473433 0.343150 0.233208 
0.190540 0.117652 0.068119 0.038020 0.022562 0.017386 0.019230 0.026284 0.038897 0.060844 0.100371 0.169191 0.278117 0.430464 0.617030 0.816334 1.000375 1.142717 1.225176 1.241299 1.196324 1.103770 0.979917 0.838949 0.691319 0.545179 0.408292 0.288179 
0.239359 0.154096 0.092885 0.053069 0.030291 0.019974 0.018308 0.022757 0.032591 0.049870 0.080607 0.134781 0.223654 0.354291 0.523747 0.716682 0.908354 1.071546 1.183947 1.233237 1.218811 1.150047 1.041843 0.909433 0.765134 0.618249 0.476735 0.348235 
0.293797 0.196728 0.123491 0.072977 0.041680 0.025132 0.019141 0.020532 0.027674 0.041231 0.065239 0.107694 0.179218 0.288973 0.439019 0.620215 0.812518 0.989950 1.127746 1.208592 1.226024 1.184429 1.095945 0.975638 0.837283 0.691692 0.547492 0.412485 
0.353141 0.245263 0.160109 0.098234 0.057329 0.033406 0.022137 0.019837 0.024103 0.034452 0.053235 0.086466 0.143456 0.234095 0.363996 0.529617 0.716366 0.901234 1.058848 1.168169 1.217308 1.205227 1.140187 1.035792 0.906461 0.764488 0.619592 0.479989 
