0.784029 0.963004 0.982119 0.853478 0.668135 0.544119 0.555143 0.688004 0.857752 0.970334 1.488054 1.949806 1.931437 1.978148 2.062916 2.103561 1.524013 0.811584 0.527579 0.266083 0.094351 0.019220 0.001288 0.001238 0.018948 0.093280 0.262379 0.516285 
0.650157 0.873517 0.972562 0.917798 0.760807 0.606127 0.549631 0.621574 0.772878 0.914043 1.229194 1.718930 1.940621 1.954793 2.020532 2.083238 1.813787 1.167798 0.669581 0.396831 0.180217 0.056786 0.010254 0.001263 0.010093 0.056114 0.177829 0.389332 
0.519744 0.761837 0.923039 0.945180 0.839303 0.683467 0.577879 0.585602 0.697226 0.843461 1.071618 1.474062 1.829776 1.947707 1.987662 2.051885 1.948513 1.490793 0.918690 0.533206 0.288524 0.118501 0.033520 0.005758 0.005678 0.033103 0.116972 0.283580 
0.401662 0.640791 0.842438 0.934110 0.892241 0.761385 0.630673 0.581741 0.641414 0.770343 0.957540 1.272840 1.651919 1.888741 1.967685 2.019774 2.000199 1.719653 1.204741 0.725948 0.410865 0.203513 0.076011 0.019639 0.005718 0.019391 0.075037 0.200276 
0.300969 0.521227 0.741614 0.888274 0.913175 0.826813 0.696029 0.606207 0.611577 0.705879 0.863941 1.115190 1.462379 1.770330 1.928213 1.993729 2.009986 1.859926 1.462197 0.965345 0.568406 0.307189 0.139762 0.047825 0.012679 0.012554 0.047214 0.137657 
0.219313 0.411098 0.631420 0.814944 0.900725 0.869994 0.761421 0.651118 0.608892 0.658728 0.784910 0.989566 1.288785 1.616355 1.849272 1.960971 2.001858 1.934956 1.661061 1.213771 0.766875 0.437798 0.223475 0.093793 0.030252 0.012617 0.029884 0.092435 
0.155874 0.315205 0.521259 0.723182 0.857834 0.885359 0.815708 0.706269 0.630005 0.633810 0.721819 0.887238 1.139175 1.452570 1.732813 1.905121 1.981414 1.968407 1.798009 1.437416 0.990323 0.602337 0.330636 0.158634 0.062022 0.021434 0.021250 0.061160 
0.108517 0.235540 0.418232 0.622221 0.790508 0.871597 0.850534 0.760989 0.668137 0.631908 0.677815 0.804528 1.013206 1.295872 1.592691 1.818967 1.943268 1.974911 1.883208 1.617712 1.213870 0.796330 0.466486 0.244635 0.110328 0.041728 0.021342 0.041205 
0.074861 0.172028 0.326886 0.520227 0.706365 0.831053 0.861065 0.805761 0.714563 0.650022 0.654861 0.741172 0.908867 1.154539 1.444282 1.705829 1.881118 1.959089 1.929059 1.750460 1.415791 1.005100 0.631408 0.355561 0.177482 0.076028 0.031535 0.031274 
0.053067 0.123445 0.249457 0.423556 0.613296 0.768709 0.846059 0.833413 0.760162 0.682293 0.652442 0.698016 0.825019 1.031703 1.299411 1.575056 1.793473 1.920103 1.944074 1.839760 1.583126 1.210445 0.818254 0.493485 0.266521 0.126755 0.053782 0.031404 
0.042236 0.088256 0.186451 0.336507 0.518426 0.691002 0.807384 0.839736 0.796788 0.721227 0.667367 0.675229 0.761518 0.928361 1.165557 1.437233 1.684264 1.856788 1.932089 1.891917 1.711443 1.396786 1.014350 0.655869 0.380003 0.196638 0.090268 0.042593 
0.042415 0.065246 0.137354 0.261479 0.427466 0.604714 0.749193 0.823560 0.818262 0.759007 0.694297 0.671298 0.718373 0.844940 1.046959 1.301395 1.560749 1.770526 1.894439 1.912003 1.801680 1.554114 1.205568 0.835109 0.517936 0.288321 0.143453 0.066431 
0.054423 0.053830 0.101300 0.199416 0.344473 0.516090 0.676953 0.786376 0.820911 0.788635 0.726652 0.682798 0.694836 0.781657 0.945949 1.174177 1.431072 1.665638 1.832483 1.903221 1.856841 1.677897 1.379841 1.020339 0.676523 0.403128 0.215887 0.104942 
0.079682 0.054126 0.077565 0.150358 0.271944 0.430281 0.596522 0.731665 0.803644 0.804773 0.757643 0.704725 0.688817 0.738246 0.863803 1.060063 1.302625 1.548355 1.749060 1.867852 1.880031 1.767369 1.528869 1.200090 0.848431 0.539826 0.309508 0.160414 
0.120048 0.066904 0.065846 0.113962 0.211151 0.351113 0.513402 0.664093 0.767654 0.804208 0.781208 0.731184 0.696771 0.713531 0.801025 0.961933 1.181344 1.425490 1.648707 1.808456 1.873941 1.823700 1.648119 1.364479 1.024260 0.694128 0.424667 0.234961 
0.177505 0.093476 0.066375 0.089904 0.162556 0.281132 0.432257 0.588747 0.715874 0.785931 0.792708 0.756196 0.713978 0.705151 0.757278 0.881479 1.071639 1.303417 1.537099 1.728582 1.841199 1.848821 1.735910 1.506299 1.194370 0.859194 0.559397 0.329814 
0.253659 0.135491 0.079926 0.078139 0.126230 0.221844 0.356695 0.510502 0.652311 0.750903 0.789320 0.774452 0.735087 0.709564 0.731215 0.819378 0.976559 1.187528 1.420258 1.632840 1.784890 1.845010 1.792365 1.621104 1.350334 1.026782 0.709296 0.444606 
0.349132 0.194575 0.107708 0.079033 0.102185 0.174037 0.289269 0.433599 0.581407 0.701607 0.770111 0.781886 0.754770 0.722326 0.720389 0.775297 0.897969 1.082043 1.303893 1.526549 1.708865 1.814950 1.818687 1.706735 1.485719 1.188558 0.868039 0.576951 
0.463042 0.271854 0.151142 0.093370 0.090609 0.138111 0.231653 0.361434 0.507503 0.641507 0.735859 0.775999 0.768328 0.738548 0.721358 0.747843 0.836633 0.990006 1.192968 1.415221 1.617707 1.761908 1.816819 1.762711 1.596227 1.337139 1.028299 0.722495 
0.592768 0.367448 0.211498 0.122256 0.091989 0.114360 0.184882 0.296544 0.434468 0.574505 0.688683 0.755929 0.772163 0.753438 0.729953 0.734600 0.792238 0.913319 1.091487 1.304094 1.516464 1.689807 1.789363 1.789765 1.679469 1.466683 1.182719 0.875397 
0.734082 0.480108 0.289473 0.166877 0.107123 0.103175 0.149621 0.240713 0.365506 0.504486 0.631594 0.722306 0.764046 0.762800 0.741695 0.732276 0.763419 0.852778 1.002403 1.197791 1.410279 1.603136 1.739585 1.789564 1.734617 1.573076 1.324701 1.029058 
0.881570 0.607095 0.384790 0.228175 0.137000 0.105149 0.126398 0.195167 0.303109 0.434996 0.568040 0.676950 0.743176 0.763423 0.752248 0.736986 0.747848 0.808099 0.927591 1.100097 1.304035 1.506707 1.671360 1.764575 1.762090 1.653846 1.448888 1.176879 
1.029225 0.744333 0.495943 0.306482 0.182587 0.121074 0.115773 0.160782 0.249138 0.369053 0.501518 0.622495 0.710063 0.753299 0.757835 0.744617 0.742417 0.777973 0.867845 1.013844 1.202066 1.405371 1.589034 1.717967 1.763333 1.707968 1.551367 1.312884 
1.171054 0.886779 0.620138 0.401213 0.244535 0.151831 0.118424 0.138278 0.204960 0.309095 0.435285 0.562006 0.666279 0.731681 0.755567 0.751226 0.743517 0.760195 0.822909 0.940844 1.107955 1.303718 1.497202 1.653501 1.740650 1.735651 1.629668 1.432126 
1.301590 1.028916 0.753458 0.510675 0.322874 0.198183 0.135127 0.128351 0.171619 0.257028 0.372190 0.498646 0.614143 0.698980 0.743624 0.753397 0.747371 0.751856 0.791552 0.881877 1.024400 1.205837 1.400460 1.575352 1.697075 1.738150 1.682659 1.530897 
1.416243 1.165253 0.891187 0.632067 0.416774 0.260528 0.166655 0.131739 0.149985 0.214323 0.314609 0.435418 0.556394 0.656561 0.721302 0.748511 0.750384 0.749614 0.771704 0.836714 0.953138 1.115118 1.303149 1.487906 1.636213 1.717613 1.710405 1.606778 
1.511511 1.290748 1.028220 0.761627 0.524421 0.338651 0.213592 0.149197 0.140862 0.182154 0.264466 0.375014 0.495906 0.606478 0.688932 0.734906 0.749447 0.749999 0.760659 0.804209 0.894926 1.034128 1.209133 1.395527 1.562060 1.676913 1.714009 1.658591 
1.585051 1.401129 1.159484 0.894924 0.643024 0.431536 0.276121 0.181394 0.145029 0.161508 0.223310 0.319740 0.435460 0.551192 0.647705 0.711919 0.742177 0.749723 0.755329 0.782434 0.849568 0.964527 1.121631 1.302330 1.478794 1.619486 1.695461 1.686300 
