0.108600 0.098091 0.087773 0.601456 1.162215 1.283845 1.462000 1.669195 1.858632 1.479472 0.998261 0.913891 0.755856 0.567609 0.387486 0.238648 0.129668 0.059562 0.021658 0.005809 0.001208 0.000410 0.002167 0.010377 0.029155 0.057365 0.086797 0.105746 
0.107173 0.103346 0.092932 0.344615 0.881836 1.223030 1.372923 1.565597 1.763913 1.669052 1.238867 0.956076 0.834874 0.661732 0.477548 0.313067 0.184158 0.094615 0.040610 0.013734 0.003509 0.000809 0.001289 0.006272 0.019766 0.043260 0.072081 0.096271 
0.101722 0.105259 0.098139 0.218774 0.613225 1.052433 1.297976 1.469260 1.664755 1.716482 1.453959 1.097471 0.895475 0.748303 0.569640 0.395307 0.248612 0.139386 0.067612 0.027172 0.008621 0.002159 0.001049 0.003780 0.013019 0.031513 0.057671 0.084176 
0.092949 0.103491 0.101699 0.158456 0.415999 0.832829 1.175205 1.383618 1.567008 1.690619 1.585221 1.275715 0.996473 0.821889 0.658971 0.482474 0.321960 0.193999 0.103499 0.047392 0.017897 0.005390 0.001604 0.002415 0.008400 0.022266 0.044592 0.070924 
0.081936 0.098220 0.102595 0.130078 0.287228 0.624414 1.004017 1.279411 1.475313 1.628813 1.637920 1.430468 1.136094 0.909181 0.740430 0.570723 0.402217 0.257980 0.148749 0.075446 0.032644 0.011643 0.003497 0.002009 0.005407 0.015333 0.033429 0.057758 
0.069847 0.090078 0.100407 0.116336 0.208653 0.455821 0.814216 1.141714 1.377362 1.552063 1.633367 1.534194 1.283281 1.022638 0.824806 0.655576 0.486470 0.330098 0.203365 0.112098 0.054045 0.022144 0.007570 0.002753 0.003708 0.010370 0.024381 0.045593 
0.057720 0.079963 0.095243 0.108372 0.162494 0.332237 0.635018 0.977965 1.259538 1.464713 1.592715 1.583780 1.408738 1.152959 0.923722 0.740191 0.571023 0.408284 0.266731 0.157731 0.083071 0.038094 0.014857 0.005162 0.003231 0.007039 0.017375 0.034987 
0.046354 0.068841 0.087603 0.101807 0.135433 0.247366 0.483628 0.806492 1.118752 1.362125 1.528714 1.588247 1.496259 1.280848 1.038341 0.831956 0.655607 0.489653 0.337508 0.212231 0.120401 0.060583 0.026476 0.010009 0.004196 0.005135 0.012207 0.026181 
0.036267 0.057598 0.078222 0.094705 0.118620 0.191399 0.365497 0.645060 0.962622 1.240438 1.445420 1.558481 1.542253 1.388554 1.159594 0.935148 0.743782 0.572630 0.413581 0.274869 0.166316 0.090492 0.043529 0.018243 0.007103 0.004665 0.008671 0.019194 
0.027731 0.046933 0.067910 0.086464 0.106663 0.155010 0.278448 0.505278 0.803841 1.101530 1.342929 1.501950 1.550367 1.465403 1.274074 1.047371 0.839465 0.658206 0.493105 0.344225 0.220593 0.128404 0.067011 0.030886 0.012673 0.005884 0.006668 0.013933 
0.020832 0.037332 0.057421 0.077187 0.096563 0.130836 0.216729 0.391863 0.654559 0.952685 1.222229 1.422440 1.526158 1.507885 1.369739 1.160723 0.943418 0.748835 0.575656 0.418665 0.282409 0.174498 0.097707 0.048948 0.021779 0.009278 0.006276 0.010300 
0.015566 0.029082 0.047376 0.067304 0.086875 0.113700 0.173783 0.304296 0.523211 0.803622 1.087457 1.322334 1.474299 1.517022 1.438812 1.265231 1.052071 0.846127 0.662246 0.497160 0.350537 0.228454 0.136103 0.073328 0.035364 0.015529 0.007777 0.008288 
0.011927 0.022324 0.038229 0.057340 0.077089 0.100287 0.143741 0.239039 0.413754 0.663417 0.945540 1.204896 1.398317 1.495660 1.477917 1.352021 1.158651 0.949099 0.754186 0.579703 0.423849 0.289495 0.182278 0.104715 0.054346 0.025446 0.011653 0.008033 
0.009980 0.017126 0.030276 0.047785 0.067215 0.088688 0.122014 0.191390 0.326396 0.538585 0.804478 1.075218 1.301606 1.446989 1.486789 1.414969 1.255336 1.053875 0.851642 0.666945 0.501776 0.356672 0.235887 0.143497 0.079531 0.039896 0.018550 0.009843 
0.009911 0.013553 0.023701 0.039031 0.057500 0.077952 0.105351 0.156702 0.258893 0.432491 0.671532 0.939848 1.188412 1.374297 1.466889 1.450879 1.335153 1.154605 0.952759 0.759294 0.584360 0.429224 0.296279 0.189692 0.111514 0.059713 0.029223 0.014196 
0.012054 0.011732 0.018627 0.031366 0.048265 0.067726 0.091651 0.131027 0.207798 0.345692 0.552011 0.805690 1.064130 1.281355 1.420593 1.458884 1.393016 1.244879 1.053682 0.856026 0.671827 0.506792 0.362752 0.242986 0.150603 0.085614 0.044468 0.021710 
0.016882 0.011893 0.015180 0.024996 0.039815 0.057995 0.079689 0.111339 0.169412 0.276745 0.448852 0.678851 0.934910 1.172742 1.350974 1.439738 1.425950 1.318947 1.149280 0.954854 0.763926 0.589309 0.434772 0.302869 0.196794 0.118108 0.065041 0.033089 
0.024985 0.014387 0.013536 0.020088 0.032406 0.048905 0.068842 0.095514 0.140376 0.223079 0.362798 0.563851 0.806880 1.053826 1.261858 1.395356 1.432844 1.372449 1.234114 1.052067 0.859390 0.676618 0.512041 0.368820 0.249831 0.157451 0.091574 0.049065 
0.037025 0.019686 0.013962 0.016812 0.026247 0.040656 0.058874 0.082178 0.117945 0.181727 0.292938 0.463325 0.685366 0.930353 1.157842 1.328607 1.414100 1.402646 1.303281 1.143091 0.955729 0.768004 0.594329 0.440430 0.309326 0.203641 0.124513 0.070320 
0.053672 0.028356 0.016824 0.015387 0.021530 0.033451 0.049765 0.070526 0.100061 0.149836 0.237333 0.378132 0.574345 0.807859 1.044098 1.243225 1.371354 1.408373 1.352964 1.223186 1.049410 0.861866 0.681167 0.517380 0.374878 0.256484 0.164077 0.097416 
0.075544 0.041014 0.022590 0.016106 0.018458 0.027490 0.041608 0.060145 0.085294 0.124949 0.193584 0.307732 0.476238 0.691102 0.925979 1.143661 1.307289 1.389863 1.380668 1.288075 1.136298 0.955638 0.771517 0.599273 0.446129 0.315681 0.210280 0.130747 
0.103145 0.058279 0.031802 0.019348 0.017282 0.022974 0.034549 0.050877 0.072719 0.105121 0.159266 0.250658 0.391985 0.583670 0.808540 1.034820 1.225475 1.348576 1.385266 1.334372 1.212186 1.045968 0.863577 0.685395 0.522701 0.380905 0.262981 0.170513 
0.136829 0.080712 0.045041 0.025575 0.018315 0.020128 0.028762 0.042713 0.061798 0.088920 0.132194 0.204962 0.321322 0.487828 0.696105 0.921680 1.130148 1.287026 1.366921 1.359819 1.273279 1.129077 0.954773 0.774486 0.604048 0.451803 0.321943 0.216747 
0.176788 0.108771 0.062876 0.035308 0.021945 0.019221 0.024445 0.035737 0.052255 0.075359 0.110557 0.168578 0.263142 0.404575 0.591967 0.808893 1.025914 1.208587 1.326973 1.363370 1.316549 1.201178 1.041925 0.864629 0.689267 0.527926 0.386873 0.269345 
0.223067 0.142780 0.085824 0.049092 0.028626 0.020583 0.021833 0.030091 0.043996 0.063807 0.092958 0.139568 0.215860 0.333858 0.498271 0.700430 0.917403 1.117250 1.267780 1.345172 1.339959 1.258863 1.121551 0.953277 0.776948 0.608596 0.457399 0.328109 
0.275588 0.182923 0.114302 0.067458 0.038859 0.024605 0.021208 0.025962 0.037044 0.053902 0.078383 0.116263 0.177714 0.274859 0.416065 0.599350 0.808917 1.017327 1.192515 1.306476 1.342566 1.299411 1.190207 1.037414 0.865113 0.692772 0.532998 0.392754 
0.334171 0.229255 0.148612 0.090880 0.053159 0.031732 0.022906 0.023585 0.031503 0.045473 0.066142 0.097323 0.146988 0.226287 0.345462 0.507707 0.704133 0.913122 1.104921 1.249496 1.324521 1.320989 1.244809 1.113811 0.951263 0.778942 0.612885 0.462876 
0.398523 0.281713 0.188934 0.119746 0.072019 0.042445 0.027319 0.023246 0.027544 0.038488 0.055808 0.081732 0.122156 0.186637 0.285874 0.426585 0.605920 0.808628 1.009021 1.177208 1.287008 1.322755 1.282899 1.179310 1.032537 0.865103 0.695914 0.537880 
