0.000012 0.000189 0.000933 0.002624 0.005163 0.007812 0.009517 0.509517 1.007812 1.005163 1.002624 1.000933 1.000189 0.500012 0.000012 0.000189 0.000933 0.002624 0.005163 0.007812 0.009517 0.009517 0.007812 0.005163 0.002624 0.000933 0.000189 0.000012 
0.000012 0.000101 0.000561 0.001778 0.003893 0.006487 0.008664 0.259517 0.758664 1.006487 1.003893 1.001778 1.000561 0.750101 0.250012 0.000101 0.000561 0.001778 0.003893 0.006487 0.008664 0.009517 0.008664 0.006487 0.003893 0.001778 0.000561 0.000101 
0.000057 0.000057 0.000331 0.001170 0.002836 0.005190 0.007576 0.134091 0.509091 0.882576 1.005190 1.002836 1.001170 0.875331 0.500057 0.125057 0.000331 0.001170 0.002836 0.005190 0.007576 0.009091 0.009091 0.007576 0.005190 0.002836 0.001170 0.000331 
0.000194 0.000057 0.000194 0.000750 0.002003 0.004013 0.006383 0.070833 0.321591 0.695833 0.943883 1.004013 1.002003 0.938250 0.687694 0.312557 0.062694 0.000750 0.002003 0.004013 0.006383 0.008333 0.009091 0.008333 0.006383 0.004013 0.002003 0.000750 
0.000472 0.000125 0.000125 0.000472 0.001377 0.003008 0.005198 0.038608 0.196212 0.508712 0.819858 0.973948 1.003008 0.970127 0.812972 0.500125 0.187625 0.031722 0.001377 0.003008 0.005198 0.007358 0.008712 0.008712 0.007358 0.005198 0.003008 0.001377 
0.000924 0.000299 0.000125 0.000299 0.000924 0.002192 0.004103 0.021903 0.117410 0.352462 0.664285 0.896903 0.988478 0.986567 0.891549 0.656549 0.343875 0.109674 0.016549 0.002192 0.004103 0.006278 0.008035 0.008712 0.008035 0.006278 0.004103 0.002192 
0.001558 0.000611 0.000212 0.000212 0.000611 0.001558 0.003148 0.013003 0.069657 0.234936 0.508374 0.780594 0.942691 0.987523 0.939058 0.774049 0.500212 0.226774 0.063111 0.009371 0.003148 0.005191 0.007157 0.008374 0.008374 0.007157 0.005191 0.003148 
0.002353 0.001085 0.000412 0.000212 0.000412 0.001085 0.002353 0.008075 0.041330 0.152296 0.371655 0.644484 0.861642 0.965107 0.963290 0.856554 0.637130 0.363493 0.144943 0.036241 0.006259 0.004169 0.006174 0.007765 0.008374 0.007765 0.006174 0.004169 
0.003261 0.001719 0.000748 0.000312 0.000312 0.000748 0.001719 0.005214 0.024703 0.096813 0.261976 0.508069 0.753063 0.913374 0.964199 0.909922 0.746842 0.500312 0.254218 0.090592 0.021250 0.005214 0.005171 0.006969 0.008069 0.008069 0.006969 0.005171 
0.004216 0.002490 0.001234 0.000530 0.000312 0.000530 0.001234 0.003467 0.014958 0.060758 0.179394 0.385022 0.630566 0.833219 0.938786 0.937060 0.828382 0.623577 0.377265 0.172405 0.055921 0.013232 0.005193 0.006070 0.007519 0.008069 0.007519 0.006070 
0.005143 0.003353 0.001862 0.000882 0.000421 0.000421 0.000882 0.002350 0.009212 0.037858 0.120076 0.282208 0.507794 0.731893 0.886003 0.937923 0.882721 0.725979 0.500421 0.274835 0.114163 0.034577 0.009212 0.005632 0.006795 0.007794 0.007794 0.006795 
0.005969 0.004248 0.002607 0.001372 0.000651 0.000421 0.000651 0.001616 0.005781 0.023535 0.078967 0.201142 0.395001 0.619843 0.808948 0.911963 0.910322 0.804350 0.613200 0.387628 0.194499 0.074370 0.021895 0.007422 0.006213 0.007295 0.007794 0.007295 
0.006632 0.005109 0.003428 0.001990 0.001012 0.000536 0.000536 0.001134 0.003699 0.014658 0.051251 0.140055 0.298072 0.507422 0.714395 0.860455 0.911143 0.857336 0.708775 0.500414 0.291063 0.134434 0.048132 0.014658 0.006818 0.006754 0.007544 0.007544 
0.007088 0.005870 0.004268 0.002709 0.001501 0.000774 0.000536 0.000835 0.002416 0.009178 0.032955 0.095653 0.219063 0.402747 0.610909 0.787425 0.885799 0.884239 0.783056 0.604595 0.395739 0.212749 0.091283 0.031395 0.010738 0.006786 0.007149 0.007544 
0.007316 0.006479 0.005069 0.003488 0.002105 0.001137 0.000655 0.000686 0.001626 0.005797 0.021067 0.064304 0.157358 0.310905 0.506828 0.699167 0.836612 0.885019 0.833648 0.693825 0.500167 0.304244 0.152016 0.061339 0.021067 0.008762 0.006967 0.007347 
0.007332 0.006898 0.005774 0.004279 0.002797 0.001621 0.000896 0.000670 0.001156 0.003711 0.013432 0.042685 0.110831 0.234132 0.408867 0.602998 0.767890 0.860816 0.859333 0.763736 0.596996 0.402205 0.228130 0.106678 0.041203 0.014914 0.007865 0.007157 
0.007244 0.007115 0.006336 0.005027 0.003538 0.002209 0.001259 0.000783 0.000913 0.002433 0.008572 0.028059 0.076758 0.172481 0.321499 0.505932 0.685444 0.814353 0.860075 0.811535 0.680366 0.499601 0.315168 0.167404 0.073940 0.028059 0.011389 0.007511 
0.007378 0.007180 0.006725 0.005681 0.004282 0.002873 0.001734 0.001021 0.000848 0.001673 0.005503 0.018315 0.052408 0.124620 0.246990 0.413716 0.595688 0.749898 0.837214 0.835805 0.745951 0.589983 0.407384 0.241286 0.120672 0.050999 0.019724 0.009450 
0.008414 0.007279 0.006952 0.006203 0.004982 0.003578 0.002303 0.001377 0.000934 0.001261 0.003588 0.011909 0.035362 0.088514 0.185805 0.330353 0.504702 0.672793 0.793556 0.836509 0.790878 0.667967 0.498684 0.324335 0.180979 0.085836 0.035362 0.014587 
0.011500 0.007846 0.007115 0.006578 0.005592 0.004280 0.002941 0.001840 0.001156 0.001098 0.002424 0.007748 0.023635 0.061938 0.137159 0.258079 0.417527 0.588747 0.733174 0.815033 0.813693 0.729422 0.583325 0.411509 0.252657 0.133407 0.060599 0.024974 
0.018237 0.009673 0.007481 0.006847 0.006085 0.004936 0.003610 0.002390 0.001498 0.001127 0.001761 0.005086 0.015692 0.042787 0.099549 0.197619 0.337803 0.503137 0.660961 0.774103 0.814363 0.771558 0.656374 0.497417 0.332083 0.193032 0.097003 0.042787 
0.030512 0.013955 0.008577 0.007164 0.006466 0.005511 0.004273 0.003000 0.001944 0.001312 0.001444 0.003424 0.010389 0.029239 0.071168 0.148584 0.267711 0.420470 0.582049 0.717532 0.794233 0.792960 0.713966 0.576896 0.414750 0.262558 0.145018 0.069895 
0.050203 0.022234 0.011266 0.007870 0.006815 0.005988 0.004892 0.003637 0.002472 0.001628 0.001378 0.002434 0.006906 0.019814 0.050203 0.109876 0.208148 0.344091 0.501260 0.649791 0.755883 0.793597 0.753463 0.645431 0.495823 0.338654 0.203788 0.107456 
0.078830 0.036219 0.016750 0.009568 0.007343 0.006402 0.005440 0.004264 0.003054 0.002050 0.001503 0.001906 0.004670 0.013360 0.035009 0.080040 0.159012 0.276119 0.422675 0.575525 0.702837 0.774740 0.773530 0.699447 0.570627 0.417238 0.271221 0.155622 
0.117226 0.057524 0.026484 0.013159 0.008455 0.006872 0.005921 0.004852 0.003659 0.002552 0.001777 0.001705 0.003288 0.009015 0.024184 0.057524 0.119526 0.217565 0.349397 0.499100 0.639181 0.738788 0.774135 0.736488 0.635037 0.493933 0.344230 0.213421 
0.165324 0.087375 0.042004 0.019822 0.010807 0.007664 0.006396 0.005386 0.004256 0.003106 0.002165 0.001741 0.002496 0.006152 0.016600 0.040854 0.088525 0.168546 0.283481 0.424249 0.569141 0.688985 0.756462 0.755312 0.685763 0.564485 0.419081 0.278825 
0.222075 0.126349 0.064690 0.030913 0.015315 0.009236 0.007030 0.005891 0.004821 0.003681 0.002635 0.001953 0.002118 0.004324 0.011376 0.028727 0.064690 0.128535 0.226013 0.353865 0.496695 0.629063 0.722723 0.755887 0.720537 0.625124 0.491783 0.348953 
0.285514 0.174212 0.095519 0.047801 0.023114 0.012275 0.008133 0.006461 0.005356 0.004251 0.003158 0.002294 0.002036 0.003221 0.007850 0.020051 0.046708 0.096612 0.177274 0.289939 0.425280 0.562879 0.675893 0.739305 0.738212 0.672830 0.558453 0.420368 
