0.781188 0.951723 1.451772 1.781449 1.517357 1.266083 1.104573 1.049354 0.573529 0.153077 0.300686 0.555143 0.931437 1.372811 1.750283 1.920818 1.808237 1.450234 0.978148 0.544119 0.245130 0.091249 0.031634 0.012520 0.022650 0.094351 0.262653 0.516346 
0.648767 0.866455 1.201747 1.616611 1.649403 1.391720 1.185328 1.076964 0.811442 0.363303 0.226881 0.427914 0.743290 1.152124 1.561547 1.835551 1.864527 1.629235 1.214191 0.761134 0.394625 0.168189 0.061442 0.022077 0.017585 0.058501 0.178502 0.389500 
0.519133 0.757611 1.034101 1.409179 1.633007 1.520561 1.288524 1.131146 0.944203 0.587372 0.295092 0.327398 0.585602 0.947707 1.356836 1.698549 1.850039 1.746881 1.421713 0.987662 0.577879 0.281407 0.114815 0.041759 0.019831 0.038043 0.118501 0.284001 
0.401567 0.638372 0.895856 1.221640 1.521093 1.576784 1.404543 1.209835 1.037674 0.765787 0.441232 0.311245 0.456500 0.766655 1.152271 1.527692 1.774294 1.798460 1.584297 1.204688 0.782771 0.429643 0.198111 0.078287 0.030795 0.028937 0.078272 0.201251 
0.301409 0.519970 0.767114 1.058748 1.371367 1.548939 1.490663 1.307189 1.123755 0.901731 0.603510 0.376239 0.383873 0.611577 0.959463 1.339982 1.650993 1.786377 1.691379 1.394492 0.993729 0.606207 0.313877 0.138199 0.054541 0.029866 0.053604 0.139762 
0.220585 0.410689 0.643542 0.912931 1.215057 1.460153 1.519801 1.398926 1.215472 1.012743 0.752620 0.489874 0.380056 0.497725 0.785520 1.149722 1.495487 1.718685 1.738878 1.542936 1.194111 0.799968 0.460042 0.226038 0.096370 0.042204 0.041735 0.096683 
0.158634 0.315637 0.527116 0.778236 1.063994 1.337605 1.489977 1.459364 1.307199 1.114107 0.882682 0.621247 0.434965 0.438890 0.641623 0.967621 1.322605 1.607086 1.728781 1.640907 1.368523 0.997039 0.630005 0.343040 0.161204 0.069287 0.041969 0.069209 
0.113922 0.237136 0.421376 0.652676 0.921115 1.200800 1.413791 1.474670 1.383281 1.210653 0.998394 0.751964 0.528106 0.436928 0.540256 0.804622 1.145113 1.464846 1.667934 1.684844 1.504715 1.182781 0.813522 0.486523 0.252122 0.115246 0.055628 0.055589 
0.084755 0.175529 0.329256 0.537026 0.786896 1.060957 1.307295 1.444230 1.428976 1.296967 1.104524 0.875179 0.640035 0.482517 0.488592 0.672439 0.974868 1.304979 1.566390 1.676389 1.594780 1.343748 0.998152 0.650022 0.369322 0.183684 0.085437 0.055609 
0.070182 0.130142 0.252392 0.433141 0.661961 0.923927 1.184126 1.375763 1.436603 1.362971 1.200745 0.989852 0.757607 0.561276 0.485554 0.580516 0.823653 1.139923 1.435685 1.621389 1.635584 1.469264 1.170950 0.824087 0.509672 0.276503 0.134560 0.070523 
0.070352 0.100162 0.191267 0.342767 0.547551 0.792944 1.054026 1.279945 1.406183 1.399787 1.281858 1.095298 0.873729 0.659442 0.523415 0.533035 0.702084 0.981788 1.287804 1.528537 1.628487 1.552424 1.320107 0.997519 0.666880 0.393088 0.205532 0.102542 
0.086447 0.085257 0.145715 0.267017 0.445159 0.670247 0.923485 1.166986 1.343064 1.402985 1.340823 1.188578 0.984514 0.766586 0.591428 0.528225 0.617560 0.841936 1.134796 1.408170 1.578512 1.590455 1.436265 1.158813 0.832199 0.529984 0.299310 0.154037 
0.120242 0.085852 0.115486 0.206366 0.356088 0.557703 0.796866 1.045235 1.255025 1.373024 1.371904 1.264701 1.086546 0.875550 0.679007 0.559827 0.572892 0.729748 0.988366 1.271483 1.493341 1.584484 1.513360 1.297539 0.995506 0.681091 0.414647 0.226673 
0.173458 0.103047 0.100669 0.160926 0.281227 0.456896 0.677285 0.921051 1.150130 1.314025 1.372464 1.318302 1.175623 0.981048 0.777278 0.619417 0.566360 0.651320 0.859057 1.129925 1.382412 1.538912 1.548922 1.405450 1.146522 0.838299 0.547869 0.320660 
0.247059 0.138252 0.101858 0.130798 0.221076 0.369061 0.567090 0.799168 1.035590 1.232077 1.343244 1.345383 1.246963 1.078336 0.879163 0.698348 0.592888 0.608840 0.755189 0.994491 1.256169 1.460662 1.543917 1.477186 1.275986 0.992411 0.693084 0.434265 
0.340662 0.192656 0.120055 0.116328 0.175937 0.295069 0.468076 0.683129 0.917379 1.133834 1.287661 1.344314 1.296173 1.162649 0.978749 0.788755 0.645618 0.600864 0.682014 0.874840 1.125330 1.358415 1.502290 1.510552 1.376586 1.134198 0.842747 0.563674 
0.452168 0.266659 0.156355 0.118191 0.146132 0.235503 0.381572 0.575602 0.800254 1.025606 1.210747 1.315987 1.320243 1.229411 1.070699 0.883752 0.717187 0.623241 0.641439 0.778427 1.000085 1.241873 1.430353 1.506421 1.443569 1.255392 0.988473 0.703211 
0.577689 0.359413 0.211507 0.137273 0.132162 0.190818 0.308538 0.478587 0.687928 0.912930 1.118177 1.263367 1.318115 1.274827 1.150055 0.977226 0.800470 0.670214 0.632340 0.709933 0.889256 1.120979 1.336113 1.468387 1.474995 1.349480 1.121932 0.845842 
0.711766 0.468551 0.285460 0.174390 0.134718 0.161490 0.249678 0.393562 0.583258 0.800429 1.015554 1.190772 1.290741 1.296471 1.212441 1.063641 0.888848 0.735342 0.651277 0.671137 0.799595 1.005117 1.228546 1.402250 1.471691 1.412238 1.235706 0.983887 
0.847826 0.590158 0.377006 0.229925 0.154554 0.148104 0.205584 0.321620 0.488410 0.691843 0.907991 1.103163 1.240757 1.293606 1.254456 1.138041 0.976244 0.812095 0.693309 0.661207 0.735366 0.902356 1.116831 1.315398 1.436970 1.441964 1.323972 1.109797 
0.978812 0.718992 0.483582 0.303465 0.192240 0.151329 0.176844 0.263602 0.405015 0.590127 0.799917 1.005577 1.171960 1.267182 1.274031 1.196249 1.057143 0.894169 0.752702 0.677258 0.698286 0.818861 1.009594 1.216115 1.376184 1.439467 1.382968 1.216884 
1.097848 0.848902 0.601287 0.393524 0.247853 0.171784 0.164086 0.220223 0.334308 0.497571 0.695022 0.902747 1.088768 1.219571 1.270606 1.235140 1.126696 0.975656 0.823436 0.714980 0.687772 0.758573 0.914227 1.112854 1.296149 1.407826 1.411218 1.299926 
1.198887 0.973375 0.725095 0.497406 0.320688 0.209818 0.167935 0.192155 0.277266 0.415940 0.596297 0.798885 0.995758 1.154170 1.245089 1.252873 1.180918 1.051176 0.899546 0.769208 0.701376 0.723173 0.836400 1.013541 1.204502 1.351987 1.409522 1.355572 
1.277230 1.086131 0.849235 0.611250 0.409047 0.265253 0.188877 0.180045 0.234710 0.346603 0.506118 0.697591 0.897321 1.074964 1.199629 1.248981 1.216895 1.116047 0.975361 0.834377 0.735292 0.712274 0.779787 0.924971 1.109021 1.278245 1.380754 1.382547 
1.329888 1.181680 0.967683 0.730242 0.510148 0.337150 0.227065 0.184461 0.207377 0.290656 0.426360 0.601854 0.797456 0.986142 1.137296 1.224305 1.232938 1.166471 1.045704 0.904869 0.784834 0.723783 0.746031 0.852379 1.016996 1.193633 1.329500 1.381651 
1.355769 1.255784 1.074682 0.848963 0.620195 0.423649 0.282108 0.205763 0.195919 0.249017 0.358508 0.514107 0.699655 0.891799 1.061719 1.180801 1.228622 1.199705 1.106087 0.975286 0.844852 0.754309 0.734907 0.799205 0.934687 1.105314 1.261566 1.355575 
1.355672 1.305777 1.165233 0.961822 0.734579 0.521922 0.352878 0.243935 0.200841 0.222468 0.303763 0.436308 0.606881 0.795727 0.976759 1.121260 1.204711 1.214163 1.152896 1.040687 0.910069 0.799580 0.744608 0.767056 0.866946 1.020001 1.183440 1.308571 
1.332121 1.330725 1.235505 1.063528 0.848201 0.628251 0.437400 0.298407 0.222388 0.211655 0.263115 0.370035 0.521595 0.701304 0.886243 1.049010 1.162986 1.209437 1.183530 1.096791 0.975378 0.854825 0.772094 0.755832 0.817001 0.943473 1.101721 1.246005 
