0.020651 0.010495 0.003731 0.000758 0.000049 0.000049 0.000758 0.003731 0.010495 0.520651 1.031247 1.038068 1.038068 1.031247 1.020651 0.510495 0.003731 0.000758 0.000049 0.000049 0.000758 0.003731 0.010495 0.020651 0.031247 0.038068 0.038068 0.031247 
0.025949 0.015573 0.007113 0.002245 0.000403 0.000049 0.000403 0.002245 0.007113 0.265573 0.775949 1.034658 1.038068 1.034658 1.025949 0.765573 0.257113 0.002245 0.000403 0.000049 0.000403 0.002245 0.007113 0.015573 0.025949 0.034658 0.038068 0.034658 
0.030303 0.020761 0.011343 0.004679 0.001324 0.000226 0.000226 0.001324 0.004679 0.136343 0.520761 0.905303 1.036363 1.036363 1.030303 0.895761 0.511343 0.129679 0.001324 0.000226 0.000226 0.001324 0.004679 0.011343 0.020761 0.030303 0.036363 0.036363 
0.033333 0.025532 0.016052 0.008011 0.003001 0.000775 0.000226 0.000775 0.003001 0.070511 0.328552 0.713032 0.970833 1.036363 1.033333 0.963032 0.703552 0.320511 0.065501 0.000775 0.000226 0.000775 0.003001 0.008011 0.016052 0.025532 0.033333 0.036363 
0.034848 0.029433 0.020792 0.012032 0.005506 0.001888 0.000501 0.000501 0.001888 0.036756 0.199532 0.520792 0.841933 1.003598 1.034848 0.998183 0.833292 0.512032 0.193006 0.033138 0.000501 0.000501 0.001888 0.005506 0.012032 0.020792 0.029433 0.034848 
0.034848 0.032140 0.025113 0.016412 0.008769 0.003697 0.001194 0.000501 0.001194 0.019322 0.118144 0.360162 0.681363 0.922765 1.019223 1.016515 0.915738 0.672662 0.352519 0.113072 0.016819 0.000501 0.001194 0.003697 0.008769 0.016412 0.025113 0.032140 
0.033494 0.033494 0.028627 0.020762 0.012590 0.006233 0.002446 0.000848 0.000848 0.010258 0.068733 0.239153 0.520762 0.802064 0.970994 1.017869 0.966127 0.794200 0.512590 0.232796 0.064946 0.008660 0.000848 0.002446 0.006233 0.012590 0.020762 0.028627 
0.031060 0.033494 0.031060 0.024694 0.016676 0.009412 0.004339 0.001647 0.000848 0.005553 0.039496 0.153943 0.379958 0.661413 0.886529 0.994432 0.991998 0.880163 0.653395 0.372693 0.148871 0.036803 0.004754 0.001647 0.004339 0.009412 0.016676 0.024694 
0.027877 0.032277 0.032277 0.027877 0.020685 0.013044 0.006876 0.002993 0.001247 0.003200 0.022524 0.096719 0.266950 0.520685 0.773971 0.940480 0.993215 0.936081 0.766779 0.513044 0.260782 0.092837 0.020778 0.003200 0.002993 0.006876 0.013044 0.020685 
0.024281 0.030077 0.032277 0.030077 0.024281 0.016865 0.009960 0.004934 0.002120 0.002224 0.012862 0.059622 0.181835 0.393818 0.647328 0.857226 0.966848 0.964648 0.851430 0.639912 0.386913 0.176809 0.056808 0.011989 0.003097 0.004934 0.009960 0.016865 
0.020573 0.027179 0.031177 0.031177 0.027179 0.020573 0.013412 0.007447 0.003527 0.002172 0.007543 0.036242 0.120728 0.287826 0.520573 0.752277 0.912037 0.965748 0.908039 0.745671 0.513412 0.281861 0.116808 0.034398 0.007543 0.004016 0.007447 0.013412 
0.016993 0.023876 0.029178 0.031177 0.029178 0.023876 0.016993 0.010430 0.005487 0.002850 0.004857 0.021893 0.078485 0.204277 0.404200 0.636425 0.832157 0.938892 0.936893 0.826855 0.629541 0.397637 0.199335 0.075603 0.020971 0.005779 0.005731 0.010430 
0.013711 0.020434 0.026527 0.030178 0.030178 0.026527 0.020434 0.013711 0.007958 0.004168 0.003854 0.013375 0.050189 0.141381 0.304239 0.520312 0.734291 0.885525 0.937893 0.881874 0.728198 0.513589 0.298486 0.137469 0.048287 0.013375 0.005755 0.008080 
0.010896 0.017073 0.023481 0.028353 0.030178 0.028353 0.023481 0.017073 0.010835 0.006063 0.004011 0.008614 0.031782 0.095785 0.222810 0.412275 0.627302 0.809908 0.911709 0.909883 0.805036 0.620894 0.406037 0.217977 0.092878 0.030831 0.009565 0.006918 
0.008907 0.013984 0.020277 0.025917 0.029265 0.029265 0.025917 0.020277 0.013954 0.008449 0.005037 0.006313 0.020198 0.063783 0.159297 0.317543 0.519789 0.718605 0.860808 0.910796 0.857460 0.712965 0.513466 0.312007 0.155428 0.061855 0.020198 0.008242 
0.008574 0.011446 0.017131 0.023097 0.027591 0.029265 0.027591 0.023097 0.017115 0.011201 0.006743 0.005675 0.013255 0.041991 0.111540 0.238420 0.418666 0.619197 0.789706 0.885802 0.884128 0.785212 0.613215 0.412736 0.233718 0.108641 0.041026 0.014220 
0.011397 0.010010 0.014288 0.020114 0.025344 0.028428 0.028428 0.025344 0.020106 0.014158 0.008972 0.006209 0.009465 0.027623 0.076766 0.174980 0.328543 0.518931 0.704452 0.837754 0.884965 0.834670 0.699214 0.512976 0.323227 0.171179 0.074834 0.027623 
0.019510 0.010703 0.012149 0.017201 0.022729 0.026886 0.028428 0.026886 0.022725 0.017132 0.011565 0.007591 0.007837 0.018544 0.052194 0.125873 0.251762 0.423737 0.611691 0.771103 0.861360 0.859818 0.766942 0.606095 0.418101 0.247203 0.123007 0.051228 
0.035369 0.015107 0.011426 0.014675 0.019965 0.024807 0.027657 0.027657 0.024805 0.019929 0.014349 0.009578 0.007714 0.013191 0.035369 0.089034 0.188817 0.337749 0.517714 0.691397 0.816231 0.860589 0.813380 0.686518 0.512098 0.332652 0.185105 0.087117 
0.061243 0.025238 0.013266 0.013051 0.017320 0.022386 0.026232 0.027657 0.026231 0.022367 0.017139 0.011963 0.008646 0.010452 0.024280 0.062201 0.138925 0.263283 0.427732 0.604556 0.753814 0.838410 0.836984 0.749949 0.599308 0.422375 0.258879 0.136111 
0.098677 0.043241 0.019252 0.013159 0.015185 0.019853 0.024309 0.026945 0.026944 0.024299 0.019753 0.014551 0.010305 0.009549 0.017366 0.043241 0.100563 0.201104 0.345507 0.516144 0.679185 0.796112 0.837697 0.793467 0.674629 0.510842 0.340627 0.197495 
0.148086 0.070959 0.031246 0.016205 0.014172 0.017519 0.022081 0.025627 0.026944 0.025622 0.022026 0.017152 0.012428 0.009927 0.013458 0.030303 0.071902 0.150834 0.273306 0.430826 0.597664 0.737648 0.816905 0.815582 0.734048 0.592735 0.425734 0.269061 
0.208574 0.109523 0.051103 0.023726 0.015189 0.015845 0.019800 0.023854 0.026286 0.026283 0.023824 0.019589 0.014790 0.011177 0.011692 0.021880 0.051103 0.111368 0.212070 0.352066 0.514245 0.667656 0.777277 0.816243 0.774815 0.663391 0.509235 0.347398 
0.277986 0.159048 0.080313 0.037414 0.019457 0.015517 0.017823 0.021827 0.025070 0.026284 0.025053 0.021706 0.017189 0.012984 0.011435 0.016786 0.036492 0.081235 0.161719 0.282068 0.433155 0.590951 0.722466 0.796760 0.795529 0.719103 0.586313 0.428316 
0.353151 0.218517 0.119680 0.058863 0.028436 0.017487 0.016670 0.019825 0.023448 0.025677 0.025669 0.023380 0.019448 0.015087 0.012209 0.014111 0.026639 0.058863 0.121477 0.221893 0.357612 0.512053 0.656709 0.759613 0.796144 0.757316 0.652708 0.507315 
0.430233 0.285834 0.169099 0.089272 0.043650 0.022961 0.017079 0.018247 0.021637 0.024563 0.025673 0.024524 0.021414 0.017267 0.013648 0.013160 0.020375 0.042751 0.090170 0.171685 0.289752 0.434832 0.584381 0.708161 0.777879 0.776730 0.705012 0.580011 
0.505122 0.358033 0.227466 0.129185 0.066461 0.033306 0.020020 0.017663 0.019942 0.023100 0.025118 0.025099 0.022969 0.019341 0.015458 0.013404 0.016767 0.031563 0.066461 0.130928 0.230719 0.362292 0.509607 0.646271 0.743020 0.777304 0.740871 0.642512 
0.573817 0.431578 0.292750 0.178326 0.097823 0.049883 0.026663 0.018841 0.018803 0.021521 0.024109 0.025108 0.024034 0.021155 0.017399 0.014431 0.015086 0.024165 0.049012 0.098694 0.180823 0.296506 0.435949 0.577939 0.694645 0.760162 0.759088 0.691691 
