0.259896 0.310230 0.347145 0.910811 1.527458 1.692378 1.861263 1.969414 1.969414 1.361263 0.692378 0.527458 0.410811 0.347145 0.310230 0.268336 0.206588 0.132775 0.066667 0.023594 0.004798 0.000319 0.000309 0.004737 0.023320 0.065595 0.129071 0.195294 
0.227595 0.285063 0.328688 0.628978 1.219135 1.609918 1.776821 1.915339 1.969414 1.665339 1.026821 0.609918 0.469135 0.378978 0.328688 0.289283 0.237462 0.169681 0.099721 0.045130 0.014196 0.002559 0.000314 0.002523 0.014028 0.044457 0.097333 0.162182 
0.194889 0.256329 0.306875 0.478833 0.924056 1.414527 1.693369 1.846080 1.942376 1.817376 1.346080 0.818369 0.539527 0.424056 0.353833 0.308985 0.263373 0.203572 0.134701 0.072426 0.029663 0.008377 0.001436 0.001418 0.008276 0.029243 0.070895 0.129758 
0.162323 0.225609 0.281602 0.392854 0.701445 1.169292 1.553948 1.769725 1.894228 1.879876 1.581728 1.082225 0.678948 0.481792 0.388945 0.331409 0.286179 0.233472 0.169136 0.103563 0.051044 0.019020 0.004907 0.001427 0.004847 0.018759 0.050069 0.100326 
0.131325 0.193966 0.253606 0.337228 0.547149 0.935368 1.361620 1.661836 1.831976 1.887052 1.730802 1.331976 0.880586 0.580370 0.435368 0.360177 0.308794 0.259826 0.201304 0.136350 0.077304 0.035032 0.011963 0.003167 0.003137 0.011803 0.034414 0.075198 
0.103261 0.162645 0.223786 0.295417 0.442189 0.741259 1.148494 1.511728 1.746906 1.859514 1.808927 1.531389 1.106281 0.730478 0.507869 0.397772 0.334485 0.284310 0.230565 0.168827 0.106827 0.056168 0.023498 0.007565 0.003152 0.007470 0.023109 0.054806 
0.079034 0.132953 0.193216 0.259601 0.368803 0.591724 0.944876 1.330111 1.629317 1.803210 1.834221 1.670158 1.318835 0.918380 0.619173 0.452821 0.366129 0.309398 0.257437 0.199696 0.137827 0.081498 0.039833 0.015532 0.005359 0.005311 0.015289 0.038957 
0.058995 0.105993 0.163084 0.226408 0.314202 0.480263 0.768300 1.137494 1.479714 1.716264 1.818716 1.752189 1.494497 1.118607 0.768777 0.535997 0.409475 0.337763 0.283418 0.228567 0.168762 0.109662 0.060665 0.027682 0.010445 0.005335 0.010300 0.027123 
0.043059 0.082494 0.134539 0.194746 0.270305 0.397233 0.624282 0.952897 1.308604 1.597989 1.767490 1.785452 1.623343 1.306552 0.943692 0.652387 0.472736 0.373619 0.310590 0.255992 0.198664 0.139212 0.085164 0.044174 0.019064 0.007890 0.007817 0.018712 
0.030885 0.062777 0.108517 0.164643 0.232526 0.333769 0.510757 0.788589 1.130750 1.453296 1.682739 1.776471 1.704398 1.464948 1.125122 0.798039 0.562561 0.423178 0.342105 0.283291 0.227328 0.168938 0.112188 0.064669 0.031619 0.013477 0.007854 0.013265 
0.022075 0.046831 0.085647 0.136580 0.198584 0.283147 0.422263 0.649673 0.959670 1.292023 1.568018 1.729605 1.740434 1.584673 1.295035 0.961581 0.680300 0.492869 0.382641 0.312698 0.255310 0.198133 0.140563 0.088428 0.048144 0.022548 0.010665 0.010559 
0.016317 0.034453 0.066239 0.111113 0.167582 0.240866 0.352705 0.535968 0.804672 1.125847 1.430021 1.648811 1.735020 1.662554 1.439854 1.128308 0.820941 0.586585 0.437755 0.347670 0.284004 0.226721 0.169348 0.114496 0.068286 0.035346 0.016607 0.010612 
0.013465 0.025385 0.050346 0.088676 0.139348 0.204224 0.296786 0.444337 0.670320 0.965259 1.277934 1.539416 1.691916 1.698787 1.551204 1.284081 0.974624 0.703763 0.512170 0.392712 0.315837 0.255363 0.198035 0.141922 0.091391 0.051816 0.025976 0.013609 
0.013537 0.019425 0.037866 0.069511 0.114012 0.171786 0.250505 0.370561 0.557328 0.817789 1.121596 1.408675 1.615666 1.695351 1.624995 1.417642 1.129352 0.839193 0.607966 0.452441 0.354275 0.285600 0.226699 0.169978 0.116656 0.071603 0.038896 0.019793 
0.016665 0.016481 0.028645 0.053688 0.091761 0.142899 0.211145 0.310533 0.463945 0.687559 0.969693 1.265136 1.512170 1.655508 1.660173 1.521319 1.273497 0.984273 0.723580 0.530204 0.403358 0.319937 0.256149 0.198338 0.143317 0.094130 0.055250 0.029344 
0.023005 0.016573 0.022563 0.041167 0.072725 0.117330 0.177022 0.260839 0.387239 0.575752 0.828626 1.117414 1.388653 1.583839 1.657841 1.590746 1.397408 1.128885 0.853926 0.626892 0.466781 0.361648 0.288043 0.227244 0.170828 0.118724 0.074690 0.042297 
0.032651 0.019789 0.019568 0.031865 0.056946 0.095028 0.147176 0.218931 0.324039 0.481495 0.702189 0.973020 1.253034 1.486246 1.620840 1.624293 1.494077 1.263147 0.991406 0.740409 0.546836 0.414214 0.324845 0.257643 0.199036 0.144776 0.096707 0.058493 
0.045572 0.026220 0.019678 0.025716 0.044405 0.075987 0.121102 0.183053 0.271485 0.402767 0.591842 0.837604 1.113027 1.369640 1.553543 1.622567 1.559185 1.378612 1.127276 0.865907 0.643623 0.480525 0.369530 0.291244 0.228340 0.171906 0.120741 0.077600 
0.061586 0.035896 0.022949 0.022697 0.035061 0.060196 0.098544 0.152078 0.227269 0.337126 0.497305 0.714723 0.975316 1.241333 1.461591 1.588055 1.590876 1.468898 1.252944 0.996592 0.754765 0.562074 0.425028 0.330387 0.259792 0.200123 0.146323 0.099171 
0.080378 0.048741 0.029423 0.022823 0.028879 0.047628 0.079370 0.125311 0.189673 0.282198 0.417215 0.606014 0.845019 1.108324 1.351462 1.524823 1.589465 1.529887 1.360921 1.124768 0.875678 0.658420 0.493551 0.377707 0.295090 0.229957 0.173223 0.122747 
0.101563 0.064560 0.039082 0.026123 0.025851 0.038254 0.063499 0.102341 0.157492 0.235935 0.349706 0.511615 0.725517 0.976672 1.229893 1.438143 1.557144 1.559676 1.445404 1.242845 1.000223 0.767049 0.575985 0.435629 0.336398 0.262523 0.201590 0.147985 
0.124774 0.083061 0.051821 0.032602 0.025987 0.032053 0.050877 0.082920 0.129916 0.196714 0.292821 0.430660 0.618566 0.851094 1.103283 1.334018 1.497644 1.558410 1.502540 1.344124 1.121534 0.883636 0.671517 0.505807 0.386014 0.299461 0.232057 0.174788 
0.149781 0.103918 0.067441 0.042212 0.029295 0.029020 0.041465 0.066898 0.106418 0.163315 0.244767 0.361741 0.524613 0.734830 0.977189 1.218650 1.415831 1.528027 1.530475 1.423332 1.232829 1.002585 0.777577 0.588662 0.445910 0.342737 0.265759 0.203422 
0.176602 0.126849 0.085679 0.054826 0.035753 0.029157 0.035242 0.054181 0.086658 0.134867 0.204041 0.303254 0.443177 0.629722 0.856009 1.097919 1.317241 1.471929 1.529251 1.476904 1.328081 1.117707 0.890081 0.683119 0.517286 0.394324 0.304248 0.234591 
0.205596 0.151725 0.106264 0.070253 0.045290 0.032455 0.032200 0.044712 0.070420 0.110762 0.169454 0.253648 0.373215 0.536449 0.742865 0.976964 1.207580 1.394585 1.500590 1.503077 1.402492 1.222894 1.003894 0.786600 0.600203 0.455805 0.349286 0.269419 
0.237508 0.178661 0.128995 0.088258 0.057771 0.038872 0.032327 0.038456 0.057566 0.090591 0.140108 0.211551 0.313432 0.454832 0.639657 0.859915 1.092272 1.301082 1.447587 1.501834 1.452785 1.312693 1.113394 0.895247 0.693401 0.528004 0.402546 0.309353 
0.273430 0.208084 0.153828 0.108627 0.073015 0.048322 0.035600 0.035392 0.048011 0.074078 0.115350 0.175829 0.262491 0.384132 0.547245 0.749786 0.976094 1.196677 1.374335 1.474711 1.477309 1.382739 1.213044 1.004320 0.794324 0.610703 0.465275 0.355949 
0.314690 0.240757 0.180956 0.131227 0.090821 0.060668 0.041961 0.035496 0.041701 0.061045 0.094714 0.145590 0.219160 0.323312 0.465688 0.648515 0.862940 1.086385 1.285506 1.424523 1.476010 1.430024 1.297891 1.108682 0.899322 0.702513 0.537989 0.410612 
