0.000027 0.000027 0.000296 0.001426 0.004312 0.510078 1.020938 1.042158 1.084052 1.161495 1.288114 0.965103 0.670210 0.856760 0.969123 0.969123 0.856760 0.670210 0.465103 0.288114 0.161495 0.084052 0.042158 0.020938 0.010078 0.004312 0.001426 0.000296 
0.000162 0.000027 0.000162 0.000861 0.002869 0.257195 0.765508 1.031548 1.063105 1.122774 1.224805 1.126608 0.817656 0.763485 0.912942 0.969123 0.912942 0.763485 0.567656 0.376608 0.224805 0.122774 0.063105 0.031548 0.015508 0.007195 0.002869 0.000861 
0.000511 0.000094 0.000094 0.000511 0.001865 0.130032 0.511351 0.898528 1.047327 1.092939 1.173789 1.175707 0.972132 0.790571 0.838213 0.941032 0.941032 0.838213 0.665571 0.472132 0.300707 0.173789 0.092939 0.047327 0.023528 0.011351 0.005032 0.001865 
0.001188 0.000303 0.000094 0.000303 0.001188 0.065948 0.320691 0.704940 0.972927 1.070133 1.133364 1.174748 1.073919 0.881352 0.814392 0.889623 0.941032 0.889623 0.751892 0.568852 0.386419 0.237248 0.133364 0.070133 0.035427 0.017440 0.008191 0.003448 
0.002318 0.000745 0.000199 0.000199 0.000745 0.033568 0.193320 0.512816 0.838934 1.021530 1.101749 1.154056 1.124334 0.977636 0.847872 0.852007 0.915328 0.915328 0.820757 0.660372 0.477636 0.311834 0.185306 0.101749 0.052780 0.026434 0.012816 0.005820 
0.004069 0.001532 0.000472 0.000199 0.000472 0.017157 0.113444 0.353068 0.675875 0.930232 1.061639 1.127902 1.139195 1.050985 0.912754 0.849940 0.883668 0.915328 0.868043 0.740565 0.569004 0.394735 0.248570 0.143527 0.077264 0.039607 0.019625 0.009318 
0.006693 0.002800 0.001002 0.000335 0.000335 0.008814 0.065300 0.233256 0.514471 0.803053 0.995936 1.094771 1.133549 1.095090 0.981869 0.881347 0.866804 0.899498 0.891685 0.804304 0.654784 0.481869 0.321652 0.196049 0.110396 0.058436 0.029616 0.014471 
0.010582 0.004747 0.001901 0.000669 0.000335 0.004575 0.037057 0.149278 0.373863 0.658762 0.899494 1.045353 1.114160 1.114319 1.038479 0.931608 0.874075 0.883151 0.895591 0.847994 0.729544 0.568327 0.401761 0.258850 0.153222 0.084416 0.044026 0.022043 
0.016313 0.007664 0.003324 0.001285 0.000502 0.002455 0.020816 0.093168 0.261571 0.516313 0.779128 0.972424 1.079757 1.114239 1.076399 0.985044 0.902842 0.878613 0.889371 0.871793 0.788769 0.648935 0.485044 0.330306 0.206036 0.118819 0.064221 0.033035 
0.024674 0.011989 0.005494 0.002304 0.000893 0.001478 0.011636 0.056992 0.177369 0.388942 0.647721 0.875776 1.026090 1.096998 1.095319 1.030722 0.943943 0.890727 0.883992 0.880582 0.830281 0.718852 0.566989 0.407675 0.268171 0.162428 0.091520 0.048628 
0.036651 0.018331 0.008741 0.003899 0.001599 0.001186 0.006557 0.034314 0.117181 0.283155 0.518331 0.761748 0.950933 1.061544 1.096159 1.063020 0.987332 0.917335 0.887360 0.882287 0.855431 0.774567 0.642921 0.487332 0.337923 0.215299 0.126974 0.070074 
0.053362 0.027491 0.013536 0.006320 0.002749 0.001392 0.003871 0.020435 0.075747 0.200168 0.400743 0.640040 0.856341 1.006239 1.078851 1.079590 1.025176 0.952333 0.902347 0.884823 0.868859 0.814999 0.708744 0.565126 0.412627 0.276611 0.171137 0.098524 
0.075943 0.040427 0.020514 0.009928 0.004535 0.002071 0.002632 0.012153 0.048091 0.137958 0.300456 0.520392 0.748190 0.931290 1.042545 1.079220 1.052383 0.988755 0.927340 0.893585 0.876841 0.841929 0.761871 0.636935 0.488877 0.344619 0.223874 0.134830 
0.105387 0.058185 0.030470 0.015221 0.007232 0.003303 0.002351 0.007393 0.030122 0.093024 0.219207 0.410424 0.634291 0.839740 0.986917 1.060883 1.065802 1.020569 0.958048 0.910463 0.885213 0.859385 0.801900 0.699403 0.562906 0.416748 0.284247 0.179352 
0.142369 0.081786 0.044327 0.022846 0.011226 0.005267 0.002827 0.004872 0.018758 0.061573 0.156115 0.314815 0.522357 0.737015 0.913329 1.023900 1.063342 1.043185 0.989308 0.934255 0.897838 0.872299 0.830643 0.750652 0.631155 0.489827 0.350497 0.231799 
0.187084 0.112077 0.063057 0.033586 0.017036 0.008247 0.004047 0.003850 0.011815 0.040165 0.108844 0.235465 0.418586 0.629686 0.825172 0.968614 1.043621 1.053264 1.016247 0.961782 0.916047 0.885069 0.851471 0.790647 0.690903 0.560491 0.420162 0.291148 
0.239116 0.149581 0.087567 0.048321 0.025311 0.012641 0.006147 0.003948 0.007832 0.025990 0.074505 0.172155 0.327026 0.524136 0.727429 0.896893 1.006118 1.048442 1.034755 0.989014 0.938914 0.900558 0.868270 0.821059 0.740775 0.625697 0.490327 0.355655 
0.297386 0.194349 0.118574 0.067944 0.036816 0.018976 0.009394 0.005048 0.005890 0.016911 0.050248 0.123330 0.249590 0.425581 0.625783 0.812161 0.951505 1.027280 1.041599 1.011885 0.963964 0.919736 0.884414 0.844664 0.780917 0.683236 0.558012 0.422991 
0.360188 0.245867 0.156461 0.093259 0.052380 0.027896 0.014185 0.007221 0.005469 0.011401 0.033579 0.086789 0.186460 0.337586 0.525682 0.718972 0.881833 0.989393 1.034439 1.026742 0.987924 0.941850 0.902075 0.864539 0.812791 0.732077 0.620624 0.490501 
0.425345 0.303028 0.201164 0.124860 0.072820 0.040138 0.021041 0.010703 0.006345 0.008435 0.022490 0.060184 0.136624 0.262023 0.431634 0.622327 0.800403 0.935613 1.011916 1.030591 1.007333 0.964887 0.921962 0.883307 0.838665 0.772434 0.676350 0.555563 
0.490454 0.364186 0.252096 0.163012 0.098840 0.056479 0.030589 0.015872 0.008524 0.007390 0.015462 0.041337 0.098404 0.199324 0.346828 0.526980 0.711365 0.868008 0.973765 1.021253 1.018962 0.986110 0.943425 0.902635 0.860986 0.805549 0.724392 0.615956 
0.553205 0.427320 0.308141 0.207554 0.130926 0.077659 0.043534 0.023231 0.012198 0.007957 0.011426 0.028400 0.069871 0.148864 0.273076 0.436904 0.619173 0.789686 0.920886 0.997509 1.020108 1.002536 0.964768 0.923030 0.881810 0.833268 0.764971 0.670174 
0.611690 0.490263 0.367731 0.257848 0.169240 0.104293 0.060597 0.033382 0.017714 0.010077 0.009691 0.019913 0.049135 0.109367 0.210970 0.354990 0.528038 0.704429 0.855286 0.959198 1.008808 1.011322 0.983652 0.943899 0.902420 0.857539 0.799119 0.717572 
0.664631 0.550976 0.428997 0.312789 0.213544 0.136766 0.082445 0.046990 0.025548 0.013896 0.009884 0.014802 0.034524 0.079251 0.160169 0.282980 0.441514 0.616234 0.779858 0.907242 0.984003 1.010065 0.997487 0.963775 0.923159 0.879979 0.828329 0.758346 
0.711488 0.607804 0.489986 0.370893 0.263166 0.175155 0.109606 0.064717 0.036269 0.019722 0.011890 0.012343 0.024663 0.056888 0.119710 0.221574 0.362247 0.528874 0.698046 0.843550 0.945622 0.997034 1.003776 0.980631 0.943467 0.901569 0.854154 0.793337 
0.752413 0.659646 0.548895 0.430440 0.317030 0.219161 0.142380 0.087161 0.050493 0.027996 0.015806 0.012117 0.018503 0.040775 0.088299 0.170642 0.291911 0.445561 0.613460 0.770798 0.894586 0.971328 1.000405 0.992203 0.962049 0.922518 0.877862 0.823746 
0.788079 0.706029 0.604270 0.489667 0.373735 0.268095 0.180771 0.114771 0.068827 0.039244 0.021901 0.013961 0.015310 0.029639 0.064537 0.129470 0.231276 0.368736 0.529510 0.692129 0.832692 0.932957 0.985867 0.996304 0.977126 0.942284 0.900190 0.850804 
0.819442 0.747054 0.655150 0.546969 0.431701 0.320915 0.224433 0.147771 0.091799 0.054036 0.030573 0.017931 0.014636 0.022475 0.047088 0.097004 0.180373 0.300006 0.449123 0.610820 0.762410 0.882825 0.959412 0.991085 0.986715 0.959705 0.921237 0.875497 
