0.288262 0.389778 0.477034 0.590935 0.734653 0.879846 1.473844 1.969414 1.856833 1.673795 1.485183 1.347335 0.780922 0.267597 0.268336 0.249222 0.198998 0.130143 0.065869 0.023382 0.004749 0.000309 0.000307 0.004737 0.023320 0.065595 0.129071 0.195294 
0.241778 0.339020 0.433406 0.533984 0.662794 0.807250 1.176845 1.721629 1.913124 1.765314 1.579489 1.416259 1.064129 0.524259 0.267966 0.258779 0.224110 0.164571 0.098006 0.044625 0.014065 0.002529 0.000308 0.002522 0.014028 0.044457 0.097333 0.162182 
0.201980 0.290399 0.386213 0.483695 0.598389 0.735022 0.992048 1.449237 1.817376 1.839219 1.672402 1.497874 1.240194 0.794194 0.396113 0.263373 0.241444 0.194340 0.131288 0.071316 0.029345 0.008297 0.001418 0.001415 0.008275 0.029243 0.070895 0.129758 
0.165869 0.246190 0.338306 0.434954 0.541042 0.666705 0.863535 1.220642 1.633307 1.828298 1.755810 1.585138 1.369034 1.017194 0.595153 0.329743 0.252408 0.217892 0.162814 0.101302 0.050330 0.018821 0.004858 0.001416 0.004845 0.018759 0.050069 0.100326 
0.133098 0.206029 0.292248 0.386630 0.487998 0.603874 0.765120 1.042089 1.426975 1.730802 1.792054 1.670474 1.477086 1.193114 0.806174 0.462448 0.291076 0.235150 0.190353 0.132058 0.075816 0.034576 0.011839 0.003137 0.003131 0.011802 0.034414 0.075198 
0.104148 0.169563 0.249139 0.339439 0.437314 0.545936 0.684497 0.903604 1.234532 1.578888 1.761428 1.731264 1.573780 1.335100 0.999644 0.634311 0.376762 0.263113 0.212752 0.161206 0.103937 0.055196 0.023208 0.007488 0.003134 0.007466 0.023108 0.054806 
0.079477 0.136856 0.209351 0.294289 0.388377 0.491625 0.615217 0.794051 1.069068 1.406710 1.670158 1.746346 1.652522 1.454440 1.167372 0.816977 0.505536 0.319937 0.237932 0.186979 0.132571 0.079567 0.039202 0.015348 0.005311 0.005300 0.015287 0.038957 
0.059217 0.108166 0.173103 0.251820 0.341333 0.440001 0.553421 0.704634 0.931559 1.237889 1.538434 1.708252 1.699434 1.553481 1.310906 0.992175 0.661257 0.412737 0.278935 0.212456 0.159775 0.106069 0.059384 0.027275 0.010329 0.005306 0.010294 0.027122 
0.043169 0.083691 0.140635 0.212462 0.296576 0.390667 0.496711 0.629027 0.818096 1.084724 1.388162 1.623343 1.703843 1.626457 1.432193 1.151540 0.826716 0.536997 0.345836 0.245695 0.186115 0.132922 0.082727 0.043329 0.018802 0.007817 0.007800 0.018708 
0.030939 0.063430 0.112163 0.176548 0.254519 0.343622 0.443689 0.562869 0.723562 0.951410 1.236443 1.505752 1.663593 1.665150 1.529325 1.291867 0.989128 0.681856 0.441416 0.295766 0.215905 0.159519 0.107824 0.063028 0.031066 0.013310 0.007808 0.013254 
0.022096 0.047184 0.087797 0.144356 0.215534 0.299070 0.393655 0.503279 0.643215 0.837486 1.093927 1.371098 1.584673 1.664372 1.597238 1.410596 1.140497 0.835492 0.561636 0.368591 0.255835 0.187712 0.133671 0.085426 0.047047 0.022188 0.010559 0.010531 
0.016314 0.034640 0.067491 0.116076 0.179945 0.257302 0.346363 0.448467 0.573247 0.740351 0.965706 1.232512 1.477885 1.624522 1.630805 1.503917 1.275547 0.987995 0.698564 0.465114 0.312213 0.221774 0.160692 0.109549 0.066237 0.034617 0.016373 0.010545 
0.013429 0.025477 0.051065 0.091783 0.148010 0.218623 0.301832 0.397415 0.510857 0.656799 0.853029 1.099109 1.355199 1.551204 1.627663 1.567361 1.389732 1.131771 0.843279 0.581839 0.388663 0.266993 0.191233 0.135120 0.087893 0.050427 0.025495 0.013459 
0.013444 0.019453 0.038271 0.071424 0.119897 0.183317 0.260228 0.349624 0.454136 0.583828 0.754914 0.976069 1.227154 1.453201 1.589434 1.597512 1.478546 1.260751 0.987525 0.712559 0.485251 0.327828 0.229113 0.163176 0.111506 0.069160 0.037961 0.019477 
0.016461 0.016449 0.028862 0.054848 0.095661 0.151607 0.221772 0.304926 0.401880 0.518982 0.669371 0.865491 1.101611 1.340178 1.521317 1.593473 1.538029 1.369649 1.124138 0.850042 0.598905 0.406540 0.278471 0.196145 0.137341 0.090333 0.053560 0.028719 
0.022590 0.016455 0.022655 0.041855 0.075254 0.123634 0.186690 0.263349 0.353403 0.460431 0.594176 0.767431 0.983551 1.220894 1.430747 1.557395 1.565751 1.453839 1.246894 0.987090 0.724474 0.502722 0.342505 0.237308 0.166743 0.113837 0.071947 0.041140 
0.031865 0.019522 0.019555 0.032255 0.058555 0.099444 0.155162 0.225019 0.308376 0.406917 0.527304 0.680804 0.875491 1.102223 1.325821 1.494071 1.561573 1.509795 1.350366 1.116992 0.855782 0.613598 0.422614 0.289906 0.202025 0.140290 0.092892 0.056543 
0.044204 0.025694 0.019539 0.025905 0.045405 0.078999 0.127303 0.190090 0.266698 0.357646 0.467110 0.604054 0.778147 0.988857 1.214022 1.409946 1.527822 1.535684 1.430081 1.233679 0.986387 0.734690 0.518106 0.356260 0.245966 0.171158 0.116591 0.074718 
0.059461 0.034949 0.022616 0.022722 0.035655 0.062202 0.103151 0.158697 0.228394 0.312172 0.412378 0.535582 0.691101 0.883502 1.101439 1.311984 1.468884 1.531753 1.482882 1.331880 1.110033 0.860538 0.626398 0.437183 0.301113 0.208562 0.143874 0.095654 
0.077558 0.047205 0.028783 0.022669 0.029188 0.048929 0.082677 0.130924 0.193545 0.270283 0.362275 0.473980 0.613341 0.787301 0.992471 1.206712 1.390434 1.500319 1.507318 1.407381 1.220956 0.985286 0.743468 0.531791 0.369148 0.254837 0.176218 0.119764 
0.098661 0.062381 0.037994 0.025726 0.025929 0.039059 0.065803 0.106800 0.162235 0.231914 0.316279 0.418128 0.543661 0.700321 0.889886 1.099591 1.298573 1.445376 1.503818 1.457349 1.314169 1.103121 0.864377 0.637629 0.450469 0.311993 0.215528 0.147991 
0.123326 0.080521 0.050188 0.031860 0.025827 0.032494 0.052431 0.086301 0.134517 0.197074 0.274097 0.367203 0.480894 0.621991 0.795104 0.994739 1.199082 1.371975 1.474597 1.480584 1.385759 1.208645 0.983749 0.751003 0.544049 0.381231 0.263760 0.181760 
0.152543 0.101924 0.065354 0.041024 0.028844 0.029160 0.042462 0.069366 0.110409 0.165796 0.235586 0.320650 0.424049 0.551443 0.708547 0.894921 1.096910 1.285528 1.423286 1.477591 1.433171 1.297202 1.096197 0.867376 0.647526 0.462640 0.322496 0.222760 
0.187651 0.127233 0.083639 0.053189 0.034934 0.029002 0.035811 0.055914 0.089888 0.138103 0.200691 0.278118 0.372349 0.487746 0.629995 0.801734 0.995916 1.191219 1.354407 1.450438 1.455381 1.365187 1.196700 0.981787 0.757451 0.555083 0.392568 0.272628 
0.230140 0.157442 0.105436 0.068414 0.044061 0.031968 0.032407 0.045863 0.072901 0.113995 0.169397 0.239404 0.325234 0.430048 0.558870 0.715865 0.898825 1.093568 1.272813 1.402423 1.452910 1.410284 1.280943 1.089243 0.869619 0.656267 0.473826 0.332598 
0.281369 0.193791 0.131439 0.086925 0.056238 0.038015 0.032187 0.039135 0.059382 0.093448 0.141696 0.204400 0.282319 0.377641 0.494459 0.637368 0.807345 0.996196 1.183190 1.337618 1.427666 1.431597 1.345614 1.185093 0.979431 0.762943 0.565046 0.403212 
0.342290 0.237580 0.162615 0.109182 0.071581 0.047126 0.035101 0.035661 0.049258 0.076415 0.117572 0.173048 0.243360 0.329980 0.436050 0.565913 0.722356 0.901771 1.089693 1.260404 1.382642 1.429631 1.388605 1.265353 1.082262 0.871187 0.663995 0.484129 
0.413210 0.289935 0.200097 0.135899 0.090382 0.059354 0.041113 0.035381 0.042460 0.062837 0.096993 0.145310 0.208204 0.286670 0.383015 0.500981 0.644135 0.812063 0.995732 1.175049 1.321523 1.406137 1.409118 1.326979 1.173808 0.976725 0.767591 0.574062 
