0.114186 0.117206 0.129668 0.181004 0.292105 0.463969 0.669195 0.856663 0.971213 1.479472 1.885680 1.726423 1.548661 1.387486 1.257596 0.659100 0.087773 0.040447 0.014068 0.003177 0.000410 0.000198 0.002117 0.010367 0.029154 0.057365 0.086797 0.105746 
0.109966 0.115696 0.123437 0.155336 0.236554 0.378037 0.566582 0.762929 0.913938 1.225343 1.682576 1.806052 1.637542 1.468073 1.322541 0.958348 0.373437 0.064110 0.027258 0.008623 0.001794 0.000304 0.001158 0.006242 0.019760 0.043259 0.072081 0.096271 
0.103118 0.112831 0.119566 0.139386 0.195945 0.307296 0.472309 0.664755 0.838433 1.069640 1.453959 1.744314 1.721797 1.552808 1.395307 1.140445 0.665893 0.218774 0.045684 0.017940 0.005208 0.001049 0.000731 0.003700 0.013001 0.031510 0.057670 0.084176 
0.093647 0.107975 0.116198 0.129476 0.167666 0.251620 0.389802 0.568532 0.751594 0.954037 1.261800 1.599136 1.733055 1.637302 1.474057 1.267876 0.903169 0.442333 0.132229 0.031812 0.011574 0.003129 0.000890 0.002215 0.008350 0.022255 0.044590 0.070923 
0.082285 0.100811 0.112086 0.122837 0.148571 0.209643 0.320711 0.479167 0.660063 0.852815 1.107918 1.430468 1.666096 1.685179 1.555680 1.370967 1.085522 0.672751 0.287281 0.082020 0.021693 0.007351 0.002009 0.001553 0.005283 0.015303 0.033423 0.057757 
0.070021 0.091548 0.106449 0.117462 0.135704 0.179107 0.265177 0.399939 0.569615 0.756439 0.980367 1.269193 1.548282 1.675637 1.620429 1.463323 1.228245 0.879137 0.480016 0.184651 0.051857 0.014522 0.004680 0.001781 0.003418 0.010293 0.024363 0.045590 
0.057805 0.080785 0.098998 0.111955 0.126583 0.157406 0.222142 0.332558 0.484777 0.663027 0.868403 1.124780 1.408738 1.611960 1.648033 1.541876 1.345784 1.053691 0.679576 0.332333 0.118254 0.033190 0.009601 0.003231 0.002599 0.006855 0.017328 0.034976 
0.046391 0.069295 0.089891 0.105477 0.119269 0.141994 0.189774 0.277350 0.408668 0.573902 0.765715 0.996592 1.266759 1.510349 1.629996 1.594955 1.443830 1.199737 0.866633 0.505955 0.225294 0.075722 0.021395 0.006416 0.002915 0.004727 0.012092 0.026152 
0.036271 0.057843 0.079593 0.097684 0.112373 0.130632 0.165884 0.233562 0.343009 0.491285 0.669809 0.881153 1.131675 1.388554 1.570173 1.612476 1.519392 1.321784 1.033185 0.686294 0.365624 0.150508 0.048559 0.013906 0.004665 0.003821 0.008409 0.019122 
0.027697 0.047057 0.068718 0.088639 0.105029 0.121502 0.148258 0.199723 0.288285 0.417147 0.580547 0.775481 1.006414 1.260114 1.479363 1.591324 1.565934 1.420588 1.177484 0.859740 0.525959 0.258066 0.099533 0.031232 0.009286 0.004243 0.006115 0.013766 
0.020731 0.037377 0.057888 0.078678 0.096834 0.113265 0.134880 0.173990 0.244004 0.352716 0.498847 0.678014 0.890948 1.133264 1.369739 1.535344 1.578629 1.493261 1.299036 1.018612 0.692849 0.392012 0.178799 0.065383 0.020259 0.006764 0.005179 0.009940 
0.015336 0.029054 0.047632 0.068283 0.087756 0.105050 0.124073 0.154435 0.208997 0.298360 0.425782 0.588430 0.784481 1.012106 1.251502 1.452541 1.556986 1.535945 1.396149 1.158824 0.855731 0.542431 0.285406 0.122091 0.042821 0.013512 0.005972 0.007560 
0.011448 0.022195 0.038343 0.057958 0.078019 0.096403 0.114561 0.139254 0.181716 0.253679 0.362071 0.507106 0.686456 0.898293 1.131804 1.352021 1.504764 1.546466 1.466047 1.277486 1.007277 0.699081 0.413918 0.203749 0.082456 0.028166 0.009742 0.006766 
0.009107 0.016821 0.030269 0.048150 0.067989 0.087211 0.105482 0.126908 0.160485 0.217698 0.307875 0.434588 0.596781 0.792374 1.015049 1.241913 1.428393 1.525615 1.506256 1.371767 1.142382 0.853179 0.556500 0.308834 0.143102 0.055311 0.018954 0.008254 
0.008680 0.012964 0.023545 0.039210 0.058069 0.077600 0.096347 0.116195 0.143696 0.189091 0.262786 0.371232 0.515685 0.694578 0.903712 1.128481 1.335153 1.477004 1.515936 1.439011 1.257074 0.997781 0.704839 0.432667 0.225968 0.099207 0.037133 0.013604 
0.011142 0.010822 0.018255 0.031377 0.048640 0.067835 0.086973 0.106271 0.129946 0.166394 0.225939 0.317009 0.443458 0.605131 0.799145 1.016096 1.231817 1.406078 1.496470 1.477473 1.348043 1.127427 0.851310 0.568753 0.329317 0.162587 0.068170 0.025368 
0.018255 0.010982 0.014538 0.024816 0.040008 0.058237 0.077404 0.096622 0.118108 0.148170 0.196166 0.271474 0.380234 0.524295 0.702138 0.907620 1.123956 1.318947 1.451274 1.486972 1.412758 1.237735 0.989369 0.710031 0.449035 0.245952 0.115378 0.046769 
0.032512 0.014619 0.012760 0.019677 0.032412 0.049123 0.067820 0.087013 0.107365 0.133139 0.172168 0.233820 0.325854 0.452264 0.613216 0.804879 1.015788 1.221452 1.385111 1.469123 1.449865 1.325247 1.113552 0.849700 0.579533 0.347494 0.180665 0.081074 
0.056793 0.023565 0.013689 0.016219 0.026045 0.040768 0.058472 0.077417 0.097189 0.120252 0.152654 0.202994 0.279837 0.389059 0.532740 0.709048 0.910334 1.118620 1.303281 1.427117 1.459494 1.387556 1.219399 0.981626 0.714617 0.463513 0.264079 0.130869 
0.093831 0.040179 0.018627 0.014954 0.021132 0.033406 0.049620 0.067944 0.087303 0.108720 0.136453 0.177824 0.241415 0.334448 0.460900 0.620894 0.809691 1.014477 1.210951 1.365199 1.443305 1.423525 1.303478 1.100513 0.848121 0.589065 0.363796 0.197474 
0.145653 0.067005 0.029403 0.016791 0.018043 0.027269 0.041513 0.058782 0.077624 0.098012 0.122587 0.157138 0.209620 0.287932 0.397674 0.540897 0.715292 0.912084 1.112714 1.288075 1.404252 1.433415 1.363501 1.201995 0.974317 0.718593 0.476431 0.280635 
0.213144 0.106329 0.048204 0.023097 0.017417 0.022656 0.034391 0.050147 0.068203 0.087818 0.110299 0.139862 0.183379 0.248776 0.342803 0.469285 0.628095 0.813688 1.012399 1.200394 1.346163 1.418834 1.398458 1.282748 1.088156 0.846455 0.597512 0.378533 
0.295839 0.159737 0.077267 0.035651 0.020257 0.020036 0.028523 0.042269 0.059175 0.078010 0.099058 0.125081 0.161621 0.216077 0.295789 0.406044 0.548690 0.720891 0.913043 1.106397 1.273279 1.382498 1.408646 1.340603 1.185452 0.967306 0.721984 0.488023 
0.391931 0.227788 0.118502 0.056459 0.027954 0.020147 0.024280 0.035396 0.050722 0.068593 0.088534 0.112070 0.143351 0.188849 0.255933 0.350917 0.477367 0.634791 0.816967 1.009720 1.189838 1.327889 1.395572 1.374624 1.263028 1.076379 0.844645 0.605003 
0.498467 0.309859 0.173145 0.087480 0.042206 0.024050 0.022213 0.029838 0.043059 0.059657 0.078563 0.100302 0.127710 0.166100 0.222391 0.303425 0.414142 0.556079 0.725879 0.913344 1.099779 1.258863 1.361730 1.385098 1.318826 1.169703 0.960512 0.724824 
0.611645 0.404163 0.241502 0.130312 0.064843 0.033128 0.023132 0.026026 0.036449 0.051358 0.069110 0.089433 0.114006 0.146905 0.194246 0.262908 0.358783 0.485110 0.640979 0.819611 1.006561 1.179321 1.310297 1.373414 1.351962 1.244265 1.065107 0.842668 
0.727157 0.507904 0.322832 0.185907 0.097578 0.048986 0.028130 0.024579 0.031237 0.043903 0.060234 0.079272 0.101719 0.130456 0.170575 0.228577 0.310846 0.421947 0.563045 0.730295 0.913086 1.092941 1.244809 1.341856 1.362688 1.298113 1.154686 0.953888 
0.840522 0.617530 0.415368 0.254370 0.141742 0.073282 0.038558 0.026354 0.027908 0.037570 0.052069 0.069753 0.090495 0.116087 0.150515 0.199576 0.269711 0.366396 0.492496 0.646670 0.821691 1.003014 1.168875 1.293332 1.352272 1.330401 1.226400 1.054287 
