0.010143 0.013885 0.530935 1.072337 1.151885 1.282267 1.464455 1.676347 1.370868 0.990807 0.995544 0.882963 0.690758 0.476205 0.289029 0.154442 0.072829 0.030442 0.011328 0.004230 0.003663 0.007562 0.014403 0.021712 0.026439 0.026437 0.021699 0.014341 
0.012242 0.012014 0.272410 0.801636 1.112111 1.217076 1.373361 1.570401 1.523607 1.180837 0.993176 0.939254 0.786860 0.583481 0.382617 0.221735 0.113636 0.051636 0.020885 0.007779 0.003947 0.005613 0.010983 0.018057 0.024075 0.026438 0.024068 0.018020 
0.015131 0.012128 0.142212 0.537023 0.956873 1.164593 1.295218 1.471881 1.547004 1.352222 1.087007 0.966215 0.863057 0.685171 0.483049 0.302176 0.167685 0.082636 0.036261 0.014332 0.005863 0.004780 0.008298 0.014520 0.021066 0.025256 0.025253 0.021044 
0.018088 0.013629 0.077170 0.339617 0.746948 1.060733 1.229906 1.383549 1.509442 1.449613 1.219614 1.026611 0.914636 0.774114 0.584110 0.392612 0.234931 0.125161 0.059448 0.025296 0.010098 0.005321 0.006539 0.011409 0.017793 0.023161 0.025255 0.023149 
0.020618 0.015859 0.045400 0.208394 0.543283 0.903841 1.145320 1.306728 1.446496 1.479528 1.334614 1.123113 0.970623 0.844375 0.679112 0.488361 0.313772 0.180046 0.092304 0.042372 0.017697 0.007709 0.005930 0.008974 0.014601 0.020477 0.024208 0.024202 
0.022410 0.018238 0.030629 0.126897 0.375838 0.723562 1.024580 1.226024 1.376612 1.463012 1.407071 1.228863 1.046868 0.907499 0.761743 0.583737 0.401066 0.246909 0.136175 0.067338 0.030035 0.012703 0.006820 0.007452 0.011787 0.017539 0.022343 0.024205 
0.023307 0.020324 0.024434 0.078763 0.251367 0.549700 0.874071 1.125302 1.301318 1.419812 1.435041 1.317967 1.137865 0.977183 0.834621 0.672740 0.492401 0.323987 0.191542 0.101757 0.048686 0.021369 0.009762 0.007136 0.009620 0.014663 0.019941 0.023274 
0.023290 0.021816 0.022379 0.051598 0.165065 0.400534 0.711885 0.999686 1.213310 1.360565 1.427427 1.376504 1.227916 1.057524 0.905902 0.753681 0.582571 0.408194 0.257765 0.146649 0.075222 0.035028 0.015565 0.008449 0.008378 0.012141 0.017302 0.021607 
0.022449 0.022553 0.022097 0.036989 0.108332 0.282799 0.556210 0.855786 1.106498 1.286937 1.393996 1.401965 1.302210 1.142720 0.981713 0.829791 0.668126 0.495383 0.332980 0.202207 0.110935 0.055125 0.025296 0.012007 0.008413 0.010260 0.014722 0.019455 
0.020952 0.022501 0.022325 0.029543 0.072660 0.195566 0.419505 0.705998 0.981142 1.196718 1.340466 1.397980 1.352088 1.222465 1.062217 0.905752 0.748959 0.581754 0.414181 0.267593 0.156571 0.083030 0.040211 0.018652 0.010210 0.009336 0.012491 0.017088 
0.019020 0.021726 0.022413 0.025934 0.051102 0.134113 0.307535 0.562751 0.843570 1.088930 1.268592 1.369223 1.375034 1.287276 1.142341 0.983985 0.827355 0.665356 0.497968 0.340887 0.212082 0.119801 0.061620 0.029431 0.014431 0.009773 0.010914 0.014789 
0.016905 0.020373 0.022070 0.024174 0.038518 0.092607 0.220824 0.435143 0.703161 0.966250 1.178761 1.318908 1.372129 1.331155 1.214809 1.063163 0.905670 0.746356 0.581662 0.419427 0.276485 0.165941 0.090710 0.045526 0.021931 0.012102 0.010343 0.012851 
0.014878 0.018639 0.021221 0.023122 0.031346 0.065563 0.156716 0.327984 0.569152 0.834705 1.072505 1.248834 1.345518 1.351642 1.272982 1.138986 0.984416 0.826013 0.664009 0.500545 0.347956 0.221213 0.128326 0.068118 0.033728 0.017017 0.011223 0.011597 
0.013238 0.016759 0.019930 0.022172 0.027234 0.048454 0.111139 0.242350 0.448568 0.701928 0.953605 1.160670 1.297176 1.348580 1.312312 1.205984 1.061701 0.905215 0.745011 0.582277 0.424250 0.284585 0.174769 0.098222 0.050923 0.025372 0.014120 0.011410 
0.012324 0.014998 0.018344 0.021051 0.024703 0.037844 0.079797 0.176744 0.345459 0.575248 0.827767 1.057138 1.228923 1.322878 1.330446 1.259148 1.133843 0.983458 0.825113 0.663644 0.503264 0.354417 0.229677 0.136496 0.074573 0.038148 0.019746 0.012765 
0.012544 0.013661 0.016671 0.019698 0.022877 0.031273 0.058820 0.128270 0.261101 0.460353 0.701507 0.942452 1.143030 1.275901 1.326662 1.294797 1.196495 1.058650 0.904285 0.744378 0.583454 0.428841 0.292047 0.183086 0.105534 0.056360 0.028947 0.016255 
0.014400 0.013103 0.015166 0.018184 0.021287 0.027075 0.045047 0.093545 0.194686 0.360727 0.580930 0.821980 1.042741 1.209465 1.301281 1.310730 1.245646 1.127573 0.981468 0.824332 0.663916 0.506147 0.360444 0.237567 0.144310 0.080947 0.042654 0.022601 
0.018501 0.013751 0.014134 0.016675 0.019736 0.024181 0.036061 0.069296 0.144116 0.277707 0.470829 0.701455 0.932361 1.126103 1.255373 1.306005 1.278188 1.186609 1.054520 0.902900 0.744124 0.585032 0.433295 0.299005 0.190939 0.112629 0.061800 0.032627 
0.025564 0.016126 0.013943 0.015405 0.018206 0.021958 0.030121 0.052678 0.106706 0.210911 0.374268 0.586142 0.816908 1.029232 1.190738 1.280689 1.292097 1.232399 1.120565 0.978710 0.823512 0.664578 0.509164 0.366150 0.244972 0.151784 0.087215 0.047214 
0.036389 0.020845 0.015034 0.014674 0.016805 0.020082 0.026040 0.041400 0.079692 0.158808 0.292589 0.480205 0.701525 0.923070 1.109985 1.235714 1.286393 1.262248 1.176482 1.049637 0.901111 0.744045 0.586871 0.437657 0.305561 0.198378 0.119499 0.067214 
0.051802 0.028617 0.017940 0.014854 0.015740 0.018444 0.023061 0.033720 0.060546 0.119250 0.225699 0.386397 0.590865 0.812297 1.016528 1.172850 1.261054 1.274320 1.219365 1.113060 0.975374 0.822578 0.665458 0.512264 0.371609 0.251969 0.158938 0.093357 
0.072579 0.040209 0.023278 0.016397 0.015297 0.017092 0.020752 0.028390 0.047133 0.089898 0.172475 0.306048 0.488631 0.701581 0.914412 1.094689 1.216952 1.267687 1.246843 1.166212 1.044217 0.898976 0.744018 0.588861 0.441936 0.311789 0.205454 0.126148 
0.099363 0.056394 0.031744 0.019838 0.015847 0.016194 0.018922 0.024571 0.037762 0.068515 0.131186 0.239261 0.397340 0.595106 0.807997 1.004551 1.155820 1.242319 1.257265 1.206527 1.105215 0.971596 0.821497 0.666439 0.515399 0.376863 0.258622 0.165801 
0.132582 0.077879 0.044069 0.025791 0.017842 0.016021 0.017558 0.021747 0.031166 0.053139 0.099851 0.185224 0.318300 0.496223 0.701551 0.906274 1.080185 1.199070 1.249792 1.231896 1.155871 1.038405 0.896547 0.743968 0.590919 0.446131 0.317742 0.212211 
0.172397 0.105230 0.060974 0.034930 0.021816 0.016931 0.016789 0.019652 0.026456 0.042152 0.076495 0.142537 0.251762 0.407262 0.598887 0.803913 0.993229 1.139627 1.224431 1.240844 1.193883 1.097138 0.967476 0.820257 0.667444 0.518525 0.381936 0.264977 
0.218687 0.138814 0.083102 0.047952 0.028373 0.019374 0.016860 0.018221 0.023054 0.034304 0.059324 0.109516 0.197150 0.329512 0.503074 0.701400 0.898571 1.066428 1.182029 1.232637 1.217364 1.145511 1.032307 0.893867 0.743850 0.592984 0.450231 0.323457 
0.271072 0.178750 0.110958 0.065527 0.038163 0.023874 0.018117 0.017541 0.020638 0.028679 0.046814 0.084420 0.153333 0.263331 0.416293 0.602237 0.799985 0.982500 1.124229 1.207333 1.225001 1.181437 1.088909 0.963087 0.818859 0.668417 0.521607 0.386844 
0.328958 0.224911 0.144854 0.088242 0.051845 0.031018 0.020995 0.017829 0.019089 0.024659 0.037747 0.065617 0.118876 0.208332 0.339812 0.509265 0.701111 0.891243 1.053364 1.165781 1.216167 1.203219 1.135173 1.025998 0.890973 0.743638 0.595012 0.454226 
