0.803144 1.024013 1.603561 2.062916 1.978148 1.931437 1.949806 1.988054 1.470334 0.857752 0.688004 0.555143 0.544119 0.668135 0.853478 0.982119 0.963004 0.784879 0.517357 0.262653 0.093341 0.018958 0.001228 0.001226 0.018946 0.093279 0.262379 0.516285 
0.659714 0.913578 1.313787 1.833238 2.020532 1.954793 1.940621 1.968930 1.729194 1.164043 0.772878 0.621574 0.549631 0.606127 0.760807 0.917798 0.972562 0.873942 0.651118 0.390005 0.177997 0.056150 0.010093 0.001227 0.010086 0.056113 0.177829 0.389332 
0.524523 0.786646 1.113683 1.573513 1.926885 1.987662 1.947707 1.954776 1.849062 1.446618 0.968461 0.697226 0.585602 0.577879 0.683467 0.839303 0.945180 0.923252 0.762530 0.520561 0.284001 0.117073 0.033121 0.005660 0.005657 0.033099 0.116971 0.283580 
0.404052 0.655585 0.950165 1.343598 1.750199 1.957274 1.967685 1.951241 1.901919 1.647840 1.207540 0.832843 0.641414 0.581741 0.630673 0.761385 0.892241 0.934216 0.842891 0.641546 0.402281 0.200537 0.075097 0.019391 0.005658 0.019378 0.075035 0.200276 
0.302164 0.529818 0.802875 1.146881 1.546898 1.853736 1.962479 1.959463 1.926580 1.774879 1.427690 1.020191 0.737129 0.611577 0.606207 0.696029 0.826813 0.913229 0.888553 0.742218 0.521913 0.301409 0.137817 0.047244 0.012525 0.012518 0.047207 0.137655 
0.219909 0.415991 0.666346 0.974878 1.346890 1.700317 1.908108 1.960971 1.943022 1.850730 1.601285 1.223941 0.878660 0.674353 0.608892 0.651118 0.761421 0.870021 0.900891 0.815386 0.632066 0.411661 0.219613 0.092531 0.029884 0.012521 0.029862 0.092431 
0.156170 0.317950 0.541169 0.820612 1.160884 1.523604 1.804213 1.934539 1.951996 1.896876 1.726007 1.412613 1.051300 0.776507 0.641623 0.630005 0.706269 0.815721 0.885456 0.858138 0.723726 0.521864 0.315637 0.156072 0.061207 0.021203 0.021192 0.061147 
0.108658 0.237060 0.429559 0.680890 0.990748 1.342244 1.663908 1.869376 1.943268 1.924436 1.811441 1.569310 1.231956 0.913903 0.709065 0.635814 0.668137 0.760995 0.850588 0.871797 0.790932 0.622795 0.418750 0.235855 0.108640 0.041205 0.021197 0.041169 
0.074914 0.172859 0.333310 0.555225 0.835819 1.166496 1.503076 1.766642 1.906322 1.933852 1.867939 1.690376 1.400633 1.072930 0.811484 0.672439 0.651976 0.714566 0.805792 0.861193 0.831365 0.706863 0.520773 0.327302 0.172247 0.074922 0.031201 0.031183 
0.053049 0.123887 0.253085 0.444267 0.695522 1.001158 1.334786 1.634859 1.836482 1.920087 1.900895 1.779157 1.545504 1.236782 0.942207 0.741962 0.662207 0.683271 0.760179 0.833492 0.846279 0.769114 0.613818 0.424037 0.249775 0.123585 0.053062 0.031192 
0.042120 0.088468 0.188486 0.348676 0.569895 0.848340 1.167972 1.484822 1.735670 1.878284 1.910491 1.840026 1.662331 1.391143 1.089494 0.842084 0.702084 0.672739 0.721725 0.796836 0.839885 0.807696 0.691466 0.518928 0.336906 0.186680 0.088323 0.042127 
0.042124 0.065294 0.138477 0.268581 0.459285 0.709117 1.008156 1.326397 1.610246 1.806977 1.894388 1.875259 1.751178 1.526737 1.240319 0.965789 0.772084 0.687412 0.697232 0.759280 0.818361 0.823791 0.749581 0.605197 0.427917 0.261793 0.137502 0.065225 
0.053674 0.053709 0.101885 0.203529 0.363933 0.584201 0.858636 1.167276 1.468322 1.708612 1.850683 1.884823 1.813219 1.638958 1.383528 1.103054 0.868937 0.729748 0.692322 0.728256 0.788820 0.821076 0.786686 0.677389 0.516557 0.344855 0.199647 0.101363 
0.077519 0.053692 0.077797 0.152707 0.283731 0.474067 0.721419 1.012956 1.317799 1.588467 1.779647 1.867753 1.849021 1.726088 1.511243 1.243291 0.985995 0.799342 0.711035 0.710289 0.758538 0.804948 0.803881 0.732038 0.596973 0.430706 0.272251 0.150505 
0.114012 0.065605 0.065744 0.115252 0.218219 0.378899 0.597743 0.867188 1.165378 1.453133 1.684057 1.823700 1.858387 1.787555 1.618665 1.377267 1.114643 0.892669 0.755189 0.710662 0.734414 0.781743 0.804414 0.767959 0.664505 0.513839 0.351478 0.211378 
0.162695 0.089809 0.065675 0.090498 0.166735 0.298559 0.488321 0.732465 1.016283 1.309255 1.568595 1.753879 1.841043 1.822971 1.703110 1.497966 1.245955 1.003656 0.823929 0.732925 0.722538 0.758078 0.793079 0.786187 0.716232 0.589172 0.432659 0.281428 
0.222062 0.126252 0.077742 0.078087 0.128617 0.232647 0.393440 0.610393 0.874374 1.162769 1.438925 1.661237 1.797461 1.832007 1.763040 1.600538 1.371961 1.124805 0.913792 0.778427 0.727732 0.740308 0.775579 0.789633 0.751210 0.652702 0.510916 0.357044 
0.289553 0.174157 0.101997 0.077914 0.103352 0.180632 0.313044 0.501917 0.742384 1.018572 1.300847 1.550081 1.729349 1.814734 1.797524 1.681789 1.486249 1.248383 1.019299 0.846110 0.753079 0.734020 0.757943 0.782606 0.770421 0.701956 0.581809 0.433980 
0.361766 0.231855 0.138077 0.089955 0.090633 0.141992 0.246838 0.407480 0.622150 0.880478 1.159709 1.425464 1.639715 1.772041 1.806129 1.739656 1.584019 1.367316 1.133841 0.932704 0.799595 0.743550 0.745982 0.770275 0.776513 0.736189 0.641882 0.507894 
0.434830 0.296810 0.184966 0.114016 0.090294 0.116312 0.194415 0.327159 0.514815 0.751314 1.020093 1.292587 1.532589 1.705878 1.789085 1.772893 1.661838 1.475668 1.250579 1.033273 0.866149 0.771572 0.744766 0.758128 0.773394 0.756351 0.689035 0.574888 
0.504859 0.365820 0.240888 0.149491 0.102155 0.103303 0.155364 0.260787 0.420987 0.633064 0.885704 1.156340 1.412588 1.619234 1.747482 1.780989 1.717365 1.568753 1.363123 1.141926 0.949711 0.818861 0.758169 0.751447 0.765761 0.764873 0.722693 0.631962 
0.568411 0.435340 0.303354 0.195190 0.125823 0.102729 0.129333 0.208075 0.340887 0.527026 0.759384 1.021022 1.284464 1.515911 1.683358 1.764235 1.749177 1.643059 1.465938 1.252524 1.045818 0.884286 0.788515 0.754808 0.758604 0.765317 0.743783 0.677328 
0.622869 0.501875 0.369347 0.249272 0.160506 0.114276 0.116031 0.168704 0.274481 0.433956 0.643205 0.890203 1.152743 1.400188 1.599634 1.723797 1.756706 1.696118 1.554498 1.359231 1.149171 0.965052 0.836400 0.771661 0.756706 0.761960 0.754550 0.710555 
0.666712 0.562372 0.435611 0.309309 0.204889 0.137391 0.115154 0.142368 0.221593 0.354219 0.538581 0.766704 1.021473 1.276465 1.499911 1.661715 1.740251 1.726412 1.625308 1.456865 1.254201 1.057112 0.900726 0.804031 0.764184 0.759333 0.758255 0.732553 
0.699632 0.614542 0.498992 0.372460 0.257099 0.171140 0.126272 0.128761 0.181980 0.287906 0.446400 0.652642 0.894088 1.148969 1.388188 1.580813 1.700983 1.733332 1.675860 1.541087 1.355533 1.155656 0.978919 0.852379 0.784107 0.761758 0.758794 0.745404 
0.722518 0.657087 0.556767 0.435726 0.314780 0.214120 0.148706 0.127517 0.155371 0.234943 0.367153 0.549521 0.773365 1.021529 1.268579 1.484501 1.640898 1.717158 1.704596 1.608473 1.448310 1.255595 1.067288 0.915649 0.818243 0.772933 0.760276 0.752099 
0.737309 0.689803 0.606927 0.496246 0.375253 0.264450 0.181413 0.138111 0.141444 0.195157 0.301048 0.458337 0.661443 0.897447 1.145054 1.376540 1.562699 1.679028 1.710877 1.656535 1.528392 1.351952 1.161441 0.991468 0.866946 0.795588 0.766605 0.756188 
0.746748 0.713556 0.648365 0.551587 0.435750 0.319851 0.222931 0.159762 0.139778 0.168300 0.248102 0.379692 0.559890 0.779445 1.021250 1.260797 1.469620 1.620864 1.694952 1.683706 1.592463 1.440172 1.256697 1.076455 0.929207 0.831267 0.781096 0.761396 
