0.029257 0.074894 0.152377 0.781774 1.461898 1.669585 1.859118 1.976396 1.983449 1.378226 0.695495 0.488300 0.303440 0.166192 0.079591 0.032999 0.011820 0.003738 0.001106 0.000800 0.002653 0.007301 0.014343 0.021700 0.026436 0.026436 0.021699 0.014341 
0.021799 0.052075 0.113636 0.467076 1.121836 1.565741 1.764351 1.917757 1.979923 1.680837 1.036860 0.591897 0.395870 0.234816 0.122892 0.056295 0.022410 0.007779 0.002422 0.000953 0.001727 0.004977 0.010822 0.018022 0.024068 0.026436 0.024068 0.018020 
0.019910 0.036937 0.082855 0.290356 0.794456 1.343789 1.665046 1.841054 1.948840 1.830380 1.358849 0.814379 0.493884 0.315343 0.178854 0.089594 0.039353 0.015095 0.005101 0.001688 0.001340 0.003352 0.007899 0.014422 0.021045 0.025252 0.025252 0.021044 
0.020477 0.028423 0.059896 0.186606 0.542406 1.069122 1.504417 1.753050 1.894947 1.889610 1.594614 1.086614 0.654131 0.404613 0.247098 0.134224 0.064473 0.027224 0.010098 0.003394 0.001514 0.002346 0.005626 0.011161 0.017733 0.023149 0.025252 0.023148 
0.021812 0.024450 0.044160 0.123251 0.364506 0.805764 1.286770 1.628734 1.823998 1.892278 1.742112 1.340614 0.870373 0.529372 0.325856 0.190661 0.099348 0.045848 0.018661 0.006746 0.002454 0.001930 0.003986 0.008393 0.014447 0.020441 0.024200 0.024200 
0.023006 0.023131 0.034305 0.083705 0.243878 0.585135 1.046267 1.457752 1.726366 1.858138 1.817195 1.541363 1.105493 0.699872 0.427614 0.258258 0.145005 0.072598 0.032254 0.012703 0.004600 0.002192 0.002958 0.006189 0.011420 0.017444 0.022321 0.024200 
0.023603 0.023069 0.028718 0.059005 0.163792 0.414507 0.815701 1.252009 1.592059 1.792252 1.837667 1.679279 1.323428 0.902683 0.563743 0.342936 0.201632 0.108802 0.052426 0.022479 0.008652 0.003396 0.002575 0.004574 0.008805 0.014432 0.019882 0.023260 
0.023432 0.023336 0.025893 0.043862 0.111399 0.289149 0.615104 1.033855 1.422034 1.692156 1.814960 1.758473 1.501354 1.113056 0.733213 0.453340 0.272284 0.155217 0.080614 0.037453 0.015565 0.006024 0.002985 0.003574 0.006689 0.011618 0.017157 0.021571 
0.022502 0.023384 0.024615 0.034878 0.077630 0.200274 0.452126 0.824479 1.227945 1.557095 1.753558 1.786716 1.629913 1.307205 0.923134 0.593276 0.362812 0.213750 0.117915 0.059033 0.026509 0.010794 0.004505 0.003280 0.005132 0.009154 0.014388 0.019364 
0.020933 0.022943 0.023999 0.029746 0.056254 0.138952 0.326200 0.638303 1.026212 1.392520 1.655326 1.770137 1.708315 1.468559 1.115169 0.758205 0.478044 0.288281 0.165833 0.088474 0.042771 0.018652 0.007650 0.003892 0.004206 0.007143 0.011771 0.016876 
0.018904 0.021938 0.023471 0.026873 0.043000 0.097603 0.232576 0.482252 0.832257 1.209366 1.523923 1.712732 1.739226 1.588437 1.291864 0.936687 0.618125 0.383163 0.227057 0.127153 0.065623 0.030711 0.013151 0.005771 0.004049 0.005674 0.009457 0.014323 
0.016614 0.020421 0.022704 0.025172 0.034936 0.070301 0.165089 0.357414 0.657255 1.020812 1.366644 1.618327 1.725979 1.663831 1.440151 1.114276 0.777406 0.500644 0.305110 0.177105 0.096388 0.048167 0.021931 0.009461 0.004910 0.004862 0.007565 0.011890 
0.014252 0.018518 0.021563 0.023938 0.030054 0.052619 0.117695 0.261252 0.507334 0.839033 1.193728 1.492486 1.672153 1.694905 1.551991 1.277213 0.945841 0.639025 0.402877 0.241107 0.136747 0.072278 0.035049 0.015696 0.007185 0.004886 0.006213 0.009728 
0.011990 0.016385 0.020040 0.022750 0.026996 0.041337 0.085157 0.189474 0.384293 0.673184 1.016381 1.343107 1.582319 1.683529 1.623448 1.414602 1.111527 0.792433 0.520951 0.321992 0.188927 0.104512 0.053663 0.025372 0.011441 0.006036 0.005550 0.007971 
0.009980 0.014187 0.018212 0.021395 0.024873 0.034166 0.063247 0.137315 0.286883 0.528738 0.844782 1.179744 1.462713 1.632924 1.653489 1.519025 1.263065 0.951980 0.656692 0.421471 0.255460 0.146720 0.079088 0.039518 0.018407 0.008738 0.005793 0.006760 
0.008370 0.012084 0.016200 0.019804 0.023134 0.029520 0.048707 0.100281 0.212099 0.407811 0.686760 1.012263 1.321228 1.547819 1.643206 1.586257 1.391045 1.107522 0.804336 0.539082 0.338465 0.201090 0.112904 0.059303 0.028962 0.013572 0.007265 0.006276 
0.007323 0.010227 0.014142 0.018002 0.021469 0.026327 0.039113 0.074494 0.156190 0.309955 0.547285 0.849512 1.166746 1.434524 1.595513 1.614732 1.488651 1.249284 0.955929 0.671709 0.438774 0.269777 0.156997 0.086103 0.044132 0.021267 0.010419 0.006771 
0.007047 0.008775 0.012184 0.016072 0.019735 0.023898 0.032720 0.056804 0.115342 0.233073 0.428620 0.698399 1.008129 1.300635 1.515018 1.605122 1.551691 1.368967 1.102606 0.813819 0.555241 0.354275 0.213387 0.121550 0.065118 0.032700 0.015843 0.008595 
0.007821 0.007911 0.010480 0.014128 0.017904 0.021817 0.028309 0.044762 0.086073 0.174207 0.330846 0.563509 0.853264 1.154382 1.407826 1.560070 1.578407 1.460329 1.235787 0.958213 0.684530 0.454758 0.283831 0.167468 0.093334 0.048909 0.024271 0.012219 
0.010020 0.007866 0.009195 0.012304 0.016016 0.019860 0.025063 0.036535 0.065417 0.130140 0.252527 0.447178 0.708386 1.003823 1.281104 1.483948 1.569238 1.519368 1.348058 1.097000 0.821371 0.569644 0.369295 0.225650 0.130401 0.071121 0.036590 0.018245 
0.014133 0.008943 0.008531 0.010750 0.014160 0.017938 0.022462 0.030799 0.050976 0.097779 0.191333 0.349852 0.577782 0.856105 1.142463 1.382526 1.526593 1.544303 1.433713 1.222529 0.959185 0.695508 0.469469 0.297472 0.178026 0.100761 0.053856 0.027418 
0.020775 0.011538 0.008737 0.009640 0.012455 0.016049 0.020200 0.026630 0.040888 0.074378 0.144556 0.270593 0.463817 0.716943 0.999284 1.262495 1.454560 1.535448 1.489008 1.328121 1.090857 0.827347 0.582489 0.383471 0.237749 0.139393 0.077309 0.040637 
0.030706 0.016156 0.010137 0.009189 0.011047 0.014252 0.018124 0.023415 0.033759 0.057633 0.109467 0.207575 0.367205 0.590380 0.858114 1.130889 1.358527 1.495004 1.512228 1.408564 1.209489 0.959102 0.704918 0.482980 0.310610 0.188571 0.108351 0.058973 
0.044839 0.023431 0.013147 0.009663 0.010118 0.012650 0.016188 0.020770 0.028587 0.045696 0.083550 0.158521 0.287390 0.478793 0.724247 0.994501 1.244708 1.426766 1.503616 1.460396 1.309027 1.084295 0.832010 0.593949 0.396795 0.249591 0.148461 0.083662 
0.064251 0.034135 0.018289 0.011405 0.009890 0.011384 0.014419 0.018479 0.024678 0.037142 0.064623 0.121035 0.222955 0.383091 0.601520 0.859374 1.119605 1.335737 1.465191 1.482006 1.384712 1.196661 0.958153 0.712979 0.495372 0.323193 0.199026 0.116061 
0.090156 0.049193 0.026212 0.014847 0.010648 0.010637 0.012901 0.016449 0.021579 0.030910 0.050882 0.092829 0.171995 0.303023 0.492306 0.730447 0.989490 1.227671 1.400464 1.473598 1.433359 1.290686 1.077407 0.835566 0.604175 0.409282 0.261109 0.157544 
0.123850 0.069674 0.037702 0.020530 0.012747 0.010642 0.011769 0.014675 0.019014 0.026244 0.040896 0.071856 0.132412 0.237509 0.397664 0.611376 0.859968 1.108580 1.314067 1.437031 1.453479 1.362023 1.184047 0.956486 0.719871 0.506729 0.335196 0.209326 
0.166588 0.096762 0.053688 0.029116 0.016638 0.011695 0.011206 0.013222 0.016844 0.022629 0.033570 0.056376 0.102134 0.184961 0.317587 0.504520 0.735672 0.984274 1.211324 1.375549 1.445255 1.407751 1.273035 1.070266 0.838179 0.613300 0.420962 0.272261 
