0.050347 0.152040 0.282673 0.464487 1.174221 1.864338 1.978625 1.978625 1.864338 1.674221 0.964487 0.282673 0.152040 0.072315 0.030421 0.011484 0.004637 0.003696 0.005437 0.007874 0.009529 0.009519 0.007812 0.005163 0.002624 0.000933 0.000189 0.000012 
0.025179 0.101194 0.217357 0.373580 0.819354 1.519280 1.921482 1.978625 1.921482 1.769280 1.319354 0.623580 0.217357 0.112178 0.051368 0.020952 0.008060 0.004166 0.004566 0.006655 0.008701 0.009524 0.008666 0.006487 0.003893 0.001778 0.000561 0.000101 
0.012640 0.063186 0.159275 0.295468 0.596467 1.169317 1.720381 1.950053 1.950053 1.845381 1.544317 0.971467 0.420468 0.164767 0.081773 0.036160 0.014506 0.006113 0.004366 0.005611 0.007678 0.009113 0.009095 0.007577 0.005190 0.002836 0.001170 0.000331 
0.006486 0.037913 0.111231 0.227372 0.445968 0.882892 1.444849 1.835217 1.950053 1.897717 1.694849 1.257892 0.695968 0.292618 0.123270 0.058966 0.025333 0.010310 0.005240 0.004989 0.006645 0.008396 0.009104 0.008336 0.006383 0.004013 0.002003 0.000750 
0.003618 0.022199 0.074572 0.169301 0.336670 0.664430 1.163870 1.640033 1.892635 1.923885 1.796283 1.476370 0.976930 0.494293 0.207944 0.091118 0.042150 0.017821 0.007775 0.005114 0.005817 0.007520 0.008750 0.008720 0.007360 0.005198 0.003008 0.001377 
0.002497 0.012909 0.048386 0.121937 0.252986 0.500550 0.914150 1.401952 1.766334 1.908260 1.860084 1.636327 1.226650 0.735611 0.351118 0.149531 0.066634 0.029986 0.012798 0.006444 0.005465 0.006668 0.008135 0.008735 0.008040 0.006279 0.004103 0.002192 
0.002345 0.007703 0.030647 0.085161 0.187461 0.376768 0.707350 1.158051 1.584143 1.837297 1.884172 1.748205 1.431488 0.981131 0.543365 0.250325 0.108083 0.048310 0.021392 0.009621 0.005955 0.006067 0.007402 0.008435 0.008387 0.007159 0.005191 0.003148 
0.002746 0.005024 0.019175 0.057904 0.136311 0.282114 0.542059 0.932701 1.371097 1.710720 1.860735 1.816189 1.589847 1.206310 0.762248 0.396845 0.179204 0.078196 0.034851 0.015507 0.007788 0.006011 0.006734 0.007918 0.008411 0.007773 0.006175 0.004169 
0.003458 0.003885 0.012099 0.038540 0.097108 0.209213 0.412087 0.737380 1.151899 1.540908 1.785727 1.838462 1.703018 1.398078 0.984279 0.579546 0.288024 0.128700 0.056523 0.025179 0.011647 0.006900 0.006373 0.007326 0.008165 0.008092 0.006974 0.005172 
0.004315 0.003671 0.007992 0.025320 0.067824 0.153160 0.310650 0.574733 0.944639 1.346404 1.663318 1.812094 1.770740 1.550548 1.191179 0.781913 0.433785 0.208362 0.092612 0.040851 0.018413 0.009273 0.006636 0.006849 0.007745 0.008128 0.007533 0.006073 
0.005194 0.003993 0.005832 0.016656 0.046572 0.110492 0.231905 0.442691 0.759686 1.145521 1.504861 1.737706 1.791417 1.660644 1.370863 0.986546 0.607849 0.321074 0.150487 0.066731 0.029632 0.013843 0.007955 0.006743 0.007297 0.007937 0.007831 0.006803 
0.005999 0.004594 0.004913 0.011244 0.031614 0.078532 0.171198 0.337298 0.601189 0.952604 1.325191 1.621283 1.764562 1.726030 1.515754 1.178704 0.797197 0.464461 0.235780 0.108609 0.048182 0.021738 0.010899 0.007349 0.007020 0.007617 0.007884 0.007317 
0.006658 0.005296 0.004753 0.008078 0.021429 0.055073 0.124865 0.254248 0.469244 0.776896 1.138897 1.473237 1.692923 1.745296 1.620892 1.347229 0.987951 0.630829 0.350121 0.172195 0.078395 0.034960 0.016318 0.009124 0.007184 0.007319 0.007751 0.007600 
0.007129 0.005977 0.005025 0.006416 0.014754 0.038251 0.089969 0.189557 0.361746 0.623070 0.957897 1.306067 1.583080 1.719109 1.683094 1.484061 1.167590 0.809390 0.490475 0.261158 0.125295 0.056678 0.025639 0.012721 0.008154 0.007252 0.007535 0.007676 
0.007402 0.006553 0.005501 0.005720 0.010585 0.026502 0.064110 0.139763 0.275651 0.492408 0.790483 1.131982 1.444574 1.651095 1.701102 1.583577 1.325825 0.988490 0.649933 0.375816 0.193226 0.090986 0.041158 0.019180 0.010438 0.007703 0.007393 0.007605 
0.007504 0.006978 0.006027 0.005611 0.008152 0.018543 0.045306 0.101936 0.207707 0.384030 0.641446 0.961233 1.288278 1.547834 1.676098 1.642339 1.454701 1.157158 0.819211 0.512874 0.284521 0.142106 0.066072 0.030169 0.014809 0.009070 0.007548 0.007499 
0.007501 0.007241 0.006502 0.005819 0.006881 0.013348 0.031925 0.073621 0.154822 0.295868 0.512738 0.801339 1.124755 1.418056 1.611966 1.659219 1.548520 1.305929 0.988184 0.666043 0.398698 0.213314 0.104089 0.048121 0.022489 0.011940 0.008309 0.007523 
0.007512 0.007371 0.006872 0.006161 0.006350 0.010115 0.022636 0.052773 0.114221 0.225345 0.404303 0.657038 0.963047 1.271406 1.515011 1.635592 1.603870 1.427225 1.147057 0.827114 0.532370 0.306006 0.158702 0.076105 0.035305 0.017214 0.010124 0.007916 
0.007714 0.007442 0.007121 0.006516 0.006255 0.008232 0.016375 0.037705 0.083497 0.169783 0.314824 0.530671 0.810043 1.117226 1.393208 1.575302 1.619731 1.515547 1.287141 0.987085 0.679742 0.419188 0.232354 0.117403 0.055705 0.026260 0.013669 0.009020 
0.008367 0.007578 0.007282 0.006819 0.006386 0.007244 0.012304 0.027040 0.060601 0.126640 0.242304 0.422747 0.670357 0.963635 1.255217 1.484255 1.597516 1.567639 1.401344 1.137113 0.833414 0.549465 0.325771 0.174879 0.086554 0.040982 0.019964 0.011345 
0.009856 0.007973 0.007430 0.007050 0.006602 0.006815 0.009774 0.019672 0.043820 0.093621 0.184472 0.332526 0.546552 0.816996 1.109426 1.369736 1.540886 1.582578 1.484492 1.269229 0.985263 0.691439 0.437618 0.250325 0.130716 0.063768 0.030473 0.015655 
0.012755 0.008914 0.007701 0.007240 0.006826 0.006708 0.008294 0.014723 0.031746 0.068721 0.139046 0.258499 0.439539 0.681774 0.963211 1.239581 1.455311 1.561732 1.533535 1.376860 1.127246 0.838351 0.564529 0.343971 0.190521 0.097242 0.047121 0.023064 
0.017910 0.010835 0.008308 0.007471 0.007033 0.006767 0.007501 0.011509 0.023235 0.050233 0.103883 0.198772 0.349019 0.560656 0.822492 1.101396 1.347446 1.508521 1.547633 1.455197 1.252053 0.982799 0.701440 0.454250 0.267246 0.143881 0.072181 0.035092 
0.026501 0.014372 0.009571 0.007889 0.007252 0.006900 0.007134 0.009505 0.017372 0.036734 0.077058 0.151328 0.273896 0.454838 0.691574 0.961944 1.224421 1.427984 1.528077 1.501415 1.353625 1.117426 0.842119 0.577845 0.360748 0.205564 0.108031 0.053637 
0.040069 0.020437 0.011972 0.008730 0.007571 0.007076 0.007017 0.008320 0.013438 0.027053 0.056896 0.114193 0.212612 0.364367 0.573206 0.826759 1.093183 1.326202 1.478030 1.514746 1.427520 1.235526 0.979773 0.709982 0.469297 0.283156 0.156798 0.080834 
0.060452 0.030253 0.016204 0.010351 0.008150 0.007323 0.007047 0.007668 0.010879 0.020246 0.041974 0.085545 0.163402 0.288489 0.468786 0.699983 0.959971 1.209692 1.402116 1.496388 1.471133 1.331523 1.107649 0.844877 0.589639 0.376226 0.219977 0.118816 
0.089634 0.045352 0.023228 0.013278 0.009251 0.007737 0.007185 0.007358 0.009274 0.015562 0.031110 0.063760 0.124474 0.225946 0.378638 0.584384 0.829977 1.084832 1.305904 1.449252 1.483761 1.401328 1.219586 0.976263 0.717258 0.482933 0.298101 0.169396 
0.129515 0.067493 0.034290 0.018253 0.011264 0.008494 0.007461 0.007271 0.008316 0.012418 0.023336 0.047435 0.094117 0.175210 0.302292 0.481511 0.707181 0.957404 1.195368 1.377578 1.466507 1.442544 1.310457 1.097925 0.846761 0.600096 0.390517 0.233749 
