0.781398 0.952783 0.955414 0.792469 0.546693 0.334682 0.745130 1.300686 1.463089 1.670284 1.875472 2.062387 1.731487 1.372811 1.450234 1.413574 1.233451 0.933026 0.588587 0.292787 0.104573 0.022650 0.002298 0.001500 0.019008 0.093291 0.262381 0.516285 
0.648841 0.867090 0.954098 0.873942 0.669581 0.440687 0.539906 1.022908 1.381888 1.566687 1.772878 1.968930 1.896937 1.552149 1.411522 1.431904 1.323512 1.083238 0.760807 0.440687 0.198680 0.063612 0.012474 0.001899 0.010254 0.056150 0.177836 0.389333 
0.519087 0.757966 0.910594 0.914020 0.771761 0.555134 0.490297 0.781407 1.202398 1.474287 1.669783 1.870904 1.932933 1.724543 1.481836 1.421713 1.377708 1.203375 0.922023 0.600747 0.319684 0.131146 0.038043 0.007186 0.006076 0.033202 0.116993 0.283585 
0.401336 0.638527 0.834280 0.912307 0.842891 0.663448 0.522715 0.635852 0.991902 1.338343 1.572035 1.770343 1.901919 1.828738 1.603189 1.451774 1.399711 1.290542 1.062699 0.761385 0.460215 0.225415 0.084594 0.022615 0.006631 0.019639 0.075097 0.200289 
0.300812 0.519931 0.736403 0.873294 0.877599 0.753169 0.593082 0.579284 0.813877 1.165123 1.455189 1.671189 1.836131 1.865328 1.715964 1.527482 1.425742 1.345126 1.176620 0.912042 0.610800 0.342815 0.155005 0.053604 0.014623 0.013135 0.047368 0.137693 
0.219253 0.410372 0.628167 0.804848 0.875446 0.815384 0.673125 0.586183 0.696580 0.989500 1.310156 1.563189 1.753660 1.850730 1.790646 1.621723 1.476612 1.385434 1.260873 1.044331 0.761421 0.476808 0.248910 0.104305 0.034114 0.013879 0.030252 0.092531 
0.155892 0.314812 0.519270 0.716508 0.840147 0.845415 0.744255 0.629654 0.641382 0.843040 1.149828 1.436672 1.658425 1.802195 1.820688 1.706184 1.549167 1.431023 1.323154 1.152602 0.902876 0.619114 0.362859 0.176607 0.069209 0.023996 0.022065 0.061391 
0.108641 0.235352 0.417041 0.617889 0.778328 0.842781 0.794835 0.686954 0.635518 0.742211 0.996434 1.293250 1.547548 1.730310 1.811441 1.763436 1.627676 1.490095 1.377088 1.237878 1.027739 0.760995 0.490987 0.269733 0.122908 0.046603 0.023031 0.041728 
0.075185 0.171997 0.326196 0.517465 0.698108 0.810554 0.818808 0.740895 0.661236 0.688864 0.869322 1.144842 1.420399 1.638929 1.770876 1.787439 1.695556 1.558886 1.433592 1.307483 1.132809 0.894367 0.625991 0.380360 0.196321 0.084755 0.034817 0.032380 
0.053782 0.123591 0.249097 0.421831 0.607786 0.754331 0.814681 0.779851 0.701065 0.675050 0.779093 1.007082 1.282621 1.529664 1.704902 1.779157 1.741497 1.627221 1.496239 1.370538 1.220146 1.013588 0.760179 0.503175 0.288340 0.140538 0.059786 0.033598 
0.043690 0.088686 0.186344 0.335464 0.514809 0.681059 0.784506 0.797266 0.740458 0.688058 0.727072 0.893088 1.144851 1.406142 1.617283 1.742030 1.760327 1.684359 1.561730 1.433388 1.295342 1.116867 0.886883 0.631677 0.395758 0.214439 0.100162 0.046692 
0.045191 0.066188 0.137515 0.260904 0.425136 0.597934 0.732783 0.790886 0.768862 0.714258 0.707565 0.810080 1.018970 1.275497 1.511713 1.679656 1.751178 1.722343 1.623044 1.497559 1.364365 1.206104 1.001875 0.759280 0.513717 0.305098 0.157301 0.073427 
0.059309 0.055690 0.101852 0.199209 0.343020 0.511535 0.665358 0.761834 0.779874 0.741560 0.710911 0.758822 0.914525 1.147233 1.393605 1.595685 1.715417 1.736761 1.672694 1.560302 1.430962 1.285235 1.103990 0.880578 0.636499 0.409408 0.231200 0.115364 
0.087337 0.057499 0.078771 0.150531 0.271115 0.427277 0.588447 0.713596 0.770854 0.760717 0.726236 0.734867 0.836674 1.030879 1.270419 1.494645 1.655551 1.726089 1.704727 1.616498 1.495632 1.358098 1.194612 0.992284 0.758538 0.522953 0.320304 0.173282 
0.130309 0.072418 0.068135 0.114651 0.210823 0.349196 0.507862 0.651021 0.742225 0.765786 0.743477 0.730551 0.785770 0.933776 1.150649 1.382532 1.575098 1.690820 1.715408 1.660613 1.556065 1.426865 1.276355 1.093448 0.875411 0.640746 0.421629 0.246793 
0.188551 0.101364 0.070277 0.091393 0.162737 0.280009 0.428529 0.579442 0.696623 0.754006 0.754631 0.737014 0.758161 0.859773 1.042213 1.266590 1.478815 1.632959 1.703114 1.688010 1.608339 1.491465 1.351610 1.184902 0.984429 0.758078 0.531187 0.334211 
0.261381 0.144957 0.085820 0.080835 0.127065 0.221373 0.354269 0.503985 0.638033 0.725315 0.754318 0.745823 0.747587 0.808967 0.950993 1.154402 1.372703 1.555887 1.668037 1.695562 1.648175 1.549902 1.421538 1.268256 1.084666 0.871254 0.644633 0.432699 
0.347040 0.203169 0.115389 0.083327 0.103950 0.174219 0.287821 0.429127 0.571009 0.681674 0.739816 0.750071 0.746705 0.778277 0.879980 1.052697 1.263552 1.464295 1.611962 1.681799 1.671868 1.599038 1.485720 1.344897 1.176461 0.977960 0.757943 0.538666 
0.442853 0.275104 0.159279 0.099358 0.093639 0.139084 0.231020 0.358474 0.500068 0.626341 0.710745 0.744943 0.748388 0.762491 0.829129 0.966339 1.158125 1.363923 1.538128 1.646881 1.676834 1.635453 1.542379 1.415308 1.260679 1.077210 0.867952 0.648305 
0.545579 0.358979 0.217192 0.129318 0.096498 0.116361 0.185052 0.294747 0.429271 0.563205 0.668543 0.727844 0.746666 0.755439 0.795810 0.897734 1.062232 1.261024 1.451026 1.592504 1.661857 1.656144 1.588916 1.478844 1.337993 1.168944 0.972581 0.758128 
0.651853 0.452279 0.288085 0.173255 0.112908 0.106430 0.150707 0.239900 0.362009 0.496238 0.615874 0.698194 0.737255 0.751053 0.775625 0.846772 0.979983 1.161628 1.356025 1.521765 1.627181 1.659000 1.622530 1.533880 1.408418 1.253469 1.070763 0.865354 
0.758604 0.552066 0.370182 0.230670 0.143082 0.109669 0.128568 0.195303 0.300954 0.429123 0.556056 0.657034 0.717724 0.744154 0.763339 0.811198 0.913377 1.070805 1.258826 1.438895 1.574473 1.643091 1.640765 1.578205 1.471149 1.330944 1.162116 0.968059 
0.863331 0.655335 0.461124 0.300426 0.186876 0.126375 0.119119 0.161936 0.248129 0.365039 0.492590 0.606545 0.687379 0.730939 0.753746 0.787268 0.862288 0.992091 1.164816 1.348861 1.506684 1.608782 1.641928 1.609485 1.524677 1.401046 1.246530 1.065087 
0.964209 0.759333 0.558230 0.380775 0.243651 0.156626 0.122747 0.140527 0.205032 0.306584 0.428814 0.549567 0.646962 0.709159 0.742343 0.770507 0.824778 0.927189 1.078454 1.256838 1.427772 1.557733 1.625355 1.625706 1.567081 1.462862 1.323788 1.155808 
1.060009 0.861771 0.658781 0.469502 0.312213 0.200138 0.139686 0.131637 0.172780 0.255808 0.367699 0.489191 0.598265 0.678060 0.725751 0.756425 0.797643 0.875984 1.002821 1.167646 1.342305 1.492753 1.591544 1.625531 1.596394 1.514971 1.393325 1.239798 
1.149904 0.960890 0.760276 0.564142 0.390858 0.256176 0.169912 0.135662 0.152208 0.214294 0.311754 0.428445 0.543728 0.638163 0.701906 0.741088 0.777034 0.836813 0.939403 1.085234 1.254976 1.417529 1.542148 1.608537 1.610962 1.555683 1.454148 1.316562 
1.233233 1.055397 0.860583 0.662209 0.477500 0.323517 0.213044 0.152787 0.143935 0.183251 0.263024 0.370099 0.486086 0.590945 0.670034 0.721497 0.759061 0.806923 0.888108 1.012318 1.170105 1.336252 1.479839 1.575343 1.609750 1.583322 1.504915 1.385355 
1.309294 1.144315 0.957990 0.761396 0.569854 0.400508 0.268280 0.182916 0.148361 0.163593 0.223137 0.316561 0.428093 0.538516 0.630490 0.695765 0.740279 0.782992 0.847516 0.950213 1.091211 1.253178 1.408045 1.527591 1.592546 1.596536 1.544119 1.445135 
