0.002866 0.011484 0.031341 0.574927 1.157014 1.289552 1.471381 1.678575 1.864338 1.474271 0.971732 0.857459 0.669248 0.461876 0.281753 0.152040 0.073236 0.033032 0.016457 0.011516 0.010589 0.009791 0.007874 0.005175 0.002626 0.000933 0.000190 0.000012 
0.001439 0.007175 0.021412 0.303134 0.865970 1.223283 1.380466 1.574978 1.771457 1.669304 1.223001 0.914595 0.763354 0.565562 0.371814 0.216896 0.112638 0.053134 0.024745 0.013986 0.011052 0.010190 0.008832 0.006524 0.003901 0.001780 0.000561 0.000101 
0.000770 0.004307 0.014294 0.162273 0.584552 1.044627 1.301875 1.477722 1.673217 1.720381 1.446153 1.068798 0.838975 0.664458 0.468688 0.294355 0.164767 0.082886 0.038939 0.019365 0.012519 0.010621 0.009511 0.007678 0.005212 0.002840 0.001170 0.000331 
0.000551 0.002539 0.009300 0.088283 0.373413 0.814589 1.173251 1.389798 1.575470 1.696799 1.583267 1.257476 0.953886 0.751716 0.566573 0.381522 0.229561 0.123827 0.060913 0.029152 0.015942 0.011570 0.010066 0.008595 0.006445 0.004026 0.002005 0.000751 
0.000651 0.001545 0.005920 0.048792 0.230848 0.594001 0.993920 1.281524 1.482634 1.636134 1.640033 1.420371 1.105681 0.852801 0.659144 0.474047 0.305541 0.176694 0.092370 0.045032 0.022547 0.013756 0.010818 0.009331 0.007520 0.005236 0.003016 0.001378 
0.001014 0.001098 0.003732 0.027356 0.139820 0.412425 0.793960 1.137722 1.382079 1.559384 1.638084 1.530202 1.263026 0.979241 0.755973 0.566596 0.389794 0.241118 0.134532 0.068701 0.033790 0.018152 0.012287 0.010074 0.008425 0.006378 0.004126 0.002197 
0.001606 0.001056 0.002415 0.015544 0.083588 0.276122 0.603192 0.965841 1.259901 1.470732 1.598734 1.584143 1.396614 1.121134 0.867607 0.661284 0.478195 0.315456 0.187825 0.101616 0.051245 0.025971 0.015220 0.011181 0.009250 0.007402 0.005252 0.003161 
0.002383 0.001331 0.001735 0.008979 0.049566 0.179855 0.439657 0.784517 1.112871 1.365316 1.534733 1.591438 1.490378 1.258874 0.994370 0.764446 0.569740 0.396826 0.251640 0.144721 0.076431 0.038608 0.020595 0.013200 0.010215 0.008326 0.006327 0.004207 
0.003295 0.001857 0.001533 0.005357 0.029273 0.114710 0.309756 0.612087 0.948694 1.239094 1.450025 1.563086 1.540908 1.374626 1.126622 0.879408 0.667093 0.483283 0.324233 0.198180 0.110576 0.057520 0.029602 0.016898 0.011708 0.009271 0.007326 0.005267 
0.004281 0.002576 0.001695 0.003445 0.017315 0.071992 0.212233 0.460922 0.780391 1.093894 1.344559 1.506555 1.551997 1.457767 1.250624 1.003015 0.773250 0.575188 0.403758 0.261207 0.154378 0.084048 0.043561 0.023250 0.014303 0.010489 0.008298 0.006296 
0.005289 0.003428 0.002136 0.002570 0.010380 0.044653 0.142112 0.336578 0.620656 0.937142 1.219226 1.425557 1.529276 1.504882 1.354196 1.126820 0.888133 0.674219 0.489473 0.332482 0.207792 0.119213 0.063804 0.033405 0.018776 0.012396 0.009394 0.007297 
0.006293 0.004359 0.002782 0.002353 0.006475 0.027517 0.093383 0.239345 0.478617 0.778899 1.078184 1.322392 1.477417 1.517079 1.429539 1.240508 1.007476 0.781176 0.581846 0.410978 0.270137 0.163503 0.091509 0.048605 0.026091 0.015586 0.010895 0.008346 
0.007319 0.005326 0.003570 0.002567 0.004414 0.016996 0.060450 0.166364 0.358981 0.628758 0.928542 1.200288 1.399904 1.497248 1.473309 1.335023 1.123992 0.894326 0.681511 0.496412 0.340557 0.216820 0.127506 0.070057 0.037348 0.020838 0.013241 0.009620 
0.008470 0.006323 0.004448 0.003069 0.003491 0.010705 0.038723 0.113407 0.262672 0.493869 0.778650 1.064415 1.300096 1.448576 1.485278 1.404166 1.229508 1.009159 0.787918 0.588961 0.418485 0.278689 0.172163 0.098781 0.053702 0.029093 0.017039 0.011430 
0.009950 0.007396 0.005385 0.003758 0.003280 0.007098 0.024714 0.076065 0.188040 0.378271 0.636260 0.921532 1.182256 1.374336 1.466927 1.444722 1.316837 1.119333 0.898539 0.688440 0.503723 0.348587 0.225426 0.135472 0.076242 0.041398 0.023066 0.014235 
0.012093 0.008673 0.006391 0.004572 0.003519 0.005189 0.015906 0.050389 0.132052 0.283155 0.507265 0.778896 1.051894 1.278296 1.420632 1.455825 1.380780 1.218085 1.008936 0.793489 0.596081 0.426155 0.287006 0.180449 0.105857 0.058820 0.032232 0.018651 
0.015372 0.010383 0.007532 0.005481 0.004046 0.004354 0.010547 0.033148 0.091221 0.207604 0.395210 0.643081 0.915395 1.165095 1.349464 1.438228 1.418302 1.299432 1.113511 0.901213 0.694785 0.511118 0.356580 0.233728 0.143153 0.082338 0.045526 0.025441 
0.020406 0.012877 0.008957 0.006507 0.004763 0.004200 0.007451 0.021848 0.062184 0.149412 0.301407 0.519145 0.779238 1.040245 1.257279 1.393846 1.428265 1.358867 1.206471 1.007362 0.797999 0.602952 0.433849 0.295154 0.188440 0.112746 0.063932 0.035484 
0.027945 0.016642 0.010917 0.007732 0.005635 0.004482 0.005825 0.014649 0.042016 0.105798 0.225410 0.410276 0.649192 0.909741 1.148762 1.325563 1.411056 1.393566 1.282669 1.106916 0.902680 0.700475 0.518400 0.364502 0.241797 0.150593 0.088339 0.049708 
0.038826 0.022293 0.013780 0.009325 0.006684 0.005058 0.005153 0.010237 0.028332 0.073907 0.165604 0.317843 0.529734 0.779467 1.029252 1.237162 1.368309 1.402311 1.338118 1.194793 1.004798 0.801578 0.609438 0.441451 0.303149 0.196195 0.119466 0.069023 
0.053925 0.030560 0.018036 0.011552 0.008004 0.005871 0.005106 0.007695 0.019285 0.051120 0.119756 0.241723 0.423788 0.654600 0.904359 1.133207 1.302736 1.385310 1.370214 1.266455 1.099796 0.903188 0.705508 0.525444 0.372300 0.249672 0.157830 0.094245 
0.074085 0.042242 0.024298 0.014794 0.009778 0.006937 0.005488 0.006401 0.013490 0.035202 0.085438 0.180739 0.332756 0.539194 0.779480 1.018783 1.217971 1.344023 1.377762 1.318335 1.183125 1.001492 0.804348 0.615476 0.448872 0.310986 0.203751 0.126037 
0.100061 0.058164 0.033270 0.019546 0.012286 0.008358 0.006213 0.005944 0.009945 0.024346 0.060320 0.133089 0.256748 0.435975 0.659337 0.899131 1.118377 1.280997 1.360893 1.348049 1.250730 1.092309 0.902920 0.709912 0.532174 0.379929 0.257369 0.164894 
0.132478 0.079112 0.045717 0.026408 0.015916 0.010322 0.007285 0.006079 0.007945 0.017146 0.042333 0.096704 0.194918 0.346361 0.547656 0.779234 1.008754 1.199687 1.320945 1.354471 1.299389 1.171519 0.997614 0.806416 0.621043 0.456052 0.318649 0.211132 
0.171805 0.105795 0.062415 0.036063 0.021162 0.013119 0.008804 0.006682 0.007012 0.012545 0.029739 0.069519 0.145811 0.270640 0.447009 0.663445 0.893994 1.104221 1.260316 1.337708 1.326930 1.235454 1.084567 0.902015 0.713730 0.538547 0.387350 0.264890 
0.218347 0.138800 0.084105 0.049239 0.028612 0.017141 0.010961 0.007743 0.006847 0.009779 0.021142 0.049629 0.107665 0.208226 0.358824 0.555227 0.778720 0.999108 1.182268 1.299012 1.332319 1.281192 1.160011 0.993291 0.807872 0.626139 0.462949 0.326120 
0.272234 0.178574 0.111452 0.066672 0.038925 0.022877 0.014051 0.009352 0.007295 0.008313 0.015460 0.035386 0.078647 0.157945 0.283525 0.457026 0.666973 0.888914 1.090688 1.240640 1.315665 1.306755 1.220601 1.076651 0.900582 0.717005 0.544544 0.394535 
0.333384 0.225404 0.145013 0.089062 0.052799 0.030901 0.018464 0.011702 0.008324 0.007804 0.011887 0.025423 0.057016 0.118296 0.220735 0.370275 0.561999 0.777943 0.989801 1.165664 1.278153 1.311210 1.263678 1.148626 0.988616 0.808794 0.630775 0.469539 
