0.020651 0.010495 0.003731 0.000758 0.000049 0.000049 0.000758 0.003731 0.010495 0.020651 0.531247 1.038068 1.038068 1.031247 1.020651 1.010495 0.503731 0.000758 0.000049 0.000049 0.000758 0.003731 0.010495 0.020651 0.031247 0.038068 0.038068 0.031247 
0.025949 0.015573 0.007113 0.002245 0.000403 0.000049 0.000403 0.002245 0.007113 0.015573 0.275949 0.784658 1.038068 1.034658 1.025949 1.015573 0.757113 0.252245 0.000403 0.000049 0.000403 0.002245 0.007113 0.015573 0.025949 0.034658 0.038068 0.034658 
0.030303 0.020761 0.011343 0.004679 0.001324 0.000226 0.000226 0.001324 0.004679 0.011343 0.145761 0.530303 0.911363 1.036363 1.030303 1.020761 0.886343 0.504679 0.126324 0.000226 0.000226 0.001324 0.004679 0.011343 0.020761 0.030303 0.036363 0.036363 
0.033333 0.025532 0.016052 0.008011 0.003001 0.000775 0.000226 0.000775 0.003001 0.008011 0.078552 0.338032 0.720833 0.973863 1.033333 1.025532 0.953552 0.695511 0.315501 0.063275 0.000226 0.000775 0.003001 0.008011 0.016052 0.025532 0.033333 0.036363 
0.034848 0.029433 0.020792 0.012032 0.005506 0.001888 0.000501 0.000501 0.001888 0.005506 0.043282 0.208292 0.529433 0.847348 1.003598 1.029433 0.989542 0.824532 0.505506 0.189388 0.031751 0.000501 0.001888 0.005506 0.012032 0.020792 0.029433 0.034848 
0.034848 0.032140 0.025113 0.016412 0.008769 0.003697 0.001194 0.000501 0.001194 0.003697 0.024394 0.125787 0.368863 0.688390 0.925473 1.016515 1.009488 0.907037 0.665019 0.347447 0.110569 0.016126 0.001194 0.003697 0.008769 0.016412 0.025113 0.032140 
0.033494 0.033494 0.028627 0.020762 0.012590 0.006233 0.002446 0.000848 0.000848 0.002446 0.014046 0.075090 0.247325 0.528627 0.806932 0.970994 1.013002 0.958262 0.786028 0.506233 0.229008 0.063348 0.008660 0.002446 0.006233 0.012590 0.020762 0.028627 
0.031060 0.033494 0.031060 0.024694 0.016676 0.009412 0.004339 0.001647 0.000848 0.001647 0.008246 0.044568 0.161208 0.387976 0.667779 0.888963 0.991998 0.985632 0.872145 0.646131 0.367621 0.146178 0.036004 0.005553 0.004339 0.009412 0.016676 0.024694 
0.027877 0.032277 0.032277 0.027877 0.020685 0.013044 0.006876 0.002993 0.001247 0.001247 0.004946 0.026407 0.102888 0.274592 0.527877 0.778371 0.940480 0.988815 0.928888 0.759138 0.506876 0.256899 0.091091 0.020778 0.004946 0.006876 0.013044 0.020685 
0.024281 0.030077 0.032277 0.030077 0.024281 0.016865 0.009960 0.004934 0.002120 0.001247 0.003097 0.015677 0.064647 0.188740 0.401235 0.653124 0.859426 0.964648 0.958852 0.844013 0.633007 0.381887 0.173995 0.055935 0.012862 0.005911 0.009960 0.016865 
0.020573 0.027179 0.031177 0.031177 0.027179 0.020573 0.013412 0.007447 0.003527 0.001684 0.002172 0.009387 0.040162 0.126694 0.294987 0.527179 0.756275 0.912037 0.961750 0.901432 0.738510 0.507447 0.277941 0.114965 0.034398 0.009387 0.007935 0.013412 
0.016993 0.023876 0.029178 0.031177 0.029178 0.023876 0.016993 0.010430 0.005487 0.002605 0.001928 0.005779 0.024774 0.083428 0.210840 0.411083 0.641727 0.834156 0.936893 0.931591 0.819971 0.622979 0.392694 0.196453 0.074682 0.021893 0.008661 0.010674 
0.013833 0.020434 0.026527 0.030178 0.030178 0.026527 0.020434 0.013711 0.007958 0.004046 0.002267 0.003854 0.015277 0.054101 0.147134 0.310962 0.526405 0.737942 0.885525 0.934242 0.875781 0.721475 0.507836 0.294574 0.135567 0.048287 0.015277 0.009667 
0.011750 0.017134 0.023481 0.028353 0.030178 0.028353 0.023481 0.017073 0.010835 0.006002 0.003156 0.003060 0.009565 0.034689 0.100618 0.229048 0.418684 0.632173 0.811733 0.909883 0.905012 0.798628 0.614656 0.401205 0.215071 0.091927 0.031782 0.012472 
0.012111 0.014442 0.020307 0.025917 0.029265 0.029265 0.025917 0.020277 0.013954 0.008419 0.004579 0.003108 0.006313 0.022127 0.067653 0.164833 0.323866 0.525428 0.721953 0.860808 0.907447 0.851820 0.706642 0.507930 0.308138 0.153499 0.061855 0.022127 
0.017119 0.013277 0.017375 0.023112 0.027591 0.029265 0.027591 0.023097 0.017115 0.011186 0.006499 0.003844 0.004710 0.014220 0.044890 0.116243 0.244349 0.424647 0.623691 0.791381 0.884128 0.879634 0.779231 0.607286 0.408034 0.230818 0.107677 0.041991 
0.029555 0.015198 0.015326 0.020243 0.025352 0.028428 0.028428 0.025344 0.020106 0.014151 0.008843 0.005171 0.004277 0.009465 0.029555 0.080567 0.180296 0.334498 0.524169 0.707536 0.837754 0.881881 0.829432 0.693258 0.507660 0.319426 0.169248 0.074834 
0.052194 0.022376 0.015262 0.017785 0.022797 0.026890 0.028428 0.026886 0.022725 0.017128 0.011497 0.007007 0.004724 0.006871 0.019510 0.055061 0.130431 0.257397 0.429334 0.615852 0.772645 0.859818 0.855656 0.761345 0.600459 0.413543 0.244337 0.122041 
0.087117 0.037285 0.018819 0.016523 0.020291 0.024844 0.027659 0.027657 0.024805 0.019927 0.014313 0.009252 0.005866 0.005798 0.013191 0.037285 0.092746 0.193914 0.343365 0.522593 0.694249 0.816231 0.857737 0.808501 0.680902 0.507001 0.328940 0.183189 
0.135153 0.062201 0.028052 0.017671 0.018407 0.022567 0.026251 0.027658 0.026231 0.022366 0.017120 0.011782 0.007559 0.005832 0.009494 0.025238 0.065016 0.143330 0.268640 0.432979 0.608421 0.755240 0.836984 0.833119 0.744702 0.593952 0.417971 0.256064 
0.195609 0.098677 0.045127 0.022862 0.018039 0.020487 0.024409 0.026955 0.026945 0.024299 0.019743 0.014451 0.009670 0.006695 0.007663 0.017366 0.045127 0.104173 0.205985 0.350809 0.520700 0.681830 0.796112 0.835052 0.788910 0.669327 0.505961 0.337017 
0.266313 0.147143 0.071902 0.033994 0.020450 0.019263 0.022448 0.025682 0.026950 0.025622 0.022021 0.017097 0.012061 0.008183 0.007179 0.012514 0.031246 0.074650 0.155079 0.278397 0.435755 0.601265 0.738971 0.815582 0.811981 0.729118 0.587644 0.421489 
0.343901 0.206728 0.109523 0.052948 0.027222 0.019857 0.020856 0.024065 0.026316 0.026286 0.023821 0.019559 0.014579 0.010122 0.007681 0.009847 0.021880 0.052948 0.114864 0.216738 0.357076 0.518510 0.670118 0.777277 0.813781 0.770550 0.658381 0.504567 
0.424234 0.275315 0.158125 0.081235 0.040085 0.023540 0.020356 0.022460 0.025190 0.026301 0.025053 0.021690 0.017069 0.012350 0.008901 0.008764 0.015864 0.037414 0.083906 0.165801 0.286907 0.437793 0.594314 0.723697 0.795529 0.792166 0.714465 0.581474 
0.502854 0.349774 0.216720 0.119680 0.060660 0.031812 0.021948 0.021408 0.023825 0.025746 0.025677 0.023372 0.019379 0.014710 0.010626 0.008833 0.012314 0.026639 0.060660 0.124854 0.226354 0.362350 0.516054 0.659006 0.759613 0.793847 0.753315 0.647970 
0.575412 0.426314 0.283247 0.168200 0.090170 0.046236 0.026880 0.021678 0.022617 0.024786 0.025711 0.024524 0.021376 0.017044 0.012668 0.009729 0.010573 0.019476 0.043650 0.092757 0.175604 0.294352 0.439202 0.587530 0.709309 0.776730 0.773581 0.700643 
0.638027 0.500863 0.354781 0.225724 0.129185 0.068203 0.036558 0.024279 0.022147 0.023701 0.025248 0.025118 0.022950 0.019210 0.014856 0.011198 0.010151 0.015025 0.031563 0.068203 0.134180 0.234978 0.366777 0.513366 0.648420 0.743020 0.775156 0.737112 
0.687570 0.569445 0.427822 0.290252 0.177454 0.098694 0.052381 0.030419 0.023213 0.022924 0.024475 0.025183 0.024034 0.021080 0.017033 0.013027 0.010675 0.012588 0.023294 0.049883 0.101192 0.184579 0.300877 0.440071 0.580893 0.695720 0.759088 0.756134 
