0.000027 0.000077 0.000508 0.502224 1.006943 1.017668 1.040053 1.084052 1.163600 0.791384 0.468237 0.672298 0.857678 0.969342 0.969123 0.856542 0.669292 0.463015 0.284980 0.158225 0.081947 0.042158 0.023044 0.013348 0.007446 0.003513 0.001213 0.000246 
0.000137 0.000052 0.000292 0.251366 0.754583 1.012306 1.028860 1.062052 1.123826 0.977492 0.629811 0.570268 0.764988 0.913510 0.969232 0.912832 0.762917 0.566154 0.373997 0.221602 0.120086 0.062052 0.032601 0.018196 0.010397 0.005480 0.002363 0.000730 
0.000433 0.000094 0.000172 0.125829 0.502975 0.883445 1.020583 1.045456 1.092939 1.050659 0.803652 0.600039 0.667628 0.839249 0.941371 0.941032 0.837875 0.664535 0.470076 0.297800 0.170844 0.091069 0.047327 0.025398 0.014296 0.007938 0.003921 0.001547 
0.000990 0.000264 0.000133 0.063001 0.314402 0.693210 0.952014 1.033020 1.069198 1.071799 0.927156 0.701845 0.633833 0.753438 0.890310 0.941202 0.889453 0.751205 0.567305 0.383938 0.234322 0.130957 0.069198 0.036362 0.019847 0.011117 0.005930 0.002734 
0.001862 0.000627 0.000199 0.031567 0.188701 0.503806 0.822612 0.992517 1.051109 1.070499 0.999477 0.814500 0.667839 0.693636 0.821874 0.915756 0.915328 0.820329 0.659255 0.475622 0.309130 0.182639 0.100077 0.052780 0.028105 0.015482 0.008524 0.004332 
0.003097 0.001244 0.000413 0.015883 0.110134 0.346254 0.663209 0.907564 1.021813 1.060804 1.034988 0.906989 0.741170 0.680738 0.757755 0.868815 0.915542 0.867828 0.739792 0.567438 0.392376 0.245885 0.141358 0.076429 0.040443 0.021794 0.012003 0.006428 
0.004762 0.002171 0.000829 0.008148 0.063009 0.228194 0.504731 0.785386 0.964688 1.041308 1.047896 0.970989 0.824079 0.710954 0.719246 0.813285 0.892178 0.891685 0.803810 0.653615 0.479907 0.319130 0.193621 0.108893 0.058436 0.031118 0.016898 0.009215 
0.006989 0.003467 0.001500 0.004488 0.035578 0.145601 0.366462 0.645059 0.875037 1.002998 1.044602 1.009442 0.897534 0.767517 0.715100 0.766266 0.852732 0.891932 0.847748 0.728713 0.566761 0.399519 0.256376 0.151257 0.083665 0.044777 0.024008 0.013057 
0.010023 0.005228 0.002483 0.002994 0.020033 0.090590 0.256032 0.505761 0.760048 0.939018 1.023800 1.027022 0.953488 0.832525 0.741308 0.740683 0.809499 0.872332 0.869840 0.788230 0.647737 0.483140 0.327947 0.203817 0.117461 0.064221 0.034393 0.018533 
0.014278 0.007625 0.003855 0.002739 0.011514 0.055311 0.173311 0.380896 0.632904 0.849533 0.981409 1.025411 0.990255 0.893007 0.786917 0.740996 0.775091 0.840915 0.871086 0.829035 0.717984 0.565438 0.405543 0.265882 0.160639 0.090841 0.049307 0.026463 
0.020370 0.010952 0.005740 0.003297 0.007126 0.033412 0.114311 0.277103 0.506900 0.741219 0.915471 1.003410 1.007833 0.941631 0.839962 0.763956 0.758043 0.808003 0.856000 0.850060 0.773509 0.641711 0.485491 0.335713 0.213260 0.125740 0.070074 0.037885 
0.029127 0.015661 0.008346 0.004519 0.005212 0.020269 0.073862 0.195707 0.392002 0.624059 0.828345 0.959441 1.005622 0.974732 0.890796 0.801959 0.761000 0.783023 0.832002 0.853030 0.811785 0.707610 0.563601 0.410602 0.274486 0.169500 0.097907 0.053979 
0.041553 0.022394 0.012003 0.006432 0.004865 0.012740 0.047066 0.134785 0.293855 0.508031 0.726202 0.893893 0.982531 0.990177 0.932764 0.846378 0.781479 0.772011 0.807512 0.842516 0.832408 0.759697 0.635606 0.487101 0.342544 0.221993 0.133703 0.075943 
0.058748 0.031974 0.017199 0.009218 0.005649 0.008803 0.029903 0.090925 0.214320 0.400943 0.617116 0.810047 0.938212 0.986354 0.961471 0.889571 0.813929 0.776745 0.789762 0.825014 0.837462 0.796053 0.697652 0.561353 0.414823 0.282269 0.177848 0.104823 
0.081786 0.045361 0.024586 0.013208 0.007433 0.007226 0.019353 0.060414 0.152622 0.307631 0.509030 0.713582 0.874130 0.962283 0.973912 0.925521 0.851750 0.795337 0.783254 0.807388 0.831238 0.816757 0.746852 0.629503 0.488088 0.348546 0.230059 0.141336 
0.111561 0.063573 0.034974 0.018897 0.010321 0.007329 0.013289 0.039883 0.106518 0.230127 0.408330 0.611306 0.793856 0.918206 0.968098 0.949716 0.888635 0.823543 0.789295 0.795321 0.819313 0.823998 0.781805 0.688177 0.558795 0.418317 0.289302 0.185697 
0.148629 0.087567 0.049273 0.026935 0.014609 0.008825 0.010309 0.026586 0.073201 0.168322 0.319229 0.509818 0.702581 0.856031 0.943152 0.958907 0.919176 0.856089 0.806419 0.792308 0.807317 0.821655 0.802901 0.734991 0.623486 0.488556 0.353810 0.237500 
0.193064 0.118098 0.068420 0.038104 0.020772 0.011717 0.009567 0.018448 0.049894 0.120762 0.243775 0.414523 0.606199 0.779306 0.899592 0.951029 0.939041 0.887633 0.831254 0.799364 0.799813 0.814486 0.812278 0.768946 0.679239 0.556021 0.421183 0.295655 
0.244359 0.155581 0.093259 0.053262 0.029438 0.016245 0.010642 0.014008 0.034171 0.085328 0.182269 0.329149 0.510361 0.692753 0.839449 0.925310 0.945035 0.913337 0.859443 0.815309 0.799588 0.807149 0.813382 0.790612 0.724092 0.617630 0.488602 0.358419 
0.301389 0.199970 0.124420 0.073261 0.041350 0.022841 0.013443 0.012325 0.024089 0.059749 0.133798 0.255709 0.419755 0.601557 0.766101 0.882380 0.935173 0.929186 0.886390 0.837376 0.807449 0.803369 0.810266 0.801997 0.757352 0.670861 0.553116 0.423510 
0.362450 0.250680 0.162195 0.098840 0.057306 0.032096 0.018142 0.012884 0.018207 0.041919 0.096774 0.194754 0.337732 0.510656 0.683829 0.824240 0.908776 0.932180 0.907788 0.861883 0.822412 0.805409 0.806817 0.806131 0.779675 0.714107 0.611989 0.488313 
0.425381 0.306565 0.206437 0.130518 0.078073 0.044701 0.025119 0.015513 0.015546 0.030063 0.069346 0.145764 0.266243 0.424194 0.597243 0.754034 0.866508 0.920478 0.919984 0.884836 0.842148 0.813911 0.806113 0.806474 0.792903 0.746891 0.663048 0.550151 
0.487766 0.365973 0.256501 0.168478 0.104295 0.061387 0.034910 0.020316 0.015529 0.022804 0.049705 0.107555 0.206003 0.345218 0.510718 0.675638 0.810271 0.893493 0.920231 0.902410 0.863492 0.828029 0.810012 0.806294 0.799689 0.769897 0.704969 0.606599 
0.547183 0.426870 0.311237 0.212489 0.136387 0.082841 0.048148 0.027613 0.017923 0.019167 0.036255 0.078630 0.156779 0.275611 0.427968 0.593178 0.742955 0.851882 0.906862 0.911320 0.882951 0.845760 0.819020 0.808153 0.802991 0.784793 0.737433 0.655784 
0.601483 0.487026 0.369053 0.261863 0.174438 0.109614 0.065495 0.037881 0.022768 0.018545 0.027711 0.057442 0.117704 0.216195 0.351790 0.510573 0.668067 0.797419 0.879372 0.909091 0.897136 0.864356 0.832390 0.813587 0.805572 0.793892 0.761113 0.696609 
0.649046 0.544255 0.428040 0.315458 0.218151 0.142026 0.087554 0.051688 0.030324 0.020656 0.023128 0.042576 0.087573 0.166950 0.283992 0.431182 0.589320 0.732743 0.838395 0.894232 0.903113 0.880746 0.848373 0.822989 0.809579 0.799732 0.777502 0.728861 
0.688953 0.596650 0.486147 0.371749 0.266804 0.180088 0.114790 0.069621 0.041006 0.025490 0.021892 0.032852 0.065075 0.127262 0.225471 0.357587 0.510251 0.661031 0.785569 0.866313 0.898673 0.891929 0.864559 0.835681 0.816284 0.804656 0.788617 0.753182 
0.721067 0.642802 0.541399 0.428948 0.319277 0.223446 0.147439 0.092206 0.055314 0.033248 0.023691 0.027372 0.048963 0.096168 0.176366 0.291529 0.433919 0.585641 0.723300 0.825941 0.882493 0.895301 0.878244 0.850120 0.825982 0.810470 0.796636 0.770899 
