0.114186 0.117206 0.129668 0.181004 0.292105 0.963969 1.669195 1.856663 1.971213 1.979472 1.885680 1.226423 0.548661 0.387486 0.257596 0.159100 0.087773 0.040447 0.014068 0.003177 0.000410 0.000198 0.002117 0.010367 0.029154 0.057365 0.086797 0.105746 
0.109966 0.115696 0.123437 0.155336 0.236554 0.628037 1.316582 1.762929 1.913938 1.975343 1.932576 1.556052 0.887542 0.468073 0.322541 0.208348 0.123437 0.064110 0.027258 0.008623 0.001794 0.000304 0.001158 0.006242 0.019760 0.043259 0.072081 0.096271 
0.103118 0.112831 0.119566 0.139386 0.195945 0.432296 0.972309 1.539755 1.838433 1.944640 1.953959 1.744314 1.221797 0.677808 0.395307 0.265445 0.165893 0.093774 0.045684 0.017940 0.005208 0.001049 0.000731 0.003700 0.013001 0.031510 0.057670 0.084176 
0.093647 0.107975 0.116198 0.129476 0.167666 0.314120 0.702302 1.256032 1.689094 1.891537 1.949300 1.849136 1.483055 0.949802 0.536557 0.330376 0.215669 0.129833 0.069729 0.031812 0.011574 0.003129 0.000890 0.002215 0.008350 0.022255 0.044590 0.070923 
0.082285 0.100811 0.112086 0.122837 0.148571 0.240893 0.508211 0.979167 1.472563 1.790315 1.920418 1.899218 1.666096 1.216429 0.743180 0.433467 0.273022 0.172751 0.099781 0.050770 0.021693 0.007351 0.002009 0.001553 0.005283 0.015303 0.033423 0.057757 
0.070021 0.091548 0.106449 0.117462 0.135704 0.194732 0.374552 0.743689 1.225865 1.631439 1.855367 1.909818 1.782657 1.441262 0.979804 0.588323 0.353245 0.222887 0.136266 0.075276 0.036232 0.014522 0.004680 0.001781 0.003418 0.010293 0.024363 0.045590 
0.057805 0.080785 0.098998 0.111955 0.126583 0.165218 0.284642 0.559121 0.984777 1.428652 1.743403 1.882592 1.846238 1.611960 1.210533 0.784064 0.470784 0.288066 0.179576 0.105771 0.055754 0.025377 0.009601 0.003231 0.002599 0.006855 0.017328 0.034976 
0.046391 0.069295 0.089891 0.105477 0.119269 0.145901 0.224930 0.421881 0.771949 1.206715 1.586028 1.812998 1.864415 1.729099 1.411246 0.997299 0.627424 0.379425 0.233821 0.142674 0.080762 0.040565 0.017489 0.006416 0.002915 0.004727 0.012092 0.026152 
0.036271 0.057843 0.079593 0.097684 0.112373 0.132585 0.185415 0.323406 0.596915 0.989332 1.396371 1.699513 1.838706 1.796757 1.570173 1.204273 0.812361 0.503424 0.306623 0.188247 0.111718 0.060664 0.029027 0.011953 0.004665 0.003821 0.008409 0.019122 
0.027697 0.047057 0.068718 0.088639 0.105029 0.122479 0.159000 0.254411 0.460160 0.793124 1.192852 1.547942 1.769110 1.817732 1.683465 1.387223 1.008317 0.657893 0.405024 0.247435 0.149983 0.086191 0.044846 0.020490 0.008309 0.004243 0.006115 0.013766 
0.020731 0.037377 0.057888 0.078678 0.096834 0.113754 0.140740 0.206705 0.357286 0.626642 0.992988 1.370397 1.658526 1.793421 1.750598 1.535344 1.197770 0.833105 0.531458 0.326229 0.198709 0.118087 0.065518 0.032668 0.014400 0.006276 0.005179 0.009940 
0.015336 0.029054 0.047632 0.068283 0.087756 0.105294 0.127247 0.173722 0.281995 0.491964 0.809815 1.181692 1.514461 1.725973 1.772009 1.642971 1.366557 1.015437 0.682281 0.428844 0.262469 0.158398 0.091802 0.049093 0.023534 0.010338 0.005728 0.007560 
0.011448 0.022195 0.038343 0.057958 0.078019 0.096525 0.116270 0.150485 0.227859 0.386980 0.650889 0.995753 1.348077 1.620217 1.748991 1.707490 1.504764 1.190997 0.848859 0.555563 0.345656 0.210433 0.125100 0.070448 0.036313 0.016936 0.008033 0.006644 
0.009046 0.016821 0.030269 0.048150 0.067989 0.087272 0.106398 0.133377 0.189172 0.307419 0.518934 0.823321 1.171915 1.484147 1.684604 1.728241 1.606127 1.347880 1.019928 0.702211 0.450609 0.278045 0.167767 0.097774 0.053381 0.026625 0.012484 0.007338 
0.008192 0.012934 0.023545 0.039210 0.058069 0.077630 0.096835 0.119887 0.161275 0.248295 0.413177 0.671128 0.997618 1.328031 1.584376 1.706422 1.667184 1.477004 1.183904 0.861070 0.576410 0.364327 0.222906 0.132770 0.075577 0.040003 0.019554 0.009911 
0.009052 0.010563 0.018239 0.031377 0.048640 0.067850 0.087233 0.108361 0.140581 0.204785 0.330736 0.542152 0.834373 1.162825 1.456203 1.645399 1.686803 1.572094 1.330454 1.022487 0.718740 0.470369 0.293617 0.177838 0.104174 0.057790 0.029778 0.014733 
0.011892 0.009807 0.014401 0.024808 0.040008 0.058245 0.077541 0.097797 0.124471 0.172683 0.267761 0.436444 0.688263 0.998599 1.309514 1.550801 1.666101 1.629448 1.451274 1.176470 0.870613 0.594554 0.381993 0.235727 0.141006 0.080982 0.043784 0.022256 
0.017074 0.010850 0.012104 0.019605 0.032408 0.049127 0.067893 0.087669 0.111134 0.148577 0.220222 0.352102 0.562353 0.843431 1.154056 1.430158 1.608451 1.647775 1.540361 1.313872 1.023542 0.732584 0.488273 0.308860 0.188367 0.110994 0.062383 0.033020 
0.025047 0.013962 0.011477 0.015854 0.026007 0.040768 0.058510 0.077781 0.099402 0.129855 0.184399 0.286162 0.457228 0.702892 0.998744 1.292107 1.519304 1.628113 1.594068 1.427117 1.168707 0.878063 0.610429 0.398567 0.248613 0.149680 0.086688 0.047701 
0.036374 0.019504 0.012719 0.013666 0.020931 0.033387 0.049639 0.068145 0.088591 0.114628 0.157127 0.235281 0.371695 0.580060 0.850818 1.145425 1.405706 1.573709 1.611090 1.510592 1.297912 1.023385 0.744246 0.504498 0.323590 0.199147 0.118184 0.067195 
0.051785 0.027939 0.016112 0.013193 0.017298 0.027159 0.041513 0.058892 0.078368 0.101610 0.135878 0.196204 0.303488 0.475878 0.715439 0.998122 1.275565 1.489707 1.592400 1.560841 1.404252 1.160648 0.883815 0.624372 0.414044 0.261368 0.158666 0.092690 
0.072237 0.039862 0.022026 0.014652 0.015245 0.022228 0.034336 0.050202 0.068630 0.089989 0.118744 0.166041 0.249846 0.389683 0.595658 0.856780 1.136844 1.382636 1.541053 1.576620 1.482547 1.282450 1.022232 0.754094 0.519208 0.337706 0.210017 0.125678 
0.098957 0.056050 0.030944 0.018339 0.014949 0.018737 0.028282 0.042269 0.059416 0.079310 0.104367 0.142392 0.207944 0.319764 0.492670 0.726219 0.996812 1.259740 1.461845 1.558837 1.529584 1.382498 1.152341 0.888163 0.636651 0.428457 0.273862 0.167847 
0.133402 0.077503 0.043497 0.024641 0.016644 0.016843 0.023510 0.035276 0.050843 0.069363 0.091838 0.123379 0.175168 0.263854 0.406217 0.609445 0.861516 1.128276 1.360792 1.510341 1.544210 1.456041 1.267420 1.020252 0.762407 0.532554 0.351159 0.220854 
0.177128 0.105453 0.060500 0.034069 0.020643 0.016743 0.020176 0.029393 0.043059 0.060103 0.080601 0.107609 0.149274 0.219511 0.335036 0.507831 0.735480 0.994896 1.244534 1.435567 1.527276 1.500126 1.361730 1.143836 0.891329 0.647480 0.441857 0.286007 
0.231568 0.141291 0.082976 0.047285 0.027356 0.018693 0.018460 0.024784 0.036226 0.051581 0.070352 0.094105 0.128441 0.184392 0.277273 0.421433 0.621656 0.865188 1.119715 1.340050 1.481421 1.513701 1.430928 1.252783 1.017583 0.769405 0.544668 0.363932 
0.297750 0.186429 0.112134 0.065130 0.037320 0.023024 0.018576 0.021622 0.030505 0.043903 0.060966 0.082228 0.111273 0.156417 0.230833 0.349353 0.521545 0.743422 0.992451 1.229883 1.410736 1.497561 1.472314 1.341856 1.135183 0.893494 0.657037 0.454300 
0.376025 0.242089 0.149281 0.088632 0.051225 0.030172 0.020800 0.020099 0.026064 0.037204 0.052435 0.071597 0.096751 0.133845 0.193625 0.290093 0.435449 0.632483 0.867937 1.111167 1.320309 1.454148 1.484938 1.407085 1.238519 1.014338 0.775265 0.555668 
