0.001904 0.000387 0.000025 0.000025 0.000387 0.001904 0.505355 1.010536 1.015942 1.019423 1.019423 1.015942 0.510536 0.005355 0.001904 0.000387 0.000025 0.000025 0.000387 0.001904 0.005355 0.010536 0.015942 0.019423 0.019423 0.015942 0.010536 0.005355 
0.003629 0.001145 0.000206 0.000025 0.000206 0.001145 0.253629 0.757946 1.013239 1.017683 1.019423 1.017683 0.763239 0.257946 0.003629 0.001145 0.000206 0.000025 0.000206 0.001145 0.003629 0.007946 0.013239 0.017683 0.019423 0.017683 0.013239 0.007946 
0.005787 0.002387 0.000675 0.000115 0.000115 0.000675 0.127387 0.505787 0.885592 1.015461 1.018553 1.018553 0.890461 0.510592 0.130787 0.002387 0.000675 0.000115 0.000115 0.000675 0.002387 0.005787 0.010592 0.015461 0.018553 0.018553 0.015461 0.010592 
0.008190 0.004087 0.001531 0.000395 0.000115 0.000395 0.064031 0.316587 0.695690 0.950527 1.017007 1.018553 0.954507 0.700527 0.320690 0.066587 0.001531 0.000395 0.000115 0.000395 0.001531 0.004087 0.008190 0.013027 0.017007 0.018553 0.017007 0.013027 
0.010608 0.006139 0.002809 0.000963 0.000255 0.000255 0.032213 0.190309 0.506139 0.823108 0.983767 1.017780 0.986530 0.827517 0.510608 0.193639 0.034059 0.000963 0.000255 0.000255 0.000963 0.002809 0.006139 0.010608 0.015017 0.017780 0.017780 0.015017 
0.012813 0.008373 0.004474 0.001886 0.000609 0.000255 0.016234 0.111261 0.348224 0.664623 0.903438 1.000773 1.002155 0.907023 0.669063 0.352123 0.113849 0.017511 0.000609 0.000255 0.000609 0.001886 0.004474 0.008373 0.012813 0.016398 0.017780 0.016398 
0.014605 0.010593 0.006424 0.003180 0.001248 0.000432 0.008245 0.063748 0.229743 0.506424 0.784030 0.952105 1.001464 0.954589 0.788043 0.510593 0.232986 0.065680 0.009060 0.000432 0.000432 0.001248 0.003180 0.006424 0.010593 0.014605 0.017089 0.017089 
0.015847 0.012599 0.008508 0.004802 0.002214 0.000840 0.004339 0.035996 0.146745 0.368083 0.645227 0.868068 0.976785 0.978026 0.871316 0.649318 0.371790 0.149333 0.037370 0.004746 0.000432 0.000840 0.002214 0.004802 0.008508 0.012599 0.015847 0.017089 
0.016468 0.014223 0.010554 0.006655 0.003508 0.001527 0.002589 0.020168 0.091371 0.257414 0.506655 0.756648 0.922426 0.977406 0.924671 0.760317 0.510554 0.260561 0.093352 0.021058 0.002589 0.000636 0.001527 0.003508 0.006655 0.010554 0.014223 0.016468 
0.016468 0.015346 0.012388 0.008604 0.005082 0.002518 0.002058 0.011378 0.055769 0.174393 0.382035 0.631651 0.839537 0.949916 0.951038 0.842494 0.635435 0.385558 0.176957 0.057205 0.011824 0.001613 0.001082 0.002518 0.005082 0.008604 0.012388 0.015346 
0.015907 0.015907 0.013867 0.010496 0.006843 0.003800 0.002288 0.006718 0.033574 0.115081 0.278214 0.506843 0.735594 0.894726 0.950477 0.896766 0.738965 0.510496 0.281257 0.117081 0.034514 0.006718 0.001347 0.001800 0.003800 0.006843 0.010496 0.013867 
0.014887 0.015907 0.014887 0.012182 0.008670 0.005321 0.003044 0.004503 0.020146 0.074327 0.196647 0.392528 0.621219 0.815160 0.922602 0.923622 0.817865 0.624731 0.395877 0.199169 0.075798 0.020616 0.004033 0.001573 0.002800 0.005321 0.008670 0.012182 
0.013534 0.015397 0.015397 0.013534 0.010426 0.006995 0.004182 0.003773 0.012325 0.047237 0.135487 0.294588 0.506873 0.718189 0.868881 0.923112 0.870744 0.721298 0.510304 0.297523 0.137483 0.048207 0.012325 0.002803 0.002187 0.004060 0.006995 0.010426 
0.011980 0.014466 0.015397 0.014466 0.011980 0.008711 0.005589 0.003978 0.008049 0.029781 0.091362 0.215038 0.400731 0.612531 0.793535 0.895996 0.896928 0.796021 0.615801 0.403913 0.217503 0.092845 0.030266 0.007564 0.002495 0.003123 0.005528 0.008711 
0.010345 0.013223 0.014931 0.014931 0.013223 0.010345 0.007150 0.004783 0.006013 0.018915 0.060571 0.153200 0.307884 0.506631 0.703033 0.844766 0.896462 0.846474 0.705911 0.509857 0.310708 0.155174 0.061555 0.018915 0.005029 0.002809 0.004326 0.007119 
0.008732 0.011784 0.014077 0.014931 0.014077 0.011784 0.008748 0.005967 0.005398 0.012464 0.039743 0.106886 0.230542 0.407258 0.604832 0.773900 0.870614 0.871468 0.776193 0.607884 0.410283 0.232941 0.108365 0.040235 0.011972 0.003919 0.003567 0.005722 
0.007227 0.010258 0.012931 0.014504 0.014504 0.012931 0.010266 0.007357 0.005683 0.008931 0.026104 0.073314 0.168714 0.318900 0.506045 0.689366 0.822257 0.871041 0.823830 0.692038 0.509083 0.321612 0.170653 0.074300 0.026104 0.007946 0.003743 0.004645 
0.005936 0.008743 0.011594 0.013717 0.014504 0.013717 0.011598 0.008811 0.006520 0.007307 0.017517 0.049709 0.121014 0.243807 0.412472 0.597705 0.755811 0.846649 0.847436 0.757934 0.600561 0.415348 0.246132 0.122476 0.050202 0.017025 0.005844 0.004194 
0.005065 0.007339 0.010169 0.012656 0.014111 0.014111 0.012658 0.010205 0.007666 0.006913 0.012412 0.033613 0.085361 0.182410 0.328140 0.505089 0.676758 0.801230 0.847042 0.802685 0.679247 0.507954 0.330740 0.184304 0.086339 0.033613 0.011435 0.005019 
0.005042 0.006202 0.008754 0.011412 0.013383 0.014111 0.013384 0.011431 0.008935 0.007290 0.009663 0.023013 0.059487 0.133886 0.255275 0.416614 0.590924 0.738994 0.824136 0.824864 0.740966 0.593601 0.419347 0.257522 0.135322 0.059976 0.022524 0.008227 
0.006635 0.005622 0.007478 0.010083 0.012398 0.013747 0.013747 0.012408 0.010183 0.008112 0.008476 0.016338 0.041250 0.096687 0.194580 0.335945 0.503769 0.664959 0.781565 0.824500 0.782915 0.667284 0.506474 0.338435 0.196422 0.097649 0.041250 0.015375 
0.011005 0.006128 0.006550 0.008781 0.011240 0.013072 0.013747 0.013078 0.011296 0.009148 0.008294 0.012407 0.028794 0.068968 0.145634 0.265262 0.419857 0.584364 0.723262 0.803033 0.803707 0.725099 0.586879 0.422454 0.267428 0.147035 0.069450 0.028313 
0.019659 0.008567 0.006339 0.007665 0.010011 0.012156 0.013410 0.013412 0.012187 0.010222 0.008721 0.010351 0.020600 0.048881 0.107301 0.205448 0.342560 0.502110 0.653813 0.763147 0.803370 0.764403 0.655989 0.504667 0.344941 0.207232 0.108242 0.048881 
0.034270 0.014113 0.007453 0.007002 0.008838 0.011083 0.012783 0.013411 0.012800 0.011204 0.009471 0.009536 0.015476 0.034741 0.078091 0.156374 0.274004 0.422335 0.577962 0.708480 0.783259 0.783887 0.710196 0.580328 0.424804 0.276087 0.157737 0.078562 
0.056416 0.024191 0.010783 0.007228 0.007920 0.009961 0.011933 0.013097 0.013105 0.012002 0.010338 0.009504 0.012506 0.025108 0.056416 0.117233 0.215189 0.348169 0.500148 0.643221 0.745869 0.783573 0.747041 0.645262 0.502566 0.350445 0.216912 0.118150 
0.087283 0.040304 0.017487 0.009005 0.007574 0.008940 0.010947 0.012515 0.013101 0.012554 0.011170 0.009921 0.011005 0.018807 0.040762 0.086824 0.166211 0.281679 0.424159 0.571685 0.694545 0.764721 0.765307 0.696152 0.573914 0.426506 0.283679 0.167531 
0.127407 0.063793 0.028895 0.013246 0.008290 0.008257 0.009944 0.011731 0.012808 0.012827 0.011862 0.010545 0.010463 0.014906 0.029784 0.063793 0.126518 0.223945 0.352919 0.497922 0.633115 0.729633 0.765014 0.730729 0.635033 0.500210 0.355092 0.225605 
0.176506 0.095600 0.046344 0.021071 0.010768 0.008273 0.009100 0.010837 0.012270 0.012818 0.012345 0.011203 0.010504 0.012684 0.022345 0.046789 0.095155 0.175231 0.288432 0.425420 0.565518 0.681374 0.747324 0.747872 0.682881 0.567621 0.427651 0.290348 
