0.803144 1.024013 1.103561 1.062916 1.478148 1.931437 1.949806 1.988054 1.970334 1.857752 1.188004 0.555143 0.544119 0.668135 0.853478 0.982119 0.963004 0.784879 0.517357 0.262653 0.093341 0.018958 0.001228 0.001226 0.018946 0.093279 0.262379 0.516285 
0.659714 0.913578 1.063787 1.083238 1.270532 1.704793 1.940621 1.968930 1.979194 1.914043 1.522878 0.871574 0.549631 0.606127 0.760807 0.917798 0.972562 0.873942 0.651118 0.390005 0.177997 0.056150 0.010093 0.001227 0.010086 0.056113 0.177829 0.389332 
0.524523 0.786646 0.988683 1.073513 1.176885 1.487662 1.822707 1.954776 1.974062 1.946618 1.718461 1.197226 0.710602 0.577879 0.683467 0.839303 0.945180 0.923252 0.762530 0.520561 0.284001 0.117073 0.033121 0.005660 0.005657 0.033099 0.116971 0.283580 
0.404052 0.655585 0.887665 1.031098 1.125199 1.332274 1.655185 1.888741 1.964419 1.960340 1.832540 1.457843 0.953914 0.644241 0.630673 0.761385 0.892241 0.934216 0.842891 0.641546 0.402281 0.200537 0.075097 0.019391 0.005658 0.019378 0.075035 0.200276 
0.302164 0.529818 0.771625 0.959381 1.078148 1.228736 1.493729 1.771963 1.926580 1.962379 1.896440 1.645191 1.205879 0.799077 0.637457 0.696029 0.826813 0.913229 0.888553 0.742218 0.521913 0.301409 0.137817 0.047244 0.012525 0.012518 0.047207 0.137655 
0.219909 0.415991 0.650721 0.865503 1.018765 1.153442 1.361233 1.632846 1.849272 1.944480 1.929410 1.770816 1.425535 1.002478 0.718267 0.666743 0.761421 0.870021 0.900891 0.815386 0.632066 0.411661 0.219613 0.092531 0.029884 0.012521 0.029862 0.092431 
0.156170 0.317950 0.533356 0.758112 0.942134 1.086104 1.257338 1.497039 1.741059 1.896876 1.936945 1.850113 1.598175 1.214007 0.860373 0.692505 0.714082 0.815721 0.885456 0.858138 0.723726 0.521864 0.315637 0.156072 0.061207 0.021203 0.021192 0.061147 
0.108658 0.237060 0.425653 0.645734 0.850123 1.014119 1.171721 1.377188 1.619049 1.818967 1.916910 1.893529 1.724144 1.406091 1.037190 0.776439 0.703294 0.764901 0.850588 0.871797 0.790932 0.622795 0.418750 0.235855 0.108640 0.041205 0.021197 0.041169 
0.074914 0.172859 0.331357 0.535694 0.747929 0.932121 1.092920 1.274455 1.498119 1.719008 1.867939 1.905219 1.808836 1.565117 1.221640 0.906814 0.739866 0.734097 0.807745 0.861193 0.831365 0.706863 0.520773 0.327302 0.172247 0.074922 0.031201 0.031183 
0.053049 0.123887 0.252108 0.433525 0.641811 0.840025 1.012520 1.183687 1.386287 1.608563 1.793473 1.886579 1.857028 1.686977 1.393379 1.064227 0.823340 0.736982 0.770921 0.834469 0.846279 0.769114 0.613818 0.424037 0.249775 0.123585 0.053062 0.031192 
0.042120 0.088468 0.187997 0.342817 0.537668 0.740918 0.926272 1.098104 1.284987 1.497425 1.701018 1.840026 1.871803 1.772002 1.540178 1.228803 0.943784 0.780161 0.753952 0.802695 0.840374 0.807696 0.691466 0.518928 0.336906 0.186680 0.088323 0.042127 
0.042124 0.065294 0.138232 0.265407 0.440242 0.639293 0.833595 1.012188 1.191545 1.391206 1.599222 1.770522 1.855915 1.821903 1.656090 1.384490 1.086293 0.861972 0.767056 0.778323 0.821534 0.824035 0.749581 0.605197 0.427917 0.261793 0.137502 0.065225 
0.053674 0.053709 0.101763 0.201820 0.352825 0.539768 0.736444 0.922892 1.101867 1.291376 1.495214 1.684872 1.813219 1.838909 1.738996 1.520290 1.235392 0.974133 0.814514 0.772690 0.799929 0.822785 0.786808 0.677389 0.516557 0.344855 0.199647 0.101363 
0.077519 0.053692 0.077736 0.151791 0.277322 0.446296 0.638106 0.829668 1.012379 1.196621 1.393295 1.590043 1.749045 1.826064 1.788953 1.629643 1.377841 1.104762 0.894324 0.793602 0.786309 0.811357 0.804796 0.732099 0.596973 0.430706 0.272251 0.150505 
0.114012 0.065605 0.065714 0.114764 0.214557 0.361809 0.542201 0.733887 0.921023 1.104500 1.294958 1.491669 1.669544 1.787555 1.807508 1.709298 1.503742 1.241302 0.999543 0.843963 0.789956 0.798833 0.808077 0.768447 0.664536 0.513839 0.351478 0.211378 
0.162695 0.089809 0.065660 0.090239 0.164660 0.288183 0.452005 0.638044 0.827455 1.012762 1.199729 1.393313 1.580606 1.728549 1.797531 1.758403 1.606520 1.372522 1.120422 0.921753 0.816959 0.794394 0.803455 0.788262 0.716492 0.589188 0.432659 0.281428 
0.222062 0.126252 0.077734 0.077949 0.127450 0.226422 0.370094 0.545025 0.732750 0.920109 1.106245 1.296521 1.486960 1.654578 1.763040 1.777967 1.682462 1.489521 1.246472 1.021088 0.869356 0.805677 0.798925 0.795858 0.752377 0.652840 0.510923 0.357044 
0.289553 0.174157 0.101993 0.077842 0.102699 0.176936 0.298258 0.457559 0.638887 0.826429 1.013177 1.201383 1.391741 1.570769 1.708809 1.770504 1.730214 1.585991 1.367997 1.133780 0.945222 0.837516 0.802301 0.797391 0.774118 0.702608 0.581881 0.433983 
0.361768 0.231855 0.138075 0.089917 0.090270 0.139817 0.237597 0.377909 0.548223 0.732658 0.919803 1.107280 1.296562 1.481255 1.639789 1.739656 1.750359 1.658103 1.476994 1.250888 1.039501 0.891369 0.819909 0.799846 0.785755 0.738363 0.642245 0.507932 
0.434850 0.296811 0.184965 0.113996 0.090094 0.115044 0.188707 0.307753 0.463066 0.640441 0.826231 1.013542 1.201921 1.388908 1.560522 1.689723 1.745008 1.704231 1.567548 1.363941 1.145195 0.965435 0.855639 0.809877 0.792800 0.762059 0.690304 0.575089 
0.504969 0.365831 0.240888 0.149480 0.102045 0.102569 0.151876 0.248230 0.385409 0.551753 0.733336 0.919886 1.107731 1.295415 1.474715 1.625122 1.717365 1.724619 1.635890 1.465745 1.254568 1.055315 0.910537 0.832758 0.801339 0.777430 0.726181 0.632696 
0.568833 0.435400 0.303359 0.195184 0.125763 0.102307 0.127222 0.200053 0.316820 0.468581 0.642544 0.826611 1.013809 1.201573 1.385065 1.549919 1.671244 1.720992 1.680255 1.550817 1.360156 1.154941 0.982926 0.871648 0.817048 0.789384 0.751805 0.679439 
0.624136 0.502116 0.369380 0.249272 0.160474 0.114035 0.114765 0.163637 0.258436 0.392700 0.555563 0.734578 0.920210 1.107691 1.293319 1.467492 1.610581 1.696118 1.700623 1.615536 1.455487 1.257549 1.068934 0.927287 0.844348 0.803216 0.770595 0.715622 
0.669879 0.563126 0.435748 0.309326 0.204873 0.137254 0.114400 0.139201 0.211037 0.325568 0.474132 0.645070 0.827394 1.013950 1.200505 1.380405 1.539037 1.653350 1.698371 1.658080 1.535511 1.356518 1.163241 0.998110 0.885817 0.823782 0.786906 0.743108 
0.706494 0.616503 0.499437 0.372537 0.257099 0.171063 0.125827 0.126800 0.175119 0.268303 0.399850 0.559601 0.736232 0.920672 1.107228 1.290455 1.459721 1.596193 1.675860 1.678225 1.596795 1.446015 1.259879 1.080676 0.941964 0.854800 0.805344 0.765007 
0.735750 0.661498 0.557970 0.435987 0.314818 0.214081 0.148445 0.126314 0.150960 0.221711 0.334076 0.479725 0.647916 0.828452 1.013950 1.198841 1.375088 1.527957 1.636027 1.677043 1.637510 1.521405 1.352947 1.170278 1.011320 0.898382 0.830072 0.785175 
0.760463 0.698624 0.609734 0.496978 0.375403 0.264450 0.181263 0.137379 0.138637 0.186335 0.277893 0.406901 0.563821 0.738184 0.921201 1.106396 1.286965 1.451523 1.581992 1.656535 1.657277 1.579458 1.437176 1.261612 1.090799 0.954851 0.864227 0.807624 
0.784043 0.729544 0.654179 0.553356 0.436191 0.319926 0.222857 0.159321 0.138008 0.162486 0.232114 0.342397 0.485361 0.651003 0.829693 1.013798 1.196680 1.369244 1.516757 1.619263 1.656906 1.618367 1.508317 1.349394 1.176205 1.022825 0.909539 0.835925 
