0.021984 0.072318 0.152085 0.282892 0.465103 0.675432 0.866171 1.480857 1.980857 1.866171 1.675432 1.465103 1.282892 0.652085 0.072318 0.030424 0.011528 0.004855 0.004312 0.006648 0.009706 0.011762 0.011752 0.009644 0.006374 0.003239 0.001152 0.000234 
0.011109 0.047151 0.112201 0.217488 0.373997 0.570268 0.770801 1.173514 1.730857 1.923514 1.770801 1.570268 1.373997 0.967488 0.362201 0.051371 0.020976 0.008192 0.004583 0.005480 0.008177 0.010734 0.011757 0.010698 0.008009 0.004807 0.002195 0.000693 
0.005901 0.029130 0.079676 0.164845 0.295743 0.472132 0.670535 0.972158 1.452186 1.827186 1.847158 1.670535 1.472132 1.170743 0.664845 0.206786 0.036173 0.014584 0.006388 0.005032 0.006828 0.009455 0.011245 0.011227 0.009354 0.006408 0.003501 0.001444 
0.003672 0.017515 0.054403 0.122260 0.230294 0.383938 0.571333 0.821346 1.212172 1.639686 1.837172 1.758846 1.571333 1.321438 0.917794 0.435815 0.121480 0.025379 0.010486 0.005710 0.005930 0.008142 0.010350 0.011236 0.010291 0.007881 0.004954 0.002473 
0.003072 0.010594 0.035959 0.088332 0.176277 0.307116 0.477636 0.696340 1.016759 1.425929 1.738429 1.798009 1.665090 1.446386 1.119616 0.676805 0.278648 0.073429 0.017932 0.008098 0.005820 0.007036 0.009246 0.010793 0.010763 0.009086 0.006418 0.003713 
0.003393 0.006833 0.023276 0.062145 0.132304 0.241696 0.392376 0.586988 0.856549 1.221344 1.582179 1.768219 1.731549 1.555738 1.283001 0.898210 0.477726 0.176038 0.045681 0.013015 0.006959 0.006428 0.008141 0.010020 0.010778 0.009925 0.007752 0.005066 
0.004229 0.005113 0.015055 0.042711 0.097225 0.187000 0.317036 0.489682 0.721769 1.038947 1.401761 1.675199 1.749884 1.643644 1.419369 1.090605 0.687968 0.326882 0.110859 0.029348 0.009987 0.006693 0.007284 0.009080 0.010399 0.010351 0.008838 0.006409 
0.005319 0.004671 0.010084 0.028883 0.069968 0.142113 0.252018 0.403359 0.605725 0.880358 1.220354 1.538480 1.712541 1.696764 1.531506 1.254987 0.889287 0.507425 0.218871 0.070104 0.019667 0.008340 0.006989 0.008182 0.009740 0.010375 0.009595 0.007623 
0.006471 0.004995 0.007378 0.019483 0.049425 0.106040 0.197065 0.327689 0.504542 0.743041 1.050356 1.379417 1.625511 1.704653 1.614135 1.393247 1.072137 0.698356 0.363148 0.144487 0.044885 0.014004 0.007664 0.007586 0.008961 0.010057 0.009985 0.008609 
0.007540 0.005733 0.006186 0.013430 0.034454 0.077733 0.151553 0.262377 0.416115 0.623792 0.896699 1.214886 1.502464 1.665082 1.659394 1.503691 1.232692 0.885247 0.530752 0.253818 0.094686 0.029445 0.010834 0.007625 0.008273 0.009509 0.010021 0.009297 
0.008419 0.006637 0.005960 0.009808 0.023942 0.056094 0.114643 0.206965 0.339246 0.519953 0.760245 1.055792 1.358675 1.583773 1.662238 1.581542 1.368191 1.058969 0.707999 0.392285 0.174252 0.062065 0.020139 0.009230 0.007949 0.008891 0.009765 0.009659 
0.009039 0.007528 0.006298 0.007884 0.016875 0.040018 0.085368 0.160804 0.273106 0.429600 0.640099 0.908019 1.207234 1.471224 1.623005 1.621890 1.474867 1.213580 0.883484 0.550142 0.283268 0.118159 0.041102 0.014684 0.008589 0.008420 0.009328 0.009712 
0.009376 0.008283 0.006913 0.007091 0.012380 0.028447 0.062693 0.123086 0.216955 0.351353 0.534850 0.774059 1.057626 1.339229 1.547115 1.622448 1.548378 1.344224 1.048532 0.716813 0.416705 0.200714 0.079631 0.027893 0.011637 0.008505 0.008874 0.009520 
0.009448 0.008829 0.007598 0.007002 0.009735 0.020413 0.045570 0.092890 0.170020 0.284154 0.443101 0.654454 0.915843 1.198428 1.443172 1.584781 1.585413 1.446301 1.196378 0.882673 0.566759 0.308709 0.140172 0.053762 0.019765 0.010071 0.008690 0.009197 
0.009323 0.009139 0.008214 0.007300 0.008369 0.015074 0.032992 0.069230 0.131455 0.227087 0.363627 0.548778 0.785148 1.057135 1.320800 1.513976 1.585097 1.515857 1.321340 1.039525 0.724716 0.437734 0.224441 0.096967 0.036764 0.014918 0.009380 0.008943 
0.009133 0.009231 0.008676 0.007757 0.007834 0.011722 0.024033 0.051111 0.100342 0.179271 0.295357 0.456203 0.666963 0.921142 1.188967 1.417388 1.549537 1.550477 1.418598 1.180432 0.882121 0.581225 0.331088 0.160704 0.066865 0.025841 0.012149 0.009162 
0.009147 0.009182 0.008953 0.008217 0.007796 0.009778 0.017877 0.037572 0.075727 0.139807 0.237314 0.375780 0.561583 0.794052 1.055055 1.303178 1.483462 1.550007 1.484538 1.299515 1.031277 0.731673 0.456156 0.245896 0.113785 0.046353 0.018995 0.010655 
0.009901 0.009165 0.009068 0.008585 0.008006 0.008787 0.013828 0.027725 0.056649 0.107767 0.188560 0.306547 0.468681 0.677818 0.924553 1.179116 1.393320 1.516735 1.517272 1.392027 1.165396 0.881475 0.593915 0.351026 0.179840 0.080069 0.032674 0.014825 
0.012363 0.009533 0.009116 0.008826 0.008296 0.008396 0.011307 0.020776 0.042187 0.082208 0.148164 0.247554 0.387614 0.573249 0.801186 1.051835 1.286218 1.455027 1.517003 1.454649 1.278711 1.023435 0.737695 0.472470 0.265433 0.129954 0.056371 0.023750 
0.018056 0.010948 0.009325 0.008971 0.008561 0.008346 0.009852 0.016042 0.031481 0.062197 0.115186 0.197859 0.317584 0.480432 0.687218 0.926510 1.169026 1.370623 1.486015 1.485826 1.366680 1.151073 0.880565 0.605082 0.368952 0.197694 0.093163 0.040060 
0.029058 0.014502 0.010136 0.009148 0.008766 0.008453 0.009099 0.012947 0.023762 0.046839 0.088692 0.156522 0.257721 0.399008 0.583825 0.806864 1.047768 1.269825 1.428319 1.485921 1.426253 1.258877 1.015819 0.742824 0.487017 0.283323 0.145428 0.066612 
0.047835 0.021780 0.012319 0.009642 0.008957 0.008610 0.008776 0.011023 0.018354 0.035300 0.067765 0.122607 0.207122 0.328365 0.491416 0.695344 0.927316 1.158796 1.349072 1.457120 1.456087 1.342565 1.137348 0.879321 0.614920 0.385170 0.214376 0.106020 
0.076928 0.034808 0.017050 0.010981 0.009300 0.008783 0.008693 0.009899 0.014688 0.026827 0.051533 0.095186 0.164864 0.267743 0.409890 0.593380 0.811330 1.043056 1.253934 1.403096 1.456604 1.399326 1.239957 1.008335 0.747121 0.500045 0.299773 0.160198 
0.118563 0.055868 0.025929 0.014015 0.010140 0.009041 0.008738 0.009296 0.012294 0.020758 0.039180 0.073360 0.130025 0.216304 0.338817 0.501635 0.702355 0.927193 1.148495 1.328515 1.429850 1.427965 1.319641 1.124146 0.877728 0.623583 0.399909 0.229985 
0.174274 0.087215 0.040898 0.019972 0.012078 0.009591 0.008890 0.009017 0.010795 0.016526 0.029969 0.056270 0.101692 0.173164 0.277560 0.420226 0.601995 0.814774 1.037844 1.238505 1.379182 1.428907 1.373803 1.221893 1.000937 0.750655 0.511746 0.314947 
0.244611 0.130745 0.064057 0.030435 0.016025 0.010834 0.009240 0.008953 0.009906 0.013661 0.023247 0.043119 0.078981 0.137428 0.225362 0.348893 0.511111 0.708385 0.926309 1.138175 1.308844 1.404045 1.401355 1.297848 1.111415 0.875796 0.631201 0.413347 
0.328979 0.187678 0.097401 0.047246 0.023230 0.013430 0.010037 0.009097 0.009430 0.011783 0.018454 0.033183 0.061050 0.108205 0.181395 0.287128 0.430002 0.609748 0.817347 1.032242 1.223509 1.356444 1.402700 1.349602 1.204632 0.993606 0.753498 0.522274 
0.425626 0.258328 0.142539 0.072323 0.035238 0.018330 0.011733 0.009567 0.009263 0.010607 0.015119 0.025819 0.047117 0.084628 0.144800 0.234262 0.358565 0.519875 0.713547 0.924794 1.127876 1.289977 1.379572 1.376151 1.277117 1.099119 0.873552 0.637886 
