0.000308 0.000031 0.000081 0.000570 0.002530 0.007804 0.019361 0.542614 1.087173 1.166721 1.293946 1.469931 1.673158 1.357984 0.969404 0.969127 0.856546 0.669354 0.463321 0.285840 0.159918 0.084509 0.045279 0.026165 0.015910 0.009139 0.004374 0.001519 
0.000914 0.000170 0.000056 0.000325 0.001550 0.005167 0.013582 0.280988 0.814894 1.126947 1.230334 1.381938 1.571544 1.515571 1.163694 0.969265 0.912836 0.762950 0.566338 0.374581 0.222879 0.122213 0.064894 0.035722 0.021037 0.012524 0.006756 0.002946 
0.001930 0.000542 0.000113 0.000191 0.000938 0.003358 0.009374 0.147285 0.547941 0.970921 1.178641 1.306136 1.476741 1.543558 1.339632 1.066480 0.941051 0.837893 0.664644 0.470459 0.298730 0.172546 0.093554 0.050308 0.028379 0.016781 0.009640 0.004851 
0.003391 0.001236 0.000327 0.000152 0.000564 0.002148 0.006366 0.078330 0.347613 0.759431 1.074781 1.242388 1.391439 1.510149 1.441595 1.203056 1.003765 0.889472 0.751269 0.567552 0.384594 0.235638 0.133050 0.071931 0.039344 0.022580 0.013211 0.007246 
0.005318 0.002313 0.000782 0.000240 0.000358 0.001356 0.004257 0.042348 0.212971 0.553522 0.917106 1.158584 1.316913 1.450794 1.475872 1.322326 1.103411 0.946619 0.820370 0.659410 0.476073 0.310116 0.184344 0.102490 0.055637 0.030962 0.017895 0.010228 
0.007773 0.003816 0.001548 0.000511 0.000299 0.000857 0.002807 0.023303 0.127660 0.383247 0.735314 1.037845 1.237749 1.383854 1.463333 1.399099 1.212868 1.025015 0.883494 0.739890 0.567741 0.393095 0.247230 0.143417 0.079064 0.043300 0.024429 0.014062 
0.010918 0.005795 0.002682 0.001029 0.000405 0.000578 0.001832 0.013055 0.075481 0.255453 0.559280 0.886579 1.137797 1.310801 1.423593 1.431216 1.305984 1.118941 0.954255 0.811692 0.653816 0.480418 0.320162 0.195324 0.111240 0.061182 0.033864 0.019245 
0.015081 0.008356 0.004238 0.001855 0.000717 0.000491 0.001205 0.007443 0.044268 0.165467 0.407367 0.722930 1.012188 1.224299 1.367197 1.427405 1.368600 1.212462 1.036598 0.882973 0.732754 0.567117 0.400290 0.257743 0.153282 0.086211 0.047523 0.026555 
0.020818 0.011719 0.006297 0.003047 0.001286 0.000604 0.000848 0.004324 0.025856 0.104868 0.286417 0.565148 0.867559 1.118244 1.295748 1.397301 1.398002 1.290531 1.124530 0.959786 0.807864 0.649935 0.483704 0.329017 0.205512 0.119746 0.066867 0.037039 
0.028928 0.016268 0.009008 0.004672 0.002166 0.000945 0.000726 0.002586 0.015090 0.065362 0.195642 0.425783 0.716354 0.992901 1.206996 1.346525 1.397652 1.344267 1.207531 1.042158 0.883825 0.728900 0.566820 0.406360 0.267264 0.162629 0.093307 0.051953 
0.040441 0.022598 0.012638 0.006840 0.003419 0.001556 0.000836 0.001656 0.008838 0.040226 0.130502 0.310712 0.571068 0.854627 1.099949 1.276760 1.372088 1.370959 1.275899 1.124844 0.962991 0.806362 0.647860 0.486590 0.336812 0.214947 0.127968 0.072630 
0.056535 0.031519 0.017618 0.009739 0.005130 0.002488 0.001196 0.001246 0.005247 0.024532 0.085364 0.220607 0.440890 0.712848 0.977288 1.188354 1.324424 1.371524 1.323429 1.200371 1.043918 0.884677 0.727111 0.567225 0.411701 0.275880 0.171458 0.100299 
0.078417 0.044027 0.024569 0.013679 0.007434 0.003809 0.001842 0.001221 0.003246 0.014889 0.054948 0.152985 0.330749 0.576869 0.845068 1.082821 1.256389 1.347974 1.347476 1.261900 1.122145 0.964297 0.805894 0.647168 0.489463 0.343790 0.223669 0.135878 
0.107148 0.061222 0.034298 0.019124 0.010556 0.005621 0.002825 0.001531 0.002234 0.009068 0.034919 0.103967 0.241867 0.453809 0.710968 0.963945 1.169605 1.302182 1.347725 1.304688 1.192022 1.043221 0.885096 0.726531 0.568315 0.416627 0.283729 0.179773 
0.143461 0.084185 0.047760 0.026711 0.014840 0.008089 0.004223 0.002178 0.001882 0.005651 0.021993 0.069443 0.172917 0.347838 0.582389 0.837457 1.066775 1.235894 1.324953 1.326207 1.248355 1.117622 0.964158 0.805813 0.647423 0.492471 0.350178 0.231751 
0.187606 0.113823 0.065973 0.037236 0.020776 0.011465 0.006156 0.003201 0.002030 0.003767 0.013822 0.045718 0.121180 0.260377 0.465113 0.709923 0.952116 1.151334 1.280423 1.325580 1.287281 1.182989 1.040890 0.884986 0.726618 0.569947 0.421324 0.290965 
0.239285 0.150714 0.089898 0.051604 0.029006 0.016120 0.008810 0.004678 0.002616 0.002898 0.008794 0.029770 0.083449 0.190779 0.362745 0.587518 0.831019 1.051725 1.215879 1.303002 1.306431 1.235135 1.111939 0.962938 0.805802 0.648283 0.495636 0.356145 
0.297715 0.195000 0.120306 0.070751 0.040305 0.022563 0.012465 0.006744 0.003647 0.002757 0.005846 0.019282 0.056609 0.137114 0.276762 0.475132 0.709269 0.941372 1.133802 1.259440 1.304716 1.270783 1.173537 1.037439 0.884370 0.727042 0.571959 0.425890 
0.361803 0.246357 0.157653 0.095528 0.055528 0.031434 0.017514 0.009605 0.005196 0.003202 0.004302 0.012564 0.037946 0.096862 0.206938 0.375947 0.592200 0.825320 1.037587 1.196621 1.282078 1.287749 1.222160 1.105488 0.960904 0.805706 0.649501 0.498925 
0.430364 0.304080 0.202005 0.126591 0.075528 0.043481 0.024474 0.013559 0.007400 0.004199 0.003752 0.008433 0.025255 0.067404 0.151900 0.291442 0.484073 0.708760 0.931454 1.117104 1.239350 1.284914 1.254955 1.163824 1.033196 0.883305 0.727603 0.574213 
0.502288 0.367222 0.253043 0.164298 0.101059 0.059504 0.033977 0.019017 0.010480 0.005800 0.003975 0.006092 0.016844 0.046329 0.109652 0.221671 0.387758 0.596417 0.820107 1.024279 1.178227 1.262132 1.269934 1.209389 1.098510 0.958251 0.805454 0.650908 
0.576598 0.434755 0.310132 0.208670 0.132679 0.080282 0.046741 0.026497 0.014748 0.008140 0.004887 0.005034 0.011468 0.031587 0.077991 0.165661 0.304714 0.492087 0.708262 0.922193 1.101253 1.220179 1.266033 1.239662 1.153950 1.028380 0.881852 0.728181 
0.652390 0.505677 0.372444 0.259401 0.170674 0.106480 0.063511 0.036619 0.020623 0.011444 0.006514 0.004961 0.008251 0.021527 0.054789 0.121826 0.235188 0.398401 0.600175 0.815227 1.011723 1.160716 1.243106 1.252847 1.196806 1.091165 0.955116 0.805017 
0.728703 0.579033 0.439060 0.315922 0.215038 0.138577 0.084996 0.050065 0.028621 0.016033 0.008979 0.005737 0.006606 0.014889 0.038158 0.088307 0.178507 0.316794 0.499288 0.707701 0.913475 1.086219 1.201911 1.247977 1.224826 1.143985 1.023141 0.880067 
0.804385 0.653868 0.509047 0.377491 0.265480 0.176808 0.111787 0.067531 0.039343 0.022327 0.012506 0.007358 0.006171 0.010748 0.026524 0.063233 0.133407 0.247651 0.408041 0.603494 0.810588 0.999847 1.144065 1.224944 1.236402 1.184406 1.083563 0.951604 
0.877994 0.729126 0.581457 0.443269 0.321486 0.221144 0.144297 0.089659 0.053437 0.030835 0.017417 0.009932 0.006765 0.008460 0.018636 0.044878 0.098320 0.190529 0.327846 0.505768 0.707041 0.905218 1.071956 1.184505 1.230673 1.210404 1.133984 1.017583 
0.947789 0.803560 0.655292 0.512363 0.382377 0.271315 0.182720 0.116978 0.071548 0.042136 0.024126 0.013674 0.008348 0.007612 0.013548 0.031757 0.071599 0.144424 0.259187 0.416807 0.606404 0.806129 0.988587 1.128230 1.207589 1.220538 1.172194 1.075784 
1.011786 0.875675 0.729426 0.583828 0.447370 0.326846 0.227018 0.149849 0.094263 0.056842 0.033131 0.018900 0.011011 0.007980 0.010580 0.022652 0.051678 0.108012 0.201806 0.337997 0.511606 0.706267 0.897358 1.058409 1.167910 1.214063 1.196366 1.123989 
