0.003150 0.011313 0.030428 0.072599 0.153308 0.285840 0.469931 0.681264 1.371397 1.983978 1.981314 1.864593 1.673158 1.463321 0.782036 0.151870 0.072322 0.030704 0.012752 0.007804 0.009139 0.012480 0.014932 0.014883 0.012208 0.008067 0.004100 0.001457 
0.002304 0.007232 0.020870 0.051513 0.112954 0.219574 0.377885 0.575597 1.026331 1.677688 1.982646 1.922954 1.768876 1.568240 1.122679 0.466953 0.112096 0.051513 0.021728 0.010278 0.008471 0.010810 0.013706 0.014908 0.013545 0.010138 0.006083 0.002779 
0.002541 0.004768 0.014051 0.036192 0.082233 0.166264 0.298730 0.476741 0.800964 1.352009 1.830167 1.952800 1.845915 1.668558 1.345459 0.794816 0.289525 0.081805 0.036621 0.016003 0.009374 0.009640 0.012258 0.014307 0.014226 0.011842 0.008111 0.004431 
0.003486 0.003655 0.009409 0.025121 0.059213 0.124249 0.232497 0.387736 0.638853 1.076487 1.591088 1.891483 1.899357 1.757236 1.507008 1.070138 0.542170 0.185665 0.059213 0.026312 0.012689 0.009507 0.010949 0.013282 0.014267 0.013034 0.009976 0.006271 
0.004878 0.003570 0.006532 0.017265 0.042167 0.091731 0.178373 0.310116 0.513294 0.857670 1.333787 1.741286 1.895420 1.828297 1.632122 1.288573 0.806154 0.363917 0.122439 0.042762 0.019500 0.011098 0.010228 0.012116 0.013774 0.013650 0.011505 0.008123 
0.006501 0.004224 0.005051 0.011899 0.029716 0.066949 0.135052 0.244244 0.411705 0.685482 1.095728 1.537536 1.818353 1.861858 1.730209 1.460348 1.047363 0.585036 0.243178 0.082600 0.031131 0.015299 0.010663 0.011172 0.012945 0.013712 0.012578 0.009814 
0.008158 0.005363 0.004638 0.008475 0.020807 0.048333 0.101000 0.189648 0.327975 0.548593 0.890605 1.316632 1.677945 1.840106 1.796034 1.595279 1.253856 0.816200 0.414107 0.162889 0.056866 0.023215 0.012981 0.010918 0.012059 0.013329 0.013145 0.011196 
0.009677 0.006760 0.005000 0.006556 0.014641 0.034570 0.074666 0.145324 0.258811 0.438284 0.719599 1.103619 1.497289 1.759025 1.818070 1.695656 1.424567 1.035028 0.615153 0.288498 0.109878 0.040040 0.018098 0.011949 0.011488 0.012694 0.013237 0.012170 
0.010924 0.008218 0.005880 0.005778 0.010599 0.024606 0.054618 0.109995 0.202068 0.348548 0.578942 0.911609 1.300454 1.628157 1.788548 1.756863 1.560112 1.229797 0.825090 0.451826 0.199188 0.074959 0.029069 0.015024 0.011719 0.012091 0.012965 0.012704 
0.011814 0.009571 0.007049 0.005829 0.008189 0.017602 0.039612 0.082307 0.156032 0.275308 0.463745 0.745275 1.106031 1.464305 1.708352 1.772705 1.658487 1.394954 1.027444 0.638458 0.325507 0.137073 0.052014 0.022047 0.013371 0.011905 0.012528 0.012834 
0.012324 0.010692 0.008310 0.006439 0.007009 0.012895 0.028607 0.060959 0.119169 0.215670 0.369526 0.604510 0.925653 1.285168 1.586329 1.740529 1.715596 1.526721 1.211199 0.832951 0.481982 0.231290 0.094544 0.037030 0.017709 0.012638 0.012216 0.012681 
0.012503 0.011508 0.009501 0.007375 0.006724 0.009952 0.020751 0.044783 0.090064 0.167419 0.292598 0.487018 0.765082 1.105411 1.435749 1.663429 1.728063 1.621159 1.368960 1.022075 0.657467 0.356636 0.162917 0.065787 0.027370 0.015173 0.012427 0.012449 
0.012476 0.012005 0.010505 0.008438 0.007049 0.008338 0.015352 0.032767 0.067424 0.128742 0.230009 0.389808 0.626050 0.935246 1.270580 1.549589 1.695746 1.674611 1.495059 1.195518 0.839771 0.507051 0.259777 0.114352 0.046578 0.021272 0.013800 0.012438 
0.012457 0.012241 0.011255 0.009471 0.007744 0.007694 0.011845 0.024059 0.050095 0.098083 0.179375 0.309908 0.507929 0.780648 1.102913 1.410084 1.622667 1.685178 1.584835 1.345288 1.017644 0.673411 0.383414 0.187064 0.080465 0.033925 0.017536 0.013119 
0.012788 0.012349 0.011748 0.010363 0.008608 0.007719 0.009769 0.017952 0.037077 0.074089 0.138729 0.244642 0.408919 0.644289 0.941781 1.256499 1.516376 1.653923 1.635007 1.465062 1.181466 0.845528 0.528413 0.285239 0.133765 0.057195 0.025730 0.015328 
0.014058 0.012568 0.012048 0.011056 0.009485 0.008163 0.008744 0.013861 0.027515 0.055583 0.106409 0.191685 0.326780 0.526604 0.793035 1.099140 1.386437 1.585149 1.644465 1.550034 1.323264 1.013497 0.686970 0.406826 0.209502 0.095480 0.041463 0.020529 
0.017293 0.013313 0.012308 0.011552 0.010270 0.008824 0.008454 0.011302 0.020688 0.041549 0.080996 0.149047 0.259233 0.426692 0.659819 0.946087 1.242788 1.485793 1.614807 1.597249 1.436649 1.168380 0.850234 0.546898 0.308164 0.152491 0.068471 0.030996 
0.024145 0.015303 0.012811 0.011930 0.010911 0.009547 0.008639 0.009878 0.015995 0.031118 0.061273 0.115022 0.204140 0.342962 0.543256 0.802953 1.094438 1.364291 1.550300 1.606028 1.516949 1.302515 1.009307 0.698566 0.427531 0.230327 0.110481 0.049734 
0.036939 0.019724 0.014057 0.012370 0.011421 0.010229 0.009093 0.009258 0.012937 0.023557 0.046196 0.088147 0.159581 0.273551 0.443109 0.673104 0.948695 1.229364 1.457295 1.578164 1.561489 1.409732 1.155911 0.853936 0.563048 0.328929 0.170404 0.080107 
0.058523 0.028332 0.016890 0.013214 0.011896 0.010825 0.009661 0.009176 0.011097 0.018247 0.034876 0.067171 0.123864 0.216566 0.358330 0.558107 0.810900 1.089030 1.343330 1.517730 1.569826 1.485610 1.282821 1.004924 0.708492 0.445989 0.249667 0.125256 
0.091890 0.043427 0.022611 0.015052 0.012555 0.011360 0.010243 0.009418 0.010137 0.014672 0.026561 0.051024 0.095518 0.170215 0.287448 0.458218 0.684503 0.949965 1.216180 1.430530 1.543778 1.527718 1.384216 1.143873 0.856708 0.577241 0.347828 0.187461 
0.139675 0.067658 0.033019 0.018832 0.013803 0.011957 0.010802 0.009831 0.009778 0.012404 0.020617 0.038793 0.073271 0.132866 0.228832 0.372833 0.571361 0.817234 1.083072 1.323355 1.487154 1.535748 1.455967 1.264044 1.000290 0.716974 0.462534 0.267644 
0.203660 0.103667 0.050339 0.025925 0.016317 0.012880 0.011380 0.010316 0.009804 0.011091 0.016511 0.029705 0.056032 0.103069 0.180849 0.300832 0.472097 0.694297 0.950153 1.203214 1.405254 1.511451 1.495858 1.360006 1.132167 0.858632 0.589754 0.365089 
0.284375 0.153663 0.077003 0.038132 0.021121 0.014599 0.012130 0.010848 0.010060 0.010448 0.013801 0.023108 0.042868 0.079550 0.141959 0.240841 0.386465 0.583197 0.822225 1.076683 1.304234 1.458353 1.503654 1.427932 1.246086 0.995400 0.724193 0.477422 
0.380898 0.219019 0.115333 0.057567 0.029627 0.017860 0.013364 0.011489 0.010454 0.010254 0.012124 0.018454 0.032988 0.061209 0.110754 0.191400 0.313653 0.484831 0.702711 0.949454 1.190459 1.381293 1.481004 1.465793 1.337009 1.120743 0.859796 0.600807 
0.490853 0.299959 0.167176 0.086450 0.043597 0.023743 0.015612 0.012427 0.010971 0.010354 0.011189 0.015289 0.025721 0.047098 0.085982 0.151077 0.252526 0.399242 0.593771 0.826083 1.069956 1.285876 1.431148 1.473398 1.401401 1.228876 0.990270 0.730302 
0.610577 0.395406 0.233567 0.126813 0.065024 0.033670 0.019678 0.014019 0.011699 0.010663 0.010771 0.013239 0.020505 0.036410 0.066540 0.118529 0.201802 0.325884 0.496506 0.709927 0.948020 1.177916 1.358512 1.452273 1.437400 1.315139 1.109573 0.860286 
0.735432 0.502992 0.314487 0.180190 0.095918 0.049347 0.026674 0.016849 0.012859 0.011181 0.010717 0.012005 0.016872 0.028457 0.051475 0.092535 0.160166 0.263843 0.411195 0.603217 0.828973 1.062968 1.268214 1.405393 1.444836 1.376269 1.212356 0.984929 
