0.048836 0.032330 0.016673 0.006902 0.004888 0.011371 0.030485 0.073487 0.157681 0.798139 1.494131 1.717882 1.916008 2.028590 2.017931 1.388794 0.685457 0.467694 0.282924 0.151927 0.072380 0.031593 0.017124 0.020103 0.033340 0.049097 0.059544 0.059494 
0.054165 0.040583 0.024501 0.011787 0.005895 0.008129 0.020928 0.051986 0.115584 0.477910 1.146135 1.606007 1.816945 1.972299 2.023260 1.703363 1.037126 0.576575 0.375309 0.217426 0.112154 0.051986 0.024358 0.018613 0.026721 0.041219 0.054321 0.059519 
0.056842 0.047374 0.032542 0.018144 0.008841 0.007012 0.014529 0.036457 0.083785 0.296747 0.812023 1.376071 1.711476 1.894622 1.997780 1.863312 1.370244 0.806850 0.475942 0.296367 0.164790 0.082070 0.038172 0.021486 0.022667 0.033970 0.047770 0.056920 
0.056881 0.052108 0.039958 0.025343 0.013493 0.007927 0.010770 0.025493 0.060121 0.190266 0.554385 1.094047 1.543773 1.803049 1.946201 1.930546 1.616778 1.088547 0.641396 0.386155 0.230579 0.123430 0.060121 0.029829 0.022077 0.028319 0.040870 0.052345 
0.054613 0.054494 0.046033 0.032650 0.019418 0.010710 0.009349 0.018132 0.042807 0.125193 0.372325 0.824216 1.318910 1.673411 1.874625 1.938373 1.773662 1.352663 0.864972 0.513776 0.308367 0.177004 0.091775 0.044975 0.025953 0.025198 0.034594 0.046607 
0.050610 0.054554 0.050264 0.039342 0.026034 0.015064 0.010029 0.013740 0.030469 0.084000 0.248759 0.598271 1.071563 1.496161 1.774018 1.906499 1.856018 1.563162 1.108817 0.689374 0.411071 0.242685 0.134390 0.068375 0.035464 0.025575 0.029896 0.040601 
0.045605 0.052582 0.052409 0.044803 0.032688 0.020549 0.012547 0.011885 0.022105 0.057235 0.166380 0.423515 0.834917 1.283862 1.635089 1.840259 1.881258 1.709590 1.335990 0.899095 0.550222 0.326878 0.188538 0.101382 0.051920 0.030520 0.027736 0.035248 
0.040427 0.049094 0.052495 0.048606 0.038745 0.026618 0.016548 0.012216 0.016995 0.039670 0.111807 0.294947 0.629216 1.059389 1.459476 1.737674 1.860758 1.795424 1.522790 1.117543 0.724659 0.438550 0.257708 0.144960 0.076651 0.041220 0.029128 0.031492 
0.035959 0.044760 0.050794 0.050550 0.043675 0.032682 0.021583 0.014382 0.014605 0.028332 0.075738 0.203377 0.462082 0.844303 1.259432 1.598575 1.799216 1.828091 1.659107 1.320166 0.921101 0.581605 0.348129 0.201334 0.110806 0.058935 0.035174 0.030310 
0.033135 0.040360 0.047777 0.050672 0.047113 0.038179 0.027132 0.017982 0.014493 0.021469 0.052035 0.139558 0.332729 0.653192 1.051867 1.429004 1.698895 1.813654 1.743599 1.489637 1.120633 0.751353 0.464867 0.274732 0.156070 0.084870 0.047054 0.032742 
0.032938 0.036747 0.044069 0.049225 0.048893 0.042646 0.032656 0.022557 0.016238 0.017981 0.036752 0.095797 0.236144 0.492961 0.852530 1.240436 1.563950 1.756275 1.778626 1.616618 1.305135 0.935993 0.608110 0.369799 0.215401 0.120470 0.065962 0.039898 
0.036418 0.034843 0.040408 0.046647 0.049059 0.045769 0.037651 0.027607 0.019398 0.017109 0.027366 0.066274 0.165970 0.364552 0.672745 1.046483 1.402193 1.660112 1.767451 1.697622 1.460876 1.120564 0.772051 0.488955 0.292600 0.167935 0.093216 0.052930 
0.044674 0.035630 0.037625 0.043527 0.047853 0.047414 0.041710 0.032629 0.023502 0.018254 0.022238 0.046820 0.116122 0.265261 0.518649 0.859614 1.224338 1.531152 1.713781 1.732536 1.579249 1.290720 0.946308 0.630503 0.390777 0.230268 0.130576 0.073073 
0.058874 0.040152 0.036628 0.040576 0.045690 0.047633 0.044562 0.037169 0.028065 0.020878 0.020246 0.034529 0.081471 0.190692 0.391955 0.689131 1.041976 1.377745 1.622467 1.723159 1.655893 1.434985 1.118514 0.788405 0.510640 0.310522 0.180422 0.101825 
0.080349 0.049513 0.038390 0.038602 0.043133 0.046662 0.046098 0.040866 0.032617 0.024472 0.020562 0.027387 0.058000 0.136081 0.291323 0.540543 0.865554 1.209860 1.500106 1.672813 1.689526 1.545439 1.276749 0.953460 0.649523 0.410581 0.245472 0.141123 
0.110736 0.064931 0.043951 0.038496 0.040868 0.044897 0.046380 0.043482 0.036741 0.028544 0.022517 0.023975 0.042694 0.097041 0.213702 0.415933 0.703048 1.037707 1.354983 1.586459 1.681169 1.617482 1.411094 1.115105 0.801491 0.530052 0.328027 0.193298 
0.152017 0.087834 0.054441 0.041224 0.039682 0.042883 0.045639 0.044931 0.040112 0.032643 0.025531 0.023246 0.033334 0.069867 0.155372 0.314818 0.559491 0.870378 1.196345 1.470721 1.633814 1.649326 1.514288 1.263099 0.958298 0.665772 0.429039 0.260662 
0.206339 0.119925 0.071137 0.047833 0.040453 0.041282 0.044261 0.045285 0.042521 0.036377 0.029087 0.024388 0.028290 0.051601 0.112620 0.235095 0.437154 0.714934 1.033361 1.333533 1.552268 1.641570 1.581807 1.388694 1.110699 0.812035 0.547405 0.344851 
0.275595 0.163132 0.095531 0.059485 0.044143 0.040867 0.042771 0.044773 0.043903 0.039449 0.032732 0.026737 0.026339 0.039945 0.082110 0.173857 0.336125 0.576044 0.874148 1.183447 1.442900 1.596919 1.611689 1.485250 1.249696 0.961367 0.679720 0.446128 
0.360862 0.219364 0.129332 0.077508 0.051814 0.042505 0.041819 0.043772 0.044338 0.041676 0.036091 0.029735 0.026538 0.033142 0.061028 0.127984 0.254991 0.456084 0.725096 1.028798 1.313174 1.519910 1.604304 1.548469 1.367473 1.105531 0.820543 0.562924 
0.461893 0.290113 0.174348 0.103420 0.064661 0.047159 0.042162 0.042796 0.044055 0.043007 0.038883 0.032913 0.028136 0.029840 0.047085 0.094506 0.191487 0.355538 0.590590 0.876947 1.170986 1.416542 1.562107 1.576387 1.457971 1.236502 0.963037 0.691734 
0.576813 0.376003 0.232230 0.138884 0.084040 0.055910 0.044661 0.042479 0.043425 0.043531 0.040945 0.035898 0.030525 0.028988 0.038463 0.070795 0.142996 0.273512 0.473064 0.733768 1.023966 1.293764 1.489324 1.569247 1.517179 1.347237 1.099770 0.827386 
0.702099 0.476408 0.304116 0.185557 0.111462 0.069975 0.050286 0.043570 0.042952 0.043478 0.042238 0.038422 0.033211 0.029756 0.033725 0.054629 0.106896 0.208254 0.373288 0.603416 0.878867 1.158865 1.391544 1.529285 1.543213 1.432208 1.223503 0.963578 
0.832839 0.589254 0.390262 0.244837 0.148510 0.090719 0.060130 0.046928 0.043261 0.043215 0.042858 0.040330 0.035816 0.031484 0.031741 0.044177 0.080762 0.157575 0.290771 0.488352 0.741142 1.018866 1.275204 1.460415 1.536249 1.487710 1.327856 1.093541 
0.963190 0.711046 0.489758 0.317550 0.196673 0.119614 0.075425 0.053529 0.045094 0.043238 0.043037 0.041594 0.038073 0.033650 0.031612 0.037959 0.062470 0.119169 0.224173 0.389562 0.614747 0.880004 1.147035 1.367810 1.498332 1.511980 1.407783 1.210698 
1.086944 0.837118 0.600402 0.403654 0.257111 0.158144 0.097519 0.064477 0.049312 0.044166 0.043137 0.042315 0.039833 0.035862 0.032631 0.034786 0.050214 0.090819 0.171671 0.306867 0.502154 0.747375 1.013520 1.257422 1.433071 1.505156 1.459881 1.309241 
1.198092 0.962031 0.718760 0.502028 0.330383 0.207628 0.127832 0.080998 0.056894 0.046739 0.043652 0.042726 0.041074 0.037848 0.034246 0.033709 0.042500 0.070517 0.131245 0.239269 0.404511 0.624765 0.880448 1.135471 1.345247 1.469113 1.482519 1.384561 
1.291327 1.080062 0.840395 0.610394 0.416205 0.269005 0.167730 0.104415 0.068946 0.051817 0.045195 0.043189 0.041900 0.039461 0.036047 0.033977 0.038104 0.056509 0.100881 0.185257 0.321890 0.514638 0.752606 1.007959 1.240359 1.407180 1.475816 1.433540 
