0.002126 0.001459 0.003729 0.011319 0.530795 1.074207 1.157206 1.292277 1.477806 1.688481 1.375949 0.985050 0.979644 0.861881 0.670962 0.462250 0.281765 0.151876 0.072690 0.032312 0.016649 0.014240 0.017015 0.019697 0.019484 0.015955 0.010539 0.005355 
0.003741 0.001793 0.002594 0.007524 0.271057 0.802501 1.115706 1.224741 1.385041 1.583143 1.532215 1.180500 0.982347 0.920763 0.766422 0.566606 0.372008 0.216821 0.112283 0.052501 0.024480 0.015445 0.015627 0.018356 0.019591 0.017720 0.013247 0.007947 
0.005844 0.002767 0.002193 0.005059 0.139291 0.536779 0.959103 1.170224 1.304891 1.484092 1.557679 1.356357 1.081423 0.951555 0.843592 0.666514 0.469307 0.294414 0.164552 0.082392 0.038491 0.019962 0.015536 0.016992 0.018973 0.018655 0.015483 0.010597 
0.008220 0.004305 0.002480 0.003626 0.072175 0.338035 0.747941 1.064664 1.237557 1.394492 1.520886 1.457018 1.218890 1.016489 0.897574 0.755053 0.567910 0.381861 0.229483 0.123472 0.060441 0.029227 0.017749 0.016264 0.017982 0.018814 0.017069 0.013040 
0.010630 0.006263 0.003393 0.003053 0.037900 0.205105 0.542988 0.906302 1.151110 1.316025 1.457689 1.488952 1.337954 1.117690 0.957031 0.826313 0.661482 0.474885 0.305672 0.176477 0.091956 0.044834 0.023488 0.017007 0.017123 0.018398 0.017942 0.015054 
0.012842 0.008446 0.004828 0.003223 0.020477 0.121503 0.374046 0.724645 1.028706 1.233568 1.386857 1.473320 1.413453 1.227822 1.037361 0.891672 0.743897 0.568184 0.390279 0.241075 0.134217 0.068395 0.034161 0.020247 0.017065 0.017761 0.018170 0.016498 
0.014670 0.010644 0.006637 0.004025 0.011850 0.070990 0.247774 0.549346 0.876676 1.131137 1.310212 1.430089 1.443387 1.320638 1.132591 0.964516 0.817785 0.656041 0.479231 0.315677 0.187646 0.101306 0.051278 0.027204 0.018656 0.017413 0.017965 0.017334 
0.016002 0.012657 0.008641 0.005331 0.007937 0.041420 0.159382 0.398560 0.713011 1.003906 1.220675 1.370150 1.436738 1.382012 1.226614 1.048554 0.891151 0.736913 0.567636 0.397454 0.251661 0.144476 0.076292 0.039241 0.022930 0.018034 0.017689 0.017650 
0.016826 0.014330 0.010649 0.006986 0.006634 0.024679 0.100401 0.278971 0.555785 0.858459 1.112290 1.295412 1.403444 1.409375 1.304313 1.137584 0.969852 0.814032 0.652274 0.482545 0.324557 0.198069 0.110384 0.057767 0.031086 0.020482 0.017862 0.017669 
0.017248 0.015578 0.012489 0.008817 0.006810 0.015656 0.062540 0.189686 0.417378 0.707122 0.985375 1.203851 1.349428 1.406410 1.356844 1.220949 1.053718 0.891942 0.733153 0.567410 0.403551 0.261313 0.154226 0.084075 0.044426 0.025784 0.019172 0.017765 
0.017507 0.016413 0.014034 0.010653 0.007814 0.011233 0.039098 0.126113 0.303532 0.562250 0.846248 1.094613 1.276640 1.377919 1.381627 1.288896 1.137334 0.972830 0.812547 0.650281 0.485480 0.332432 0.207770 0.119151 0.064251 0.035105 0.022478 0.018469 
0.017988 0.016960 0.015223 0.012343 0.009234 0.009524 0.025166 0.082605 0.214823 0.432891 0.704249 0.970431 1.185626 1.327279 1.379773 1.335262 1.213115 1.055082 0.892689 0.731414 0.567881 0.408956 0.270101 0.163460 0.091701 0.049678 0.028791 0.020473 
0.019230 0.017474 0.016091 0.013783 0.010788 0.009379 0.017345 0.053886 0.148714 0.323857 0.568570 0.837340 1.078029 1.256453 1.353526 1.357517 1.274188 1.134098 0.973885 0.812052 0.649648 0.488419 0.339529 0.216781 0.127580 0.070689 0.039235 0.024632 
0.021931 0.018352 0.016782 0.014937 0.012286 0.010084 0.013362 0.035615 0.101300 0.236285 0.446213 0.702955 0.957684 1.167241 1.304990 1.355522 1.315853 1.204143 1.053992 0.892968 0.730850 0.569033 0.413974 0.278155 0.172180 0.099135 0.054962 0.031933 
0.026932 0.020142 0.017567 0.015860 0.013612 0.011185 0.011723 0.024488 0.068457 0.168793 0.341249 0.574584 0.830320 1.062462 1.236115 1.330256 1.335687 1.259998 1.129068 0.973480 0.811909 0.649941 0.491503 0.346064 0.225167 0.135658 0.077048 0.043448 
0.035190 0.023537 0.018854 0.016714 0.014736 0.012398 0.011454 0.018105 0.046473 0.118625 0.255021 0.457917 0.702452 0.946391 1.149289 1.283185 1.332971 1.297843 1.194533 1.051274 0.892695 0.730925 0.570722 0.418784 0.285616 0.180413 0.106353 0.060248 
0.047719 0.029364 0.021196 0.017784 0.015725 0.013567 0.011926 0.014780 0.032289 0.082549 0.186823 0.356469 0.580184 0.824421 1.047840 1.216237 1.308078 1.315407 1.246188 1.122903 0.971984 0.811810 0.650824 0.494753 0.352200 0.233014 0.143383 0.083301 
0.065510 0.038541 0.025280 0.019490 0.016754 0.014646 0.012746 0.013353 0.023534 0.057419 0.134686 0.271646 0.468327 0.702303 0.936131 1.132038 1.262158 1.311743 1.280797 1.184546 1.047444 0.891897 0.731317 0.572788 0.423476 0.292607 0.188198 0.113342 
0.089426 0.052026 0.031910 0.022385 0.018122 0.015700 0.013696 0.013050 0.018444 0.040477 0.096053 0.203166 0.369986 0.585315 0.819217 1.034085 1.197098 1.286950 1.296270 1.232671 1.115995 0.969670 0.811607 0.652053 0.498132 0.358042 0.240403 0.150770 
0.120098 0.070726 0.041968 0.027148 0.020253 0.016911 0.014698 0.013373 0.015747 0.029460 0.068265 0.149609 0.286576 0.477651 0.702266 0.926651 1.115591 1.242024 1.291610 1.264471 1.174333 1.042833 0.890639 0.731830 0.575092 0.428087 0.299222 0.195586 
0.157842 0.095412 0.056347 0.034558 0.023701 0.018582 0.015805 0.014035 0.014560 0.022603 0.048862 0.108937 0.218093 0.382113 0.589958 0.814458 1.021121 1.178808 1.266817 1.278040 1.219402 1.108583 0.966736 0.811234 0.653461 0.501590 0.363655 0.247404 
0.202623 0.126627 0.075879 0.045452 0.029129 0.021141 0.017193 0.014920 0.014298 0.018582 0.035733 0.078900 0.163515 0.300103 0.486036 0.702208 0.917790 1.099964 1.222812 1.272429 1.248721 1.163992 1.037659 0.888985 0.732348 0.577525 0.432622 0.305529 
0.254076 0.164625 0.101253 0.060666 0.037291 0.025135 0.019167 0.016057 0.014609 0.016440 0.027157 0.057316 0.121207 0.231809 0.393069 0.594122 0.809999 1.008877 1.161388 1.247621 1.260575 1.206357 1.100826 0.963322 0.810666 0.654937 0.505074 0.369076 
0.311576 0.209351 0.132939 0.080959 0.048978 0.031213 0.022151 0.017612 0.015333 0.015524 0.021798 0.042237 0.089262 0.176508 0.312439 0.493596 0.702060 0.909438 1.085133 1.204505 1.254098 1.233466 1.153591 1.032074 0.886994 0.732801 0.580005 0.437075 
0.374325 0.260463 0.171145 0.106949 0.064969 0.040096 0.026682 0.019882 0.016472 0.015428 0.018661 0.032018 0.065749 0.132885 0.244474 0.403017 0.597828 0.805749 0.997285 1.144819 1.229301 1.243782 1.193529 1.092833 0.959534 0.809898 0.656403 0.508540 
0.441433 0.317394 0.215804 0.139047 0.085959 0.052532 0.033389 0.023282 0.018177 0.015950 0.017045 0.025339 0.048883 0.099317 0.188679 0.323746 0.500423 0.701789 0.901517 1.071052 1.187060 1.236542 1.218655 1.143181 1.026183 0.884716 0.733151 0.582472 
0.511952 0.379414 0.266599 0.177426 0.112503 0.069246 0.042961 0.028335 0.020730 0.017064 0.016498 0.021192 0.037111 0.074100 0.143998 0.256212 0.412084 0.601106 0.801653 0.986285 1.129056 1.211801 1.227598 1.180918 1.084682 0.955450 0.808933 0.657811 
0.584882 0.445683 0.323006 0.222012 0.144964 0.090874 0.056103 0.035648 0.024532 0.018897 0.016781 0.018845 0.029152 0.055606 0.109049 0.200105 0.334148 0.506595 0.701379 0.893969 1.057670 1.170428 1.219700 1.204258 1.132800 1.020066 0.882191 0.733372 
