0.002866 0.011484 0.031341 0.074927 0.157014 0.289552 0.471381 0.678575 1.364338 1.974271 1.971732 1.857459 1.669248 1.461876 0.781753 0.152040 0.073236 0.033032 0.016457 0.011516 0.010589 0.009791 0.007874 0.005175 0.002626 0.000933 0.000190 0.000012 
0.001439 0.007175 0.021412 0.053134 0.115970 0.223283 0.380466 0.574978 1.021457 1.669304 1.973001 1.914595 1.763354 1.565562 1.121814 0.466896 0.112638 0.053134 0.024745 0.013986 0.011052 0.010190 0.008832 0.006524 0.003901 0.001780 0.000561 0.000101 
0.000770 0.004307 0.014294 0.037273 0.084552 0.169627 0.301875 0.477722 0.798217 1.345381 1.821153 1.943798 1.838975 1.664458 1.343688 0.794355 0.289767 0.082886 0.038939 0.019365 0.012519 0.010621 0.009511 0.007678 0.005212 0.002840 0.001170 0.000331 
0.000551 0.002539 0.009300 0.025783 0.060913 0.127089 0.235751 0.389798 0.637970 1.071799 1.583267 1.882476 1.891386 1.751716 1.504073 1.069022 0.542061 0.186327 0.060913 0.029152 0.015942 0.011570 0.010066 0.008595 0.006445 0.004026 0.002005 0.000751 
0.000651 0.001545 0.005920 0.017542 0.043348 0.094001 0.181420 0.312774 0.513884 0.854884 1.327533 1.732871 1.886931 1.821551 1.627894 1.286547 0.805541 0.364194 0.123620 0.045032 0.022547 0.013756 0.010818 0.009331 0.007520 0.005236 0.003016 0.001378 
0.001014 0.001098 0.003732 0.011731 0.030445 0.068675 0.137710 0.247097 0.413329 0.684384 1.091209 1.530202 1.809901 1.854241 1.724723 1.457221 1.046044 0.584868 0.243907 0.084326 0.033790 0.018152 0.012287 0.010074 0.008425 0.006378 0.004126 0.002197 
0.001606 0.001056 0.002415 0.007731 0.021088 0.049560 0.103192 0.192404 0.330213 0.548857 0.887796 1.310705 1.670052 1.832071 1.789482 1.590972 1.251633 0.815456 0.414387 0.164116 0.059058 0.025971 0.015220 0.011181 0.009250 0.007402 0.005252 0.003161 
0.002383 0.001331 0.001735 0.005073 0.014410 0.035324 0.076376 0.147798 0.261309 0.439535 0.718327 1.099251 1.490378 1.751061 1.810777 1.690227 1.421302 1.033544 0.614922 0.289252 0.111587 0.042514 0.020595 0.013200 0.010215 0.008326 0.006327 0.004207 
0.003295 0.001857 0.001533 0.003404 0.009741 0.024867 0.055850 0.112087 0.204553 0.350422 0.578931 0.908789 1.294815 1.620720 1.780919 1.750502 1.555765 1.227423 0.824233 0.452087 0.200420 0.077051 0.031555 0.016898 0.011708 0.009271 0.007326 0.005267 
0.004281 0.002576 0.001695 0.002469 0.006573 0.017304 0.040358 0.083969 0.158320 0.277488 0.464676 0.743860 1.101802 1.457767 1.700819 1.765710 1.653133 1.391594 1.025828 0.638160 0.326253 0.138735 0.054303 0.024226 0.014303 0.010489 0.008298 0.006296 
0.005289 0.003428 0.002136 0.002082 0.004521 0.011938 0.028831 0.062163 0.121144 0.217904 0.371082 0.604268 0.922831 1.279785 1.579293 1.733265 1.709422 1.522364 1.208711 0.831994 0.482206 0.232494 0.096519 0.039265 0.019265 0.012396 0.009394 0.007297 
0.006293 0.004359 0.002782 0.002109 0.003301 0.008230 0.020385 0.045497 0.091654 0.169524 0.294493 0.487675 0.763549 1.101308 1.429539 1.656279 1.721343 1.615893 1.365537 1.020353 0.657100 0.357350 0.164507 0.067892 0.029265 0.015830 0.010895 0.008346 
0.007319 0.005326 0.003570 0.002445 0.002705 0.005765 0.014307 0.032941 0.068576 0.130589 0.232009 0.391084 0.625612 0.932429 1.265423 1.542909 1.688811 1.668618 1.490715 1.192945 0.838726 0.507225 0.260928 0.116199 0.048578 0.022547 0.013363 0.009620 
0.008470 0.006323 0.004448 0.003008 0.002575 0.004235 0.010036 0.023624 0.050758 0.099582 0.181299 0.311546 0.508348 0.779020 1.098926 1.404166 1.615860 1.678715 1.579666 1.341830 1.015836 0.672976 0.384077 0.188564 0.082389 0.035563 0.017955 0.011491 
0.009981 0.007396 0.005385 0.003728 0.002792 0.003405 0.007136 0.016830 0.037191 0.075170 0.140441 0.246423 0.409947 0.643684 0.938973 1.251546 1.510013 1.647287 1.629191 1.460748 1.178833 0.844406 0.528526 0.286320 0.135476 0.058976 0.026759 0.014723 
0.012352 0.008688 0.006391 0.004557 0.003260 0.003098 0.005271 0.011983 0.027011 0.056181 0.107805 0.193432 0.328185 0.526816 0.791329 1.095260 1.380780 1.578650 1.638239 1.544969 1.319790 1.011619 0.686466 0.407423 0.210898 0.097226 0.042867 0.020741 
0.016546 0.010520 0.007540 0.005474 0.003908 0.003179 0.004184 0.008627 0.019497 0.041596 0.081993 0.150618 0.260808 0.427500 0.659072 0.943294 1.238020 1.479715 1.608445 1.591604 1.432380 1.165705 0.849043 0.546945 0.309161 0.154062 0.070047 0.031804 
0.024175 0.013533 0.009030 0.006507 0.004691 0.003544 0.003682 0.006406 0.014062 0.030546 0.061794 0.116306 0.205713 0.344154 0.543286 0.801183 1.090657 1.358867 1.544080 1.600024 1.511992 1.299042 1.007374 0.697994 0.428053 0.231611 0.112054 0.050925 
0.037550 0.018854 0.011282 0.007768 0.005599 0.004117 0.003613 0.005044 0.010234 0.022304 0.046170 0.089050 0.161010 0.274934 0.443720 0.672235 0.945920 1.224762 1.451473 1.572052 1.556008 1.405517 1.153208 0.852684 0.563023 0.329832 0.171833 0.081490 
0.059520 0.028202 0.015068 0.009525 0.006684 0.004858 0.003865 0.004328 0.007639 0.016269 0.034237 0.067610 0.125030 0.217972 0.359327 0.557977 0.809077 1.085341 1.338118 1.511763 1.564030 1.480763 1.279363 1.002946 0.707853 0.446428 0.250833 0.126661 
0.093091 0.043861 0.021635 0.012296 0.008104 0.005771 0.004362 0.004097 0.005983 0.011954 0.025253 0.050924 0.096320 0.171501 0.288649 0.458652 0.683527 0.947209 1.211729 1.424940 1.537896 1.522396 1.380063 1.141154 0.855400 0.577141 0.348630 0.188747 
0.140919 0.068476 0.032748 0.016966 0.010200 0.006937 0.005066 0.004229 0.005040 0.008969 0.018603 0.038088 0.073622 0.133910 0.230075 0.373651 0.571090 0.815368 1.079469 1.318335 1.481418 1.530146 1.451230 1.260608 0.998277 0.716270 0.462885 0.268689 
0.204804 0.104697 0.050612 0.024857 0.013583 0.008569 0.006002 0.004648 0.004635 0.007004 0.013786 0.028346 0.055855 0.103766 0.181993 0.301863 0.472370 0.693229 0.947419 1.198902 1.399877 1.505782 1.490688 1.355919 1.129443 0.857274 0.589578 0.365787 
0.285295 0.154751 0.077655 0.037735 0.019220 0.011076 0.007285 0.005325 0.004641 0.005819 0.010395 0.021066 0.042101 0.079811 0.142879 0.241928 0.387117 0.582800 0.820324 1.073160 1.299389 1.452829 1.498235 1.423304 1.242681 0.993358 0.723426 0.477682 
0.381489 0.220023 0.116203 0.057695 0.028477 0.015148 0.009181 0.006305 0.004983 0.005230 0.008107 0.015731 0.031583 0.060956 0.111345 0.192404 0.314522 0.484958 0.701562 0.946742 1.186275 1.376109 1.475532 1.460769 1.332992 1.118020 0.858392 0.600554 
0.491021 0.300756 0.168113 0.086949 0.043086 0.021813 0.012164 0.007743 0.005644 0.005107 0.006669 0.011919 0.023657 0.046269 0.086150 0.151874 0.253463 0.399740 0.593260 0.824152 1.066509 1.281192 1.425821 1.468151 1.396881 1.225506 0.988206 0.729473 
0.610247 0.395889 0.234434 0.127531 0.065017 0.032449 0.016989 0.009954 0.006693 0.005375 0.005888 0.009294 0.017788 0.034963 0.066210 0.119012 0.202669 0.326602 0.496500 0.708706 0.945330 1.173850 1.353507 1.446986 1.432516 1.311193 1.106856 0.858839 
0.734543 0.503068 0.315162 0.180983 0.096274 0.048733 0.024719 0.013471 0.008324 0.006034 0.005631 0.007591 0.013541 0.026376 0.050587 0.092611 0.160840 0.264635 0.411551 0.602603 0.827018 1.059590 1.263678 1.400246 1.439751 1.371855 1.209025 0.982848 
