0.020874 0.011567 0.007435 0.012052 0.030457 0.072352 0.152609 0.285471 0.472359 0.689710 0.887774 1.007176 1.007176 0.887774 0.689710 0.472359 0.285471 0.152609 0.072352 0.030457 0.012052 0.007435 0.011567 0.020925 0.031309 0.038081 0.038071 0.031247 
0.026061 0.016221 0.009501 0.009743 0.021255 0.051405 0.112480 0.219040 0.378915 0.581034 0.788742 0.947475 1.007176 0.947475 0.788742 0.581034 0.378915 0.219040 0.112480 0.051405 0.021255 0.009743 0.009501 0.016246 0.026117 0.034695 0.038076 0.034659 
0.030360 0.021141 0.012861 0.009622 0.015499 0.036330 0.081943 0.165760 0.298978 0.479975 0.684888 0.868108 0.977326 0.977326 0.868108 0.684888 0.479975 0.298978 0.165760 0.081943 0.036330 0.015499 0.009622 0.012874 0.021182 0.030406 0.036385 0.036367 
0.033364 0.025750 0.017001 0.011242 0.012561 0.025914 0.059136 0.123851 0.232369 0.389476 0.582431 0.776498 0.922717 0.977326 0.922717 0.776498 0.582431 0.389476 0.232369 0.123851 0.059136 0.025914 0.012561 0.011248 0.017028 0.025794 0.033396 0.036376 
0.034870 0.029557 0.021376 0.014121 0.011901 0.019238 0.042525 0.091494 0.178110 0.310923 0.485954 0.679465 0.849607 0.950021 0.950021 0.849607 0.679465 0.485954 0.310923 0.178110 0.091494 0.042525 0.019238 0.011904 0.014138 0.021411 0.029595 0.034886 
0.034878 0.032213 0.025466 0.017748 0.013011 0.015569 0.030881 0.067009 0.134802 0.244516 0.398438 0.582709 0.764536 0.899814 0.950021 0.899814 0.764536 0.582709 0.398438 0.244516 0.134802 0.067009 0.030881 0.015571 0.013021 0.017774 0.025503 0.032240 
0.033559 0.033546 0.028840 0.021607 0.015380 0.014290 0.023225 0.048945 0.100906 0.189659 0.321477 0.490574 0.673623 0.832175 0.924918 0.924918 0.832175 0.673623 0.490574 0.321477 0.189659 0.100906 0.048945 0.023226 0.014296 0.015398 0.021639 0.028872 
0.031215 0.033552 0.031193 0.025224 0.018494 0.014835 0.018758 0.036085 0.074926 0.145282 0.255568 0.406025 0.582098 0.752899 0.878547 0.924918 0.878547 0.752899 0.582098 0.406025 0.255568 0.145282 0.074926 0.036086 0.018761 0.014847 0.018518 0.025255 
0.028235 0.032384 0.032373 0.028208 0.021859 0.016664 0.016796 0.027422 0.055506 0.110104 0.200425 0.330797 0.494062 0.667499 0.815723 0.901732 0.901732 0.815723 0.667499 0.494062 0.330797 0.200425 0.110104 0.055506 0.027423 0.016804 0.016683 0.021887 
0.025061 0.030310 0.032378 0.030290 0.025033 0.019261 0.016730 0.022109 0.041464 0.082805 0.155265 0.265611 0.412429 0.580780 0.741611 0.858727 0.901732 0.858727 0.741611 0.580780 0.412429 0.265611 0.155265 0.082805 0.041465 0.022114 0.016743 0.019285 
0.022173 0.027685 0.031344 0.031334 0.027662 0.022147 0.017996 0.019420 0.031786 0.062134 0.119035 0.210438 0.339020 0.496605 0.661195 0.800169 0.880230 0.880230 0.800169 0.661195 0.496605 0.339020 0.210438 0.119035 0.062135 0.031789 0.019429 0.018014 
0.020093 0.024929 0.029515 0.031339 0.029498 0.024905 0.020072 0.018708 0.025603 0.046960 0.090584 0.164736 0.274729 0.417812 0.578900 0.730682 0.840199 0.880230 0.840199 0.730682 0.578900 0.417812 0.274729 0.164736 0.090585 0.046962 0.025609 0.018721 
0.019407 0.022511 0.027222 0.030427 0.030419 0.027201 0.022488 0.019390 0.022155 0.036282 0.068772 0.127660 0.219733 0.346271 0.498356 0.654791 0.785441 0.860215 0.860215 0.785441 0.654791 0.498356 0.346271 0.219733 0.127661 0.068773 0.036285 0.022165 
0.020786 0.020959 0.024866 0.028824 0.030423 0.028810 0.024845 0.020939 0.020773 0.029219 0.052527 0.098216 0.173696 0.283002 0.422313 0.576574 0.720116 0.822828 0.860215 0.822828 0.720116 0.576574 0.422313 0.283002 0.173697 0.098217 0.052529 0.029225 
0.025006 0.020873 0.022913 0.026845 0.029623 0.029616 0.026827 0.022892 0.020856 0.024996 0.040873 0.075372 0.135956 0.228349 0.352658 0.499444 0.648345 0.771472 0.841521 0.841521 0.771472 0.648345 0.499444 0.352658 0.228349 0.135957 0.075373 0.040877 
0.032941 0.022939 0.021893 0.024879 0.028234 0.029620 0.028222 0.024860 0.021874 0.022926 0.032934 0.058122 0.105664 0.182153 0.290503 0.426051 0.573894 0.709908 0.806497 0.841521 0.806497 0.709908 0.573894 0.426051 0.290503 0.182153 0.105665 0.058125 
0.045533 0.027940 0.022416 0.023386 0.026557 0.028927 0.028921 0.026541 0.023367 0.022400 0.027930 0.045528 0.081893 0.143908 0.236328 0.358277 0.499972 0.641901 0.758202 0.824009 0.824009 0.758202 0.641901 0.499972 0.358277 0.236328 0.143909 0.081895 
0.063714 0.036737 0.025178 0.022901 0.024971 0.027742 0.028924 0.027731 0.024954 0.022883 0.025165 0.036729 0.063711 0.112901 0.190118 0.297303 0.429125 0.570937 0.700052 0.791106 0.824009 0.791106 0.700052 0.570937 0.429125 0.297303 0.190119 0.112902 
0.088308 0.050226 0.030957 0.024040 0.023936 0.026357 0.028333 0.028327 0.026342 0.023918 0.024024 0.030947 0.050220 0.088306 0.151509 0.243710 0.363214 0.500031 0.635494 0.745579 0.807557 0.807557 0.745579 0.635494 0.500031 0.363214 0.243711 0.151510 
0.119909 0.069267 0.040592 0.027499 0.023988 0.025146 0.027345 0.028330 0.027335 0.025130 0.023971 0.027485 0.040583 0.069263 0.119908 0.197610 0.303462 0.431622 0.567763 0.690537 0.776568 0.807557 0.776568 0.690537 0.567763 0.431622 0.303462 0.197610 
0.158760 0.094588 0.054929 0.034045 0.025743 0.024567 0.026246 0.027838 0.027833 0.026233 0.024551 0.025728 0.034034 0.054923 0.094585 0.158759 0.250536 0.367542 0.499692 0.629150 0.733552 0.792063 0.792063 0.733552 0.629150 0.499692 0.367542 0.250536 
0.204648 0.126674 0.074759 0.044487 0.029894 0.025155 0.025406 0.027042 0.027835 0.027033 0.025392 0.025140 0.029881 0.044479 0.074754 0.126672 0.204647 0.309039 0.433617 0.564421 0.681351 0.762807 0.792063 0.762807 0.681351 0.564421 0.433617 0.309039 
0.256844 0.165661 0.100716 0.059623 0.037191 0.027525 0.025281 0.026224 0.027438 0.027434 0.026212 0.025266 0.027510 0.037180 0.059616 0.100713 0.165660 0.256843 0.371328 0.499019 0.622886 0.722079 0.777435 0.777435 0.722079 0.622886 0.499019 0.371328 
0.314086 0.211252 0.133189 0.080170 0.048407 0.032358 0.026403 0.025752 0.026831 0.027436 0.026823 0.025739 0.026388 0.032345 0.048398 0.080165 0.133186 0.211251 0.314086 0.435174 0.560953 0.672483 0.749757 0.777435 0.749757 0.672483 0.560953 0.435174 
0.374630 0.262669 0.172220 0.106679 0.064288 0.040382 0.029380 0.026078 0.026292 0.027134 0.027129 0.026281 0.026063 0.029367 0.040372 0.064282 0.106676 0.172219 0.262669 0.374630 0.498063 0.616718 0.711120 0.763596 0.763596 0.711120 0.616718 0.498063 
0.436346 0.318649 0.217445 0.139450 0.085484 0.052335 0.034881 0.027729 0.026185 0.026713 0.027132 0.026705 0.026172 0.027715 0.034869 0.052327 0.085479 0.139447 0.217444 0.318649 0.436346 0.557390 0.663919 0.737358 0.763596 0.737358 0.663919 0.557390 
0.496868 0.377498 0.268047 0.178447 0.112467 0.068909 0.043608 0.031305 0.026957 0.026449 0.026922 0.026918 0.026439 0.026944 0.031292 0.043598 0.068903 0.112463 0.178445 0.268046 0.377498 0.496868 0.610654 0.700638 0.750477 0.750477 0.700638 0.610655 
0.553761 0.437183 0.322773 0.223247 0.145457 0.090688 0.056259 0.037457 0.029131 0.026703 0.026685 0.026920 0.026679 0.026691 0.029118 0.037445 0.056250 0.090683 0.145454 0.223246 0.322772 0.437183 0.553761 0.655646 0.725558 0.750477 0.725558 0.655646 
