0.244298 0.244723 0.200794 0.139990 0.088860 0.088670 0.140011 0.754715 1.485556 1.673795 1.883285 2.056355 2.100563 1.598674 0.888505 0.699791 0.475979 0.275316 0.130181 0.044589 0.012331 0.003015 0.001218 0.003034 0.018406 0.063644 0.129073 0.198062 
0.229697 0.244616 0.230359 0.170392 0.106872 0.088717 0.101505 0.368843 1.164430 1.600549 1.778540 1.984954 2.089511 1.938390 1.201996 0.774946 0.587885 0.372754 0.195807 0.077307 0.022725 0.005793 0.001668 0.001672 0.007331 0.036689 0.095914 0.163567 
0.201359 0.240887 0.241052 0.204751 0.135230 0.093256 0.091914 0.171537 0.734023 1.437440 1.708240 1.881747 2.063035 2.051731 1.624462 0.943187 0.661542 0.480320 0.279507 0.128084 0.040603 0.011058 0.002699 0.001669 0.003088 0.016085 0.065184 0.129741 
0.165550 0.230034 0.241011 0.231591 0.169991 0.105889 0.092250 0.111820 0.384758 1.105959 1.606690 1.806183 1.995052 2.060209 1.920430 1.269077 0.767159 0.560827 0.379914 0.197622 0.072803 0.020534 0.005046 0.001926 0.002024 0.006692 0.035814 0.096580 
0.131065 0.203669 0.238266 0.238656 0.206449 0.133337 0.095659 0.097142 0.184947 0.723443 1.396602 1.731373 1.909264 2.043919 2.025264 1.641228 0.988282 0.638201 0.467365 0.288768 0.125493 0.037473 0.009698 0.002706 0.001951 0.003215 0.015140 0.064856 
0.097161 0.167793 0.229520 0.238558 0.230604 0.170980 0.105359 0.096030 0.119464 0.392001 1.060474 1.605834 1.839929 1.998828 2.039256 1.910200 1.314755 0.774332 0.532399 0.378066 0.205215 0.068017 0.018390 0.004643 0.002140 0.002267 0.006513 0.034703 
0.064151 0.132477 0.205226 0.236299 0.236570 0.207006 0.132299 0.098362 0.101889 0.193457 0.710813 1.358189 1.752143 1.938534 2.029149 2.006992 1.654644 1.030596 0.623124 0.446597 0.291641 0.127417 0.034233 0.008706 0.002766 0.002171 0.003360 0.014622 
0.033661 0.097761 0.170177 0.228463 0.236502 0.229179 0.170746 0.106846 0.099244 0.125662 0.394105 1.034501 1.589491 1.869282 2.006495 2.023610 1.903285 1.342620 0.792986 0.512795 0.367581 0.209529 0.066679 0.016573 0.004399 0.002320 0.002469 0.006473 
0.014271 0.063456 0.133969 0.206362 0.234492 0.234671 0.206119 0.132709 0.101144 0.105848 0.199377 0.701364 1.322672 1.764457 1.967913 2.019331 1.993528 1.662954 1.066424 0.619210 0.424921 0.288555 0.130874 0.032143 0.007962 0.002840 0.002357 0.003507 
0.006485 0.032740 0.098477 0.172182 0.227415 0.234627 0.227533 0.170167 0.109036 0.102320 0.130407 0.396090 1.012018 1.570364 1.904195 2.006476 2.012880 1.896357 1.364689 0.816823 0.497779 0.352162 0.209714 0.067843 0.015288 0.004241 0.002478 0.002645 
0.003646 0.014009 0.062960 0.135330 0.207208 0.232824 0.232853 0.204718 0.133639 0.103999 0.109342 0.203849 0.693484 1.298389 1.781502 1.979305 2.011279 1.983749 1.669876 1.090756 0.625222 0.406768 0.280542 0.134112 0.031189 0.007444 0.002919 0.002519 
0.002801 0.006519 0.032029 0.099145 0.173911 0.226412 0.232846 0.225820 0.169555 0.111409 0.105335 0.134304 0.396680 0.995936 1.566108 1.921861 2.003286 2.004397 1.892320 1.380316 0.840212 0.488688 0.334652 0.207327 0.070283 0.014511 0.004150 0.002619 
0.002665 0.003776 0.013826 0.062618 0.136528 0.207899 0.231237 0.231089 0.203199 0.134732 0.106853 0.112577 0.207141 0.686995 1.284657 1.794899 1.982652 2.004119 1.976378 1.675812 1.110264 0.635447 0.392416 0.268865 0.135617 0.031044 0.007123 0.003002 
0.002749 0.002943 0.006566 0.031496 0.099573 0.175618 0.225403 0.231200 0.224080 0.168963 0.113823 0.108284 0.137649 0.396001 0.985826 1.567548 1.930347 1.998752 1.997184 1.889853 1.393038 0.861514 0.484958 0.316918 0.202241 0.072655 0.014133 0.004116 
0.003091 0.002797 0.003897 0.013705 0.062261 0.137596 0.208567 0.229751 0.229420 0.201633 0.135885 0.109669 0.115626 0.209578 0.681773 1.277700 1.804561 1.981651 1.998360 1.969959 1.681053 1.127276 0.648805 0.379933 0.254773 0.135880 0.031268 0.006962 
0.004132 0.002871 0.003072 0.006624 0.031018 0.099928 0.177202 0.224455 0.229668 0.222391 0.168367 0.116223 0.111158 0.140603 0.394673 0.979737 1.571349 1.933201 1.994183 1.991260 1.887628 1.404164 0.878627 0.485850 0.301708 0.194543 0.074789 0.014007 
0.006916 0.003186 0.002921 0.004011 0.013610 0.061913 0.138565 0.209184 0.228365 0.227849 0.200312 0.136808 0.112424 0.118519 0.211482 0.676771 1.275543 1.810981 1.978937 1.993452 1.964621 1.685680 1.141396 0.662582 0.370761 0.240077 0.134666 0.031897 
0.014094 0.004185 0.002987 0.003193 0.006683 0.030580 0.100239 0.178661 0.223570 0.228236 0.220836 0.167772 0.118520 0.113948 0.143284 0.392520 0.976157 1.576120 1.933320 1.989823 1.986244 1.885978 1.413538 0.893805 0.489491 0.289084 0.184212 0.076350 
0.034217 0.006961 0.003287 0.003039 0.004117 0.013529 0.061581 0.139450 0.209752 0.227069 0.226386 0.199087 0.137656 0.115091 0.121282 0.212927 0.671652 1.276138 1.815589 1.975697 1.988929 1.960283 1.689658 1.153672 0.676784 0.364236 0.225080 0.130281 
0.077055 0.014694 0.004267 0.003101 0.003309 0.006740 0.030174 0.100515 0.180005 0.222740 0.226899 0.219390 0.167188 0.120733 0.116639 0.145741 0.389640 0.973895 1.581397 1.932363 1.985621 1.981767 1.884808 1.421665 0.907840 0.495688 0.277263 0.172294 
0.123458 0.036576 0.007166 0.003392 0.003153 0.004218 0.013456 0.061267 0.140260 0.210269 0.225859 0.225021 0.197937 0.138458 0.117662 0.123914 0.213991 0.666805 1.277646 1.819503 1.972306 1.984657 1.956564 1.693225 1.164753 0.689055 0.361199 0.211658 
0.159890 0.076345 0.015462 0.004396 0.003213 0.003419 0.006794 0.029797 0.100764 0.181241 0.221961 0.225650 0.218041 0.166626 0.122861 0.119225 0.147997 0.386562 0.972225 1.586729 1.931018 1.981570 1.977634 1.883706 1.429213 0.920307 0.503050 0.267736 
0.200332 0.115080 0.038226 0.007458 0.003508 0.003264 0.004315 0.013389 0.060972 0.141003 0.210739 0.224728 0.223747 0.196858 0.139226 0.120134 0.126418 0.214831 0.662222 1.279477 1.823048 1.968932 1.980586 1.953168 1.696590 1.174760 0.700223 0.360197 
0.260282 0.148379 0.073689 0.016137 0.004557 0.003325 0.003527 0.006846 0.029445 0.100987 0.182377 0.221230 0.224483 0.216780 0.166093 0.124907 0.121705 0.150092 0.383473 0.970850 1.591949 1.929547 1.977672 1.973731 1.882169 1.436759 0.931580 0.510859 
0.360956 0.190343 0.106383 0.038472 0.007760 0.003633 0.003376 0.004407 0.013325 0.060692 0.142143 0.210704 0.223669 0.222557 0.195847 0.139964 0.122506 0.128802 0.215534 0.657869 1.281399 1.826354 1.965641 1.976687 1.949856 1.699721 1.184170 0.710662 
0.519274 0.253986 0.137868 0.069610 0.016470 0.004729 0.003440 0.003634 0.006894 0.029057 0.101417 0.183364 0.220428 0.223391 0.215601 0.165593 0.126870 0.124080 0.152059 0.380443 0.969634 1.596997 1.928058 1.973925 1.969979 1.880614 1.443856 0.942160 
0.720866 0.362799 0.181412 0.097756 0.037443 0.007987 0.003762 0.003488 0.004497 0.013250 0.060534 0.143368 0.210421 0.222651 0.221444 0.194900 0.140678 0.124778 0.131075 0.216150 0.653714 1.283315 1.829481 1.962459 1.972939 1.946651 1.702606 1.193008 
0.952255 0.527573 0.248261 0.129127 0.064507 0.016407 0.004887 0.003557 0.003741 0.006937 0.028726 0.101951 0.184191 0.219593 0.222349 0.214506 0.165129 0.128753 0.126352 0.153918 0.377501 0.968515 1.601854 1.926594 1.970319 1.966367 1.879068 1.450495 
