0.792601 0.977241 0.978557 0.801606 0.546693 0.305731 0.241801 0.750591 1.486433 1.670284 1.877678 2.064750 2.253670 1.872811 1.450234 1.440137 1.250244 0.933026 0.587983 0.281232 0.082625 0.014327 0.001372 0.000973 0.011308 0.073703 0.254535 0.516285 
0.654443 0.919131 0.978228 0.921945 0.674149 0.410330 0.257784 0.404216 1.164530 1.598397 1.773981 1.973523 2.182825 2.116062 1.611224 1.445185 1.382319 1.095113 0.760505 0.429821 0.160659 0.034640 0.004710 0.001072 0.003557 0.029491 0.146999 0.383589 
0.519016 0.805870 0.963454 0.964157 0.816954 0.542240 0.301080 0.294392 0.725942 1.432607 1.705142 1.872532 2.104337 2.166134 1.888463 1.502412 1.413752 1.264825 0.927809 0.594672 0.285410 0.073628 0.013102 0.001982 0.001693 0.010661 0.065352 0.260814 
0.386334 0.662443 0.920343 0.963981 0.924895 0.679597 0.388993 0.296064 0.421834 1.099473 1.602942 1.793929 2.001961 2.150685 2.075555 1.669346 1.454533 1.357905 1.101213 0.760756 0.437057 0.155992 0.031014 0.004834 0.001766 0.003935 0.026576 0.144480 
0.260369 0.524388 0.814997 0.953072 0.954210 0.828800 0.521201 0.319296 0.327506 0.707391 1.388166 1.720178 1.897945 2.102327 2.131902 1.904444 1.535320 1.406219 1.247959 0.930984 0.596811 0.287307 0.068803 0.012146 0.002533 0.002308 0.010138 0.061712 
0.140932 0.389055 0.671500 0.918268 0.953925 0.922857 0.682098 0.381799 0.321349 0.434404 1.049872 1.595673 1.825015 2.018289 2.124508 2.064314 1.706017 1.458277 1.346871 1.091678 0.763898 0.438976 0.153531 0.028714 0.004992 0.002364 0.004265 0.024989 
0.059156 0.258674 0.530277 0.821275 0.945011 0.946158 0.832248 0.509524 0.336461 0.349613 0.693469 1.342371 1.739012 1.926161 2.095558 2.109460 1.914904 1.565211 1.402574 1.232396 0.927788 0.601079 0.286842 0.065848 0.011580 0.003021 0.002839 0.009922 
0.024001 0.137273 0.392051 0.681217 0.913790 0.945871 0.917681 0.682749 0.382652 0.339749 0.443716 1.017920 1.575017 1.855980 2.030778 2.105984 2.055893 1.737005 1.464505 1.334289 1.082854 0.764434 0.442402 0.150633 0.027286 0.005206 0.002885 0.004610 
0.009889 0.057166 0.256834 0.536634 0.825629 0.937851 0.938824 0.830679 0.505914 0.350475 0.365741 0.685034 1.298607 1.750015 1.959697 2.087183 2.093462 1.923787 1.593448 1.398272 1.216945 0.924095 0.603418 0.287100 0.063643 0.011307 0.003465 0.003316 
0.004959 0.023351 0.133845 0.395585 0.689201 0.909553 0.938581 0.911788 0.680120 0.389335 0.354291 0.452507 0.991820 1.548587 1.881067 2.048081 2.091892 2.049917 1.758618 1.478965 1.319818 1.073999 0.763757 0.444714 0.148916 0.026351 0.005463 0.003353 
0.003755 0.009959 0.055573 0.255636 0.542393 0.828822 0.931324 0.931882 0.825604 0.507140 0.363052 0.378845 0.677122 1.270204 1.742863 1.995181 2.080939 2.081398 1.930186 1.617336 1.395162 1.204961 0.919978 0.604235 0.287576 0.062214 0.011212 0.003881 
0.003786 0.005306 0.022913 0.131163 0.399014 0.695826 0.905558 0.931743 0.905313 0.675824 0.399074 0.367000 0.457797 0.973663 1.521586 1.906665 2.059385 2.081283 2.043595 1.775064 1.494914 1.307913 1.066314 0.762221 0.445906 0.148063 0.025796 0.005745 
0.004276 0.004166 0.010088 0.054378 0.255050 0.547420 0.831248 0.925197 0.925135 0.818555 0.510874 0.375019 0.389699 0.669938 1.247624 1.744436 2.015730 2.075809 2.071861 1.934926 1.634989 1.396595 1.194925 0.915796 0.604063 0.288012 0.061375 0.011247 
0.006046 0.004194 0.005647 0.022641 0.129240 0.401235 0.702393 0.901709 0.925181 0.898475 0.672033 0.408983 0.378689 0.463429 0.956630 1.506139 1.927165 2.060789 2.074822 2.036641 1.788216 1.508099 1.300852 1.059436 0.760469 0.446038 0.147719 0.025522 
0.011378 0.004657 0.004557 0.010258 0.053539 0.254243 0.551814 0.833828 0.919313 0.918505 0.811459 0.515200 0.386262 0.399874 0.662526 1.231385 1.751934 2.023875 2.071314 2.065276 1.937898 1.648158 1.399638 1.187338 0.911886 0.603254 0.288124 0.060940 
0.025449 0.006362 0.004582 0.005982 0.022504 0.127514 0.403028 0.708646 0.897942 0.919111 0.891541 0.668802 0.418497 0.389665 0.468940 0.941511 1.497698 1.941114 2.059454 2.069804 2.031923 1.797400 1.518745 1.296854 1.053759 0.758382 0.445689 0.147531 
0.060742 0.011579 0.005027 0.004932 0.010463 0.052887 0.253322 0.555837 0.836204 0.913819 0.912219 0.804567 0.519569 0.396873 0.409484 0.655521 1.219605 1.759344 2.027281 2.067217 2.060334 1.940023 1.658073 1.403355 1.181842 0.908235 0.602035 0.288044 
0.147434 0.025508 0.006689 0.004956 0.006315 0.022451 0.125896 0.404580 0.714431 0.894415 0.913419 0.884906 0.665829 0.427547 0.400026 0.474146 0.928562 1.493001 1.950313 2.057233 2.065496 2.028535 1.804214 1.527310 1.294959 1.049113 0.756109 0.445039 
0.287835 0.060694 0.011827 0.005389 0.005295 0.010689 0.052347 0.252367 0.559505 0.838404 0.908668 0.906291 0.798025 0.523783 0.406906 0.418556 0.649329 1.210781 1.765482 2.028437 2.063430 2.056256 1.941748 1.665762 1.407252 1.177931 0.904869 0.600574 
0.444205 0.147389 0.025653 0.007022 0.005319 0.006644 0.022451 0.124379 0.405936 0.719781 0.891102 0.908074 0.878630 0.663057 0.436125 0.409819 0.479162 0.917567 1.492574 1.953950 2.054682 2.061637 2.025835 1.809626 1.534323 1.294410 1.045304 0.753777 
0.598991 0.287534 0.060745 0.012105 0.005745 0.005650 0.010927 0.051885 0.251409 0.562859 0.840429 0.903831 0.900713 0.791849 0.527801 0.416395 0.427154 0.643824 1.205071 1.769955 2.027760 2.059898 2.052686 1.943193 1.671974 1.411092 1.175160 0.901796 
0.751475 0.443262 0.147367 0.025855 0.007358 0.005674 0.006969 0.022486 0.122956 0.407134 0.724725 0.887980 0.903051 0.872717 0.660461 0.444247 0.419085 0.484012 0.908004 1.493672 1.955275 2.051864 2.058095 2.023510 1.814113 1.540241 1.294686 1.042158 
0.899008 0.597369 0.287166 0.060858 0.012404 0.006095 0.005998 0.011172 0.051482 0.250464 0.565929 0.842284 0.899283 0.895468 0.786032 0.531617 0.425376 0.435317 0.639031 1.200838 1.773535 2.026158 2.056537 2.049449 1.944399 1.677177 1.414795 1.173192 
1.039532 0.749259 0.442267 0.147350 0.026095 0.007696 0.006022 0.007291 0.022543 0.121617 0.408196 0.729290 0.885033 0.898329 0.867155 0.658026 0.451936 0.427861 0.488731 0.899276 1.495617 1.955408 2.048942 2.054765 2.021414 1.817928 1.545381 1.295469 
1.171792 0.896485 0.595763 0.286749 0.061008 0.012715 0.006441 0.006339 0.011422 0.051125 0.249539 0.569944 0.842773 0.895005 0.890536 0.780938 0.534859 0.433880 0.443078 0.634678 1.197447 1.776672 2.024103 2.053309 2.046427 1.945402 1.681655 1.418349 
1.296571 1.037315 0.747161 0.441256 0.147325 0.026356 0.008034 0.006365 0.007610 0.022618 0.120207 0.409741 0.733351 0.881947 0.893888 0.862019 0.655744 0.459124 0.436179 0.493278 0.891559 1.497604 1.954944 2.046008 2.051589 2.019450 1.821240 1.549946 
1.421754 1.170805 0.894207 0.594208 0.286294 0.061179 0.013032 0.006782 0.006676 0.011673 0.050767 0.248920 0.574848 0.841813 0.890903 0.885921 0.776698 0.537386 0.441916 0.450454 0.630938 1.194582 1.779264 2.021847 2.050194 2.043554 1.946223 1.685593 
1.553674 1.297874 1.035431 0.745197 0.440251 0.147284 0.026632 0.008371 0.006702 0.007925 0.022696 0.118876 0.411884 0.736799 0.878630 0.889657 0.857370 0.653604 0.465783 0.444050 0.497709 0.884795 1.499362 1.954114 2.043107 2.048534 2.017562 1.824555 
