0.794367 1.013028 1.033975 0.940830 0.785181 0.719320 0.746039 0.859174 1.502931 1.985167 1.876938 1.746039 1.719320 1.802947 1.433026 1.024013 1.013028 0.797723 0.519988 0.255261 0.073849 0.011357 0.000621 0.000616 0.011311 0.073711 0.254533 0.516285 
0.655326 0.933221 1.028738 1.006859 0.860015 0.735785 0.726000 0.781002 1.128866 1.824519 1.947415 1.801806 1.726000 1.761134 1.669113 1.180139 1.018521 0.937346 0.658856 0.385999 0.147087 0.029664 0.003306 0.000617 0.003290 0.029585 0.147003 0.383367 
0.518605 0.805131 1.004859 1.023268 0.946322 0.781991 0.728446 0.739750 0.881728 1.532925 1.916691 1.892811 1.745702 1.743567 1.738129 1.442026 1.079128 0.978024 0.812618 0.521723 0.261791 0.065609 0.010568 0.001289 0.001285 0.010532 0.065514 0.260545 
0.386016 0.661868 0.936209 1.018666 1.004032 0.858306 0.741832 0.731272 0.778071 1.161422 1.806208 1.910721 1.813820 1.744634 1.741673 1.634080 1.240490 1.023976 0.911007 0.667171 0.387887 0.144969 0.026648 0.003610 0.001286 0.003597 0.026589 0.144517 
0.260267 0.523942 0.812905 0.998052 1.015007 0.945726 0.784494 0.733912 0.742972 0.900848 1.538284 1.884593 1.874383 1.767855 1.743154 1.714035 1.459585 1.110099 0.968670 0.795757 0.527529 0.261098 0.061988 0.009951 0.001867 0.001864 0.009923 0.061819 
0.141058 0.388944 0.668424 0.937360 1.010769 0.997687 0.860435 0.746558 0.736177 0.784706 1.179355 1.791118 1.882040 1.824742 1.752969 1.732234 1.623216 1.276514 1.025641 0.894128 0.661643 0.394088 0.141248 0.024981 0.003889 0.001865 0.003879 0.024911 
0.059206 0.259102 0.528684 0.819475 0.992416 1.007498 0.942947 0.788935 0.738772 0.748309 0.917692 1.538977 1.859310 1.862363 1.785068 1.742602 1.699796 1.465948 1.139098 0.957586 0.782269 0.527866 0.263291 0.059321 0.009668 0.002371 0.002368 0.009640 
0.023850 0.137848 0.391242 0.674079 0.938524 1.003728 0.991360 0.862344 0.751313 0.741157 0.793039 1.193020 1.776040 1.861599 1.833377 1.759523 1.726550 1.613027 1.302523 1.030175 0.879039 0.656339 0.395578 0.140647 0.023905 0.004196 0.002369 0.004186 
0.009556 0.057265 0.257690 0.532660 0.825355 0.987427 1.000636 0.939888 0.793241 0.743696 0.754127 0.933123 1.536018 1.840210 1.854544 1.797638 1.743036 1.689925 1.468208 1.161580 0.948401 0.772446 0.525959 0.264703 0.058018 0.009580 0.002826 0.002823 
0.004507 0.023167 0.135033 0.392960 0.679008 0.939676 0.997334 0.985449 0.863763 0.756082 0.746304 0.801484 1.203957 1.759892 1.850960 1.833204 1.770049 1.722933 1.604117 1.314894 1.043309 0.864587 0.651048 0.395331 0.140813 0.023378 0.004515 0.002824 
0.003245 0.009592 0.055799 0.256207 0.535984 0.830683 0.982919 0.994362 0.936846 0.797156 0.748748 0.760099 0.947024 1.528650 1.828193 1.846521 1.805082 1.750376 1.681450 1.465954 1.176897 0.946693 0.763090 0.523190 0.265466 0.057453 0.009653 0.003247 
0.003245 0.004831 0.022731 0.132582 0.394230 0.683333 0.940778 0.991502 0.979983 0.864724 0.760850 0.751586 0.809668 1.211865 1.746543 1.841939 1.832640 1.779506 1.724529 1.592603 1.321425 1.054438 0.856104 0.645368 0.394328 0.141194 0.023205 0.004849 
0.003646 0.003642 0.009703 0.054669 0.254731 0.538782 0.835513 0.978821 0.988622 0.933881 0.800696 0.753902 0.766106 0.958452 1.522189 1.818090 1.839614 1.810620 1.758890 1.677803 1.457930 1.187408 0.948239 0.755774 0.520110 0.265616 0.057291 0.009839 
0.005195 0.003643 0.005157 0.022460 0.130435 0.395171 0.688412 0.940543 0.986172 0.974937 0.865302 0.765600 0.756953 0.817244 1.217940 1.735226 1.834233 1.831584 1.788425 1.728482 1.581410 1.322669 1.063904 0.851568 0.640295 0.392863 0.141505 0.023250 
0.010097 0.004031 0.004021 0.009861 0.053779 0.253142 0.541791 0.839725 0.974765 0.983363 0.931015 0.803909 0.759115 0.772026 0.968004 1.516492 1.809481 1.833571 1.816835 1.765946 1.672303 1.452043 1.193287 0.951933 0.750319 0.517070 0.265328 0.057327 
0.023421 0.005550 0.004024 0.005481 0.022301 0.128359 0.396306 0.694240 0.938855 0.981213 0.970276 0.865573 0.770313 0.762343 0.824248 1.222681 1.725525 1.827549 1.829387 1.798912 1.730830 1.571107 1.322665 1.070435 0.850113 0.636006 0.391199 0.141668 
0.057451 0.010399 0.004405 0.004388 0.010051 0.053020 0.251605 0.545273 0.843200 0.970624 0.978479 0.928278 0.806848 0.764335 0.777819 0.976085 1.511453 1.801583 1.828927 1.821768 1.774273 1.665003 1.447359 1.196550 0.956285 0.746120 0.514193 0.264803 
0.141716 0.023661 0.005908 0.004392 0.005804 0.022209 0.126346 0.397907 0.699621 0.936804 0.976515 0.965929 0.865641 0.774963 0.767706 0.830756 1.226415 1.716603 1.822091 1.827138 1.808104 1.734970 1.560327 1.321954 1.075099 0.850160 0.632339 0.389498 
0.264148 0.057613 0.010725 0.004771 0.004745 0.010258 0.052344 0.250447 0.548764 0.845999 0.966587 0.973869 0.925674 0.809581 0.769520 0.783469 0.983075 1.506410 1.794458 1.825876 1.822379 1.785062 1.659161 1.442201 1.198527 0.959890 0.743488 0.511536 
0.387842 0.141679 0.023935 0.006266 0.004752 0.006123 0.022157 0.124627 0.399606 0.704524 0.934620 0.972048 0.961820 0.865594 0.779536 0.773008 0.836857 1.229227 1.707996 1.818021 1.825002 1.812176 1.739903 1.554020 1.320364 1.078579 0.850853 0.629442 
0.509212 0.263426 0.057789 0.011062 0.005130 0.005095 0.010475 0.051784 0.249619 0.552065 0.848330 0.962691 0.969491 0.923178 0.812168 0.774640 0.788970 0.989158 1.500952 1.788770 1.823257 1.821795 1.790901 1.658100 1.438208 1.199471 0.962959 0.741882 
0.627187 0.386319 0.141566 0.024227 0.006622 0.005104 0.006440 0.022147 0.123223 0.400842 0.709413 0.932401 0.967791 0.957913 0.865477 0.784022 0.778222 0.842600 1.231128 1.700213 1.814635 1.822891 1.813706 1.744264 1.550510 1.318840 1.080937 0.851940 
0.741047 0.507239 0.262683 0.057963 0.011403 0.005483 0.005438 0.010701 0.051343 0.248730 0.555127 0.850631 0.958944 0.965322 0.920780 0.814645 0.779672 0.794317 0.994323 1.495701 1.783965 1.820827 1.820595 1.794049 1.658985 1.435454 1.199888 0.965325 
0.853092 0.625486 0.384961 0.141393 0.024523 0.006975 0.005449 0.006753 0.022177 0.121897 0.401929 0.714101 0.930271 0.963727 0.954186 0.865320 0.788415 0.783333 0.847979 1.232341 1.693290 1.811612 1.820769 1.813901 1.747822 1.548724 1.317671 1.082481 
0.967062 0.740681 0.505604 0.261949 0.058127 0.011743 0.005830 0.005775 0.010935 0.050963 0.247822 0.558015 0.852843 0.955363 0.961342 0.918476 0.817030 0.784604 0.799495 0.998703 1.490854 1.779742 1.818480 1.819052 1.795664 1.660635 1.433715 1.200076 
1.083491 0.854129 0.624215 0.383776 0.141177 0.024817 0.007322 0.005789 0.007065 0.022232 0.120625 0.402918 0.718573 0.928238 0.959847 0.950626 0.865143 0.792710 0.788326 0.853019 1.233062 1.687132 1.808652 1.818909 1.813205 1.750667 1.548014 1.316895 
1.200193 0.968374 0.740487 0.504266 0.261242 0.058281 0.012079 0.006172 0.006108 0.011176 0.050622 0.246913 0.560746 0.854960 0.951945 0.957542 0.916264 0.819338 0.789422 0.804500 1.002455 1.486476 1.775708 1.816345 1.817483 1.796145 1.662596 1.432741 
1.316467 1.084192 0.854981 0.623227 0.382754 0.140934 0.025107 0.007665 0.006124 0.007375 0.022304 0.119400 0.403829 0.722836 0.926300 0.956143 0.947222 0.864960 0.796901 0.793192 0.857758 1.233452 1.681435 1.805901 1.817198 1.812148 1.752768 1.548005 
