0.059303 0.154930 0.279381 0.437432 1.178616 1.881669 1.985642 1.987128 1.877751 1.714728 0.981462 0.300615 0.184004 0.098585 0.047554 0.019140 0.005919 0.001297 0.000213 0.000107 0.000449 0.002946 0.010182 0.020651 0.031708 0.039034 0.039034 0.030281 
0.037537 0.098816 0.212956 0.338650 0.754889 1.596797 1.959277 1.986757 1.952817 1.816617 1.398998 0.578533 0.227733 0.137395 0.068772 0.030273 0.010380 0.002723 0.000510 0.000133 0.000192 0.001158 0.005880 0.015343 0.026180 0.036753 0.039034 0.034658 
0.035377 0.054628 0.154441 0.260091 0.474134 1.189283 1.861787 1.979887 1.978272 1.910282 1.676315 0.973907 0.338017 0.171272 0.100369 0.045757 0.017429 0.005191 0.001158 0.000228 0.000148 0.000449 0.002580 0.010437 0.020761 0.032250 0.038464 0.036846 
0.035909 0.040190 0.096141 0.194060 0.340014 0.795825 1.585404 1.950362 1.979483 1.960871 1.834793 1.354421 0.609847 0.230684 0.126958 0.071027 0.027825 0.009259 0.002399 0.000480 0.000168 0.000223 0.001057 0.005751 0.015454 0.026506 0.036793 0.037857 
0.036883 0.036980 0.056996 0.139096 0.248793 0.505711 1.198072 1.851842 1.972203 1.974830 1.924698 1.656159 0.982134 0.353126 0.165855 0.093018 0.047076 0.015615 0.004593 0.001038 0.000246 0.000182 0.000445 0.002439 0.010395 0.020980 0.032765 0.037591 
0.037237 0.036907 0.042008 0.089338 0.180232 0.340446 0.829576 1.581412 1.941456 1.974173 1.962297 1.845031 1.336265 0.630194 0.230882 0.120332 0.066685 0.028359 0.008238 0.002125 0.000460 0.000198 0.000248 0.001010 0.005592 0.015537 0.027139 0.036385 
0.037024 0.037072 0.038183 0.055586 0.126120 0.240313 0.531085 1.209463 1.843265 1.965994 1.971204 1.930011 1.649590 0.983230 0.369917 0.161381 0.086803 0.045607 0.015036 0.004069 0.000942 0.000263 0.000210 0.000451 0.002346 0.010260 0.021338 0.032999 
0.036006 0.037048 0.037362 0.042811 0.080930 0.168943 0.341554 0.858170 1.580479 1.934009 1.969901 1.960906 1.849608 1.329600 0.645412 0.232160 0.114770 0.062032 0.027913 0.007593 0.001893 0.000446 0.000224 0.000270 0.000984 0.005392 0.015726 0.027620 
0.033039 0.036709 0.037205 0.038803 0.053703 0.112890 0.233672 0.552726 1.221231 1.836653 1.960928 1.967653 1.930833 1.647303 0.987506 0.382610 0.157301 0.081809 0.042645 0.014913 0.003680 0.000864 0.000279 0.000235 0.000461 0.002265 0.010174 0.021673 
0.027876 0.035668 0.036957 0.037728 0.042927 0.072225 0.157882 0.343631 0.883179 1.581436 1.928179 1.965972 1.958448 1.850745 1.328996 0.658910 0.232502 0.110118 0.057686 0.026692 0.007192 0.001714 0.000436 0.000246 0.000292 0.000968 0.005233 0.015924 
0.021900 0.032943 0.036474 0.037311 0.039221 0.051551 0.100964 0.225733 0.572560 1.232904 1.832045 1.956523 1.964091 1.929641 1.646706 0.993953 0.392541 0.153822 0.077348 0.039509 0.014438 0.003403 0.000803 0.000294 0.000258 0.000472 0.002203 0.010151 
0.016025 0.028008 0.035382 0.036892 0.037998 0.042781 0.066987 0.144509 0.347796 0.902732 1.583898 1.923512 1.962199 1.955478 1.850295 1.331190 0.671333 0.232621 0.105926 0.053699 0.025002 0.006811 0.001580 0.000430 0.000267 0.000311 0.000958 0.005141 
0.010131 0.022016 0.032815 0.036326 0.037358 0.039470 0.050028 0.092419 0.214711 0.590940 1.243557 1.828937 1.952527 1.960519 1.927502 1.646929 1.001261 0.401168 0.150657 0.073284 0.036409 0.013627 0.003176 0.000759 0.000307 0.000278 0.000484 0.002166 
0.005083 0.016074 0.028024 0.035190 0.036842 0.038144 0.042638 0.063265 0.133590 0.351822 0.917249 1.586927 1.919632 1.958521 1.952264 1.849105 1.334660 0.683134 0.232628 0.101846 0.050237 0.023022 0.006393 0.001476 0.000428 0.000285 0.000329 0.000956 
0.002145 0.010116 0.022049 0.032688 0.036222 0.037374 0.039593 0.048918 0.086003 0.205729 0.605384 1.252621 1.826733 1.948798 1.956957 1.924910 1.647533 1.008897 0.409136 0.147444 0.069590 0.033580 0.012535 0.002967 0.000725 0.000321 0.000296 0.000497 
0.000959 0.005051 0.016083 0.027976 0.035051 0.036808 0.038206 0.042479 0.060521 0.125206 0.354583 0.929002 1.590065 1.916242 1.954917 1.948945 1.847555 1.338700 0.694610 0.232330 0.098056 0.047084 0.020948 0.005919 0.001387 0.000428 0.000302 0.000346 
0.000511 0.002135 0.010103 0.022029 0.032561 0.036149 0.037377 0.039623 0.048058 0.081203 0.198722 0.616504 1.260623 1.825030 1.945248 1.953424 1.922104 1.648291 1.016655 0.416527 0.144368 0.066199 0.030912 0.011300 0.002760 0.000699 0.000334 0.000313 
0.000363 0.000966 0.005035 0.016066 0.027889 0.034945 0.036790 0.038220 0.042293 0.058452 0.118869 0.356478 0.938563 1.593286 1.913150 1.951380 1.945594 1.845821 1.342974 0.705677 0.231950 0.094563 0.044144 0.018830 0.005410 0.001306 0.000430 0.000318 
0.000330 0.000525 0.002134 0.010090 0.021977 0.032434 0.036098 0.037378 0.039596 0.047352 0.077596 0.193375 0.625082 1.267799 1.823626 1.941823 1.949934 1.919204 1.649117 1.024325 0.423498 0.141514 0.063051 0.028349 0.009982 0.002551 0.000677 0.000346 
0.000334 0.000378 0.000976 0.005028 0.016033 0.027775 0.034862 0.036781 0.038209 0.042089 0.056852 0.114102 0.357834 0.946441 1.596503 1.910246 1.947906 1.942251 1.844000 1.347298 0.716309 0.231626 0.091342 0.041362 0.016685 0.004877 0.001228 0.000433 
0.000359 0.000345 0.000539 0.002138 0.010076 0.021904 0.032307 0.036061 0.037378 0.039537 0.046750 0.074855 0.189348 0.631812 1.274294 1.822395 1.938491 1.946492 1.916275 1.649960 1.031803 0.430164 0.138908 0.060027 0.025807 0.008741 0.002339 0.000657 
0.000437 0.000348 0.000393 0.000987 0.005029 0.015990 0.027645 0.034793 0.036779 0.038187 0.041880 0.055579 0.110505 0.358893 0.953053 1.599631 1.907467 1.944492 1.938938 1.842142 1.351573 0.726528 0.231443 0.088302 0.038628 0.014608 0.004360 0.001152 
0.000638 0.000370 0.000360 0.000553 0.002146 0.010063 0.021818 0.032180 0.036034 0.037379 0.039462 0.046228 0.072735 0.186333 0.637248 1.280205 1.821251 1.935236 1.943103 1.913350 1.650789 1.039050 0.436640 0.136506 0.057052 0.023175 0.007724 0.002133 
0.001078 0.000440 0.000362 0.000408 0.001000 0.005033 0.015940 0.027505 0.034734 0.036782 0.038160 0.041675 0.054546 0.107762 0.359820 0.958727 1.602602 1.904773 1.941136 1.935665 1.840272 1.355746 0.736412 0.231403 0.085384 0.035507 0.012984 0.003904 
0.001944 0.000619 0.000382 0.000374 0.000567 0.002156 0.010050 0.021723 0.032053 0.036014 0.037383 0.039383 0.045771 0.071068 0.184080 0.641804 1.285606 1.820139 1.932045 1.939769 1.910449 1.651578 1.046079 0.442995 0.134358 0.053607 0.020885 0.006881 
0.003510 0.001009 0.000443 0.000376 0.000422 0.001013 0.005041 0.015886 0.027357 0.034682 0.036791 0.038133 0.041480 0.053692 0.105645 0.360720 0.963705 1.605371 1.902138 1.937838 1.932439 1.838401 1.359798 0.744235 0.233479 0.081975 0.032567 0.011616 
0.006161 0.001776 0.000601 0.000393 0.000387 0.000581 0.002168 0.010037 0.021621 0.031926 0.036000 0.037390 0.039305 0.045370 0.069733 0.182402 0.645773 1.290555 1.819021 1.928913 1.936488 1.907580 1.652535 1.052017 0.449788 0.132203 0.050156 0.018880 
0.010437 0.003166 0.000947 0.000446 0.000389 0.000436 0.001026 0.005051 0.015829 0.027203 0.034634 0.036803 0.038108 0.041301 0.052977 0.103991 0.361657 0.968164 1.607913 1.899546 1.934594 1.929261 1.836591 1.363794 0.750902 0.236229 0.078487 0.029879 
