0.059303 0.154930 0.279381 0.461378 0.669107 0.867232 0.985642 0.987128 0.852732 1.189710 1.517242 1.314871 1.184004 1.098585 1.052363 0.514331 0.005919 0.001297 0.000213 0.000107 0.000449 0.002946 0.010182 0.020651 0.031708 0.039034 0.039034 0.030281 
0.037537 0.098816 0.209962 0.367163 0.565243 0.769370 0.950831 0.986757 0.919930 0.979099 1.395598 1.441353 1.240500 1.135613 1.076353 0.839045 0.194027 0.002723 0.000510 0.000133 0.000192 0.001158 0.005880 0.015343 0.026180 0.036753 0.039034 0.034658 
0.035377 0.055003 0.148632 0.283453 0.465447 0.667307 0.876635 0.977775 0.953343 0.934722 1.190702 1.429914 1.366033 1.176061 1.107687 1.002211 0.505035 0.051103 0.001158 0.000228 0.000148 0.000449 0.002580 0.010437 0.020761 0.032250 0.038464 0.036846 
0.035909 0.040284 0.089871 0.210146 0.371967 0.565443 0.772852 0.952490 0.968613 0.940979 1.030715 1.342306 1.413944 1.272170 1.137965 1.068134 0.789401 0.228408 0.013877 0.000480 0.000168 0.000223 0.001057 0.005751 0.015454 0.026506 0.036793 0.037857 
0.036883 0.037003 0.053774 0.142178 0.287099 0.466963 0.669147 0.884566 0.964582 0.954796 0.963413 1.191034 1.396034 1.360779 1.204121 1.103732 0.980992 0.492854 0.070859 0.003907 0.000246 0.000182 0.000445 0.002439 0.010395 0.020980 0.032765 0.037591 
0.037237 0.036913 0.041226 0.084054 0.210271 0.374241 0.566401 0.783780 0.944578 0.959689 0.956950 1.050925 1.321987 1.387220 1.293218 1.149687 1.057705 0.767256 0.237577 0.021560 0.001177 0.000198 0.000248 0.001010 0.005592 0.015537 0.027139 0.036385 
0.037024 0.037075 0.037991 0.053011 0.137373 0.288732 0.467169 0.675091 0.887574 0.955912 0.958320 0.980444 1.193642 1.370912 1.358161 1.221452 1.108750 0.955694 0.490211 0.080660 0.006518 0.000443 0.000210 0.000451 0.002346 0.010260 0.021338 0.032999 
0.036005 0.037050 0.037317 0.041975 0.080027 0.209668 0.374265 0.570559 0.790808 0.938225 0.957116 0.964453 1.065924 1.308926 1.367724 1.303707 1.167145 1.051354 0.742874 0.245786 0.026572 0.002020 0.000268 0.000270 0.000984 0.005392 0.015726 0.027620 
0.033038 0.036722 0.037183 0.038548 0.052653 0.133786 0.288004 0.469418 0.680684 0.887325 0.950559 0.960784 0.991655 1.198094 1.353025 1.351720 1.236492 1.121127 0.930303 0.486997 0.087514 0.008596 0.000706 0.000269 0.000449 0.002265 0.010174 0.021673 
0.027872 0.035685 0.036953 0.037640 0.042416 0.077468 0.207495 0.374979 0.575051 0.794604 0.932194 0.955672 0.971058 1.076787 1.301364 1.352699 1.308200 1.188242 1.049568 0.716357 0.251572 0.030298 0.002788 0.000378 0.000314 0.000948 0.005236 0.015924 
0.021898 0.032955 0.036477 0.037283 0.039006 0.052373 0.130309 0.287164 0.472580 0.684828 0.884974 0.946867 0.962453 1.001337 1.202674 1.339865 1.341574 1.254431 1.136239 0.906392 0.481185 0.092494 0.010268 0.000997 0.000330 0.000473 0.002179 0.010158 
0.016028 0.028014 0.035396 0.036880 0.037915 0.042778 0.075199 0.205044 0.376518 0.578704 0.795958 0.927498 0.954660 0.976070 1.086560 1.296009 1.341147 1.312776 1.209292 1.045735 0.693788 0.254245 0.033142 0.003481 0.000497 0.000366 0.000935 0.005127 
0.010128 0.022021 0.032832 0.036323 0.037324 0.039390 0.052099 0.126792 0.286942 0.475727 0.687331 0.882094 0.944474 0.963408 1.010486 1.206181 1.329862 1.334054 1.274386 1.147958 0.883816 0.474017 0.096166 0.011642 0.001276 0.000398 0.000508 0.002125 
0.005044 0.016074 0.028040 0.035200 0.036824 0.038091 0.043083 0.073950 0.201942 0.378482 0.581529 0.795568 0.924146 0.953941 0.979911 1.095642 1.291436 1.333006 1.319137 1.227862 1.035505 0.678916 0.254997 0.035365 0.004087 0.000618 0.000426 0.000940 
0.002094 0.010090 0.022057 0.032710 0.036215 0.037344 0.039656 0.052048 0.123595 0.286899 0.478632 0.688549 0.879163 0.942768 0.964158 1.019795 1.207620 1.322614 1.329539 1.292851 1.153438 0.865627 0.466957 0.100011 0.012773 0.001533 0.000474 0.000554 
0.000959 0.004981 0.016073 0.028003 0.035057 0.036779 0.038204 0.043332 0.073033 0.199167 0.380492 0.583590 0.794194 0.921519 0.953463 0.983415 1.104138 1.286864 1.327808 1.320367 1.248826 1.024513 0.666292 0.255459 0.037393 0.004608 0.000739 0.000494 
0.000610 0.002081 0.010041 0.022038 0.032590 0.036133 0.037351 0.039842 0.052039 0.120860 0.287108 0.481103 0.688892 0.876196 0.941484 0.964944 1.028424 1.208106 1.317572 1.325947 1.300622 1.163562 0.851979 0.460875 0.103268 0.013771 0.001767 0.000555 
0.000569 0.000992 0.004929 0.016040 0.027928 0.034943 0.036742 0.038278 0.043514 0.072294 0.196940 0.382381 0.584998 0.792196 0.919297 0.953214 0.986679 1.111675 1.283205 1.323854 1.319616 1.260025 1.022393 0.656427 0.255558 0.039147 0.005071 0.000858 
0.000641 0.000675 0.002082 0.009983 0.021984 0.032472 0.036067 0.037351 0.039971 0.052018 0.118631 0.287514 0.483117 0.688597 0.873167 0.940495 0.965820 1.036102 1.208719 1.313691 1.322794 1.303659 1.172057 0.843773 0.455993 0.105763 0.014643 0.001984 
0.000977 0.000649 0.001035 0.004884 0.015983 0.027829 0.034848 0.036709 0.038327 0.043638 0.071683 0.195275 0.384080 0.585857 0.789735 0.917332 0.953157 0.989721 1.118404 1.280507 1.320518 1.318010 1.265975 1.023487 0.649883 0.255185 0.040588 0.005484 
0.002185 0.000731 0.000746 0.002093 0.009915 0.021906 0.032354 0.036011 0.037346 0.040059 0.051977 0.116890 0.288056 0.484706 0.687796 0.870062 0.939631 0.966869 1.042941 1.209715 1.310516 1.319891 1.304374 1.178423 0.839322 0.452534 0.107325 0.015387 
0.005849 0.001095 0.000735 0.001086 0.004842 0.015911 0.027715 0.034763 0.036679 0.038358 0.043716 0.071184 0.194120 0.385576 0.586251 0.786923 0.915429 0.953250 0.992696 1.124499 1.278618 1.317547 1.316012 1.269007 1.025733 0.645928 0.254566 0.041672 
0.015994 0.002373 0.000825 0.000823 0.002113 0.009840 0.021813 0.032235 0.035960 0.037338 0.040118 0.051923 0.115587 0.288696 0.485913 0.686587 0.866805 0.938864 0.968042 1.049195 1.211091 1.307815 1.317164 1.303877 1.183094 0.837275 0.450247 0.108154 
0.042439 0.006166 0.001213 0.000823 0.001145 0.004803 0.015826 0.027589 0.034685 0.036649 0.038377 0.043764 0.070791 0.193405 0.386873 0.586250 0.783765 0.913554 0.953453 0.995676 1.130143 1.277353 1.314827 1.313842 1.270360 1.028367 0.643761 0.253862 
0.108481 0.016472 0.002548 0.000921 0.000904 0.002140 0.009759 0.021708 0.032116 0.035912 0.037327 0.040156 0.051867 0.114671 0.289400 0.486561 0.685241 0.863375 0.938200 0.969287 1.055064 1.212781 1.305458 1.314580 1.302725 1.186569 0.836726 0.448811 
0.253159 0.042955 0.006436 0.001332 0.000908 0.001213 0.004765 0.015733 0.027457 0.034610 0.036620 0.038388 0.043791 0.070496 0.193092 0.387791 0.585901 0.780436 0.911722 0.953744 1.000232 1.133922 1.276554 1.312300 1.311617 1.270722 1.031097 0.642769 
0.447964 0.108486 0.016842 0.002714 0.001014 0.000984 0.002177 0.009672 0.021595 0.031996 0.035866 0.037313 0.040180 0.051818 0.114133 0.290015 0.486846 0.683615 0.859891 0.937427 0.971177 1.060871 1.214130 1.303363 1.312129 1.301222 1.189228 0.837093 
0.642529 0.252495 0.043285 0.006671 0.001446 0.000992 0.001282 0.004732 0.015633 0.027319 0.034537 0.036593 0.038388 0.043807 0.070306 0.193049 0.388431 0.585238 0.776965 0.909606 0.954302 1.005304 1.137500 1.275713 1.309938 1.309402 1.270497 1.033803 
