0.005069 0.027038 0.065024 0.627247 1.299226 1.467210 1.678703 1.879950 1.996005 1.520477 0.847963 0.672298 0.461759 0.276170 0.144937 0.066181 0.026416 0.010325 0.006628 0.007112 0.009975 0.012089 0.012064 0.009784 0.006374 0.003142 0.000910 0.000132 
0.001366 0.012539 0.041282 0.271634 1.005238 1.398777 1.572956 1.780607 1.963134 1.842305 1.144073 0.742531 0.567029 0.365846 0.203759 0.099000 0.040477 0.015272 0.007552 0.006749 0.008306 0.011390 0.012083 0.011344 0.008079 0.004736 0.001817 0.000327 
0.000587 0.004420 0.022518 0.106056 0.604324 1.250163 1.503455 1.676782 1.897827 1.932927 1.550261 0.899899 0.636052 0.466437 0.279915 0.144213 0.062944 0.023504 0.009683 0.006949 0.007142 0.010060 0.011910 0.011898 0.009945 0.006408 0.003223 0.000707 
0.000617 0.001545 0.009903 0.047928 0.295344 0.944650 1.408470 1.594149 1.806160 1.924152 1.822889 1.209746 0.734995 0.541579 0.373176 0.205712 0.096476 0.036819 0.013822 0.007633 0.006998 0.008285 0.011350 0.011907 0.011361 0.008176 0.004771 0.001597 
0.000862 0.000849 0.003866 0.021498 0.119288 0.600688 1.211304 1.521228 1.700154 1.891657 1.898836 1.567645 0.944081 0.614110 0.454251 0.289327 0.143815 0.058742 0.021118 0.009339 0.007156 0.007319 0.010000 0.011767 0.011770 0.010058 0.006474 0.003004 
0.001502 0.000852 0.001603 0.009029 0.050354 0.308109 0.905996 1.403852 1.625494 1.818049 1.897041 1.811186 1.255863 0.741115 0.514831 0.371789 0.214145 0.092496 0.033469 0.012829 0.007702 0.007197 0.008365 0.011218 0.011770 0.011342 0.008286 0.004725 
0.002831 0.001014 0.001040 0.003647 0.021216 0.125124 0.596755 1.174250 1.542378 1.729728 1.877293 1.875577 1.581476 0.985644 0.599688 0.434730 0.292967 0.148372 0.053386 0.019271 0.009110 0.007323 0.007489 0.009946 0.011632 0.011663 0.010152 0.006505 
0.004663 0.001469 0.001021 0.001698 0.008691 0.051585 0.314730 0.885503 1.384485 1.658651 1.826930 1.876864 1.801623 1.284514 0.759426 0.496589 0.361303 0.220669 0.091333 0.030340 0.012097 0.007770 0.007365 0.008452 0.011088 0.011655 0.011285 0.008410 
0.006537 0.002709 0.001133 0.001190 0.003616 0.021163 0.128095 0.594555 1.143968 1.549670 1.764577 1.864381 1.858054 1.589894 1.021970 0.595227 0.413671 0.290986 0.153670 0.050149 0.017739 0.008953 0.007466 0.007637 0.009900 0.011513 0.011562 0.010224 
0.008524 0.004539 0.001527 0.001147 0.001811 0.008609 0.052283 0.319382 0.869262 1.364782 1.682885 1.839430 1.862799 1.789432 1.309883 0.782997 0.481754 0.346799 0.222328 0.092847 0.028038 0.011521 0.007838 0.007509 0.008528 0.010977 0.011550 0.011228 
0.010293 0.006531 0.002629 0.001242 0.001313 0.003676 0.021227 0.129976 0.592361 1.123817 1.546638 1.794451 1.856957 1.844457 1.597177 1.046440 0.600254 0.397407 0.283879 0.157588 0.048387 0.016571 0.008841 0.007591 0.007764 0.009864 0.011407 0.011470 
0.011175 0.008606 0.004439 0.001589 0.001260 0.001922 0.008655 0.052802 0.321924 0.858089 1.348807 1.707771 1.841330 1.853832 1.779512 1.328830 0.805216 0.473475 0.331074 0.220733 0.095155 0.026458 0.011086 0.007904 0.007634 0.008594 0.010882 0.011454 
0.011384 0.010342 0.006523 0.002576 0.001342 0.001425 0.003770 0.021375 0.131379 0.590007 1.109129 1.556239 1.804815 1.850706 1.835252 1.601043 1.067023 0.609494 0.384474 0.273801 0.157944 0.048952 0.015725 0.008767 0.007702 0.007874 0.009836 0.011311 
0.011366 0.011124 0.008665 0.004364 0.001650 0.001363 0.002032 0.008758 0.053277 0.323304 0.849568 1.341685 1.724943 1.839234 1.846843 1.772836 1.342233 0.827761 0.468397 0.315951 0.215872 0.097273 0.025771 0.010772 0.007968 0.007745 0.008653 0.010800 
0.011224 0.011305 0.010371 0.006515 0.002542 0.001435 0.001530 0.003881 0.021569 0.133637 0.586436 1.099895 1.566256 1.808759 1.844940 1.828341 1.603342 1.084997 0.621882 0.373118 0.261681 0.156573 0.050447 0.015223 0.008725 0.007800 0.007972 0.009812 
0.010728 0.011285 0.011072 0.008706 0.004308 0.001711 0.001459 0.002142 0.008891 0.054008 0.323871 0.843165 1.338963 1.736757 1.835895 1.840791 1.767941 1.352713 0.846536 0.467470 0.303470 0.208463 0.099050 0.025654 0.010580 0.008032 0.007843 0.008705 
0.009792 0.011146 0.011232 0.010386 0.006507 0.002523 0.001522 0.001629 0.004000 0.021857 0.135307 0.583518 1.094001 1.575050 1.809887 1.839567 1.822578 1.605387 1.099624 0.634731 0.364970 0.249143 0.153756 0.052443 0.014986 0.008716 0.007890 0.008059 
0.008751 0.010664 0.011210 0.011020 0.008733 0.004268 0.001772 0.001549 0.002249 0.009057 0.054684 0.323965 0.838760 1.339627 1.743757 1.832147 1.835320 1.764033 1.361428 0.862069 0.470695 0.292578 0.199635 0.099800 0.025918 0.010490 0.008097 0.007932 
0.008137 0.009776 0.011074 0.011163 0.010387 0.006500 0.002518 0.001605 0.001724 0.004126 0.022165 0.136382 0.581362 1.090934 1.582203 1.809256 1.834526 1.817498 1.607329 1.111749 0.648492 0.359372 0.236321 0.149718 0.054237 0.014945 0.008736 0.007973 
0.008014 0.008792 0.010607 0.011141 0.010969 0.008748 0.004239 0.001833 0.001634 0.002354 0.009236 0.055230 0.323730 0.836148 1.343502 1.746175 1.828209 1.830269 1.760699 1.368944 0.876080 0.476787 0.282465 0.189573 0.099865 0.026320 0.010479 0.008164 
0.008052 0.008209 0.009761 0.011007 0.011098 0.010371 0.006502 0.002522 0.001684 0.001814 0.004255 0.022455 0.136926 0.579939 1.090458 1.587749 1.807185 1.829754 1.812877 1.609037 1.122512 0.663406 0.354269 0.224408 0.144321 0.055839 0.015018 0.008780 
0.008234 0.008091 0.008830 0.010556 0.011075 0.010916 0.008752 0.004224 0.001894 0.001717 0.002457 0.009415 0.055623 0.323235 0.835199 1.348060 1.746684 1.824112 1.825535 1.757697 1.375630 0.889532 0.483914 0.273106 0.179192 0.099225 0.026783 0.010522 
0.008842 0.008127 0.008276 0.009748 0.010945 0.011035 0.010335 0.006513 0.002537 0.001761 0.001902 0.004381 0.022706 0.136986 0.579105 1.091629 1.592123 1.804399 1.825179 1.808575 1.610467 1.132581 0.676663 0.351286 0.214410 0.137465 0.057073 0.015159 
0.010600 0.008305 0.008164 0.008865 0.010508 0.011013 0.010860 0.008746 0.004222 0.001955 0.001796 0.002557 0.009583 0.055857 0.322549 0.835367 1.352872 1.746135 1.819984 1.821028 1.754897 1.381732 0.901876 0.491204 0.265739 0.168877 0.097269 0.027646 
0.015435 0.008914 0.008199 0.008339 0.009736 0.010887 0.010975 0.010294 0.006521 0.002563 0.001836 0.001986 0.004503 0.022908 0.136670 0.578372 1.094120 1.595730 1.801261 1.820767 1.804495 1.611764 1.141804 0.687892 0.351353 0.205200 0.129917 0.057769 
0.029213 0.010723 0.008378 0.008234 0.008898 0.010464 0.010953 0.010804 0.008732 0.004229 0.002017 0.001873 0.002653 0.009734 0.055949 0.321493 0.836246 1.358010 1.745002 1.815891 1.816699 1.752245 1.387346 0.912842 0.499421 0.260007 0.158700 0.093451 
0.057798 0.015932 0.009000 0.008270 0.008400 0.009724 0.010830 0.010916 0.010249 0.006515 0.002606 0.001909 0.002068 0.004618 0.023058 0.135931 0.577993 1.097128 1.599004 1.797966 1.816497 1.800586 1.612995 1.150094 0.698496 0.353364 0.196690 0.121568 
0.088264 0.030627 0.010916 0.008453 0.008303 0.008929 0.010422 0.010894 0.010749 0.008704 0.004246 0.002084 0.001949 0.002746 0.009866 0.055886 0.320288 0.837561 1.363218 1.743593 1.811864 1.812519 1.749710 1.392509 0.922882 0.508649 0.254639 0.149739 
