0.000118 0.000983 0.003741 0.011860 0.031523 0.074596 0.154728 0.285765 0.468636 0.648133 1.396170 1.985197 1.984826 1.867452 1.669071 1.486237 0.757082 0.141957 0.071101 0.034619 0.019504 0.012599 0.008725 0.005374 0.002575 0.000740 0.000115 0.000006 
0.000034 0.000362 0.001889 0.006460 0.018806 0.047959 0.108299 0.213767 0.377200 0.536369 0.973521 1.784188 1.985105 1.950844 1.768261 1.598565 1.167095 0.376089 0.097672 0.047782 0.025008 0.015188 0.010283 0.006984 0.003905 0.001464 0.000298 0.000033 
0.000034 0.000116 0.000825 0.003414 0.010690 0.029180 0.072233 0.153788 0.295484 0.437422 0.693404 1.429959 1.934875 1.976539 1.873810 1.703014 1.439281 0.742321 0.179749 0.065948 0.033157 0.018870 0.012123 0.008433 0.005417 0.002591 0.000656 0.000100 
0.000050 0.000054 0.000314 0.001650 0.005880 0.017131 0.045135 0.105493 0.224606 0.352197 0.533415 1.033607 1.764071 1.966123 1.946524 1.800029 1.604114 1.111988 0.402365 0.102596 0.044926 0.024128 0.014653 0.009895 0.006841 0.003980 0.001409 0.000255 
0.000101 0.000051 0.000120 0.000713 0.003041 0.009750 0.026945 0.067426 0.163989 0.281698 0.420154 0.737508 1.439634 1.915610 1.961224 1.892866 1.726561 1.397775 0.743416 0.191956 0.064543 0.031697 0.018206 0.011684 0.008155 0.005386 0.002626 0.000595 
0.000237 0.000064 0.000068 0.000286 0.001443 0.005301 0.015726 0.041364 0.111114 0.220250 0.333619 0.534106 1.080143 1.753984 1.949820 1.944134 1.833723 1.602865 1.070596 0.417744 0.104608 0.043281 0.023209 0.014130 0.009546 0.006676 0.004005 0.001389 
0.000568 0.000107 0.000065 0.000124 0.000629 0.002697 0.008871 0.024742 0.069007 0.165153 0.266045 0.408802 0.773016 1.452335 1.900861 1.948399 1.915110 1.748405 1.360622 0.740848 0.198224 0.063631 0.030497 0.017535 0.011276 0.007896 0.005315 0.002651 
0.001392 0.000233 0.000075 0.000080 0.000265 0.001273 0.004757 0.014382 0.039776 0.115535 0.210366 0.319579 0.541683 1.112676 1.749629 1.936514 1.940076 1.865111 1.590310 1.050735 0.425712 0.105562 0.042021 0.022340 0.013623 0.009226 0.006516 0.003983 
0.002653 0.000562 0.000115 0.000076 0.000127 0.000563 0.002396 0.008035 0.023137 0.072150 0.161153 0.251321 0.402408 0.803087 1.464050 1.888902 1.939186 1.921335 1.776416 1.331203 0.738224 0.203395 0.062826 0.029439 0.016892 0.010885 0.007660 0.005235 
0.003944 0.001397 0.000236 0.000086 0.000089 0.000249 0.001131 0.004264 0.013220 0.040293 0.116505 0.198622 0.307978 0.557899 1.133568 1.746526 1.926615 1.934723 1.880643 1.591702 1.034714 0.431829 0.106315 0.040923 0.021530 0.013137 0.008925 0.006367 
0.005154 0.002642 0.000564 0.000124 0.000087 0.000130 0.000509 0.002134 0.007286 0.022228 0.074903 0.154159 0.239630 0.397798 0.831594 1.471644 1.879566 1.932696 1.921203 1.792276 1.318945 0.733271 0.210060 0.062119 0.028477 0.016285 0.010508 0.007439 
0.006227 0.003898 0.001399 0.000243 0.000096 0.000098 0.000235 0.001010 0.003829 0.012309 0.042394 0.113754 0.187808 0.298943 0.574231 1.151619 1.742329 1.919414 1.929823 1.886098 1.596588 1.026108 0.435441 0.107515 0.039935 0.020777 0.012674 0.008635 
0.007227 0.005074 0.002625 0.000569 0.000133 0.000096 0.000132 0.000464 0.001909 0.006653 0.021951 0.076338 0.146145 0.229483 0.395549 0.857909 1.476541 1.872540 1.927221 1.918892 1.801722 1.313871 0.730775 0.214540 0.061620 0.027592 0.015710 0.010150 
0.008359 0.006092 0.003850 0.001400 0.000251 0.000105 0.000105 0.000224 0.000908 0.003456 0.011664 0.044243 0.109550 0.177473 0.291758 0.590916 1.167225 1.738200 1.913550 1.925138 1.887517 1.601391 1.022323 0.438000 0.108357 0.039070 0.020070 0.012235 
0.009813 0.007024 0.004993 0.002606 0.000574 0.000142 0.000105 0.000135 0.000425 0.001716 0.006145 0.021861 0.076551 0.137717 0.220330 0.397870 0.879071 1.480913 1.866816 1.922241 1.915733 1.806580 1.313366 0.730161 0.217460 0.061141 0.026779 0.015163 
0.011819 0.008098 0.005959 0.003800 0.001400 0.000259 0.000115 0.000113 0.000215 0.000820 0.003146 0.011181 0.045489 0.104453 0.168697 0.285368 0.607625 1.179992 1.735238 1.908385 1.920614 1.886818 1.605586 1.021764 0.439990 0.108811 0.038274 0.019404 
0.014645 0.009493 0.006833 0.004909 0.002585 0.000580 0.000151 0.000113 0.000138 0.000392 0.001553 0.005736 0.022974 0.074311 0.130021 0.212449 0.404119 0.893808 1.485874 1.862041 1.917557 1.912165 1.808061 1.316344 0.730621 0.219313 0.060625 0.026018 
0.018777 0.011425 0.007852 0.005829 0.003747 0.001399 0.000268 0.000123 0.000120 0.000208 0.000745 0.002889 0.011091 0.045988 0.098827 0.160932 0.280973 0.622873 1.189841 1.734087 1.903678 1.916209 1.884791 1.609392 1.023483 0.441424 0.108949 0.037513 
0.025299 0.014157 0.009192 0.006654 0.004821 0.002563 0.000587 0.000160 0.000120 0.000142 0.000364 0.001415 0.005475 0.023985 0.071249 0.122637 0.205947 0.411062 0.906357 1.490437 1.858147 1.913076 1.908355 1.808087 1.320826 0.731972 0.220288 0.060056 
0.036773 0.018183 0.011054 0.007620 0.005703 0.003692 0.001399 0.000276 0.000130 0.000126 0.000203 0.000683 0.002693 0.011118 0.045821 0.092953 0.153878 0.278053 0.636978 1.198397 1.733570 1.899344 1.911896 1.882107 1.612996 1.026399 0.442581 0.108804 
0.059429 0.024613 0.013695 0.008907 0.006483 0.004733 0.002540 0.000594 0.000168 0.000127 0.000145 0.000342 0.001305 0.005302 0.024684 0.067663 0.115800 0.200154 0.418382 0.917688 1.494718 1.854763 1.908758 1.904449 1.807382 1.325744 0.734143 0.220723 
0.108456 0.036047 0.017621 0.010703 0.007400 0.005579 0.003636 0.001399 0.000285 0.000137 0.000131 0.000199 0.000632 0.002545 0.011146 0.045002 0.087204 0.147432 0.275799 0.650463 1.206203 1.733370 1.895259 1.907681 1.879105 1.616247 1.029943 0.443806 
0.220966 0.058755 0.023957 0.013258 0.008638 0.006320 0.004644 0.002517 0.000600 0.000175 0.000133 0.000148 0.000324 0.001219 0.005174 0.024949 0.063850 0.109790 0.194581 0.425755 0.928333 1.498782 1.851681 1.904575 1.900537 1.806246 1.330669 0.736854 
0.445236 0.108008 0.035331 0.017088 0.010371 0.007191 0.005458 0.003581 0.001399 0.000292 0.000143 0.000137 0.000196 0.000592 0.002431 0.011188 0.043520 0.081963 0.141587 0.273573 0.663532 1.213557 1.733314 1.891352 1.903566 1.875954 1.619112 1.033761 
0.739499 0.221225 0.058061 0.023328 0.012845 0.008384 0.006162 0.004557 0.002490 0.000610 0.000182 0.000138 0.000151 0.000310 0.001150 0.005080 0.024737 0.060094 0.104322 0.189489 0.432795 0.938545 1.502680 1.848789 1.900512 1.896663 1.804841 1.335792 
1.037645 0.446616 0.107536 0.034632 0.016581 0.010054 0.006995 0.005341 0.003523 0.001398 0.000300 0.000149 0.000142 0.000194 0.000559 0.002343 0.011472 0.041307 0.077091 0.136260 0.271607 0.675980 1.220612 1.733320 1.887581 1.899550 1.872745 1.621897 
1.340938 0.742131 0.221423 0.057371 0.022725 0.012451 0.008142 0.006013 0.004471 0.002461 0.000621 0.000189 0.000144 0.000155 0.000299 0.001097 0.005071 0.024198 0.056276 0.099279 0.184889 0.439551 0.948296 1.506480 1.846024 1.896558 1.892849 1.803332 
1.624607 1.041534 0.447939 0.107045 0.033955 0.016096 0.009752 0.006811 0.005227 0.003466 0.001398 0.000308 0.000155 0.000146 0.000194 0.000534 0.002290 0.011619 0.038871 0.072452 0.131383 0.270029 0.687744 1.227388 1.733392 1.883924 1.895630 1.869542 
