0.803144 1.058621 1.105007 1.062916 1.478148 1.931437 1.943843 1.994016 1.986393 1.881925 1.169561 0.533354 0.527843 0.660942 0.859567 0.999499 0.989942 0.793759 0.517357 0.254693 0.073734 0.011321 0.000614 0.000613 0.011312 0.073711 0.254533 0.515892 
0.659518 0.955192 1.093411 1.083961 1.213871 1.758352 1.937640 1.972031 1.992110 1.958370 1.588672 0.763790 0.529221 0.569564 0.760255 0.954362 0.997110 0.924012 0.655558 0.384307 0.146984 0.029601 0.003291 0.000614 0.003288 0.029586 0.147052 0.381976 
0.518481 0.809759 1.058856 1.088686 1.116439 1.473767 1.884221 1.959135 1.986370 1.983675 1.857510 1.142449 0.587863 0.539307 0.650732 0.870884 0.986423 0.978835 0.805417 0.519933 0.261085 0.065524 0.010538 0.001283 0.001282 0.010531 0.065528 0.259187 
0.384836 0.664120 0.963260 1.077500 1.099353 1.250734 1.711572 1.933597 1.979561 1.985696 1.951460 1.557821 0.787912 0.551446 0.567500 0.760808 0.956173 0.984526 0.925915 0.662675 0.387179 0.144695 0.026598 0.003597 0.001282 0.003594 0.026593 0.143695 
0.258630 0.521996 0.822523 1.043477 1.088426 1.142662 1.463492 1.866600 1.966536 1.984162 1.977137 1.842320 1.135745 0.610562 0.555459 0.643747 0.875823 0.977438 0.969873 0.814079 0.524927 0.261025 0.061873 0.009926 0.001861 0.001860 0.009922 0.061618 
0.140127 0.385668 0.672259 0.959328 1.070409 1.108765 1.266247 1.690451 1.937146 1.979756 1.982406 1.941677 1.543650 0.798607 0.569235 0.577531 0.756453 0.952034 0.975547 0.926229 0.669503 0.389820 0.141448 0.024929 0.003877 0.001861 0.003876 0.024861 
0.058924 0.255890 0.528904 0.823907 1.033050 1.089587 1.157724 1.464694 1.856171 1.968441 1.981743 1.972224 1.825611 1.135341 0.626578 0.571309 0.644619 0.872813 0.969668 0.963217 0.820497 0.529661 0.259803 0.059321 0.009644 0.002365 0.002364 0.009626 
0.023766 0.135605 0.389648 0.676405 0.951220 1.066936 1.115138 1.279309 1.681300 1.937048 1.978418 1.979363 1.933191 1.530107 0.808493 0.585126 0.589637 0.752829 0.945455 0.968056 0.925924 0.675754 0.392110 0.138249 0.023884 0.004185 0.002364 0.004180 
0.009530 0.056622 0.254742 0.533027 0.820728 1.025956 1.091037 1.168232 1.471098 1.849080 1.967839 1.979127 1.967820 1.810307 1.134940 0.640968 0.586254 0.648282 0.867570 0.962405 0.957523 0.825762 0.533932 0.258315 0.057400 0.009565 0.002820 0.002818 
0.004496 0.022981 0.132669 0.392707 0.676878 0.943035 1.065117 1.119985 1.291716 1.677647 1.935327 1.976305 1.976300 1.925615 1.517667 0.817212 0.599932 0.601761 0.749724 0.938696 0.961185 0.923362 0.683385 0.394097 0.135364 0.023210 0.004506 0.002819 
0.003238 0.009537 0.055024 0.254589 0.534792 0.814957 1.020880 1.092551 1.176635 1.479373 1.844484 1.966060 1.976304 1.963628 1.796527 1.134202 0.654252 0.600390 0.652578 0.862210 0.955563 0.951729 0.830079 0.538741 0.256608 0.055924 0.009604 0.003240 
0.003239 0.004813 0.022483 0.131153 0.394691 0.674879 0.935021 1.064123 1.124082 1.303385 1.677173 1.933105 1.973743 1.973135 1.918684 1.506380 0.824902 0.613855 0.613437 0.747103 0.932224 0.954604 0.920358 0.690415 0.396524 0.132580 0.022775 0.004832 
0.003637 0.003632 0.009624 0.054069 0.255066 0.534785 0.807698 1.016858 1.094103 1.183898 1.488382 1.841703 1.963584 1.973591 1.959370 1.784103 1.133218 0.666722 0.613541 0.657130 0.857209 0.949009 0.946043 0.833561 0.543469 0.255267 0.054712 0.009716 
0.005158 0.003633 0.005130 0.022233 0.130713 0.394925 0.672092 0.927081 1.063567 1.127776 1.314423 1.678738 1.930612 1.971089 1.970036 1.911998 1.496205 0.831904 0.626836 0.624438 0.745116 0.926059 0.948268 0.917181 0.696656 0.399132 0.130213 0.022485 
0.009871 0.004015 0.004008 0.009780 0.053629 0.255294 0.533509 0.802359 1.011145 1.095672 1.191613 1.496581 1.840095 1.960970 1.970826 1.955263 1.772630 1.132284 0.678703 0.625038 0.662160 0.852654 0.942716 0.940496 0.836337 0.547894 0.254414 0.053748 
0.022304 0.005480 0.004009 0.005451 0.022185 0.130647 0.394401 0.669105 0.919227 1.062547 1.131649 1.325143 1.681058 1.928287 1.968362 1.966935 1.905714 1.486842 0.838866 0.638454 0.634318 0.744171 0.920200 0.942161 0.913901 0.702761 0.401154 0.128365 
0.053025 0.010054 0.004377 0.004370 0.009995 0.053484 0.255301 0.531753 0.797238 1.004877 1.097098 1.201182 1.503100 1.839143 1.958343 1.968005 1.951273 1.761969 1.131960 0.689591 0.635352 0.667241 0.848699 0.936670 0.935096 0.838967 0.551957 0.253574 
0.126745 0.022216 0.005798 0.004371 0.005776 0.022273 0.130709 0.393527 0.665866 0.911188 1.061032 1.136130 1.336157 1.683327 1.926128 1.965590 1.963822 1.899764 1.478390 0.845584 0.648912 0.643325 0.743950 0.914678 0.936277 0.910670 0.708728 0.402766 
0.252642 0.052453 0.010259 0.004728 0.004723 0.010251 0.053507 0.255184 0.529697 0.791904 0.998045 1.098537 1.211521 1.509742 1.838258 1.955724 1.965148 1.947366 1.752163 1.132054 0.699477 0.644721 0.672296 0.845255 0.930877 0.929875 0.841543 0.555747 
0.404195 0.125208 0.022190 0.006112 0.004724 0.006105 0.022447 0.130845 0.392441 0.662339 0.902627 1.059291 1.140906 1.347813 1.685698 1.924002 1.962792 1.960702 1.894120 1.470822 0.851941 0.658410 0.651615 0.744264 0.909471 0.930627 0.907541 0.714450 
0.559322 0.251674 0.051964 0.010479 0.005071 0.005069 0.010536 0.053633 0.255005 0.527390 0.786184 0.991412 1.099278 1.222528 1.516756 1.837388 1.953094 1.962269 1.943534 1.743185 1.132404 0.708492 0.653314 0.677288 0.842230 0.925338 0.924855 0.844006 
0.719908 0.405498 0.123734 0.022202 0.006424 0.005070 0.006436 0.022676 0.131045 0.391197 0.658486 0.895494 1.055592 1.145497 1.360375 1.688224 1.921874 1.959976 1.957586 1.888763 1.464055 0.857895 0.667108 0.659308 0.745135 0.904401 0.925217 0.904522 
0.846343 0.562703 0.250698 0.051530 0.010707 0.005408 0.005411 0.010838 0.053829 0.254802 0.524841 0.780775 0.985157 1.098081 1.234431 1.524300 1.836505 1.950450 1.959378 1.939782 1.734974 1.132901 0.716755 0.661258 0.682313 0.839473 0.920013 0.920043 
0.901618 0.725098 0.406700 0.122319 0.022237 0.006733 0.005409 0.006769 0.022942 0.131308 0.389822 0.654571 0.889410 1.050123 1.149212 1.374427 1.690942 1.919732 1.957146 1.954479 1.883681 1.457994 0.863444 0.675132 0.666522 0.746512 0.899380 0.920036 
0.915431 0.848554 0.565899 0.249730 0.051134 0.010940 0.005740 0.005749 0.011152 0.054077 0.254563 0.522197 0.775729 0.979032 1.094984 1.247028 1.532684 1.835547 1.947793 1.956479 1.936113 1.727457 1.133478 0.724363 0.668674 0.687408 0.836891 0.914872 
0.915292 0.898712 0.730028 0.407815 0.120959 0.022288 0.007040 0.005742 0.007102 0.023234 0.131597 0.388380 0.650726 0.883660 1.043416 1.154304 1.387705 1.693913 1.917560 1.954308 1.951388 1.878857 1.452551 0.868595 0.682596 0.673358 0.748147 0.894427 
0.910075 0.911147 0.850502 0.568921 0.248778 0.050768 0.011176 0.006067 0.006082 0.011475 0.054358 0.254286 0.519553 0.770869 0.972685 1.091107 1.260451 1.540809 1.834825 1.945121 1.953578 1.932525 1.720566 1.134078 0.731406 0.675667 0.692468 0.834356 
0.889684 0.910879 0.895986 0.734568 0.408850 0.119653 0.022352 0.007344 0.006070 0.007434 0.023544 0.131884 0.386919 0.646955 0.877965 1.035955 1.161902 1.398923 1.696995 1.915432 1.951463 1.948315 1.874272 1.447643 0.873366 0.689602 0.679867 0.749876 
