0.002588 0.003257 0.009373 0.026437 0.066376 0.146601 0.281258 0.471413 0.685001 0.888064 1.003484 1.001744 0.877382 0.674413 0.462404 0.276239 0.144917 0.066122 0.026402 0.010995 0.008925 0.011161 0.016325 0.019957 0.019932 0.016175 0.010537 0.004792 
0.003139 0.002755 0.004953 0.015168 0.040688 0.099641 0.206992 0.373407 0.578207 0.787848 0.971157 1.003049 0.964499 0.777028 0.568408 0.366091 0.203722 0.098953 0.040264 0.015364 0.009443 0.009484 0.013656 0.018786 0.019951 0.018752 0.013369 0.007498 
0.004680 0.002851 0.003304 0.008056 0.024102 0.063125 0.145933 0.285401 0.475202 0.683028 0.897735 0.995076 0.993411 0.887203 0.672718 0.466462 0.279913 0.144138 0.062738 0.023070 0.010923 0.009453 0.010939 0.016571 0.019659 0.019651 0.016495 0.010433 
0.007256 0.003308 0.002964 0.004606 0.013255 0.037869 0.096852 0.209376 0.378048 0.578254 0.792884 0.970741 0.994660 0.966443 0.780219 0.568561 0.370724 0.205679 0.096383 0.036023 0.014327 0.009821 0.009825 0.013423 0.018820 0.019657 0.018829 0.013464 
0.010360 0.004592 0.003050 0.003375 0.007178 0.021571 0.059448 0.146095 0.289770 0.476348 0.685569 0.902661 0.988680 0.987606 0.892734 0.674390 0.467915 0.284102 0.144062 0.057965 0.020878 0.010947 0.009822 0.010950 0.016586 0.019448 0.019450 0.016715 
0.013648 0.007068 0.003436 0.003131 0.004407 0.011727 0.034639 0.094282 0.212570 0.380229 0.579975 0.799747 0.967175 0.988411 0.963619 0.787137 0.569669 0.373176 0.208611 0.092780 0.032632 0.013711 0.010103 0.010104 0.013346 0.018721 0.019450 0.018766 
0.016859 0.010358 0.004505 0.003208 0.003450 0.006556 0.019285 0.055402 0.147254 0.292388 0.477599 0.689861 0.905624 0.983102 0.982213 0.896364 0.678403 0.468801 0.286902 0.144604 0.052958 0.019344 0.011005 0.010103 0.011053 0.016523 0.019267 0.019279 
0.018674 0.013816 0.006943 0.003532 0.003268 0.004287 0.010515 0.031497 0.092215 0.214812 0.381612 0.583292 0.805343 0.963733 0.982880 0.960529 0.793166 0.572557 0.374388 0.210803 0.089397 0.029832 0.013315 0.010329 0.010341 0.013342 0.018576 0.019276 
0.019125 0.016954 0.010374 0.004451 0.003334 0.003523 0.006099 0.017317 0.051922 0.147843 0.293852 0.479906 0.694318 0.907507 0.978093 0.977292 0.898836 0.682862 0.470668 0.288273 0.144543 0.048852 0.018191 0.011075 0.010332 0.011190 0.016438 0.019101 
0.019119 0.018583 0.013943 0.006869 0.003613 0.003381 0.004214 0.009547 0.028773 0.090283 0.215842 0.383334 0.587112 0.810068 0.960447 0.977893 0.957478 0.798231 0.576292 0.375745 0.211575 0.086397 0.027635 0.013040 0.010518 0.010546 0.013373 0.018420 
0.018944 0.018985 0.017013 0.010336 0.004485 0.003439 0.003590 0.005756 0.015687 0.048957 0.147503 0.295052 0.482826 0.698590 0.908765 0.973531 0.972789 0.900493 0.687262 0.473345 0.289113 0.143155 0.045974 0.017320 0.011148 0.010525 0.011336 0.016352 
0.018265 0.018975 0.018492 0.014016 0.006837 0.003701 0.003477 0.004169 0.008780 0.026487 0.088104 0.216250 0.385440 0.590708 0.814456 0.957340 0.973346 0.954530 0.802543 0.580303 0.377518 0.211350 0.083484 0.026026 0.012847 0.010681 0.010728 0.013420 
0.016271 0.018798 0.018854 0.017031 0.010313 0.004541 0.003533 0.003650 0.005494 0.014360 0.046318 0.146432 0.296335 0.485764 0.702582 0.909865 0.969344 0.968642 0.901612 0.691423 0.476479 0.289857 0.141010 0.043685 0.016683 0.011222 0.010692 0.011480 
0.013473 0.018119 0.018840 0.018398 0.014056 0.006839 0.003785 0.003562 0.004140 0.008172 0.024566 0.085627 0.216443 0.387626 0.594173 0.818456 0.954475 0.969169 0.951709 0.806628 0.583951 0.379628 0.210712 0.080492 0.024799 0.012720 0.010825 0.010889 
0.011617 0.016196 0.018660 0.018730 0.017019 0.010309 0.004604 0.003618 0.003707 0.005293 0.013278 0.043929 0.144903 0.297614 0.488682 0.706314 0.910827 0.965495 0.964804 0.902638 0.695290 0.479495 0.290744 0.138411 0.041742 0.016214 0.011299 0.010841 
0.011035 0.013528 0.017983 0.018712 0.018302 0.014075 0.006865 0.003864 0.003640 0.004125 0.007686 0.022937 0.082990 0.216464 0.389828 0.597498 0.822108 0.951828 0.965322 0.949089 0.810397 0.587392 0.381739 0.210025 0.077417 0.023824 0.012642 0.010955 
0.010975 0.011744 0.016130 0.018530 0.018610 0.016987 0.010318 0.004671 0.003696 0.003761 0.005137 0.012389 0.041763 0.143069 0.298857 0.491546 0.709803 0.911671 0.961949 0.961264 0.903561 0.698895 0.482397 0.291640 0.135655 0.040018 0.015859 0.011377 
0.011076 0.011168 0.013581 0.017858 0.018590 0.018204 0.014081 0.006905 0.003940 0.003712 0.004122 0.007294 0.021545 0.080287 0.216351 0.392005 0.600674 0.825449 0.949379 0.961778 0.946667 0.813864 0.590646 0.383801 0.209301 0.074378 0.023019 0.012598 
0.011456 0.011099 0.011863 0.016072 0.018407 0.018493 0.016943 0.010337 0.004738 0.003769 0.003815 0.005017 0.011650 0.039794 0.141047 0.300051 0.494327 0.713062 0.912412 0.958678 0.958000 0.904390 0.702255 0.485177 0.292508 0.132867 0.038464 0.015584 
0.012578 0.011188 0.011290 0.013632 0.017744 0.018472 0.018106 0.014078 0.006954 0.004011 0.003781 0.004127 0.006976 0.020344 0.077581 0.216140 0.394131 0.603694 0.828512 0.947111 0.958508 0.944428 0.817055 0.593716 0.385791 0.208559 0.071431 0.022336 
0.015365 0.011535 0.011214 0.011972 0.016020 0.018290 0.018380 0.016891 0.010361 0.004805 0.003838 0.003867 0.004925 0.011030 0.037995 0.138921 0.301189 0.497006 0.716103 0.913065 0.955659 0.954988 0.905139 0.705385 0.487827 0.293338 0.130114 0.037049 
0.021743 0.012573 0.011294 0.011403 0.013680 0.017638 0.018358 0.018008 0.014070 0.007008 0.004080 0.003846 0.004139 0.006716 0.019297 0.074916 0.215862 0.396188 0.606555 0.831322 0.945011 0.955491 0.942358 0.819994 0.596606 0.387699 0.207818 0.068600 
0.035750 0.015186 0.011614 0.011321 0.012074 0.015974 0.018178 0.018270 0.016834 0.010388 0.004871 0.003904 0.003919 0.004857 0.010506 0.036347 0.136753 0.302270 0.499571 0.718939 0.913642 0.952871 0.952208 0.905817 0.708300 0.490342 0.294130 0.127438 
0.065898 0.021219 0.012580 0.011394 0.011510 0.013725 0.017540 0.018247 0.017911 0.014058 0.007065 0.004146 0.003908 0.004157 0.006503 0.018378 0.072321 0.215538 0.398162 0.609255 0.833904 0.943064 0.952705 0.940444 0.822705 0.599321 0.389518 0.207094 
0.124863 0.034549 0.015036 0.011691 0.011423 0.012169 0.015933 0.018070 0.018163 0.016775 0.010417 0.004935 0.003967 0.003970 0.004806 0.010059 0.034833 0.134587 0.303291 0.502014 0.722371 0.913364 0.950295 0.949640 0.906433 0.711013 0.492722 0.294883 
0.206396 0.063332 0.020751 0.012594 0.011490 0.011610 0.013767 0.017449 0.018140 0.017816 0.014044 0.007124 0.004209 0.003968 0.004180 0.006328 0.017565 0.069815 0.215187 0.399948 0.612192 0.836179 0.941062 0.950131 0.938675 0.825207 0.601867 0.391246 
0.295600 0.122403 0.033435 0.014909 0.011766 0.011520 0.012258 0.015895 0.017967 0.018059 0.016714 0.010447 0.004998 0.004028 0.004021 0.004770 0.009674 0.033437 0.132468 0.304132 0.504602 0.725963 0.912574 0.947864 0.947267 0.906994 0.713537 0.494967 
0.392883 0.205730 0.060901 0.020326 0.012613 0.011582 0.011704 0.013806 0.017363 0.018036 0.017723 0.014028 0.007182 0.004273 0.004023 0.004208 0.006183 0.016841 0.067435 0.214700 0.401756 0.615283 0.838116 0.939042 0.947715 0.937050 0.827519 0.604252 
