0.000014 0.000159 0.000935 0.003213 0.008009 0.513816 1.039960 1.076301 1.152832 1.281148 1.489563 1.169991 0.841276 0.984560 0.984560 0.867576 0.669991 0.463263 0.281148 0.152832 0.076301 0.036359 0.017404 0.008022 0.003213 0.000935 0.000159 0.000014 
0.000014 0.000050 0.000389 0.001698 0.004982 0.196343 0.833571 1.058131 1.107612 1.206977 1.411407 1.370867 0.964544 0.912918 0.984560 0.950766 0.769927 0.566627 0.369129 0.210265 0.108094 0.051502 0.024488 0.011540 0.005015 0.001698 0.000389 0.000050 
0.000023 0.000023 0.000144 0.000801 0.002847 0.053643 0.506658 0.989620 1.082871 1.144824 1.334034 1.401272 1.170477 0.925825 0.948739 0.976112 0.877310 0.668277 0.467153 0.284867 0.152093 0.073780 0.034478 0.016396 0.007475 0.002868 0.000801 0.000144 
0.000053 0.000023 0.000053 0.000338 0.001477 0.016057 0.232479 0.785197 1.047902 1.110016 1.238107 1.384463 1.316456 1.017569 0.933860 0.965847 0.951411 0.774222 0.566726 0.373655 0.212291 0.106129 0.048861 0.023147 0.010820 0.004573 0.001482 0.000338 
0.000132 0.000031 0.000031 0.000132 0.000694 0.005406 0.073808 0.497267 0.966697 1.078959 1.171296 1.329579 1.367461 1.170938 0.954787 0.949854 0.962238 0.885145 0.670474 0.468387 0.289010 0.152310 0.070653 0.032657 0.015443 0.006929 0.002541 0.000696 
0.000298 0.000056 0.000031 0.000056 0.000298 0.002013 0.023685 0.243959 0.762596 1.036861 1.119375 1.260753 1.357990 1.296218 1.037077 0.951087 0.956046 0.942965 0.785370 0.567858 0.375860 0.215325 0.103893 0.046459 0.021875 0.010121 0.004132 0.001298 
0.000609 0.000123 0.000037 0.000037 0.000123 0.000787 0.007859 0.084171 0.493516 0.943929 1.081074 1.190064 1.327044 1.342547 1.172702 0.972585 0.953566 0.952776 0.888086 0.676614 0.468670 0.291660 0.153471 0.067393 0.030959 0.014529 0.006366 0.002256 
0.001142 0.000266 0.000059 0.000037 0.000059 0.000310 0.002721 0.028705 0.251620 0.740738 1.029645 1.135589 1.271800 1.338672 1.282640 1.052383 0.958519 0.953171 0.936405 0.792612 0.572201 0.376298 0.217713 0.102267 0.044175 0.020677 0.009427 0.003702 
0.002001 0.000537 0.000116 0.000042 0.000042 0.000127 0.000976 0.009820 0.090930 0.490768 0.919845 1.092077 1.204003 1.321954 1.324664 1.176970 0.983322 0.955845 0.947643 0.887869 0.682406 0.471186 0.292341 0.154598 0.064665 0.029364 0.013646 0.005799 
0.003317 0.001008 0.000239 0.000061 0.000042 0.000064 0.000360 0.003399 0.032309 0.257492 0.715883 1.027490 1.154825 1.277045 1.323986 1.275023 1.062809 0.964765 0.951744 0.930649 0.796597 0.576796 0.377716 0.218331 0.101239 0.042119 0.019537 0.008710 
0.005242 0.001777 0.000476 0.000110 0.000047 0.000048 0.000143 0.001194 0.011387 0.095832 0.485684 0.897152 1.107075 1.220117 1.312251 1.311745 1.181186 0.992531 0.957636 0.943833 0.885824 0.686696 0.474666 0.293062 0.154498 0.062688 0.027890 0.012765 
0.007989 0.002969 0.000893 0.000217 0.000063 0.000047 0.000072 0.000430 0.004005 0.035046 0.260436 0.691418 1.027306 1.175706 1.280314 1.312124 1.269921 1.072000 0.969810 0.950734 0.925880 0.798262 0.580681 0.380061 0.218400 0.099972 0.040370 0.018427 
0.011853 0.004743 0.001581 0.000425 0.000105 0.000051 0.000053 0.000167 0.001413 0.012659 0.101628 0.475927 0.876135 1.120056 1.238607 1.304172 1.301574 1.185150 1.000934 0.958610 0.941414 0.883055 0.689471 0.478251 0.294360 0.153782 0.060854 0.026522 
0.017298 0.007311 0.002660 0.000794 0.000199 0.000065 0.000052 0.000082 0.000507 0.004536 0.037713 0.260994 0.676031 1.018484 1.194150 1.286208 1.303522 1.265739 1.080596 0.973490 0.950012 0.922525 0.798076 0.583861 0.382890 0.218657 0.098328 0.038772 
0.025163 0.010970 0.004290 0.001409 0.000381 0.000101 0.000055 0.000059 0.000196 0.001621 0.013837 0.105768 0.468512 0.856330 1.127165 1.257809 1.299194 1.294076 1.186865 1.009770 0.959318 0.939705 0.880206 0.690969 0.481720 0.296181 0.152853 0.059030 
0.037178 0.016189 0.006680 0.002386 0.000708 0.000183 0.000067 0.000056 0.000095 0.000587 0.005031 0.039874 0.261646 0.662421 1.007564 1.214802 1.288848 1.297914 1.261328 1.088794 0.976834 0.949511 0.919927 0.796868 0.586344 0.385987 0.219241 0.096492 
0.057254 0.023813 0.010131 0.003879 0.001259 0.000343 0.000098 0.000059 0.000066 0.000227 0.001821 0.014853 0.109374 0.462034 0.841947 1.135815 1.268070 1.295648 1.288768 1.187481 1.018078 0.960040 0.938417 0.877317 0.691606 0.484895 0.298412 0.151851 
0.094593 0.035594 0.015114 0.006097 0.002143 0.000633 0.000169 0.000069 0.000060 0.000108 0.000666 0.005477 0.041741 0.261845 0.651990 1.003306 1.228111 1.288753 1.293928 1.257580 1.096113 0.979955 0.949228 0.917736 0.795026 0.588251 0.389125 0.220142 
0.150994 0.055464 0.022488 0.009340 0.003509 0.001127 0.000311 0.000096 0.000062 0.000072 0.000259 0.002008 0.015746 0.112091 0.456917 0.832502 1.144463 1.272299 1.292634 1.284841 1.187943 1.025532 0.960847 0.937419 0.874355 0.691638 0.487732 0.300865 
0.221305 0.092739 0.034019 0.014085 0.005562 0.001926 0.000568 0.000158 0.000071 0.000065 0.000121 0.000743 0.005880 0.043266 0.261642 0.644710 1.003471 1.235256 1.287550 1.290686 1.254745 1.102608 0.982875 0.949133 0.915796 0.792719 0.589685 0.392168 
0.303405 0.150344 0.053683 0.021199 0.008602 0.003175 0.001011 0.000282 0.000094 0.000066 0.000079 0.000291 0.002183 0.016511 0.113918 0.453176 0.827129 1.151135 1.273693 1.289902 1.281701 1.188708 1.032160 0.961786 0.936581 0.871302 0.691202 0.490237 
0.395054 0.222653 0.091002 0.032470 0.013108 0.005073 0.001734 0.000511 0.000148 0.000073 0.000070 0.000135 0.000817 0.006238 0.044444 0.261154 0.640152 1.005237 1.239001 1.285850 1.287852 1.252723 1.108459 0.985681 0.949183 0.913960 0.790053 0.590719 
0.492428 0.305946 0.149910 0.051943 0.019957 0.007916 0.002874 0.000908 0.000258 0.000093 0.000070 0.000086 0.000322 0.002343 0.017145 0.114976 0.450653 0.824434 1.156043 1.273637 1.287351 1.279069 1.189842 1.038161 0.962870 0.935815 0.868117 0.690386 
0.591407 0.397753 0.224122 0.089419 0.030964 0.012187 0.004626 0.001562 0.000461 0.000140 0.000076 0.000074 0.000149 0.000886 0.006548 0.045303 0.260550 0.637544 1.007562 1.240810 1.283923 1.285281 1.251345 1.113864 0.988456 0.949343 0.912127 0.787072 
0.689240 0.494329 0.308434 0.149680 0.050272 0.018772 0.007282 0.002603 0.000817 0.000236 0.000092 0.000075 0.000093 0.000352 0.002486 0.017653 0.115491 0.449047 0.823425 1.159660 1.272805 1.284941 1.276797 1.191306 1.043754 0.964010 0.935149 0.864754 
0.783762 0.591784 0.400254 0.225665 0.088007 0.029519 0.011324 0.004220 0.001409 0.000417 0.000133 0.000079 0.000079 0.000162 0.000950 0.006811 0.045904 0.259931 0.636236 1.010053 1.241485 1.281907 1.282905 1.250459 1.117530 0.992653 0.949580 0.910335 
0.861234 0.687773 0.495963 0.310842 0.149634 0.048689 0.017649 0.006699 0.002359 0.000736 0.000217 0.000093 0.000079 0.000100 0.000380 0.002612 0.018050 0.115653 0.448084 0.823455 1.162391 1.271552 1.282656 1.274794 1.192499 1.049244 0.965732 0.934385 
0.908260 0.780192 0.591868 0.402567 0.227249 0.086771 0.028147 0.010521 0.003850 0.001272 0.000378 0.000127 0.000083 0.000084 0.000175 0.001008 0.007030 0.046310 0.259347 0.635770 1.012554 1.241486 1.279880 1.280690 1.249588 1.120871 0.997418 0.950058 
