0.049541 0.032330 0.015948 0.005408 0.004401 0.009103 0.026437 0.066590 0.143982 0.770372 1.520942 1.717882 1.930426 2.042527 2.037198 1.425894 0.657274 0.465768 0.276601 0.144808 0.065814 0.026329 0.016139 0.018030 0.033340 0.049681 0.061032 0.061008 
0.057420 0.040935 0.024035 0.008882 0.004653 0.005577 0.014612 0.041173 0.095612 0.382703 1.190243 1.642079 1.824154 2.013045 2.041194 1.826291 0.993383 0.537583 0.370892 0.203533 0.098708 0.038748 0.018686 0.016612 0.024116 0.041510 0.057399 0.061026 
0.060124 0.050388 0.032485 0.015403 0.005710 0.004884 0.008066 0.023511 0.061423 0.180995 0.757304 1.471585 1.755024 1.935173 2.034157 1.987469 1.460225 0.703042 0.433485 0.287213 0.143303 0.060640 0.024220 0.017130 0.018488 0.032515 0.050722 0.060119 
0.060123 0.057494 0.041437 0.023842 0.008628 0.005090 0.005679 0.012723 0.036850 0.100794 0.409757 1.132870 1.648734 1.858010 2.007184 2.022485 1.806823 1.054375 0.534569 0.344938 0.214963 0.093088 0.035098 0.018903 0.017470 0.023564 0.041619 0.057696 
0.059516 0.059466 0.051008 0.032639 0.014920 0.005975 0.005238 0.007588 0.020516 0.058868 0.194021 0.758165 1.428872 1.779531 1.954931 2.018660 1.968569 1.470739 0.747823 0.416050 0.272493 0.152276 0.053644 0.023310 0.017828 0.018993 0.031858 0.051307 
0.057464 0.059504 0.057339 0.042005 0.023698 0.008417 0.005422 0.005825 0.011407 0.033336 0.102244 0.426042 1.093518 1.644208 1.895131 2.002727 2.006137 1.797496 1.101860 0.534882 0.326327 0.209467 0.095516 0.032264 0.019198 0.018119 0.023286 0.041961 
0.051537 0.058994 0.058962 0.051419 0.032852 0.014518 0.006171 0.005523 0.007321 0.018285 0.056045 0.200421 0.757295 1.389567 1.805501 1.974976 2.005285 1.953977 1.484472 0.783556 0.404535 0.256435 0.152128 0.052913 0.022735 0.018389 0.019411 0.031581 
0.042190 0.057130 0.058986 0.057069 0.042570 0.023451 0.008420 0.005685 0.005972 0.010512 0.030466 0.101579 0.435918 1.073431 1.634199 1.925030 1.997707 1.992458 1.794012 1.134014 0.543456 0.311973 0.198808 0.097027 0.031365 0.019475 0.018645 0.023257 
0.031510 0.051562 0.058522 0.058507 0.051730 0.033011 0.014229 0.006368 0.005757 0.007179 0.016635 0.053233 0.206838 0.754675 1.363408 1.831542 1.979538 1.996395 1.941534 1.496902 0.814106 0.398135 0.241245 0.146494 0.054446 0.022656 0.018852 0.019798 
0.023384 0.042303 0.056782 0.058518 0.056809 0.043024 0.023237 0.008487 0.005910 0.006112 0.009899 0.028149 0.100783 0.443066 1.059041 1.636567 1.938325 1.992181 1.982680 1.790852 1.155504 0.559993 0.300078 0.186102 0.096574 0.031554 0.019803 0.019089 
0.020162 0.031552 0.051473 0.058084 0.058091 0.051962 0.033131 0.014033 0.006554 0.005960 0.007110 0.015408 0.050870 0.213086 0.751054 1.352611 1.846173 1.978717 1.989806 1.932347 1.504639 0.843309 0.393551 0.228843 0.138282 0.055811 0.022919 0.019267 
0.019491 0.023591 0.042350 0.056430 0.058089 0.056559 0.043402 0.023064 0.008572 0.006109 0.006248 0.009472 0.026348 0.100289 0.447430 1.051832 1.641450 1.942809 1.987033 1.975441 1.786795 1.173974 0.576941 0.290609 0.174294 0.093949 0.032055 0.020180 
0.019663 0.020516 0.031650 0.051320 0.057674 0.057706 0.052140 0.033233 0.013892 0.006725 0.006143 0.007088 0.014497 0.049053 0.216794 0.749631 1.348489 1.854776 1.975977 1.984135 1.925381 1.509826 0.870438 0.391270 0.217912 0.129625 0.055928 0.023321 
0.020578 0.019877 0.023838 0.042355 0.056078 0.057698 0.056315 0.043712 0.022936 0.008662 0.006289 0.006380 0.009177 0.024988 0.099627 0.450291 1.049060 1.646189 1.943637 1.982096 1.969447 1.782839 1.190132 0.594270 0.282921 0.163135 0.089892 0.032387 
0.023706 0.020052 0.020867 0.031772 0.051126 0.057293 0.057352 0.052265 0.033324 0.013795 0.006882 0.006311 0.007102 0.013829 0.047600 0.218773 0.749675 1.348109 1.859661 1.972481 1.978933 1.919633 1.514316 0.892201 0.394060 0.208055 0.120695 0.054937 
0.032427 0.020965 0.020256 0.024104 0.042326 0.055736 0.057338 0.056080 0.043964 0.022847 0.008753 0.006454 0.006509 0.008981 0.023953 0.098836 0.452213 1.048892 1.650484 1.942663 1.977320 1.964108 1.779913 1.203258 0.611867 0.276396 0.153455 0.084704 
0.052837 0.024008 0.020433 0.021218 0.031899 0.050909 0.056937 0.057023 0.052347 0.033405 0.013735 0.007029 0.006468 0.007141 0.013342 0.046417 0.219660 0.749939 1.351842 1.860954 1.968656 1.974017 1.914757 1.519461 0.907563 0.400943 0.199558 0.112306 
0.078872 0.032109 0.021327 0.020629 0.024379 0.042273 0.055409 0.057002 0.055854 0.044166 0.022788 0.008846 0.006608 0.006636 0.008859 0.023161 0.097997 0.452872 1.050890 1.654710 1.940390 1.972677 1.959202 1.778781 1.213512 0.628112 0.271717 0.145025 
0.104381 0.049917 0.024197 0.020804 0.021567 0.032026 0.050680 0.056604 0.056715 0.052396 0.033477 0.013704 0.007167 0.006615 0.007199 0.012991 0.045446 0.219391 0.751156 1.356858 1.860898 1.964605 1.969308 1.910728 1.524216 0.920812 0.408412 0.192535 
0.137439 0.072560 0.031475 0.021652 0.020994 0.024656 0.042204 0.055095 0.056687 0.055635 0.044328 0.022753 0.008940 0.006753 0.006761 0.008793 0.022552 0.097046 0.453047 1.054007 1.658664 1.937503 1.968133 1.954663 1.778253 1.222514 0.643156 0.268542 
0.186435 0.096890 0.046364 0.024272 0.021159 0.021910 0.032151 0.050445 0.056289 0.056424 0.052416 0.033540 0.013696 0.007300 0.006755 0.007271 0.012741 0.044616 0.218550 0.753065 1.362208 1.860136 1.960475 1.964765 1.907193 1.528700 0.932835 0.416205 
0.266263 0.130469 0.065956 0.030573 0.021937 0.021346 0.024932 0.042124 0.054794 0.056390 0.055422 0.044456 0.022737 0.009035 0.006891 0.006884 0.008767 0.022077 0.096068 0.453148 1.057637 1.662230 1.934318 1.963693 1.950372 1.778037 1.230768 0.657480 
0.424159 0.180546 0.090149 0.042360 0.024244 0.021494 0.022243 0.032275 0.050209 0.055991 0.056148 0.052412 0.033597 0.013707 0.007429 0.006886 0.007355 0.012565 0.043902 0.217545 0.755379 1.367486 1.858952 1.956349 1.960363 1.903958 1.532980 0.944124 
0.671438 0.264048 0.124048 0.059484 0.029460 0.022181 0.021681 0.025204 0.042038 0.054506 0.056109 0.055214 0.044556 0.022735 0.009134 0.007022 0.007003 0.008775 0.021702 0.095147 0.453359 1.061432 1.665383 1.930996 1.959359 1.946262 1.777975 1.238552 
0.954995 0.431854 0.175189 0.083130 0.038786 0.024126 0.021806 0.022562 0.032398 0.049976 0.055708 0.055885 0.052326 0.033709 0.013735 0.007554 0.007008 0.007446 0.012450 0.043295 0.216605 0.757396 1.373013 1.857502 1.952268 1.956085 1.900915 1.537081 
1.246038 0.684830 0.262370 0.117231 0.053537 0.028371 0.022386 0.021995 0.025471 0.041951 0.054231 0.055841 0.054996 0.044624 0.022770 0.009236 0.007144 0.007117 0.008806 0.021412 0.094334 0.453376 1.065205 1.668518 1.927623 1.955131 1.942292 1.777967 
1.541072 0.965434 0.439733 0.169439 0.075752 0.036159 0.023980 0.022093 0.022864 0.032520 0.049748 0.055439 0.055630 0.052191 0.033836 0.013795 0.007674 0.007124 0.007540 0.012380 0.042794 0.215607 0.759290 1.378564 1.855970 1.948254 1.951921 1.898001 
1.778011 1.253253 0.696341 0.262296 0.109072 0.049102 0.027497 0.022565 0.022286 0.025732 0.041865 0.053968 0.055582 0.054770 0.044660 0.022840 0.009342 0.007262 0.007228 0.008854 0.021194 0.093600 0.453243 1.068927 1.671605 1.924266 1.951004 1.938441 
