0.000850 0.003026 0.009504 0.026614 0.067423 0.148947 0.284210 0.473268 0.657295 1.410173 1.995805 1.993735 1.870736 1.670516 1.486326 0.756504 0.139079 0.066121 0.027477 0.013470 0.011659 0.013099 0.015436 0.015330 0.012378 0.008069 0.003977 0.001023 
0.000893 0.001394 0.005190 0.015400 0.041106 0.101467 0.209854 0.378739 0.542907 0.985631 1.797098 1.995287 1.956746 1.770626 1.599441 1.166595 0.374804 0.093480 0.041181 0.017425 0.012112 0.012086 0.014560 0.015410 0.014366 0.010224 0.005996 0.002032 
0.001178 0.001018 0.002468 0.008691 0.024379 0.064165 0.148098 0.294296 0.440891 0.703878 1.443251 1.945740 1.985652 1.877316 1.704565 1.439195 0.742056 0.176886 0.060195 0.024692 0.013446 0.012093 0.013111 0.015197 0.015149 0.012562 0.008110 0.003770 
0.001971 0.001058 0.001381 0.004386 0.014169 0.038248 0.097803 0.221148 0.353045 0.539511 1.046889 1.776939 1.975674 1.953078 1.802518 1.605051 1.111426 0.401501 0.098243 0.036379 0.016596 0.012431 0.012347 0.014408 0.015185 0.014400 0.010336 0.005926 
0.003626 0.001286 0.001139 0.002213 0.007583 0.022635 0.059156 0.157877 0.280275 0.422970 0.748561 1.453487 1.925990 1.970025 1.896832 1.728468 1.397613 0.743538 0.189524 0.056791 0.022583 0.013493 0.012368 0.013184 0.014991 0.014989 0.012723 0.008131 
0.005867 0.001930 0.001176 0.001407 0.003824 0.012689 0.035528 0.102347 0.216539 0.333786 0.540041 1.094306 1.766846 1.959016 1.951727 1.835708 1.603443 1.070575 0.417955 0.098526 0.033407 0.016047 0.012649 0.012572 0.014291 0.014990 0.014422 0.010435 
0.008151 0.003516 0.001364 0.001234 0.002069 0.006644 0.020615 0.060373 0.159061 0.264036 0.411131 0.784670 1.466601 1.910974 1.957194 1.920900 1.748637 1.360520 0.742544 0.194663 0.054027 0.021236 0.013518 0.012591 0.013257 0.014815 0.014848 0.012857 
0.010594 0.005783 0.001935 0.001266 0.001442 0.003422 0.011281 0.034047 0.106535 0.206284 0.319197 0.549433 1.125635 1.762473 1.945639 1.948120 1.868761 1.588760 1.051532 0.426516 0.097384 0.031364 0.015679 0.012823 0.012758 0.014194 0.014840 0.014350 
0.012951 0.008189 0.003425 0.001433 0.001310 0.001981 0.005882 0.018937 0.063514 0.154764 0.248626 0.404984 0.815488 1.477868 1.899227 1.947500 1.928280 1.776074 1.331120 0.739024 0.200328 0.051790 0.020315 0.013554 0.012774 0.013315 0.014679 0.014718 
0.014276 0.010724 0.005709 0.001962 0.001341 0.001478 0.003124 0.010120 0.033345 0.108550 0.193883 0.307260 0.566528 1.146678 1.759277 1.935432 1.942695 1.885424 1.589557 1.035072 0.432798 0.096793 0.029874 0.015439 0.012969 0.012909 0.014122 0.014708 
0.014600 0.013019 0.008217 0.003364 0.001496 0.001375 0.001924 0.005285 0.017676 0.066087 0.147711 0.236400 0.400422 0.844845 1.485513 1.889577 1.940879 1.928377 1.792483 1.318288 0.733935 0.206241 0.050212 0.019665 0.013601 0.012924 0.013369 0.014561 
0.014590 0.014205 0.010829 0.005651 0.001993 0.001406 0.001512 0.002901 0.009223 0.034776 0.106016 0.182639 0.297908 0.583556 1.165179 1.754803 1.928054 1.937754 1.891278 1.594456 1.026112 0.436051 0.096856 0.028818 0.015286 0.013093 0.013035 0.014067 
0.014457 0.014494 0.013068 0.008240 0.003322 0.001553 0.001432 0.001886 0.004829 0.017192 0.067207 0.139497 0.225865 0.398137 0.872076 1.490382 1.882316 1.935329 1.926135 1.802292 1.312998 0.731081 0.209706 0.049210 0.019218 0.013656 0.013050 0.013422 
0.014024 0.014485 0.014137 0.010912 0.005608 0.002025 0.001462 0.001546 0.002736 0.008655 0.036254 0.101592 0.171943 0.290467 0.600887 1.181229 1.750384 1.922076 1.933030 1.892876 1.599424 1.022040 0.437778 0.096832 0.028106 0.015198 0.013201 0.013143 
0.013473 0.014364 0.014398 0.013101 0.008260 0.003294 0.001603 0.001483 0.001864 0.004513 0.017035 0.067029 0.130745 0.216389 0.402765 0.891058 1.495426 1.876414 1.930292 1.922992 1.808284 1.311592 0.729909 0.211454 0.048515 0.018924 0.013715 0.013158 
0.013236 0.013989 0.014390 0.014074 0.010977 0.005579 0.002056 0.001513 0.001578 0.002621 0.008305 0.037197 0.096146 0.162862 0.284394 0.617959 1.193242 1.747997 1.916822 1.928467 1.892490 1.603971 1.020750 0.438706 0.096647 0.027624 0.015157 0.013297 
0.013252 0.013519 0.014284 0.014311 0.013121 0.008278 0.003279 0.001649 0.001529 0.001856 0.004303 0.016949 0.065555 0.122652 0.208436 0.409649 0.905601 1.500323 1.871705 1.925556 1.919472 1.811366 1.313134 0.729581 0.212177 0.047997 0.018739 0.013777 
0.013383 0.013318 0.013961 0.014304 0.014013 0.011027 0.005561 0.002086 0.001559 0.001611 0.002549 0.008077 0.037277 0.090518 0.154821 0.280186 0.633588 1.202962 1.746892 1.912093 1.924035 1.890925 1.608167 1.021357 0.438980 0.096356 0.027294 0.015149 
0.013841 0.013335 0.013559 0.014213 0.014231 0.013131 0.008294 0.003272 0.001691 0.001572 0.001858 0.004165 0.017404 0.062514 0.115037 0.201833 0.417056 0.918275 1.504798 1.867807 1.921049 1.915757 1.811958 1.317424 0.729615 0.212136 0.047595 0.018626 
0.015164 0.013461 0.013391 0.013938 0.014227 0.013956 0.011065 0.005550 0.002116 0.001602 0.001644 0.002507 0.008052 0.036703 0.084491 0.147585 0.277338 0.648156 1.211537 1.746308 1.907739 1.919726 1.888485 1.612217 1.023519 0.438535 0.095973 0.027065 
0.018565 0.013904 0.013408 0.013596 0.014151 0.014159 0.013132 0.008308 0.003272 0.001730 0.001612 0.001870 0.004109 0.017790 0.058684 0.108152 0.195797 0.424762 0.929846 1.508987 1.864384 1.916729 1.911916 1.811607 1.322389 0.730563 0.211358 0.047268 
0.026905 0.015193 0.013532 0.013455 0.013918 0.014157 0.013902 0.011093 0.005546 0.002145 0.001642 0.001677 0.002494 0.008089 0.035474 0.078646 0.141019 0.274950 0.662153 1.219417 1.745992 1.903643 1.915526 1.885635 1.615899 1.026476 0.438004 0.095466 
0.046974 0.018537 0.013967 0.013474 0.013629 0.014095 0.014093 0.013127 0.008319 0.003278 0.001768 0.001651 0.001890 0.004097 0.017784 0.054660 0.102035 0.190095 0.432376 0.940785 1.512949 1.861259 1.912555 1.908053 1.810729 1.327431 0.732121 0.210316 
0.094918 0.026788 0.015232 0.013598 0.013513 0.013901 0.014095 0.013851 0.011112 0.005546 0.002175 0.001680 0.001710 0.002501 0.008071 0.033721 0.073262 0.135058 0.272680 0.675631 1.226867 1.745801 1.899731 1.911430 1.882597 1.619163 1.029776 0.437641 
0.209295 0.046710 0.018530 0.014027 0.013534 0.013658 0.014046 0.014034 0.013106 0.008340 0.003288 0.001804 0.001688 0.001916 0.004091 0.017346 0.050710 0.096435 0.184912 0.439656 0.951249 1.516756 1.858324 1.908505 1.904221 1.809530 1.332628 0.733708 
0.437283 0.094401 0.026701 0.015276 0.013657 0.013565 0.013883 0.014043 0.013799 0.011122 0.005554 0.002204 0.001717 0.001745 0.002517 0.007949 0.031626 0.068229 0.129614 0.270717 0.688450 1.234002 1.745683 1.895960 1.907434 1.879478 1.622271 1.033168 
0.735226 0.208282 0.046482 0.018537 0.014085 0.013588 0.013685 0.014003 0.013982 0.013069 0.008365 0.003305 0.001838 0.001724 0.001945 0.004068 0.016570 0.046829 0.091248 0.180236 0.446665 0.961226 1.520468 1.855522 1.904566 1.900445 1.808187 1.337904 
1.036565 0.436869 0.093918 0.026636 0.015322 0.013713 0.013612 0.013868 0.013998 0.013748 0.011121 0.005569 0.002234 0.001752 0.001779 0.002531 0.007724 0.029273 0.063487 0.124600 0.271378 0.698361 1.240847 1.745639 1.892305 1.903536 1.876350 1.625315 
