0.007067 0.002147 0.001514 0.002837 0.009504 0.518758 1.076312 1.152040 1.290546 1.482986 1.722275 1.382963 0.990807 1.000876 0.873234 0.671649 0.461012 0.275991 0.144986 0.066003 0.028286 0.017335 0.017353 0.022879 0.027295 0.027189 0.022011 0.014343 
0.010656 0.003856 0.001672 0.001845 0.004834 0.196103 0.848298 1.115795 1.214551 1.380910 1.632541 1.601638 1.137866 0.995842 0.962253 0.773573 0.566331 0.365299 0.203737 0.098548 0.040453 0.020073 0.017339 0.019430 0.025778 0.027269 0.025532 0.018177 
0.014417 0.006862 0.002218 0.001716 0.002635 0.053399 0.503143 1.024231 1.169067 1.287071 1.538180 1.624816 1.397532 1.039745 0.979047 0.885421 0.669952 0.465039 0.279585 0.144096 0.061447 0.025851 0.018023 0.017862 0.022753 0.026896 0.026835 0.022361 
0.018389 0.010591 0.003721 0.001841 0.001946 0.015556 0.225826 0.792614 1.114754 1.216673 1.420467 1.603157 1.555897 1.189089 1.005925 0.943938 0.781214 0.566176 0.369879 0.205595 0.094735 0.036707 0.020020 0.017902 0.019696 0.025436 0.026881 0.025576 
0.022631 0.014490 0.006651 0.002311 0.001867 0.005374 0.071526 0.490939 0.999053 1.165719 1.318570 1.537286 1.591342 1.406470 1.067213 0.974931 0.873959 0.673695 0.465685 0.283735 0.143487 0.056035 0.024721 0.018432 0.018351 0.022654 0.026520 0.026554 
0.025574 0.018597 0.010533 0.003612 0.001978 0.002744 0.022789 0.234257 0.766844 1.103219 1.235638 1.441754 1.577828 1.541313 1.217505 1.010623 0.936856 0.774795 0.569690 0.371453 0.208398 0.090058 0.034122 0.020024 0.018371 0.019964 0.025116 0.026546 
0.026303 0.022850 0.014565 0.006473 0.002387 0.002170 0.007947 0.080667 0.486844 0.968500 1.176769 1.338696 1.535555 1.568699 1.410756 1.092030 0.973740 0.863022 0.672242 0.469713 0.285528 0.142831 0.051631 0.023962 0.018784 0.018769 0.022581 0.026188 
0.026274 0.025440 0.018880 0.010495 0.003473 0.002224 0.003614 0.027571 0.241728 0.735812 1.098668 1.259159 1.453447 1.560413 1.529213 1.241479 1.018099 0.927442 0.769101 0.570978 0.375327 0.208993 0.086311 0.032174 0.020082 0.018773 0.020199 0.024832 
0.025914 0.026065 0.022999 0.014687 0.006248 0.002536 0.002571 0.009951 0.087100 0.480549 0.938878 1.194750 1.356303 1.531216 1.552613 1.413513 1.116486 0.969899 0.853244 0.670039 0.472843 0.288495 0.140394 0.048731 0.023433 0.019100 0.019129 0.022512 
0.024600 0.026028 0.025299 0.019132 0.010340 0.003464 0.002545 0.004425 0.031083 0.245821 0.709713 1.092121 1.285646 1.460274 1.547264 1.517838 1.266872 1.024869 0.916149 0.763391 0.571441 0.379063 0.209914 0.082375 0.030840 0.020183 0.019108 0.020402 
0.022468 0.025671 0.025845 0.023132 0.014736 0.006033 0.002775 0.003015 0.011560 0.091432 0.473465 0.911103 1.212494 1.375404 1.525517 1.539908 1.416369 1.141680 0.962424 0.844669 0.667470 0.475252 0.291585 0.137884 0.046388 0.023117 0.019377 0.019431 
0.020563 0.024426 0.025802 0.025167 0.019344 0.010111 0.003589 0.002835 0.005211 0.033664 0.247711 0.692284 1.078829 1.311259 1.467226 1.536310 1.509023 1.282476 1.040123 0.903289 0.757946 0.571361 0.382350 0.210989 0.078741 0.029869 0.020312 0.019390 
0.019683 0.022444 0.025458 0.025643 0.023251 0.014727 0.005885 0.003023 0.003429 0.012918 0.094289 0.467938 0.892810 1.214308 1.401025 1.519039 1.529488 1.419222 1.161299 0.959580 0.835773 0.664957 0.476855 0.294463 0.135663 0.044477 0.022931 0.019621 
0.019636 0.020703 0.024281 0.025597 0.025045 0.019496 0.009916 0.003739 0.003125 0.005903 0.035633 0.248347 0.680374 1.066481 1.324515 1.480759 1.526876 1.501922 1.294934 1.053414 0.893813 0.752526 0.570906 0.384946 0.212114 0.075606 0.029145 0.020448 
0.019839 0.019903 0.022430 0.025268 0.025459 0.023330 0.014706 0.005783 0.003278 0.003819 0.014030 0.096245 0.463535 0.879167 1.211507 1.423362 1.515347 1.520637 1.422380 1.174174 0.963374 0.825922 0.662259 0.477926 0.296889 0.133871 0.042935 0.022826 
0.020586 0.019855 0.020827 0.024156 0.025411 0.024927 0.019601 0.009756 0.003905 0.003414 0.006507 0.037136 0.248490 0.671351 1.055749 1.335981 1.491028 1.519315 1.496073 1.304738 1.064098 0.888756 0.746674 0.570092 0.386995 0.213128 0.073053 0.028599 
0.022772 0.020038 0.020098 0.022421 0.025097 0.025290 0.023374 0.014679 0.005722 0.003536 0.004187 0.014938 0.097632 0.459901 0.868358 1.208885 1.441462 1.512243 1.513504 1.424675 1.184418 0.968265 0.817870 0.659197 0.478544 0.298908 0.132470 0.041716 
0.028192 0.020721 0.020053 0.020940 0.024045 0.025242 0.024811 0.019667 0.009627 0.004083 0.003699 0.007037 0.038299 0.248383 0.664130 1.047113 1.350044 1.494232 1.513189 1.491297 1.312371 1.073329 0.885882 0.741281 0.568871 0.388599 0.214039 0.071025 
0.040767 0.022756 0.020220 0.020275 0.022415 0.024943 0.025134 0.023386 0.014647 0.005696 0.003795 0.004534 0.015687 0.099188 0.456256 0.859717 1.210404 1.453446 1.508450 1.507716 1.426241 1.192850 0.973156 0.811702 0.656059 0.478735 0.300605 0.131421 
0.069449 0.027893 0.020854 0.020234 0.021043 0.023947 0.025086 0.024697 0.019698 0.009528 0.004270 0.003980 0.007507 0.039351 0.248165 0.657986 1.041657 1.362010 1.494699 1.508266 1.487164 1.318351 1.081291 0.885149 0.735864 0.567497 0.389670 0.214895 
0.130714 0.040042 0.022769 0.020389 0.020436 0.022412 0.024801 0.024989 0.023350 0.014635 0.005701 0.004052 0.004861 0.016350 0.100491 0.453076 0.853091 1.216620 1.458135 1.504874 1.502991 1.427114 1.199821 0.978105 0.807035 0.652863 0.478584 0.301901 
0.215620 0.068297 0.027682 0.020984 0.020401 0.021137 0.023859 0.024942 0.024579 0.019699 0.009463 0.004464 0.004255 0.007936 0.040257 0.247817 0.653083 1.039416 1.371134 1.493190 1.504403 1.483551 1.322910 1.088266 0.886239 0.730350 0.566024 0.390242 
0.302786 0.130285 0.039510 0.022804 0.020546 0.020585 0.022411 0.024671 0.024851 0.023269 0.014611 0.005766 0.004307 0.005175 0.016936 0.101459 0.450450 0.848616 1.223053 1.459872 1.501600 1.499190 1.427348 1.205588 0.983175 0.803582 0.649619 0.478133 
0.390460 0.216180 0.067512 0.027545 0.021111 0.020556 0.021225 0.023779 0.024806 0.024456 0.019650 0.009448 0.004672 0.004524 0.008332 0.041007 0.247314 0.649533 1.038801 1.377835 1.491168 1.500998 1.480627 1.326309 1.094382 0.888026 0.725587 0.564359 
0.477457 0.303320 0.130052 0.039145 0.022858 0.020695 0.020723 0.022412 0.024549 0.024719 0.023166 0.014541 0.005903 0.004561 0.005476 0.017453 0.102052 0.448424 0.845786 1.228643 1.460377 1.498540 1.495905 1.427366 1.210345 0.988008 0.801317 0.646405 
0.562580 0.390388 0.216577 0.067012 0.027471 0.021236 0.020702 0.021308 0.023706 0.024676 0.024331 0.019546 0.009478 0.004896 0.004790 0.008699 0.041597 0.246718 0.647105 1.039028 1.382827 1.488999 1.497881 1.478112 1.329513 1.099176 0.890206 0.721644 
0.642565 0.476686 0.303483 0.129954 0.038915 0.022928 0.020835 0.020853 0.022416 0.024434 0.024590 0.023048 0.014461 0.006068 0.004816 0.005767 0.017901 0.102333 0.446911 0.844124 1.233374 1.460236 1.495661 1.492939 1.427662 1.214345 0.992021 0.800874 
0.718561 0.560541 0.390125 0.216718 0.066740 0.027448 0.021358 0.020840 0.021387 0.023638 0.024551 0.024204 0.019442 0.009504 0.005129 0.005054 0.009038 0.042042 0.246079 0.645518 1.039745 1.386605 1.486805 1.494980 1.475939 1.332475 1.103183 0.892550 
