0.003921 0.009893 0.026306 0.066200 0.139358 0.757560 1.491889 1.679595 1.883703 2.004469 2.004469 1.410875 0.652422 0.465967 0.277694 0.145145 0.066200 0.026306 0.009468 0.005195 0.005742 0.010810 0.016201 0.019923 0.019918 0.016177 0.010536 0.004627 
0.004097 0.005414 0.015489 0.041212 0.093634 0.374957 1.169589 1.607155 1.781649 1.969599 2.004469 1.802479 0.983456 0.536115 0.371831 0.204454 0.098972 0.040594 0.014746 0.006264 0.005332 0.007739 0.013506 0.018736 0.019922 0.018751 0.013390 0.007019 
0.004828 0.004427 0.008262 0.024439 0.060748 0.177071 0.743275 1.444078 1.714531 1.890400 1.995752 1.953972 1.444848 0.698479 0.433824 0.288143 0.143976 0.063060 0.023329 0.008617 0.005565 0.005934 0.010503 0.016545 0.019626 0.019629 0.016575 0.010139 
0.006779 0.004527 0.005385 0.013265 0.037560 0.098906 0.401653 1.113663 1.613111 1.814289 1.965060 1.985307 1.782261 1.044531 0.533069 0.346112 0.215870 0.095430 0.036939 0.013058 0.006328 0.005657 0.007556 0.013524 0.018839 0.019628 0.018866 0.013398 
0.009824 0.005090 0.004742 0.007570 0.021309 0.058971 0.189929 0.744344 1.402094 1.738847 1.909760 1.980245 1.934545 1.454850 0.743323 0.416221 0.273901 0.153993 0.057533 0.020711 0.008178 0.005825 0.006132 0.010268 0.016731 0.019431 0.019438 0.016768 
0.013497 0.006676 0.004829 0.005449 0.011712 0.034159 0.101126 0.417657 1.073219 1.610595 1.848776 1.962624 1.968820 1.772214 1.091922 0.533576 0.327271 0.211146 0.099979 0.033050 0.011900 0.006413 0.005902 0.007469 0.013632 0.018754 0.019436 0.018770 
0.016820 0.009696 0.005291 0.004984 0.007169 0.018889 0.056512 0.197000 0.742626 1.364307 1.760769 1.932613 1.967271 1.919669 1.467953 0.779289 0.404636 0.257936 0.154943 0.057906 0.018559 0.007913 0.006029 0.006293 0.010172 0.016793 0.019266 0.019270 
0.018657 0.013536 0.006680 0.005060 0.005530 0.010646 0.031225 0.101040 0.427225 1.053466 1.597287 1.880987 1.958606 1.955370 1.767993 1.123621 0.542554 0.312948 0.200976 0.103387 0.031057 0.011045 0.006500 0.006095 0.007471 0.013692 0.018647 0.019269 
0.019116 0.016801 0.009655 0.005465 0.005178 0.006926 0.017070 0.053824 0.203306 0.740346 1.335679 1.787710 1.939202 1.957797 1.907717 1.479509 0.809942 0.398343 0.242966 0.150384 0.060027 0.017184 0.007738 0.006197 0.006439 0.010148 0.016791 0.019113 
0.019115 0.018537 0.013542 0.006739 0.005250 0.005615 0.009899 0.028794 0.100383 0.434780 1.038012 1.598239 1.896680 1.953149 1.945277 1.764789 1.144726 0.559291 0.301232 0.188825 0.104343 0.030257 0.010485 0.006582 0.006257 0.007524 0.013720 0.018532 
0.018969 0.018971 0.016746 0.009663 0.005622 0.005341 0.006777 0.015694 0.051415 0.210074 0.736396 1.323501 1.803370 1.939031 1.951181 1.898187 1.487143 0.839015 0.393848 0.230978 0.143093 0.061682 0.016403 0.007639 0.006339 0.006574 0.010164 0.016755 
0.018415 0.018970 0.018414 0.013533 0.006827 0.005411 0.005700 0.009366 0.026853 0.100010 0.439512 1.029949 1.602909 1.902079 1.948143 1.937932 1.760433 1.163079 0.576134 0.292054 0.177662 0.101579 0.031058 0.010155 0.006664 0.006397 0.007604 0.013729 
0.016699 0.018832 0.018831 0.016673 0.009696 0.005765 0.005483 0.006689 0.014654 0.049514 0.214245 0.734730 1.318613 1.812598 1.936627 1.945591 1.891005 1.492050 0.865957 0.391672 0.220559 0.134832 0.062033 0.016253 0.007603 0.006464 0.006699 0.010203 
0.013730 0.018299 0.018832 0.018292 0.013517 0.006929 0.005554 0.005785 0.008981 0.025361 0.099412 0.442685 1.026672 1.607584 1.903379 1.943350 1.931944 1.756143 1.179004 0.593331 0.284727 0.167022 0.096817 0.032206 0.010050 0.006749 0.006523 0.007698 
0.010253 0.016635 0.018698 0.018697 0.016593 0.009743 0.005898 0.005612 0.006642 0.013875 0.047968 0.216563 0.734678 1.317512 1.818103 1.933357 1.940498 1.885142 1.496832 0.886167 0.395246 0.211162 0.125982 0.061275 0.016415 0.007631 0.006579 0.006816 
0.007796 0.013726 0.018182 0.018698 0.018170 0.013498 0.007036 0.005683 0.005869 0.008708 0.024207 0.098640 0.444915 1.026095 1.611848 1.902758 1.938713 1.926659 1.753481 1.191500 0.610395 0.278477 0.157924 0.091069 0.032952 0.010089 0.006842 0.006638 
0.006928 0.010310 0.016567 0.018569 0.018566 0.016510 0.009797 0.006021 0.005730 0.006625 0.013292 0.046690 0.217739 0.734934 1.319463 1.821042 1.929724 1.935700 1.880351 1.501834 0.900947 0.401936 0.203132 0.117785 0.059370 0.016617 0.007705 0.006689 
0.006749 0.007896 0.013720 0.018068 0.018568 0.018051 0.013479 0.007143 0.005803 0.005954 0.008516 0.023308 0.097802 0.446032 1.027198 1.616148 1.901060 1.934206 1.921863 1.752366 1.201391 0.626032 0.274170 0.149790 0.085211 0.032920 0.010187 0.006943 
0.006798 0.007036 0.010367 0.016497 0.018443 0.018439 0.016428 0.009854 0.006138 0.005840 0.006632 0.012855 0.045630 0.217895 0.735642 1.324064 1.821545 1.925919 1.931120 1.876403 1.506424 0.913711 0.409276 0.196432 0.110025 0.056676 0.016681 0.007803 
0.007049 0.006857 0.007995 0.013712 0.017957 0.018442 0.017935 0.013460 0.007249 0.005915 0.006038 0.008385 0.022604 0.096890 0.446282 1.029853 1.620264 1.898526 1.929820 1.917441 1.751823 1.210068 0.640615 0.271245 0.142428 0.079218 0.032229 0.010273 
0.007903 0.006905 0.007142 0.010423 0.016427 0.018321 0.018315 0.016347 0.009911 0.006248 0.005946 0.006656 0.012527 0.044730 0.217211 0.737213 1.329294 1.821137 1.921996 1.926725 1.872942 1.510723 0.925341 0.416953 0.190435 0.102922 0.053312 0.016569 
0.010319 0.007155 0.006964 0.008091 0.013702 0.017847 0.018320 0.017822 0.013442 0.007351 0.006021 0.006123 0.008301 0.022045 0.095901 0.446322 1.033254 1.624011 1.895599 1.925543 1.913279 1.751559 1.218032 0.654604 0.268942 0.135739 0.073379 0.030905 
0.016256 0.007993 0.007012 0.007246 0.010477 0.016358 0.018202 0.018195 0.016269 0.009967 0.006354 0.006047 0.006693 0.012282 0.043945 0.216209 0.739309 1.334580 1.820216 1.918057 1.922477 1.869783 1.514794 0.936318 0.424645 0.184630 0.096764 0.049494 
0.029032 0.010304 0.007257 0.007070 0.008185 0.013692 0.017741 0.018200 0.017712 0.013424 0.007450 0.006123 0.006208 0.008252 0.021595 0.094927 0.446416 1.036945 1.627347 1.892492 1.921372 1.909303 1.751425 1.225556 0.668176 0.266600 0.129714 0.068054 
0.045518 0.015748 0.008066 0.007117 0.007349 0.010528 0.016290 0.018085 0.018078 0.016193 0.010022 0.006455 0.006145 0.006740 0.012099 0.043264 0.215189 0.741680 1.339675 1.818985 1.914152 1.918355 1.866817 1.518693 0.946866 0.431937 0.179350 0.091177 
0.063033 0.026846 0.010223 0.007354 0.007175 0.008276 0.013681 0.017636 0.018083 0.017605 0.013407 0.007544 0.006222 0.006294 0.008229 0.021229 0.094036 0.446666 1.040678 1.630288 1.889310 1.917304 1.905470 1.751349 1.232780 0.681070 0.264540 0.124242 
0.085986 0.041444 0.015096 0.008116 0.007220 0.007450 0.010578 0.016222 0.017972 0.017964 0.016119 0.010074 0.006553 0.006240 0.006795 0.011963 0.042681 0.214302 0.743672 1.344979 1.817556 1.910305 1.914346 1.863981 1.522497 0.956925 0.438916 0.174619 
0.119223 0.058204 0.024448 0.010085 0.007444 0.007277 0.008367 0.013668 0.017534 0.017970 0.017501 0.013391 0.007636 0.006318 0.006379 0.008226 0.020934 0.093266 0.446729 1.044326 1.633243 1.886108 1.913336 1.901755 1.751345 1.239711 0.691975 0.264174 
