0.001502 0.000235 0.000079 0.000209 0.001075 0.502161 1.016649 1.037158 1.082919 1.164885 1.320593 0.977806 0.653878 0.872742 0.985867 0.985109 0.867376 0.669083 0.461082 0.277756 0.150052 0.076128 0.043134 0.029567 0.022757 0.017015 0.010801 0.005224 
0.002983 0.000591 0.000118 0.000111 0.000458 0.187524 0.818589 1.026903 1.054920 1.114684 1.262203 1.192048 0.772993 0.735952 0.956663 0.985678 0.950839 0.769443 0.565082 0.366334 0.206951 0.105376 0.054774 0.034654 0.025317 0.019811 0.013908 0.007932 
0.005309 0.001307 0.000238 0.000113 0.000198 0.047311 0.497744 0.967821 1.040911 1.076865 1.203384 1.244664 0.974242 0.745212 0.839054 0.978424 0.976968 0.876977 0.667263 0.465007 0.281722 0.148891 0.072455 0.042019 0.028819 0.022135 0.016868 0.010920 
0.008072 0.002874 0.000536 0.000144 0.000134 0.011997 0.225546 0.773269 1.013650 1.058888 1.138793 1.234344 1.143256 0.825925 0.774712 0.926160 0.978060 0.951606 0.773336 0.565203 0.370993 0.209000 0.101678 0.052928 0.033769 0.024662 0.019410 0.013894 
0.010983 0.005330 0.001219 0.000245 0.000137 0.003100 0.068351 0.492700 0.942246 1.037591 1.096885 1.198512 1.211572 0.974622 0.787515 0.837461 0.965085 0.971447 0.881874 0.669269 0.466357 0.285969 0.147277 0.069905 0.040835 0.028077 0.021587 0.016690 
0.013837 0.008150 0.002811 0.000515 0.000164 0.000878 0.020153 0.240644 0.749830 1.001836 1.066452 1.157137 1.208307 1.122716 0.851449 0.800001 0.912169 0.969856 0.949054 0.779754 0.566602 0.373348 0.211411 0.098522 0.051292 0.032861 0.024049 0.019041 
0.016499 0.010993 0.005343 0.001177 0.000252 0.000342 0.005875 0.080095 0.487358 0.922681 1.038963 1.111795 1.194058 1.186909 0.978547 0.812863 0.842064 0.955034 0.964656 0.885847 0.673178 0.467487 0.288465 0.146532 0.067707 0.039672 0.027353 0.021094 
0.018702 0.013764 0.008168 0.002785 0.000483 0.000274 0.001748 0.025813 0.247866 0.730364 0.995357 1.079631 1.163209 1.192271 1.106986 0.869660 0.820164 0.903444 0.962250 0.944954 0.786394 0.569460 0.374643 0.212862 0.096387 0.049761 0.031973 0.023466 
0.020638 0.016315 0.010966 0.005353 0.001111 0.000326 0.000643 0.008133 0.087343 0.484316 0.902104 1.048028 1.124689 1.185005 1.170950 0.979376 0.832538 0.851394 0.943257 0.957926 0.888467 0.677927 0.469287 0.289623 0.146058 0.065864 0.038547 0.026656 
0.022913 0.018393 0.013674 0.008160 0.002726 0.000522 0.000405 0.002594 0.029808 0.253409 0.708953 0.993307 1.095017 1.164430 1.181491 1.095595 0.882010 0.837252 0.898372 0.954259 0.940561 0.792150 0.573370 0.375833 0.213328 0.094845 0.048349 0.031115 
0.025989 0.020218 0.016133 0.010917 0.005304 0.001103 0.000435 0.000953 0.009945 0.092511 0.480138 0.882645 1.056875 1.138172 1.177226 1.160017 0.978518 0.848441 0.860172 0.933955 0.950834 0.890278 0.682760 0.471946 0.290201 0.145398 0.064281 0.037474 
0.030296 0.022389 0.018106 0.013574 0.008111 0.002669 0.000602 0.000564 0.003330 0.032835 0.256653 0.688147 0.992994 1.108084 1.167462 1.172924 1.087653 0.890792 0.851374 0.895777 0.946615 0.935695 0.797732 0.577353 0.377440 0.213182 0.093441 0.047047 
0.036460 0.025354 0.019826 0.015957 0.010842 0.005224 0.001128 0.000574 0.001256 0.011398 0.098183 0.472400 0.865735 1.064925 1.150794 1.171558 1.151606 0.977760 0.861229 0.867220 0.927550 0.943885 0.891531 0.687542 0.474838 0.290854 0.144377 0.062833 
0.045830 0.029513 0.021899 0.017839 0.013463 0.008033 0.002612 0.000712 0.000744 0.003962 0.035630 0.257821 0.669068 0.993030 1.124136 1.166367 1.166570 1.081426 0.897763 0.862727 0.894800 0.939801 0.930796 0.803036 0.581190 0.379256 0.212927 0.091889 
0.061424 0.035496 0.024754 0.019464 0.015783 0.010748 0.005119 0.001187 0.000720 0.001556 0.012683 0.103236 0.463444 0.849678 1.080801 1.155759 1.166520 1.145284 0.977068 0.871486 0.873138 0.922926 0.937550 0.892396 0.692113 0.477734 0.291641 0.143132 
0.090196 0.044663 0.028762 0.021448 0.017592 0.013339 0.007933 0.002566 0.000837 0.000929 0.004547 0.038103 0.257699 0.656561 0.994779 1.134329 1.163829 1.161211 1.076894 0.903250 0.871899 0.894789 0.933894 0.926261 0.807763 0.584924 0.381152 0.212688 
0.141768 0.060022 0.034566 0.024191 0.019137 0.015610 0.010636 0.005006 0.001269 0.000860 0.001857 0.013841 0.106433 0.457130 0.840641 1.092067 1.156454 1.163175 1.139477 0.976830 0.879736 0.878456 0.919229 0.931986 0.892959 0.696344 0.480654 0.292507 
0.212461 0.088417 0.043523 0.028048 0.021032 0.017363 0.013205 0.007821 0.002536 0.000962 0.001109 0.005102 0.039985 0.256991 0.648885 0.998195 1.138677 1.161495 1.157250 1.072560 0.908273 0.878776 0.895653 0.928797 0.922229 0.811856 0.588499 0.383138 
0.293464 0.140328 0.058616 0.033671 0.023663 0.018841 0.015438 0.010513 0.004899 0.001356 0.000999 0.002144 0.014821 0.108221 0.452938 0.837407 1.097852 1.155790 1.160434 1.134380 0.977255 0.886150 0.883072 0.916368 0.927155 0.892994 0.700504 0.483569 
0.385163 0.212275 0.086566 0.042409 0.027371 0.020649 0.017152 0.013062 0.007706 0.002515 0.001088 0.001285 0.005600 0.041340 0.255871 0.645172 1.001204 1.140145 1.159273 1.153920 1.068945 0.912831 0.883841 0.897023 0.924458 0.918615 0.815326 0.592036 
0.486548 0.294470 0.138848 0.057207 0.032810 0.023170 0.018572 0.015265 0.010384 0.004798 0.001445 0.001137 0.002413 0.015613 0.108878 0.450522 0.837115 1.100628 1.154491 1.157935 1.129608 0.978621 0.891089 0.887137 0.914036 0.922997 0.891331 0.705770 
0.596159 0.387116 0.212103 0.084674 0.041320 0.026729 0.020296 0.016954 0.012913 0.007591 0.002500 0.001214 0.001456 0.006032 0.042230 0.254692 0.643819 1.003730 1.140164 1.157074 1.150853 1.065907 0.916970 0.888125 0.898346 0.920757 0.915081 0.818037 
0.710572 0.490033 0.295356 0.137350 0.055806 0.031985 0.022708 0.018326 0.015093 0.010252 0.004702 0.001536 0.001275 0.002661 0.016225 0.108869 0.449255 0.838307 1.101828 1.152846 1.155518 1.125442 0.980032 0.895336 0.890680 0.912107 0.919338 0.889401 
0.820069 0.600302 0.389462 0.211769 0.082783 0.040260 0.026123 0.019969 0.016767 0.012761 0.007477 0.002490 0.001340 0.001621 0.006398 0.042778 0.253592 0.643781 1.005944 1.139424 1.154850 1.147999 1.063394 0.920672 0.891844 0.899586 0.917530 0.911854 
0.887488 0.714711 0.493766 0.296472 0.135695 0.054425 0.031196 0.022277 0.018099 0.014924 0.010119 0.004610 0.001628 0.001410 0.002886 0.016687 0.108506 0.448687 0.840267 1.102197 1.150994 1.153138 1.121824 0.981400 0.899051 0.893780 0.910493 0.916111 
0.908955 0.821562 0.604238 0.392163 0.211519 0.080770 0.039233 0.025551 0.019666 0.016590 0.012609 0.007365 0.002485 0.001465 0.001779 0.006705 0.043092 0.252603 0.644477 1.007980 1.138259 1.152602 1.145309 1.061337 0.923990 0.895097 0.900732 0.914707 
0.913269 0.885669 0.718217 0.497545 0.297912 0.133948 0.053038 0.030443 0.021873 0.017890 0.014758 0.009987 0.004524 0.001720 0.001543 0.003089 0.017034 0.107961 0.448540 0.842643 1.102103 1.149016 1.150779 1.118668 0.982718 0.902321 0.896506 0.909128 
0.912234 0.906369 0.822627 0.607881 0.395098 0.211203 0.078914 0.038234 0.025011 0.019384 0.016422 0.012459 0.007256 0.002483 0.001587 0.001930 0.006962 0.043251 0.251719 0.645591 1.009908 1.136847 1.150338 1.142751 1.059659 0.926979 0.897960 0.901782 
