0.037550 0.144937 0.276170 0.437483 1.181637 1.888425 1.994953 1.996005 1.879950 1.705525 0.954634 0.264959 0.145956 0.066335 0.026437 0.009424 0.003037 0.002180 0.003127 0.006436 0.009789 0.012049 0.012048 0.009786 0.006374 0.003142 0.000910 0.000132 
0.009487 0.084194 0.206793 0.336662 0.756869 1.601419 1.968057 1.995742 1.959781 1.814541 1.380334 0.545686 0.190582 0.101223 0.040686 0.015274 0.004848 0.002395 0.002417 0.004599 0.008112 0.011338 0.012049 0.011343 0.008080 0.004736 0.001817 0.000327 
0.002617 0.033806 0.144585 0.255494 0.474181 1.192536 1.869477 1.988821 1.986752 1.914480 1.665458 0.947455 0.301698 0.134733 0.066138 0.024234 0.008068 0.003008 0.002400 0.003074 0.006356 0.009987 0.011871 0.011872 0.009954 0.006408 0.003223 0.000707 
0.001184 0.010891 0.083129 0.186567 0.337502 0.798236 1.590964 1.958985 1.988304 1.968167 1.834157 1.333952 0.576568 0.193623 0.091861 0.040653 0.013375 0.004425 0.002552 0.002569 0.004429 0.008171 0.011383 0.011872 0.011356 0.008181 0.004770 0.001567 
0.001280 0.003611 0.036507 0.128911 0.243168 0.506511 1.201686 1.859650 1.980974 1.983269 1.929630 1.645225 0.955260 0.315863 0.130021 0.059937 0.022850 0.007131 0.003020 0.002556 0.003038 0.006298 0.010122 0.011750 0.011743 0.010066 0.006475 0.002838 
0.001669 0.001863 0.012418 0.076651 0.171757 0.337568 0.833038 1.587234 1.950069 1.982696 1.969860 1.845119 1.315387 0.595776 0.194003 0.086219 0.036563 0.012088 0.004164 0.002672 0.002677 0.004310 0.008281 0.011343 0.011748 0.011322 0.008306 0.004591 
0.002666 0.001718 0.004550 0.035285 0.115366 0.233936 0.532481 1.213702 1.851204 1.974539 1.979487 1.935465 1.639019 0.955581 0.331884 0.125579 0.055096 0.020188 0.006518 0.003045 0.002673 0.003086 0.006208 0.010207 0.011647 0.011642 0.010172 0.006449 
0.004322 0.001955 0.002426 0.012942 0.068188 0.159830 0.338215 0.862575 1.586771 1.942468 1.978250 1.968481 1.850349 1.308618 0.609879 0.194776 0.081444 0.032332 0.010804 0.004006 0.002766 0.002777 0.004250 0.008347 0.011287 0.011645 0.011273 0.008416 
0.006369 0.002626 0.002073 0.005172 0.031739 0.103166 0.226724 0.554466 1.226273 1.844599 1.969304 1.975808 1.936506 1.637293 0.959249 0.343318 0.122054 0.049992 0.017885 0.006016 0.003076 0.002769 0.003148 0.006155 0.010240 0.011556 0.011552 0.010263 
0.008480 0.004149 0.002211 0.002847 0.012589 0.058649 0.149501 0.339549 0.888329 1.588236 1.936502 1.974182 1.965982 1.851877 1.308223 0.621844 0.195386 0.076035 0.028879 0.009718 0.003888 0.002846 0.002864 0.004235 0.008379 0.011227 0.011555 0.011229 
0.010315 0.006258 0.002696 0.002370 0.005442 0.026698 0.092719 0.219726 0.573963 1.238704 1.840016 1.964762 1.972132 1.935406 1.637321 0.965033 0.352655 0.117661 0.045459 0.015966 0.005606 0.003106 0.002850 0.003211 0.006132 0.010239 0.011473 0.011473 
0.011184 0.008504 0.004051 0.002451 0.003138 0.011524 0.049146 0.140346 0.345504 0.906334 1.591266 1.931733 1.970289 1.962950 1.851703 1.310692 0.633557 0.194461 0.070882 0.025929 0.008821 0.003795 0.002914 0.002940 0.004248 0.008390 0.011164 0.011473 
0.011401 0.010328 0.006121 0.002851 0.002623 0.005406 0.023026 0.081352 0.214435 0.591592 1.249300 1.836977 1.960650 1.968455 1.933304 1.638028 0.972124 0.360261 0.113015 0.041444 0.014354 0.005272 0.003134 0.002921 0.003274 0.006129 0.010218 0.011396 
0.011400 0.011133 0.008482 0.004017 0.002680 0.003319 0.010507 0.042013 0.129204 0.354071 0.920446 1.594433 1.927781 1.966504 1.959667 1.850697 1.314495 0.644766 0.192720 0.066109 0.023397 0.008077 0.003722 0.002974 0.003009 0.004278 0.008390 0.011100 
0.011325 0.011333 0.010299 0.006026 0.003014 0.002840 0.005276 0.020180 0.071687 0.207219 0.609226 1.258351 1.834763 1.956823 1.964794 1.930715 1.639070 0.979631 0.366679 0.108440 0.037905 0.012996 0.004998 0.003161 0.002983 0.003335 0.006138 0.010184 
0.011038 0.011331 0.011074 0.008438 0.004030 0.002884 0.003449 0.009611 0.036783 0.118446 0.360965 0.933789 1.597183 1.924315 1.962802 1.956275 1.849284 1.318869 0.655285 0.190634 0.061767 0.021223 0.007457 0.003665 0.003027 0.003071 0.004319 0.008381 
0.010144 0.011258 0.011267 0.010243 0.005969 0.003170 0.003025 0.005131 0.017944 0.063992 0.199492 0.625082 1.266627 1.832910 1.953180 1.961170 1.927895 1.640277 0.987077 0.372228 0.104119 0.034800 0.011846 0.004772 0.003187 0.003038 0.003394 0.006154 
0.008369 0.010977 0.011264 0.011011 0.008384 0.004072 0.003061 0.003551 0.008860 0.032660 0.109379 0.365969 0.945855 1.599894 1.921115 1.959172 1.952851 1.847672 1.323422 0.665030 0.188476 0.057868 0.019353 0.006937 0.003620 0.003075 0.003127 0.004364 
0.006175 0.010102 0.011193 0.011201 0.010173 0.005941 0.003314 0.003184 0.005001 0.016138 0.057789 0.192706 0.638304 1.274324 1.831296 1.949658 1.957592 1.924976 1.641551 0.994226 0.377106 0.100149 0.032086 0.010870 0.004586 0.003212 0.003088 0.003449 
0.004412 0.008357 0.010918 0.011199 0.010944 0.008329 0.004131 0.003216 0.003638 0.008240 0.029335 0.101932 0.369732 0.956314 1.602722 1.918084 1.955609 1.949438 1.845966 1.327948 0.673989 0.186404 0.054405 0.017745 0.006500 0.003586 0.003119 0.003179 
0.003502 0.006199 0.010060 0.011129 0.011135 0.010098 0.005934 0.003445 0.003322 0.004894 0.014664 0.052758 0.187031 0.649172 1.281479 1.829862 1.946227 1.954066 1.922027 1.642834 1.000969 0.381452 0.096570 0.029721 0.010040 0.004431 0.003236 0.003134 
0.003226 0.004460 0.008345 0.010860 0.011134 0.010876 0.008277 0.004200 0.003352 0.003715 0.007729 0.026630 0.095849 0.372632 0.965325 1.605617 1.915176 1.952106 1.946056 1.844219 1.332336 0.682197 0.184503 0.051354 0.016363 0.006132 0.003560 0.003160 
0.003176 0.003551 0.006225 0.010020 0.011065 0.011069 0.010022 0.005941 0.003564 0.003443 0.004809 0.013458 0.048660 0.182350 0.658138 1.288118 1.828554 1.942874 1.950594 1.919085 1.644086 1.007267 0.385370 0.093389 0.027668 0.009333 0.004303 0.003260 
0.003197 0.003270 0.004508 0.008335 0.010803 0.011068 0.010807 0.008229 0.004273 0.003473 0.003785 0.007313 0.024421 0.090883 0.374919 0.973128 1.608504 1.912364 1.948664 1.942716 1.842458 1.336529 0.689711 0.182815 0.048682 0.015174 0.005822 0.003542 
0.003283 0.003215 0.003598 0.006252 0.009981 0.011002 0.011003 0.009948 0.005956 0.003673 0.003551 0.004744 0.012472 0.045313 0.178507 0.665610 1.294273 1.827324 1.939589 1.947177 1.916165 1.645281 1.013120 0.388944 0.090592 0.025889 0.008730 0.004198 
0.003529 0.003232 0.003311 0.004554 0.008328 0.010746 0.011003 0.010739 0.008187 0.004346 0.003582 0.003849 0.006975 0.022614 0.086822 0.376774 0.979942 1.611315 1.909626 1.945280 1.939424 1.840691 1.340500 0.696600 0.181356 0.046355 0.014153 0.005559 
0.004111 0.003306 0.003252 0.003641 0.006280 0.009945 0.010939 0.010937 0.009877 0.005978 0.003773 0.003649 0.004698 0.011666 0.042576 0.175362 0.671924 1.299972 1.826134 1.936366 1.943816 1.913277 1.646399 1.018550 0.392241 0.088156 0.024352 0.008215 
0.005338 0.003521 0.003266 0.003349 0.004600 0.008322 0.010690 0.010938 0.010671 0.008150 0.004419 0.003680 0.003911 0.006702 0.021135 0.083500 0.378334 0.985948 1.614001 1.906946 1.941954 1.936181 1.838923 1.344236 0.702935 0.180128 0.044337 0.013276 
