0.016865 0.065682 0.626524 1.295693 1.460948 1.670962 1.871719 1.996546 1.525402 0.862289 0.688481 0.477092 0.286704 0.150164 0.067776 0.026668 0.009504 0.002884 0.001314 0.001673 0.005195 0.010549 0.016178 0.019916 0.019915 0.016177 0.010536 0.004627 
0.007686 0.032129 0.274661 1.003441 1.393383 1.565955 1.772498 1.959227 1.843863 1.154408 0.758356 0.582787 0.379273 0.211703 0.102180 0.041236 0.015449 0.004932 0.001706 0.001404 0.002855 0.007838 0.013363 0.018750 0.019916 0.018752 0.013390 0.006843 
0.007054 0.014008 0.098872 0.608587 1.246367 1.496994 1.669226 1.891680 1.930386 1.556476 0.914093 0.652118 0.481030 0.290995 0.149685 0.064464 0.024526 0.008368 0.002588 0.001479 0.001766 0.005018 0.010600 0.016456 0.019624 0.019625 0.016598 0.009298 
0.007615 0.008792 0.036962 0.295223 0.944542 1.403009 1.586632 1.798584 1.920710 1.823729 1.220480 0.750359 0.557582 0.386012 0.214249 0.099396 0.038550 0.013852 0.004310 0.001757 0.001551 0.002766 0.007775 0.013528 0.018772 0.019624 0.018868 0.012753 
0.009420 0.007909 0.016129 0.108570 0.603283 1.209035 1.514232 1.692608 1.886141 1.896465 1.573266 0.958208 0.629873 0.469170 0.300131 0.149709 0.060790 0.022412 0.007334 0.002446 0.001602 0.001855 0.004856 0.010652 0.016656 0.019411 0.019435 0.016386 
0.012518 0.008287 0.009964 0.041294 0.303318 0.906159 1.399203 1.617378 1.810985 1.893884 1.811747 1.265737 0.757334 0.530476 0.384651 0.222593 0.096042 0.035776 0.012326 0.003879 0.001813 0.001666 0.002694 0.007728 0.013716 0.018717 0.019429 0.018673 
0.016176 0.009633 0.008706 0.018216 0.114633 0.594889 1.173492 1.535562 1.720729 1.873159 1.873350 1.586459 0.999998 0.615548 0.449463 0.303622 0.154126 0.056705 0.020300 0.006507 0.002367 0.001703 0.001923 0.004719 0.010722 0.016786 0.019251 0.019240 
0.018471 0.012370 0.008938 0.011084 0.044698 0.306540 0.884191 1.381594 1.650259 1.820042 1.873302 1.801627 1.294814 0.775986 0.511745 0.374469 0.228874 0.095830 0.032849 0.010991 0.003568 0.001869 0.001758 0.002677 0.007661 0.013896 0.018635 0.019248 
0.019054 0.015989 0.009891 0.009474 0.020024 0.118562 0.588620 1.142923 1.544519 1.755418 1.859987 1.855383 1.595155 1.035400 0.612042 0.428276 0.301671 0.159898 0.054059 0.018311 0.005849 0.002321 0.001785 0.001987 0.004620 0.010779 0.016891 0.019095 
0.019085 0.018274 0.012282 0.009579 0.012112 0.047296 0.308937 0.865771 1.362809 1.674026 1.833845 1.858836 1.789175 1.320190 0.799694 0.497188 0.359725 0.230785 0.098194 0.030363 0.009846 0.003337 0.001919 0.001836 0.002696 0.007587 0.014054 0.018544 
0.018950 0.018882 0.015751 0.010254 0.010212 0.021541 0.121502 0.583161 1.121765 1.541645 1.786590 1.852588 1.841421 1.602330 1.059942 0.617745 0.411274 0.294646 0.164489 0.052834 0.016603 0.005319 0.002295 0.001857 0.002051 0.004548 0.010821 0.016972 
0.018455 0.018933 0.017987 0.012326 0.010222 0.013044 0.049363 0.309996 0.852463 1.346546 1.700103 1.836089 1.849796 1.778856 1.339161 0.822663 0.488700 0.343420 0.229567 0.101450 0.028481 0.008896 0.003160 0.001966 0.001905 0.002724 0.007525 0.014186 
0.017034 0.018813 0.018696 0.015446 0.010748 0.010928 0.022829 0.123601 0.578579 1.105552 1.551088 1.798665 1.846369 1.832061 1.605836 1.080912 0.627439 0.397900 0.284348 0.165509 0.053847 0.015226 0.004893 0.002280 0.001920 0.002110 0.004496 0.010855 
0.014295 0.018369 0.018784 0.017629 0.012510 0.010793 0.013948 0.050998 0.310412 0.842066 1.338500 1.718643 1.834443 1.842792 1.771928 1.352433 0.845244 0.484374 0.327591 0.224928 0.104478 0.027465 0.008129 0.003023 0.002010 0.001968 0.002754 0.007478 
0.010886 0.017080 0.018680 0.018495 0.015210 0.011222 0.011582 0.023999 0.125114 0.574635 1.094685 1.561675 1.803406 1.840705 1.825076 1.607863 1.098839 0.640606 0.386385 0.271718 0.164703 0.055749 0.014240 0.004553 0.002274 0.001978 0.002164 0.004460 
0.007444 0.014386 0.018280 0.018634 0.017305 0.012718 0.011312 0.014776 0.052382 0.310147 0.834660 1.334813 1.731590 1.831380 1.836798 1.766866 1.362676 0.863373 0.484883 0.314718 0.217497 0.106984 0.027039 0.007544 0.002918 0.002052 0.002025 0.002785 
0.004436 0.010915 0.017113 0.018546 0.018302 0.015030 0.011664 0.012178 0.025044 0.126225 0.571281 1.087782 1.570772 1.805078 1.835444 1.819315 1.609700 1.113024 0.654256 0.378530 0.258651 0.162241 0.058071 0.013574 0.004291 0.002276 0.002032 0.002215 
0.002816 0.007421 0.014465 0.018187 0.018485 0.017026 0.012926 0.011792 0.015523 0.053555 0.309485 0.829531 1.335263 1.738910 1.827852 1.831411 1.762879 1.371043 0.878902 0.489017 0.303606 0.208482 0.108259 0.027019 0.007115 0.002840 0.002093 0.002078 
0.002262 0.004423 0.010943 0.017133 0.018410 0.018120 0.014895 0.012076 0.012725 0.025964 0.127046 0.568485 1.084186 1.578068 1.804727 1.830522 1.814278 1.611346 1.124973 0.668794 0.373135 0.245395 0.158371 0.060087 0.013160 0.004096 0.002283 0.002081 
0.002127 0.002848 0.007408 0.014534 0.018091 0.018338 0.016838 0.013082 0.012238 0.016197 0.054544 0.308573 0.826336 1.338925 1.741614 1.824073 1.826461 1.759484 1.378223 0.893109 0.495877 0.293298 0.198201 0.108675 0.027158 0.006815 0.002787 0.002132 
0.002128 0.002307 0.004417 0.010972 0.017140 0.018276 0.017963 0.014796 0.012449 0.013228 0.026774 0.127638 0.566241 1.083277 1.583728 1.802861 1.825864 1.809717 1.612749 1.135666 0.683508 0.368708 0.233862 0.152742 0.061812 0.012908 0.003958 0.002297 
0.002170 0.002173 0.002879 0.007403 0.014591 0.017992 0.018198 0.016697 0.013227 0.012644 0.016809 0.055376 0.307526 0.824759 1.343349 1.742327 1.820113 1.821827 1.756438 1.384601 0.906471 0.503299 0.284429 0.187813 0.107277 0.028231 0.006610 0.002754 
0.002316 0.002171 0.002350 0.004419 0.011046 0.017090 0.018146 0.017822 0.014732 0.012790 0.013685 0.027492 0.128056 0.564357 1.084054 1.588215 1.800238 1.821399 1.805480 1.613938 1.145536 0.695516 0.367622 0.224044 0.145535 0.063092 0.012980 0.003865 
0.002740 0.002207 0.002216 0.002912 0.007421 0.014632 0.017882 0.018065 0.016583 0.013375 0.013013 0.017361 0.056085 0.306385 0.824205 1.348091 1.741942 1.816108 1.817419 1.753615 1.390402 0.918228 0.511211 0.277886 0.177147 0.104313 0.030009 0.006530 
0.003820 0.002340 0.002209 0.002392 0.004439 0.011116 0.017024 0.018020 0.017695 0.014698 0.013104 0.014100 0.028129 0.128341 0.562384 1.086148 1.591961 1.797239 1.817091 1.801468 1.615079 1.154315 0.706575 0.368856 0.214924 0.137426 0.063743 0.013348 
0.006572 0.002743 0.002242 0.002255 0.002949 0.007455 0.014655 0.017771 0.017938 0.016490 0.013527 0.013353 0.017856 0.056689 0.304945 0.824266 1.353205 1.740957 1.812128 1.813185 1.750965 1.395695 0.928817 0.520231 0.272649 0.166621 0.100107 0.031717 
0.013816 0.003826 0.002367 0.002245 0.002432 0.004476 0.011177 0.016950 0.017896 0.017576 0.014690 0.013396 0.014479 0.028690 0.128461 0.560552 1.088736 1.595406 1.794071 1.812921 1.797630 1.616135 1.162256 0.717237 0.371873 0.206381 0.128660 0.063649 
0.033104 0.006688 0.002762 0.002276 0.002292 0.002989 0.007500 0.014664 0.017660 0.017816 0.016376 0.013720 0.013667 0.018302 0.057186 0.303426 0.824644 1.358427 1.739692 1.808209 1.809098 1.748434 1.400556 0.938639 0.530301 0.267185 0.157805 0.094566 
