0.000014 0.000159 0.000935 0.003213 0.008022 0.017404 0.036324 0.563846 1.165322 1.281148 1.463263 1.669991 1.883016 1.484560 0.969120 0.867576 0.669991 0.463263 0.281148 0.152832 0.076301 0.036359 0.017404 0.008022 0.003213 0.000935 0.000159 0.000014 
0.000014 0.000050 0.000389 0.001698 0.005015 0.011540 0.024479 0.229630 0.910812 1.229427 1.369129 1.565840 1.803132 1.748218 1.187796 0.917660 0.769927 0.566627 0.369129 0.210265 0.108094 0.051502 0.024488 0.011540 0.005015 0.001698 0.000389 0.000050 
0.000023 0.000023 0.000144 0.000801 0.002868 0.007476 0.016392 0.079002 0.541855 1.114848 1.309614 1.462412 1.714147 1.789403 1.521813 1.018961 0.835439 0.668277 0.467153 0.284867 0.152093 0.073780 0.034478 0.016396 0.007475 0.002868 0.000801 0.000144 
0.000053 0.000023 0.000053 0.000338 0.001482 0.004574 0.010820 0.034274 0.254457 0.851284 1.236577 1.378892 1.600933 1.770589 1.718464 1.253411 0.904260 0.754058 0.567715 0.373655 0.212291 0.106129 0.048861 0.023147 0.010820 0.004573 0.001482 0.000338 
0.000132 0.000031 0.000031 0.000132 0.000696 0.002541 0.006909 0.018245 0.095183 0.533313 1.082955 1.315558 1.489912 1.713516 1.757558 1.531038 1.058254 0.814901 0.661851 0.470685 0.288886 0.152310 0.070653 0.032657 0.015443 0.006929 0.002541 0.000696 
0.000298 0.000056 0.000031 0.000056 0.000298 0.001298 0.004094 0.010835 0.040313 0.264777 0.818688 1.228332 1.403860 1.618654 1.746548 1.700928 1.297114 0.907899 0.731853 0.566268 0.378615 0.214945 0.103908 0.046459 0.021875 0.010121 0.004132 0.001298 
0.000609 0.000123 0.000037 0.000037 0.000123 0.000609 0.002247 0.006478 0.019889 0.103799 0.528610 1.048867 1.333129 1.511257 1.709450 1.735143 1.538093 1.096041 0.797870 0.650511 0.472441 0.293782 0.152848 0.067450 0.030959 0.014529 0.006366 0.002256 
0.001142 0.000266 0.000059 0.000037 0.000059 0.000266 0.001140 0.003714 0.010889 0.044219 0.272150 0.788739 1.220497 1.432952 1.628705 1.728720 1.685880 1.323061 0.928539 0.709610 0.561550 0.383112 0.218599 0.101655 0.044189 0.020677 0.009427 0.003702 
0.002001 0.000537 0.000116 0.000042 0.000042 0.000116 0.000536 0.002002 0.006152 0.021015 0.109535 0.522853 1.016078 1.353281 1.532916 1.703181 1.718010 1.543076 1.125800 0.797125 0.630519 0.472331 0.299115 0.153930 0.064434 0.029368 0.013646 0.005799 
0.003317 0.001008 0.000239 0.000061 0.000042 0.000061 0.000239 0.001008 0.003406 0.010905 0.046861 0.276671 0.769466 1.204182 1.462795 1.636796 1.714303 1.674276 1.342864 0.950387 0.693563 0.552251 0.385723 0.223018 0.099800 0.042065 0.019538 0.008710 
0.005242 0.001777 0.000476 0.000110 0.000047 0.000047 0.000110 0.000476 0.001799 0.005880 0.021769 0.113303 0.518921 0.994084 1.355501 1.562745 1.694926 1.704296 1.547623 1.146626 0.805019 0.611620 0.468987 0.303893 0.155505 0.062130 0.027877 0.012765 
0.007989 0.002969 0.000893 0.000217 0.000063 0.000047 0.000063 0.000217 0.000898 0.003150 0.010872 0.048625 0.279600 0.756502 1.189011 1.478395 1.652398 1.701953 1.665128 1.358081 0.968399 0.689793 0.536765 0.386440 0.227610 0.098833 0.040218 0.018424 
0.011853 0.004743 0.001581 0.000425 0.000105 0.000051 0.000051 0.000105 0.000426 0.001632 0.005644 0.022241 0.115806 0.516182 0.978306 1.351593 1.589181 1.689565 1.692747 1.551108 1.163240 0.815211 0.597582 0.462328 0.307025 0.158021 0.060320 0.026481 
0.017287 0.007311 0.002661 0.000794 0.000199 0.000065 0.000051 0.000065 0.000199 0.000808 0.002936 0.010796 0.049781 0.281620 0.747244 1.176054 1.491952 1.663673 1.691951 1.657337 1.370248 0.984246 0.690097 0.522164 0.384676 0.231736 0.099005 0.038598 
0.025109 0.010967 0.004290 0.001409 0.000381 0.000102 0.000054 0.000054 0.000102 0.000385 0.001492 0.005433 0.022508 0.117487 0.514189 0.966251 1.348117 1.610230 1.684882 1.683298 1.553390 1.177247 0.825689 0.590354 0.451546 0.308206 0.161355 0.059028 
0.037124 0.016172 0.006679 0.002386 0.000708 0.000183 0.000066 0.000054 0.000066 0.000184 0.000732 0.002754 0.010687 0.050521 0.283075 0.740220 1.165958 1.508244 1.666219 1.684486 1.650425 1.379859 0.998395 0.693494 0.509450 0.380315 0.234780 0.100314 
0.058160 0.023783 0.010126 0.003879 0.001259 0.000344 0.000098 0.000057 0.000057 0.000099 0.000351 0.001375 0.005243 0.022629 0.119614 0.511648 0.957015 1.350825 1.622158 1.679919 1.675971 1.554310 1.189127 0.836374 0.586365 0.440069 0.307548 0.165153 
0.102451 0.035792 0.015102 0.006096 0.002143 0.000634 0.000170 0.000068 0.000057 0.000068 0.000172 0.000670 0.002598 0.010556 0.051222 0.284206 0.734331 1.160364 1.521278 1.665479 1.678932 1.644568 1.386951 1.011197 0.698527 0.500253 0.373321 0.236350 
0.168944 0.057629 0.022526 0.009336 0.003508 0.001127 0.000312 0.000096 0.000060 0.000060 0.000096 0.000323 0.001276 0.005069 0.022712 0.121615 0.509269 0.950359 1.358025 1.626065 1.675569 1.670341 1.554138 1.199074 0.846976 0.585090 0.429124 0.304836 
0.236890 0.105076 0.034599 0.014090 0.005560 0.001926 0.000569 0.000159 0.000069 0.000060 0.000069 0.000162 0.000618 0.002463 0.010428 0.051848 0.285031 0.729814 1.158370 1.530628 1.663193 1.674262 1.639983 1.391938 1.022654 0.704757 0.493867 0.364470 
0.300982 0.170983 0.058488 0.021350 0.008601 0.003174 0.001011 0.000284 0.000094 0.000062 0.000062 0.000095 0.000299 0.001193 0.004916 0.022775 0.123197 0.507422 0.946120 1.364927 1.627284 1.671495 1.665692 1.553552 1.207296 0.857282 0.585936 0.418982 
0.355363 0.235983 0.107770 0.033822 0.013145 0.005072 0.001734 0.000513 0.000149 0.000070 0.000062 0.000070 0.000154 0.000574 0.002347 0.010311 0.052345 0.285578 0.726771 1.158010 1.537404 1.660442 1.670044 1.636206 1.396140 1.032289 0.711776 0.489410 
0.411347 0.294944 0.171877 0.059938 0.020333 0.007924 0.002873 0.000909 0.000260 0.000092 0.000064 0.000064 0.000093 0.000280 0.001122 0.004781 0.022811 0.124321 0.506175 0.943635 1.370852 1.627282 1.667644 1.661585 1.553195 1.214215 0.866615 0.588324 
0.487171 0.346406 0.233410 0.110426 0.033336 0.012289 0.004627 0.001563 0.000464 0.000141 0.000071 0.000064 0.000071 0.000147 0.000537 0.002247 0.010204 0.052695 0.285942 0.724905 1.158524 1.542379 1.657553 1.666129 1.632973 1.400058 1.040415 0.718806 
0.591742 0.405430 0.287686 0.171918 0.061770 0.019467 0.007309 0.002604 0.000820 0.000239 0.000090 0.000066 0.000066 0.000092 0.000263 0.001062 0.004664 0.022816 0.125072 0.505424 0.942382 1.375860 1.626616 1.663985 1.657840 1.553181 1.220236 0.874856 
0.725516 0.486486 0.337987 0.229555 0.112949 0.033082 0.011525 0.004226 0.001411 0.000421 0.000133 0.000072 0.000066 0.000073 0.000142 0.000506 0.002162 0.010103 0.052917 0.286192 0.723903 1.159557 1.546081 1.654643 1.662449 1.630139 1.403717 1.047546 
0.882264 0.595626 0.400920 0.279784 0.171252 0.063829 0.018739 0.006754 0.002362 0.000741 0.000221 0.000089 0.000067 0.000068 0.000091 0.000250 0.001011 0.004561 0.022791 0.125544 0.505047 0.941987 1.380135 1.625551 1.660497 1.654371 1.553372 1.225632 
1.053948 0.731853 0.486781 0.331156 0.223942 0.115246 0.033007 0.010848 0.003865 0.001276 0.000384 0.000127 0.000073 0.000067 0.000074 0.000137 0.000480 0.002089 0.010006 0.053037 0.286367 0.723366 1.161061 1.548874 1.651760 1.658966 1.627590 1.407173 
