0.020664 0.010204 0.002950 0.001814 0.002775 0.505227 1.031166 1.069220 1.155151 1.296919 1.519687 1.207127 0.881594 1.013356 1.008058 0.875746 0.672790 0.461117 0.275960 0.144994 0.065885 0.029100 0.021222 0.023290 0.032505 0.039223 0.039116 0.031697 
0.026181 0.015362 0.005554 0.002098 0.002054 0.188499 0.824425 1.050193 1.103978 1.215910 1.436149 1.404099 1.003669 0.947475 1.012032 0.965947 0.775357 0.566953 0.365224 0.203703 0.098265 0.040266 0.023191 0.021739 0.027262 0.037016 0.039196 0.036760 
0.032213 0.020771 0.009970 0.002973 0.002065 0.048665 0.496631 0.980305 1.077086 1.145860 1.353559 1.428136 1.209919 0.961523 0.979753 1.000510 0.885182 0.671155 0.465254 0.279437 0.143973 0.060354 0.027823 0.022102 0.023281 0.032813 0.038651 0.038587 
0.036814 0.026492 0.015290 0.005348 0.002292 0.013715 0.223839 0.774732 1.040793 1.106377 1.248259 1.409492 1.350077 1.054672 0.968044 0.992726 0.969599 0.778168 0.567189 0.369835 0.205411 0.093364 0.037386 0.023532 0.022397 0.027151 0.036923 0.038635 
0.038180 0.032598 0.020891 0.009683 0.003056 0.005148 0.069102 0.485302 0.957882 1.073585 1.173560 1.349030 1.394638 1.209178 0.989701 0.980385 0.986945 0.894474 0.672679 0.466809 0.283507 0.142829 0.054844 0.027279 0.022680 0.023585 0.032798 0.038207 
0.038200 0.036778 0.026813 0.015225 0.004968 0.003579 0.021659 0.234118 0.751738 1.030196 1.116101 1.271826 1.383236 1.329343 1.074334 0.982714 0.983665 0.963827 0.788183 0.567753 0.372337 0.207840 0.088143 0.035320 0.023830 0.022907 0.027266 0.036654 
0.037814 0.037845 0.032888 0.021019 0.008995 0.003926 0.008099 0.079294 0.481340 0.934194 1.075159 1.193964 1.346997 1.369763 1.211270 1.005619 0.983189 0.978705 0.898600 0.677968 0.466918 0.286224 0.140635 0.051398 0.026934 0.023138 0.023996 0.032663 
0.036314 0.037837 0.036605 0.027217 0.014771 0.005194 0.004969 0.026941 0.241509 0.729132 1.022297 1.133053 1.283918 1.364071 1.316223 1.088345 0.989918 0.980947 0.957558 0.795836 0.571246 0.372777 0.209041 0.083934 0.033999 0.024087 0.023352 0.027461 
0.032534 0.037456 0.037529 0.033159 0.020994 0.008483 0.005025 0.010462 0.086076 0.478010 0.908979 1.086506 1.208486 1.342853 1.352109 1.214929 1.016767 0.985433 0.972857 0.898924 0.683541 0.468746 0.286567 0.138505 0.048961 0.026748 0.023536 0.024379 
0.027648 0.035996 0.037511 0.036437 0.027548 0.014039 0.005890 0.006385 0.030725 0.247075 0.702983 1.019933 1.152891 1.290151 1.349795 1.308289 1.098911 0.996410 0.979145 0.951230 0.799672 0.576070 0.373580 0.208271 0.080778 0.033104 0.024339 0.023747 
0.024722 0.032419 0.037132 0.037242 0.033413 0.020794 0.008276 0.006014 0.012593 0.090898 0.472128 0.885207 1.102494 1.223767 1.334884 1.339419 1.218849 1.026352 0.986951 0.968677 0.896423 0.687871 0.472186 0.286278 0.135780 0.047214 0.026678 0.023895 
0.024102 0.027815 0.035710 0.037215 0.036285 0.027723 0.013523 0.006579 0.007659 0.033814 0.249454 0.678668 1.018325 1.175132 1.293351 1.338285 1.303196 1.108388 1.001369 0.977814 0.946045 0.801044 0.580028 0.375510 0.206602 0.077819 0.032508 0.024591 
0.024224 0.025030 0.032315 0.036839 0.036982 0.033546 0.020584 0.008315 0.006849 0.014467 0.094521 0.464061 0.862946 1.116330 1.242609 1.327051 1.329513 1.221371 1.036417 0.987674 0.965900 0.893229 0.690536 0.475707 0.286605 0.132425 0.045815 0.026692 
0.024841 0.024425 0.027963 0.035452 0.036946 0.036123 0.027827 0.013196 0.007215 0.008754 0.036385 0.249444 0.663504 1.007929 1.195254 1.300000 1.328897 1.298561 1.117960 1.005303 0.976787 0.942289 0.800568 0.583122 0.377940 0.205149 0.074628 0.032090 
0.026757 0.024529 0.025310 0.032218 0.036573 0.036741 0.033598 0.020177 0.008711 0.007600 0.016046 0.098065 0.456474 0.844420 1.121229 1.263819 1.321673 1.321313 1.223252 1.046185 0.988228 0.963850 0.889985 0.691845 0.478998 0.287496 0.128924 0.044537 
0.031759 0.025086 0.024724 0.028096 0.035217 0.036699 0.035955 0.027780 0.013044 0.007878 0.009711 0.038662 0.249281 0.650447 0.996717 1.212661 1.307209 1.321583 1.294326 1.127075 1.008812 0.976039 0.939290 0.799055 0.585421 0.380578 0.204094 0.071354 
0.043326 0.026845 0.024815 0.025567 0.032129 0.036328 0.036513 0.033523 0.019861 0.009169 0.008336 0.017408 0.101064 0.449864 0.830444 1.124336 1.279979 1.317990 1.314769 1.224792 1.055230 0.988826 0.962258 0.886689 0.692238 0.481901 0.288791 0.125562 
0.068161 0.031473 0.025322 0.025003 0.028216 0.035003 0.036467 0.035765 0.027653 0.013016 0.008544 0.010604 0.040590 0.248805 0.640154 0.988226 1.229391 1.308487 1.317184 1.290171 1.135417 1.012069 0.975542 0.936724 0.796863 0.587070 0.383193 0.203442 
0.122504 0.042182 0.026940 0.025083 0.025806 0.032047 0.036101 0.036291 0.033363 0.019623 0.009662 0.009059 0.018615 0.103275 0.444480 0.819600 1.132544 1.286539 1.315010 1.310431 1.225385 1.063531 0.989526 0.960985 0.883313 0.691966 0.484392 0.290302 
0.202222 0.066073 0.031215 0.025547 0.025264 0.028327 0.034806 0.036244 0.035559 0.027479 0.013076 0.009210 0.011448 0.042169 0.248153 0.632040 0.984463 1.240922 1.307892 1.313865 1.286995 1.142727 1.015163 0.975256 0.934432 0.794169 0.588179 0.385661 
0.291557 0.119933 0.041346 0.027035 0.025335 0.026030 0.031973 0.035884 0.036072 0.033148 0.019443 0.010176 0.009770 0.019688 0.104855 0.440096 0.812184 1.140003 1.289656 1.312372 1.307148 1.226177 1.070888 0.990335 0.959947 0.879843 0.691174 0.486486 
0.387801 0.201025 0.064571 0.031038 0.025760 0.025508 0.028432 0.034624 0.036025 0.035341 0.027278 0.013198 0.009871 0.012249 0.043460 0.247257 0.626140 0.985191 1.246564 1.306693 1.311066 1.284767 1.148532 1.018798 0.975141 0.932324 0.791068 0.588830 
0.488164 0.292632 0.117834 0.040741 0.027142 0.025571 0.026239 0.031909 0.035675 0.035854 0.032899 0.019310 0.010703 0.010466 0.020646 0.105800 0.436698 0.808145 1.145727 1.290568 1.309973 1.304491 1.227104 1.077550 0.991512 0.958980 0.876272 0.689949 
0.589057 0.389617 0.200065 0.063414 0.030934 0.025964 0.025738 0.028532 0.034456 0.035810 0.035115 0.027064 0.013367 0.010525 0.013011 0.044480 0.246107 0.622422 0.987156 1.249506 1.305122 1.308602 1.283122 1.152327 1.023970 0.975246 0.930170 0.787656 
0.688462 0.489337 0.293605 0.116165 0.040297 0.027263 0.025795 0.026437 0.031854 0.035471 0.035636 0.032628 0.019214 0.011236 0.011147 0.021500 0.106121 0.434264 0.806236 1.150019 1.290347 1.307732 1.302232 1.227704 1.083980 0.993518 0.957886 0.872469 
0.784002 0.588899 0.391047 0.199385 0.062522 0.030888 0.026162 0.025955 0.028629 0.034299 0.035595 0.034884 0.026846 0.013570 0.011169 0.013735 0.045243 0.244852 0.620250 0.989542 1.250919 1.303386 1.306357 1.281558 1.155842 1.029691 0.975702 0.927624 
0.868181 0.686794 0.489973 0.294442 0.114905 0.039979 0.027395 0.026007 0.026624 0.031808 0.035271 0.035417 0.032347 0.019149 0.011769 0.011810 0.022253 0.106000 0.432551 0.805660 1.153276 1.289527 1.305614 1.300157 1.228269 1.090495 0.995948 0.956934 
0.924992 0.779902 0.588384 0.392046 0.198963 0.061856 0.030888 0.026354 0.026161 0.028722 0.034151 0.035381 0.034650 0.026630 0.013809 0.011779 0.014431 0.045801 0.243573 0.619105 0.992043 1.251442 1.301592 1.304250 1.280071 1.159382 1.035753 0.976441 
