0.108540 0.088759 0.060996 0.037059 0.037222 0.065198 0.139226 0.755775 1.487541 1.679423 1.890360 2.049844 2.064560 1.509190 0.747981 0.548661 0.333995 0.173251 0.074462 0.027694 0.009504 0.002906 0.002575 0.008161 0.028335 0.057377 0.088077 0.108429 
0.108512 0.102120 0.074878 0.045557 0.037100 0.044256 0.090699 0.374537 1.165159 1.605085 1.784892 1.992790 2.060881 1.882026 1.083265 0.625324 0.441328 0.246883 0.115455 0.043933 0.015701 0.004638 0.002657 0.003971 0.016014 0.042649 0.072727 0.102062 
0.106900 0.106914 0.090566 0.058667 0.039214 0.038889 0.057656 0.173269 0.741979 1.438998 1.713953 1.897805 2.043858 2.016167 1.537777 0.800448 0.511633 0.344105 0.173292 0.070324 0.025524 0.007899 0.003153 0.002986 0.007310 0.028583 0.057688 0.089542 
0.102199 0.106910 0.102727 0.074616 0.045034 0.038970 0.043581 0.091251 0.399400 1.108878 1.610845 1.817267 1.993813 2.036935 1.862215 1.149150 0.619938 0.413119 0.258698 0.111656 0.041131 0.013492 0.004381 0.003027 0.004067 0.015389 0.042792 0.073615 
0.090582 0.105733 0.105865 0.091324 0.057643 0.040486 0.040123 0.056651 0.180206 0.742491 1.396940 1.739858 1.920562 2.026155 1.993255 1.551136 0.847116 0.490676 0.329359 0.183506 0.065672 0.022679 0.006997 0.003366 0.003287 0.007157 0.028068 0.058203 
0.074653 0.101912 0.105832 0.102229 0.075058 0.044946 0.040214 0.044255 0.091672 0.410431 1.069716 1.607341 1.850487 1.995947 2.017930 1.851973 1.199126 0.621223 0.389853 0.254499 0.117106 0.037348 0.011825 0.004293 0.003307 0.004255 0.014813 0.042855 
0.058754 0.091277 0.104852 0.104931 0.091507 0.057421 0.041397 0.041224 0.057119 0.183216 0.737353 1.360152 1.759307 1.948114 2.012434 1.976441 1.565666 0.886411 0.476617 0.310429 0.185802 0.066433 0.020089 0.006423 0.003554 0.003544 0.007132 0.027499 
0.042968 0.075687 0.101438 0.104911 0.101575 0.075114 0.045446 0.041267 0.045198 0.092617 0.413958 1.048752 1.590378 1.884833 1.996354 2.003436 1.846962 1.226039 0.638154 0.372749 0.242920 0.122126 0.035092 0.010557 0.004273 0.003546 0.004441 0.014306 
0.027013 0.059328 0.091784 0.104043 0.104077 0.091219 0.057616 0.042312 0.042250 0.058035 0.185793 0.731355 1.331211 1.777428 1.966703 2.001665 1.964317 1.574997 0.920832 0.471558 0.291606 0.181394 0.069643 0.018261 0.006026 0.003728 0.003770 0.007131 
0.013873 0.043153 0.076548 0.100970 0.104069 0.100863 0.075029 0.046153 0.042265 0.046196 0.093921 0.415532 1.031283 1.581983 1.910644 1.992925 1.992328 1.842091 1.247915 0.659412 0.359088 0.227975 0.124395 0.034166 0.009659 0.004303 0.003739 0.004621 
0.007154 0.026651 0.059851 0.092159 0.103294 0.103267 0.090754 0.057954 0.043237 0.043248 0.059110 0.189689 0.723408 1.314765 1.794581 1.972355 1.992776 1.954620 1.581715 0.952954 0.468466 0.277142 0.172743 0.072459 0.017125 0.005783 0.003880 0.003959 
0.004778 0.013552 0.043251 0.077371 0.100510 0.103287 0.100132 0.074905 0.046917 0.043240 0.047216 0.095720 0.415273 1.019086 1.584149 1.922806 1.987670 1.983237 1.837224 1.267335 0.679946 0.348889 0.214077 0.122087 0.035092 0.009094 0.004355 0.003899 
0.004119 0.007191 0.026330 0.060311 0.092511 0.102593 0.102498 0.090228 0.058331 0.044159 0.044234 0.060336 0.192146 0.717180 1.306461 1.807894 1.971454 1.986562 1.945625 1.589200 0.973640 0.474696 0.264632 0.162730 0.073590 0.016778 0.005654 0.004013 
0.004040 0.004913 0.013281 0.043320 0.078138 0.100072 0.102569 0.099407 0.074755 0.047702 0.044178 0.048278 0.097314 0.413955 1.011820 1.589948 1.926787 1.982785 1.976328 1.834123 1.281420 0.699739 0.342623 0.200943 0.116565 0.036823 0.008845 0.004424 
0.004136 0.004258 0.007224 0.026040 0.060729 0.092833 0.101945 0.101779 0.089672 0.058728 0.045059 0.045203 0.061563 0.193161 0.712888 1.303351 1.816634 1.968786 1.981171 1.939162 1.594931 0.990580 0.483891 0.254073 0.151591 0.073141 0.016945 0.005625 
0.004508 0.004166 0.005030 0.013037 0.043385 0.078840 0.099667 0.101904 0.098711 0.074591 0.048476 0.045095 0.049329 0.098552 0.412116 1.008120 1.595763 1.927651 1.978074 1.970669 1.832088 1.292755 0.719146 0.337148 0.190022 0.109362 0.038067 0.008827 
0.005673 0.004252 0.004382 0.007248 0.025781 0.061112 0.093126 0.101344 0.101105 0.089117 0.059115 0.045940 0.046153 0.062693 0.193139 0.710118 1.302986 1.822557 1.965469 1.976223 1.934172 1.599478 1.005951 0.493228 0.245194 0.141383 0.070942 0.017217 
0.008915 0.004607 0.004284 0.005131 0.012814 0.043446 0.079481 0.099290 0.101285 0.098048 0.074412 0.049234 0.045994 0.050342 0.099440 0.410131 1.006552 1.601152 1.927052 1.973534 1.965710 1.830503 1.302714 0.737407 0.333155 0.180312 0.101992 0.038160 
0.017303 0.005765 0.004365 0.004496 0.007264 0.025547 0.061464 0.093391 0.100786 0.100476 0.088569 0.059486 0.046804 0.047081 0.063703 0.192507 0.708342 1.304080 1.826807 1.961914 1.971578 1.929952 1.603470 1.020060 0.502828 0.237628 0.131837 0.067597 
0.037304 0.008999 0.004715 0.004398 0.005221 0.012607 0.043505 0.080068 0.098937 0.100708 0.097421 0.074221 0.049974 0.046873 0.051305 0.100060 0.408158 1.006211 1.606133 1.925721 1.969162 1.961172 1.829231 1.311765 0.753172 0.332022 0.171509 0.094523 
0.063367 0.017146 0.005865 0.004477 0.004604 0.007273 0.025333 0.061787 0.093630 0.100266 0.099887 0.088030 0.059842 0.047648 0.047981 0.064602 0.191541 0.706951 1.306172 1.830057 1.958302 1.967165 1.926189 1.607337 1.032469 0.512901 0.230883 0.123393 
0.087447 0.035574 0.009033 0.004824 0.004509 0.005303 0.012455 0.043518 0.080606 0.098607 0.100171 0.096828 0.074021 0.050697 0.047731 0.052220 0.100492 0.406078 1.006561 1.610956 1.924025 1.964949 1.956921 1.828378 1.319903 0.765772 0.333819 0.163702 
0.116042 0.058462 0.016871 0.005955 0.004588 0.004707 0.007289 0.025139 0.062198 0.093716 0.099780 0.099335 0.087504 0.060184 0.048473 0.048853 0.065410 0.190293 0.705831 1.308759 1.832809 1.954718 1.962942 1.922778 1.611271 1.042838 0.523059 0.225295 
0.157012 0.080793 0.033198 0.009026 0.004929 0.004617 0.005383 0.012397 0.043498 0.081073 0.098264 0.099669 0.096266 0.073814 0.051401 0.048568 0.053088 0.100770 0.403917 1.007295 1.615673 1.922185 1.960886 1.952901 1.828038 1.327054 0.776866 0.336518 
0.220943 0.109375 0.053418 0.016187 0.006032 0.004695 0.004809 0.007328 0.025004 0.062685 0.093615 0.099317 0.098818 0.086996 0.060509 0.049276 0.049698 0.066138 0.188841 0.704981 1.311484 1.835301 1.951211 1.958890 1.919689 1.615104 1.051960 0.532795 
0.339865 0.151213 0.074445 0.030346 0.008904 0.005030 0.004724 0.005467 0.012376 0.043554 0.081434 0.097892 0.099193 0.095738 0.073605 0.052084 0.049382 0.053913 0.100924 0.401774 1.008232 1.620227 1.920313 1.956970 1.949089 1.827989 1.333532 0.786880 
0.542204 0.217568 0.103233 0.048160 0.015234 0.006075 0.004800 0.004910 0.007380 0.024958 0.063115 0.093452 0.098867 0.098329 0.086574 0.060754 0.050057 0.050514 0.066799 0.187889 0.703716 1.315708 1.836128 1.947806 1.955000 1.916844 1.618817 1.060206 
0.796129 0.343720 0.145585 0.068813 0.027103 0.008683 0.005119 0.004828 0.005554 0.012392 0.043661 0.081699 0.097514 0.098733 0.095256 0.073400 0.052731 0.050172 0.054700 0.101143 0.399576 1.009712 1.624497 1.918088 1.953201 1.945461 1.828118 1.339511 
