0.147521 0.231091 0.813378 1.510705 1.679423 1.868092 1.984622 1.984622 1.392930 0.654585 0.488442 0.332556 0.232333 0.174399 0.135196 0.098091 0.060740 0.029009 0.008328 0.001302 0.000076 0.000071 0.001257 0.008190 0.028281 0.057365 0.088077 0.105746 
0.120607 0.178857 0.455961 1.207028 1.613660 1.773757 1.949940 1.984622 1.781069 0.973000 0.550746 0.409217 0.275487 0.198080 0.152456 0.116412 0.079416 0.044172 0.016459 0.003365 0.000384 0.000072 0.000367 0.003286 0.016334 0.042620 0.072721 0.096333 
0.105436 0.141237 0.262695 0.806887 1.464203 1.711710 1.875201 1.975952 1.933734 1.427155 0.696246 0.462290 0.341377 0.229743 0.171295 0.133356 0.097914 0.061575 0.029183 0.007384 0.001207 0.000150 0.000146 0.001171 0.007278 0.028976 0.057670 0.085255 
0.094318 0.118861 0.180552 0.482991 1.155833 1.618895 1.803958 1.946013 1.965397 1.761253 1.028826 0.550024 0.387703 0.284400 0.193871 0.149762 0.115435 0.079744 0.044886 0.015779 0.003016 0.000416 0.000147 0.000402 0.002954 0.016067 0.043323 0.071602 
0.083427 0.103522 0.140420 0.271585 0.810917 1.425203 1.734559 1.893272 1.960551 1.914361 1.435557 0.738451 0.448574 0.328675 0.237250 0.166303 0.131546 0.097590 0.062211 0.029166 0.006857 0.001133 0.000214 0.000211 0.001104 0.006870 0.029438 0.057462 
0.070702 0.092108 0.117359 0.182436 0.497256 1.118060 1.617998 1.835765 1.943731 1.949004 1.750550 1.072335 0.551018 0.373637 0.279403 0.199037 0.144580 0.114646 0.079900 0.045397 0.015311 0.002793 0.000445 0.000212 0.000434 0.002769 0.016093 0.043450 
0.057089 0.081655 0.101577 0.139941 0.278515 0.807658 1.391187 1.754332 1.915422 1.947686 1.899390 1.446606 0.771245 0.440155 0.316127 0.237487 0.168570 0.127149 0.097273 0.062618 0.029171 0.006510 0.001090 0.000270 0.000267 0.001073 0.006683 0.029683 
0.043386 0.069727 0.089891 0.115963 0.184175 0.504789 1.099423 1.605428 1.867083 1.939620 1.935612 1.745344 1.107278 0.553934 0.362637 0.271133 0.201813 0.144422 0.111365 0.079946 0.045744 0.015014 0.002650 0.000476 0.000268 0.000469 0.002677 0.016160 
0.029740 0.056667 0.079843 0.099668 0.139534 0.287206 0.802106 1.363504 1.781372 1.921486 1.938618 1.887043 1.458503 0.798672 0.433337 0.305447 0.233700 0.171627 0.124852 0.095798 0.062845 0.029195 0.006285 0.001071 0.000320 0.000318 0.001071 0.006600 
0.016186 0.043204 0.068724 0.087696 0.114591 0.186419 0.511399 1.082805 1.607585 1.882174 1.934335 1.925724 1.742358 1.128587 0.565498 0.353406 0.262556 0.201454 0.146327 0.108598 0.079409 0.046020 0.014837 0.002562 0.000508 0.000319 0.000506 0.002642 
0.006571 0.029695 0.056151 0.078038 0.097782 0.139272 0.295440 0.797102 1.351023 1.797437 1.921295 1.932182 1.877730 1.466353 0.823345 0.429142 0.296625 0.228286 0.173144 0.125288 0.093460 0.062714 0.029323 0.006145 0.001069 0.000366 0.000366 0.001087 
0.002639 0.016197 0.042923 0.067666 0.085710 0.113090 0.188686 0.516073 1.074063 1.612506 1.887608 1.929460 1.918569 1.738804 1.144849 0.578996 0.346318 0.254433 0.199066 0.148305 0.107370 0.078283 0.046019 0.014829 0.002514 0.000542 0.000366 0.000546 
0.001114 0.006600 0.029560 0.055542 0.076358 0.095978 0.138834 0.301530 0.795068 1.345727 1.806899 1.918997 1.926737 1.870905 1.471130 0.845848 0.427459 0.288890 0.222185 0.173109 0.126609 0.091743 0.062151 0.029470 0.006085 0.001079 0.000410 0.000411 
0.000587 0.002662 0.016204 0.042551 0.066596 0.083865 0.111597 0.190222 0.520140 1.070398 1.617122 1.889038 1.924802 1.912779 1.735219 1.158489 0.593136 0.340209 0.247199 0.195443 0.149537 0.107722 0.076674 0.045810 0.014944 0.002498 0.000577 0.000410 
0.000454 0.001150 0.006658 0.029377 0.054861 0.074770 0.094264 0.138186 0.306055 0.795269 1.344563 1.812118 1.915861 1.921796 1.865383 1.474555 0.866952 0.426693 0.282078 0.216164 0.171759 0.128118 0.090852 0.061219 0.029630 0.006090 0.001099 0.000452 
0.000452 0.000629 0.002701 0.016209 0.042119 0.065513 0.082132 0.110118 0.191134 0.523968 1.069916 1.621066 1.888441 1.920313 1.907693 1.731817 1.170754 0.607026 0.334710 0.240882 0.191273 0.149843 0.108688 0.075326 0.045425 0.015159 0.002508 0.000614 
0.000493 0.000496 0.001191 0.006734 0.029164 0.054131 0.073248 0.092627 0.137369 0.309561 0.796291 1.347541 1.813630 1.912345 1.917158 1.860569 1.477782 0.886503 0.426246 0.276067 0.210550 0.169536 0.129231 0.091033 0.059988 0.029671 0.006145 0.001128 
0.000651 0.000494 0.000671 0.002750 0.016214 0.041647 0.064388 0.080515 0.108657 0.191602 0.527068 1.071916 1.624813 1.886463 1.915955 1.903011 1.728938 1.182143 0.620009 0.329991 0.235119 0.186980 0.149295 0.109869 0.074616 0.044739 0.015373 0.002541 
0.001163 0.000533 0.000538 0.001235 0.006823 0.028931 0.053354 0.071776 0.091068 0.136429 0.311966 0.798486 1.352064 1.813677 1.908582 1.912719 1.856257 1.482289 0.901076 0.428452 0.270696 0.205208 0.167048 0.129582 0.091721 0.059006 0.029529 0.006221 
0.002585 0.000691 0.000534 0.000713 0.002806 0.016221 0.041143 0.063207 0.079011 0.107231 0.191653 0.529913 1.075275 1.628342 1.883821 1.911684 1.898603 1.727809 1.191682 0.631551 0.326507 0.229766 0.182712 0.148278 0.110651 0.074720 0.043863 0.015455 
0.006276 0.001203 0.000573 0.000579 0.001282 0.006922 0.028682 0.052532 0.070339 0.089594 0.135392 0.313718 0.801631 1.357072 1.812986 1.904719 1.908414 1.852634 1.487064 0.911617 0.433198 0.265715 0.200357 0.164317 0.129465 0.092474 0.058657 0.029019 
0.015211 0.002629 0.000731 0.000575 0.000756 0.002867 0.016230 0.040607 0.062010 0.077560 0.105857 0.191423 0.532826 1.079351 1.631526 1.880861 1.907490 1.894469 1.727835 1.199340 0.642347 0.323925 0.224866 0.178672 0.147009 0.110969 0.075169 0.043316 
0.028427 0.006249 0.001244 0.000614 0.000620 0.001329 0.007029 0.028419 0.051680 0.068923 0.088171 0.134323 0.315200 0.805382 1.362126 1.811870 1.900833 1.904235 1.849555 1.491553 0.920844 0.438277 0.261180 0.195995 0.161572 0.128989 0.093039 0.058749 
0.043092 0.014799 0.002653 0.000771 0.000615 0.000799 0.002932 0.016241 0.040049 0.060803 0.076141 0.104521 0.191080 0.535918 1.083754 1.634351 1.877742 1.903384 1.890565 1.728223 1.206198 0.652496 0.321750 0.220439 0.174938 0.145471 0.111014 0.075686 
0.059048 0.027908 0.006160 0.001281 0.000654 0.000661 0.001378 0.007144 0.028145 0.050808 0.067519 0.086784 0.133256 0.316659 0.809491 1.367029 1.810483 1.896974 1.900180 1.846775 1.495838 0.929347 0.443238 0.257142 0.192001 0.158824 0.128352 0.093350 
0.076112 0.043082 0.014361 0.002657 0.000811 0.000656 0.000842 0.002999 0.016253 0.039477 0.059588 0.074743 0.103218 0.190725 0.539234 1.088260 1.636826 1.874550 1.899378 1.886828 1.728766 1.212593 0.662005 0.319951 0.216429 0.171417 0.143816 0.110851 
0.093481 0.059383 0.027519 0.006045 0.001311 0.000695 0.000703 0.001428 0.007262 0.027865 0.049921 0.066120 0.085421 0.132213 0.318228 0.813747 1.371740 1.808912 1.893171 1.896241 1.844175 1.499987 0.937299 0.448035 0.253563 0.188297 0.156111 0.127555 
0.110521 0.076432 0.043172 0.013982 0.002649 0.000849 0.000697 0.000886 0.003068 0.016265 0.038893 0.058365 0.073358 0.101944 0.190415 0.542742 1.092744 1.639010 1.871339 1.895473 1.883224 1.729401 1.218643 0.670949 0.318497 0.212660 0.168180 0.142069 
