0.109855 0.097996 0.086613 0.093454 0.150998 0.277744 0.460841 0.669195 0.866451 0.979472 1.516920 1.936941 1.756819 1.567609 1.384492 1.250012 0.610231 0.052622 0.017571 0.004272 0.000844 0.000393 0.001271 0.008182 0.028283 0.057365 0.088077 0.108428 
0.109499 0.105408 0.090822 0.088323 0.109551 0.205870 0.366135 0.565018 0.769210 0.919363 1.209271 1.794111 1.870531 1.662214 1.475289 1.327982 0.976474 0.260217 0.029659 0.008454 0.001814 0.000506 0.000612 0.003218 0.016325 0.042621 0.072721 0.101735 
0.107558 0.108476 0.097717 0.088948 0.093630 0.142984 0.281176 0.464913 0.667114 0.833572 1.028079 1.555063 1.851426 1.792412 1.566078 1.415096 1.203278 0.588108 0.092599 0.015415 0.003801 0.000833 0.000532 0.001290 0.007147 0.028987 0.057671 0.089049 
0.101996 0.108246 0.104442 0.091988 0.090118 0.107139 0.201451 0.370736 0.566013 0.751305 0.906512 1.274324 1.769118 1.836673 1.692783 1.488772 1.335665 0.919635 0.282754 0.037614 0.007447 0.001650 0.000607 0.000722 0.002944 0.015946 0.042992 0.073360 
0.089912 0.106684 0.107295 0.097731 0.090586 0.094374 0.137390 0.282845 0.468375 0.659907 0.813268 1.067371 1.566681 1.819784 1.790229 1.590778 1.424994 1.168983 0.582869 0.106441 0.016438 0.003360 0.000868 0.000636 0.001306 0.006750 0.028923 0.058176 
0.074044 0.102112 0.107142 0.103709 0.092963 0.091533 0.106075 0.197680 0.374859 0.564141 0.728766 0.909669 1.317026 1.755646 1.812395 1.708046 1.514956 1.328990 0.885188 0.293892 0.042208 0.007252 0.001549 0.000694 0.000803 0.002834 0.015541 0.043239 
0.058642 0.090671 0.105885 0.106284 0.097835 0.091890 0.095168 0.133365 0.284757 0.469500 0.647501 0.796605 1.103745 1.576977 1.798208 1.784357 1.611501 1.444328 1.134509 0.578549 0.113868 0.017417 0.003189 0.000908 0.000721 0.001339 0.006519 0.028716 
0.043416 0.074856 0.101982 0.106184 0.103115 0.093806 0.092710 0.105537 0.195518 0.377129 0.559344 0.707027 0.928297 1.344207 1.742900 1.794745 1.716073 1.545035 1.320187 0.856529 0.300826 0.045087 0.007316 0.001525 0.000768 0.000876 0.002788 0.015172 
0.028460 0.059136 0.091298 0.105134 0.105417 0.097968 0.092984 0.095917 0.131239 0.286041 0.468236 0.628304 0.793332 1.136252 1.582581 1.781784 1.775077 1.638992 1.460717 1.101608 0.573149 0.118464 0.018206 0.003162 0.000957 0.000795 0.001381 0.006362 
0.014822 0.043612 0.075779 0.101604 0.105346 0.102624 0.094545 0.093717 0.105480 0.194696 0.377139 0.550416 0.690189 0.950258 1.365407 1.731983 1.780107 1.727643 1.572139 1.302651 0.837379 0.304814 0.047032 0.007474 0.001549 0.000835 0.000941 0.002772 
0.006243 0.028209 0.059696 0.091777 0.104411 0.104665 0.098110 0.093924 0.096658 0.130725 0.285416 0.464923 0.609453 0.800839 1.157832 1.588558 1.768076 1.766991 1.670461 1.461868 1.078427 0.568971 0.121367 0.018845 0.003208 0.001014 0.000862 0.001426 
0.002771 0.014494 0.043878 0.076588 0.101188 0.104602 0.102207 0.095198 0.094607 0.105858 0.194149 0.375170 0.535703 0.684445 0.970119 1.382156 1.723197 1.767805 1.742587 1.589962 1.285899 0.823699 0.307118 0.048384 0.007666 0.001600 0.000900 0.001003 
0.001471 0.006144 0.028028 0.060233 0.092123 0.103748 0.104003 0.098252 0.094755 0.097420 0.130744 0.284105 0.457997 0.594432 0.811487 1.176138 1.593029 1.756653 1.761501 1.697978 1.457698 1.061597 0.565408 0.123358 0.019362 0.003292 0.001075 0.000926 
0.001062 0.002775 0.014228 0.044130 0.077297 0.100778 0.103939 0.101846 0.095784 0.095421 0.106417 0.194018 0.371051 0.520819 0.684510 0.987282 1.395789 1.714535 1.760289 1.745620 1.611470 1.272158 0.813502 0.308359 0.049379 0.007864 0.001667 0.000963 
0.000988 0.001515 0.006067 0.027897 0.060714 0.092394 0.103149 0.103416 0.098383 0.095512 0.098170 0.131067 0.282306 0.447603 0.585279 0.822679 1.191535 1.594787 1.748850 1.756621 1.708415 1.465608 1.048641 0.560931 0.126104 0.019792 0.003392 0.001139 
0.001025 0.001119 0.002785 0.014018 0.044305 0.077967 0.100394 0.103349 0.101529 0.096318 0.096177 0.107059 0.194248 0.364954 0.507428 0.687547 1.002808 1.405052 1.708392 1.754679 1.744570 1.627081 1.265968 0.804786 0.309132 0.050470 0.008055 0.001740 
0.001204 0.001049 0.001559 0.006009 0.027762 0.061136 0.092649 0.102610 0.102894 0.098504 0.096212 0.098897 0.132036 0.279601 0.435015 0.580595 0.834305 1.203930 1.595430 1.743107 1.752151 1.712671 1.474800 1.039686 0.556959 0.128448 0.020237 0.003497 
0.001816 0.001088 0.001177 0.002799 0.013826 0.044449 0.078574 0.100049 0.102823 0.101248 0.096809 0.096883 0.107853 0.194677 0.357308 0.495518 0.692960 1.016383 1.411698 1.703927 1.749890 1.742281 1.638254 1.263195 0.798322 0.309415 0.051475 0.008256 
0.003608 0.001270 0.001110 0.001604 0.005962 0.027629 0.061512 0.092884 0.102130 0.102429 0.098635 0.096828 0.099644 0.133678 0.275992 0.422061 0.578492 0.845685 1.214041 1.595736 1.738399 1.747988 1.714372 1.482827 1.033763 0.553869 0.130137 0.020670 
0.008458 0.001894 0.001150 0.001234 0.002817 0.013649 0.044570 0.079121 0.099743 0.102354 0.100984 0.097279 0.097532 0.108857 0.195085 0.347732 0.486431 0.699443 1.028195 1.416934 1.700336 1.745591 1.739584 1.646328 1.262149 0.793816 0.309382 0.052302 
0.021060 0.003721 0.001336 0.001171 0.001650 0.005921 0.027499 0.061846 0.093098 0.101702 0.102012 0.098789 0.097342 0.100426 0.135722 0.271408 0.409536 0.578469 0.856321 1.222565 1.595914 1.734277 1.744089 1.714768 1.489466 1.029995 0.551599 0.131249 
0.052942 0.008653 0.001974 0.001212 0.001291 0.002838 0.013484 0.044672 0.079615 0.099473 0.101934 0.100762 0.097704 0.098113 0.110021 0.195123 0.336621 0.480388 0.706346 1.038555 1.421317 1.697234 1.741636 1.736759 1.651113 1.263204 0.790797 0.309172 
0.131926 0.021395 0.003834 0.001403 0.001232 0.001697 0.005886 0.027372 0.062143 0.093297 0.101319 0.101641 0.098940 0.097806 0.101193 0.137862 0.265589 0.398231 0.580086 0.866131 1.229936 1.596020 1.730536 1.740417 1.714128 1.494798 1.028153 0.549984 
0.308817 0.053418 0.008832 0.002053 0.001274 0.001348 0.002861 0.013330 0.044758 0.080061 0.099233 0.101561 0.100574 0.098090 0.098653 0.111206 0.194312 0.325758 0.476134 0.713388 1.047749 1.425110 1.694436 1.737947 1.733845 1.652723 1.266414 0.789069 
0.548943 0.132233 0.021673 0.003942 0.001469 0.001293 0.001745 0.005856 0.027248 0.062409 0.093478 0.100979 0.101314 0.099085 0.098231 0.101932 0.139467 0.257669 0.390086 0.582623 0.875193 1.236429 1.596066 1.727069 1.736921 1.712539 1.498956 1.028104 
0.788524 0.308333 0.053746 0.008993 0.002131 0.001337 0.001406 0.002886 0.013185 0.044829 0.080463 0.099020 0.101230 0.100413 0.098444 0.099156 0.112241 0.191399 0.316363 0.473851 0.720325 1.055811 1.428651 1.691855 1.734458 1.730826 1.653048 1.270030 
1.029277 0.548264 0.132203 0.021897 0.004046 0.001536 0.001354 0.001793 0.005830 0.027128 0.062646 0.093643 0.100678 0.101026 0.099224 0.098622 0.102605 0.139471 0.249815 0.383983 0.585961 0.883399 1.242231 1.596207 1.723807 1.733550 1.710473 1.502283 
1.273859 0.788770 0.307683 0.053936 0.009136 0.002208 0.001400 0.001464 0.002912 0.013049 0.044887 0.080826 0.098832 0.100939 0.100276 0.098773 0.099618 0.112817 0.187089 0.308423 0.473040 0.727006 1.062815 1.432173 1.689472 1.731114 1.727781 1.652656 
