0.000431 0.003239 0.010230 0.028794 0.071685 0.152966 0.285822 0.470475 0.650731 1.399078 1.986621 1.985776 1.867428 1.669071 1.486130 0.756530 0.140133 0.068327 0.031702 0.017685 0.012841 0.010557 0.008104 0.005225 0.002550 0.000737 0.000113 0.000006 
0.000112 0.001239 0.005689 0.016618 0.044720 0.105879 0.212919 0.378148 0.538620 0.976425 1.786393 1.986410 1.951186 1.768250 1.598541 1.166795 0.375083 0.095254 0.044543 0.022400 0.014622 0.011435 0.009384 0.006664 0.003862 0.001465 0.000296 0.000033 
0.000053 0.000414 0.002633 0.009534 0.026376 0.068945 0.152125 0.295534 0.438920 0.696395 1.432651 1.936406 1.977604 1.873778 1.702955 1.439204 0.741932 0.177889 0.062756 0.029881 0.017364 0.012630 0.010351 0.008035 0.005263 0.002605 0.000654 0.000099 
0.000064 0.000143 0.001059 0.004913 0.015470 0.041474 0.103007 0.223830 0.352969 0.535473 1.036860 1.766261 1.967304 1.947044 1.799983 1.604049 1.111789 0.401535 0.099758 0.041229 0.021676 0.014383 0.011210 0.009250 0.006649 0.003920 0.001436 0.000249 
0.000110 0.000084 0.000392 0.002252 0.008516 0.024610 0.063638 0.162379 0.281728 0.421408 0.740617 1.442474 1.917043 1.962239 1.892940 1.726508 1.397717 0.743324 0.189835 0.060749 0.028388 0.017000 0.012400 0.010158 0.007965 0.005284 0.002634 0.000592 
0.000238 0.000091 0.000161 0.000934 0.004283 0.014106 0.038390 0.107847 0.219512 0.334108 0.536130 1.083616 1.756192 1.950940 1.944915 1.833498 1.602813 1.070521 0.417052 0.101111 0.039325 0.020997 0.014111 0.010999 0.009117 0.006625 0.003955 0.001402 
0.000565 0.000127 0.000108 0.000372 0.001964 0.007576 0.022632 0.065231 0.163313 0.265882 0.409866 0.776306 1.455289 1.902253 1.949434 1.915554 1.747972 1.360679 0.741088 0.195543 0.059354 0.027300 0.016610 0.012166 0.009981 0.007893 0.005290 0.002636 
0.001378 0.000242 0.000113 0.000174 0.000836 0.003765 0.012743 0.037046 0.112101 0.209421 0.319876 0.544210 1.115798 1.751849 1.937639 1.940964 1.865189 1.589879 1.050884 0.424914 0.101414 0.037986 0.020394 0.013823 0.010800 0.008989 0.006598 0.003963 
0.002626 0.000558 0.000145 0.000128 0.000355 0.001733 0.006742 0.021063 0.068485 0.159119 0.250841 0.403573 0.806581 1.466882 1.890360 1.940133 1.922020 1.775965 1.331253 0.737899 0.200775 0.058241 0.026434 0.016222 0.011934 0.009815 0.007824 0.005280 
0.003953 0.001363 0.000253 0.000132 0.000185 0.000756 0.003330 0.011574 0.037025 0.113666 0.197354 0.308116 0.560722 1.136731 1.748716 1.927689 1.935604 1.880978 1.591264 1.034576 0.430800 0.101826 0.036939 0.019847 0.013535 0.010610 0.008873 0.006566 
0.005260 0.002609 0.000560 0.000162 0.000146 0.000341 0.001542 0.006035 0.019998 0.071247 0.152126 0.238890 0.398958 0.835380 1.474478 1.880967 1.933626 1.921948 1.792051 1.318806 0.732688 0.207063 0.057434 0.025698 0.015845 0.011707 0.009664 0.007758 
0.006528 0.003934 0.001353 0.000266 0.000150 0.000194 0.000690 0.002966 0.010649 0.039003 0.110951 0.186345 0.298915 0.577299 1.154929 1.744445 1.920461 1.930706 1.886554 1.596219 1.025747 0.434018 0.102776 0.036095 0.019342 0.013252 0.010430 0.008768 
0.007692 0.005231 0.002591 0.000567 0.000179 0.000161 0.000329 0.001383 0.005456 0.019658 0.072641 0.144001 0.228559 0.396654 0.862021 1.479373 1.873896 1.928145 1.919668 1.801657 1.313640 0.729883 0.211101 0.056954 0.025053 0.015480 0.011488 0.009526 
0.008671 0.006484 0.003911 0.001346 0.000280 0.000165 0.000203 0.000635 0.002664 0.010024 0.040780 0.106671 0.175837 0.291594 0.594192 1.170697 1.740241 1.914583 1.926026 1.888046 1.601116 1.021761 0.436059 0.103466 0.035421 0.018871 0.012977 0.010262 
0.009401 0.007626 0.005197 0.002573 0.000576 0.000194 0.000175 0.000320 0.001250 0.005012 0.019553 0.072769 0.135430 0.219246 0.399769 0.882444 1.483947 1.868136 1.923165 1.916531 1.806819 1.312919 0.728910 0.213560 0.056570 0.024482 0.015129 0.011280 
0.010106 0.008582 0.006436 0.003885 0.001342 0.000294 0.000180 0.000211 0.000589 0.002423 0.009588 0.041964 0.101455 0.166861 0.285331 0.611050 1.183195 1.737472 1.909408 1.921506 1.887444 1.605442 1.020914 0.437482 0.103840 0.034843 0.018430 0.012712 
0.011083 0.009286 0.007560 0.005161 0.002557 0.000585 0.000208 0.000188 0.000314 0.001142 0.004673 0.020130 0.070970 0.127525 0.211288 0.406290 0.897123 1.488868 1.863399 1.918482 1.912991 1.808428 1.315743 0.729061 0.214981 0.056195 0.023962 0.014793 
0.012460 0.009960 0.008498 0.006386 0.003859 0.001339 0.000308 0.000193 0.000219 0.000552 0.002232 0.009420 0.042345 0.095847 0.158936 0.280979 0.626488 1.192995 1.736331 1.904711 1.917109 1.885478 1.609280 1.022402 0.438382 0.103950 0.034313 0.018013 
0.014473 0.010897 0.009181 0.007494 0.005122 0.002541 0.000594 0.000221 0.000199 0.000309 0.001056 0.004449 0.020992 0.067898 0.120023 0.204702 0.413431 0.909742 1.493382 1.859517 1.914010 1.909201 1.808520 1.320152 0.730035 0.215573 0.055797 0.023476 
0.017618 0.012220 0.009824 0.008419 0.006334 0.003832 0.001338 0.000320 0.000205 0.000227 0.000523 0.002091 0.009433 0.042065 0.089891 0.151777 0.278054 0.640814 1.201562 1.735781 1.900386 1.912808 1.882829 1.612930 1.025093 0.438983 0.103821 0.033807 
0.023014 0.014169 0.010723 0.009083 0.007429 0.005083 0.002527 0.000604 0.000234 0.000210 0.000306 0.000989 0.004318 0.021606 0.064220 0.113098 0.198818 0.420910 0.921188 1.497614 1.856130 1.909702 1.905313 1.807860 1.325017 0.731822 0.215642 0.055358 
0.033312 0.017242 0.011994 0.009700 0.008342 0.006282 0.003805 0.001338 0.000332 0.000216 0.000234 0.000501 0.001992 0.009472 0.041126 0.084054 0.145243 0.275771 0.654518 1.209401 1.735532 1.896309 1.908605 1.879852 1.616224 1.028420 0.439654 0.103515 
0.054880 0.022571 0.013880 0.010560 0.008992 0.007364 0.005043 0.002513 0.000612 0.000245 0.000221 0.000306 0.000940 0.004235 0.021803 0.060307 0.107000 0.193173 0.428416 0.931959 1.501632 1.853041 1.905531 1.901417 1.806757 1.330011 0.734037 0.215539 
0.103122 0.032821 0.016883 0.011782 0.009587 0.008265 0.006230 0.003778 0.001338 0.000343 0.000227 0.000242 0.000485 0.001923 0.009450 0.039611 0.078719 0.139315 0.273527 0.667790 1.216796 1.735423 1.892408 1.904502 1.876723 1.619216 1.032024 0.440456 
0.215419 0.054381 0.022142 0.013606 0.010410 0.008906 0.007300 0.005004 0.002501 0.000621 0.000256 0.000231 0.000307 0.000906 0.004164 0.021524 0.056479 0.101442 0.188017 0.435585 0.942293 1.505489 1.850139 1.901479 1.897558 1.805402 1.335189 0.736240 
0.441220 0.102700 0.032336 0.016539 0.011585 0.009483 0.008189 0.006178 0.003752 0.001339 0.000353 0.000237 0.000250 0.000475 0.001870 0.009318 0.037721 0.073759 0.133908 0.271552 0.680432 1.223891 1.735378 1.888644 1.900499 1.873538 1.622125 1.035714 
0.738467 0.215239 0.053876 0.021727 0.013349 0.010271 0.008824 0.007235 0.004965 0.002489 0.000629 0.000266 0.000240 0.000309 0.000880 0.004081 0.020877 0.052726 0.096315 0.183356 0.442471 0.952161 1.509250 1.847364 1.897535 1.893758 1.803945 1.340378 
1.039423 0.441955 0.102254 0.031859 0.016213 0.011403 0.009385 0.008115 0.006126 0.003727 0.001340 0.000363 0.000247 0.000257 0.000469 0.001823 0.009298 0.035334 0.069089 0.128955 0.270962 0.691391 1.230706 1.735400 1.884992 1.896591 1.870361 1.624947 
