0.027724 0.037732 0.067547 0.626306 1.295752 1.460669 1.669816 1.869196 1.997274 1.528159 0.875336 0.707127 0.499807 0.308050 0.165825 0.076497 0.029341 0.009956 0.003015 0.000832 0.000788 0.002927 0.010192 0.020654 0.031708 0.039034 0.039034 0.030281 
0.028363 0.030226 0.047687 0.270699 1.003481 1.393297 1.565243 1.770727 1.958158 1.844319 1.162197 0.775094 0.603467 0.401983 0.230746 0.114549 0.046600 0.016538 0.005296 0.001389 0.000799 0.001322 0.005786 0.015349 0.026181 0.036753 0.039034 0.035297 
0.030964 0.028829 0.035057 0.107806 0.601245 1.247000 1.496571 1.667985 1.890128 1.929698 1.560064 0.926287 0.671559 0.502725 0.312584 0.165767 0.073565 0.026863 0.009083 0.002514 0.000946 0.000930 0.002569 0.010330 0.020765 0.032250 0.038464 0.038032 
0.034924 0.029363 0.030386 0.054801 0.291993 0.942449 1.402982 1.585706 1.796932 1.919806 1.824103 1.227635 0.767082 0.579069 0.407654 0.233760 0.112839 0.043134 0.015171 0.004548 0.001342 0.000934 0.001340 0.005555 0.015416 0.026507 0.036793 0.038356 
0.037335 0.031448 0.029619 0.036746 0.120203 0.595212 1.208341 1.513622 1.691319 1.884772 1.895880 1.576502 0.969803 0.649574 0.491597 0.320707 0.166678 0.069863 0.024817 0.008005 0.002246 0.001036 0.001035 0.002495 0.010153 0.020962 0.032646 0.037965 
0.037808 0.034691 0.030076 0.031400 0.059392 0.301931 0.902098 1.399142 1.616449 1.809450 1.893103 1.812028 1.273153 0.773345 0.552452 0.406152 0.241585 0.110278 0.040282 0.013648 0.003988 0.001339 0.001035 0.001400 0.005338 0.015448 0.026934 0.036635 
0.037515 0.036826 0.031807 0.030407 0.038729 0.127024 0.587628 1.171314 1.534959 1.719200 1.872190 1.872834 1.589681 1.011113 0.635287 0.472261 0.323868 0.171774 0.065525 0.022721 0.007065 0.002077 0.001111 0.001127 0.002476 0.009941 0.021191 0.032928 
0.036368 0.037342 0.034494 0.030757 0.032488 0.062884 0.306439 0.879471 1.380641 1.649505 1.818564 1.872673 1.802046 1.301930 0.791635 0.533396 0.396698 0.247821 0.110339 0.037336 0.012226 0.003565 0.001353 0.001115 0.001468 0.005139 0.015505 0.027380 
0.033114 0.037099 0.036386 0.032159 0.031190 0.040519 0.131372 0.582215 1.139039 1.544111 1.754115 1.859146 1.855016 1.598118 1.046783 0.631009 0.451377 0.322260 0.177656 0.062929 0.020669 0.006284 0.001965 0.001174 0.001203 0.002474 0.009756 0.021442 
0.027743 0.036103 0.036921 0.034336 0.031432 0.033522 0.065565 0.309903 0.860627 1.360544 1.673497 1.832881 1.858113 1.789759 1.327143 0.814887 0.518739 0.382440 0.249958 0.112782 0.034830 0.010960 0.003242 0.001372 0.001182 0.001528 0.004972 0.015599 
0.021671 0.033236 0.036716 0.035991 0.032521 0.031954 0.042055 0.134660 0.577509 1.116936 1.540391 1.786000 1.851805 1.841025 1.605394 1.071015 0.636856 0.433552 0.316308 0.181370 0.062627 0.018857 0.005639 0.001887 0.001229 0.001268 0.002476 0.009628 
0.015650 0.028089 0.035846 0.036535 0.034217 0.032096 0.034480 0.067732 0.311808 0.847223 1.343160 1.699676 1.835354 1.849110 1.779422 1.346094 0.837964 0.509791 0.366384 0.248839 0.116074 0.033104 0.009882 0.002990 0.001394 0.001239 0.001580 0.004849 
0.009511 0.021869 0.033350 0.036363 0.035665 0.032866 0.032692 0.043389 0.137064 0.573607 1.100126 1.549490 1.797995 1.845671 1.831688 1.608853 1.092029 0.646212 0.420162 0.306282 0.182456 0.063798 0.017410 0.005112 0.001831 0.001278 0.001324 0.002482 
0.004742 0.015690 0.028402 0.035610 0.036188 0.034135 0.032736 0.035366 0.069481 0.312939 0.836867 1.334453 1.717994 1.833752 1.842175 1.772484 1.359335 0.860245 0.505716 0.350444 0.244369 0.119246 0.032082 0.009006 0.002790 0.001416 0.001289 0.001625 
0.002488 0.009406 0.022046 0.033450 0.036044 0.035418 0.033179 0.033393 0.044553 0.138875 0.570277 1.088952 1.559482 1.802707 1.840069 1.824752 1.610873 1.109790 0.659413 0.408671 0.293638 0.181808 0.065792 0.016329 0.004688 0.001791 0.001321 0.001373 
0.001665 0.004646 0.015726 0.028679 0.035395 0.035887 0.034142 0.033232 0.036237 0.070923 0.313322 0.829614 1.330235 1.730570 1.830729 1.836240 1.767453 1.369497 0.878263 0.506503 0.336775 0.237845 0.121664 0.031606 0.008322 0.002633 0.001439 0.001334 
0.001417 0.002493 0.009312 0.022203 0.033533 0.035764 0.035233 0.033469 0.033983 0.045659 0.140194 0.567531 1.081884 1.567941 1.804311 1.834862 1.819043 1.612682 1.123880 0.673411 0.400423 0.280617 0.179755 0.067933 0.015565 0.004354 0.001763 0.001360 
0.001374 0.001700 0.004560 0.015757 0.028922 0.035207 0.035632 0.034218 0.033598 0.037031 0.072212 0.313202 0.824708 1.330114 1.737581 1.827225 1.830908 1.763498 1.377791 0.893854 0.510560 0.325544 0.229188 0.122958 0.031460 0.007804 0.002512 0.001461 
0.001396 0.001456 0.002497 0.009228 0.022414 0.033529 0.035525 0.035080 0.033753 0.034456 0.046685 0.141255 0.565265 1.078173 1.574612 1.803893 1.829987 1.814055 1.614285 1.135822 0.687968 0.394925 0.267518 0.176073 0.069844 0.015041 0.004098 0.001745 
0.001483 0.001411 0.001731 0.004475 0.015821 0.029121 0.035026 0.035414 0.034305 0.033929 0.037689 0.073384 0.312789 0.821719 1.333186 1.740049 1.823463 1.826004 1.760130 1.384919 0.908069 0.517317 0.315295 0.219148 0.122959 0.031900 0.007422 0.002421 
0.001736 0.001429 0.001491 0.002497 0.009171 0.022657 0.033453 0.035317 0.034954 0.034023 0.034869 0.047553 0.142159 0.563171 1.077452 1.579697 1.801975 1.825369 1.809535 1.615662 1.146494 0.701931 0.391499 0.255208 0.171053 0.071525 0.014791 0.003905 
0.002355 0.001506 0.001445 0.001758 0.004417 0.015897 0.029275 0.034851 0.035226 0.034397 0.034234 0.038251 0.074375 0.312032 0.820312 1.337291 1.740557 1.819520 1.821410 1.757109 1.391256 0.921137 0.525217 0.306317 0.208536 0.121289 0.033439 0.007169 
0.003771 0.001733 0.001460 0.001523 0.002501 0.009150 0.022864 0.033363 0.035132 0.034853 0.034275 0.035239 0.048287 0.142821 0.560964 1.078801 1.583805 1.799307 1.820938 1.805335 1.616871 1.156196 0.713902 0.390723 0.245204 0.163671 0.072950 0.014940 
0.007072 0.002311 0.001528 0.001476 0.001783 0.004408 0.015955 0.029386 0.034690 0.035062 0.034494 0.034516 0.038741 0.075182 0.310796 0.819882 1.342158 1.740024 1.815530 1.817037 1.754318 1.397002 0.932752 0.533406 0.299773 0.197588 0.118311 0.035398 
0.015344 0.003697 0.001737 0.001489 0.001553 0.002516 0.009158 0.023023 0.033271 0.034969 0.034778 0.034499 0.035578 0.048908 0.143196 0.558958 1.081020 1.587498 1.796277 1.816660 1.801358 1.618012 1.164877 0.724965 0.392218 0.235907 0.155540 0.073571 
0.037123 0.007099 0.002289 0.001551 0.001505 0.001809 0.004418 0.016018 0.029455 0.034545 0.034909 0.034604 0.034769 0.039180 0.075812 0.309391 0.819989 1.347322 1.738986 1.811565 1.812835 1.751695 1.402250 0.943268 0.542680 0.294524 0.186431 0.114556 
0.073666 0.015807 0.003676 0.001747 0.001516 0.001581 0.002538 0.009190 0.023144 0.033181 0.034818 0.034756 0.034645 0.035913 0.049441 0.143365 0.557168 1.083656 1.590926 1.793102 1.812517 1.797550 1.619061 1.172759 0.735675 0.395552 0.226966 0.146661 
0.109250 0.038645 0.007191 0.002287 0.001574 0.001532 0.001836 0.004440 0.016086 0.029498 0.034409 0.034801 0.034687 0.034962 0.039612 0.076304 0.307937 0.820412 1.352558 1.737705 1.807663 1.808775 1.749186 1.407075 0.953065 0.553124 0.289188 0.176775 
