0.007147 0.006096 0.009456 0.026259 0.066174 0.145209 0.278283 0.467843 0.655964 1.416980 2.011661 2.011661 1.889544 1.683400 1.493970 0.757898 0.139467 0.066174 0.026259 0.009456 0.006096 0.007413 0.014615 0.022042 0.027115 0.027110 0.022019 0.014341 
0.010047 0.006359 0.006936 0.014496 0.040538 0.098936 0.204685 0.373063 0.538568 0.988375 1.809447 2.011661 1.976371 1.786472 1.610274 1.170585 0.374997 0.093659 0.041256 0.014496 0.006936 0.006425 0.010415 0.018329 0.025507 0.027114 0.025523 0.018180 
0.014019 0.007281 0.006503 0.008970 0.022897 0.063029 0.143982 0.288874 0.435487 0.702214 1.450992 1.961108 2.002838 1.896336 1.718685 1.445829 0.743677 0.177094 0.060907 0.023216 0.008954 0.006553 0.007431 0.014372 0.022506 0.026712 0.026716 0.022470 
0.018245 0.009788 0.006698 0.007120 0.013069 0.036412 0.095427 0.216213 0.347166 0.535510 1.049688 1.789214 1.992406 1.971794 1.819411 1.616364 1.114308 0.401664 0.099377 0.036204 0.013119 0.007153 0.006772 0.010104 0.018439 0.025625 0.026715 0.025650 
0.022738 0.013732 0.007470 0.006803 0.008713 0.020392 0.057001 0.154205 0.274516 0.417795 0.747244 1.461094 1.941608 1.987253 1.915830 1.743269 1.403655 0.744477 0.190742 0.057768 0.020382 0.008740 0.006868 0.007605 0.014062 0.022801 0.026442 0.026449 
0.025521 0.018433 0.009642 0.006970 0.007281 0.012110 0.032464 0.099717 0.211489 0.328246 0.535977 1.097300 1.779171 1.975841 1.969397 1.854146 1.613407 1.074066 0.418455 0.100358 0.032639 0.012118 0.007336 0.007052 0.009926 0.018614 0.025531 0.026447 
0.026216 0.022844 0.013607 0.007638 0.007048 0.008565 0.018406 0.057207 0.154980 0.258496 0.406145 0.783337 1.474302 1.926674 1.974230 1.938973 1.765148 1.365503 0.743833 0.196812 0.054699 0.018444 0.008602 0.007123 0.007770 0.013902 0.022929 0.026218 
0.026217 0.025372 0.018537 0.009615 0.007195 0.007427 0.011405 0.030566 0.102855 0.201221 0.313864 0.545283 1.128819 1.774969 1.962341 1.965416 1.886703 1.599578 1.054668 0.428142 0.099291 0.029969 0.011433 0.007493 0.007285 0.009870 0.018722 0.025396 
0.026012 0.026006 0.022859 0.013566 0.007800 0.007253 0.008480 0.017190 0.059205 0.150253 0.243462 0.399879 0.814137 1.485820 1.914730 1.964647 1.945738 1.791576 1.337325 0.741405 0.202732 0.051933 0.017052 0.008530 0.007337 0.007931 0.013836 0.022960 
0.025249 0.026011 0.025218 0.018587 0.009658 0.007390 0.007560 0.010964 0.029871 0.103582 0.188957 0.302119 0.562152 1.149978 1.771756 1.952168 1.959920 1.902470 1.600400 1.039365 0.435278 0.098353 0.027903 0.010958 0.007635 0.007485 0.009891 0.018775 
0.022932 0.025820 0.025812 0.022820 0.013574 0.007957 0.007432 0.008453 0.016541 0.060781 0.142796 0.231392 0.395418 0.843352 1.493486 1.905127 1.957982 1.945557 1.807202 1.325264 0.737322 0.208918 0.049751 0.016025 0.008503 0.007523 0.008087 0.013824 
0.018795 0.025098 0.025818 0.025062 0.018605 0.009741 0.007564 0.007688 0.010730 0.030432 0.100966 0.177666 0.292902 0.579124 1.168419 1.767360 1.944768 1.954876 1.907862 1.605137 1.031293 0.439418 0.097974 0.026337 0.010629 0.007768 0.007664 0.009958 
0.013845 0.022871 0.025638 0.025629 0.022753 0.013609 0.008108 0.007595 0.008479 0.016416 0.061037 0.134499 0.220879 0.393266 0.870459 1.498405 1.897889 1.952349 1.943122 1.816477 1.320469 0.735356 0.212621 0.048174 0.015271 0.008509 0.007690 0.008237 
0.010050 0.018795 0.024946 0.025636 0.024908 0.018605 0.009844 0.007723 0.007816 0.010685 0.031528 0.096153 0.166938 0.285524 0.596467 1.184432 1.763025 1.938734 1.950042 1.909154 1.609950 1.027912 0.441961 0.097511 0.025187 0.010404 0.007895 0.007827 
0.008383 0.013885 0.022791 0.025464 0.025454 0.022669 0.013659 0.008253 0.007746 0.008556 0.016613 0.060203 0.125570 0.211408 0.397146 0.890449 1.503297 1.891980 1.947215 1.939820 1.822085 1.319420 0.734937 0.214573 0.046964 0.014728 0.008539 0.007844 
0.007978 0.010155 0.018783 0.024795 0.025461 0.024755 0.018595 0.009957 0.007873 0.007949 0.010773 0.032251 0.090328 0.157759 0.279302 0.613626 1.196873 1.760435 1.933406 1.945366 1.908538 1.614379 1.027179 0.443597 0.096925 0.024334 0.010260 0.008018 
0.007988 0.008523 0.013935 0.022701 0.025295 0.025285 0.022578 0.013717 0.008394 0.007892 0.008674 0.016849 0.058230 0.117280 0.203338 0.403944 0.905250 1.508317 1.887174 1.942376 1.936159 1.825652 1.320779 0.734935 0.215461 0.046000 0.014339 0.008588 
0.008138 0.008122 0.010267 0.018766 0.024646 0.025292 0.024606 0.018579 0.010073 0.008017 0.008087 0.010913 0.032202 0.084379 0.149552 0.275004 0.629365 1.206784 1.759328 1.928576 1.940822 1.906978 1.618819 1.027857 0.444333 0.096281 0.023692 0.010176 
0.008652 0.008126 0.008658 0.013990 0.022607 0.025131 0.025121 0.022484 0.013777 0.008531 0.008035 0.008811 0.016941 0.055466 0.109430 0.196596 0.411370 0.918074 1.512921 1.883202 1.937761 1.932361 1.826477 1.325168 0.735165 0.215514 0.045219 0.014064 
0.010136 0.008257 0.008259 0.010380 0.018745 0.024500 0.025128 0.024459 0.018559 0.010190 0.008159 0.008229 0.011038 0.031491 0.078298 0.142117 0.272081 0.644060 1.215498 1.758778 1.924121 1.936411 1.904540 1.623102 1.030167 0.444163 0.095581 0.023206 
0.013873 0.008727 0.008258 0.008790 0.014047 0.022511 0.024971 0.024961 0.022388 0.013836 0.008667 0.008176 0.008949 0.016853 0.052030 0.102230 0.190563 0.419132 0.929779 1.517232 1.879713 1.933338 1.928443 1.826213 1.330392 0.736299 0.214715 0.044567 
0.022833 0.010131 0.008375 0.008391 0.010493 0.018722 0.024356 0.024969 0.024315 0.018538 0.010305 0.008299 0.008369 0.011118 0.030143 0.072364 0.135355 0.269789 0.658166 1.223505 1.758498 1.919932 1.932114 1.901662 1.627007 1.033345 0.443782 0.094778 
0.043995 0.013746 0.008814 0.008379 0.008920 0.014105 0.022414 0.024815 0.024805 0.022292 0.013894 0.008800 0.008317 0.009074 0.016561 0.048136 0.095985 0.184711 0.426918 0.940836 1.521310 1.876528 1.929069 1.924501 1.825385 1.335720 0.738051 0.213571 
0.093951 0.022541 0.010156 0.008488 0.008514 0.010609 0.018698 0.024215 0.024813 0.024174 0.018514 0.010418 0.008438 0.008506 0.011135 0.028239 0.066951 0.129258 0.267445 0.671869 1.231073 1.758343 1.915934 1.927927 1.898580 1.630482 1.036886 0.443496 
0.212403 0.043490 0.013669 0.008905 0.008494 0.009045 0.014166 0.022318 0.024663 0.024653 0.022197 0.013950 0.008933 0.008455 0.009180 0.016069 0.044083 0.090316 0.179381 0.434303 0.951471 1.525211 1.873538 1.924929 1.920590 1.824219 1.340859 0.740165 
0.443425 0.093173 0.022315 0.010198 0.008597 0.008632 0.010724 0.018675 0.024077 0.024661 0.024037 0.018490 0.010530 0.008574 0.008636 0.011084 0.026018 0.061845 0.123715 0.265378 0.684900 1.238341 1.758244 1.912081 1.923844 1.895413 1.633533 1.040512 
0.741969 0.211378 0.043059 0.013628 0.008997 0.008606 0.009164 0.014228 0.022224 0.024515 0.024505 0.022102 0.014004 0.009063 0.008590 0.009264 0.015429 0.039932 0.085047 0.174599 0.441374 0.961621 1.529013 1.870681 1.920903 1.916736 1.822835 1.346188 
1.044078 0.443226 0.092496 0.022143 0.010253 0.008704 0.008745 0.010836 0.018653 0.023942 0.024512 0.023902 0.018465 0.010639 0.008708 0.008758 0.010973 0.023583 0.056935 0.118629 0.265344 0.695604 1.245317 1.758216 1.908348 1.919861 1.892219 1.636564 
