0.260259 0.313222 0.341990 0.402722 0.523029 0.692378 0.868800 0.984707 0.984707 0.845970 1.192378 1.545858 1.402722 1.341990 1.311476 1.274736 0.712620 0.123359 0.064361 0.018565 0.002874 0.000161 0.000156 0.002828 0.018428 0.063633 0.129071 0.195699 
0.228238 0.288191 0.327034 0.364509 0.456745 0.606819 0.780589 0.948806 0.984707 0.915339 0.974989 1.413303 1.489473 1.364764 1.323733 1.297698 1.058151 0.359081 0.086485 0.038012 0.007475 0.000841 0.000157 0.000824 0.007396 0.036751 0.096203 0.162385 
0.195352 0.258952 0.310251 0.341258 0.401236 0.528820 0.693704 0.877444 0.975732 0.950023 0.930251 1.190016 1.470431 1.437376 1.339120 1.312096 1.231303 0.716878 0.166752 0.056189 0.018342 0.002670 0.000328 0.000324 0.002634 0.016377 0.065543 0.129294 
0.162323 0.227459 0.286139 0.324670 0.363750 0.459412 0.608905 0.785574 0.949555 0.966091 0.936923 1.025082 1.365275 1.462167 1.386740 1.325608 1.285142 1.022658 0.400691 0.093292 0.031722 0.007173 0.000915 0.000325 0.000901 0.006647 0.036427 0.097130 
0.129727 0.194898 0.257606 0.307854 0.339325 0.402665 0.530762 0.697240 0.885514 0.961957 0.951507 0.958963 1.192995 1.437944 1.433882 1.354387 1.307850 1.209404 0.722903 0.185534 0.053252 0.014875 0.002627 0.000473 0.000469 0.002482 0.015528 0.066075 
0.097711 0.162313 0.226560 0.284288 0.322003 0.363028 0.461738 0.611276 0.795801 0.942846 0.956732 0.953371 1.047225 1.346088 1.436929 1.403056 1.332816 1.271604 1.008713 0.420118 0.095916 0.027532 0.006227 0.001012 0.000470 0.000972 0.006247 0.036107 
0.066298 0.130012 0.194481 0.256239 0.305233 0.337387 0.403947 0.532134 0.703538 0.888918 0.953261 0.955052 0.976835 1.197410 1.414219 1.428460 1.368248 1.308733 1.190578 0.722267 0.201539 0.049954 0.012857 0.002451 0.000606 0.000596 0.002417 0.015030 
0.035854 0.098061 0.162246 0.225699 0.282332 0.319396 0.362682 0.462638 0.616089 0.803315 0.936727 0.954156 0.960945 1.064996 1.329826 1.424900 1.405881 1.345733 1.264425 0.991975 0.434708 0.097124 0.024733 0.005514 0.001069 0.000598 0.001051 0.006025 
0.014726 0.066391 0.130153 0.194064 0.254868 0.302532 0.335628 0.404300 0.535142 0.709702 0.889067 0.948102 0.957551 0.988655 1.199655 1.401131 1.420145 1.381216 1.315243 1.175985 0.714888 0.214356 0.047635 0.011430 0.002298 0.000716 0.000711 0.002408 
0.005911 0.035668 0.098254 0.162109 0.224854 0.280342 0.316764 0.361883 0.464256 0.621821 0.807046 0.930981 0.952826 0.967689 1.075556 1.322015 1.415392 1.408927 1.356476 1.263935 0.973189 0.443735 0.098367 0.022764 0.004977 0.001113 0.000712 0.001135 
0.002435 0.014544 0.066418 0.130181 0.193620 0.253505 0.299849 0.333684 0.404654 0.539581 0.714434 0.886705 0.944634 0.959273 0.998371 1.202408 1.392047 1.413776 1.392653 1.321773 1.161608 0.708462 0.223770 0.046112 0.010390 0.002179 0.000813 0.000818 
0.001224 0.005867 0.035538 0.098300 0.161941 0.224007 0.278370 0.314101 0.360762 0.467127 0.627008 0.807944 0.926492 0.951953 0.972707 1.084660 1.317300 1.408344 1.408495 1.369652 1.264012 0.955581 0.449944 0.099457 0.021373 0.004573 0.001154 0.000814 
0.000916 0.002487 0.014445 0.066381 0.130120 0.193171 0.252151 0.297198 0.331599 0.405624 0.544435 0.717476 0.883470 0.942405 0.960324 1.005884 1.206207 1.385545 1.408457 1.398784 1.333532 1.146591 0.702762 0.231017 0.045094 0.009628 0.002094 0.000899 
0.000903 0.001313 0.005869 0.035435 0.098251 0.161732 0.223170 0.276417 0.311429 0.359860 0.470751 0.630955 0.807369 0.923192 0.951365 0.976194 1.092395 1.315189 1.402729 1.406039 1.380053 1.270483 0.936909 0.454402 0.100441 0.020378 0.004276 0.001198 
0.000977 0.001006 0.002555 0.014400 0.066300 0.129991 0.192706 0.250817 0.294525 0.329591 0.407388 0.548827 0.719162 0.880289 0.940800 0.961094 1.012652 1.209756 1.380016 1.405211 1.399542 1.346164 1.136617 0.695656 0.237124 0.044419 0.009071 0.002041 
0.001243 0.000984 0.001400 0.005903 0.035349 0.098146 0.161471 0.222337 0.274471 0.308755 0.359576 0.474496 0.633995 0.805890 0.920599 0.950947 0.979057 1.099456 1.313225 1.398913 1.403794 1.384781 1.280433 0.921066 0.457250 0.101432 0.019666 0.004064 
0.002013 0.001049 0.001088 0.002630 0.014391 0.066193 0.129808 0.192211 0.249496 0.291777 0.327813 0.409804 0.552696 0.719942 0.877144 0.939566 0.961768 1.019563 1.211640 1.376270 1.402574 1.399041 1.353940 1.132640 0.689158 0.241806 0.044008 0.008670 
0.003918 0.001290 0.001059 0.001484 0.005956 0.035280 0.098001 0.161161 0.221494 0.272512 0.306071 0.359956 0.478205 0.636319 0.803843 0.918410 0.950667 0.981767 1.106040 1.311389 1.395998 1.401691 1.386882 1.287340 0.911493 0.459012 0.102292 0.019169 
0.008388 0.002005 0.001116 0.001165 0.002708 0.014405 0.066077 0.129581 0.191681 0.248167 0.288933 0.326278 0.412787 0.556086 0.720081 0.874003 0.938571 0.962474 1.026010 1.213231 1.373423 1.400267 1.397988 1.358295 1.131091 0.685252 0.244873 0.043762 
0.018827 0.003823 0.001339 0.001129 0.001563 0.006018 0.035227 0.097829 0.160807 0.220626 0.270515 0.303365 0.360956 0.481849 0.638083 0.801400 0.916453 0.950523 0.984334 1.112102 1.310018 1.393556 1.399698 1.387495 1.290499 0.908172 0.459610 0.102883 
0.043593 0.008195 0.002012 0.001181 0.001237 0.002785 0.014434 0.065958 0.129318 0.191111 0.246812 0.285978 0.324962 0.416272 0.559081 0.719741 0.870823 0.937746 0.963234 1.031931 1.214915 1.371136 1.398162 1.396647 1.360196 1.131156 0.683891 0.246191 
0.103092 0.018590 0.003766 0.001389 0.001195 0.001638 0.006084 0.035188 0.097638 0.160410 0.219723 0.268461 0.300619 0.362512 0.485445 0.639411 0.798634 0.914644 0.950490 0.986780 1.117724 1.309142 1.391406 1.397783 1.387155 1.292471 0.907524 0.459782 
0.246595 0.043422 0.008066 0.002031 0.001244 0.001306 0.002860 0.014472 0.065842 0.129024 0.190499 0.245414 0.282896 0.323935 0.420099 0.561771 0.719023 0.867580 0.936992 0.964099 1.037398 1.216795 1.369245 1.396189 1.395126 1.360827 1.132294 0.683653 
0.459837 0.103054 0.018413 0.003737 0.001441 0.001259 0.001710 0.006152 0.035162 0.097433 0.159975 0.218776 0.265890 0.298286 0.364568 0.488988 0.640397 0.795605 0.912863 0.950546 0.989200 1.122996 1.308709 1.389453 1.395923 1.386286 1.294066 0.907974 
0.683905 0.246588 0.043243 0.007980 0.002060 0.001304 0.001372 0.002933 0.014515 0.065733 0.128704 0.189843 0.243794 0.279878 0.323974 0.423404 0.564217 0.718001 0.864214 0.936293 0.965041 1.042548 1.218880 1.367650 1.394306 1.393514 1.360822 1.133982 
0.908944 0.459824 0.102895 0.018276 0.003729 0.001493 0.001321 0.001779 0.006219 0.035148 0.097218 0.159503 0.217717 0.263068 0.296414 0.367111 0.492190 0.641109 0.792311 0.911086 0.950667 0.991605 1.128049 1.308642 1.387642 1.394108 1.385143 1.295488 
1.135942 0.684384 0.246374 0.043067 0.007925 0.002095 0.001364 0.001436 0.003003 0.014561 0.065630 0.128360 0.189119 0.242000 0.277073 0.324464 0.426670 0.566364 0.716710 0.860704 0.935655 0.966019 1.047487 1.221170 1.366275 1.392491 1.391867 1.360488 
1.296507 0.910471 0.459760 0.102680 0.018168 0.003735 0.001547 0.001382 0.001846 0.006285 0.035143 0.096995 0.158986 0.216544 0.260223 0.294845 0.369953 0.495186 0.641537 0.789501 0.908587 0.950837 0.993977 1.132986 1.308879 1.385937 1.392335 1.383866 
