0.000184 0.000070 0.000209 0.001021 0.004150 0.508969 1.038785 1.079094 1.160217 1.291223 1.498946 1.177125 0.845632 0.985560 0.984979 0.867411 0.669078 0.461009 0.277359 0.148860 0.073818 0.039221 0.024957 0.018056 0.013223 0.008307 0.004006 0.001150 
0.000454 0.000098 0.000105 0.000447 0.002006 0.191115 0.830027 1.058939 1.113357 1.216130 1.421050 1.379472 0.969942 0.915596 0.985414 0.950841 0.769461 0.565043 0.366132 0.206216 0.103926 0.051436 0.030248 0.020644 0.015391 0.010765 0.006080 0.002282 
0.000999 0.000187 0.000100 0.000192 0.000922 0.049673 0.500620 0.988107 1.086906 1.151975 1.344205 1.410655 1.177899 0.929182 0.950505 0.976771 0.877060 0.667252 0.464899 0.281299 0.147868 0.070192 0.037946 0.024245 0.017474 0.013007 0.008422 0.004052 
0.002183 0.000412 0.000122 0.000123 0.000397 0.013292 0.226398 0.780599 1.049856 1.115523 1.247745 1.394043 1.325367 1.022451 0.936560 0.966921 0.951843 0.773454 0.565144 0.370755 0.208313 0.100413 0.049433 0.029363 0.020013 0.014967 0.010715 0.006210 
0.004076 0.000927 0.000194 0.000122 0.000192 0.003690 0.069793 0.489461 0.966125 1.082690 1.179763 1.339181 1.376874 1.178213 0.958033 0.951741 0.963152 0.884918 0.669299 0.466209 0.285541 0.146802 0.067195 0.036718 0.023520 0.016952 0.012773 0.008462 
0.006269 0.002137 0.000396 0.000140 0.000140 0.001084 0.021090 0.236570 0.758235 1.038978 1.125870 1.269976 1.367451 1.305066 1.042174 0.953314 0.957446 0.943593 0.784503 0.566188 0.373072 0.210930 0.097275 0.047637 0.028461 0.019415 0.014581 0.010627 
0.008448 0.004093 0.000895 0.000204 0.000140 0.000376 0.006321 0.079961 0.486064 0.942092 1.086134 1.197923 1.336727 1.351854 1.180238 0.975529 0.955380 0.953983 0.887874 0.675345 0.466480 0.288130 0.146245 0.064841 0.035517 0.022807 0.016471 0.012544 
0.010529 0.006271 0.002122 0.000393 0.000156 0.000199 0.001921 0.026218 0.244419 0.735071 1.032118 1.142683 1.280893 1.348072 1.291635 1.057332 0.960767 0.954682 0.937107 0.791649 0.570455 0.373491 0.212629 0.095138 0.046025 0.027569 0.018847 0.014228 
0.012333 0.008400 0.004097 0.000885 0.000215 0.000167 0.000640 0.008426 0.086842 0.482964 0.917285 1.097766 1.212270 1.331278 1.333963 1.184516 0.986429 0.957724 0.948767 0.887633 0.681052 0.468944 0.288547 0.146054 0.062917 0.034363 0.022118 0.016025 
0.013909 0.010413 0.006248 0.002120 0.000395 0.000179 0.000285 0.002705 0.029976 0.250217 0.709294 1.030085 1.162702 1.285978 1.333292 1.284000 1.067888 0.967140 0.953245 0.931244 0.795572 0.574998 0.374782 0.212562 0.093813 0.044563 0.026702 0.018310 
0.015610 0.012131 0.008330 0.004095 0.000880 0.000233 0.000205 0.000916 0.010128 0.091854 0.477431 0.893920 1.112971 1.229089 1.321463 1.320969 1.188808 0.995800 0.959469 0.944995 0.885480 0.685285 0.472345 0.288922 0.145223 0.061341 0.033266 0.021457 
0.017803 0.013615 0.010285 0.006213 0.002120 0.000401 0.000212 0.000383 0.003397 0.032862 0.253014 0.685676 1.028125 1.183896 1.289791 1.321340 1.278891 1.077261 0.972171 0.952232 0.926497 0.797121 0.578815 0.376944 0.212107 0.092338 0.043237 0.025871 
0.020828 0.015224 0.011936 0.008251 0.004084 0.000878 0.000259 0.000255 0.001179 0.011517 0.096221 0.469345 0.872041 1.125482 1.248428 1.313453 1.310728 1.192667 1.004497 0.960433 0.942581 0.882664 0.687968 0.475825 0.289896 0.143893 0.059853 0.032229 
0.025080 0.017326 0.013340 0.010154 0.006168 0.002115 0.000415 0.000256 0.000486 0.003995 0.035277 0.253622 0.670693 1.018362 1.202323 1.296308 1.312771 1.274538 1.086077 0.975912 0.951507 0.923139 0.796854 0.581897 0.379584 0.211904 0.090529 0.041985 
0.031245 0.020233 0.014862 0.011747 0.008169 0.004060 0.000880 0.000296 0.000313 0.001421 0.012693 0.100137 0.462157 0.853202 1.130806 1.268195 1.308656 1.303213 1.194306 1.013538 0.961155 0.940869 0.879774 0.689376 0.479160 0.291415 0.142392 0.058348 
0.040773 0.024329 0.016876 0.013080 0.010024 0.006115 0.002102 0.000442 0.000300 0.000595 0.004515 0.037372 0.254127 0.657680 1.006538 1.223733 1.298540 1.307295 1.269995 1.094422 0.979322 0.951012 0.920524 0.795578 0.584268 0.382478 0.212063 0.088518 
0.056820 0.030303 0.019671 0.014521 0.011566 0.008082 0.004022 0.000892 0.000336 0.000374 0.001648 0.013710 0.103519 0.455904 0.838946 1.140040 1.277650 1.305106 1.297970 1.194830 1.022003 0.961900 0.939579 0.876843 0.689923 0.482183 0.293349 0.140925 
0.086449 0.039591 0.023616 0.016452 0.012835 0.009896 0.006052 0.002089 0.000475 0.000345 0.000702 0.004982 0.039177 0.254284 0.647425 1.002971 1.236383 1.298242 1.303322 1.266219 1.101839 0.982506 0.950740 0.918315 0.793666 0.586053 0.385403 0.212586 
0.139630 0.055299 0.029401 0.019139 0.014200 0.011394 0.007989 0.003979 0.000911 0.000378 0.000434 0.001861 0.014601 0.106137 0.450854 0.829897 1.148656 1.281507 1.302052 1.294046 1.195301 1.029566 0.962735 0.938580 0.873836 0.689860 0.484857 0.295515 
0.213390 0.084453 0.038441 0.022939 0.016052 0.012606 0.009767 0.005984 0.002077 0.000511 0.000392 0.000805 0.005403 0.040670 0.253999 0.640376 1.003444 1.243158 1.296916 1.300051 1.263389 1.108425 0.985481 0.950657 0.916356 0.791287 0.587359 0.388229 
0.297773 0.138570 0.053820 0.028536 0.018635 0.013899 0.011229 0.007891 0.003933 0.000932 0.000422 0.000495 0.002058 0.015369 0.107854 0.447187 0.824823 1.155245 1.282693 1.299267 1.290885 1.196112 1.036288 0.963716 0.937729 0.870737 0.689323 0.487194 
0.390895 0.214394 0.082615 0.037332 0.022294 0.015675 0.012389 0.009637 0.005912 0.002066 0.000549 0.000440 0.000904 0.005777 0.041818 0.253437 0.636005 1.005377 1.246687 1.295124 1.297172 1.261381 1.114365 0.988356 0.950723 0.914484 0.788548 0.588258 
0.489211 0.300037 0.137763 0.052413 0.027708 0.018151 0.013621 0.011068 0.007790 0.003887 0.000956 0.000467 0.000556 0.002239 0.016005 0.108817 0.444721 0.822341 1.160095 1.282502 1.296660 1.288224 1.197303 1.042392 0.964835 0.936959 0.867493 0.688403 
0.588807 0.393371 0.215537 0.080980 0.036274 0.021673 0.015320 0.012188 0.009507 0.005839 0.002056 0.000589 0.000489 0.000999 0.006101 0.042650 0.252770 0.633531 1.007818 1.248361 1.293120 1.294551 1.260018 1.119847 0.991219 0.950897 0.912623 0.785480 
0.687144 0.490934 0.302254 0.137206 0.051101 0.026911 0.017691 0.013363 0.010915 0.007687 0.003841 0.000981 0.000514 0.000617 0.002402 0.016514 0.109252 0.443150 0.821484 1.163686 1.281573 1.294193 1.285918 1.198821 1.048092 0.966018 0.936288 0.864068 
0.782077 0.589039 0.395653 0.216776 0.079569 0.035264 0.021078 0.014986 0.012001 0.009378 0.005764 0.002047 0.000631 0.000540 0.001089 0.006376 0.043226 0.252094 0.632317 1.010405 1.248946 1.291038 1.292124 1.259141 1.123457 0.995646 0.951153 0.910801 
0.860480 0.685601 0.492346 0.304401 0.136889 0.049887 0.026148 0.017255 0.013120 0.010768 0.007584 0.003795 0.001008 0.000563 0.000677 0.002548 0.016910 0.109345 0.442206 0.821628 1.166413 1.280244 1.291853 1.283879 1.200014 1.053714 0.967838 0.935503 
0.908664 0.778442 0.588974 0.397710 0.218091 0.078384 0.034306 0.020512 0.014671 0.011826 0.009252 0.005689 0.002039 0.000674 0.000591 0.001173 0.006606 0.043610 0.251456 0.631917 1.012991 1.248884 1.288950 1.289859 1.258240 1.126864 1.000572 0.951671 
