0.248245 0.252465 0.226107 0.197726 0.205762 0.292420 0.464555 0.669365 0.842203 1.514842 2.000644 1.931434 1.798314 1.657157 1.535272 0.885925 0.252865 0.157045 0.072824 0.021167 0.003672 0.000342 0.000235 0.002824 0.018426 0.063633 0.129071 0.196746 
0.229900 0.251410 0.242833 0.208369 0.199735 0.229583 0.374403 0.566960 0.738176 1.137652 1.841823 1.982679 1.865879 1.727736 1.609041 1.261295 0.512181 0.192978 0.113485 0.040841 0.008879 0.001201 0.000262 0.000883 0.007372 0.036750 0.096073 0.162909 
0.199400 0.246033 0.249266 0.225615 0.201894 0.207197 0.285386 0.470682 0.633833 0.892697 1.542545 1.947465 1.941547 1.796807 1.680794 1.492431 0.879603 0.292652 0.143294 0.075217 0.018789 0.003355 0.000497 0.000417 0.002660 0.016339 0.065402 0.129471 
0.164436 0.230649 0.248458 0.240406 0.210789 0.203220 0.228070 0.374419 0.543062 0.730907 1.201106 1.826236 1.945986 1.885790 1.744253 1.610158 1.215530 0.546863 0.197653 0.100746 0.042351 0.007928 0.001231 0.000437 0.000978 0.006640 0.036281 0.096704 
0.130570 0.201557 0.244005 0.246445 0.225477 0.205112 0.209432 0.286377 0.456340 0.613504 0.934827 1.561875 1.916048 1.930937 1.817665 1.693038 1.462904 0.881196 0.312901 0.137086 0.066735 0.019515 0.003104 0.000636 0.000572 0.002529 0.015466 0.065436 
0.097271 0.166063 0.231045 0.245835 0.238582 0.212674 0.206192 0.229749 0.369349 0.516876 0.735075 1.248351 1.813620 1.927214 1.889879 1.768540 1.606737 1.187230 0.568289 0.198628 0.093116 0.038433 0.007824 0.001268 0.000588 0.001061 0.006252 0.035544 
0.065131 0.131667 0.203456 0.242137 0.244022 0.225435 0.207813 0.212081 0.286997 0.434279 0.598701 0.975604 1.573246 1.898816 1.917881 1.840101 1.707864 1.433901 0.877760 0.332469 0.132683 0.059421 0.017932 0.003077 0.000758 0.000706 0.002477 0.014873 
0.034784 0.097743 0.167562 0.231299 0.243551 0.237052 0.214300 0.208880 0.232196 0.358495 0.495937 0.753553 1.274425 1.805970 1.913114 1.895520 1.790512 1.606314 1.156857 0.585543 0.200945 0.086895 0.033233 0.007371 0.001351 0.000719 0.001149 0.006019 
0.014428 0.064727 0.132652 0.205095 0.240488 0.241926 0.225406 0.210235 0.214709 0.283995 0.412194 0.592543 1.011949 1.579854 1.886328 1.908716 1.861642 1.721438 1.406950 0.871200 0.350342 0.128823 0.053113 0.015341 0.003014 0.000877 0.000827 0.002474 
0.005874 0.034075 0.098125 0.169081 0.231280 0.241566 0.235731 0.215756 0.211353 0.234445 0.341576 0.479825 0.776345 1.295902 1.798482 1.903119 1.896947 1.814823 1.596111 1.139075 0.599182 0.203130 0.081484 0.027866 0.006630 0.001424 0.000839 0.001239 
0.002497 0.014083 0.064281 0.133603 0.206478 0.238995 0.240107 0.225385 0.212454 0.217126 0.276502 0.393419 0.597703 1.036123 1.585978 1.876960 1.901576 1.874873 1.739614 1.380402 0.869129 0.364081 0.125300 0.046580 0.013240 0.002872 0.000986 0.000939 
0.001329 0.005783 0.033414 0.098498 0.171021 0.230587 0.239829 0.234587 0.217079 0.213622 0.233368 0.324040 0.470026 0.799252 1.311051 1.794046 1.895422 1.894900 1.834383 1.590102 1.124765 0.612391 0.204675 0.074595 0.024167 0.005935 0.001469 0.000951 
0.001045 0.002537 0.013805 0.063798 0.134759 0.207559 0.237519 0.238519 0.225387 0.214486 0.218558 0.265392 0.378785 0.607161 1.055151 1.591179 1.870078 1.895292 1.879641 1.755280 1.363313 0.868578 0.377007 0.119721 0.041332 0.011610 0.002715 0.001080 
0.001054 0.001418 0.005727 0.032748 0.099049 0.172769 0.229779 0.238269 0.233594 0.218295 0.215504 0.231285 0.305449 0.465322 0.820151 1.323165 1.791329 1.888988 1.891379 1.844638 1.590048 1.115946 0.622397 0.206515 0.068360 0.021264 0.005347 0.001498 
0.001165 0.001145 0.002586 0.013559 0.063439 0.135909 0.208367 0.236146 0.237100 0.225473 0.216202 0.219450 0.253771 0.363958 0.619828 1.071658 1.595709 1.863976 1.890781 1.879694 1.764921 1.355428 0.869171 0.387301 0.114673 0.037017 0.010289 0.002571 
0.001521 0.001150 0.001505 0.005690 0.032183 0.099674 0.174252 0.228963 0.236862 0.232740 0.219384 0.217014 0.228842 0.289898 0.462961 0.836716 1.333684 1.788647 1.884080 1.888009 1.848228 1.592263 1.112300 0.627688 0.210167 0.063113 0.018900 0.004852 
0.002447 0.001243 0.001239 0.002640 0.013359 0.063230 0.136963 0.208955 0.234887 0.235831 0.225624 0.217607 0.219971 0.247063 0.348428 0.630983 1.085200 1.599428 1.859239 1.887027 1.878064 1.770296 1.352862 0.869994 0.395114 0.110930 0.033466 0.009197 
0.004435 0.001545 0.001240 0.001589 0.005670 0.031758 0.100096 0.175692 0.228168 0.235595 0.232004 0.220340 0.218198 0.227335 0.279177 0.458270 0.850590 1.342314 1.786666 1.880080 1.884786 1.848881 1.594996 1.111428 0.631555 0.213028 0.058899 0.016951 
0.008287 0.002344 0.001316 0.001327 0.002697 0.013213 0.062999 0.137894 0.209523 0.233738 0.234697 0.225809 0.218733 0.220482 0.242580 0.336911 0.637737 1.096452 1.602602 1.855550 1.883610 1.875810 1.773408 1.353212 0.871030 0.400840 0.107918 0.030567 
0.015343 0.004086 0.001573 0.001319 0.001672 0.005668 0.031373 0.100447 0.177016 0.227445 0.234457 0.231364 0.221160 0.219170 0.226444 0.271687 0.453568 0.861165 1.349559 1.785298 1.876595 1.881660 1.848260 1.597982 1.112121 0.634436 0.214943 0.055475 
0.028190 0.007529 0.002265 0.001382 0.001407 0.002760 0.013093 0.062765 0.138732 0.210049 0.232704 0.233684 0.225986 0.219668 0.220989 0.239573 0.328468 0.641787 1.105362 1.605653 1.852504 1.880394 1.873310 1.775504 1.355052 0.872256 0.404846 0.105375 
0.052652 0.014010 0.003802 0.001603 0.001389 0.001752 0.005681 0.031017 0.100748 0.178222 0.226795 0.233439 0.230798 0.221865 0.219998 0.225965 0.266443 0.449405 0.868985 1.356331 1.783819 1.873421 1.878623 1.847087 1.601176 1.113654 0.636628 0.215981 
0.103144 0.026223 0.006903 0.002206 0.001442 0.001479 0.002825 0.012998 0.062532 0.139485 0.210532 0.231778 0.232779 0.226137 0.220465 0.221490 0.237576 0.322303 0.644017 1.112658 1.608593 1.849720 1.877322 1.870739 1.777188 1.357415 0.873829 0.407508 
0.216267 0.050283 0.012907 0.003572 0.001633 0.001452 0.001825 0.005704 0.030689 0.101009 0.179316 0.226217 0.232529 0.230288 0.222471 0.220721 0.225768 0.262779 0.445761 0.874926 1.362336 1.782538 1.870422 1.875676 1.845705 1.604362 1.115622 0.638511 
0.409246 0.101123 0.024585 0.006390 0.002163 0.001497 0.001545 0.002888 0.012920 0.062306 0.140162 0.210977 0.230951 0.231969 0.226257 0.221158 0.221983 0.236282 0.317778 0.645163 1.118631 1.611392 1.847137 1.874363 1.868184 1.777876 1.360748 0.875613 
0.640083 0.216023 0.048268 0.011996 0.003387 0.001664 0.001509 0.001893 0.005732 0.030389 0.101234 0.180308 0.225703 0.231714 0.229827 0.222994 0.221365 0.225764 0.260231 0.442661 0.879485 1.367670 1.781395 1.867556 1.872818 1.844062 1.607378 1.118181 
0.877744 0.410229 0.099275 0.023216 0.005970 0.002133 0.001548 0.001605 0.002948 0.012856 0.062092 0.140771 0.211387 0.230211 0.231242 0.226346 0.221772 0.222464 0.235480 0.314455 0.645657 1.123578 1.614015 1.844700 1.871503 1.865629 1.777702 1.364758 
1.121251 0.641550 0.215328 0.046543 0.011240 0.003238 0.001694 0.001562 0.001955 0.005761 0.030116 0.101432 0.181208 0.225247 0.230984 0.229406 0.223447 0.221945 0.225891 0.258478 0.440060 0.883053 1.372430 1.780329 1.864802 1.870034 1.842179 1.610125 
