0.014888 0.065223 0.626565 1.296905 1.463915 1.675432 1.877311 1.996601 1.522456 0.851457 0.675432 0.463915 0.277050 0.145076 0.066228 0.026358 0.009482 0.004210 0.003938 0.006624 0.009810 0.012056 0.012051 0.009786 0.006374 0.003142 0.000910 0.000132 
0.003821 0.031161 0.274685 1.003775 1.395723 1.569674 1.777577 1.962191 1.843404 1.147088 0.745878 0.569674 0.367401 0.204201 0.099011 0.040656 0.015019 0.005596 0.004006 0.004883 0.008217 0.011331 0.012054 0.011343 0.008080 0.004736 0.001817 0.000327 
0.001200 0.011530 0.098877 0.608974 1.247398 1.500198 1.673625 1.895872 1.932495 1.552588 0.903494 0.639009 0.468537 0.280917 0.144355 0.063094 0.023784 0.008349 0.004404 0.004225 0.006352 0.010010 0.011873 0.011877 0.009952 0.006408 0.003223 0.000707 
0.000830 0.003906 0.035949 0.295960 0.944789 1.405398 1.590731 1.803374 1.923339 1.823678 1.213026 0.738191 0.544165 0.374727 0.206254 0.096482 0.037470 0.013195 0.005435 0.004270 0.004832 0.008181 0.011398 0.011876 0.011357 0.008180 0.004770 0.001567 
0.001014 0.001599 0.012686 0.108962 0.604273 1.209864 1.517817 1.697052 1.889937 1.898424 1.569769 0.947783 0.616925 0.456373 0.290370 0.144030 0.059324 0.021203 0.007666 0.004561 0.004410 0.006228 0.010089 0.011756 0.011746 0.010065 0.006475 0.002927 
0.001527 0.001161 0.004517 0.039526 0.304988 0.907069 1.401045 1.621818 1.815483 1.896302 1.811844 1.258776 0.744744 0.517261 0.373371 0.214742 0.092914 0.034118 0.011826 0.005375 0.004448 0.004865 0.008196 0.011339 0.011754 0.011323 0.008299 0.004696 
0.002753 0.001252 0.002000 0.014108 0.114644 0.597134 1.174124 1.539028 1.726043 1.876097 1.875188 1.583329 0.989497 0.602567 0.436709 0.294057 0.148699 0.054390 0.019012 0.007220 0.004680 0.004552 0.006218 0.010080 0.011650 0.011646 0.010154 0.006497 
0.004532 0.001627 0.001439 0.005214 0.042270 0.308899 0.885629 1.383087 1.654772 1.824447 1.875870 1.801996 1.287678 0.763268 0.498906 0.362821 0.221378 0.092219 0.030805 0.010803 0.005347 0.004584 0.004969 0.008173 0.011258 0.011649 0.011272 0.008420 
0.006476 0.002641 0.001486 0.002383 0.015421 0.118191 0.591830 1.144267 1.547151 1.760714 1.863014 1.857401 1.591919 1.025473 0.598581 0.415498 0.292099 0.154472 0.051159 0.017167 0.006901 0.004775 0.004680 0.006266 0.010018 0.011551 0.011555 0.010238 
0.008507 0.004368 0.001775 0.001710 0.005866 0.044373 0.311648 0.868048 1.364403 1.678718 1.837439 1.861611 1.789628 1.313131 0.786991 0.484154 0.348117 0.223285 0.094110 0.028232 0.009999 0.005330 0.004704 0.005077 0.008156 0.011167 0.011554 0.011226 
0.010302 0.006437 0.002570 0.001726 0.002749 0.016532 0.120819 0.587117 1.123731 1.544315 1.791325 1.855568 1.843615 1.599151 1.050061 0.603815 0.399131 0.284844 0.158698 0.049582 0.015725 0.006654 0.004860 0.004797 0.006325 0.009949 0.011457 0.011472 
0.011179 0.008561 0.004231 0.001937 0.001982 0.006451 0.046050 0.312963 0.855424 1.348527 1.704333 1.839507 1.852580 1.779511 1.332126 0.809473 0.475887 0.332170 0.221771 0.096836 0.026457 0.009370 0.005325 0.004813 0.005179 0.008142 0.011077 0.011468 
0.011396 0.010339 0.006396 0.002543 0.001948 0.003110 0.017468 0.122678 0.583114 1.108145 1.554274 1.802445 1.849312 1.834312 1.602883 1.070800 0.613278 0.386064 0.274622 0.159303 0.050301 0.014653 0.006464 0.004941 0.004904 0.006382 0.009882 0.011370 
0.011390 0.011132 0.008596 0.004125 0.002097 0.002239 0.006990 0.047359 0.313570 0.845630 1.341073 1.722409 1.837595 1.845562 1.772705 1.345494 0.832332 0.470728 0.316898 0.216963 0.099299 0.025612 0.008892 0.005331 0.004914 0.005274 0.008129 0.010992 
0.011290 0.011325 0.010358 0.006309 0.002604 0.002132 0.003462 0.018270 0.124049 0.579600 1.097928 1.564875 1.806807 1.843570 1.827348 1.605031 1.088913 0.625842 0.374584 0.262410 0.158131 0.051928 0.013962 0.006325 0.005018 0.005004 0.006433 0.009819 
0.010914 0.011316 0.011083 0.008598 0.004068 0.002250 0.002465 0.007497 0.048417 0.313478 0.838764 1.337824 1.735018 1.834379 1.839515 1.767713 1.355908 0.850747 0.470373 0.304475 0.209524 0.101245 0.025363 0.008561 0.005348 0.005007 0.005361 0.008116 
0.009764 0.011216 0.011258 0.010349 0.006221 0.002705 0.002304 0.003776 0.018985 0.125517 0.576121 1.091572 1.573964 1.808255 1.838231 1.821564 1.607005 1.103327 0.638889 0.366687 0.249797 0.155385 0.053970 0.013565 0.006237 0.005092 0.005096 0.006477 
0.008103 0.010842 0.011248 0.011031 0.008574 0.004047 0.002404 0.002672 0.007947 0.049420 0.313021 0.833847 1.338627 1.742189 1.830737 1.834064 1.763758 1.364486 0.866203 0.473955 0.293631 0.200656 0.102102 0.025498 0.008355 0.005379 0.005093 0.005442 
0.006517 0.009713 0.011146 0.011193 0.010314 0.006155 0.002815 0.002471 0.004058 0.019634 0.126485 0.573434 1.088242 1.581368 1.807768 1.833232 1.816487 1.608831 1.115345 0.652875 0.361252 0.236922 0.151379 0.055766 0.013385 0.006194 0.005165 0.005180 
0.005518 0.008091 0.010776 0.011182 0.010974 0.008534 0.004051 0.002557 0.002868 0.008348 0.050241 0.312321 0.830838 1.342556 1.744802 1.826866 1.829046 1.760387 1.371859 0.880233 0.480338 0.283546 0.190561 0.102216 0.025778 0.008249 0.005422 0.005169 
0.005256 0.006557 0.009668 0.011080 0.011130 0.010262 0.006106 0.002931 0.002635 0.004316 0.020192 0.126939 0.571580 1.087547 1.587128 1.805805 1.828501 1.811881 1.610412 1.126046 0.668030 0.355990 0.225430 0.145809 0.057336 0.013338 0.006192 0.005232 
0.005238 0.005587 0.008084 0.010715 0.011117 0.010913 0.008487 0.004073 0.002709 0.003055 0.008705 0.050847 0.311451 0.829563 1.347164 1.745462 1.822827 1.824346 1.757359 1.378407 0.893744 0.487398 0.274390 0.180359 0.101513 0.026124 0.008219 0.005472 
0.005296 0.005325 0.006594 0.009628 0.011017 0.011066 0.010201 0.006069 0.003050 0.002795 0.004554 0.020653 0.126921 0.570507 1.088428 1.591672 1.803106 1.823966 1.807599 1.611719 1.136076 0.680781 0.353609 0.215620 0.139038 0.058439 0.013382 0.006217 
0.005527 0.005304 0.005650 0.008081 0.010657 0.011054 0.010850 0.008435 0.004107 0.002859 0.003235 0.009018 0.051245 0.310541 0.829467 1.351931 1.745032 1.818751 1.819875 1.754538 1.384383 0.905885 0.494780 0.267366 0.170155 0.098738 0.027627 0.008238 
0.006260 0.005359 0.005390 0.006630 0.009592 0.010955 0.011003 0.010132 0.006042 0.003171 0.002953 0.004775 0.021021 0.126625 0.569520 1.090699 1.595360 1.800041 1.819594 1.803540 1.612938 1.145134 0.691908 0.353988 0.206609 0.131223 0.059103 0.013763 
0.008361 0.005585 0.005367 0.005708 0.008080 0.010602 0.010991 0.010785 0.008381 0.004149 0.003007 0.003408 0.009292 0.051483 0.309326 0.830110 1.357007 1.743982 1.814706 1.815580 1.751876 1.389861 0.916699 0.503140 0.261876 0.159917 0.094754 0.029294 
0.014289 0.006333 0.005421 0.005452 0.006664 0.009559 0.010894 0.010939 0.010060 0.006022 0.003293 0.003108 0.004980 0.021311 0.126492 0.568317 1.093558 1.598676 1.796806 1.815362 1.799654 1.614088 1.153280 0.702469 0.356303 0.198152 0.122773 0.059075 
0.030708 0.008550 0.005649 0.005429 0.005763 0.008081 0.010548 0.010928 0.010720 0.008326 0.004199 0.003154 0.003576 0.009530 0.051689 0.308044 0.830937 1.362240 1.742635 1.810723 1.811435 1.749336 1.394893 0.926625 0.512572 0.256534 0.151040 0.089464 
