0.792753 0.989942 0.982119 1.353478 1.684412 1.527843 1.533354 1.687471 1.880074 1.477533 0.986817 0.943843 0.928697 0.970004 1.073800 1.105007 1.056511 0.814698 0.527579 0.257341 0.074368 0.011521 0.000654 0.000630 0.011310 0.073711 0.254533 0.516285 
0.654519 0.925906 0.986030 1.121379 1.565365 1.606127 1.529221 1.587716 1.807848 1.740143 1.181579 0.958373 0.932483 0.939024 1.024427 1.097205 1.092883 0.959370 0.671138 0.390350 0.147787 0.029949 0.003377 0.000636 0.003300 0.029581 0.147003 0.383569 
0.518989 0.809105 0.955968 1.034899 1.367018 1.595937 1.567674 1.543844 1.712405 1.790921 1.499736 1.020647 0.938956 0.934118 0.972685 1.071492 1.096125 1.058424 0.817905 0.529814 0.263429 0.066051 0.010705 0.001321 0.001302 0.010536 0.065507 0.260773 
0.385894 0.664047 0.900443 0.994059 1.179176 1.522992 1.585338 1.552226 1.608496 1.771292 1.705215 1.220728 0.960588 0.935328 0.943760 1.025572 1.089967 1.086700 0.964751 0.673859 0.393908 0.145279 0.026888 0.003672 0.001307 0.003610 0.026587 0.144605 
0.259985 0.524970 0.793610 0.947515 1.066780 1.378475 1.569752 1.568782 1.566294 1.703962 1.754773 1.507013 1.036413 0.941643 0.937436 0.976548 1.067996 1.089150 1.055396 0.825179 0.532516 0.264197 0.062290 0.010067 0.001898 0.001882 0.009930 0.061836 
0.140763 0.392021 0.659290 0.884905 0.996570 1.213482 1.513075 1.569509 1.567296 1.622425 1.742070 1.689718 1.236580 0.966387 0.938488 0.947214 1.026761 1.083861 1.080711 0.968432 0.678848 0.395314 0.142759 0.025165 0.003944 0.001886 0.003894 0.024919 
0.059136 0.261945 0.525656 0.777590 0.941539 1.094690 1.386619 1.555401 1.568402 1.581078 1.696030 1.728982 1.506703 1.051816 0.945462 0.940669 0.979225 1.065255 1.083074 1.051854 0.831768 0.536324 0.262993 0.059869 0.009764 0.002401 0.002388 0.009653 
0.023840 0.139947 0.393800 0.653095 0.870563 1.002117 1.240655 1.504251 1.563527 1.573197 1.633485 1.720744 1.673412 1.250278 0.973249 0.941867 0.950308 1.027424 1.078619 1.075269 0.970936 0.684046 0.396895 0.139791 0.024131 0.004245 0.002391 0.004204 
0.009566 0.057775 0.263489 0.523447 0.767057 0.933706 1.118254 1.390583 1.546290 1.568362 1.594851 1.688022 1.708911 1.502904 1.066717 0.949713 0.943978 0.981337 1.062661 1.077782 1.048348 0.837302 0.540470 0.261364 0.058017 0.009679 0.002855 0.002845 
0.004525 0.023299 0.140189 0.393468 0.647296 0.857765 1.015007 1.254418 1.496960 1.559533 1.578295 1.642836 1.703689 1.657409 1.262560 0.980398 0.945411 0.953317 1.027559 1.074001 1.070423 0.972571 0.688886 0.398702 0.136887 0.023470 0.004563 0.002847 
0.003267 0.009638 0.057215 0.264323 0.520382 0.757950 0.932768 1.134322 1.390364 1.539199 1.568914 1.607188 1.681330 1.692119 1.497771 1.080870 0.954158 0.947388 0.983134 1.060060 1.073107 1.045066 0.842538 0.543794 0.259875 0.056551 0.009719 0.003276 
0.003269 0.004860 0.023125 0.140656 0.392352 0.641477 0.849861 1.026734 1.262343 1.489358 1.556701 1.583568 1.650830 1.689422 1.643532 1.272411 0.987528 0.949080 0.956325 1.027272 1.069845 1.066097 0.974135 0.693166 0.399981 0.134431 0.023038 0.004889 
0.003674 0.003667 0.009824 0.057074 0.264425 0.517236 0.750762 0.934894 1.144538 1.388466 1.533148 1.570134 1.615508 1.678533 1.677949 1.492889 1.093192 0.958692 0.950891 0.984741 1.057427 1.068908 1.042169 0.847308 0.546574 0.258407 0.055423 0.009832 
0.005215 0.003669 0.005206 0.023175 0.140961 0.390831 0.636410 0.845813 1.035431 1.266502 1.482051 1.555216 1.590615 1.654899 1.678387 1.631538 1.280400 0.994267 0.952842 0.959354 1.026676 1.066038 1.062223 0.975646 0.696941 0.400919 0.132292 0.022769 
0.009990 0.004055 0.004053 0.010083 0.057114 0.264108 0.514157 0.745634 0.937914 1.150966 1.384869 1.528075 1.573729 1.624920 1.672515 1.666675 1.488149 1.103798 0.963198 0.954470 0.986228 1.054772 1.065084 1.039625 0.851652 0.548930 0.256984 0.054538 
0.022611 0.005540 0.004054 0.005560 0.023348 0.141113 0.389132 0.632216 0.844077 1.041834 1.267918 1.474297 1.555917 1.599325 1.655116 1.671055 1.620584 1.286492 1.000530 0.956652 0.962409 1.025862 1.062506 1.058719 0.977114 0.700291 0.401610 0.130404 
0.053827 0.010179 0.004425 0.004430 0.010384 0.057236 0.263562 0.511291 0.742050 0.941177 1.154876 1.378963 1.525309 1.580849 1.630210 1.667071 1.658437 1.482681 1.112719 0.967621 0.958091 0.987643 1.052116 1.061560 1.037371 0.855636 0.550950 0.255620 
0.128720 0.022530 0.005864 0.004426 0.005920 0.023585 0.141146 0.387426 0.628792 0.843746 1.046728 1.266919 1.466262 1.560022 1.606302 1.654810 1.664912 1.612340 1.290036 1.006278 0.960474 0.965479 1.024906 1.059199 1.055513 0.978542 0.703293 0.402116 
0.254318 0.053244 0.010389 0.004786 0.004800 0.010710 0.057392 0.262891 0.508724 0.739570 0.944582 1.156824 1.370675 1.525012 1.588669 1.634094 1.662387 1.651769 1.478333 1.119320 0.971925 0.961725 0.989016 1.049481 1.058277 1.035348 0.859322 0.552705 
0.402482 0.127196 0.022504 0.006187 0.004789 0.006281 0.023858 0.141083 0.385807 0.626020 0.844402 1.050502 1.263749 1.458660 1.564797 1.613660 1.653919 1.659732 1.605756 1.292317 1.011324 0.964275 0.968548 1.023872 1.056078 1.052545 0.979930 0.706013 
0.554248 0.253071 0.052756 0.010615 0.005139 0.005162 0.011048 0.057558 0.262161 0.506478 0.737940 0.948094 1.157125 1.363497 1.523877 1.595337 1.638444 1.658279 1.646238 1.474722 1.124402 0.976037 0.965343 0.990363 1.046891 1.055195 1.033508 0.862760 
0.708504 0.402743 0.125802 0.022520 0.006508 0.005144 0.006639 0.024147 0.140948 0.384319 0.623816 0.845680 1.052750 1.260644 1.451618 1.568539 1.620864 1.653320 1.655269 1.600349 1.293774 1.015802 0.968017 0.971598 1.022805 1.053119 1.049773 0.981276 
0.865986 0.555623 0.251873 0.052343 0.010852 0.005485 0.005518 0.011390 0.057724 0.261412 0.504552 0.736952 0.950961 1.156697 1.358246 1.520870 1.601242 1.643146 1.654782 1.641539 1.471654 1.128413 0.979963 0.968912 0.991696 1.044363 1.052282 1.031812 
0.982577 0.710805 0.402921 0.124512 0.022566 0.006827 0.005493 0.006994 0.024442 0.140759 0.382982 0.622094 0.846255 1.054863 1.257995 1.444658 1.571102 1.629331 1.651873 1.651471 1.595757 1.294674 1.019838 0.971675 0.974608 1.021746 1.050302 1.047165 
1.030233 0.869029 0.556863 0.250718 0.051987 0.011095 0.005827 0.005869 0.011731 0.057883 0.260672 0.502927 0.736044 0.952504 1.157113 1.353385 1.516656 1.609139 1.646237 1.651772 1.637442 1.468922 1.131662 0.983716 0.972408 0.993018 1.041916 1.049518 
1.044697 0.983831 0.712946 0.403038 0.123308 0.022635 0.007144 0.005837 0.007345 0.024735 0.140533 0.381800 0.620628 0.846356 1.056290 1.256292 1.439146 1.574032 1.635579 1.650388 1.648190 1.591729 1.295149 1.023529 0.975235 0.977561 1.020719 1.047618 
1.046887 1.028750 0.871911 0.557992 0.249602 0.051676 0.011343 0.006164 0.006214 0.012069 0.058032 0.259958 0.501518 0.735129 0.953297 1.157532 1.349862 1.514059 1.616490 1.646686 1.649839 1.633525 1.466397 1.134340 0.987309 0.975816 0.994326 1.039563 
1.045056 1.042353 0.985006 0.714981 0.403106 0.122174 0.022721 0.007459 0.006176 0.007690 0.025024 0.140291 0.380738 0.619317 0.846144 1.057156 1.255185 1.435477 1.578250 1.638349 1.649051 1.645760 1.587389 1.295619 1.026939 0.978689 0.980444 1.019741 
