0.001469 0.009909 0.026577 0.067182 0.148112 0.282500 0.470645 0.680808 0.880178 0.978752 1.490173 1.886389 1.670210 1.460879 1.276031 1.157769 0.553361 0.027259 0.012549 0.009956 0.010504 0.012236 0.012130 0.009779 0.006376 0.003142 0.000910 0.000132 
0.000466 0.003940 0.016159 0.040930 0.100965 0.208586 0.373820 0.575727 0.782120 0.929465 1.195178 1.752209 1.805322 1.564689 1.365395 1.223360 0.901550 0.218436 0.016875 0.010604 0.010093 0.011507 0.012209 0.011353 0.008077 0.004738 0.001816 0.000327 
0.000362 0.001370 0.007863 0.025407 0.063687 0.147574 0.286619 0.474213 0.678923 0.848378 1.029108 1.526844 1.792044 1.715084 1.459874 1.304974 1.107398 0.529931 0.068833 0.012300 0.010221 0.010624 0.012034 0.011995 0.009918 0.006408 0.003225 0.000706 
0.000448 0.000614 0.003245 0.013872 0.039363 0.097820 0.211028 0.378276 0.576568 0.766648 0.916151 1.260941 1.721661 1.772804 1.600141 1.375220 1.230883 0.841454 0.241332 0.026953 0.010741 0.010322 0.011430 0.012024 0.011386 0.008163 0.004775 0.001654 
0.000749 0.000489 0.001313 0.006560 0.022902 0.060813 0.147669 0.290772 0.477422 0.672634 0.827784 1.068332 1.536105 1.760018 1.714587 1.487680 1.311021 1.075100 0.519972 0.084601 0.014898 0.010426 0.010737 0.011866 0.011865 0.010039 0.006469 0.003093 
0.001564 0.000554 0.000695 0.002831 0.011957 0.036465 0.095831 0.213777 0.383027 0.575028 0.744542 0.919655 1.304712 1.704040 1.748660 1.618140 1.400477 1.222550 0.807947 0.250321 0.033442 0.011544 0.010504 0.011379 0.011865 0.011397 0.008254 0.004757 
0.002976 0.000807 0.000589 0.001264 0.005646 0.020366 0.057532 0.148391 0.295558 0.479027 0.661896 0.810209 1.106046 1.543137 1.737505 1.710608 1.509308 1.328788 1.040470 0.513651 0.093136 0.017279 0.010764 0.010832 0.011732 0.011748 0.010146 0.006505 
0.004727 0.001504 0.000644 0.000758 0.002528 0.010421 0.033337 0.093857 0.217437 0.387293 0.570537 0.721932 0.940471 1.330635 1.688913 1.730781 1.628396 1.429925 1.214442 0.777060 0.256505 0.037872 0.012393 0.010781 0.011295 0.011744 0.011348 0.008380 
0.006553 0.002874 0.000859 0.000672 0.001229 0.004944 0.018124 0.054196 0.149545 0.300691 0.478915 0.641823 0.809748 1.135553 1.548078 1.720314 1.704397 1.531287 1.349119 1.006950 0.506372 0.098900 0.019165 0.011184 0.010974 0.011584 0.011645 0.010221 
0.008491 0.004714 0.001453 0.000719 0.000812 0.002297 0.009168 0.030437 0.091995 0.221733 0.389803 0.561656 0.706050 0.961811 1.350322 1.677255 1.716335 1.636634 1.460203 1.197835 0.756661 0.259997 0.041094 0.013232 0.011026 0.011263 0.011630 0.011289 
0.010277 0.006603 0.002795 0.000903 0.000742 0.001206 0.004386 0.016203 0.051143 0.151245 0.305295 0.475730 0.623365 0.817337 1.156066 1.552582 1.706565 1.696410 1.561290 1.351370 0.984184 0.500972 0.102786 0.020749 0.011578 0.011099 0.011492 0.011545 
0.011228 0.008599 0.004696 0.001416 0.000782 0.000858 0.002117 0.008135 0.027892 0.090673 0.226222 0.390512 0.546605 0.702256 0.979478 1.365393 1.668069 1.704026 1.652551 1.475988 1.182280 0.742578 0.261986 0.043551 0.013990 0.011219 0.011283 0.011532 
0.011456 0.010325 0.006647 0.002726 0.000941 0.000801 0.001192 0.003936 0.014579 0.048526 0.153607 0.308367 0.469583 0.609289 0.827280 1.172436 1.555981 1.695037 1.691157 1.588114 1.347384 0.967540 0.496817 0.105550 0.022073 0.011912 0.011235 0.011423 
0.011447 0.011173 0.008694 0.004643 0.001422 0.000836 0.000899 0.001976 0.007283 0.025727 0.090208 0.230180 0.388975 0.532339 0.702389 0.995059 1.377388 1.660273 1.694067 1.664427 1.489469 1.168822 0.732179 0.263212 0.045483 0.014621 0.011404 0.011321 
0.011384 0.011379 0.010371 0.006669 0.002673 0.000982 0.000852 0.001184 0.003572 0.013221 0.046458 0.156465 0.309578 0.459251 0.602037 0.837517 1.186224 1.558173 1.685618 1.686657 1.609618 1.343645 0.954541 0.493507 0.107631 0.023141 0.012229 0.011342 
0.011363 0.011383 0.011126 0.008768 0.004594 0.001438 0.000884 0.000935 0.001864 0.006581 0.023943 0.090632 0.233021 0.384844 0.519918 0.705624 1.008965 1.386831 1.653497 1.686397 1.667397 1.506010 1.158084 0.724024 0.264062 0.046991 0.015179 0.011563 
0.011413 0.011373 0.011319 0.010404 0.006681 0.002632 0.001023 0.000897 0.001180 0.003275 0.012101 0.044955 0.159521 0.308933 0.448146 0.598066 0.847979 1.197898 1.559172 1.678172 1.681647 1.622300 1.345958 0.944292 0.490815 0.109212 0.024036 0.012517 
0.011699 0.011390 0.011352 0.011076 0.008820 0.004553 0.001457 0.000928 0.000968 0.001774 0.006006 0.022521 0.091775 0.234227 0.378476 0.510607 0.710522 1.021519 1.393944 1.647554 1.680778 1.666810 1.519501 1.151601 0.717553 0.264623 0.048210 0.015673 
0.012770 0.011476 0.011371 0.011274 0.010412 0.006686 0.002603 0.001060 0.000938 0.001179 0.003034 0.011192 0.043963 0.162284 0.306351 0.437583 0.596679 0.858342 1.207732 1.558996 1.672472 1.677286 1.626491 1.352979 0.936938 0.488575 0.110447 0.024801 
0.016101 0.011826 0.011411 0.011334 0.011034 0.008844 0.004520 0.001477 0.000969 0.000998 0.001703 0.005537 0.021425 0.093308 0.234317 0.370089 0.504310 0.716544 1.032802 1.398903 1.642900 1.676083 1.664588 1.529041 1.148998 0.712757 0.264878 0.049220 
0.025450 0.012999 0.011534 0.011372 0.011240 0.010405 0.006682 0.002585 0.001096 0.000976 0.001182 0.002838 0.010467 0.043712 0.163813 0.302858 0.427641 0.597424 0.868443 1.215853 1.558368 1.667787 1.673209 1.627827 1.359664 0.932332 0.486747 0.111414 
0.050054 0.016478 0.011940 0.011433 0.011319 0.010998 0.008847 0.004494 0.001498 0.001006 0.001028 0.001647 0.005159 0.020686 0.094693 0.233335 0.361407 0.499878 0.723385 1.042148 1.403182 1.639077 1.671854 1.661864 1.535816 1.148280 0.709539 0.264873 
0.112152 0.026006 0.013202 0.011588 0.011376 0.011210 0.010380 0.006677 0.002575 0.001129 0.001012 0.001188 0.002680 0.009919 0.044241 0.164014 0.297393 0.420013 0.599725 0.877482 1.222665 1.558064 1.663659 1.669356 1.627854 1.365379 0.929650 0.485328 
0.264737 0.050744 0.016806 0.012045 0.011455 0.011308 0.010961 0.008834 0.004474 0.001520 0.001041 0.001056 0.001605 0.004863 0.020309 0.096035 0.230703 0.352912 0.497613 0.730175 1.050074 1.407113 1.635836 1.667932 1.658981 1.540707 1.148589 0.707489 
0.484267 0.112726 0.026481 0.013382 0.011640 0.011382 0.011184 0.010343 0.006667 0.002572 0.001161 0.001045 0.001197 0.002557 0.009539 0.045200 0.163369 0.290553 0.414280 0.602977 0.885482 1.228594 1.558081 1.659908 1.665694 1.627174 1.370217 0.928246 
0.706256 0.264561 0.051317 0.017093 0.012140 0.011478 0.011300 0.010925 0.008806 0.004460 0.001542 0.001074 0.001083 0.001575 0.004642 0.020200 0.097302 0.226961 0.344727 0.496903 0.736654 1.057038 1.410770 1.633005 1.664248 1.656064 1.544312 1.149482 
0.927869 0.483316 0.113184 0.026887 0.013543 0.011688 0.011389 0.011162 0.010301 0.006647 0.002575 0.001191 0.001076 0.001208 0.002465 0.009299 0.046433 0.162132 0.283030 0.409868 0.606699 0.892677 1.233904 1.558293 1.656437 1.662202 1.626080 1.374362 
1.151116 0.705350 0.264255 0.051797 0.017343 0.012227 0.011501 0.011295 0.010890 0.008768 0.004448 0.001566 0.001105 0.001109 0.001555 0.004487 0.020291 0.098453 0.221838 0.337700 0.497140 0.742782 1.063290 1.414216 1.630460 1.660761 1.653171 1.547003 
