0.049543 0.032268 0.015908 0.004607 0.000669 0.500038 1.000077 1.000707 1.004607 1.015908 1.034497 0.548823 0.059482 0.060991 0.049543 0.032268 0.015908 0.004607 0.000707 0.000038 0.000038 0.000707 0.004607 0.015908 0.032268 0.049543 0.060991 0.060991 
0.057427 0.040906 0.023974 0.009197 0.001653 0.187849 0.812405 1.000392 1.001840 1.008909 1.027526 0.852828 0.242985 0.060236 0.057427 0.040906 0.023974 0.009188 0.001849 0.000205 0.000038 0.000205 0.001849 0.009188 0.023974 0.040906 0.057427 0.060991 
0.060100 0.050391 0.032440 0.016316 0.003578 0.048202 0.499679 0.953033 1.001116 1.003969 1.019985 0.983851 0.549919 0.106626 0.058831 0.050580 0.032440 0.016299 0.004095 0.000658 0.000080 0.000080 0.000658 0.004095 0.016299 0.032440 0.050391 0.060100 
0.060100 0.057490 0.041415 0.024149 0.007932 0.014734 0.228427 0.771005 0.988382 1.002542 1.012690 1.010952 0.813263 0.284810 0.072843 0.054706 0.041714 0.024119 0.009038 0.001662 0.000225 0.000080 0.000225 0.001662 0.009038 0.024143 0.041415 0.057490 
0.059447 0.059447 0.050958 0.032782 0.013882 0.009632 0.069858 0.498795 0.930497 0.997232 1.009386 1.012256 0.961095 0.552606 0.130369 0.061507 0.048142 0.032917 0.016223 0.003865 0.000620 0.000116 0.000116 0.000620 0.003865 0.016276 0.032779 0.050959 
0.057325 0.059447 0.057325 0.042111 0.022032 0.010695 0.024689 0.245420 0.751925 0.977510 1.005630 1.011538 0.999465 0.796840 0.305923 0.082064 0.053387 0.040713 0.024570 0.008769 0.001557 0.000242 0.000116 0.000242 0.001557 0.008819 0.024318 0.042020 
0.051355 0.058917 0.058917 0.051697 0.032071 0.013854 0.014193 0.083370 0.497459 0.914084 0.997123 1.010061 1.008520 0.945791 0.556690 0.145198 0.063724 0.045899 0.032642 0.016455 0.003689 0.000602 0.000148 0.000148 0.000602 0.003701 0.016171 0.033169 
0.042644 0.057026 0.058917 0.057112 0.042532 0.020509 0.013939 0.031572 0.255631 0.737089 0.973129 1.006827 1.009676 0.992452 0.786995 0.319876 0.088549 0.052584 0.039066 0.024548 0.008820 0.001488 0.000261 0.000148 0.000261 0.001491 0.008586 0.024521 
0.033583 0.051628 0.058444 0.058466 0.052124 0.030411 0.015581 0.018347 0.091995 0.493365 0.905695 0.997690 1.008964 1.005370 0.936782 0.559903 0.155372 0.064955 0.044260 0.031958 0.016551 0.003627 0.000596 0.000176 0.000176 0.000597 0.003572 0.016062 
0.024757 0.043157 0.056735 0.058460 0.056880 0.042396 0.020282 0.016273 0.037451 0.259551 0.728072 0.971873 1.006145 1.008065 0.987325 0.781762 0.329675 0.092733 0.052020 0.037448 0.024255 0.008921 0.001459 0.000281 0.000176 0.000281 0.001446 0.008371 
0.015995 0.033957 0.051815 0.058029 0.058065 0.052007 0.029577 0.017275 0.021567 0.098270 0.490772 0.899969 0.997097 1.007585 1.002880 0.930749 0.560839 0.164871 0.065842 0.042913 0.030947 0.016537 0.003619 0.000602 0.000202 0.000202 0.000599 0.003469 
0.008204 0.024976 0.043577 0.056466 0.058056 0.056551 0.042081 0.020622 0.018348 0.041816 0.262547 0.722238 0.970193 1.004963 1.006409 0.983671 0.777257 0.338116 0.096331 0.051511 0.035865 0.023742 0.009031 0.001456 0.000302 0.000202 0.000302 0.001415 
0.003391 0.015962 0.034277 0.051950 0.057659 0.057680 0.051622 0.029238 0.018917 0.024215 0.102866 0.490114 0.894985 0.995909 1.006048 1.000724 0.926383 0.560976 0.173536 0.066628 0.041732 0.029686 0.016386 0.003693 0.000616 0.000227 0.000227 0.000605 
0.001396 0.008084 0.025119 0.043975 0.056226 0.057674 0.056165 0.041496 0.021497 0.020241 0.045202 0.265544 0.717927 0.968144 1.003513 1.004717 0.980808 0.773524 0.345553 0.099579 0.050968 0.034360 0.023036 0.009147 0.001482 0.000325 0.000227 0.000322 
0.000614 0.003336 0.015916 0.034547 0.052096 0.057312 0.057297 0.050953 0.029310 0.020555 0.026481 0.106528 0.490273 0.890741 0.994370 1.004416 0.998740 0.923010 0.561214 0.181222 0.067272 0.040588 0.028359 0.016091 0.003868 0.000638 0.000252 0.000251 
0.000342 0.001385 0.007978 0.025232 0.044346 0.056008 0.057309 0.055707 0.040735 0.022744 0.022037 0.047975 0.268353 0.714658 0.965951 1.001904 1.002997 0.978388 0.770678 0.352207 0.102431 0.050316 0.032949 0.022225 0.009254 0.001542 0.000348 0.000251 
0.000274 0.000625 0.003294 0.015864 0.034789 0.052241 0.056983 0.056908 0.050070 0.029667 0.022213 0.028521 0.109554 0.490812 0.887104 0.992643 1.002724 0.996845 0.920309 0.561824 0.188038 0.067687 0.039462 0.027038 0.015739 0.004075 0.000671 0.000275 
0.000274 0.000362 0.001380 0.007881 0.025326 0.044695 0.055798 0.056965 0.055180 0.040022 0.024077 0.023790 0.050356 0.270905 0.712110 0.963738 1.000203 1.001254 0.976241 0.768656 0.358296 0.104831 0.049624 0.031697 0.021293 0.009300 0.001621 0.000375 
0.000299 0.000296 0.000638 0.003260 0.015808 0.035011 0.052376 0.056673 0.056518 0.049148 0.030128 0.023862 0.030432 0.112135 0.491494 0.883958 0.990824 1.000991 0.995001 0.917490 0.563476 0.194070 0.067908 0.038420 0.025753 0.015297 0.004273 0.000712 
0.000403 0.000297 0.000381 0.001379 0.007789 0.025409 0.045019 0.055599 0.056634 0.054637 0.039362 0.025429 0.025504 0.052500 0.273182 0.710068 0.961566 0.998450 0.999494 0.974125 0.767281 0.364138 0.106820 0.048958 0.030503 0.020320 0.009297 0.001705 
0.000755 0.000323 0.000318 0.000652 0.003231 0.015750 0.035214 0.052501 0.056375 0.056135 0.048410 0.030486 0.025448 0.032272 0.114979 0.491625 0.881207 0.988968 0.999233 0.993152 0.914754 0.565709 0.199552 0.068037 0.037424 0.024482 0.014809 0.004449 
0.001787 0.000433 0.000319 0.000401 0.001380 0.007702 0.025482 0.045322 0.055407 0.056315 0.054144 0.038776 0.026707 0.027154 0.054655 0.275281 0.708173 0.959461 0.996666 0.997712 0.972032 0.766402 0.369739 0.108569 0.048313 0.029335 0.019323 0.009257 
0.004602 0.000799 0.000348 0.000340 0.000667 0.003206 0.015693 0.035402 0.052618 0.056088 0.055772 0.047838 0.030821 0.026819 0.034141 0.117732 0.491727 0.878628 0.987104 0.997451 0.991292 0.912380 0.568071 0.204636 0.068121 0.036452 0.023215 0.014290 
0.009186 0.001863 0.000463 0.000342 0.000422 0.001383 0.007620 0.025548 0.045606 0.055221 0.056009 0.053710 0.038346 0.027819 0.028649 0.056869 0.277265 0.706421 0.957398 0.994864 0.995911 0.970024 0.765926 0.375053 0.110167 0.047678 0.028179 0.018309 
0.013654 0.004734 0.000843 0.000372 0.000362 0.000682 0.003183 0.015636 0.035680 0.052620 0.055812 0.055434 0.047373 0.031162 0.028027 0.035912 0.120477 0.491843 0.876187 0.985236 0.995649 0.989440 0.910363 0.570489 0.209373 0.068175 0.035491 0.022040 
0.017281 0.009052 0.001933 0.000492 0.000364 0.000442 0.001387 0.007529 0.025658 0.045858 0.055014 0.055718 0.053325 0.038036 0.028811 0.029998 0.059024 0.279259 0.704796 0.955370 0.993046 0.994097 0.968118 0.765797 0.380091 0.111646 0.047025 0.027084 
0.020957 0.012969 0.004824 0.000885 0.000396 0.000384 0.000697 0.003159 0.015604 0.035994 0.052549 0.055542 0.055119 0.046993 0.031512 0.029107 0.037551 0.123206 0.492027 0.873856 0.983364 0.993834 0.987602 0.908676 0.572944 0.213810 0.068165 0.034520 
0.026043 0.016286 0.008864 0.001992 0.000522 0.000387 0.000462 0.001391 0.007448 0.025799 0.046072 0.054794 0.055436 0.052886 0.037919 0.029709 0.031218 0.061076 0.281302 0.703293 0.953370 0.991217 0.992276 0.966313 0.765970 0.384897 0.112988 0.046322 
