0.000006 0.000113 0.000737 0.002346 0.505108 1.008182 1.009759 1.009759 1.007927 1.005519 0.502200 0.000726 0.000113 0.000006 0.000006 0.000113 0.000737 0.002545 0.005163 0.007927 0.009759 0.009759 0.007927 0.005163 0.002545 0.000737 0.000113 0.000006 
0.000006 0.000033 0.000296 0.001295 0.191245 0.819135 1.009364 1.009759 1.009144 1.007024 0.816173 0.188701 0.000293 0.000033 0.000006 0.000033 0.000296 0.001470 0.003836 0.006545 0.009188 0.009759 0.009188 0.006545 0.003836 0.001470 0.000296 0.000033 
0.000013 0.000013 0.000105 0.000611 0.049032 0.505120 0.961708 1.009660 1.009605 1.008460 0.958781 0.501826 0.047460 0.000105 0.000013 0.000013 0.000105 0.000655 0.002608 0.005190 0.008063 0.009616 0.009616 0.008063 0.005190 0.002608 0.000655 0.000105 
0.000036 0.000013 0.000036 0.000255 0.012843 0.232108 0.778500 0.997672 1.009646 1.009305 0.995754 0.775003 0.229363 0.011966 0.000036 0.000013 0.000036 0.000266 0.001446 0.003863 0.006626 0.009198 0.009616 0.009198 0.006626 0.003863 0.001446 0.000266 
0.000099 0.000019 0.000019 0.000096 0.003457 0.070806 0.505327 0.939885 1.006653 1.009561 1.005832 0.937179 0.501344 0.069298 0.003024 0.000019 0.000019 0.000099 0.000618 0.002604 0.005245 0.008153 0.009512 0.009512 0.008153 0.005245 0.002604 0.000618 
0.000249 0.000039 0.000019 0.000038 0.000956 0.021134 0.250584 0.760234 0.989234 1.008834 1.008629 0.987736 0.756578 0.247410 0.020344 0.000770 0.000019 0.000039 0.000249 0.001411 0.003891 0.006723 0.009172 0.009512 0.009172 0.006723 0.003891 0.001411 
0.000592 0.000096 0.000024 0.000023 0.000272 0.006230 0.083541 0.505522 0.927084 1.003934 1.008783 1.003354 0.924724 0.500971 0.082004 0.005851 0.000206 0.000024 0.000096 0.000592 0.002587 0.005307 0.008217 0.009427 0.009427 0.008217 0.005307 0.002587 
0.001374 0.000239 0.000042 0.000024 0.000086 0.001824 0.027047 0.261112 0.749838 0.983509 1.007570 1.007425 0.982340 0.746159 0.257557 0.026301 0.001663 0.000069 0.000042 0.000239 0.001374 0.003923 0.006823 0.009124 0.009427 0.009124 0.006823 0.003923 
0.002570 0.000572 0.000096 0.000028 0.000039 0.000536 0.008564 0.091869 0.505573 0.919076 1.001555 1.007534 1.001118 0.917023 0.500627 0.090274 0.008221 0.000475 0.000049 0.000091 0.000572 0.002570 0.005373 0.008260 0.009351 0.009351 0.008260 0.005373 
0.003961 0.001339 0.000231 0.000045 0.000031 0.000166 0.002667 0.031398 0.267834 0.743418 0.979441 1.006039 1.005930 0.978490 0.739851 0.263914 0.030671 0.002518 0.000155 0.000059 0.000222 0.001340 0.003961 0.006905 0.009078 0.009351 0.009078 0.006905 
0.005433 0.002559 0.000555 0.000095 0.000034 0.000065 0.000825 0.010475 0.097690 0.505730 0.913785 0.999390 1.006012 0.999043 0.911802 0.500701 0.096020 0.010147 0.000770 0.000083 0.000100 0.000542 0.002562 0.005433 0.008292 0.009283 0.009283 0.008292 
0.006974 0.003996 0.001313 0.000225 0.000050 0.000042 0.000262 0.003428 0.034691 0.272506 0.739363 0.976333 1.004356 1.004270 0.975490 0.735829 0.268441 0.033959 0.003286 0.000255 0.000087 0.000215 0.001304 0.003998 0.006973 0.009035 0.009283 0.009035 
0.008315 0.005485 0.002554 0.000541 0.000095 0.000044 0.000097 0.001109 0.012035 0.103058 0.505935 0.909199 0.997351 1.004335 0.997053 0.906888 0.502135 0.100445 0.011712 0.001054 0.000129 0.000119 0.000519 0.002551 0.005486 0.008314 0.009221 0.009221 
0.008994 0.007040 0.004020 0.001293 0.000220 0.000057 0.000057 0.000363 0.004093 0.037522 0.276844 0.735937 0.973567 1.002589 1.002514 0.972692 0.732565 0.272879 0.036560 0.003950 0.000363 0.000122 0.000219 0.001268 0.004018 0.007040 0.008994 0.009221 
0.009164 0.008338 0.005530 0.002547 0.000529 0.000097 0.000057 0.000134 0.001372 0.013383 0.108153 0.506390 0.904883 0.995333 1.002570 0.995040 0.902633 0.502722 0.105411 0.012999 0.001320 0.000182 0.000146 0.000506 0.002528 0.005529 0.008338 0.009164 
0.009164 0.008958 0.007100 0.004038 0.001273 0.000215 0.000067 0.000076 0.000463 0.004685 0.040078 0.281153 0.732836 0.970911 1.000761 1.000688 0.970056 0.729565 0.277181 0.039022 0.004524 0.000476 0.000155 0.000236 0.001231 0.004029 0.007102 0.008958 
0.009113 0.009113 0.008360 0.005569 0.002537 0.000517 0.000104 0.000069 0.000175 0.001615 0.014588 0.113004 0.506994 0.900872 0.993299 1.000743 0.993011 0.898700 0.503373 0.110178 0.014161 0.001568 0.000235 0.000175 0.000505 0.002495 0.005565 0.008363 
0.008925 0.009113 0.008924 0.007155 0.004053 0.001251 0.000216 0.000078 0.000096 0.000561 0.005218 0.042436 0.285354 0.730075 0.968331 0.998882 0.998810 0.967501 0.726875 0.281363 0.041314 0.005049 0.000583 0.000190 0.000258 0.001198 0.004030 0.007160 
0.008387 0.009066 0.009066 0.008381 0.005604 0.002523 0.000509 0.000112 0.000082 0.000217 0.001842 0.015687 0.117609 0.507715 0.897155 0.991244 0.998864 0.990965 0.895049 0.504119 0.114716 0.015232 0.001798 0.000289 0.000207 0.000510 0.002458 0.005595 
0.007214 0.008896 0.009066 0.008894 0.007206 0.004064 0.001230 0.000219 0.000090 0.000116 0.000656 0.005710 0.044629 0.289379 0.727676 0.965817 0.996959 0.996889 0.965011 0.724472 0.285422 0.043461 0.005534 0.000686 0.000227 0.000283 0.001167 0.004027 
0.005620 0.008411 0.009023 0.009023 0.008400 0.005635 0.002507 0.000504 0.000122 0.000096 0.000258 0.002055 0.016703 0.121947 0.508528 0.893748 0.989173 0.996941 0.988902 0.891653 0.504947 0.119042 0.016228 0.002013 0.000342 0.000241 0.000518 0.002420 
0.004020 0.007262 0.008870 0.009023 0.008867 0.007253 0.004071 0.001210 0.000224 0.000103 0.000137 0.000747 0.006166 0.046675 0.293225 0.725604 0.963375 0.994999 0.994931 0.962580 0.722326 0.289360 0.045485 0.005984 0.000785 0.000267 0.000310 0.001138 
0.002381 0.005645 0.008430 0.008985 0.008984 0.008419 0.005662 0.002489 0.000501 0.000133 0.000111 0.000298 0.002254 0.017648 0.126030 0.509415 0.890631 0.987093 0.994982 0.986827 0.888486 0.505843 0.123177 0.017159 0.002215 0.000396 0.000278 0.000528 
0.001109 0.004013 0.007307 0.008846 0.008985 0.008843 0.007296 0.004076 0.001191 0.000231 0.000117 0.000158 0.000834 0.006592 0.048592 0.296895 0.723830 0.961005 0.993010 0.992943 0.960202 0.720413 0.293181 0.047400 0.006405 0.000880 0.000307 0.000340 
0.000541 0.002341 0.005686 0.008427 0.008950 0.008949 0.008420 0.005701 0.002471 0.000499 0.000145 0.000127 0.000337 0.002442 0.018532 0.129877 0.510363 0.887784 0.985009 0.992993 0.984741 0.885526 0.506797 0.127135 0.018035 0.002405 0.000450 0.000315 
0.000372 0.001079 0.004014 0.007344 0.008819 0.008950 0.008817 0.007332 0.004086 0.001169 0.000238 0.000132 0.000180 0.000916 0.006991 0.050390 0.300395 0.722328 0.958706 0.990997 0.990930 0.957875 0.718815 0.296783 0.049218 0.006801 0.000973 0.000349 
0.000355 0.000554 0.002307 0.005726 0.008418 0.008917 0.008917 0.008412 0.005744 0.002455 0.000498 0.000158 0.000144 0.000376 0.002619 0.019359 0.133501 0.511361 0.885186 0.982924 0.990980 0.982650 0.882835 0.507799 0.130851 0.018862 0.002586 0.000505 
0.000392 0.000405 0.001053 0.004017 0.007374 0.008792 0.008917 0.008790 0.007363 0.004099 0.001150 0.000247 0.000147 0.000202 0.000994 0.007365 0.052080 0.303734 0.721071 0.956476 0.988966 0.988898 0.955613 0.717482 0.300203 0.050929 0.007175 0.001063 
