0.000184 0.000070 0.000209 0.001021 0.501942 1.015394 1.034568 1.079094 1.160217 1.316099 0.974069 0.651238 0.871520 0.985560 0.984979 0.867411 0.669078 0.461009 0.277359 0.148860 0.073818 0.039221 0.024957 0.018056 0.013223 0.008307 0.004006 0.001150 
0.000454 0.000098 0.000105 0.000447 0.187503 0.818056 1.024981 1.051484 1.110311 1.257643 1.187838 0.769900 0.733843 0.956075 0.985414 0.950841 0.769461 0.565043 0.366132 0.206216 0.103926 0.051436 0.030248 0.020644 0.015391 0.010765 0.006080 0.002282 
0.000999 0.000187 0.000100 0.000192 0.047296 0.497812 0.966624 1.038233 1.072817 1.198684 1.240192 0.970432 0.742858 0.837624 0.978079 0.976771 0.877060 0.667252 0.464899 0.281299 0.147868 0.070192 0.037946 0.024245 0.017474 0.013007 0.008422 0.004052 
0.002183 0.000412 0.000122 0.000123 0.011991 0.225729 0.772917 1.011685 1.055525 1.134019 1.229815 1.139032 0.822925 0.772684 0.925409 0.977752 0.951516 0.773454 0.565144 0.370755 0.208313 0.100413 0.049433 0.029363 0.020013 0.014967 0.010715 0.006210 
0.004076 0.000927 0.000194 0.000122 0.003090 0.068392 0.493066 0.941033 1.034753 1.092609 1.193891 1.207119 0.970843 0.785244 0.835960 0.964666 0.971193 0.881965 0.669299 0.466209 0.285541 0.146802 0.067195 0.036718 0.023520 0.016952 0.012773 0.008462 
0.006269 0.002137 0.000396 0.000140 0.000864 0.020158 0.241059 0.749615 0.999608 1.062736 1.152604 1.203812 1.118515 0.848509 0.797923 0.911361 0.969562 0.948886 0.779908 0.566557 0.373072 0.210930 0.097275 0.047637 0.028461 0.019415 0.014581 0.010627 
0.008448 0.004093 0.000895 0.000204 0.000321 0.005869 0.080206 0.488064 0.921328 1.035720 1.107670 1.189441 1.182488 0.974834 0.810570 0.840462 0.954641 0.964393 0.885897 0.673233 0.467332 0.288083 0.146245 0.064841 0.035517 0.022807 0.016471 0.012544 
0.010529 0.006271 0.002122 0.000377 0.000233 0.001737 0.025840 0.248562 0.730255 0.992823 1.075773 1.158777 1.187703 1.102880 0.866745 0.818043 0.902587 0.961955 0.944769 0.786524 0.569437 0.374376 0.212488 0.095144 0.046025 0.027569 0.018847 0.014228 
0.012333 0.008400 0.004101 0.000849 0.000269 0.000609 0.008139 0.087546 0.484877 0.901014 1.044660 1.120419 1.180472 1.166497 0.975782 0.830218 0.849747 0.942839 0.957658 0.888486 0.677980 0.469153 0.289285 0.145859 0.062919 0.034363 0.022118 0.016025 
0.013909 0.010412 0.006250 0.002082 0.000414 0.000354 0.002577 0.029873 0.254046 0.709051 0.990792 1.091025 1.159915 1.176978 1.091485 0.879161 0.835100 0.897470 0.953953 0.940365 0.792253 0.573357 0.375599 0.213017 0.093600 0.044563 0.026702 0.018310 
0.015610 0.012131 0.008332 0.004062 0.000846 0.000369 0.000910 0.009956 0.092740 0.480716 0.881739 1.053438 1.133733 1.172712 1.155605 0.974965 0.846116 0.858489 0.933508 0.950556 0.890274 0.682805 0.471836 0.289911 0.145245 0.061288 0.033266 0.021457 
0.017803 0.013614 0.010290 0.006197 0.002040 0.000488 0.000504 0.003307 0.032914 0.257296 0.688431 0.990439 1.103915 1.162968 1.168435 1.083588 0.887960 0.849209 0.894830 0.946294 0.935486 0.797840 0.577320 0.377243 0.212921 0.092189 0.043223 0.025871 
0.020828 0.015224 0.011940 0.008252 0.003987 0.000876 0.000492 0.001209 0.011409 0.098615 0.472864 0.864958 1.061362 1.146259 1.167068 1.147224 0.974250 0.858897 0.865586 0.926995 0.943592 0.891526 0.687580 0.474726 0.290612 0.144256 0.059803 0.032226 
0.025079 0.017325 0.013343 0.010168 0.006119 0.001994 0.000588 0.000672 0.003938 0.035761 0.258529 0.668911 0.990947 1.119832 1.161866 1.162107 1.077397 0.894952 0.860569 0.893814 0.939443 0.930576 0.803143 0.581153 0.379077 0.212714 0.090629 0.041970 
0.031240 0.020233 0.014863 0.011764 0.008153 0.003893 0.000940 0.000609 0.001509 0.012710 0.103803 0.463720 0.849005 1.077102 1.151297 1.162047 1.140930 0.973593 0.869165 0.871488 0.922332 0.937226 0.892391 0.692148 0.477626 0.291431 0.143041 0.058357 
0.040771 0.024327 0.016876 0.013093 0.010040 0.006023 0.001966 0.000692 0.000834 0.004534 0.038284 0.258374 0.656363 0.992666 1.130061 1.159359 1.156768 1.072899 0.900462 0.869746 0.893767 0.933503 0.926017 0.807877 0.584887 0.380988 0.212511 0.088930 
0.056921 0.030301 0.019671 0.014526 0.011596 0.008036 0.003806 0.001010 0.000727 0.001795 0.013897 0.107018 0.457368 0.839914 1.088388 1.152035 1.158712 1.135153 0.973392 0.877425 0.876789 0.918602 0.931631 0.892949 0.696382 0.480551 0.292321 0.141700 
0.087138 0.039614 0.023614 0.016455 0.012863 0.009900 0.005921 0.001950 0.000798 0.000994 0.005087 0.040202 0.257655 0.648641 0.996057 1.134454 1.157042 1.152822 1.068603 0.905347 0.876948 0.894438 0.928374 0.921961 0.811974 0.588467 0.382986 0.212310 
0.140271 0.055495 0.029404 0.019140 0.014213 0.011429 0.007910 0.003727 0.001086 0.000847 0.002066 0.014889 0.108834 0.453148 0.836623 1.094208 1.151395 1.155987 1.130064 0.973668 0.884048 0.881451 0.915648 0.926771 0.892861 0.700662 0.483473 0.293297 
0.212140 0.085277 0.038492 0.022938 0.016061 0.012645 0.009753 0.005818 0.001943 0.000907 0.001152 0.005577 0.041581 0.256543 0.644886 0.999053 1.135950 1.154839 1.149506 1.064935 0.909958 0.882100 0.895769 0.923990 0.918293 0.815433 0.592067 0.385008 
0.294301 0.138796 0.054077 0.028545 0.018634 0.013926 0.011264 0.007786 0.003648 0.001166 0.000968 0.002320 0.015684 0.109520 0.450714 0.836288 1.097004 1.150117 1.153506 1.125259 0.975038 0.889065 0.885518 0.913297 0.922566 0.891154 0.705956 0.486500 
0.386993 0.211962 0.083382 0.037406 0.022289 0.015692 0.012442 0.009607 0.005717 0.001939 0.001018 0.001306 0.005999 0.042484 0.255380 0.643501 1.001564 1.135991 1.152659 1.146444 1.061865 0.914161 0.886404 0.897090 0.920248 0.914713 0.818134 0.596228 
0.490026 0.295202 0.137287 0.052680 0.027717 0.018153 0.013660 0.011105 0.007662 0.003572 0.001248 0.001090 0.002551 0.016293 0.109538 0.449440 0.837441 1.098218 1.148492 1.151105 1.121064 0.976489 0.893343 0.889076 0.911341 0.918865 0.889184 0.710774 
0.600400 0.389374 0.211631 0.081484 0.036349 0.021668 0.015345 0.012251 0.009464 0.005617 0.001938 0.001129 0.001455 0.006352 0.043040 0.254301 0.643441 1.003761 1.135270 1.150452 1.143595 1.059338 0.917911 0.890143 0.898327 0.916984 0.911444 0.820152 
0.714922 0.493796 0.296342 0.135623 0.051303 0.026918 0.017699 0.013411 0.010952 0.007541 0.003499 0.001332 0.001211 0.002761 0.016748 0.109200 0.448871 0.839366 1.098597 1.146656 1.148738 1.117431 0.977888 0.897085 0.892189 0.909701 0.915599 0.887237 
0.821630 0.604359 0.392110 0.211391 0.079470 0.035319 0.021076 0.015019 0.012072 0.009325 0.005520 0.001940 0.001241 0.001598 0.006645 0.043358 0.253336 0.644118 1.005779 1.134121 1.148217 1.140911 1.057275 0.921268 0.893413 0.899471 0.914124 0.908508 
0.885385 0.718434 0.497607 0.297809 0.133878 0.049918 0.026151 0.017270 0.013177 0.010806 0.007423 0.003429 0.001416 0.001330 0.002949 0.017085 0.108677 0.448727 0.841711 1.098512 1.144693 1.146391 1.114268 0.979234 0.900377 0.894927 0.908312 0.912720 
0.905886 0.822679 0.608020 0.395080 0.211360 0.077348 0.034313 0.020514 0.014712 0.011903 0.009190 0.005426 0.001945 0.001352 0.001735 0.006888 0.043517 0.252478 0.645219 1.007689 1.132724 1.145966 1.138360 1.055599 0.924289 0.896290 0.900518 0.911618 
