0.049533 0.032280 0.015956 0.004584 0.002054 0.002816 0.009504 0.027144 0.069422 0.640429 1.330555 1.510687 1.728605 1.931582 2.029557 1.545697 0.855952 0.674888 0.461311 0.275901 0.145008 0.065667 0.031282 0.027009 0.034902 0.050226 0.061179 0.061073 
0.057433 0.040906 0.024002 0.008862 0.002687 0.002245 0.004679 0.015585 0.042124 0.279229 1.026725 1.438414 1.619646 1.832839 2.005063 1.873845 1.159873 0.746852 0.568100 0.365085 0.203640 0.097572 0.040946 0.028077 0.029040 0.042564 0.057618 0.061153 
0.060223 0.050353 0.032454 0.015862 0.004341 0.002355 0.002853 0.008014 0.024947 0.108035 0.618816 1.280699 1.547689 1.726243 1.945600 1.972259 1.573301 0.908803 0.638164 0.466592 0.279166 0.143684 0.059218 0.031294 0.028318 0.034161 0.051089 0.060269 
0.060257 0.057514 0.041404 0.023995 0.008524 0.002852 0.002480 0.004268 0.013537 0.049952 0.301462 0.965745 1.447568 1.642920 1.856677 1.965594 1.855842 1.225650 0.739654 0.541977 0.372879 0.204932 0.091497 0.039019 0.029062 0.029779 0.041970 0.057795 
0.059642 0.059572 0.050949 0.032699 0.015501 0.004363 0.002573 0.002927 0.007032 0.024958 0.121933 0.613446 1.240854 1.567362 1.749798 1.937855 1.938156 1.592082 0.953297 0.616106 0.453856 0.288762 0.140340 0.054628 0.031551 0.029241 0.034075 0.051245 
0.057543 0.059624 0.057398 0.041950 0.023969 0.008230 0.003020 0.002661 0.004042 0.012540 0.053683 0.313507 0.927150 1.441720 1.675887 1.867258 1.938081 1.844967 1.272690 0.745416 0.515055 0.371309 0.212467 0.084701 0.037898 0.029819 0.030450 0.041769 
0.051107 0.059104 0.059068 0.051365 0.032959 0.015154 0.004413 0.002751 0.003007 0.006511 0.024951 0.128925 0.608579 1.202599 1.588074 1.783138 1.920375 1.914802 1.607085 0.995108 0.601440 0.434242 0.291888 0.140430 0.051619 0.031838 0.029976 0.034296 
0.041782 0.057105 0.059095 0.057133 0.042537 0.023982 0.007973 0.003167 0.002815 0.003947 0.011997 0.055554 0.320493 0.905589 1.421405 1.709408 1.876139 1.918982 1.836047 1.301096 0.763577 0.496941 0.361097 0.216159 0.082037 0.037249 0.030442 0.031056 
0.034657 0.050861 0.058597 0.058604 0.051664 0.033259 0.014860 0.004456 0.002903 0.003098 0.006242 0.024899 0.132678 0.606139 1.172157 1.593883 1.818063 1.908271 1.898248 1.615028 1.031806 0.596930 0.413807 0.288628 0.142177 0.050148 0.032144 0.030595 
0.031611 0.041841 0.056662 0.058603 0.056869 0.043027 0.024059 0.007746 0.003291 0.002952 0.003933 0.011693 0.056508 0.325601 0.889148 1.401056 1.736137 1.885719 1.905766 1.824938 1.325515 0.787245 0.482478 0.346634 0.215403 0.082357 0.037032 0.030983 
0.031140 0.035030 0.050618 0.058117 0.058169 0.051886 0.033543 0.014645 0.004490 0.003037 0.003197 0.006118 0.024836 0.134985 0.604204 1.151557 1.595189 1.843312 1.900754 1.885559 1.622303 1.056380 0.601539 0.397575 0.280668 0.143581 0.049875 0.032495 
0.031478 0.032112 0.041922 0.056230 0.058156 0.056598 0.043506 0.024094 0.007569 0.003400 0.003077 0.003967 0.011528 0.057053 0.328713 0.877881 1.386338 1.760344 1.886394 1.896955 1.815946 1.344268 0.809210 0.474062 0.330762 0.212125 0.083937 0.037179 
0.032904 0.031637 0.035387 0.050383 0.057675 0.057767 0.052089 0.033800 0.014447 0.004523 0.003157 0.003299 0.006080 0.024799 0.136350 0.602566 1.137198 1.605386 1.852241 1.894315 1.876703 1.626737 1.076739 0.610579 0.384500 0.269554 0.143697 0.050293 
0.037568 0.031954 0.032575 0.042000 0.055829 0.057744 0.056347 0.043944 0.024124 0.007407 0.003499 0.003193 0.004030 0.011455 0.057367 0.330516 0.869882 1.379598 1.776818 1.883796 1.889912 1.809808 1.357996 0.831429 0.469279 0.314499 0.206626 0.085611 
0.050982 0.033357 0.032109 0.035714 0.050164 0.057265 0.057395 0.052274 0.034034 0.014265 0.004552 0.003269 0.003402 0.006095 0.024789 0.137999 0.600199 1.128446 1.615178 1.855523 1.888383 1.869886 1.629697 1.094712 0.623228 0.372542 0.256342 0.143002 
0.087231 0.038075 0.032421 0.033010 0.042065 0.055457 0.057362 0.056115 0.044345 0.024106 0.007301 0.003590 0.003303 0.004109 0.011442 0.057765 0.331370 0.864323 1.377757 1.787222 1.880168 1.883759 1.805214 1.369031 0.851033 0.467999 0.299917 0.199314 
0.141551 0.051778 0.033835 0.032568 0.036011 0.049959 0.056886 0.057050 0.052448 0.034226 0.014102 0.004590 0.003374 0.003504 0.006144 0.024856 0.139529 0.597846 1.123479 1.623432 1.856034 1.882861 1.864123 1.632236 1.110032 0.636787 0.362948 0.242616 
0.189675 0.088517 0.038637 0.032885 0.033429 0.042114 0.055113 0.057009 0.055900 0.044702 0.024026 0.007272 0.003678 0.003407 0.004196 0.011482 0.058203 0.331652 0.860663 1.381009 1.791176 1.876154 1.878176 1.801466 1.378438 0.867289 0.470795 0.287740 
0.228471 0.138921 0.052545 0.034323 0.033021 0.036282 0.049764 0.056535 0.056732 0.052608 0.034364 0.013963 0.004644 0.003475 0.003604 0.006215 0.024983 0.140481 0.596157 1.121919 1.629892 1.854404 1.877671 1.858999 1.634668 1.122864 0.650912 0.356386 
0.276439 0.178900 0.089095 0.039204 0.033346 0.033836 0.042153 0.054786 0.056683 0.055701 0.045005 0.023943 0.007266 0.003767 0.003507 0.004289 0.011560 0.058550 0.331474 0.859038 1.385498 1.792459 1.871854 1.873003 1.798248 1.386659 0.881906 0.476634 
0.350872 0.215477 0.133031 0.054388 0.034811 0.033469 0.036538 0.049575 0.056209 0.056437 0.052740 0.034474 0.013847 0.004707 0.003572 0.003703 0.006303 0.025125 0.140814 0.595256 1.122406 1.634937 1.851718 1.872716 1.854314 1.636859 1.134283 0.666225 
0.483890 0.266250 0.167636 0.088298 0.040041 0.033804 0.034236 0.042194 0.054464 0.056380 0.055513 0.045261 0.023867 0.007276 0.003856 0.003605 0.004385 0.011658 0.058753 0.331063 0.858831 1.390370 1.792274 1.867466 1.868115 1.795350 1.394029 0.895939 
0.679159 0.348218 0.204616 0.125557 0.055811 0.035363 0.033912 0.036789 0.049384 0.055901 0.056163 0.052733 0.034675 0.013752 0.004774 0.003668 0.003800 0.006399 0.025250 0.140711 0.594476 1.124601 1.638966 1.848506 1.867953 1.849924 1.638760 1.144984 
0.908578 0.491361 0.258467 0.157019 0.085914 0.040838 0.034275 0.034631 0.042232 0.054151 0.056098 0.055306 0.045462 0.023843 0.007295 0.003944 0.003701 0.004483 0.011761 0.058828 0.330193 0.859538 1.395664 1.791259 1.863091 1.863446 1.792626 1.400803 
1.154690 0.690593 0.348124 0.195062 0.117673 0.056129 0.035916 0.034364 0.037031 0.049195 0.055611 0.055900 0.052647 0.034894 0.013704 0.004843 0.003761 0.003896 0.006498 0.025347 0.140109 0.594018 1.127601 1.642519 1.845045 1.863357 1.845741 1.640537 
1.407044 0.919923 0.499612 0.252460 0.146908 0.082281 0.041357 0.034752 0.035031 0.042259 0.053851 0.055828 0.055087 0.045606 0.023866 0.007328 0.004032 0.003795 0.004580 0.011861 0.058750 0.329056 0.860810 1.401127 1.789835 1.858779 1.858953 1.790036 
1.642200 1.163483 0.701416 0.349885 0.186490 0.109479 0.055392 0.036403 0.034822 0.037265 0.049010 0.055333 0.055642 0.052531 0.035083 0.013703 0.004915 0.003854 0.003991 0.006597 0.025403 0.139156 0.593862 1.130968 1.645785 1.841500 1.858910 1.841724 
1.787546 1.412801 0.930368 0.508741 0.246592 0.138358 0.077556 0.041546 0.035217 0.035433 0.042281 0.053563 0.055565 0.054865 0.045702 0.023918 0.007377 0.004119 0.003889 0.004677 0.011949 0.058543 0.327809 0.862415 1.406586 1.788218 1.854557 1.854613 
