0.792601 0.977241 0.978557 0.801606 0.546693 0.305731 0.241801 0.269579 0.940694 1.697036 1.877678 2.064750 2.233577 2.392903 1.976797 1.413574 1.250244 0.933026 0.587983 0.281232 0.082625 0.014327 0.001372 0.000973 0.011308 0.073703 0.254535 0.516285 
0.654443 0.919131 0.978228 0.921945 0.674149 0.410330 0.257784 0.248746 0.517538 1.368247 1.809133 1.971214 2.151444 2.334344 2.255253 1.665615 1.330729 1.095113 0.760505 0.429821 0.160659 0.034640 0.004710 0.001072 0.003557 0.029491 0.146999 0.383589 
0.519016 0.805870 0.963454 0.964157 0.816954 0.542240 0.303339 0.251005 0.315944 0.903752 1.654508 1.908165 2.060995 2.265756 2.314571 2.014366 1.466328 1.212887 0.927809 0.594672 0.285410 0.073628 0.013102 0.001982 0.001693 0.010661 0.065352 0.260814 
0.386334 0.662443 0.920343 0.963981 0.924895 0.679597 0.401534 0.264089 0.267240 0.532238 1.309561 1.813044 1.990692 2.176767 2.302367 2.232973 1.735202 1.311882 1.076355 0.761241 0.437057 0.155992 0.031014 0.004834 0.001766 0.003935 0.026576 0.144480 
0.260369 0.524388 0.814997 0.953072 0.954210 0.827232 0.540169 0.298450 0.264877 0.334277 0.889984 1.614055 1.923021 2.083730 2.262827 2.285019 2.028961 1.514236 1.180593 0.919932 0.599149 0.287246 0.068803 0.012146 0.002533 0.002308 0.010138 0.061712 
0.140932 0.389055 0.671500 0.918268 0.953925 0.922465 0.687839 0.391820 0.273270 0.282227 0.538972 1.265287 1.807159 2.019609 2.190117 2.279471 2.221004 1.771924 1.324779 1.048655 0.759540 0.442087 0.153201 0.028714 0.004992 0.002364 0.004265 0.024989 
0.059156 0.258674 0.530277 0.821275 0.945011 0.946060 0.834290 0.532465 0.302907 0.275509 0.348652 0.875526 1.573900 1.939940 2.110106 2.256108 2.264854 2.037983 1.548110 1.166963 0.907640 0.600814 0.289084 0.065766 0.011580 0.003021 0.002839 0.009922 
0.024001 0.137273 0.392051 0.681217 0.913815 0.945798 0.918118 0.693163 0.386807 0.282359 0.293795 0.543078 1.224713 1.801675 2.046294 2.202191 2.262668 2.208136 1.797562 1.343946 1.028011 0.754840 0.444949 0.152006 0.027266 0.005206 0.002885 0.004610 
0.009889 0.057166 0.256834 0.536634 0.825666 0.937802 0.938878 0.837015 0.527803 0.308471 0.285218 0.358975 0.861012 1.537244 1.954562 2.139700 2.247548 2.249035 2.045919 1.570754 1.168768 0.890670 0.599894 0.290926 0.063966 0.011301 0.003465 0.003316 
0.004959 0.023351 0.133845 0.395580 0.689245 0.909499 0.938609 0.913412 0.695594 0.385299 0.291031 0.303657 0.543904 1.199128 1.784147 2.070273 2.216395 2.248663 2.198256 1.816953 1.360614 1.015818 0.747556 0.445410 0.151991 0.026427 0.005462 0.003353 
0.003755 0.009959 0.055573 0.255628 0.542413 0.828803 0.931332 0.932310 0.836991 0.525226 0.314598 0.294188 0.366875 0.849675 1.502009 1.962976 2.171033 2.240596 2.236061 2.052045 1.588783 1.174273 0.876356 0.596483 0.292323 0.063059 0.011230 0.003880 
0.003786 0.005306 0.022913 0.131156 0.399020 0.695824 0.905455 0.932065 0.908480 0.696250 0.386044 0.299290 0.312360 0.544905 1.175842 1.762020 2.101628 2.223205 2.239462 2.188923 1.832318 1.375434 1.010740 0.737200 0.444403 0.152628 0.026024 0.005749 
0.004277 0.004166 0.010088 0.054376 0.255048 0.547422 0.831087 0.925413 0.926169 0.835244 0.524060 0.320979 0.302558 0.373763 0.839643 1.474526 1.974702 2.188747 2.235398 2.226828 2.055096 1.603876 1.181563 0.864983 0.590802 0.293567 0.062744 0.011309 
0.006063 0.004194 0.005647 0.022640 0.129237 0.401235 0.702220 0.901642 0.925980 0.903438 0.695819 0.388226 0.307163 0.320359 0.545144 1.157084 1.750463 2.123573 2.223735 2.233256 2.181752 1.842956 1.389106 1.010057 0.725474 0.442184 0.153860 0.025925 
0.011496 0.004661 0.004557 0.010258 0.053538 0.254262 0.551727 0.833470 0.919895 0.920344 0.832442 0.523840 0.327429 0.310462 0.379854 0.830818 1.456094 1.986150 2.196315 2.230875 2.220380 2.056209 1.616031 1.190231 0.855957 0.584297 0.293965 0.062875 
0.026049 0.006396 0.004583 0.005982 0.022503 0.127537 0.402995 0.708175 0.898177 0.920232 0.898369 0.694740 0.391301 0.314704 0.327810 0.544525 1.143456 1.746740 2.135133 2.222235 2.228252 2.176713 1.850100 1.401334 1.011654 0.714634 0.439131 0.154974 
0.063193 0.011762 0.005036 0.004933 0.010462 0.052892 0.253377 0.555585 0.835810 0.914718 0.914766 0.829019 0.524240 0.333853 0.317980 0.385265 0.822758 1.445098 1.994571 2.198956 2.226747 2.215367 2.056618 1.625717 1.199108 0.851561 0.575275 0.293764 
0.156148 0.026301 0.006744 0.004959 0.006315 0.022452 0.125965 0.404481 0.713746 0.894979 0.914754 0.893329 0.693290 0.394917 0.321948 0.334801 0.543041 1.133928 1.746531 2.140912 2.219800 2.223902 2.172834 1.855343 1.411876 1.015452 0.705163 0.434519 
0.292999 0.063652 0.012079 0.005405 0.005298 0.010689 0.052365 0.252443 0.559114 0.838077 0.909810 0.909398 0.825250 0.525049 0.340191 0.325162 0.390075 0.813969 1.440230 2.000575 2.199052 2.222877 2.211135 2.056755 1.633609 1.207784 0.849541 0.565852 
0.428071 0.157112 0.026641 0.007100 0.005325 0.006646 0.022455 0.124489 0.405778 0.718996 0.891877 0.909707 0.888258 0.691637 0.398852 0.328919 0.341390 0.539967 1.127099 1.749065 2.143476 2.216920 2.219941 2.169605 1.859815 1.420696 1.020214 0.698377 
0.556864 0.291339 0.064144 0.012429 0.005769 0.005655 0.010928 0.051916 0.251490 0.562387 0.840131 0.905250 0.904345 0.821183 0.526130 0.346402 0.332037 0.394152 0.805432 1.438082 2.005656 2.197804 2.219186 2.207357 2.057016 1.640256 1.215626 0.849465 
0.693970 0.420717 0.157480 0.027023 0.007462 0.005683 0.006973 0.022494 0.123088 0.406939 0.723842 0.888970 0.905024 0.883328 0.689748 0.402976 0.335628 0.347565 0.536239 1.121757 1.752913 2.144422 2.213841 2.216229 2.166815 1.864129 1.427941 1.025237 
0.850674 0.550091 0.287556 0.064528 0.012797 0.006128 0.006006 0.011176 0.051522 0.250549 0.565390 0.842005 0.901010 0.899600 0.816961 0.527352 0.352465 0.338612 0.397718 0.797272 1.437335 2.010207 2.195889 2.215632 2.203875 2.057642 1.646035 1.222403 
1.030051 0.691489 0.414068 0.156158 0.027397 0.007826 0.006036 0.007298 0.022555 0.121767 0.407970 0.728302 0.886259 0.900658 0.878587 0.687698 0.407171 0.342075 0.353389 0.532264 1.117304 1.757359 2.144533 2.210696 2.212693 2.164378 1.868234 1.434219 
1.228404 0.852569 0.545136 0.282625 0.064480 0.013166 0.006484 0.006352 0.011428 0.051172 0.249630 0.568688 0.843170 0.897058 0.895140 0.812691 0.528642 0.358349 0.344904 0.400936 0.789496 1.437331 2.014412 2.193656 2.212194 2.200614 2.058479 1.651227 
1.439815 1.034613 0.690302 0.408265 0.153567 0.027665 0.008187 0.006385 0.007621 0.022633 0.120455 0.409159 0.732339 0.883586 0.896578 0.874048 0.685560 0.411351 0.348265 0.358912 0.528244 1.113413 1.762040 2.144211 2.207559 2.209299 2.162185 1.872172 
1.655994 1.233820 0.854846 0.541500 0.277137 0.064010 0.013507 0.006835 0.006694 0.011683 0.050841 0.248865 0.573335 0.842526 0.893330 0.890946 0.808448 0.529951 0.364037 0.350927 0.403907 0.782084 1.437727 2.018366 2.191287 2.208864 2.197520 2.059445 
1.875972 1.444907 1.038933 0.689969 0.403195 0.150154 0.027801 0.008539 0.006729 0.007941 0.022720 0.119084 0.411100 0.735788 0.880629 0.892734 0.869725 0.683387 0.415459 0.354204 0.364172 0.524285 1.109905 1.766772 2.143663 2.204470 2.206028 2.160166 
