0.253280 0.269064 0.267597 0.273162 0.329649 0.959802 1.699209 1.866648 1.985014 1.987229 1.900077 1.233916 0.574496 0.472632 0.387851 0.311143 0.225702 0.139655 0.066442 0.019085 0.003037 0.000195 0.000170 0.002827 0.018427 0.063633 0.129071 0.196569 
0.229415 0.265118 0.268330 0.268988 0.288675 0.566421 1.380071 1.803858 1.946207 1.986675 1.965441 1.628478 0.846402 0.510831 0.428106 0.349580 0.268499 0.182678 0.101444 0.037623 0.007759 0.000911 0.000176 0.000834 0.007391 0.036751 0.096095 0.162820 
0.196134 0.254788 0.267363 0.268659 0.274074 0.363033 0.940977 1.658084 1.900502 1.976558 1.981366 1.875891 1.237092 0.615405 0.459128 0.388638 0.309632 0.225588 0.141488 0.066845 0.016937 0.002807 0.000360 0.000340 0.002638 0.016370 0.065422 0.129457 
0.162796 0.230652 0.263895 0.268011 0.270337 0.297668 0.584606 1.328564 1.820884 1.956342 1.980164 1.954998 1.609973 0.885468 0.515820 0.416136 0.349764 0.267617 0.183538 0.102984 0.036094 0.006951 0.000976 0.000345 0.000915 0.006645 0.036325 0.097110 
0.129681 0.196895 0.254555 0.266468 0.269107 0.277751 0.376235 0.935325 1.633854 1.916522 1.974209 1.973873 1.862450 1.252027 0.635002 0.453518 0.380758 0.308932 0.225578 0.142821 0.066755 0.015731 0.002628 0.000503 0.000488 0.002490 0.015498 0.065926 
0.097371 0.163288 0.231149 0.262830 0.267787 0.271928 0.304533 0.593085 1.301239 1.831433 1.959787 1.974125 1.945933 1.606511 0.911757 0.517078 0.408043 0.346170 0.267255 0.184124 0.103951 0.035011 0.006435 0.001038 0.000492 0.000988 0.006242 0.035995 
0.065882 0.130087 0.197781 0.253670 0.265928 0.269442 0.281114 0.384822 0.930781 1.622767 1.924114 1.970540 1.967077 1.854029 1.261123 0.654833 0.448931 0.373341 0.307239 0.225690 0.143668 0.066603 0.014928 0.002524 0.000628 0.000616 0.002426 0.014994 
0.035554 0.097548 0.163934 0.231123 0.261985 0.267685 0.273239 0.309959 0.597230 1.287935 1.837171 1.958934 1.969674 1.937949 1.605101 0.933667 0.519304 0.401687 0.341035 0.266524 0.184679 0.104516 0.034234 0.006099 0.001105 0.000619 0.001068 0.006020 
0.014642 0.065636 0.130641 0.198211 0.252845 0.265548 0.269786 0.283807 0.390957 0.928062 1.618450 1.925808 1.966989 1.961743 1.846806 1.270101 0.671960 0.445794 0.365973 0.304696 0.225601 0.144387 0.066388 0.014381 0.002475 0.000740 0.000731 0.002419 
0.005896 0.035069 0.097818 0.164426 0.230798 0.261312 0.267667 0.274351 0.314100 0.599999 1.282716 1.838673 1.956694 1.965678 1.931697 1.604487 0.952805 0.522290 0.395906 0.335244 0.265414 0.184994 0.104986 0.033611 0.005885 0.001176 0.000734 0.001153 
0.002444 0.014375 0.065411 0.131122 0.198310 0.252095 0.265243 0.270173 0.285959 0.395512 0.927492 1.616529 1.924943 1.963432 1.957182 1.841057 1.278646 0.687684 0.442668 0.359138 0.301652 0.225204 0.144939 0.066229 0.013994 0.002464 0.000844 0.000838 
0.001240 0.005828 0.034662 0.098082 0.164716 0.230314 0.260723 0.267708 0.275353 0.317294 0.602761 1.281037 1.838217 1.953809 1.961869 1.926589 1.604690 0.970548 0.524804 0.390462 0.329510 0.263905 0.185071 0.105389 0.033155 0.005752 0.001251 0.000840 
0.000940 0.002487 0.014184 0.065251 0.131399 0.198242 0.251375 0.265006 0.270575 0.287749 0.399146 0.928481 1.615513 1.922896 1.959854 1.953049 1.836087 1.287619 0.701994 0.439285 0.352949 0.298361 0.224594 0.145230 0.066163 0.013728 0.002479 0.000943 
0.000941 0.001327 0.005798 0.034373 0.098238 0.164820 0.229756 0.260206 0.267790 0.276260 0.319892 0.605784 1.281030 1.836811 1.950615 1.958153 1.922107 1.605816 0.987281 0.526546 0.385325 0.324084 0.262177 0.184912 0.105660 0.032874 0.005675 0.001327 
0.001037 0.001037 0.002541 0.014059 0.065127 0.131529 0.197998 0.250698 0.264836 0.270967 0.289286 0.402273 0.930474 1.614875 1.920279 1.956268 1.949142 1.832267 1.296548 0.714902 0.435940 0.347132 0.295050 0.223793 0.145286 0.066160 0.013562 0.002511 
0.001406 0.001037 0.001413 0.005796 0.034172 0.098319 0.164764 0.229122 0.259768 0.267901 0.277079 0.322112 0.609070 1.281874 1.834931 1.947271 1.954487 1.918141 1.607895 1.002760 0.527883 0.380435 0.318897 0.260328 0.184617 0.105723 0.032733 0.005642 
0.002557 0.001129 0.001131 0.002603 0.013986 0.065034 0.131542 0.197587 0.250074 0.264721 0.271343 0.290632 0.405110 0.933111 1.614418 1.917382 1.952683 1.945400 1.829574 1.305327 0.726541 0.432682 0.341974 0.291384 0.222870 0.145170 0.066139 0.013474 
0.005643 0.001486 0.001130 0.001499 0.005817 0.034043 0.098288 0.164622 0.228424 0.259403 0.268032 0.277821 0.324074 0.612566 1.283187 1.832816 1.943858 1.950862 1.914623 1.610842 1.015934 0.529940 0.375989 0.313905 0.258276 0.184187 0.105655 0.032657 
0.013436 0.002615 0.001219 0.001222 0.002671 0.013952 0.064930 0.131455 0.197070 0.249501 0.264651 0.271703 0.291831 0.407760 0.936172 1.614069 1.914346 1.949111 1.941802 1.828036 1.313388 0.737061 0.429998 0.337187 0.287591 0.221786 0.144921 0.066093 
0.032616 0.005669 0.001568 0.001220 0.001585 0.005854 0.033946 0.098193 0.164376 0.227700 0.259101 0.268177 0.278498 0.325846 0.616211 1.284788 1.830586 1.940420 1.947284 1.911534 1.614311 1.025225 0.534692 0.371991 0.309013 0.256071 0.183599 0.105507 
0.066037 0.013431 0.002680 0.001307 0.001311 0.002744 0.013944 0.064819 0.131284 0.196461 0.248982 0.264618 0.272047 0.292915 0.410274 0.939519 1.613800 1.911245 1.945568 1.938346 1.827621 1.319768 0.746998 0.428411 0.332630 0.283729 0.220538 0.144553 
0.105295 0.032607 0.005711 0.001650 0.001308 0.001670 0.005902 0.033874 0.098052 0.164034 0.226959 0.258851 0.268332 0.279121 0.327472 0.619951 1.286584 1.828303 1.936987 1.943763 1.908860 1.617609 1.033383 0.540053 0.368548 0.304106 0.253732 0.182861 
0.144078 0.065979 0.013450 0.002751 0.001393 0.001398 0.002819 0.013953 0.064708 0.131043 0.195878 0.248401 0.264614 0.272378 0.293906 0.412679 0.943058 1.613602 1.908122 1.942069 1.935037 1.827321 1.325712 0.756566 0.427535 0.328271 0.279723 0.219134 
0.181986 0.105029 0.032627 0.005765 0.001733 0.001395 0.001755 0.005957 0.033822 0.097875 0.163648 0.226191 0.258619 0.268496 0.279702 0.328981 0.623744 1.288518 1.826006 1.933582 1.940311 1.906350 1.620731 1.041139 0.545723 0.365224 0.299433 0.251237 
0.217575 0.143507 0.065924 0.013489 0.002825 0.001479 0.001485 0.002896 0.013974 0.064593 0.130762 0.195323 0.247754 0.264626 0.272698 0.294823 0.414992 0.946725 1.613464 1.905006 1.938629 1.931821 1.826455 1.331979 0.766107 0.426797 0.324105 0.275768 
0.248656 0.180981 0.104716 0.032674 0.005828 0.001816 0.001481 0.001839 0.006018 0.033782 0.097677 0.163243 0.225391 0.258390 0.268662 0.280247 0.330396 0.627558 1.290551 1.823715 1.930223 1.936927 1.903777 1.623610 1.049043 0.551390 0.361862 0.295126 
0.272008 0.215892 0.142848 0.065873 0.013542 0.002902 0.001564 0.001570 0.002973 0.014004 0.064475 0.130460 0.194744 0.247091 0.264646 0.273007 0.295681 0.417224 0.950471 1.613380 1.901920 1.935251 1.928639 1.825448 1.338105 0.775778 0.425929 0.320152 
0.291059 0.246066 0.179861 0.104361 0.032746 0.005897 0.001899 0.001566 0.001922 0.006082 0.033749 0.097468 0.162815 0.224564 0.258167 0.268826 0.280765 0.331735 0.631370 1.292654 1.821452 1.926918 1.933598 1.901189 1.626270 1.056942 0.557006 0.358632 
