0.000448 0.003126 0.009643 0.027333 0.069428 0.151406 0.285936 0.472820 0.680808 0.852376 1.515572 1.988480 1.868041 1.669292 1.460741 1.295744 0.626565 0.065706 0.029483 0.016003 0.013116 0.012822 0.012392 0.009765 0.006386 0.003143 0.000910 0.000132 
0.000211 0.001196 0.005425 0.015695 0.042556 0.103848 0.212127 0.376740 0.576814 0.749698 1.143967 1.834925 1.953104 1.769892 1.565017 1.393423 1.003552 0.271544 0.041908 0.020095 0.013911 0.012949 0.012661 0.011393 0.008075 0.004748 0.001815 0.000327 
0.000240 0.000457 0.002500 0.009050 0.024978 0.066382 0.150945 0.290001 0.476777 0.645044 0.903684 1.546271 1.923559 1.887107 1.667454 1.496509 1.247090 0.603456 0.104770 0.027094 0.015698 0.013262 0.012805 0.012272 0.009833 0.006411 0.003232 0.000733 
0.000363 0.000294 0.001022 0.004648 0.014669 0.039311 0.101633 0.214508 0.383389 0.551928 0.742034 1.209314 1.815239 1.914446 1.795624 1.585702 1.402977 0.943373 0.293078 0.049363 0.019156 0.013985 0.012986 0.012605 0.011347 0.008122 0.004791 0.001709 
0.000717 0.000311 0.000476 0.002111 0.008060 0.023335 0.062523 0.151070 0.298948 0.465005 0.623218 0.947460 1.563215 1.889644 1.881276 1.690663 1.513780 1.208780 0.597867 0.117843 0.028000 0.015527 0.013331 0.012795 0.012195 0.009836 0.006457 0.003170 
0.001634 0.000413 0.000353 0.000926 0.004006 0.013366 0.036951 0.098108 0.222737 0.381977 0.525315 0.747923 1.255338 1.803399 1.887552 1.807704 1.616520 1.399405 0.903438 0.303952 0.053579 0.019195 0.014014 0.013004 0.012570 0.011288 0.008147 0.004802 
0.003105 0.000733 0.000368 0.000496 0.001839 0.007116 0.021602 0.058137 0.155807 0.302357 0.445725 0.608793 0.988774 1.576838 1.866514 1.867590 1.719289 1.535102 1.172079 0.591352 0.124768 0.029086 0.015561 0.013365 0.012787 0.012141 0.009815 0.006474 
0.004790 0.001589 0.000459 0.000400 0.000864 0.003495 0.012057 0.034357 0.097787 0.229082 0.371976 0.506876 0.766043 1.283895 1.793826 1.867321 1.816463 1.649550 1.380803 0.881715 0.309390 0.056388 0.019492 0.014059 0.013012 0.012545 0.011234 0.008148 
0.006469 0.003052 0.000756 0.000415 0.000516 0.001638 0.006293 0.019773 0.055789 0.161430 0.300529 0.424892 0.604124 1.024969 1.585218 1.848947 1.854607 1.753886 1.543969 1.140414 0.587263 0.128862 0.030074 0.015678 0.013391 0.012779 0.012100 0.009783 
0.008139 0.004761 0.001563 0.000500 0.000440 0.000822 0.003082 0.010827 0.032147 0.100227 0.230980 0.357694 0.492104 0.789323 1.309192 1.781600 1.853192 1.829426 1.674192 1.360891 0.863838 0.313616 0.058370 0.019849 0.014116 0.013016 0.012524 0.011187 
0.009751 0.006450 0.003005 0.000781 0.000455 0.000535 0.001482 0.005583 0.018093 0.055173 0.165603 0.293880 0.408098 0.609332 1.049258 1.592482 1.835294 1.847250 1.784676 1.540864 1.119011 0.583761 0.131812 0.030913 0.015824 0.013414 0.012770 0.012067 
0.011145 0.008118 0.004727 0.001544 0.000536 0.000475 0.000792 0.002744 0.009736 0.030490 0.103623 0.229741 0.341869 0.483561 0.811701 1.328070 1.771602 1.844261 1.831607 1.699859 1.344112 0.851386 0.316105 0.059910 0.020198 0.014178 0.013019 0.012507 
0.012038 0.009715 0.006423 0.002964 0.000804 0.000490 0.000554 0.001359 0.004980 0.016672 0.056481 0.166682 0.283858 0.395003 0.618507 1.069885 1.596217 1.826096 1.841098 1.795506 1.550639 1.103068 0.580884 0.133886 0.031632 0.015972 0.013437 0.012763 
0.012491 0.011107 0.008090 0.004693 0.001529 0.000569 0.000506 0.000772 0.002466 0.008808 0.029548 0.106886 0.225270 0.326292 0.478666 0.834281 1.341373 1.764876 1.837347 1.829700 1.717621 1.336180 0.841976 0.317676 0.061110 0.020521 0.014239 0.013022 
0.012757 0.012012 0.009677 0.006392 0.002927 0.000824 0.000522 0.000573 0.001261 0.004475 0.015579 0.058604 0.166078 0.271532 0.383432 0.631180 1.087827 1.598393 1.819230 1.835435 1.799768 1.560657 1.092840 0.578430 0.135399 0.032239 0.016114 0.013459 
0.013025 0.012478 0.011069 0.008057 0.004659 0.001518 0.000598 0.000535 0.000758 0.002237 0.008054 0.029111 0.109663 0.218252 0.313495 0.478200 0.852763 1.351722 1.759969 1.831384 1.826519 1.729773 1.332573 0.835635 0.318403 0.062060 0.020809 0.014299 
0.013481 0.012751 0.011989 0.009636 0.006358 0.002894 0.000843 0.000550 0.000590 0.001183 0.004061 0.014773 0.061077 0.163958 0.258859 0.375259 0.644288 1.102243 1.600361 1.813530 1.830168 1.801116 1.569104 1.086641 0.576451 0.136458 0.032749 0.016245 
0.014354 0.013029 0.012465 0.011031 0.008020 0.004626 0.001509 0.000624 0.000560 0.000749 0.002051 0.007459 0.029027 0.111234 0.209718 0.302509 0.481630 0.868245 1.360275 1.756079 1.826008 1.822905 1.735850 1.333643 0.831546 0.318608 0.062803 0.021062 
0.016362 0.013501 0.012747 0.011966 0.009591 0.006323 0.002865 0.000861 0.000576 0.000607 0.001121 0.003728 0.014203 0.063212 0.160476 0.246034 0.369679 0.658214 1.114260 1.602198 1.808526 1.825232 1.800365 1.575745 1.083949 0.574911 0.137189 0.033174 
0.021280 0.014405 0.013033 0.012454 0.010992 0.007981 0.004594 0.001502 0.000647 0.000584 0.000744 0.001901 0.006999 0.029168 0.111844 0.199957 0.292401 0.487852 0.882250 1.367639 1.752767 1.821056 1.819016 1.737993 1.337322 0.829430 0.318424 0.063381 
0.033524 0.016467 0.013521 0.012744 0.011944 0.009544 0.006287 0.002838 0.000877 0.000600 0.000624 0.001073 0.003465 0.013815 0.065034 0.155359 0.234624 0.364375 0.673240 1.124945 1.603805 1.803984 1.820546 1.798250 1.580888 1.083765 0.573812 0.137667 
0.063824 0.021467 0.014452 0.013038 0.012444 0.010951 0.007940 0.004563 0.001495 0.000669 0.000606 0.000742 0.001783 0.006651 0.030721 0.110197 0.190063 0.283280 0.494782 0.895698 1.374187 1.749798 1.816405 1.814972 1.738336 1.341730 0.828789 0.318031 
0.137965 0.033811 0.016559 0.013540 0.012741 0.011922 0.009494 0.006251 0.002814 0.000891 0.000622 0.000640 0.001037 0.003260 0.013885 0.066493 0.148461 0.225020 0.362221 0.685543 1.134943 1.605152 1.799754 1.816047 1.795454 1.584992 1.085260 0.572844 
0.317391 0.064162 0.021627 0.014495 0.013043 0.012434 0.010909 0.007897 0.004532 0.001490 0.000689 0.000626 0.000744 0.001692 0.006473 0.032599 0.107477 0.179836 0.276470 0.502008 0.907642 1.380173 1.747030 1.811974 1.810899 1.737691 1.346562 0.829052 
0.571840 0.138103 0.034044 0.016640 0.013558 0.012738 0.011896 0.009447 0.006215 0.002791 0.000905 0.000642 0.000656 0.001010 0.003124 0.014200 0.067210 0.140937 0.216074 0.362693 0.696462 1.143908 1.606432 1.795738 1.811705 1.792328 1.588513 1.087807 
0.829823 0.316491 0.064409 0.021762 0.014534 0.013049 0.012422 0.010865 0.007855 0.004503 0.001486 0.000708 0.000645 0.000748 0.001627 0.006421 0.034258 0.103898 0.169570 0.271056 0.510302 0.918300 1.385659 1.744419 1.807713 1.806861 1.736530 1.351702 
1.090763 0.570942 0.138091 0.034231 0.016712 0.013577 0.012736 0.011863 0.009403 0.006179 0.002770 0.000918 0.000661 0.000671 0.000993 0.003046 0.014579 0.067332 0.132753 0.207628 0.365051 0.706881 1.151980 1.607636 1.791890 1.807500 1.789065 1.591768 
1.356919 0.830853 0.315505 0.064575 0.021876 0.014571 0.013055 0.012408 0.010818 0.007814 0.004474 0.001482 0.000725 0.000663 0.000754 0.001587 0.006442 0.035661 0.098861 0.160831 0.265702 0.519684 0.928111 1.390701 1.741924 1.803597 1.802891 1.735132 
