0.000016 0.000016 0.000185 0.001105 0.003813 0.009245 0.019165 0.531820 1.085519 1.154677 1.282340 1.463847 1.696476 1.356760 0.969123 0.984561 0.867588 0.670210 0.463847 0.282340 0.154677 0.078577 0.038747 0.019181 0.009245 0.003813 0.001105 0.000185 
0.000058 0.000016 0.000058 0.000458 0.002012 0.005966 0.012965 0.208760 0.860593 1.121429 1.211778 1.366703 1.609240 1.575073 1.114487 0.976842 0.950747 0.770022 0.567029 0.369987 0.211778 0.110181 0.054041 0.026518 0.013009 0.005964 0.002012 0.000458 
0.000169 0.000026 0.000026 0.000169 0.000946 0.003503 0.008591 0.063664 0.518416 1.033633 1.169825 1.278289 1.518289 1.600698 1.370649 1.017777 0.963795 0.879235 0.668525 0.467764 0.286028 0.153903 0.076292 0.036776 0.018075 0.008679 0.003496 0.000946 
0.000399 0.000062 0.000026 0.000062 0.000399 0.001783 0.005411 0.023631 0.240406 0.806379 1.118753 1.213965 1.404803 1.580096 1.529783 1.163600 0.987860 0.932085 0.779079 0.566901 0.374518 0.213764 0.108283 0.051508 0.025088 0.012214 0.005550 0.001778 
0.000828 0.000155 0.000035 0.000035 0.000155 0.000829 0.003036 0.010873 0.082380 0.506839 1.009509 1.166359 1.309332 1.516304 1.567518 1.378048 1.045739 0.959972 0.868160 0.672990 0.468235 0.290187 0.154115 0.073315 0.034911 0.017042 0.008106 0.003176 
0.001583 0.000353 0.000065 0.000035 0.000065 0.000353 0.001549 0.005547 0.030709 0.249652 0.781796 1.107540 1.231580 1.425886 1.554714 1.514322 1.191797 0.992891 0.925543 0.773216 0.570612 0.375873 0.216904 0.106307 0.048980 0.023743 0.011457 0.005111 
0.002861 0.000732 0.000144 0.000043 0.000043 0.000145 0.000724 0.002848 0.012837 0.091735 0.503942 0.980176 1.176282 1.328733 1.514589 1.544616 1.383276 1.068865 0.959217 0.857868 0.671914 0.472260 0.291917 0.155559 0.070128 0.033123 0.016064 0.007542 
0.004668 0.001412 0.000317 0.000068 0.000043 0.000068 0.000315 0.001400 0.005876 0.035059 0.258034 0.752562 1.102742 1.253789 1.437386 1.537109 1.503248 1.214181 1.000335 0.918081 0.766604 0.572087 0.379674 0.218240 0.105050 0.046639 0.022460 0.010738 
0.006996 0.002555 0.000653 0.000137 0.000049 0.000049 0.000136 0.000648 0.002790 0.014290 0.098098 0.499226 0.951706 1.193078 1.345588 1.510197 1.528644 1.386382 1.091688 0.957579 0.847722 0.669346 0.475618 0.295085 0.155614 0.067741 0.031435 0.015133 
0.010048 0.004234 0.001257 0.000288 0.000071 0.000049 0.000071 0.000286 0.001311 0.006201 0.038117 0.263054 0.725466 1.098781 1.278928 1.443857 1.524032 1.493079 1.236997 1.007870 0.908184 0.760453 0.572482 0.383702 0.220217 0.103320 0.044587 0.021243 
0.014246 0.006468 0.002261 0.000584 0.000131 0.000054 0.000054 0.000130 0.000596 0.002790 0.015402 0.102331 0.492693 0.924888 1.211373 1.363867 1.503988 1.516294 1.389310 1.115345 0.951572 0.839348 0.666568 0.478092 0.298797 0.155945 0.065178 0.029878 
0.020098 0.009385 0.003812 0.001117 0.000263 0.000073 0.000054 0.000073 0.000265 0.001261 0.006492 0.040287 0.265219 0.708790 1.086344 1.304369 1.449913 1.513217 1.484548 1.254827 1.019684 0.896586 0.754920 0.572330 0.387297 0.222816 0.101530 0.042611 
0.028405 0.013402 0.005933 0.002004 0.000524 0.000126 0.000059 0.000059 0.000126 0.000562 0.002818 0.016248 0.105756 0.487005 0.905819 1.215298 1.388568 1.497391 1.506050 1.391913 1.137256 0.946451 0.830869 0.663931 0.479813 0.302487 0.156342 0.062969 
0.040796 0.019020 0.008734 0.003405 0.000994 0.000242 0.000076 0.000059 0.000076 0.000252 0.001235 0.006739 0.041983 0.266405 0.696412 1.074226 1.318959 1.462474 1.503885 1.477516 1.267882 1.033872 0.885676 0.749547 0.571872 0.390301 0.225517 0.100028 
0.061048 0.027036 0.012591 0.005386 0.001784 0.000471 0.000121 0.000063 0.000063 0.000124 0.000542 0.002857 0.016926 0.109254 0.481409 0.891843 1.213227 1.410955 1.493532 1.497293 1.395358 1.150877 0.949047 0.821297 0.661196 0.481087 0.305811 0.156983 
0.098915 0.039150 0.018004 0.008088 0.003013 0.000887 0.000223 0.000078 0.000063 0.000078 0.000244 0.001225 0.006953 0.043525 0.267109 0.686626 1.063666 1.331620 1.471948 1.496353 1.471809 1.278194 1.044631 0.879956 0.743748 0.571142 0.392845 0.228091 
0.157850 0.059378 0.025769 0.011807 0.004843 0.001584 0.000426 0.000118 0.000067 0.000067 0.000124 0.000530 0.002902 0.017528 0.112021 0.476868 0.880456 1.211279 1.429177 1.490252 1.490217 1.398061 1.161412 0.953682 0.812843 0.658156 0.481993 0.308775 
0.230526 0.098151 0.037662 0.017038 0.007398 0.002689 0.000792 0.000208 0.000080 0.000067 0.000081 0.000239 0.001225 0.007152 0.044808 0.267619 0.678662 1.054963 1.346312 1.474983 1.490243 1.467169 1.286278 1.053932 0.876632 0.738184 0.570075 0.395016 
0.311450 0.158899 0.057940 0.024604 0.010986 0.004340 0.001413 0.000386 0.000115 0.000070 0.000071 0.000124 0.000525 0.002953 0.018048 0.114247 0.473140 0.871155 1.215507 1.439000 1.486428 1.484475 1.399999 1.170105 0.958401 0.806259 0.654998 0.482545 
0.396828 0.232856 0.097685 0.036343 0.016052 0.006733 0.002401 0.000710 0.000194 0.000081 0.000070 0.000084 0.000238 0.001233 0.007334 0.045871 0.267991 0.672148 1.050039 1.358441 1.474571 1.485940 1.462867 1.292670 1.061980 0.874885 0.733167 0.568772 
0.482800 0.313846 0.160110 0.056751 0.023454 0.010146 0.003907 0.001262 0.000351 0.000112 0.000073 0.000074 0.000126 0.000525 0.003006 0.018493 0.116046 0.470070 0.864376 1.222444 1.442696 1.483097 1.480171 1.400837 1.177325 0.962983 0.801189 0.651913 
0.567356 0.398303 0.235075 0.097538 0.035105 0.015033 0.006128 0.002151 0.000638 0.000182 0.000083 0.000073 0.000087 0.000239 0.001245 0.007498 0.046753 0.268158 0.667223 1.047940 1.367228 1.472997 1.482366 1.459606 1.297186 1.069008 0.875518 0.727466 
0.648529 0.482830 0.315961 0.161511 0.055731 0.022277 0.009348 0.003523 0.001131 0.000321 0.000110 0.000076 0.000077 0.000128 0.000528 0.003060 0.018875 0.117386 0.467690 0.859875 1.228732 1.444213 1.480024 1.476676 1.401228 1.183097 0.967927 0.797319 
0.722311 0.565826 0.399395 0.237184 0.097679 0.033873 0.014037 0.005578 0.001931 0.000576 0.000171 0.000084 0.000076 0.000090 0.000241 0.001261 0.007647 0.047457 0.268143 0.663783 1.047219 1.373627 1.471071 1.479187 1.456977 1.300567 1.075141 0.877053 
0.794481 0.645311 0.482610 0.317762 0.163106 0.054783 0.021111 0.008604 0.003182 0.001016 0.000294 0.000108 0.000078 0.000079 0.000131 0.000534 0.003113 0.019196 0.118297 0.465963 0.857026 1.233991 1.444681 1.477158 1.473634 1.401398 1.187854 0.972680 
0.878959 0.717959 0.564229 0.400186 0.239160 0.098031 0.032655 0.013086 0.005079 0.001738 0.000521 0.000162 0.000085 0.000078 0.000093 0.000245 0.001280 0.007778 0.047992 0.268022 0.661495 1.047271 1.378338 1.469039 1.476277 1.454694 1.303464 1.080267 
0.976877 0.793420 0.641475 0.482208 0.319296 0.164811 0.053892 0.019980 0.007916 0.002877 0.000915 0.000271 0.000106 0.000080 0.000082 0.000134 0.000542 0.003163 0.019456 0.118877 0.464758 0.855345 1.238351 1.444554 1.474467 1.470881 1.401583 1.191866 
1.084371 0.881207 0.714424 0.562297 0.400752 0.241000 0.098518 0.031474 0.012192 0.004628 0.001567 0.000473 0.000154 0.000087 0.000081 0.000095 0.000249 0.001299 0.007892 0.048385 0.267849 0.660052 1.047795 1.381850 1.466989 1.473571 1.452660 1.306273 
