0.007078 0.002026 0.000657 0.000810 0.003015 0.009818 0.028454 0.071431 0.640869 1.318802 1.487880 1.695495 1.890870 1.996914 1.518044 0.844029 0.669585 0.460701 0.276080 0.145390 0.067432 0.033289 0.024824 0.025055 0.027856 0.027467 0.021997 0.014354 
0.010670 0.003985 0.000999 0.000695 0.001399 0.005267 0.016177 0.043857 0.282152 1.022308 1.419658 1.591687 1.794712 1.968314 1.841731 1.140396 0.739306 0.565143 0.365358 0.203994 0.098610 0.043942 0.026940 0.024882 0.026514 0.027759 0.025590 0.018176 
0.014423 0.007136 0.001822 0.000771 0.000871 0.002542 0.008962 0.025825 0.110351 0.619284 1.270495 1.523302 1.693200 1.906891 1.936668 1.547084 0.895725 0.633657 0.465250 0.279873 0.144304 0.062353 0.031705 0.025396 0.025494 0.027340 0.027217 0.022279 
0.018351 0.010708 0.003830 0.001034 0.000796 0.001314 0.004565 0.014782 0.051172 0.304548 0.963089 1.428499 1.613140 1.819313 1.929224 1.823296 1.205502 0.731932 0.539867 0.372562 0.205863 0.094045 0.040944 0.026973 0.025421 0.026441 0.027310 0.025699 
0.022578 0.014529 0.007013 0.001792 0.000855 0.000926 0.002256 0.007932 0.026434 0.123614 0.614845 1.231952 1.541209 1.716227 1.900040 1.902742 1.565141 0.939509 0.611892 0.453119 0.289136 0.142391 0.057712 0.030854 0.025809 0.025803 0.027003 0.026907 
0.025724 0.018553 0.010705 0.003697 0.001090 0.000873 0.001276 0.004008 0.013977 0.055354 0.316386 0.923398 1.425062 1.644398 1.830434 1.902067 1.812146 1.252325 0.737189 0.513310 0.371128 0.213609 0.088423 0.038830 0.027072 0.025805 0.026403 0.026979 
0.026665 0.022806 0.014629 0.006872 0.001796 0.000927 0.000974 0.002059 0.007183 0.026813 0.130957 0.609273 1.195272 1.562147 1.746925 1.884159 1.879586 1.579733 0.980749 0.597265 0.433924 0.292368 0.143725 0.054168 0.030328 0.026121 0.026029 0.026766 
0.026741 0.025675 0.018775 0.010698 0.003581 0.001144 0.000939 0.001257 0.003612 0.013371 0.057757 0.322901 0.902273 1.406100 1.677298 1.838639 1.883016 1.803389 1.280241 0.754969 0.495177 0.361309 0.218047 0.086326 0.037340 0.027196 0.026052 0.026398 
0.026612 0.026474 0.022968 0.014736 0.006739 0.001805 0.000990 0.001018 0.001925 0.006640 0.026908 0.135139 0.606451 1.163630 1.570778 1.780774 1.871921 1.863109 1.587568 1.016895 0.592599 0.413677 0.289678 0.146525 0.052122 0.030018 0.026338 0.026182 
0.026397 0.026578 0.025563 0.019005 0.010709 0.003476 0.001194 0.000997 0.001252 0.003331 0.012886 0.059032 0.328206 0.885040 1.385957 1.703883 1.849135 1.869718 1.792021 1.304680 0.778143 0.480773 0.347206 0.218101 0.086955 0.036464 0.027297 0.026221 
0.026286 0.026510 0.026324 0.023068 0.014857 0.006626 0.001814 0.001046 0.001061 0.001835 0.006239 0.026812 0.137862 0.604312 1.142489 1.571222 1.807676 1.864572 1.850294 1.594743 1.041412 0.597032 0.397294 0.282351 0.148758 0.051378 0.029858 0.026490 
0.026337 0.026398 0.026464 0.025464 0.019177 0.010741 0.003383 0.001238 0.001050 0.001258 0.003130 0.012483 0.059717 0.331578 0.873400 1.370536 1.728816 1.850348 1.861003 1.782837 1.323356 0.799990 0.472196 0.331554 0.215555 0.088749 0.036080 0.027383 
0.026599 0.026360 0.026439 0.026214 0.023125 0.014959 0.006544 0.001821 0.001097 0.001102 0.001778 0.005936 0.026630 0.139728 0.602489 1.127554 1.581435 1.817302 1.858339 1.841461 1.598975 1.061673 0.605833 0.384295 0.271825 0.149468 0.051422 0.029819 
0.027463 0.026419 0.026399 0.026383 0.025385 0.019322 0.010751 0.003312 0.001278 0.001098 0.001272 0.002987 0.012149 0.060078 0.333750 0.865021 1.363392 1.745844 1.848080 1.854120 1.776620 1.336866 0.821975 0.467371 0.315662 0.210647 0.090551 0.036024 
0.029865 0.026685 0.026407 0.026393 0.026129 0.023175 0.015037 0.006469 0.001831 0.001143 0.001142 0.001744 0.005706 0.026422 0.142487 0.599386 1.118319 1.591356 1.821011 1.852610 1.834745 1.601729 1.079420 0.618239 0.372553 0.259203 0.149219 0.051796 
0.036142 0.027550 0.026480 0.026400 0.026323 0.025325 0.019438 0.010753 0.003251 0.001316 0.001142 0.001292 0.002885 0.011875 0.060617 0.335086 0.858853 1.362290 1.755697 1.844710 1.848143 1.772025 1.347610 0.841189 0.466086 0.301709 0.203790 0.092243 
0.052397 0.029965 0.026768 0.026430 0.026371 0.026055 0.023218 0.015095 0.006400 0.001843 0.001186 0.001180 0.001728 0.005531 0.026308 0.144566 0.596969 1.113113 1.599670 1.821598 1.847285 1.829114 1.604090 1.094399 0.631429 0.363350 0.246146 0.148016 
0.093548 0.036373 0.027651 0.026529 0.026400 0.026277 0.025266 0.019534 0.010748 0.003199 0.001351 0.001181 0.001317 0.002816 0.011676 0.061067 0.335815 0.855041 1.365427 1.759695 1.840863 1.842742 1.768315 1.356700 0.857074 0.468820 0.290097 0.194697 
0.144123 0.054498 0.030112 0.026842 0.026449 0.026353 0.025993 0.023246 0.015141 0.006337 0.001856 0.001224 0.001215 0.001726 0.005406 0.026239 0.145885 0.595428 1.111339 1.606067 1.820102 1.842273 1.824135 1.606354 1.106887 0.645174 0.357118 0.232700 
0.184062 0.094203 0.037026 0.027758 0.026571 0.026401 0.026239 0.025216 0.019607 0.010739 0.003154 0.001384 0.001217 0.001343 0.002773 0.011534 0.061359 0.336079 0.853384 1.369684 1.761050 1.836730 1.837738 1.765156 1.364609 0.871311 0.474536 0.279357 
0.219798 0.138453 0.056699 0.030372 0.026910 0.026465 0.026339 0.025943 0.023265 0.015173 0.006280 0.001868 0.001259 0.001249 0.001732 0.005321 0.026181 0.146512 0.594731 1.111659 1.610985 1.817558 1.837486 1.819593 1.608399 1.117960 0.660057 0.351976 
0.269364 0.172823 0.093939 0.037819 0.027887 0.026607 0.026402 0.026209 0.025175 0.019661 0.010718 0.003123 0.001414 0.001251 0.001369 0.002750 0.011433 0.061478 0.336089 0.853195 1.374294 1.760932 1.832504 1.833013 1.762321 1.371686 0.884941 0.481823 
0.349339 0.209026 0.131174 0.058502 0.030690 0.026978 0.026479 0.026328 0.025902 0.023277 0.015189 0.006230 0.001882 0.001292 0.001281 0.001744 0.005266 0.026115 0.146656 0.594143 1.113745 1.614858 1.814484 1.832886 1.815340 1.610173 1.128313 0.672929 
0.489289 0.261643 0.162292 0.092059 0.038571 0.028031 0.026642 0.026403 0.026184 0.025139 0.019697 0.010677 0.003116 0.001442 0.001284 0.001397 0.002740 0.011359 0.061463 0.335585 0.853944 1.379345 1.759977 1.828285 1.828499 1.759662 1.378184 0.897312 
0.684194 0.349301 0.199549 0.123536 0.059171 0.031013 0.027048 0.026493 0.026319 0.025868 0.023284 0.015187 0.006188 0.001900 0.001323 0.001312 0.001761 0.005231 0.026039 0.146255 0.593884 1.116644 1.618259 1.811155 1.828446 1.811290 1.611823 1.137748 
0.908406 0.497492 0.255706 0.152325 0.088891 0.039044 0.028179 0.026675 0.026406 0.026163 0.025109 0.019715 0.010634 0.003116 0.001470 0.001315 0.001424 0.002741 0.011301 0.061295 0.334778 0.855264 1.384573 1.758608 1.824123 1.824157 1.757134 1.384178 
1.146292 0.694842 0.351080 0.191093 0.115614 0.058754 0.031271 0.027118 0.026507 0.026311 0.025838 0.023284 0.015175 0.006152 0.001921 0.001354 0.001342 0.001781 0.005210 0.025939 0.145475 0.593918 1.119919 1.621375 1.807736 1.824148 1.807401 1.613372 
1.389710 0.918613 0.506526 0.249959 0.143919 0.084621 0.039180 0.028309 0.026709 0.026409 0.026144 0.025082 0.019718 0.010593 0.003120 0.001498 0.001345 0.001452 0.002747 0.011249 0.061006 0.333830 0.856918 1.389807 1.757043 1.820045 1.819961 1.754707 
