0.045229 0.147273 0.276483 0.460790 0.669092 0.867257 0.987948 0.976396 1.370868 1.716354 1.487723 1.303170 1.167182 1.089164 0.525129 0.011520 0.003329 0.000844 0.000239 0.000379 0.002040 0.007072 0.014342 0.022019 0.027107 0.027107 0.022019 0.013351 
0.021320 0.088069 0.204991 0.365637 0.564941 0.769442 0.952373 0.982172 1.124323 1.592920 1.630617 1.389937 1.229106 1.130679 0.858146 0.199868 0.005998 0.001617 0.000391 0.000274 0.000830 0.004062 0.010656 0.018180 0.025523 0.027107 0.025647 0.016601 
0.017781 0.041259 0.141065 0.280482 0.464640 0.667191 0.879020 0.967273 1.025160 1.384735 1.621193 1.540362 1.299540 1.184395 1.037939 0.509341 0.055561 0.003019 0.000726 0.000303 0.000413 0.001776 0.007227 0.014418 0.022396 0.026711 0.026742 0.020759 
0.018526 0.023651 0.079605 0.205181 0.370261 0.564756 0.777521 0.934178 0.992776 1.174472 1.547910 1.600985 1.428530 1.231488 1.129474 0.803101 0.229512 0.016727 0.001405 0.000409 0.000331 0.000781 0.003944 0.010724 0.018407 0.025543 0.026734 0.024495 
0.020950 0.019807 0.038920 0.135746 0.284044 0.465225 0.671139 0.867796 0.963477 1.052849 1.393347 1.587716 1.539387 1.330009 1.181355 1.012483 0.497804 0.073754 0.005485 0.000678 0.000350 0.000444 0.001685 0.007164 0.014566 0.022638 0.026436 0.026174 
0.023783 0.020093 0.024585 0.073574 0.205785 0.371543 0.568182 0.771286 0.927597 0.997780 1.202879 1.533094 1.575634 1.448788 1.250619 1.118028 0.777260 0.238512 0.023754 0.001961 0.000432 0.000374 0.000777 0.003809 0.010781 0.018661 0.025487 0.026371 
0.025538 0.021477 0.021216 0.037956 0.131207 0.284804 0.469054 0.669734 0.857283 0.962688 1.076599 1.398628 1.564999 1.536982 1.349703 1.192700 0.981840 0.494232 0.082891 0.007792 0.000829 0.000388 0.000475 0.001636 0.007068 0.014721 0.022838 0.026150 
0.025997 0.023420 0.021281 0.025401 0.069567 0.204174 0.374875 0.569394 0.765150 0.919191 1.005405 1.225837 1.522067 1.557995 1.459749 1.274149 1.113627 0.746272 0.246385 0.028307 0.002680 0.000499 0.000410 0.000786 0.003686 0.010837 0.018966 0.025322 
0.025828 0.025030 0.022028 0.022311 0.037472 0.126574 0.286547 0.471980 0.667272 0.847385 0.959999 1.100146 1.401999 1.549013 1.532072 1.366949 1.210819 0.952305 0.488362 0.089234 0.009632 0.001066 0.000432 0.000504 0.001605 0.006970 0.014901 0.022991 
0.025119 0.025629 0.023330 0.022099 0.026172 0.065817 0.203378 0.378031 0.569626 0.759226 0.908688 1.012554 1.249356 1.512259 1.544778 1.465915 1.300558 1.107240 0.720334 0.250706 0.031674 0.003366 0.000591 0.000450 0.000797 0.003572 0.010916 0.019248 
0.023098 0.025501 0.024767 0.022427 0.023117 0.037102 0.122677 0.288587 0.473829 0.664675 0.838974 0.953337 1.124059 1.405541 1.536648 1.525062 1.387686 1.228064 0.924161 0.481574 0.093509 0.011137 0.001320 0.000485 0.000537 0.001578 0.006896 0.015082 
0.019512 0.024900 0.025318 0.023413 0.022599 0.026786 0.062647 0.203216 0.380507 0.569252 0.753893 0.896603 1.024853 1.267208 1.503871 1.533752 1.473430 1.325910 1.093448 0.702868 0.252811 0.034184 0.003983 0.000694 0.000498 0.000810 0.003474 0.010989 
0.015251 0.023168 0.025213 0.024569 0.022803 0.023646 0.036798 0.119735 0.290430 0.474880 0.662085 0.830489 0.948272 1.146031 1.408364 1.526281 1.518671 1.413647 1.229444 0.905592 0.476239 0.096391 0.012355 0.001565 0.000547 0.000576 0.001554 0.006832 
0.011041 0.019750 0.024702 0.025052 0.023525 0.023014 0.027145 0.060820 0.202761 0.382310 0.568483 0.748638 0.885711 1.039079 1.280510 1.496802 1.524379 1.487282 1.339001 1.080706 0.690916 0.253655 0.036062 0.004517 0.000802 0.000554 0.000828 0.003385 
0.006764 0.015396 0.023227 0.024965 0.024416 0.023141 0.024046 0.036596 0.117765 0.291708 0.475396 0.659312 0.820523 0.951388 1.159795 1.411941 1.517485 1.515105 1.436154 1.226290 0.891745 0.472026 0.098346 0.013332 0.001792 0.000616 0.000623 0.001535 
0.003299 0.011080 0.019956 0.024530 0.024828 0.023642 0.023368 0.027410 0.060026 0.202068 0.383524 0.567354 0.742756 0.880056 1.050124 1.291000 1.491099 1.516890 1.494772 1.353303 1.069664 0.681885 0.253975 0.037471 0.004971 0.000910 0.000618 0.000853 
0.001523 0.006691 0.015518 0.023278 0.024753 0.024303 0.023436 0.024378 0.036575 0.116519 0.292499 0.475439 0.656109 0.812072 0.956239 1.170562 1.414711 1.510442 1.511360 1.453875 1.224589 0.880791 0.467930 0.100359 0.014111 0.001998 0.000691 0.000676 
0.000888 0.003215 0.011104 0.020133 0.024384 0.024637 0.023761 0.023672 0.027663 0.059610 0.201627 0.383969 0.566058 0.737179 0.876861 1.059672 1.299222 1.486280 1.511131 1.496989 1.367836 1.061323 0.674361 0.254099 0.038701 0.005354 0.001021 0.000680 
0.000732 0.001522 0.006613 0.015684 0.023258 0.024574 0.024221 0.023694 0.024670 0.036647 0.115812 0.292798 0.475045 0.652989 0.805559 0.961174 1.179447 1.416482 1.504918 1.507595 1.461165 1.230661 0.872004 0.464230 0.102204 0.014774 0.002190 0.000765 
0.000740 0.000930 0.003131 0.011149 0.020276 0.024245 0.024463 0.023892 0.023938 0.027908 0.059433 0.201316 0.383921 0.564555 0.732065 0.875534 1.067965 1.305485 1.482140 1.506926 1.495988 1.379138 1.057472 0.668117 0.254103 0.039777 0.005692 0.001130 
0.000838 0.000788 0.001527 0.006549 0.015861 0.023198 0.024409 0.024178 0.023903 0.024942 0.036782 0.115430 0.292619 0.474485 0.649950 0.800684 0.966114 1.186725 1.417306 1.500729 1.504191 1.464041 1.237762 0.865877 0.461110 0.103710 0.015354 0.002368 
0.001233 0.000800 0.000973 0.003059 0.011205 0.020391 0.024106 0.024327 0.024006 0.024163 0.028162 0.059404 0.200953 0.383552 0.563018 0.726572 0.876501 1.075173 1.309982 1.479008 1.503326 1.494154 1.387349 1.055930 0.663493 0.253903 0.040689 0.005997 
0.002532 0.000908 0.000843 0.001537 0.006506 0.016018 0.023122 0.024272 0.024167 0.024045 0.025202 0.036972 0.115164 0.292252 0.473676 0.646784 0.797147 0.971320 1.192578 1.417767 1.497246 1.501033 1.465160 1.243993 0.861856 0.458698 0.104770 0.015861 
0.006270 0.001330 0.000860 0.001017 0.003006 0.011262 0.020471 0.023985 0.024235 0.024091 0.024335 0.028433 0.059462 0.200578 0.382964 0.561269 0.721832 0.878348 1.081457 1.313451 1.476430 1.500086 1.492065 1.393375 1.055552 0.660277 0.253567 0.041420 
0.016292 0.002683 0.000977 0.000899 0.001553 0.006480 0.016139 0.023044 0.024172 0.024163 0.024152 0.025420 0.037215 0.114979 0.291771 0.472627 0.643769 0.794772 0.976292 1.197454 1.418025 1.494172 1.498081 1.465387 1.249201 0.859344 0.456922 0.105442 
0.041982 0.006512 0.001423 0.000918 0.001062 0.002973 0.011310 0.020517 0.023890 0.024169 0.024156 0.024469 0.028686 0.059605 0.200209 0.382199 0.559412 0.717973 0.880577 1.086873 1.316348 1.474158 1.497104 1.489907 1.397852 1.055843 0.658133 0.253167 
0.105821 0.016652 0.002822 0.001045 0.000954 0.001576 0.006468 0.016221 0.022977 0.024099 0.024162 0.024234 0.025601 0.037470 0.114888 0.291204 0.471403 0.640518 0.793813 0.980828 1.201611 1.418201 1.491367 1.495305 1.465094 1.253548 0.857895 0.455650 
0.252748 0.042402 0.006723 0.001511 0.000977 0.001110 0.002958 0.011344 0.020537 0.023803 0.024138 0.024189 0.024594 0.028910 0.059792 0.199876 0.381303 0.557346 0.714929 0.883099 1.091219 1.319212 1.472092 1.494320 1.487752 1.401225 1.056545 0.656772 
