0.260259 0.313222 0.341990 0.402722 0.523029 0.692378 0.845310 1.508197 1.984707 1.868800 1.692378 1.523029 1.413934 0.833768 0.308484 0.270973 0.206968 0.132775 0.064361 0.018565 0.002874 0.000161 0.000156 0.002828 0.018428 0.063633 0.129071 0.195699 
0.228238 0.288191 0.327034 0.364509 0.456745 0.607703 0.751780 1.132126 1.829313 1.948806 1.780589 1.606819 1.474586 1.169099 0.507983 0.288351 0.240244 0.169871 0.097846 0.036835 0.007475 0.000841 0.000157 0.000824 0.007396 0.036751 0.096203 0.162385 
0.195352 0.258952 0.310251 0.341258 0.401126 0.532224 0.662592 0.890823 1.537994 1.918933 1.886419 1.693704 1.552040 1.365156 0.817077 0.355286 0.261067 0.205264 0.133858 0.065677 0.016473 0.002670 0.000328 0.000324 0.002634 0.016377 0.065543 0.129294 
0.162323 0.227459 0.286139 0.324684 0.363709 0.465254 0.585267 0.748179 1.190570 1.809360 1.910804 1.806022 1.622143 1.481959 1.112906 0.541226 0.296399 0.230314 0.169561 0.099365 0.036003 0.006706 0.000915 0.000325 0.000901 0.006647 0.036427 0.097130 
0.129727 0.194898 0.257606 0.307868 0.339318 0.409236 0.519898 0.646359 0.932754 1.551953 1.885443 1.881398 1.714083 1.564112 1.333846 0.816813 0.374127 0.255096 0.200452 0.134463 0.066234 0.015478 0.002510 0.000473 0.000469 0.002482 0.015528 0.066075 
0.097711 0.162313 0.226560 0.284293 0.322013 0.368307 0.462592 0.567321 0.749573 1.236552 1.796098 1.884432 1.817644 1.646966 1.477762 1.082392 0.560599 0.298515 0.222361 0.167737 0.100348 0.035569 0.006261 0.000983 0.000470 0.000972 0.006247 0.036107 
0.066298 0.130012 0.194481 0.256241 0.304583 0.339373 0.413932 0.505266 0.635665 0.968682 1.564185 1.862349 1.867735 1.736943 1.583331 1.303000 0.821495 0.383371 0.250919 0.193954 0.134043 0.066862 0.014908 0.002431 0.000598 0.000596 0.002417 0.015030 
0.035854 0.098061 0.162246 0.225699 0.282089 0.319323 0.373934 0.454716 0.554166 0.760336 1.266434 1.786358 1.866388 1.821540 1.675976 1.468312 1.062248 0.575358 0.298273 0.215684 0.164907 0.100452 0.035607 0.006008 0.001057 0.000596 0.001051 0.006025 
0.014726 0.066391 0.130153 0.194064 0.254777 0.300929 0.343357 0.411991 0.492010 0.630571 0.999937 1.571379 1.846381 1.855176 1.763504 1.596944 1.275383 0.818803 0.396602 0.246655 0.188029 0.132729 0.067324 0.014645 0.002410 0.000711 0.000710 0.002408 
0.005912 0.035668 0.098254 0.162109 0.224821 0.279673 0.319332 0.376251 0.444683 0.543970 0.778464 1.288337 1.775431 1.852977 1.830160 1.699600 1.453041 1.047093 0.588116 0.298798 0.210013 0.161226 0.100026 0.035868 0.005893 0.001136 0.000710 0.001134 
0.002435 0.014545 0.066418 0.130181 0.193608 0.253229 0.299245 0.346353 0.406610 0.481915 0.627415 1.028290 1.576232 1.833591 1.847273 1.789995 1.596244 1.256696 0.817605 0.408281 0.243308 0.182172 0.130996 0.067421 0.014576 0.002432 0.000817 0.000816 
0.001221 0.005867 0.035539 0.098299 0.161937 0.223894 0.277801 0.321155 0.374600 0.435488 0.536478 0.795735 1.306414 1.765831 1.843853 1.832954 1.721244 1.438913 1.037150 0.599300 0.299835 0.205098 0.156889 0.099208 0.036088 0.005872 0.001221 0.000816 
0.000918 0.002484 0.014447 0.066382 0.130118 0.193125 0.251854 0.299536 0.346947 0.400032 0.473359 0.627519 1.051074 1.580452 1.824347 1.841128 1.802302 1.602371 1.242542 0.818225 0.418521 0.240624 0.176361 0.128729 0.067312 0.014589 0.002485 0.000918 
0.000918 0.001309 0.005866 0.035438 0.098250 0.161713 0.223024 0.277076 0.322566 0.370959 0.427530 0.530231 0.811664 1.320961 1.759178 1.836933 1.831421 1.737608 1.430518 1.030384 0.609807 0.301164 0.200460 0.152189 0.098020 0.036299 0.005902 0.001309 
0.001015 0.001015 0.002546 0.014398 0.066304 0.129981 0.192637 0.250958 0.300528 0.345740 0.393478 0.466043 0.632961 1.066313 1.584293 1.817494 1.835555 1.806590 1.610627 1.233006 0.820096 0.428090 0.237703 0.171028 0.126049 0.067044 0.014650 0.002556 
0.001401 0.001015 0.001398 0.005892 0.035355 0.098143 0.161437 0.222340 0.276837 0.323363 0.366506 0.420690 0.525913 0.826619 1.331750 1.754679 1.831040 1.828314 1.748570 1.426228 1.026551 0.620076 0.301969 0.196031 0.147579 0.096546 0.036495 0.005964 
0.002638 0.001112 0.001111 0.002617 0.014381 0.066203 0.129790 0.192187 0.250389 0.301096 0.343977 0.387218 0.460149 0.639431 1.079185 1.587266 1.811949 1.830358 1.807696 1.617422 1.227239 0.823313 0.436697 0.234629 0.166071 0.123190 0.066520 0.014864 
0.006076 0.001493 0.001111 0.001488 0.005935 0.035284 0.097996 0.161137 0.221812 0.276679 0.323470 0.361886 0.414567 0.523202 0.840618 1.340564 1.751176 1.825756 1.824693 1.754462 1.425253 1.025276 0.627841 0.304475 0.191780 0.143145 0.094855 0.036665 
0.015242 0.002734 0.001207 0.001205 0.002694 0.014384 0.066085 0.129567 0.191783 0.249972 0.301084 0.341942 0.381641 0.454896 0.646575 1.090591 1.589719 1.807111 1.825490 1.806869 1.622297 1.225264 0.826241 0.444653 0.232113 0.161383 0.120194 0.065760 
0.036824 0.006243 0.001589 0.001206 0.001577 0.005988 0.035222 0.097826 0.160833 0.221381 0.276413 0.322795 0.357742 0.409112 0.521129 0.854112 1.348198 1.748168 1.820895 1.820835 1.756071 1.427516 1.025753 0.633267 0.308367 0.187907 0.138752 0.092977 
0.064901 0.015678 0.002848 0.001302 0.001299 0.002773 0.014399 0.065956 0.129330 0.191415 0.249586 0.300685 0.339645 0.377006 0.449959 0.653864 1.101155 1.591762 1.802714 1.820880 1.804629 1.625823 1.226634 0.828350 0.451871 0.230311 0.157185 0.116739 
0.090820 0.037017 0.006443 0.001689 0.001299 0.001667 0.006048 0.035163 0.097643 0.160533 0.220990 0.276020 0.321682 0.354076 0.404363 0.519173 0.867160 1.355046 1.745434 1.816339 1.816817 1.755864 1.431425 1.027379 0.637385 0.312313 0.184607 0.134301 
0.112998 0.063918 0.016193 0.002975 0.001397 0.001391 0.002854 0.014422 0.065820 0.129088 0.191066 0.249183 0.300022 0.337301 0.372934 0.445637 0.660884 1.111103 1.593500 1.798493 1.816698 1.801579 1.628913 1.229402 0.830626 0.458026 0.229110 0.153166 
0.129724 0.088458 0.037225 0.006674 0.001793 0.001393 0.001757 0.006112 0.035105 0.097454 0.160238 0.220607 0.275512 0.320357 0.350869 0.400018 0.517625 0.879506 1.361353 1.742693 1.812146 1.812918 1.754633 1.435930 1.029922 0.641054 0.315979 0.181645 
0.149194 0.109005 0.062842 0.016766 0.003113 0.001493 0.001484 0.002937 0.014449 0.065680 0.128846 0.190724 0.248742 0.299192 0.335075 0.369300 0.441707 0.667736 1.120429 1.594891 1.794590 1.812725 1.798347 1.631461 1.232926 0.833346 0.463491 0.228209 
0.178825 0.124993 0.085923 0.037446 0.006931 0.001900 0.001486 0.001847 0.006178 0.035046 0.097263 0.159946 0.220216 0.274913 0.318954 0.348117 0.395958 0.516316 0.891282 1.367043 1.740132 1.808191 1.809131 1.753031 1.440419 1.033136 0.644703 0.319372 
0.227419 0.145180 0.104789 0.061685 0.017387 0.003261 0.001590 0.001576 0.003020 0.014478 0.065536 0.128605 0.190383 0.248261 0.298266 0.333061 0.366057 0.438008 0.674418 1.129162 1.596042 1.790942 1.808896 1.795106 1.633611 1.236778 0.836563 0.468620 
0.322587 0.175837 0.120275 0.083386 0.037530 0.007211 0.002011 0.001580 0.001937 0.006246 0.034988 0.097070 0.159655 0.219809 0.274248 0.317565 0.345659 0.392294 0.517358 0.900273 1.372237 1.737728 1.804407 1.805448 1.751284 1.444847 1.036670 0.648558 
