0.020651 0.010181 0.002948 0.000452 0.000025 0.000025 0.000452 0.002948 0.010181 0.020651 0.031708 0.039034 0.039034 0.031708 0.020651 0.010181 0.002948 0.000452 0.000025 0.000025 0.000452 0.002948 0.010181 0.020651 0.031708 0.039034 0.039034 0.031708 
0.026180 0.015343 0.005880 0.001183 0.000132 0.000025 0.000132 0.001183 0.005880 0.015343 0.026180 0.036753 0.039034 0.036753 0.026180 0.015343 0.005880 0.001183 0.000132 0.000025 0.000132 0.001183 0.005880 0.015343 0.026180 0.036753 0.039034 0.036753 
0.032250 0.020761 0.010431 0.002621 0.000421 0.000051 0.000051 0.000421 0.002621 0.010431 0.020761 0.032250 0.038464 0.038464 0.032250 0.020761 0.010431 0.002621 0.000421 0.000051 0.000051 0.000421 0.002621 0.010431 0.020761 0.032250 0.038464 0.038464 
0.036793 0.026506 0.015451 0.005784 0.001064 0.000144 0.000051 0.000144 0.001064 0.005784 0.015451 0.026506 0.036793 0.038464 0.036793 0.026506 0.015451 0.005784 0.001064 0.000144 0.000051 0.000144 0.001064 0.005784 0.015451 0.026506 0.036793 0.038464 
0.038046 0.032614 0.020979 0.010416 0.002474 0.000397 0.000074 0.000074 0.000397 0.002474 0.010416 0.020979 0.032614 0.038046 0.038046 0.032614 0.020979 0.010416 0.002474 0.000397 0.000074 0.000074 0.000397 0.002474 0.010416 0.020979 0.032614 0.038046 
0.038046 0.036688 0.026892 0.015563 0.005644 0.000997 0.000155 0.000074 0.000155 0.000997 0.005644 0.015563 0.026892 0.036688 0.038046 0.036688 0.026892 0.015563 0.005644 0.000997 0.000155 0.000074 0.000155 0.000997 0.005644 0.015563 0.026892 0.036688 
0.037707 0.037707 0.032867 0.021228 0.010349 0.002369 0.000386 0.000095 0.000095 0.000386 0.002369 0.010349 0.021228 0.032867 0.037707 0.037707 0.032867 0.021228 0.010349 0.002369 0.000386 0.000095 0.000095 0.000386 0.002369 0.010349 0.021228 0.032867 
0.036497 0.037707 0.036497 0.027292 0.015694 0.005495 0.000954 0.000167 0.000095 0.000167 0.000954 0.005495 0.015694 0.027292 0.036497 0.037707 0.036497 0.027292 0.015694 0.005495 0.000954 0.000167 0.000095 0.000167 0.000954 0.005495 0.015694 0.027292 
0.033042 0.037404 0.037404 0.033042 0.021493 0.010280 0.002286 0.000382 0.000113 0.000113 0.000382 0.002286 0.010280 0.021493 0.033042 0.037404 0.037404 0.033042 0.021493 0.010280 0.002286 0.000382 0.000113 0.000113 0.000382 0.002286 0.010280 0.021493 
0.027620 0.036314 0.037404 0.036314 0.027620 0.015844 0.005357 0.000926 0.000180 0.000113 0.000180 0.000926 0.005357 0.015844 0.027620 0.036314 0.037404 0.036314 0.027620 0.015844 0.005357 0.000926 0.000180 0.000113 0.000180 0.000926 0.005357 0.015844 
0.021732 0.033166 0.037132 0.037132 0.033166 0.021732 0.010237 0.002220 0.000383 0.000130 0.000130 0.000383 0.002220 0.010237 0.021732 0.033166 0.037132 0.037132 0.033166 0.021732 0.010237 0.002220 0.000383 0.000130 0.000130 0.000383 0.002220 0.010237 
0.015985 0.027895 0.036140 0.037132 0.036140 0.027895 0.015985 0.005250 0.000906 0.000193 0.000130 0.000193 0.000906 0.005250 0.015985 0.027895 0.036140 0.037132 0.036140 0.027895 0.015985 0.005250 0.000906 0.000193 0.000130 0.000193 0.000906 0.005250 
0.010215 0.021940 0.033259 0.036884 0.036884 0.033259 0.021940 0.010215 0.002170 0.000387 0.000145 0.000145 0.000387 0.002170 0.010215 0.021940 0.033259 0.036884 0.036884 0.033259 0.021940 0.010215 0.002170 0.000387 0.000145 0.000145 0.000387 0.002170 
0.005173 0.016077 0.028159 0.035978 0.036884 0.035978 0.028159 0.016077 0.005173 0.000893 0.000206 0.000145 0.000206 0.000893 0.005173 0.016077 0.028159 0.035978 0.036884 0.035978 0.028159 0.016077 0.005173 0.000893 0.000206 0.000145 0.000206 0.000893 
0.002135 0.010185 0.022118 0.033352 0.036657 0.036657 0.033352 0.022118 0.010185 0.002135 0.000393 0.000161 0.000161 0.000393 0.002135 0.010185 0.022118 0.033352 0.036657 0.036657 0.033352 0.022118 0.010185 0.002135 0.000393 0.000161 0.000161 0.000393 
0.000886 0.005104 0.016151 0.028400 0.035831 0.036657 0.035831 0.028400 0.016151 0.005104 0.000886 0.000219 0.000161 0.000219 0.000886 0.005104 0.016151 0.028400 0.035831 0.036657 0.035831 0.028400 0.016151 0.005104 0.000886 0.000219 0.000161 0.000219 
0.000400 0.002108 0.010151 0.022276 0.033440 0.036451 0.036451 0.033440 0.022276 0.010151 0.002108 0.000400 0.000175 0.000175 0.000400 0.002108 0.010151 0.022276 0.033440 0.036451 0.036451 0.033440 0.022276 0.010151 0.002108 0.000400 0.000175 0.000175 
0.000231 0.000883 0.005041 0.016213 0.028621 0.035698 0.036451 0.035698 0.028621 0.016213 0.005041 0.000883 0.000231 0.000175 0.000231 0.000883 0.005041 0.016213 0.028621 0.035698 0.036451 0.035698 0.028621 0.016213 0.005041 0.000883 0.000231 0.000175 
0.000189 0.000408 0.002086 0.010115 0.022417 0.033522 0.036262 0.036262 0.033522 0.022417 0.010115 0.002086 0.000408 0.000189 0.000189 0.000408 0.002086 0.010115 0.022417 0.033522 0.036262 0.036262 0.033522 0.022417 0.010115 0.002086 0.000408 0.000189 
0.000189 0.000244 0.000882 0.004982 0.016266 0.028822 0.035577 0.036262 0.035577 0.028822 0.016266 0.004982 0.000882 0.000244 0.000189 0.000244 0.000882 0.004982 0.016266 0.028822 0.035577 0.036262 0.035577 0.028822 0.016266 0.004982 0.000882 0.000244 
0.000203 0.000203 0.000417 0.002067 0.010079 0.022544 0.033598 0.036091 0.036091 0.033598 0.022544 0.010079 0.002067 0.000417 0.000203 0.000203 0.000417 0.002067 0.010079 0.022544 0.033598 0.036091 0.036091 0.033598 0.022544 0.010079 0.002067 0.000417 
0.000256 0.000203 0.000256 0.000883 0.004928 0.016312 0.029006 0.035468 0.036091 0.035468 0.029006 0.016312 0.004928 0.000883 0.000256 0.000203 0.000256 0.000883 0.004928 0.016312 0.029006 0.035468 0.036091 0.035468 0.029006 0.016312 0.004928 0.000883 
0.000427 0.000216 0.000216 0.000427 0.002051 0.010044 0.022659 0.033668 0.035935 0.035935 0.033668 0.022659 0.010044 0.002051 0.000427 0.000216 0.000216 0.000427 0.002051 0.010044 0.022659 0.033668 0.035935 0.035935 0.033668 0.022659 0.010044 0.002051 
0.000885 0.000269 0.000216 0.000269 0.000885 0.004877 0.016351 0.029173 0.035368 0.035935 0.035368 0.029173 0.016351 0.004877 0.000885 0.000269 0.000216 0.000269 0.000885 0.004877 0.016351 0.029173 0.035368 0.035935 0.035368 0.029173 0.016351 0.004877 
0.002037 0.000436 0.000229 0.000229 0.000436 0.002037 0.010009 0.022816 0.033678 0.035794 0.035794 0.033678 0.022816 0.010009 0.002037 0.000436 0.000229 0.000229 0.000436 0.002037 0.010009 0.022816 0.033678 0.035794 0.035794 0.033678 0.022816 0.010009 
0.004823 0.000888 0.000281 0.000229 0.000281 0.000888 0.004823 0.016413 0.029319 0.035265 0.035794 0.035265 0.029319 0.016413 0.004823 0.000888 0.000281 0.000229 0.000281 0.000888 0.004823 0.016413 0.029319 0.035265 0.035794 0.035265 0.029319 0.016413 
0.009988 0.002023 0.000446 0.000242 0.000242 0.000446 0.002023 0.009988 0.022993 0.033646 0.035661 0.035661 0.033646 0.022993 0.009988 0.002023 0.000446 0.000242 0.000242 0.000446 0.002023 0.009988 0.022993 0.033646 0.035661 0.035661 0.033646 0.022993 
0.016491 0.004775 0.000891 0.000293 0.000242 0.000293 0.000891 0.004775 0.016491 0.029441 0.035158 0.035661 0.035158 0.029441 0.016491 0.004775 0.000891 0.000293 0.000242 0.000293 0.000891 0.004775 0.016491 0.029441 0.035158 0.035661 0.035158 0.029441 
