0.059303 0.154930 0.279381 0.461378 0.669107 0.867232 0.985642 0.987128 0.877751 0.664691 0.993111 1.339003 1.184004 1.098585 1.047554 1.021999 0.503060 0.001297 0.000213 0.000107 0.000449 0.002946 0.010182 0.020651 0.031708 0.039034 0.039034 0.030281 
0.037537 0.098816 0.209962 0.367163 0.565243 0.769370 0.950831 0.986757 0.959072 0.744589 0.785665 1.209293 1.280878 1.132597 1.068772 1.034787 0.821008 0.187582 0.000510 0.000133 0.000192 0.001158 0.005880 0.015343 0.026180 0.036753 0.039034 0.034658 
0.035377 0.055003 0.148632 0.283453 0.465447 0.667307 0.876635 0.977775 0.979835 0.844909 0.754858 0.989852 1.262982 1.222694 1.092706 1.052297 0.972846 0.497618 0.047373 0.000228 0.000148 0.000449 0.002580 0.010437 0.020761 0.032250 0.038464 0.036846 
0.035909 0.040284 0.089871 0.210146 0.371967 0.565443 0.772852 0.951975 0.979320 0.929238 0.783018 0.838213 1.160558 1.252910 1.157730 1.072331 1.022503 0.774773 0.224878 0.012034 0.000168 0.000223 0.001057 0.005751 0.015454 0.026506 0.036793 0.037857 
0.036883 0.037003 0.053774 0.142178 0.287099 0.466963 0.669147 0.881503 0.972484 0.966800 0.843607 0.796816 0.990097 1.229822 1.217217 1.113808 1.049199 0.948113 0.491104 0.068211 0.003134 0.000182 0.000445 0.002439 0.010395 0.020980 0.032765 0.037591 
0.037237 0.036913 0.041226 0.084054 0.210271 0.374241 0.566784 0.779125 0.949739 0.971063 0.915480 0.808514 0.863491 1.139925 1.226671 1.175288 1.081213 1.011292 0.751463 0.238801 0.020142 0.000920 0.000248 0.001010 0.005592 0.015537 0.027139 0.036385 
0.037024 0.037075 0.037991 0.053011 0.137373 0.288684 0.468038 0.672954 0.885643 0.965732 0.956642 0.848626 0.822258 0.993766 1.204984 1.212739 1.128250 1.051973 0.927980 0.485714 0.079612 0.005893 0.000416 0.000438 0.002346 0.010260 0.021338 0.032999 
0.036005 0.037050 0.037317 0.041975 0.080033 0.209523 0.375166 0.569524 0.785863 0.945710 0.963460 0.906954 0.828850 0.881610 1.123839 1.210800 1.181056 1.095050 1.005476 0.731132 0.245809 0.025692 0.001785 0.000421 0.000921 0.005395 0.015726 0.027620 
0.033038 0.036722 0.037183 0.038548 0.052654 0.133587 0.288755 0.469598 0.677694 0.888391 0.959022 0.944970 0.858139 0.842040 0.994174 1.189060 1.203364 1.141813 1.061460 0.906576 0.482835 0.086699 0.008103 0.000762 0.000546 0.002164 0.010192 0.021673 
0.027870 0.035685 0.036953 0.037640 0.042416 0.077251 0.207962 0.375770 0.573320 0.791722 0.941364 0.955509 0.902066 0.846065 0.893746 1.112401 1.199788 1.182633 1.110953 1.003378 0.708952 0.251448 0.029587 0.002651 0.000600 0.000951 0.005147 0.015933 
0.021901 0.032953 0.036477 0.037283 0.039006 0.052319 0.130339 0.288148 0.471939 0.682521 0.890307 0.951973 0.935788 0.867065 0.857985 0.993147 1.177941 1.195499 1.155951 1.070612 0.886459 0.478477 0.091786 0.009898 0.001113 0.000688 0.002087 0.010097 
0.015999 0.028021 0.035395 0.036880 0.037915 0.042765 0.075152 0.205775 0.376694 0.577230 0.797320 0.936556 0.947927 0.899650 0.860255 0.902467 1.104254 1.191110 1.185612 1.124729 1.003239 0.687428 0.254606 0.032566 0.003416 0.000794 0.001038 0.004967 
0.009962 0.022010 0.032840 0.036323 0.037324 0.039386 0.052074 0.127195 0.287533 0.474518 0.687275 0.891607 0.945084 0.929823 0.873918 0.870808 0.992200 1.169396 1.189735 1.168982 1.079171 0.869064 0.471017 0.096771 0.011359 0.001449 0.000855 0.002081 
0.004822 0.015986 0.028060 0.035202 0.036824 0.038090 0.043074 0.074027 0.202771 0.377804 0.580896 0.802667 0.931715 0.941269 0.898833 0.871586 0.909354 1.097862 1.184650 1.184547 1.141341 1.001420 0.670040 0.255491 0.035189 0.004075 0.001004 0.001161 
0.002116 0.009810 0.022023 0.032735 0.036216 0.037343 0.039653 0.052058 0.124258 0.286780 0.477015 0.691782 0.892524 0.938880 0.925355 0.879905 0.881028 0.991354 1.162953 1.184625 1.173720 1.095560 0.852569 0.462766 0.101300 0.012622 0.001772 0.001043 
0.001311 0.004705 0.015917 0.028035 0.035064 0.036779 0.038202 0.043331 0.073209 0.199789 0.378831 0.584398 0.807409 0.927291 0.935499 0.899249 0.880186 0.915022 1.093186 1.179207 1.181898 1.151454 1.003249 0.657667 0.255477 0.037504 0.004666 0.001225 
0.001247 0.002181 0.009644 0.021976 0.032635 0.036136 0.037350 0.039840 0.052083 0.121588 0.285995 0.479434 0.695904 0.893174 0.933447 0.921905 0.885186 0.888895 0.991307 1.157029 1.181225 1.174287 1.106791 0.843681 0.456572 0.104426 0.013736 0.002085 
0.001456 0.001480 0.004605 0.015810 0.027972 0.034957 0.036743 0.038276 0.043524 0.072520 0.196988 0.379836 0.587669 0.811530 0.923379 0.930562 0.900660 0.886113 0.920313 1.088834 1.175176 1.179491 1.155679 1.006751 0.650127 0.254783 0.039321 0.005208 
0.002394 0.001462 0.002267 0.009468 0.021891 0.032539 0.036073 0.037349 0.039971 0.052085 0.119147 0.285289 0.481749 0.699620 0.893621 0.928766 0.919248 0.889750 0.894663 0.992058 1.151992 1.178412 1.173538 1.112494 0.840625 0.452455 0.106162 0.014674 
0.005697 0.001695 0.001664 0.004516 0.015680 0.027884 0.034871 0.036711 0.038324 0.043655 0.071879 0.194426 0.380843 0.590684 0.815068 0.919980 0.926386 0.902119 0.890978 0.924597 1.085411 1.171807 1.177194 1.157058 1.009819 0.646540 0.253660 0.040616 
0.015427 0.002704 0.001672 0.002377 0.009286 0.021782 0.032443 0.036021 0.037344 0.040060 0.052044 0.116906 0.284706 0.483946 0.704696 0.892150 0.924785 0.917038 0.893763 0.899383 0.993307 1.147364 1.175847 1.172160 1.115215 0.840480 0.450100 0.106757 
0.041441 0.006143 0.001930 0.001848 0.004446 0.015534 0.027780 0.034796 0.036683 0.038354 0.043734 0.071255 0.192117 0.381637 0.594321 0.817858 0.916626 0.922848 0.903464 0.895168 0.928493 1.082472 1.168726 1.174925 1.157002 1.012408 0.645290 0.252464 
0.106673 0.016020 0.003003 0.001868 0.002497 0.009108 0.021657 0.032347 0.035975 0.037336 0.040117 0.051960 0.114876 0.283982 0.486622 0.709340 0.890379 0.921292 0.915230 0.897242 0.903499 0.994566 1.143297 1.173375 1.170444 1.116373 0.841804 0.448877 
0.251322 0.041938 0.006541 0.002152 0.002026 0.004392 0.015383 0.027663 0.034728 0.036656 0.038372 0.043773 0.070650 0.189828 0.382792 0.597981 0.819970 0.913564 0.919777 0.904720 0.898807 0.932006 1.080003 1.165856 1.172643 1.156194 1.014686 0.645340 
0.448331 0.106227 0.016488 0.003281 0.002057 0.002617 0.008943 0.021523 0.032248 0.035933 0.037326 0.040151 0.051842 0.112837 0.283532 0.489537 0.713326 0.888612 0.918224 0.913727 0.900285 0.907106 0.995805 1.139733 1.170946 1.168530 1.116704 0.843889 
0.646110 0.250269 0.042224 0.006889 0.002363 0.002197 0.004348 0.015233 0.027537 0.034663 0.036629 0.038380 0.043780 0.070014 0.187683 0.384311 0.601431 0.821540 0.910821 0.917099 0.905882 0.901990 0.935170 1.077956 1.163143 1.170342 1.154970 1.016785 
0.846381 0.448190 0.105601 0.016854 0.003536 0.002239 0.002735 0.008790 0.021385 0.032147 0.035892 0.037313 0.040168 0.051689 0.110828 0.283436 0.492498 0.716679 0.886931 0.915530 0.912464 0.902963 0.910285 0.997010 1.136598 1.168542 1.166499 1.116581 
1.018775 0.647285 0.249308 0.042370 0.007190 0.002563 0.002363 0.004373 0.015027 0.027404 0.034600 0.036602 0.038382 0.043762 0.069354 0.185784 0.386077 0.604588 0.822678 0.908380 0.914763 0.906947 0.904794 0.938029 1.076266 1.160556 1.168031 1.153509 
