0.108436 0.088100 0.057639 0.028517 0.011857 0.506703 1.030545 1.065882 1.145926 1.284944 1.519461 1.226423 0.925195 1.092982 1.092982 0.955602 0.726423 0.489054 0.284944 0.145926 0.065882 0.025725 0.011523 0.011857 0.028517 0.057639 0.088100 0.108436 
0.108436 0.102076 0.072870 0.042911 0.016547 0.193800 0.825270 1.048213 1.097361 1.203497 1.431517 1.410596 1.038156 1.009089 1.092982 1.052939 0.842036 0.607739 0.382842 0.207298 0.098532 0.039348 0.015073 0.011606 0.016630 0.042911 0.072870 0.102076 
0.106846 0.106846 0.089627 0.057890 0.025984 0.060860 0.498112 0.980190 1.072787 1.136182 1.344041 1.426287 1.226412 1.016355 1.051035 1.082972 0.966765 0.724888 0.494115 0.288901 0.144568 0.061413 0.022009 0.012473 0.012862 0.027282 0.057890 0.089627 
0.102204 0.106846 0.102204 0.073780 0.037949 0.034703 0.227946 0.776262 1.038063 1.100210 1.235399 1.405725 1.352607 1.095127 1.029360 1.071338 1.053920 0.847009 0.608113 0.388313 0.209124 0.094800 0.034244 0.014857 0.012570 0.016565 0.042223 0.073759 
0.090763 0.105686 0.105686 0.091310 0.052197 0.035514 0.083014 0.484964 0.957076 1.069137 1.162051 1.341853 1.392446 1.227028 1.045802 1.050349 1.066984 0.975972 0.727561 0.495826 0.293642 0.143854 0.055078 0.020275 0.013142 0.013569 0.026451 0.057991 
0.074743 0.101955 0.105686 0.102092 0.072330 0.039685 0.047389 0.236850 0.752019 1.027114 1.107126 1.261779 1.379798 1.332390 1.113762 1.046939 1.059803 1.044231 0.860065 0.609609 0.391040 0.212199 0.089443 0.030759 0.014925 0.013249 0.016896 0.041345 
0.058044 0.091591 0.104753 0.104787 0.090393 0.051927 0.041611 0.096680 0.477403 0.933960 1.067791 1.184453 1.340120 1.367946 1.227930 1.063645 1.053371 1.055910 0.979561 0.734837 0.496339 0.296654 0.143137 0.049389 0.019303 0.013668 0.014161 0.025858 
0.040681 0.075720 0.101454 0.104779 0.101189 0.070141 0.044190 0.055378 0.243740 0.729293 1.017605 1.123392 1.274788 1.360989 1.318474 1.127820 1.055940 1.054641 1.036823 0.868703 0.614810 0.391645 0.214124 0.084595 0.028233 0.015077 0.013791 0.017208 
0.025419 0.058201 0.092136 0.103947 0.103881 0.088648 0.053284 0.046987 0.105266 0.472912 0.907696 1.078021 1.199090 1.336813 1.350360 1.230488 1.074234 1.055290 1.049862 0.980045 0.741756 0.499386 0.297179 0.141260 0.045613 0.018687 0.014112 0.014645 
0.017472 0.040262 0.076457 0.100995 0.103931 0.100056 0.068732 0.048561 0.061557 0.249311 0.702071 1.014149 1.142631 1.281780 1.346974 1.309956 1.137566 1.061383 1.052576 1.031050 0.873743 0.620571 0.393262 0.213433 0.080678 0.026562 0.015256 0.014246 
0.015052 0.025149 0.058359 0.092516 0.103197 0.102962 0.087341 0.054731 0.051810 0.111744 0.466034 0.882585 1.093117 1.213301 1.330675 1.337719 1.233552 1.082631 1.056980 1.044993 0.978662 0.747157 0.503684 0.297413 0.138106 0.042918 0.018335 0.014498 
0.014637 0.017715 0.040009 0.077037 0.100527 0.103138 0.098998 0.067861 0.052540 0.066794 0.251804 0.674309 1.013603 1.164502 1.285250 1.335958 1.304501 1.145639 1.066389 1.050986 1.025413 0.876761 0.625420 0.395898 0.211889 0.076744 0.025440 0.015458 
0.014842 0.015406 0.025003 0.058523 0.092758 0.102485 0.102103 0.086225 0.056371 0.056104 0.116610 0.456496 0.859045 1.107915 1.231062 1.323281 1.328094 1.237018 1.090052 1.058033 1.041396 0.976111 0.751090 0.507932 0.298204 0.134141 0.040762 0.018158 
0.015671 0.014983 0.017947 0.039883 0.077488 0.100053 0.102390 0.097800 0.067633 0.056171 0.071230 0.251361 0.657770 1.003012 1.184882 1.291362 1.326891 1.300927 1.153169 1.070041 1.049872 1.020916 0.877674 0.629511 0.398889 0.210465 0.072594 0.024638 
0.018085 0.015155 0.015724 0.024955 0.058685 0.092887 0.101806 0.101242 0.084435 0.059036 0.059935 0.120028 0.448797 0.838037 1.114368 1.251973 1.318008 1.320400 1.239026 1.098177 1.058534 1.039013 0.973076 0.753593 0.512008 0.299402 0.129965 0.038869 
0.024013 0.015888 0.015297 0.018174 0.039852 0.077832 0.099576 0.101665 0.095873 0.068561 0.059261 0.075183 0.250780 0.643417 0.990456 1.201063 1.300902 1.319802 1.297319 1.160907 1.073325 1.048773 1.017649 0.877048 0.632800 0.402082 0.209288 0.068434 
0.037150 0.018067 0.015445 0.016016 0.024985 0.058842 0.092929 0.101143 0.100217 0.083094 0.061586 0.063242 0.123063 0.441918 0.822636 1.114180 1.271217 1.315077 1.314181 1.240544 1.106202 1.058802 1.037102 0.970099 0.754924 0.515750 0.300945 0.125867 
0.064394 0.023493 0.016100 0.015588 0.018401 0.039895 0.078093 0.099089 0.100911 0.094112 0.069651 0.062000 0.078611 0.249856 0.632277 0.979555 1.218177 1.304112 1.314853 1.293931 1.168430 1.076077 1.047952 1.014926 0.875658 0.635337 0.405301 0.208440 
0.122035 0.035566 0.018077 0.015716 0.016291 0.025077 0.058994 0.092910 0.100456 0.099211 0.082095 0.063913 0.066153 0.125575 0.436076 0.810309 1.120792 1.279943 1.312168 1.309623 1.241638 1.113597 1.059111 1.035567 0.967075 0.755497 0.519034 0.302724 
0.206958 0.061556 0.023039 0.016306 0.015860 0.018631 0.039992 0.078305 0.098569 0.100145 0.092615 0.070731 0.064473 0.081568 0.248902 0.623192 0.973519 1.231121 1.304111 1.311531 1.290999 1.175234 1.078619 1.047339 1.012558 0.873721 0.637266 0.408359 
0.304221 0.118711 0.034352 0.018101 0.015971 0.016553 0.025215 0.059149 0.092833 0.099751 0.098262 0.081355 0.066037 0.068746 0.127675 0.431094 0.801351 1.127864 1.284009 1.309676 1.306398 1.242454 1.120276 1.059507 1.034296 0.964001 0.755493 0.521869 
0.411048 0.205349 0.059504 0.022696 0.016504 0.016117 0.018864 0.040106 0.078503 0.098021 0.099379 0.091550 0.071583 0.066715 0.084156 0.247835 0.616223 0.971853 1.238556 1.303260 1.308857 1.288879 1.181285 1.081001 1.046901 1.010420 0.871377 0.638681 
0.524232 0.305457 0.115916 0.033446 0.018149 0.016213 0.016803 0.025372 0.059305 0.092722 0.099039 0.097421 0.080826 0.067932 0.071075 0.129436 0.426900 0.795633 1.133482 1.285684 1.307458 1.303862 1.243537 1.126219 1.059987 1.033221 0.960865 0.755029 
0.639630 0.413341 0.203957 0.057888 0.022457 0.016697 0.016361 0.019093 0.040239 0.078676 0.097460 0.098635 0.090794 0.072304 0.068717 0.086451 0.246667 0.611266 0.972599 1.242190 1.302014 1.306559 1.287465 1.184878 1.085129 1.046604 1.008440 0.868708 
0.754169 0.526137 0.306536 0.113607 0.032754 0.018221 0.016445 0.017044 0.025544 0.059566 0.092470 0.098341 0.096675 0.080486 0.069614 0.073151 0.130938 0.423446 0.792341 1.137605 1.285922 1.305423 1.301785 1.244222 1.131812 1.061051 1.032247 0.957668 
0.865778 0.640153 0.415283 0.202835 0.056601 0.022299 0.016889 0.016595 0.019319 0.040428 0.078803 0.096873 0.097925 0.090187 0.073026 0.070498 0.088482 0.245527 0.607893 0.974006 1.243968 1.300548 1.304513 1.286146 1.188017 1.089581 1.046649 1.006401 
0.954231 0.752965 0.527624 0.307506 0.111738 0.032227 0.018315 0.016668 0.017276 0.025757 0.059895 0.092093 0.097662 0.095990 0.080304 0.071130 0.074994 0.132239 0.420207 0.790949 1.140606 1.285411 1.303522 1.299921 1.244794 1.137227 1.062748 1.031221 
1.004091 0.862518 0.640295 0.416912 0.201985 0.055582 0.022205 0.017080 0.016820 0.019548 0.040679 0.078869 0.096270 0.097244 0.089690 0.073757 0.072096 0.090271 0.244192 0.605578 0.975919 1.244682 1.298994 1.302622 1.284903 1.191010 1.094424 1.046985 
