0.021493 0.012985 0.013389 0.026368 0.065979 0.144866 0.276408 0.439662 1.187721 1.902984 2.018246 2.021657 1.907782 1.727973 0.968759 0.271446 0.148166 0.066476 0.026437 0.009247 0.003789 0.003960 0.010196 0.020713 0.031711 0.039036 0.039035 0.031504 
0.026498 0.015987 0.013086 0.016735 0.039557 0.098840 0.206673 0.337628 0.760998 1.610044 1.988578 2.020804 1.987195 1.840353 1.398315 0.556021 0.194396 0.101921 0.040744 0.014909 0.005154 0.003832 0.005806 0.015395 0.026212 0.036748 0.039035 0.036520 
0.032194 0.020654 0.013811 0.013998 0.023353 0.061425 0.149866 0.255781 0.476210 1.196730 1.885888 2.012747 2.012402 1.942083 1.687911 0.962288 0.307921 0.136599 0.066232 0.023807 0.007923 0.004162 0.004326 0.009742 0.020803 0.032260 0.038463 0.038407 
0.036729 0.026424 0.015790 0.013858 0.016384 0.035209 0.101924 0.189584 0.337367 0.801512 1.599659 1.981032 2.012661 1.994736 1.860960 1.352259 0.587232 0.197021 0.092619 0.040194 0.012834 0.005103 0.004203 0.005720 0.015195 0.026532 0.036794 0.038449 
0.038019 0.032476 0.020261 0.014341 0.014489 0.021721 0.062316 0.138239 0.245003 0.506617 1.205011 1.877782 2.004754 2.008180 1.956810 1.668794 0.969746 0.322599 0.131770 0.059910 0.021894 0.007260 0.004428 0.004583 0.009420 0.020863 0.032666 0.038035 
0.038031 0.036629 0.026462 0.015821 0.014378 0.016335 0.034336 0.096422 0.178275 0.337097 0.833918 1.596953 1.972154 2.007323 1.995337 1.871964 1.334647 0.606498 0.197443 0.086857 0.035578 0.011627 0.005136 0.004467 0.005830 0.014875 0.026898 0.036693 
0.037697 0.037681 0.032525 0.020172 0.014739 0.014867 0.021324 0.059648 0.127728 0.237833 0.529834 1.217014 1.869562 1.998531 2.004327 1.961497 1.663481 0.970573 0.338598 0.127324 0.054385 0.019237 0.006926 0.004634 0.004808 0.009191 0.020886 0.032964 
0.036513 0.037693 0.036388 0.026418 0.016097 0.014771 0.016514 0.033590 0.088435 0.169017 0.338360 0.860526 1.596943 1.964840 2.002878 1.993619 1.876286 1.329136 0.620790 0.198377 0.081407 0.031102 0.010577 0.005207 0.004677 0.005947 0.014625 0.027251 
0.033166 0.037398 0.037367 0.032367 0.020299 0.015103 0.015207 0.021218 0.055209 0.118653 0.231499 0.549727 1.228813 1.863356 1.993368 2.000563 1.961971 1.661921 0.974963 0.350283 0.123226 0.048809 0.017051 0.006682 0.004810 0.004995 0.009025 0.020938 
0.027522 0.036340 0.037390 0.036109 0.026383 0.016402 0.015129 0.016736 0.031786 0.080756 0.160970 0.339267 0.883941 1.598467 1.959067 1.998764 1.990915 1.877311 1.329299 0.633518 0.198594 0.075353 0.027583 0.009742 0.005278 0.004856 0.006049 0.014461 
0.020992 0.033301 0.037128 0.037070 0.032173 0.020463 0.015447 0.015530 0.020900 0.050007 0.110836 0.225598 0.566862 1.241204 1.858158 1.988840 1.996802 1.960552 1.661876 0.981408 0.359893 0.118106 0.043985 0.015318 0.006499 0.004962 0.005154 0.008920 
0.014358 0.027729 0.036171 0.037113 0.035831 0.026348 0.016701 0.015468 0.016894 0.029519 0.073353 0.153872 0.340628 0.904033 1.601303 1.954179 1.994812 1.987740 1.876820 1.332032 0.646039 0.197083 0.069682 0.024690 0.009089 0.005346 0.005010 0.006144 
0.008863 0.021044 0.033386 0.036878 0.036793 0.031975 0.020627 0.015776 0.015824 0.020406 0.044528 0.103548 0.220691 0.581861 1.252668 1.854742 1.984653 1.993044 1.958242 1.662445 0.989036 0.367662 0.112781 0.039838 0.013925 0.006366 0.005094 0.005293 
0.006236 0.014303 0.027884 0.036005 0.036856 0.035567 0.026309 0.016989 0.015788 0.016982 0.027582 0.065425 0.147476 0.346711 0.917265 1.605078 1.950078 1.990946 1.984343 1.875592 1.335968 0.657893 0.194737 0.064552 0.022293 0.008573 0.005412 0.005144 
0.005417 0.008845 0.021094 0.033429 0.036643 0.036534 0.031781 0.020784 0.016088 0.016087 0.019930 0.039693 0.095398 0.217798 0.595820 1.261171 1.853338 1.980729 1.989295 1.955505 1.663352 0.996930 0.374102 0.107663 0.036287 0.012794 0.006269 0.005211 
0.005262 0.006325 0.014284 0.028000 0.035840 0.036616 0.035318 0.026268 0.017263 0.016087 0.017048 0.025832 0.058560 0.139925 0.354239 0.928495 1.608576 1.946740 1.987154 1.980848 1.874019 1.340405 0.668823 0.192117 0.060005 0.020298 0.008165 0.005475 
0.005315 0.005528 0.008856 0.021142 0.033440 0.036422 0.036292 0.031600 0.020928 0.016381 0.016327 0.019484 0.036210 0.087083 0.213844 0.609936 1.269005 1.852095 1.977050 1.985577 1.952564 1.664453 1.004614 0.379550 0.102959 0.033258 0.011871 0.006201 
0.005537 0.005369 0.006413 0.014294 0.028083 0.035677 0.036389 0.035086 0.026228 0.017531 0.016341 0.017116 0.024455 0.053110 0.131492 0.361197 0.939470 1.611695 1.943680 1.983445 1.977324 1.872283 1.344985 0.678750 0.189532 0.056030 0.018635 0.007840 
0.006155 0.005411 0.005630 0.008891 0.021188 0.033425 0.036211 0.036064 0.031438 0.021070 0.016638 0.016534 0.019145 0.033453 0.079869 0.208513 0.623732 1.276614 1.850742 1.973504 1.981915 1.949533 1.665653 1.011868 0.384237 0.098755 0.030683 0.011114 
0.007581 0.005597 0.005465 0.006500 0.014318 0.028147 0.035515 0.036174 0.034870 0.026206 0.017772 0.016560 0.017187 0.023374 0.048634 0.123634 0.366673 0.950173 1.614598 1.940711 1.979812 1.973820 1.870468 1.349514 0.687700 0.187143 0.052593 0.017246 
0.010493 0.006125 0.005498 0.005724 0.008939 0.021233 0.033395 0.036009 0.035848 0.031295 0.021209 0.016863 0.016717 0.018891 0.031236 0.073699 0.203144 0.636130 1.283910 1.849407 1.970037 1.978314 1.946483 1.666879 1.018607 0.388333 0.095067 0.028499 
0.016086 0.007374 0.005655 0.005555 0.006584 0.014353 0.028197 0.035356 0.035969 0.034670 0.026200 0.017986 0.016754 0.017260 0.022520 0.044938 0.116676 0.371026 0.960020 1.617474 1.937810 1.976245 1.970356 1.868625 1.353876 0.695752 0.185025 0.049643 
0.026654 0.009982 0.006110 0.005580 0.005812 0.008995 0.021275 0.033353 0.035816 0.035644 0.031169 0.021342 0.017062 0.016880 0.018702 0.029440 0.068477 0.198198 0.646929 1.290845 1.848117 1.966636 1.974773 1.943451 1.668083 1.024814 0.391969 0.091878 
0.047128 0.015118 0.007210 0.005712 0.005638 0.006666 0.014396 0.028234 0.035200 0.035773 0.034482 0.026207 0.018177 0.016926 0.017336 0.021842 0.041884 0.110667 0.374504 0.968887 1.620341 1.934972 1.972739 1.966942 1.866779 1.358015 0.703006 0.183206 
0.089150 0.025097 0.009562 0.006105 0.005656 0.005895 0.009058 0.021315 0.033303 0.035630 0.035450 0.031057 0.021471 0.017239 0.017028 0.018565 0.027979 0.064090 0.193822 0.656223 1.297388 1.846873 1.963297 1.971290 1.940453 1.669232 1.030510 0.395249 
0.181688 0.044994 0.014310 0.007082 0.005769 0.005716 0.006745 0.014445 0.028260 0.035048 0.035585 0.034307 0.026223 0.018349 0.017081 0.017412 0.021303 0.039360 0.105551 0.377310 0.976805 1.623170 1.932193 1.969291 1.963580 1.864938 1.361907 0.709565 
0.398257 0.086839 0.023788 0.009217 0.006110 0.005729 0.005973 0.009126 0.021382 0.033217 0.035451 0.035265 0.030956 0.021593 0.017398 0.017164 0.018468 0.026789 0.060422 0.190038 0.664202 1.303527 1.845662 1.960017 1.967864 1.937492 1.670305 1.035736 
0.715166 0.180456 0.043193 0.013637 0.006982 0.005824 0.005790 0.006822 0.014510 0.028273 0.034892 0.035404 0.034142 0.026246 0.018505 0.017222 0.017490 0.020874 0.037278 0.101234 0.379608 0.983865 1.625922 1.929466 1.965902 1.960271 1.863102 1.365908 
