0.001852 0.009828 0.026437 0.553330 1.159240 1.280040 1.468919 1.681264 1.898319 1.500379 0.981314 0.875072 0.673158 0.462022 0.276198 0.144929 0.066157 0.026410 0.010544 0.007670 0.008705 0.012558 0.015289 0.015264 0.012384 0.008067 0.003977 0.001023 
0.001230 0.004053 0.015975 0.218297 0.901823 1.226230 1.371547 1.574503 1.816924 1.764233 1.202524 0.926871 0.775268 0.567590 0.365946 0.203744 0.098981 0.040404 0.015229 0.008389 0.007929 0.010408 0.014405 0.015283 0.014357 0.010226 0.005994 0.001989 
0.001420 0.001936 0.007739 0.069535 0.529539 1.108799 1.309848 1.468092 1.726016 1.803751 1.539119 1.030241 0.842573 0.671429 0.466013 0.279914 0.144183 0.062891 0.023232 0.010214 0.008044 0.008669 0.012687 0.015063 0.015051 0.012589 0.008110 0.003652 
0.001979 0.001549 0.003516 0.024639 0.242579 0.841315 1.234455 1.381860 1.609861 1.784317 1.735044 1.267987 0.912948 0.759219 0.568721 0.370549 0.205753 0.096485 0.036402 0.014011 0.008586 0.008200 0.010332 0.014377 0.015060 0.014377 0.010349 0.005878 
0.003477 0.001656 0.002041 0.009288 0.084405 0.521590 1.075875 1.316509 1.495861 1.725589 1.771999 1.547580 1.070518 0.821464 0.664929 0.469635 0.283979 0.144178 0.058382 0.020965 0.010039 0.008297 0.008760 0.012689 0.014890 0.014890 0.012751 0.008114 
0.005671 0.002111 0.001752 0.003949 0.029880 0.252491 0.807860 1.226271 1.407548 1.627838 1.760396 1.715894 1.312577 0.917490 0.736476 0.567282 0.375602 0.208347 0.093159 0.033050 0.013206 0.008732 0.008413 0.010350 0.014281 0.014890 0.014355 0.010478 
0.008074 0.003380 0.001842 0.002301 0.010980 0.092015 0.516407 1.041168 1.334693 1.517693 1.721654 1.749271 1.553525 1.109872 0.804357 0.653213 0.471442 0.288922 0.144244 0.053668 0.019286 0.009931 0.008493 0.008897 0.012647 0.014737 0.014756 0.012884 
0.010612 0.005510 0.002227 0.001957 0.004586 0.033409 0.258875 0.778787 1.216834 1.437388 1.638264 1.742367 1.700334 1.338218 0.939444 0.713720 0.562421 0.380182 0.211852 0.089467 0.030220 0.012629 0.008852 0.008594 0.010404 0.014156 0.014751 0.014288 
0.012972 0.008061 0.003298 0.002024 0.002614 0.012449 0.096981 0.510208 1.008044 1.354298 1.540286 1.715425 1.731858 1.558615 1.138831 0.804950 0.632635 0.471302 0.294278 0.144430 0.049429 0.017971 0.009861 0.008658 0.009046 0.012584 0.014603 0.014635 
0.014220 0.010714 0.005384 0.002343 0.002172 0.005220 0.036041 0.262498 0.759126 1.200119 1.467325 1.646995 1.727750 1.688548 1.357885 0.961153 0.698597 0.552557 0.382790 0.215958 0.086063 0.027863 0.012189 0.008959 0.008755 0.010470 0.014027 0.014627 
0.014525 0.013031 0.008049 0.003240 0.002215 0.002934 0.013688 0.100360 0.505348 0.986577 1.355445 1.570373 1.707561 1.717949 1.563007 1.159519 0.813103 0.613978 0.467673 0.299007 0.144706 0.046331 0.016915 0.009817 0.008806 0.009184 0.012528 0.014477 
0.014513 0.014152 0.010790 0.005278 0.002471 0.002394 0.005802 0.038044 0.264369 0.745962 1.185056 1.482152 1.663236 1.715352 1.679214 1.372964 0.979177 0.695129 0.537019 0.383340 0.220061 0.083586 0.026044 0.011845 0.009059 0.008901 0.010532 0.013908 
0.014362 0.014423 0.013069 0.008034 0.003205 0.002414 0.003246 0.014715 0.102686 0.501547 0.970822 1.351354 1.596802 1.702323 1.706318 1.566277 1.176070 0.823436 0.600332 0.460826 0.301701 0.145799 0.043979 0.016091 0.009795 0.008940 0.009308 0.012477 
0.013800 0.014408 0.014085 0.010843 0.005188 0.002611 0.002622 0.006322 0.039574 0.265450 0.736185 1.172181 1.495264 1.674944 1.705319 1.671308 1.384940 0.995056 0.695692 0.522581 0.381263 0.223347 0.082373 0.024637 0.011583 0.009154 0.009032 0.010589 
0.012432 0.014256 0.014327 0.013090 0.007953 0.003256 0.002614 0.003549 0.015560 0.104357 0.498444 0.958525 1.347836 1.617896 1.697725 1.696816 1.568356 1.189998 0.834059 0.593355 0.450023 0.302305 0.147555 0.042334 0.015453 0.009791 0.009063 0.009421 
0.010640 0.013702 0.014309 0.014018 0.010854 0.005122 0.002774 0.002848 0.006786 0.040762 0.266090 0.728485 1.162027 1.511572 1.677768 1.697498 1.664474 1.394357 1.009226 0.699303 0.510066 0.377043 0.224930 0.082321 0.023589 0.011389 0.009245 0.009152 
0.009524 0.012391 0.014157 0.014236 0.013079 0.007859 0.003361 0.002793 0.003851 0.016264 0.105588 0.495820 0.948862 1.349443 1.631287 1.692566 1.689242 1.569301 1.201792 0.844864 0.589599 0.438914 0.300986 0.149294 0.041322 0.014975 0.009804 0.009175 
0.009263 0.010687 0.013613 0.014217 0.013947 0.010832 0.005100 0.002935 0.003057 0.007219 0.041698 0.266404 0.722341 1.155711 1.525118 1.677246 1.691735 1.658426 1.401499 1.022005 0.704523 0.501184 0.370076 0.225140 0.082933 0.022855 0.011254 0.009333 
0.009280 0.009619 0.012355 0.014066 0.014149 0.013039 0.007790 0.003476 0.002965 0.004128 0.016879 0.106495 0.493557 0.941847 1.356553 1.635592 1.688113 1.683408 1.569072 1.211752 0.855513 0.588586 0.428329 0.297608 0.150939 0.040774 0.014634 0.009830 
0.009418 0.009365 0.010729 0.013532 0.014128 0.013872 0.010793 0.005105 0.003093 0.003256 0.007606 0.042471 0.266394 0.717702 1.153398 1.534781 1.674982 1.686936 1.653647 1.406493 1.033497 0.710885 0.495124 0.361270 0.224274 0.084058 0.022370 0.011169 
0.009869 0.009378 0.009706 0.012322 0.013979 0.014064 0.012979 0.007741 0.003596 0.003134 0.004384 0.017410 0.107167 0.491615 0.937501 1.363501 1.636943 1.683948 1.678614 1.568373 1.219995 0.865893 0.589648 0.418351 0.293174 0.152061 0.040593 0.014407 
0.011126 0.009501 0.009460 0.010769 0.013457 0.014043 0.013793 0.010744 0.005129 0.003249 0.003447 0.007954 0.043106 0.266095 0.714558 1.152987 1.541721 1.672197 1.682614 1.649720 1.410887 1.042944 0.718038 0.490881 0.351990 0.222618 0.085234 0.022088 
0.014273 0.009917 0.009470 0.009787 0.012294 0.013896 0.013980 0.012908 0.007705 0.003719 0.003299 0.004623 0.017868 0.107641 0.490016 0.935027 1.369539 1.636973 1.680010 1.674391 1.568073 1.226915 0.875112 0.592241 0.410402 0.287115 0.152539 0.040615 
0.021947 0.011118 0.009582 0.009549 0.010806 0.013387 0.013959 0.013712 0.010688 0.005167 0.003404 0.003630 0.008265 0.043623 0.265645 0.712521 1.153595 1.546811 1.669251 1.678605 1.646407 1.414890 1.051014 0.725060 0.488693 0.342851 0.219827 0.086341 
0.040753 0.014209 0.009974 0.009558 0.009864 0.012268 0.013816 0.013898 0.012829 0.007678 0.003845 0.003460 0.004845 0.018263 0.107968 0.488729 0.933784 1.374727 1.636302 1.676267 1.670556 1.568083 1.232952 0.883296 0.595678 0.404456 0.279795 0.152497 
0.087349 0.021904 0.011137 0.009662 0.009634 0.010842 0.013322 0.013877 0.013630 0.010630 0.005214 0.003556 0.003806 0.008546 0.044044 0.265143 0.711256 1.154769 1.550642 1.666275 1.674839 1.643510 1.418606 1.058124 0.731733 0.488018 0.334135 0.216146 
0.151747 0.041219 0.014198 0.010037 0.009641 0.009936 0.012245 0.013739 0.013816 0.012745 0.007659 0.003971 0.003619 0.005054 0.018605 0.108193 0.487710 0.933338 1.379236 1.635226 1.672698 1.667007 1.568286 1.238365 0.890667 0.599541 0.399847 0.272005 
0.210928 0.088206 0.021993 0.011177 0.009740 0.009715 0.010876 0.013261 0.013796 0.013548 0.010570 0.005267 0.003707 0.003978 0.008800 0.044390 0.264645 0.710490 1.156287 1.553600 1.663330 1.671275 1.640904 1.422108 1.064516 0.738032 0.488265 0.326945 
