0.108436 0.088100 0.053719 0.530225 1.014068 1.011523 1.025725 1.065882 1.167210 0.792105 0.460610 0.726423 0.955602 1.092982 1.092982 0.955602 0.726423 0.489054 0.284944 0.145926 0.065882 0.025725 0.011523 0.011857 0.028517 0.057639 0.088100 0.108436 
0.108436 0.102566 0.066612 0.231492 0.832627 1.012795 1.015073 1.039315 1.126585 1.026545 0.579469 0.560290 0.845592 1.052939 1.092982 1.052939 0.842036 0.607739 0.382842 0.207298 0.098532 0.039348 0.015073 0.011606 0.016630 0.042911 0.072870 0.102076 
0.106846 0.106969 0.083121 0.107832 0.528238 0.967184 1.013934 1.021703 1.089010 1.101575 0.782792 0.565085 0.667278 0.974918 1.082972 1.082972 0.966765 0.724888 0.494115 0.288901 0.144568 0.061413 0.022009 0.012473 0.012862 0.027282 0.057890 0.089627 
0.102173 0.106938 0.095045 0.089299 0.269344 0.790891 1.000305 1.017819 1.054158 1.098434 0.982031 0.634090 0.590633 0.819633 1.055958 1.082972 1.053920 0.847009 0.608113 0.388313 0.209124 0.094800 0.034244 0.014857 0.012570 0.016565 0.042223 0.073759 
0.090717 0.105747 0.102428 0.090736 0.134310 0.522776 0.943573 1.009062 1.034832 1.081830 1.069333 0.789825 0.601497 0.675592 0.960583 1.076218 1.075709 0.973063 0.727561 0.495826 0.293642 0.143854 0.055078 0.020275 0.013142 0.013569 0.026451 0.057991 
0.074687 0.101989 0.104917 0.095752 0.101629 0.286837 0.769402 0.986247 1.022515 1.064206 1.078706 0.961393 0.660722 0.620021 0.807702 1.047309 1.076091 1.049920 0.855339 0.609973 0.391040 0.212199 0.089443 0.030759 0.014925 0.013249 0.016896 0.041351 
0.058019 0.091773 0.104185 0.100335 0.097221 0.149401 0.520210 0.922969 1.008236 1.044947 1.075081 1.049378 0.791905 0.630196 0.683911 0.950261 1.068895 1.069548 0.976757 0.732656 0.497202 0.296608 0.143137 0.049389 0.019303 0.013668 0.014161 0.025868 
0.040651 0.076012 0.101082 0.102741 0.098297 0.110266 0.297505 0.750617 0.977742 1.031180 1.064603 1.068655 0.946400 0.678867 0.643625 0.800856 1.039074 1.069385 1.046350 0.862022 0.613848 0.392548 0.213982 0.084600 0.028233 0.015077 0.013791 0.017211 
0.025366 0.058332 0.092553 0.102327 0.100519 0.101289 0.160068 0.514232 0.907459 1.011141 1.053558 1.067642 1.038091 0.790880 0.652435 0.692463 0.942164 1.061807 1.063626 0.979449 0.737935 0.499839 0.297923 0.141062 0.045614 0.018687 0.014112 0.014646 
0.017459 0.040251 0.077276 0.099883 0.101423 0.100712 0.116176 0.302692 0.734078 0.974616 1.039433 1.064121 1.060254 0.937999 0.690756 0.662442 0.797410 1.031442 1.063171 1.042582 0.867837 0.618460 0.394358 0.213861 0.080462 0.026563 0.015256 0.014246 
0.015049 0.025030 0.058764 0.092823 0.101038 0.101067 0.104578 0.166671 0.511090 0.892066 1.017057 1.057949 1.063154 1.028724 0.790892 0.669521 0.700672 0.935747 1.055239 1.058024 0.981234 0.743148 0.503249 0.298659 0.138074 0.042864 0.018335 0.014498 
0.014636 0.017682 0.040135 0.077997 0.098977 0.101052 0.101952 0.120979 0.306782 0.717953 0.975586 1.046425 1.061853 1.054547 0.930929 0.700478 0.677309 0.796613 1.024181 1.057328 1.038827 0.872981 0.623199 0.396541 0.212866 0.076528 0.025427 0.015458 
0.014842 0.015398 0.024937 0.059066 0.092701 0.100309 0.101502 0.106934 0.172186 0.507422 0.880456 1.024858 1.057996 1.060026 1.019718 0.792689 0.683101 0.708515 0.930557 1.049041 1.052703 0.982501 0.748090 0.506979 0.299331 0.134513 0.040695 0.018155 
0.015670 0.014981 0.017922 0.040120 0.078248 0.098108 0.100905 0.103159 0.124605 0.309488 0.704468 0.980473 1.049204 1.059519 1.049949 0.923524 0.710498 0.689455 0.798134 1.016639 1.051787 1.035152 0.877884 0.627535 0.398972 0.211568 0.072637 0.024619 
0.018079 0.015153 0.015716 0.024990 0.059184 0.092245 0.099857 0.101818 0.109083 0.176187 0.503826 0.874660 1.029442 1.056940 1.057126 1.010972 0.795644 0.694715 0.716624 0.925769 1.043000 1.047628 0.983653 0.752709 0.510530 0.300125 0.130681 0.038860 
0.024006 0.015885 0.015294 0.018175 0.040132 0.078085 0.097463 0.100837 0.104125 0.127676 0.310429 0.696902 0.983872 1.050019 1.057080 1.045588 0.917001 0.719947 0.700193 0.800531 1.009371 1.046471 1.031635 0.882460 0.631620 0.401356 0.210283 0.068785 
0.037232 0.018063 0.015441 0.016014 0.025129 0.059108 0.091675 0.099572 0.102081 0.110835 0.179251 0.501044 0.872160 1.031717 1.055315 1.054207 1.003053 0.798781 0.705131 0.725277 0.920760 1.037196 1.042762 0.984693 0.757040 0.513916 0.300921 0.126845 
0.065071 0.023510 0.016097 0.015585 0.018436 0.040150 0.077665 0.096970 0.100827 0.104897 0.130127 0.310863 0.693102 0.985928 1.049415 1.055038 1.041142 0.911541 0.728544 0.710168 0.803620 1.002022 1.041371 1.028245 0.886740 0.635478 0.403652 0.209018 
0.123105 0.035754 0.018078 0.015713 0.016297 0.025317 0.058908 0.091043 0.099354 0.102353 0.112222 0.181619 0.499386 0.871423 1.032138 1.053632 1.051564 0.995742 0.801762 0.714762 0.733531 0.916347 1.031534 1.038089 0.985619 0.761109 0.517135 0.301686 
0.207302 0.062011 0.023088 0.016304 0.015859 0.018698 0.040168 0.077096 0.096526 0.100853 0.105570 0.132038 0.311347 0.691731 0.986586 1.048259 1.053115 1.037091 0.906547 0.736512 0.719454 0.806779 0.995153 1.036450 1.024972 0.890743 0.639122 0.405845 
0.302232 0.119569 0.034515 0.018111 0.015970 0.016569 0.025527 0.058632 0.090346 0.099182 0.102622 0.113366 0.183483 0.498818 0.871288 1.031626 1.051901 1.049109 0.989067 0.804539 0.723719 0.741285 0.912473 1.026126 1.033581 0.986440 0.764932 0.520191 
0.407863 0.204919 0.059880 0.022748 0.016505 0.016120 0.018958 0.040181 0.076418 0.096113 0.100902 0.106168 0.133581 0.312121 0.691527 0.986473 1.046832 1.051203 1.033401 0.901998 0.743924 0.728110 0.809873 0.988835 1.031717 1.021795 0.894494 0.642561 
0.523058 0.302422 0.116314 0.033591 0.018162 0.016216 0.016829 0.025750 0.058300 0.089598 0.099047 0.102877 0.114338 0.185069 0.499033 0.871336 1.030650 1.050110 1.046752 0.983008 0.807155 0.732064 0.748551 0.909074 1.020996 1.029237 0.987156 0.768528 
0.645793 0.409636 0.202470 0.058129 0.022506 0.016703 0.016369 0.019213 0.040186 0.075655 0.095727 0.100962 0.106700 0.134886 0.313196 0.691894 0.985956 1.045245 1.049271 1.029977 0.897918 0.750836 0.736185 0.812869 0.983040 1.027177 1.018716 0.898005 
0.773248 0.525708 0.302429 0.113309 0.032863 0.018237 0.016453 0.017080 0.025976 0.057921 0.088816 0.098936 0.103113 0.115181 0.186510 0.499785 0.871440 1.029416 1.048264 1.044447 0.977509 0.809655 0.739848 0.755356 0.906091 1.016142 1.025062 0.986424 
0.901119 0.649478 0.411036 0.200071 0.056631 0.022339 0.016899 0.016610 0.019461 0.040180 0.074831 0.095361 0.101025 0.107175 0.136030 0.314523 0.692576 0.985210 1.043552 1.047310 1.026759 0.894299 0.757300 0.743725 0.815759 0.977729 1.022832 1.015402 
0.984974 0.778182 0.528607 0.302119 0.110553 0.032272 0.018331 0.016682 0.017323 0.026202 0.057505 0.088012 0.098840 0.103331 0.115926 0.187867 0.500916 0.871564 1.028027 1.046371 1.042172 0.972516 0.812068 0.747119 0.761734 0.903477 1.011556 1.020974 
1.011974 0.903775 0.653395 0.412477 0.197595 0.055328 0.022229 0.017094 0.016842 0.019702 0.040160 0.073965 0.095010 0.101085 0.107602 0.137060 0.316046 0.693455 0.984326 1.041785 1.045321 1.023709 0.891116 0.763356 0.750773 0.818541 0.972880 1.018620 
