0.287941 0.393344 0.472632 0.587882 0.734653 0.885953 0.987229 0.985014 0.841234 1.173795 1.506922 1.333356 1.273162 1.267597 1.269064 0.764777 0.191787 0.130143 0.063793 0.018451 0.002837 0.000155 0.000154 0.002828 0.018428 0.063633 0.129071 0.188928 
0.237636 0.340642 0.431757 0.526317 0.660702 0.810303 0.955503 0.986675 0.912570 0.965873 1.382000 1.435188 1.289602 1.268988 1.268330 1.088544 0.422069 0.153848 0.096968 0.036732 0.007411 0.000825 0.000154 0.000822 0.007396 0.036751 0.096352 0.154803 
0.193698 0.289139 0.387255 0.474059 0.591607 0.735502 0.893810 0.978882 0.949622 0.925896 1.173965 1.421891 1.367548 1.274306 1.268659 1.223219 0.777415 0.235123 0.118718 0.066651 0.016387 0.002640 0.000322 0.000321 0.002633 0.016379 0.066440 0.122674 
0.155134 0.241084 0.338197 0.428228 0.529540 0.661753 0.814656 0.956135 0.967910 0.934102 1.018922 1.328937 1.406375 1.310683 1.271482 1.255888 1.056744 0.467584 0.160836 0.086176 0.038448 0.006656 0.000901 0.000321 0.000899 0.006647 0.037816 0.092708 
0.120980 0.196714 0.289641 0.382688 0.475021 0.593060 0.738205 0.901565 0.964966 0.951006 0.955307 1.175775 1.387015 1.368329 1.285181 1.263685 1.202203 0.786023 0.259230 0.114173 0.058945 0.018025 0.002485 0.000466 0.000466 0.002480 0.016807 0.064320 
0.090266 0.156698 0.243162 0.336164 0.425731 0.530653 0.663356 0.824454 0.949116 0.957986 0.952081 1.039057 1.308954 1.382344 1.327458 1.274433 1.242940 1.044591 0.493041 0.164245 0.079656 0.035466 0.006875 0.000971 0.000466 0.000969 0.006566 0.037063 
0.062011 0.120978 0.199113 0.289663 0.379457 0.474719 0.593455 0.743905 0.904705 0.955768 0.955033 0.973825 1.177402 1.363996 1.361762 1.300713 1.259932 1.185480 0.788173 0.280846 0.111377 0.052511 0.017123 0.002573 0.000592 0.000592 0.002494 0.016563 
0.035434 0.089098 0.158493 0.244388 0.333971 0.424154 0.530122 0.667386 0.831639 0.943002 0.955401 0.959731 1.054864 1.296146 1.363438 1.338310 1.281998 1.232012 1.031629 0.513461 0.168460 0.074586 0.031096 0.006706 0.001088 0.000592 0.001067 0.006487 
0.015607 0.060300 0.121733 0.200979 0.289105 0.377089 0.473226 0.595381 0.749513 0.904753 0.951219 0.957566 0.984597 1.182466 1.346615 1.357156 1.310911 1.262463 1.169420 0.787221 0.299659 0.108927 0.047405 0.014869 0.002616 0.000716 0.000711 0.002541 
0.006265 0.033541 0.088790 0.160246 0.245042 0.332096 0.421906 0.530306 0.672308 0.834921 0.938015 0.954392 0.965911 1.065556 1.286639 1.354520 1.340089 1.292261 1.227572 1.016005 0.530177 0.171990 0.070476 0.026510 0.006155 0.001192 0.000712 0.001168 
0.002557 0.014359 0.059052 0.122851 0.202362 0.288224 0.374677 0.471906 0.598731 0.753615 0.902701 0.948251 0.959319 0.993701 1.184038 1.337550 1.350913 1.320653 1.268002 1.158508 0.780928 0.315734 0.106846 0.042590 0.012484 0.002553 0.000832 0.000826 
0.001259 0.005940 0.031681 0.088987 0.161813 0.245219 0.330104 0.419592 0.531811 0.676173 0.836131 0.934096 0.953785 0.970682 1.073673 1.281245 1.347572 1.342364 1.300909 1.227466 1.000493 0.542404 0.175131 0.066181 0.022493 0.005466 0.001264 0.000828 
0.000935 0.002537 0.013545 0.057666 0.124077 0.203331 0.287086 0.372006 0.471684 0.602042 0.756152 0.900186 0.946402 0.960470 1.000654 1.186626 1.330990 1.346270 1.329515 1.273368 1.152362 0.771967 0.328744 0.104340 0.037672 0.010773 0.002423 0.000937 
0.000936 0.001336 0.005689 0.030057 0.089266 0.163142 0.245063 0.327702 0.418010 0.533894 0.679097 0.835879 0.931331 0.953436 0.974033 1.080439 1.278234 1.342450 1.342081 1.311290 1.229080 0.987316 0.550355 0.177806 0.061064 0.019585 0.004882 0.001309 
0.001029 0.001036 0.002524 0.012870 0.056519 0.125198 0.204013 0.285424 0.369659 0.472287 0.605048 0.757488 0.897676 0.945146 0.961348 1.007661 1.188007 1.326396 1.342358 1.334291 1.283039 1.142265 0.768836 0.338646 0.100619 0.033631 0.009452 0.002295 
0.001345 0.001031 0.001409 0.005483 0.028696 0.089592 0.164281 0.244365 0.325242 0.417206 0.536208 0.681268 0.834769 0.929228 0.953247 0.976977 1.086869 1.275755 1.338368 1.340341 1.319462 1.235033 0.974130 0.553741 0.182606 0.056423 0.017286 0.004401 
0.002188 0.001109 0.001125 0.002522 0.012304 0.055611 0.126262 0.204224 0.283418 0.367844 0.473450 0.607683 0.758019 0.895182 0.944240 0.962182 1.014245 1.189269 1.322221 1.339848 1.335121 1.293135 1.136023 0.763936 0.347171 0.097753 0.030291 0.008386 
0.004007 0.001379 0.001113 0.001479 0.005317 0.027572 0.090023 0.165089 0.243167 0.322984 0.417069 0.538553 0.682851 0.833127 0.927490 0.953211 0.979683 1.092895 1.273216 1.335441 1.338666 1.323443 1.243360 0.962797 0.555553 0.187232 0.052633 0.015412 
0.007515 0.002102 0.001180 0.001205 0.002530 0.011840 0.054977 0.127179 0.203910 0.281292 0.366601 0.474959 0.609955 0.757989 0.892663 0.943472 0.963138 1.020367 1.190040 1.319079 1.337860 1.334860 1.299617 1.133963 0.759175 0.354137 0.095588 0.027568 
0.013882 0.003686 0.001410 0.001186 0.001542 0.005188 0.026711 0.090512 0.165464 0.241610 0.321065 0.417451 0.540827 0.683972 0.831128 0.925853 0.953305 0.982362 1.098301 1.271073 1.333165 1.337110 1.325300 1.249392 0.955786 0.556656 0.191237 0.049586 
0.025357 0.006804 0.002035 0.001242 0.001275 0.002543 0.011481 0.054624 0.127839 0.203123 0.279221 0.365884 0.476668 0.611898 0.757550 0.890022 0.942810 0.964201 1.025999 1.190761 1.316655 1.336124 1.334157 1.303370 1.133503 0.756221 0.359468 0.093925 
0.047137 0.012635 0.003426 0.001440 0.001250 0.001600 0.005094 0.026135 0.090972 0.165379 0.239852 0.319538 0.418220 0.542980 0.684724 0.828796 0.924265 0.953506 0.984999 1.103234 1.269436 1.331257 1.335632 1.325969 1.253207 0.951990 0.557845 0.194245 
0.092539 0.023562 0.006225 0.001984 0.001298 0.001338 0.002561 0.011228 0.054513 0.128168 0.201964 0.277320 0.365619 0.478477 0.613561 0.756760 0.887229 0.942259 0.965316 1.031215 1.191655 1.314708 1.334538 1.333216 1.305363 1.133676 0.754917 0.363553 
0.196370 0.045141 0.011619 0.003216 0.001469 0.001308 0.001654 0.005034 0.025830 0.091323 0.164871 0.238024 0.318400 0.419270 0.545005 0.685160 0.826137 0.922737 0.953787 0.987555 1.107855 1.268279 1.329581 1.334208 1.325922 1.255477 0.950295 0.559235 
0.366728 0.091329 0.022100 0.005753 0.001947 0.001348 0.001394 0.002585 0.011078 0.054582 0.128097 0.200594 0.275650 0.365727 0.480335 0.614980 0.755649 0.884297 0.941804 0.966450 1.036093 1.192794 1.313098 1.333051 1.332136 1.306240 1.134158 0.754765 
0.560746 0.197831 0.043494 0.010792 0.003048 0.001498 0.001360 0.001703 0.005006 0.025764 0.091339 0.164153 0.236244 0.317622 0.420526 0.546904 0.685314 0.823180 0.921266 0.954127 0.990022 1.112267 1.267546 1.328063 1.332822 1.325434 1.256745 0.949945 
0.755346 0.369223 0.090254 0.020903 0.005371 0.001920 0.001394 0.001446 0.002615 0.011021 0.054639 0.127746 0.199128 0.274242 0.366140 0.482211 0.616109 0.754315 0.881240 0.941425 0.967588 1.040709 1.194187 1.311744 1.331632 1.330975 1.306414 1.134823 
0.950452 0.562284 0.198811 0.042124 0.010117 0.002914 0.001526 0.001407 0.001751 0.005009 0.025793 0.091193 0.163186 0.234587 0.317169 0.421947 0.548622 0.685212 0.820007 0.919838 0.954506 0.992409 1.116543 1.267178 1.326660 1.331468 1.324671 1.257376 
