0.045229 0.147273 0.276483 0.436552 1.178710 1.881877 1.987948 1.990297 1.882563 1.716354 0.977133 0.288164 0.167182 0.081082 0.033211 0.011520 0.003329 0.000844 0.000239 0.000379 0.002040 0.007072 0.014342 0.022019 0.027107 0.027107 0.022019 0.013351 
0.021320 0.088069 0.208021 0.336509 0.754878 1.596545 1.960843 1.989710 1.957206 1.820234 1.397593 0.570492 0.212551 0.119772 0.051806 0.018991 0.005998 0.001617 0.000391 0.000274 0.000830 0.004062 0.010656 0.018180 0.025523 0.027107 0.025647 0.016601 
0.017781 0.040881 0.146978 0.256204 0.473224 1.189230 1.862552 1.982493 1.981584 1.914837 1.678059 0.970140 0.325231 0.154564 0.082396 0.030443 0.010342 0.003019 0.000726 0.000303 0.000413 0.001776 0.007227 0.014418 0.022396 0.026711 0.026742 0.020759 
0.018526 0.023556 0.086051 0.188117 0.337586 0.795981 1.585406 1.952508 1.982266 1.964670 1.838956 1.353395 0.601862 0.215273 0.109459 0.052423 0.017198 0.005423 0.001405 0.000409 0.000331 0.000781 0.003944 0.010724 0.018407 0.025543 0.026734 0.024495 
0.020950 0.019783 0.043303 0.131159 0.244168 0.505473 1.197596 1.853293 1.974826 1.977867 1.928842 1.658688 0.977628 0.341079 0.149139 0.074844 0.030625 0.009371 0.002658 0.000678 0.000350 0.000444 0.001685 0.007164 0.014566 0.022638 0.026436 0.026174 
0.023789 0.020075 0.025663 0.078984 0.173537 0.337747 0.830345 1.581577 1.943683 1.977107 1.965611 1.849048 1.335752 0.622206 0.215698 0.102704 0.048761 0.016362 0.004832 0.001255 0.000432 0.000374 0.000777 0.003809 0.010781 0.018661 0.025487 0.026371 
0.025544 0.021468 0.021472 0.041902 0.117554 0.235116 0.531194 1.209338 1.844800 1.968751 1.974233 1.933596 1.652452 0.978979 0.358007 0.144439 0.068990 0.028701 0.008609 0.002355 0.000653 0.000388 0.000475 0.001636 0.007068 0.014721 0.022838 0.026150 
0.025998 0.023354 0.021469 0.026581 0.070140 0.161639 0.338526 0.859518 1.580850 1.936393 1.972862 1.964074 1.853151 1.329614 0.637701 0.216693 0.097283 0.044438 0.015195 0.004344 0.001144 0.000454 0.000410 0.000786 0.003686 0.010837 0.018966 0.025322 
0.025829 0.025007 0.022081 0.022747 0.038748 0.104669 0.227972 0.553077 1.221465 1.838390 1.963745 1.970665 1.934146 1.650141 0.983658 0.370561 0.140347 0.064255 0.025924 0.007856 0.002116 0.000638 0.000421 0.000504 0.001605 0.006970 0.014901 0.022991 
0.025120 0.025624 0.023338 0.022247 0.026913 0.060296 0.150907 0.340074 0.884999 1.582137 1.930676 1.968935 1.961535 1.854015 1.329209 0.651352 0.216923 0.092789 0.040095 0.013808 0.003921 0.001062 0.000475 0.000442 0.000800 0.003572 0.010916 0.019248 
0.023099 0.025498 0.024754 0.022520 0.023414 0.036426 0.091295 0.220852 0.572686 1.233575 1.833976 1.959370 1.967085 1.932805 1.649464 0.990280 0.380439 0.136997 0.059840 0.022852 0.007108 0.001923 0.000630 0.000450 0.000531 0.001583 0.006895 0.015082 
0.019514 0.024898 0.025312 0.023451 0.022744 0.026890 0.053396 0.137401 0.346547 0.903130 1.585039 1.926093 1.965156 1.958515 1.853400 1.331434 0.663823 0.217146 0.088376 0.036035 0.012340 0.003543 0.000999 0.000495 0.000470 0.000815 0.003478 0.010988 
0.015251 0.023168 0.025208 0.024558 0.022920 0.023780 0.034553 0.081023 0.210689 0.591887 1.244085 1.831039 1.955391 1.963496 1.930576 1.649590 0.997628 0.389226 0.133654 0.055044 0.020463 0.006378 0.001760 0.000627 0.000477 0.000556 0.001566 0.006834 
0.011042 0.019752 0.024698 0.025046 0.023577 0.023135 0.026689 0.048864 0.125057 0.352179 0.917986 1.587998 1.922276 1.961470 1.955266 1.852099 1.334858 0.675825 0.217199 0.083342 0.032629 0.011053 0.003198 0.000948 0.000514 0.000497 0.000829 0.003400 
0.006776 0.015397 0.023227 0.024959 0.024422 0.023246 0.024024 0.033121 0.073456 0.200886 0.608111 1.253174 1.828908 1.951671 1.959919 1.927923 1.650066 1.005341 0.397597 0.129484 0.050701 0.018411 0.005724 0.001619 0.000627 0.000501 0.000580 0.001555 
0.003331 0.011086 0.019957 0.024526 0.024825 0.023699 0.023440 0.026492 0.045479 0.115398 0.355723 0.930643 1.590983 1.918919 1.957857 1.951920 1.850460 1.338830 0.687907 0.216208 0.078470 0.029656 0.009922 0.002893 0.000907 0.000533 0.000521 0.000843 
0.001546 0.006722 0.015522 0.023276 0.024750 0.024327 0.023505 0.024203 0.032002 0.067705 0.192959 0.620722 1.261372 1.827200 1.948122 1.956373 1.925071 1.650645 1.013368 0.405127 0.125108 0.046792 0.016613 0.005147 0.001497 0.000629 0.000524 0.000601 
0.000857 0.003270 0.011122 0.020130 0.024381 0.024641 0.023813 0.023680 0.026328 0.042878 0.107944 0.358073 0.941047 1.594137 1.915829 1.954310 1.948547 1.848639 1.343060 0.699593 0.214691 0.073916 0.027024 0.008926 0.002626 0.000872 0.000550 0.000543 
0.000622 0.001539 0.006673 0.015689 0.023254 0.024576 0.024261 0.023713 0.024342 0.031127 0.063282 0.186743 0.630455 1.268805 1.825786 1.944690 1.952869 1.922129 1.651306 1.021327 0.411903 0.120833 0.043272 0.015026 0.004640 0.001391 0.000632 0.000545 
0.000564 0.000870 0.003208 0.011181 0.020268 0.024246 0.024487 0.023918 0.023870 0.026195 0.040862 0.102186 0.359671 0.949630 1.597363 1.912919 1.950824 1.945184 1.846739 1.347358 0.710635 0.212991 0.069723 0.024684 0.008049 0.002393 0.000844 0.000567 
0.000565 0.000640 0.001531 0.006643 0.015866 0.023191 0.024426 0.024215 0.023882 0.024451 0.030443 0.059860 0.181888 0.638055 1.275574 1.824554 1.941348 1.949414 1.919163 1.652027 1.028996 0.418039 0.116800 0.040102 0.013621 0.004195 0.001301 0.000637 
0.000583 0.000584 0.000882 0.003157 0.011255 0.020372 0.024118 0.024362 0.024007 0.024024 0.026092 0.039295 0.097721 0.360789 0.956815 1.600555 1.910133 1.947398 1.941852 1.844816 1.351607 0.720948 0.211284 0.065897 0.022598 0.007275 0.002190 0.000821 
0.000642 0.000583 0.000658 0.001525 0.006635 0.016017 0.023120 0.024301 0.024184 0.024011 0.024546 0.029909 0.057203 0.178094 0.644101 1.281758 1.823422 1.938082 1.946011 1.916206 1.652785 1.036278 0.423631 0.113069 0.037254 0.012377 0.003804 0.001223 
0.000802 0.000598 0.000602 0.000894 0.003124 0.011326 0.020446 0.024006 0.024264 0.024076 0.024145 0.026020 0.038073 0.094249 0.361614 0.962930 1.603632 1.907434 1.944029 1.938560 1.842899 1.355739 0.729472 0.210723 0.062427 0.020739 0.006592 0.002013 
0.001156 0.000649 0.000599 0.000676 0.001525 0.006643 0.016136 0.023051 0.024200 0.024170 0.024093 0.024631 0.029502 0.055131 0.175134 0.649025 1.287418 1.822335 1.934880 1.942662 1.913278 1.653688 1.042605 0.428888 0.109923 0.034698 0.011274 0.003460 
0.001859 0.000788 0.000611 0.000618 0.000907 0.003109 0.011389 0.020493 0.023913 0.024192 0.024124 0.024228 0.025983 0.037127 0.091539 0.362281 0.968222 1.606540 1.904799 1.940716 1.935316 1.841034 1.359964 0.735747 0.211497 0.059360 0.019083 0.005990 
0.003159 0.001100 0.000655 0.000613 0.000692 0.001530 0.006662 0.016224 0.022988 0.024122 0.024158 0.024150 0.024692 0.029208 0.053516 0.172827 0.653147 1.292606 1.821254 1.931737 1.939366 1.910395 1.654956 1.047855 0.433629 0.107463 0.032426 0.010296 
0.005458 0.001726 0.000777 0.000624 0.000633 0.000921 0.003110 0.011443 0.020518 0.023830 0.024149 0.024154 0.024286 0.025957 0.036414 0.089421 0.362883 0.972877 1.609242 1.902209 1.937459 1.932123 1.839292 1.364324 0.740742 0.212527 0.056717 0.017613 
