0.007147 0.006096 0.505272 1.030442 1.066174 1.145209 1.278283 1.495278 1.183400 0.862109 1.011661 1.011661 0.889544 0.683400 0.467843 0.278283 0.145209 0.066174 0.026259 0.009456 0.006096 0.007413 0.014615 0.022042 0.027115 0.027110 0.022019 0.014341 
0.010047 0.006359 0.190038 0.824571 1.048308 1.097990 1.201256 1.413905 1.379500 0.982593 0.936885 1.011661 0.976371 0.787648 0.575621 0.369814 0.204685 0.098936 0.040538 0.014496 0.006936 0.006425 0.010415 0.018329 0.025507 0.027114 0.025523 0.018180 
0.014019 0.007281 0.052279 0.497290 0.979953 1.073149 1.136227 1.333397 1.405304 1.183872 0.948312 0.974273 1.002838 0.899690 0.681635 0.471940 0.282165 0.144388 0.063029 0.022897 0.008954 0.006553 0.007431 0.014372 0.022506 0.026712 0.026716 0.022470 
0.018245 0.009594 0.018530 0.225700 0.775656 1.038201 1.100568 1.232605 1.387327 1.324033 1.036647 0.957722 0.992126 0.977051 0.792133 0.575742 0.374562 0.206777 0.096520 0.036416 0.013040 0.007153 0.006772 0.010104 0.018439 0.025625 0.026715 0.025650 
0.022762 0.012838 0.011828 0.072557 0.486834 0.956973 1.069384 1.162838 1.329306 1.371504 1.184248 0.977453 0.974924 0.988358 0.907872 0.683938 0.473251 0.286495 0.144457 0.058530 0.020355 0.008720 0.006868 0.007605 0.014062 0.022801 0.026442 0.026449 
0.025527 0.017131 0.012080 0.027010 0.236111 0.752568 1.027230 1.109354 1.256331 1.360954 1.303725 1.055634 0.975556 0.981641 0.968236 0.803775 0.576938 0.376882 0.209886 0.093282 0.032808 0.012092 0.007331 0.007052 0.009926 0.018614 0.025531 0.026447 
0.026217 0.022148 0.013556 0.015813 0.083018 0.482057 0.933925 1.070451 1.182843 1.327015 1.346647 1.185391 0.995576 0.978599 0.978290 0.911009 0.690357 0.473563 0.289252 0.145285 0.053648 0.018461 0.008591 0.007122 0.007770 0.013902 0.022929 0.026218 
0.026218 0.025200 0.016835 0.014120 0.033178 0.242855 0.730343 1.019254 1.125691 1.268042 1.341739 1.289746 1.071001 0.982920 0.978444 0.961392 0.811444 0.581477 0.377347 0.212225 0.090268 0.029726 0.011425 0.007489 0.007284 0.009870 0.018722 0.025396 
0.026012 0.025963 0.021442 0.014799 0.018885 0.090362 0.478082 0.909125 1.081288 1.196867 1.322685 1.328741 1.189396 1.006059 0.980682 0.973062 0.910901 0.696461 0.476182 0.289910 0.145742 0.049436 0.016985 0.008524 0.007335 0.007930 0.013836 0.022960 
0.025249 0.026000 0.024521 0.017290 0.015820 0.037776 0.248211 0.704443 1.016727 1.144870 1.273989 1.327227 1.281985 1.081155 0.988931 0.976872 0.955617 0.815676 0.586322 0.378795 0.212563 0.087681 0.027213 0.010937 0.007632 0.007484 0.009892 0.018775 
0.022935 0.025812 0.025630 0.020903 0.016188 0.021309 0.095873 0.471907 0.885578 1.096695 1.212260 1.313917 1.315916 1.193315 1.015002 0.982544 0.968902 0.909002 0.700999 0.479830 0.290517 0.144460 0.046399 0.015832 0.008496 0.007521 0.008086 0.013825 
0.018799 0.025093 0.025767 0.023812 0.017954 0.017468 0.041231 0.250822 0.678743 1.016456 1.166421 1.277034 1.315417 1.276905 1.089984 0.994069 0.975723 0.950516 0.817671 0.590414 0.381192 0.212082 0.084814 0.025308 0.010573 0.007765 0.007662 0.009958 
0.013847 0.022883 0.025598 0.025278 0.020516 0.017590 0.023409 0.099569 0.463690 0.863598 1.110184 1.230878 1.305821 1.305789 1.197182 1.023248 0.983460 0.966270 0.906199 0.704043 0.483549 0.291623 0.142186 0.043868 0.014959 0.008492 0.007688 0.008236 
0.010049 0.018816 0.024919 0.025518 0.023412 0.018458 0.019045 0.043904 0.250681 0.663644 1.006706 1.185618 1.283436 1.305813 1.273219 1.098420 0.997705 0.974865 0.946955 0.817665 0.593796 0.384015 0.211593 0.081574 0.023803 0.010310 0.007889 0.007825 
0.008381 0.013893 0.022814 0.025369 0.024992 0.020408 0.018604 0.025406 0.101887 0.457163 0.843913 1.116681 1.251297 1.300219 1.297665 1.199521 1.031922 0.984064 0.964399 0.903316 0.705730 0.487144 0.293134 0.139474 0.041619 0.014289 0.008510 0.007841 
0.007976 0.010157 0.018830 0.024730 0.025274 0.023057 0.019055 0.020305 0.046227 0.250301 0.650538 0.994986 1.205412 1.287988 1.299580 1.268904 1.106736 1.000945 0.974231 0.944212 0.816576 0.596437 0.387067 0.211260 0.078171 0.022566 0.010122 0.008008 
0.007984 0.008521 0.013954 0.022728 0.025138 0.024666 0.020556 0.019368 0.027098 0.104715 0.450420 0.829736 1.122611 1.264446 1.296682 1.291911 1.200422 1.040248 0.984662 0.962974 0.900406 0.706507 0.490406 0.294968 0.136641 0.039578 0.013762 0.008545 
0.008124 0.008118 0.010275 0.018835 0.024536 0.025020 0.022790 0.019665 0.021300 0.048434 0.249557 0.640078 0.988129 1.220929 1.288623 1.295489 1.264996 1.114210 1.003981 0.973818 0.941910 0.814827 0.598456 0.390104 0.211166 0.074773 0.021520 0.009989 
0.008592 0.008120 0.008658 0.014025 0.022634 0.024899 0.024296 0.020837 0.020074 0.028493 0.106964 0.444817 0.819412 1.131112 1.269983 1.293773 1.287866 1.200827 1.047788 0.985347 0.961853 0.897438 0.706642 0.493278 0.296958 0.133915 0.037716 0.013338 
0.009897 0.008238 0.008254 0.010399 0.018839 0.024333 0.024748 0.022606 0.020264 0.022178 0.050215 0.248684 0.632115 0.987368 1.229318 1.287825 1.292296 1.262000 1.120788 1.006831 0.973600 0.939875 0.812607 0.599960 0.392988 0.211277 0.071530 0.020619 
0.012992 0.008653 0.008242 0.008795 0.014101 0.022537 0.024644 0.023970 0.021142 0.020743 0.029666 0.108530 0.440399 0.813264 1.138123 1.272081 1.291179 1.284722 1.201471 1.054465 0.986123 0.960953 0.894391 0.706283 0.495765 0.298975 0.131417 0.036027 
0.019836 0.009840 0.008345 0.008380 0.010531 0.018847 0.024117 0.024476 0.022487 0.020843 0.022974 0.051613 0.247573 0.626832 0.988812 1.233817 1.286404 1.289564 1.259858 1.126678 1.009501 0.973538 0.938020 0.810011 0.601024 0.395654 0.211542 0.068537 
0.034510 0.012713 0.008718 0.008353 0.008927 0.014187 0.022432 0.024386 0.023730 0.021417 0.021375 0.030666 0.109345 0.437202 0.809981 1.143415 1.272467 1.288774 1.282138 1.202489 1.060433 0.987024 0.960163 0.891259 0.705518 0.497887 0.300940 0.129201 
0.065837 0.019161 0.009808 0.008445 0.008497 0.010670 0.018852 0.023898 0.024222 0.022420 0.021386 0.023698 0.052659 0.246346 0.623592 0.991033 1.236127 1.284698 1.287115 1.258411 1.131461 1.012687 0.973594 0.936222 0.807116 0.601702 0.398078 0.211920 
0.127278 0.033168 0.012487 0.008786 0.008458 0.009053 0.014281 0.022316 0.024141 0.023546 0.021677 0.021964 0.031516 0.109587 0.434969 0.808538 1.147368 1.271951 1.286511 1.279939 1.203629 1.065978 0.988254 0.959364 0.888003 0.704409 0.499666 0.302816 
0.212383 0.063451 0.018583 0.009793 0.008540 0.008607 0.010812 0.018847 0.023685 0.023992 0.022463 0.021749 0.024424 0.053422 0.245099 0.621753 0.993503 1.237165 1.282871 1.284868 1.257348 1.134804 1.017132 0.973809 0.934302 0.803959 0.602038 0.400254 
0.304579 0.125649 0.031997 0.012304 0.008853 0.008556 0.009175 0.014376 0.022193 0.023915 0.023406 0.021927 0.022418 0.032342 0.109429 0.433426 0.808241 1.150376 1.270945 1.284369 1.277988 1.204514 1.071481 0.990055 0.958517 0.884493 0.702998 0.501129 
0.402189 0.212912 0.061380 0.018090 0.009790 0.008631 0.008711 0.010953 0.018831 0.023485 0.023788 0.022540 0.022050 0.025021 0.054095 0.243847 0.620834 0.996018 1.237447 1.281013 1.282773 1.256285 1.137997 1.022023 0.974286 0.932126 0.800474 0.602064 
