0.007070 0.002048 0.000314 0.000017 0.000017 0.000314 0.002048 0.007070 0.014341 0.020992 0.528134 1.027107 1.022019 1.014341 1.007070 1.002622 0.499740 0.000017 0.000017 0.000314 0.002048 0.007070 0.014341 0.022019 0.027107 0.027107 0.022019 0.014341 
0.010655 0.004083 0.000822 0.000091 0.000017 0.000091 0.000822 0.004083 0.010706 0.016913 0.212833 0.841013 1.025523 1.018180 1.010655 1.005049 0.812929 0.187018 0.000017 0.000091 0.000822 0.004083 0.010655 0.018180 0.025523 0.027107 0.025523 0.018180 
0.014418 0.007244 0.001820 0.000293 0.000036 0.000036 0.000293 0.001820 0.007382 0.013085 0.067445 0.529776 0.979396 1.022792 1.014418 1.008313 0.955618 0.498694 0.046767 0.000036 0.000293 0.001820 0.007244 0.014418 0.022396 0.026711 0.026711 0.022396 
0.018407 0.010730 0.004017 0.000739 0.000100 0.000036 0.000100 0.000739 0.004270 0.009521 0.028101 0.254409 0.801528 1.011943 1.019652 1.011845 0.993613 0.771098 0.227298 0.011719 0.000100 0.000739 0.004017 0.010730 0.018407 0.025551 0.026711 0.025551 
0.022648 0.014568 0.007234 0.001718 0.000276 0.000052 0.000052 0.000276 0.002008 0.006239 0.015479 0.089323 0.531942 0.957412 1.017725 1.017700 1.005335 0.933426 0.497464 0.068518 0.003005 0.000260 0.001718 0.007234 0.014568 0.022648 0.026421 0.026421 
0.025478 0.018675 0.010808 0.003919 0.000692 0.000108 0.000052 0.000108 0.000765 0.003498 0.009607 0.036250 0.273766 0.784926 1.002646 1.017718 1.014603 0.984266 0.751963 0.244874 0.020069 0.000946 0.000624 0.003923 0.010808 0.018675 0.025478 0.026421 
0.026185 0.022824 0.014742 0.007187 0.001645 0.000268 0.000066 0.000066 0.000286 0.001612 0.005709 0.017795 0.102289 0.534295 0.944448 1.013950 1.016939 1.006240 0.918607 0.496544 0.081051 0.005807 0.000705 0.001449 0.007207 0.014742 0.022824 0.026185 
0.026185 0.025345 0.018953 0.010898 0.003816 0.000663 0.000116 0.000066 0.000121 0.000673 0.002968 0.009755 0.041940 0.285415 0.775997 0.995828 1.016192 1.014264 0.981656 0.738425 0.254851 0.025894 0.001980 0.000891 0.003572 0.010906 0.018953 0.025345 
0.025975 0.025975 0.022946 0.014926 0.007139 0.001588 0.000265 0.000078 0.000079 0.000272 0.001384 0.005239 0.019498 0.110855 0.536617 0.935779 1.011101 1.015710 1.005630 0.912335 0.493430 0.089111 0.008231 0.001163 0.001561 0.006904 0.014929 0.022945 
0.025218 0.025975 0.025218 0.019181 0.011003 0.003720 0.000643 0.000125 0.000079 0.000128 0.000599 0.002626 0.009767 0.045902 0.293355 0.770588 0.991118 1.014558 1.013190 0.979787 0.731922 0.259128 0.030218 0.002930 0.001263 0.003329 0.010917 0.019183 
0.023044 0.025786 0.025786 0.023032 0.015092 0.007109 0.001542 0.000266 0.000090 0.000091 0.000258 0.001223 0.004918 0.020586 0.119008 0.536493 0.930126 1.008698 1.014216 1.004498 0.906603 0.493653 0.094267 0.010169 0.001679 0.001779 0.006606 0.015050 
0.019417 0.025100 0.025786 0.025097 0.019372 0.011100 0.003646 0.000629 0.000134 0.000090 0.000133 0.000541 0.002388 0.009759 0.049108 0.300170 0.765852 0.987675 1.012837 1.011786 0.977594 0.727273 0.263366 0.033316 0.003802 0.001704 0.003162 0.010828 
0.015122 0.023161 0.025614 0.025614 0.023096 0.015236 0.007094 0.001507 0.000269 0.000101 0.000101 0.000246 0.001105 0.004693 0.021439 0.126267 0.535765 0.925929 1.006546 1.012574 1.002976 0.901874 0.494844 0.098207 0.011705 0.002229 0.002069 0.006286 
0.010654 0.019633 0.025001 0.025614 0.024984 0.019555 0.011165 0.003592 0.000620 0.000143 0.000101 0.000137 0.000496 0.002217 0.009776 0.051832 0.306036 0.761880 0.984885 1.011067 1.010174 0.975301 0.723962 0.267272 0.035699 0.004638 0.002109 0.003123 
0.006019 0.015143 0.023286 0.025461 0.025457 0.023161 0.015360 0.007073 0.001482 0.000273 0.000112 0.000110 0.000236 0.001016 0.004536 0.022180 0.132467 0.535187 0.922588 1.004522 1.010844 1.001233 0.897999 0.495617 0.102165 0.013035 0.002741 0.002362 
0.003277 0.010355 0.019811 0.024917 0.025460 0.024882 0.019722 0.011216 0.003544 0.000616 0.000152 0.000110 0.000142 0.000463 0.002091 0.009827 0.054163 0.311059 0.758745 0.982458 1.009263 1.008441 0.973022 0.721298 0.270876 0.037891 0.005409 0.002457 
0.002662 0.005839 0.015083 0.023411 0.025324 0.025315 0.023220 0.015469 0.007049 0.001464 0.000279 0.000121 0.000118 0.000230 0.000950 0.004433 0.022845 0.137734 0.534934 0.919828 1.002562 1.009058 0.999381 0.894608 0.496087 0.106201 0.014268 0.003195 
0.002795 0.003456 0.010100 0.019924 0.024846 0.025322 0.024789 0.019874 0.011259 0.003500 0.000614 0.000161 0.000119 0.000146 0.000438 0.002001 0.009906 0.056170 0.315406 0.756348 0.980254 1.007434 1.006639 0.970768 0.718969 0.274312 0.040019 0.006096 
0.003620 0.002960 0.005715 0.015012 0.023494 0.025203 0.025189 0.023275 0.015566 0.007024 0.001449 0.000285 0.000129 0.000126 0.000226 0.000901 0.004368 0.023449 0.142237 0.535877 0.916624 1.000639 1.007235 0.997472 0.891483 0.496641 0.110064 0.015403 
0.006731 0.003125 0.003649 0.009890 0.019988 0.024776 0.025199 0.024707 0.020010 0.011295 0.003460 0.000615 0.000169 0.000127 0.000151 0.000420 0.001937 0.010005 0.057916 0.319549 0.754452 0.977986 1.005586 1.004794 0.968534 0.716920 0.277663 0.042014 
0.016453 0.004027 0.003256 0.005638 0.015004 0.023473 0.025094 0.025076 0.023325 0.015653 0.006999 0.001438 0.000291 0.000137 0.000133 0.000224 0.000866 0.004333 0.024000 0.146347 0.537000 0.913682 0.998686 1.005388 0.995531 0.888569 0.497291 0.113752 
0.043884 0.007326 0.003449 0.003852 0.009746 0.020004 0.024688 0.025089 0.024634 0.020132 0.011326 0.003423 0.000616 0.000177 0.000134 0.000155 0.000407 0.001893 0.010117 0.059503 0.323429 0.752922 0.975759 1.003713 1.002924 0.966327 0.715099 0.280936 
0.117280 0.017435 0.004418 0.003550 0.005617 0.014986 0.023417 0.024989 0.024975 0.023370 0.015729 0.006976 0.001428 0.000298 0.000145 0.000139 0.000224 0.000842 0.004321 0.024519 0.150126 0.538175 0.911039 0.996724 1.003515 0.993577 0.885834 0.498018 
0.284133 0.045650 0.007889 0.003767 0.004067 0.009647 0.019980 0.024596 0.024986 0.024571 0.020243 0.011352 0.003390 0.000618 0.000184 0.000141 0.000160 0.000400 0.001866 0.010240 0.060970 0.327047 0.751692 0.973605 1.001818 1.001031 0.964157 0.713467 
0.498800 0.120665 0.018360 0.004797 0.003842 0.005640 0.014951 0.023345 0.024888 0.024882 0.023385 0.015827 0.006953 0.001420 0.000304 0.000151 0.000146 0.000225 0.000826 0.004326 0.025016 0.153610 0.539369 0.908676 0.994764 1.001621 0.991616 0.883260 
0.711999 0.287251 0.047327 0.008427 0.004081 0.004291 0.009582 0.019926 0.024502 0.024887 0.024506 0.020341 0.011390 0.003356 0.000621 0.000191 0.000147 0.000165 0.000395 0.001851 0.010374 0.062337 0.330419 0.750720 0.971528 0.999907 0.999120 0.962026 
0.880832 0.499625 0.123921 0.019239 0.005167 0.004133 0.005696 0.014903 0.023262 0.024791 0.024792 0.023370 0.015943 0.006938 0.001412 0.000309 0.000158 0.000152 0.000227 0.000817 0.004346 0.025495 0.156831 0.540569 0.906567 0.992812 0.999710 0.989649 
0.959930 0.710675 0.290292 0.048927 0.008944 0.004392 0.004524 0.009539 0.019851 0.024408 0.024791 0.024436 0.020427 0.011441 0.003325 0.000623 0.000197 0.000153 0.000171 0.000394 0.001846 0.010515 0.063617 0.333567 0.749975 0.969527 0.997986 0.997195 
