0.036641 0.076819 0.148028 0.276668 0.460797 0.669107 0.867138 0.989442 0.979603 1.377178 1.725528 1.499581 1.315097 1.176956 1.095972 0.527817 0.012408 0.003468 0.000844 0.000262 0.000510 0.002941 0.010183 0.020652 0.031708 0.039034 0.039034 0.030281 
0.031871 0.049419 0.105245 0.205412 0.365710 0.564952 0.769408 0.953044 0.984522 1.128694 1.601050 1.640798 1.402156 1.240234 1.139442 0.862668 0.201328 0.006358 0.001646 0.000408 0.000324 0.001180 0.005861 0.015344 0.026180 0.036753 0.039034 0.034658 
0.032717 0.036258 0.069198 0.147812 0.280693 0.464680 0.667180 0.878913 0.968783 1.028435 1.390977 1.630861 1.551307 1.311605 1.194796 1.045051 0.511547 0.056279 0.003134 0.000738 0.000345 0.000538 0.002564 0.010418 0.020762 0.032250 0.038464 0.037393 
0.034787 0.033603 0.045378 0.100130 0.207864 0.370372 0.564776 0.777046 0.935082 0.994930 1.179301 1.556237 1.610972 1.440770 1.242716 1.138642 0.807551 0.230511 0.017019 0.001435 0.000443 0.000393 0.001093 0.005705 0.015447 0.026506 0.036793 0.038196 
0.036788 0.033899 0.036546 0.062231 0.147150 0.285131 0.465341 0.670911 0.867636 0.965006 1.055985 1.400178 1.597288 1.550628 1.341743 1.191941 1.019207 0.500274 0.074288 0.005579 0.000704 0.000406 0.000568 0.002421 0.010346 0.020977 0.032681 0.037845 
0.037581 0.035079 0.034561 0.043630 0.093864 0.210862 0.372066 0.568126 0.770627 0.928492 0.999922 1.207802 1.541757 1.585623 1.460631 1.262323 1.127166 0.781424 0.239592 0.023975 0.001997 0.000480 0.000446 0.001072 0.005518 0.015527 0.027001 0.036554 
0.037324 0.036460 0.034690 0.036828 0.058455 0.144771 0.287107 0.469291 0.669376 0.857015 0.964207 1.079975 1.405558 1.574657 1.547916 1.361477 1.203745 0.988235 0.496683 0.083374 0.007871 0.000868 0.000455 0.000603 0.002340 0.010200 0.021264 0.032955 
0.036232 0.037108 0.035359 0.035225 0.042769 0.089228 0.210958 0.375961 0.569333 0.764751 0.919595 1.007620 1.231010 1.530805 1.567971 1.471316 1.286245 1.122929 0.750025 0.247460 0.028497 0.002722 0.000558 0.000492 0.001074 0.005321 0.015654 0.027479 
0.033115 0.036889 0.036267 0.035258 0.037111 0.056270 0.141083 0.289913 0.472392 0.667042 0.847245 0.960956 1.103847 1.409090 1.558680 1.542777 1.378780 1.222282 0.958469 0.490663 0.089682 0.009707 0.001116 0.000508 0.000637 0.002281 0.010071 0.021566 
0.027840 0.035946 0.036704 0.035637 0.035721 0.042364 0.084862 0.211292 0.379631 0.569717 0.758950 0.908765 1.014540 1.254794 1.521282 1.554704 1.477303 1.313008 1.115874 0.724566 0.251690 0.031848 0.003415 0.000660 0.000541 0.001080 0.005150 0.015812 
0.021826 0.033207 0.036515 0.036170 0.035658 0.037403 0.054649 0.137660 0.292743 0.474674 0.664440 0.838784 0.953935 1.127800 1.412994 1.546349 1.535354 1.400447 1.238713 0.930416 0.483979 0.093917 0.011212 0.001379 0.000570 0.000676 0.002233 0.009995 
0.015911 0.028168 0.035688 0.036407 0.035850 0.036094 0.042151 0.081080 0.211845 0.382729 0.569557 0.753540 0.896420 1.026952 1.272707 1.513010 1.543600 1.485369 1.337901 1.101832 0.707198 0.253820 0.034347 0.004039 0.000772 0.000597 0.001091 0.005024 
0.009919 0.022039 0.033281 0.036227 0.036128 0.035911 0.037669 0.053398 0.134835 0.295294 0.476143 0.661904 0.830118 0.948826 1.149830 1.415931 1.535953 1.529042 1.426585 1.239687 0.911858 0.478705 0.096792 0.012433 0.001633 0.000641 0.000720 0.002198 
0.004913 0.015979 0.028439 0.035490 0.036202 0.035995 0.036351 0.042041 0.077991 0.212516 0.385105 0.569024 0.748204 0.885373 1.041191 1.286137 1.505947 1.534225 1.499448 1.350753 1.088938 0.695281 0.254694 0.036222 0.004581 0.000889 0.000661 0.001110 
0.002173 0.009839 0.022209 0.033344 0.036024 0.036099 0.036084 0.037862 0.052451 0.132667 0.297394 0.477064 0.659206 0.819709 0.952141 1.163664 1.419591 1.527156 1.525531 1.449133 1.236325 0.897976 0.474532 0.098751 0.013415 0.001869 0.000718 0.000773 
0.001137 0.004810 0.016024 0.028652 0.035336 0.036080 0.036091 0.036528 0.041954 0.076152 0.212626 0.386920 0.568135 0.742163 0.879548 1.052352 1.296727 1.500264 1.526749 1.506025 1.365924 1.077787 0.686254 0.255045 0.037635 0.005043 0.001005 0.000731 
0.000833 0.002156 0.009757 0.022338 0.033386 0.035891 0.036086 0.036203 0.037994 0.051860 0.131152 0.298908 0.477528 0.656047 0.811008 0.957003 1.174540 1.422422 1.520128 1.521568 1.465819 1.235772 0.886980 0.470649 0.100587 0.014201 0.002083 0.000800 
0.000808 0.001172 0.004714 0.016047 0.028809 0.035216 0.036013 0.036139 0.036680 0.041908 0.075149 0.212525 0.388218 0.566800 0.736473 0.876184 1.061978 1.305039 1.495341 1.521208 1.507631 1.380457 1.069818 0.678815 0.255173 0.038826 0.005434 0.001121 
0.000886 0.000899 0.002148 0.009671 0.022428 0.033409 0.035782 0.036076 0.036306 0.038123 0.051525 0.130186 0.300010 0.477509 0.652750 0.804313 0.961923 1.183509 1.424106 1.514742 1.517814 1.472443 1.242220 0.878396 0.466994 0.102393 0.014860 0.002277 
0.001234 0.000889 0.001215 0.004628 0.016050 0.028920 0.035115 0.035966 0.036170 0.036818 0.041927 0.074541 0.212576 0.388760 0.565412 0.730735 0.875121 1.070339 1.311223 1.491315 1.517046 1.506471 1.391467 1.066255 0.672695 0.255151 0.039889 0.005771 
0.002454 0.000976 0.000971 0.002149 0.009583 0.022545 0.033354 0.035702 0.036068 0.036383 0.038257 0.051358 0.129689 0.300609 0.477086 0.649490 0.799191 0.967022 1.190781 1.424947 1.510613 1.514402 1.475076 1.249305 0.872473 0.463923 0.103857 0.015434 
0.006069 0.001346 0.000972 0.001265 0.004541 0.016064 0.028982 0.035023 0.035931 0.036193 0.036931 0.042001 0.074216 0.212672 0.388847 0.563797 0.724912 0.876115 1.077601 1.315718 1.488249 1.513455 1.504571 1.399463 1.064854 0.668198 0.254927 0.040785 
0.015929 0.002621 0.001066 0.001045 0.002157 0.009506 0.022628 0.033286 0.035638 0.036062 0.036443 0.038383 0.051322 0.129476 0.300760 0.476475 0.646084 0.795467 0.972279 1.196659 1.425447 1.507153 1.511234 1.476073 1.255463 0.868603 0.461563 0.104876 
0.041492 0.006336 0.001459 0.001050 0.001323 0.004470 0.016067 0.029009 0.034944 0.035903 0.036210 0.037023 0.042103 0.074096 0.212692 0.388618 0.562043 0.719875 0.877927 1.083918 1.319225 1.485707 1.510214 1.502444 1.405335 1.064556 0.665083 0.254576 
0.105510 0.016345 0.002781 0.001153 0.001119 0.002178 0.009437 0.022672 0.033221 0.035587 0.036056 0.036490 0.038496 0.051371 0.129401 0.300655 0.475643 0.642881 0.792909 0.977258 1.201572 1.425752 1.504087 1.508271 1.476224 1.260603 0.866198 0.459829 
0.254165 0.042027 0.006579 0.001568 0.001127 0.001383 0.004418 0.016054 0.029009 0.034878 0.035880 0.036223 0.037100 0.042216 0.074097 0.212662 0.388149 0.560230 0.715756 0.880088 1.089415 1.322118 1.483457 1.507225 1.500259 1.409702 1.064896 0.663014 
0.458589 0.105852 0.016694 0.002931 0.001237 0.001191 0.002206 0.009376 0.022684 0.033160 0.035544 0.036052 0.036528 0.038598 0.051466 0.129414 0.300406 0.474615 0.638962 0.792298 0.981830 1.205766 1.425933 1.501283 1.505484 1.475879 1.264895 0.864826 
0.661708 0.253730 0.042424 0.006795 0.001672 0.001203 0.001445 0.004381 0.016030 0.028990 0.034821 0.035861 0.036234 0.037165 0.042332 0.074170 0.212621 0.387510 0.558021 0.712481 0.882763 1.093798 1.325004 1.481396 1.504434 1.498082 1.412994 1.065631 
