0.007070 0.002048 0.000314 0.000017 0.000017 0.000314 0.002017 0.506110 1.015332 1.022019 1.027107 1.027107 1.022726 0.514189 0.006516 0.002048 0.000314 0.000017 0.000017 0.000314 0.002048 0.007070 0.014341 0.022019 0.027107 0.027107 0.022019 0.014341 
0.010655 0.004083 0.000822 0.000091 0.000017 0.000091 0.000814 0.190837 0.822702 1.019511 1.025399 1.027107 1.026012 0.830930 0.197902 0.003598 0.000822 0.000091 0.000017 0.000091 0.000822 0.004083 0.010655 0.018180 0.025523 0.027107 0.025523 0.018180 
0.014418 0.007244 0.001820 0.000293 0.000036 0.000036 0.000291 0.048500 0.505073 0.968837 1.023500 1.026680 1.026833 0.976968 0.514221 0.052868 0.001698 0.000293 0.000036 0.000036 0.000293 0.001820 0.007244 0.014418 0.022396 0.026711 0.026711 0.022396 
0.018407 0.010730 0.004017 0.000739 0.000100 0.000036 0.000099 0.012407 0.230868 0.781260 1.009039 1.025847 1.026795 1.014367 0.790971 0.238494 0.014842 0.000708 0.000100 0.000036 0.000100 0.000739 0.004017 0.010730 0.018407 0.025551 0.026711 0.025551 
0.022648 0.014568 0.007234 0.001718 0.000276 0.000052 0.000052 0.003192 0.070099 0.503735 0.947893 1.021408 1.026558 1.023688 0.955411 0.514796 0.074289 0.004394 0.000268 0.000052 0.000052 0.000276 0.001718 0.007234 0.014568 0.022648 0.026421 0.026421 
0.025478 0.018675 0.010808 0.003919 0.000692 0.000108 0.000052 0.000837 0.020704 0.248124 0.762955 1.001742 1.025270 1.025840 1.005901 0.773111 0.256939 0.022899 0.001354 0.000106 0.000052 0.000108 0.000692 0.003919 0.010808 0.018675 0.025478 0.026421 
0.026185 0.022824 0.014742 0.007187 0.001645 0.000268 0.000066 0.000248 0.006000 0.082526 0.502697 0.936163 1.019246 1.025698 1.020856 0.942719 0.515338 0.086796 0.007052 0.000431 0.000065 0.000066 0.000268 0.001645 0.007187 0.014742 0.022824 0.026185 
0.026185 0.025345 0.018953 0.010898 0.003816 0.000663 0.000116 0.000111 0.001731 0.026569 0.257560 0.752842 0.996862 1.024085 1.024487 1.000111 0.763062 0.267435 0.028643 0.002178 0.000157 0.000065 0.000116 0.000663 0.003816 0.010898 0.018953 0.025345 
0.025975 0.025975 0.022946 0.014926 0.007139 0.001588 0.000254 0.000112 0.000516 0.008346 0.090526 0.501944 0.929051 1.017179 1.024387 1.018393 0.934755 0.515684 0.094957 0.009299 0.000685 0.000088 0.000078 0.000266 0.001588 0.007139 0.014926 0.022946 
0.025218 0.025975 0.025218 0.019181 0.011003 0.003723 0.000623 0.000148 0.000213 0.002575 0.030848 0.263392 0.746854 0.993345 1.022585 1.022888 0.995985 0.756901 0.274144 0.032868 0.002988 0.000240 0.000081 0.000125 0.000643 0.003720 0.011003 0.019181 
0.023032 0.025786 0.025786 0.023032 0.015092 0.007116 0.001517 0.000267 0.000164 0.000820 0.010233 0.096053 0.502826 0.923222 1.015199 1.022812 1.016163 0.929488 0.516070 0.100657 0.011145 0.000967 0.000120 0.000092 0.000266 0.001542 0.007109 0.015092 
0.019372 0.025097 0.025786 0.025097 0.019371 0.011104 0.003632 0.000605 0.000190 0.000328 0.003337 0.034042 0.268345 0.742580 0.990301 1.020909 1.021150 0.992832 0.753037 0.278815 0.036067 0.003723 0.000339 0.000099 0.000135 0.000628 0.003646 0.011100 
0.015236 0.023096 0.025614 0.025614 0.023095 0.015237 0.007091 0.001465 0.000294 0.000224 0.001115 0.011766 0.100293 0.504759 0.918068 1.013197 1.021090 1.014070 0.925133 0.515926 0.106249 0.012655 0.001245 0.000159 0.000108 0.000267 0.001506 0.007094 
0.011165 0.019555 0.024984 0.025614 0.024984 0.019555 0.011164 0.003553 0.000604 0.000242 0.000447 0.004000 0.036560 0.272994 0.739295 0.987441 1.019117 1.019335 0.990081 0.749505 0.283277 0.038906 0.004369 0.000443 0.000121 0.000148 0.000617 0.003592 
0.007074 0.015360 0.023161 0.025456 0.025456 0.023161 0.015360 0.007047 0.001432 0.000332 0.000293 0.001387 0.013029 0.104630 0.506144 0.913737 1.011143 1.019280 1.012021 0.920758 0.516391 0.111447 0.013985 0.001505 0.000201 0.000127 0.000272 0.001478 
0.003541 0.011217 0.019722 0.024883 0.025456 0.024882 0.019726 0.011203 0.003475 0.000617 0.000303 0.000566 0.004571 0.038839 0.277338 0.736538 0.984757 1.017246 1.017466 0.987391 0.746376 0.287666 0.041470 0.004951 0.000546 0.000146 0.000164 0.000610 
0.001454 0.007049 0.015469 0.023222 0.025313 0.025313 0.023226 0.015464 0.006989 0.001410 0.000381 0.000369 0.001633 0.014139 0.109256 0.506938 0.909925 1.009069 1.017411 1.009947 0.916704 0.517021 0.116359 0.015182 0.001747 0.000246 0.000150 0.000279 
0.000605 0.003492 0.011259 0.019876 0.024790 0.025313 0.024791 0.019883 0.011227 0.003397 0.000642 0.000372 0.000685 0.005076 0.041045 0.281503 0.734019 0.982198 1.015325 1.015545 0.984770 0.743635 0.291902 0.043835 0.005481 0.000645 0.000174 0.000183 
0.000290 0.001433 0.007021 0.015567 0.023279 0.025182 0.025182 0.023289 0.015555 0.006919 0.001398 0.000439 0.000450 0.001861 0.015166 0.113701 0.507761 0.906391 1.006988 1.015490 1.007851 0.912975 0.517768 0.120990 0.016279 0.001972 0.000292 0.000176 
0.000205 0.000605 0.003444 0.011294 0.020016 0.024706 0.025182 0.024709 0.020028 0.011237 0.003318 0.000679 0.000442 0.000806 0.005540 0.043126 0.285536 0.731755 0.979714 1.013365 1.013580 0.982222 0.741250 0.295960 0.046033 0.005968 0.000741 0.000205 
0.000205 0.000305 0.001414 0.006989 0.015655 0.023332 0.025063 0.025064 0.023349 0.015632 0.006838 0.001398 0.000501 0.000533 0.002080 0.016120 0.117950 0.508646 0.903099 1.004898 1.013526 1.005741 0.909558 0.518605 0.125352 0.017292 0.002182 0.000339 
0.000238 0.000230 0.000607 0.003396 0.011322 0.020144 0.024631 0.025064 0.024635 0.020161 0.011235 0.003243 0.000725 0.000509 0.000928 0.005977 0.045088 0.289449 0.729730 0.977291 1.011369 1.011580 0.979749 0.739192 0.299837 0.048084 0.006420 0.000833 
0.000389 0.000232 0.000324 0.001399 0.006953 0.015733 0.023382 0.024956 0.024957 0.023407 0.015698 0.006753 0.001409 0.000563 0.000614 0.002294 0.017017 0.122011 0.509589 0.900026 1.002797 1.011527 1.003622 0.906432 0.519515 0.129457 0.018232 0.002379 
0.000926 0.000271 0.000255 0.000616 0.003347 0.011343 0.020262 0.024562 0.024956 0.024569 0.020283 0.011226 0.003174 0.000775 0.000576 0.001047 0.006395 0.046946 0.293244 0.727919 0.974922 1.009345 1.009551 0.977348 0.737433 0.303535 0.050002 0.006839 
0.002568 0.000439 0.000259 0.000345 0.001389 0.006913 0.015842 0.023388 0.024858 0.024860 0.023401 0.015815 0.006668 0.001424 0.000626 0.000694 0.002501 0.017870 0.125898 0.510582 0.897149 1.000687 1.009499 1.001500 0.903577 0.520484 0.133322 0.019108 
0.007235 0.001016 0.000304 0.000281 0.000628 0.003295 0.011377 0.020364 0.024490 0.024859 0.024495 0.020387 0.011241 0.003102 0.000825 0.000643 0.001162 0.006796 0.048719 0.296926 0.726302 0.972600 1.007296 1.007500 0.975020 0.735945 0.307061 0.051797 
0.019931 0.002749 0.000488 0.000287 0.000367 0.001381 0.006880 0.015962 0.023366 0.024767 0.024768 0.023377 0.015930 0.006598 0.001440 0.000688 0.000773 0.002701 0.018685 0.129632 0.511614 0.894449 0.998571 1.007449 0.999380 0.900973 0.521503 0.136959 
0.053483 0.007610 0.001104 0.000337 0.000307 0.000641 0.003249 0.011421 0.020449 0.024416 0.024768 0.024420 0.020472 0.011264 0.003040 0.000876 0.000709 0.001276 0.007179 0.050417 0.300505 0.724855 0.970321 1.005229 1.005432 0.972761 0.734705 0.310420 
