0.016865 0.066908 0.144982 0.262082 0.948137 1.697702 1.871719 1.996546 1.999249 1.902102 1.200085 0.451828 0.286704 0.150164 0.067776 0.026668 0.009504 0.002884 0.001314 0.001673 0.005195 0.010549 0.016178 0.019916 0.019915 0.016177 0.010536 0.004627 
0.007686 0.035186 0.101067 0.188895 0.540689 1.373111 1.806463 1.955209 1.998573 1.974962 1.620339 0.773706 0.348625 0.214861 0.102180 0.041236 0.015449 0.004932 0.001706 0.001404 0.002855 0.007838 0.013363 0.018750 0.019916 0.018752 0.013390 0.006843 
0.007054 0.014772 0.064023 0.134002 0.298800 0.940796 1.656653 1.907182 1.987732 1.992670 1.880404 1.214195 0.488777 0.265023 0.155885 0.064069 0.024526 0.008368 0.002588 0.001479 0.001766 0.005018 0.010600 0.016456 0.019624 0.019625 0.016598 0.009298 
0.007615 0.008983 0.032580 0.090265 0.192696 0.571515 1.325574 1.824412 1.966360 1.991436 1.964604 1.609910 0.816748 0.348246 0.196811 0.106221 0.038451 0.013852 0.004310 0.001757 0.001551 0.002766 0.007775 0.013528 0.018772 0.019624 0.018868 0.012753 
0.009420 0.007957 0.015225 0.054518 0.128677 0.313456 0.948545 1.633763 1.924604 1.985167 1.984728 1.869222 1.223801 0.521210 0.253599 0.143911 0.067162 0.022387 0.007334 0.002446 0.001602 0.001855 0.004856 0.010652 0.016656 0.019411 0.019435 0.016386 
0.012506 0.008323 0.009774 0.027418 0.082327 0.193411 0.591543 1.304096 1.836753 1.970026 1.985057 1.955742 1.605459 0.851584 0.347924 0.185044 0.101419 0.038944 0.012319 0.003879 0.001813 0.001666 0.002694 0.007728 0.013716 0.018717 0.019429 0.018673 
0.016171 0.009643 0.008685 0.014548 0.045557 0.123826 0.331179 0.947820 1.626175 1.932950 1.981299 1.977728 1.860842 1.235185 0.546240 0.246124 0.133324 0.066384 0.021086 0.006506 0.002367 0.001703 0.001923 0.004719 0.010722 0.016786 0.019251 0.019240 
0.018470 0.012379 0.008925 0.010151 0.023766 0.072876 0.195231 0.606543 1.295098 1.844169 1.969212 1.980407 1.947614 1.604910 0.879624 0.349353 0.175624 0.094122 0.039012 0.011186 0.003568 0.001869 0.001758 0.002677 0.007661 0.013896 0.018635 0.019248 
0.019054 0.015992 0.009891 0.009231 0.013861 0.039447 0.115742 0.345407 0.950821 1.624442 1.935153 1.977608 1.972208 1.853740 1.247252 0.567260 0.239432 0.124685 0.063268 0.020115 0.005897 0.002321 0.001785 0.001987 0.004620 0.010779 0.016891 0.019095 
0.019085 0.018275 0.012344 0.009396 0.010389 0.021415 0.064917 0.192232 0.621327 1.294157 1.846861 1.966994 1.976258 1.941241 1.605878 0.904214 0.350076 0.167715 0.087310 0.037569 0.010345 0.003349 0.001919 0.001836 0.002696 0.007587 0.014054 0.018544 
0.018950 0.018882 0.015844 0.010133 0.009644 0.013394 0.035047 0.107621 0.354505 0.957742 1.624579 1.934645 1.973942 1.967504 1.848646 1.258913 0.585027 0.233407 0.117462 0.058607 0.019488 0.005456 0.002298 0.001857 0.002051 0.004548 0.010821 0.016972 
0.018455 0.018933 0.018060 0.012397 0.009767 0.010582 0.019744 0.058604 0.187486 0.634490 1.296999 1.847304 1.964118 1.972332 1.936180 1.608301 0.921970 0.353967 0.160941 0.080898 0.035199 0.009753 0.003197 0.001967 0.001905 0.002724 0.007525 0.014186 
0.017034 0.018813 0.018715 0.015668 0.010424 0.009970 0.013076 0.031750 0.100539 0.360395 0.965744 1.625762 1.932861 1.970279 1.963294 1.845172 1.268957 0.600433 0.229208 0.110915 0.053756 0.018403 0.005144 0.002290 0.001921 0.002110 0.004496 0.010855 
0.014295 0.018369 0.018789 0.017822 0.012504 0.010084 0.010747 0.018521 0.053616 0.182701 0.645531 1.301481 1.846731 1.960924 1.968533 1.932018 1.611099 0.934695 0.360829 0.154778 0.075190 0.032249 0.009172 0.003096 0.002013 0.001968 0.002754 0.007478 
0.010886 0.017079 0.018684 0.018547 0.015526 0.010689 0.010250 0.012856 0.029238 0.094661 0.364393 0.973506 1.627552 1.930474 1.966631 1.959404 1.842659 1.277218 0.614724 0.226187 0.105036 0.049139 0.016862 0.004886 0.002295 0.001979 0.002164 0.004460 
0.007444 0.014385 0.018282 0.018650 0.017607 0.012613 0.010359 0.010901 0.017603 0.049689 0.178449 0.654627 1.306554 1.845704 1.957591 1.964824 1.928411 1.613564 0.945971 0.367932 0.149298 0.070100 0.029007 0.008527 0.003021 0.002058 0.002025 0.002785 
0.004436 0.010914 0.017109 0.018558 0.018389 0.015413 0.010923 0.010495 0.012712 0.027300 0.089901 0.367237 0.980590 1.629648 1.927812 1.963016 1.955721 1.840596 1.284505 0.628161 0.223756 0.099799 0.044774 0.015024 0.004639 0.002307 0.002034 0.002215 
0.002816 0.007421 0.014459 0.018196 0.018516 0.017420 0.012713 0.010602 0.011049 0.016914 0.046597 0.174885 0.662116 1.311711 1.844470 1.954215 1.961192 1.925116 1.615813 0.956333 0.374904 0.144545 0.065408 0.025617 0.007818 0.002958 0.002102 0.002079 
0.002263 0.004423 0.010940 0.017127 0.018436 0.018242 0.015321 0.011130 0.010714 0.012627 0.025801 0.086090 0.369373 0.986913 1.631853 1.925034 1.959448 1.952173 1.838771 1.291182 0.640774 0.221919 0.095084 0.040070 0.013483 0.004387 0.002322 0.002085 
0.002129 0.002848 0.007407 0.014521 0.018109 0.018387 0.017256 0.012805 0.010818 0.011192 0.016399 0.044166 0.171983 0.668346 1.316705 1.843135 1.950844 1.957629 1.922004 1.617927 0.965978 0.381754 0.140547 0.060471 0.022403 0.007178 0.002898 0.002144 
0.002133 0.002309 0.004417 0.010964 0.017135 0.018317 0.018104 0.015245 0.011315 0.010911 0.012587 0.024642 0.083063 0.371074 0.992526 1.634038 1.922221 1.955933 1.948723 1.837078 1.297427 0.652674 0.220867 0.090007 0.035727 0.012054 0.004156 0.002336 
0.002184 0.002177 0.002880 0.007399 0.014572 0.018022 0.018264 0.017113 0.012889 0.011012 0.011330 0.016020 0.042261 0.169671 0.673614 1.321425 1.841747 1.947505 1.954130 1.919009 1.619936 0.975051 0.388892 0.136292 0.055215 0.019947 0.006585 0.002842 
0.002350 0.002179 0.002353 0.004419 0.011020 0.017099 0.018204 0.017976 0.015183 0.011481 0.011092 0.012582 0.023753 0.080674 0.372518 0.997520 1.636123 1.919409 1.952474 1.945350 1.835460 1.303335 0.664510 0.219711 0.084301 0.032104 0.010862 0.003942 
0.002791 0.002222 0.002222 0.002913 0.007411 0.014608 0.017927 0.018147 0.016985 0.012967 0.011189 0.011464 0.015748 0.040776 0.167865 0.678154 1.325825 1.840321 1.944208 1.950693 1.916097 1.621779 0.983923 0.396110 0.131203 0.050464 0.017902 0.006070 
0.003753 0.002364 0.002222 0.002395 0.004435 0.011079 0.017043 0.018092 0.017856 0.015130 0.011634 0.011258 0.012604 0.023075 0.078805 0.373823 1.001990 1.638061 1.916615 1.949072 1.942044 1.833868 1.309003 0.676511 0.217614 0.078789 0.029001 0.009848 
0.005624 0.002747 0.002257 0.002265 0.002948 0.007436 0.014629 0.017830 0.018033 0.016871 0.013039 0.011352 0.011594 0.015558 0.039626 0.166492 0.682152 1.329896 1.838862 1.940957 1.947315 1.913243 1.623453 0.992757 0.402708 0.125943 0.046236 0.016160 
0.008977 0.003588 0.002380 0.002259 0.002438 0.004464 0.011132 0.016979 0.017982 0.017743 0.015086 0.011774 0.011412 0.012646 0.022566 0.077359 0.375071 1.006024 1.639823 1.913844 1.945725 1.938797 1.832278 1.314495 0.688087 0.215061 0.073682 0.026313 
0.014658 0.005238 0.002712 0.002289 0.002304 0.002989 0.007471 0.014638 0.017731 0.017922 0.016769 0.013106 0.011503 0.011721 0.015434 0.038744 0.165485 0.685750 1.333643 1.837369 1.937755 1.943993 1.910435 1.625057 1.001291 0.408617 0.120869 0.042489 
