0.000014 0.000159 0.000935 0.003213 0.008022 0.017404 0.036359 0.076301 0.152832 0.281148 0.463263 0.669991 0.867576 0.984560 0.984560 0.867576 0.669991 0.463263 0.281148 0.152832 0.076301 0.036359 0.017404 0.008022 0.003213 0.000935 0.000159 0.000014 
0.000014 0.000050 0.000389 0.001698 0.005015 0.011540 0.024488 0.051502 0.108094 0.210265 0.369129 0.566627 0.769927 0.950766 0.984560 0.950766 0.769927 0.566627 0.369129 0.210265 0.108094 0.051502 0.024488 0.011540 0.005015 0.001698 0.000389 0.000050 
0.000023 0.000023 0.000144 0.000801 0.002868 0.007475 0.016396 0.034478 0.073780 0.152093 0.284867 0.467153 0.668277 0.877310 0.976112 0.976112 0.877310 0.668277 0.467153 0.284867 0.152093 0.073780 0.034478 0.016396 0.007475 0.002868 0.000801 0.000144 
0.000053 0.000023 0.000053 0.000338 0.001482 0.004573 0.010820 0.023147 0.048861 0.106129 0.212291 0.373655 0.566726 0.774222 0.951411 0.976112 0.951411 0.774222 0.566726 0.373655 0.212291 0.106129 0.048861 0.023147 0.010820 0.004573 0.001482 0.000338 
0.000132 0.000031 0.000031 0.000132 0.000696 0.002541 0.006929 0.015443 0.032657 0.070653 0.152310 0.289010 0.468387 0.670474 0.882579 0.969937 0.969937 0.882579 0.670474 0.468387 0.289010 0.152310 0.070653 0.032657 0.015443 0.006929 0.002541 0.000696 
0.000298 0.000056 0.000031 0.000056 0.000298 0.001298 0.004132 0.010121 0.021875 0.046459 0.103893 0.215325 0.375860 0.568179 0.781200 0.948097 0.969937 0.948097 0.781200 0.568179 0.375860 0.215325 0.103893 0.046459 0.021875 0.010121 0.004132 0.001298 
0.000609 0.000123 0.000037 0.000037 0.000123 0.000609 0.002256 0.006366 0.014529 0.030959 0.067393 0.153471 0.291620 0.469431 0.674689 0.885817 0.964477 0.964477 0.885817 0.674689 0.469431 0.291620 0.153471 0.067393 0.030959 0.014529 0.006366 0.002256 
0.001142 0.000266 0.000059 0.000037 0.000059 0.000266 0.001142 0.003702 0.009427 0.020677 0.044175 0.102272 0.217587 0.377095 0.571327 0.786979 0.944812 0.964477 0.944812 0.786979 0.571327 0.377095 0.217587 0.102272 0.044175 0.020677 0.009427 0.003702 
0.002001 0.000537 0.000116 0.000042 0.000042 0.000116 0.000537 0.002001 0.005799 0.013646 0.029364 0.064684 0.154406 0.293001 0.471533 0.679153 0.887935 0.959560 0.959560 0.887935 0.679153 0.471533 0.293001 0.154406 0.064684 0.029364 0.013646 0.005799 
0.003317 0.001008 0.000239 0.000061 0.000042 0.000061 0.000239 0.001008 0.003317 0.008710 0.019537 0.042124 0.101050 0.218711 0.378631 0.575198 0.791736 0.941654 0.959560 0.941654 0.791736 0.575198 0.378631 0.218711 0.101050 0.042124 0.019537 0.008710 
0.005242 0.001777 0.000476 0.000110 0.000047 0.000047 0.000110 0.000476 0.001777 0.005242 0.012765 0.027891 0.062526 0.154598 0.294090 0.474418 0.683467 0.889286 0.955084 0.955084 0.889286 0.683467 0.474418 0.294090 0.154598 0.062526 0.027891 0.012765 
0.007989 0.002969 0.000893 0.000217 0.000063 0.000047 0.000063 0.000217 0.000893 0.002969 0.007989 0.018427 0.040331 0.099784 0.219240 0.380664 0.578942 0.796058 0.938634 0.955084 0.938634 0.796058 0.578942 0.380664 0.219240 0.099784 0.040331 0.018427 
0.011853 0.004743 0.001581 0.000425 0.000105 0.000051 0.000051 0.000105 0.000425 0.001581 0.004743 0.011853 0.026513 0.060670 0.154197 0.295345 0.477449 0.687500 0.890373 0.950971 0.950971 0.890373 0.687500 0.477449 0.295345 0.154197 0.060670 0.026513 
0.017296 0.007311 0.002661 0.000794 0.000199 0.000065 0.000051 0.000065 0.000199 0.000794 0.002661 0.007311 0.017296 0.038717 0.098330 0.219652 0.382903 0.582474 0.800043 0.935822 0.950971 0.935822 0.800043 0.582474 0.382903 0.219652 0.098330 0.038717 
0.025147 0.010970 0.004290 0.001409 0.000381 0.000102 0.000054 0.000054 0.000102 0.000381 0.001409 0.004290 0.010970 0.025147 0.058975 0.153488 0.296738 0.480439 0.691259 0.891341 0.947184 0.947184 0.891341 0.691259 0.480439 0.296738 0.153488 0.058975 
0.037149 0.016184 0.006680 0.002386 0.000708 0.000183 0.000066 0.000054 0.000066 0.000183 0.000708 0.002386 0.006680 0.016184 0.037149 0.096782 0.220056 0.385199 0.585849 0.803692 0.933223 0.947184 0.933223 0.803692 0.585849 0.385199 0.220056 0.096782 
0.057298 0.023801 0.010129 0.003879 0.001259 0.000344 0.000098 0.000057 0.000057 0.000098 0.000344 0.001259 0.003879 0.010129 0.023801 0.057298 0.152685 0.298189 0.483375 0.694770 0.892198 0.943694 0.943694 0.892198 0.694770 0.483375 0.298189 0.152685 
0.095178 0.035594 0.015110 0.006097 0.002143 0.000634 0.000170 0.000068 0.000057 0.000068 0.000170 0.000634 0.002143 0.006097 0.015110 0.035594 0.095178 0.220477 0.387506 0.589073 0.807035 0.930820 0.943694 0.930820 0.807035 0.589073 0.387506 0.220477 
0.151845 0.055611 0.022484 0.009339 0.003509 0.001127 0.000312 0.000096 0.000060 0.000060 0.000096 0.000312 0.001127 0.003509 0.009339 0.022484 0.055611 0.151845 0.299674 0.486240 0.698054 0.892954 0.940475 0.940475 0.892954 0.698054 0.486240 0.299674 
0.220917 0.093531 0.034052 0.014083 0.005562 0.001926 0.000569 0.000159 0.000069 0.000060 0.000069 0.000159 0.000569 0.001926 0.005562 0.014083 0.034052 0.093531 0.220917 0.389801 0.592147 0.810100 0.928595 0.940475 0.928595 0.810100 0.592147 0.389801 
0.301176 0.150983 0.053914 0.021205 0.008601 0.003174 0.001011 0.000284 0.000094 0.000062 0.000062 0.000094 0.000284 0.001011 0.003174 0.008601 0.021205 0.053914 0.150983 0.301176 0.489023 0.701123 0.893622 0.937505 0.937505 0.893622 0.701123 0.489023 
0.392068 0.221373 0.091852 0.032534 0.013108 0.005072 0.001734 0.000513 0.000149 0.000070 0.000062 0.000070 0.000149 0.000513 0.001734 0.005072 0.013108 0.032534 0.091852 0.221373 0.392068 0.595073 0.812914 0.926534 0.937505 0.926534 0.812914 0.595073 
0.491716 0.302681 0.150105 0.052219 0.019974 0.007915 0.002873 0.000909 0.000260 0.000092 0.000064 0.000064 0.000092 0.000260 0.000909 0.002873 0.007915 0.019974 0.052219 0.150105 0.302681 0.491716 0.703994 0.894212 0.934763 0.934763 0.894212 0.703994 
0.597855 0.394293 0.221836 0.090151 0.031050 0.012190 0.004625 0.001563 0.000464 0.000141 0.000071 0.000064 0.000071 0.000141 0.000464 0.001563 0.004625 0.012190 0.031050 0.090151 0.221836 0.394293 0.597855 0.815500 0.924625 0.934763 0.924625 0.815500 
0.706677 0.494314 0.304177 0.149212 0.050540 0.018797 0.007282 0.002603 0.000820 0.000239 0.000090 0.000066 0.000066 0.000090 0.000239 0.000820 0.002603 0.007282 0.018797 0.050540 0.149212 0.304177 0.494314 0.706677 0.894733 0.932228 0.932228 0.894733 
0.817877 0.600495 0.396467 0.222298 0.088441 0.029611 0.011330 0.004219 0.001411 0.000421 0.000133 0.000072 0.000066 0.000072 0.000133 0.000421 0.001411 0.004219 0.011330 0.029611 0.088441 0.222298 0.396467 0.600495 0.817877 0.922854 0.932228 0.922854 
0.894267 0.710115 0.496812 0.305650 0.148306 0.048889 0.017678 0.006698 0.002360 0.000741 0.000221 0.000089 0.000067 0.000067 0.000089 0.000221 0.000741 0.002360 0.006698 0.017678 0.048889 0.148306 0.305650 0.496812 0.710115 0.894267 0.929885 0.929885 
0.920980 0.819949 0.603463 0.398463 0.222751 0.086732 0.028226 0.010528 0.003850 0.001276 0.000384 0.000127 0.000073 0.000067 0.000073 0.000127 0.000384 0.001276 0.003850 0.010528 0.028226 0.086732 0.222751 0.398463 0.603463 0.819949 0.920980 0.929885 
