0.243972 0.243972 0.198196 0.129345 0.064022 0.020796 0.015300 0.024835 0.065394 0.142761 0.768097 1.556714 1.798130 2.065698 2.228518 2.228518 1.601058 0.762769 0.524406 0.296044 0.147122 0.065394 0.024835 0.015300 0.020796 0.064022 0.129345 0.198196 
0.229690 0.243972 0.229690 0.163771 0.096243 0.035618 0.016674 0.017683 0.037828 0.094407 0.376194 1.200629 1.704329 1.931914 2.180554 2.228518 2.019574 1.136719 0.613792 0.408975 0.211653 0.097782 0.037359 0.017683 0.016674 0.035618 0.096243 0.163771 
0.201601 0.240401 0.240401 0.201601 0.130007 0.062225 0.021410 0.016926 0.022972 0.057008 0.178998 0.755804 1.498637 1.843938 2.075323 2.216527 2.176282 1.636267 0.816103 0.485781 0.309377 0.144286 0.058255 0.022855 0.016926 0.021410 0.062225 0.130007 
0.165804 0.229951 0.240401 0.229951 0.165804 0.095639 0.034466 0.018047 0.018438 0.032992 0.096015 0.405044 1.133750 1.714450 1.973870 2.174848 2.206466 1.998734 1.206245 0.609652 0.378340 0.225417 0.089485 0.033187 0.018408 0.018047 0.034466 0.095639 
0.130722 0.204035 0.237789 0.237789 0.204035 0.130722 0.060387 0.022152 0.018145 0.022174 0.052387 0.189028 0.755566 1.450333 1.876587 2.098882 2.198561 2.154533 1.649618 0.866715 0.465082 0.292080 0.152410 0.050956 0.022193 0.018137 0.022152 0.060387 
0.095182 0.168104 0.229350 0.237789 0.229350 0.168104 0.095182 0.033479 0.019146 0.019152 0.030734 0.094100 0.419611 1.102950 1.697024 2.016097 2.173641 2.187554 1.988931 1.258166 0.611286 0.356955 0.218078 0.091415 0.030398 0.019151 0.019141 0.033481 
0.058801 0.131643 0.205733 0.235679 0.235679 0.205733 0.131643 0.058798 0.022730 0.019148 0.022049 0.049471 0.191320 0.757241 1.411145 1.891434 2.130777 2.184076 2.137898 1.665238 0.906964 0.452330 0.273085 0.152642 0.048464 0.021966 0.019143 0.022726 
0.032640 0.094980 0.170463 0.228193 0.235679 0.228193 0.170463 0.094977 0.032642 0.020043 0.019873 0.029630 0.091789 0.428004 1.084193 1.673191 2.057616 2.170751 2.172531 1.984808 1.286101 0.629673 0.340302 0.205513 0.092122 0.029296 0.019849 0.020039 
0.023237 0.057525 0.132721 0.206891 0.233807 0.233807 0.206892 0.132720 0.057523 0.023235 0.019916 0.022312 0.047609 0.193413 0.756099 1.387091 1.910745 2.142022 2.172086 2.125601 1.675862 0.942892 0.446342 0.256059 0.146143 0.048897 0.022211 0.019897 
0.020732 0.032644 0.094295 0.172477 0.227078 0.233807 0.227079 0.172476 0.094294 0.032637 0.020746 0.020515 0.029236 0.090384 0.432333 1.071595 1.669973 2.076687 2.164570 2.160465 1.980731 1.309377 0.650566 0.327415 0.191055 0.090452 0.029461 0.020475 
0.020539 0.023774 0.056675 0.133386 0.207868 0.232125 0.232125 0.207868 0.133385 0.056666 0.023776 0.020572 0.022695 0.046703 0.196738 0.751964 1.375894 1.926156 2.142600 2.163544 2.114505 1.684040 0.976840 0.442293 0.242190 0.136284 0.049627 0.022721 
0.021085 0.021348 0.032808 0.093667 0.174152 0.226061 0.232125 0.226061 0.174152 0.093658 0.032800 0.021373 0.021103 0.029228 0.090214 0.433868 1.063929 1.674906 2.083253 2.158308 2.151284 1.975413 1.330440 0.671192 0.317229 0.177462 0.086444 0.029993 
0.023312 0.021151 0.024279 0.056042 0.133909 0.208651 0.230609 0.230609 0.208652 0.133905 0.056024 0.024298 0.021171 0.023134 0.046505 0.198530 0.748899 1.371803 1.936687 2.139544 2.156552 2.105561 1.691365 1.000816 0.446746 0.229875 0.125860 0.049068 
0.030291 0.021691 0.021933 0.033001 0.093183 0.175524 0.225120 0.230609 0.225120 0.175525 0.093161 0.033011 0.021952 0.021662 0.029468 0.090354 0.433857 1.060351 1.681394 2.084578 2.152300 2.143804 1.972033 1.346090 0.691680 0.310096 0.164865 0.080901 
0.047251 0.023841 0.021751 0.024760 0.055567 0.134353 0.209242 0.229237 0.229237 0.209245 0.134343 0.055555 0.024790 0.021734 0.023613 0.046641 0.199016 0.747104 1.371554 1.943686 2.135369 2.150176 2.098737 1.697920 1.018885 0.455395 0.219327 0.115225 
0.074078 0.030216 0.022274 0.022504 0.033214 0.092813 0.176647 0.224238 0.229237 0.224239 0.176645 0.092791 0.033245 0.022498 0.022204 0.029840 0.090492 0.433097 1.059329 1.687755 2.083747 2.146474 2.137316 1.970349 1.358403 0.711277 0.304369 0.154263 
0.105430 0.044109 0.024259 0.022331 0.025239 0.055212 0.134730 0.209672 0.227987 0.227987 0.209674 0.134718 0.055223 0.025258 0.022278 0.024113 0.046912 0.198678 0.745939 1.373542 1.948622 2.130793 2.144185 2.093285 1.703524 1.034840 0.464459 0.210553 
0.144851 0.066592 0.029704 0.022813 0.023058 0.033459 0.092525 0.177562 0.223408 0.227987 0.223409 0.177555 0.092525 0.033495 0.023023 0.022736 0.030271 0.090553 0.431800 1.059740 1.693990 2.081902 2.140837 2.131460 1.969265 1.369182 0.729541 0.300310 
0.203148 0.095511 0.040648 0.024536 0.022874 0.025719 0.054962 0.135044 0.209970 0.226843 0.226843 0.209966 0.135040 0.054999 0.025712 0.022808 0.024620 0.047226 0.197754 0.744981 1.376865 1.952494 2.126103 2.138493 2.088567 1.708630 1.049362 0.473835 
0.297729 0.135875 0.058653 0.028979 0.023290 0.023586 0.033741 0.092304 0.178299 0.222624 0.226843 0.222624 0.178289 0.092336 0.033760 0.023534 0.023261 0.030725 0.090509 0.430015 1.060923 1.700262 2.079603 2.135395 2.126011 1.968526 1.378996 0.746861 
0.483742 0.195644 0.085377 0.037820 0.024712 0.023364 0.026199 0.054812 0.135301 0.210157 0.225788 0.225788 0.210145 0.135312 0.054861 0.026159 0.023329 0.025127 0.047537 0.196344 0.744415 1.380593 1.955902 2.121447 2.133049 2.084294 1.713406 1.062929 
0.764050 0.295235 0.124833 0.052987 0.028326 0.023701 0.024072 0.034061 0.092149 0.178882 0.221880 0.225788 0.221877 0.178875 0.092205 0.034042 0.024037 0.023779 0.031179 0.090341 0.428060 1.062504 1.706384 2.077161 2.130149 2.120860 1.967971 1.388167 
1.076109 0.494229 0.185396 0.077113 0.035648 0.024857 0.023794 0.026662 0.054760 0.135608 0.210154 0.224811 0.224810 0.210149 0.135623 0.054791 0.026602 0.023843 0.025629 0.047819 0.194685 0.744102 1.384444 1.959010 2.116902 2.127827 2.080316 1.717862 
1.396985 0.777685 0.294148 0.114550 0.048712 0.027821 0.024060 0.024511 0.034404 0.092102 0.179322 0.221147 0.224811 0.221145 0.179325 0.092150 0.034339 0.024533 0.024290 0.031623 0.090083 0.426068 1.064273 1.712297 2.074697 2.125095 2.115949 1.967430 
1.722490 1.087335 0.503403 0.175909 0.070394 0.033984 0.025000 0.024172 0.027097 0.054824 0.136159 0.209775 0.223895 0.223894 0.209773 0.136179 0.054800 0.027045 0.024350 0.026123 0.048071 0.192915 0.743943 1.388285 1.961901 2.112496 2.122809 2.076533 
1.967337 1.404913 0.788966 0.293043 0.105875 0.045332 0.027453 0.024379 0.024904 0.034760 0.092256 0.179603 0.220365 0.223895 0.220364 0.179618 0.092256 0.034658 0.025024 0.024794 0.032053 0.089769 0.424097 1.066114 1.717987 2.072269 2.120231 2.111240 
2.073016 1.727142 1.096939 0.510803 0.167803 0.064938 0.032691 0.025148 0.024510 0.027499 0.055054 0.136658 0.209292 0.223012 0.223012 0.209295 0.136671 0.054945 0.027490 0.024851 0.026608 0.048297 0.191110 0.743874 1.392050 1.964621 2.108240 2.117983 
2.106741 1.967613 1.412041 0.798363 0.291753 0.098716 0.042639 0.027193 0.024670 0.025257 0.035135 0.092544 0.179745 0.219582 0.223012 0.219583 0.179769 0.092456 0.035014 0.025511 0.025290 0.032470 0.089422 0.422173 1.067962 1.723453 2.069900 2.115547 
