0.000134 0.000870 0.003155 0.010400 0.029347 0.072955 0.148322 0.769426 1.497955 1.678703 1.874209 1.987106 1.986063 1.393854 0.642625 0.460780 0.276250 0.145993 0.068809 0.032937 0.019604 0.015101 0.012890 0.009948 0.006436 0.003147 0.000910 0.000132 
0.000133 0.000319 0.001625 0.005537 0.016948 0.046467 0.101218 0.386649 1.179570 1.609078 1.776456 1.955096 1.986845 1.783601 0.969797 0.529308 0.368515 0.204338 0.100087 0.045238 0.024063 0.016780 0.013810 0.011491 0.008192 0.004763 0.001812 0.000327 
0.000181 0.000179 0.000692 0.002930 0.009368 0.027716 0.066998 0.186263 0.755353 1.451594 1.712281 1.880168 1.978908 1.936034 1.427614 0.688025 0.429236 0.286426 0.144721 0.064925 0.031178 0.019343 0.014924 0.012692 0.009858 0.006478 0.003228 0.000749 
0.000324 0.000180 0.000307 0.001379 0.005099 0.015564 0.042124 0.106635 0.413594 1.125332 1.614523 1.807825 1.950524 1.968190 1.763554 1.030068 0.526282 0.343333 0.215436 0.095547 0.042573 0.023406 0.016581 0.013610 0.011343 0.008168 0.004836 0.001724 
0.000710 0.000216 0.000212 0.000607 0.002577 0.008645 0.024821 0.064891 0.199503 0.757236 1.410570 1.735337 1.898921 1.963773 1.917031 1.437338 0.732226 0.411939 0.272503 0.152748 0.060608 0.029904 0.019030 0.014724 0.012502 0.009775 0.006502 0.003214 
0.001674 0.000340 0.000213 0.000311 0.001199 0.004587 0.014206 0.038882 0.108562 0.430355 1.084378 1.613549 1.841511 1.947560 1.952088 1.753638 1.076715 0.526870 0.324792 0.210165 0.099384 0.040299 0.022825 0.016339 0.013415 0.011206 0.008140 0.004858 
0.003189 0.000706 0.000245 0.000237 0.000557 0.002268 0.007839 0.022780 0.062471 0.206430 0.756062 1.373726 1.758009 1.919916 1.950956 1.902475 1.450179 0.767697 0.400571 0.256547 0.154294 0.060362 0.028815 0.018691 0.014512 0.012329 0.009700 0.006499 
0.004844 0.001649 0.000362 0.000239 0.000317 0.001065 0.004088 0.012967 0.036438 0.108384 0.440028 1.064894 1.602598 1.871679 1.943196 1.938836 1.749517 1.108938 0.534829 0.310556 0.200199 0.102434 0.039233 0.022267 0.016079 0.013226 0.011086 0.008113 
0.006479 0.003160 0.000714 0.000270 0.000258 0.000523 0.002007 0.007064 0.021054 0.060292 0.214084 0.752461 1.344641 1.786473 1.925317 1.942106 1.890416 1.461971 0.797880 0.394214 0.241583 0.149743 0.062854 0.028056 0.018339 0.014296 0.012171 0.009637 
0.008078 0.004819 0.001633 0.000384 0.000261 0.000325 0.000961 0.003642 0.011825 0.034361 0.108550 0.447698 1.048551 1.604868 1.886408 1.937908 1.929183 1.746282 1.129925 0.551193 0.298819 0.188064 0.103518 0.039185 0.021779 0.015812 0.013045 0.010982 
0.009574 0.006449 0.003131 0.000727 0.000292 0.000277 0.000500 0.001790 0.006359 0.019505 0.058542 0.221564 0.748124 1.332277 1.802303 1.925033 1.935727 1.881277 1.469423 0.826608 0.389602 0.229597 0.142515 0.065134 0.027622 0.017996 0.014083 0.012031 
0.010886 0.008035 0.004790 0.001623 0.000404 0.000281 0.000333 0.000878 0.003255 0.010787 0.032551 0.109057 0.452581 1.040201 1.609626 1.891677 1.933054 1.922115 1.742089 1.148015 0.567754 0.289599 0.176941 0.102317 0.039407 0.021381 0.015550 0.012875 
0.011902 0.009510 0.006413 0.003106 0.000740 0.000312 0.000294 0.000482 0.001608 0.005732 0.018111 0.057118 0.226493 0.746391 1.327853 1.810821 1.922710 1.930319 1.874373 1.474305 0.853164 0.387302 0.219188 0.134875 0.066041 0.027345 0.017677 0.013878 
0.012714 0.010794 0.007988 0.004759 0.001616 0.000423 0.000298 0.000341 0.000811 0.002921 0.009858 0.030958 0.109214 0.456103 1.037122 1.614047 1.892835 1.928417 1.916333 1.737995 1.163735 0.584619 0.282231 0.166556 0.098523 0.040506 0.021043 0.015302 
0.013685 0.011782 0.009444 0.006373 0.003082 0.000753 0.000329 0.000309 0.000469 0.001456 0.005183 0.016867 0.055797 0.229595 0.746612 1.328515 1.814243 1.919521 1.925396 1.868727 1.478670 0.874177 0.389954 0.209934 0.126584 0.065876 0.027344 0.017385 
0.015072 0.012563 0.010704 0.007936 0.004728 0.001612 0.000440 0.000314 0.000349 0.000756 0.002634 0.009036 0.029521 0.108979 0.458815 1.037564 1.617797 1.891733 1.923927 1.911228 1.735093 1.176424 0.601509 0.275776 0.157840 0.093400 0.041511 0.020800 
0.017131 0.013504 0.011666 0.009375 0.006332 0.003062 0.000765 0.000346 0.000323 0.000459 0.001327 0.004704 0.015757 0.054506 0.231418 0.748004 1.331726 1.815201 1.915878 1.920752 1.864020 1.483589 0.888966 0.396262 0.202066 0.118933 0.064578 0.027409 
0.020608 0.014864 0.012418 0.010615 0.007882 0.004697 0.001609 0.000456 0.000328 0.000357 0.000710 0.002388 0.008312 0.028208 0.108422 0.460973 1.039865 1.621259 1.889491 1.919534 1.906569 1.733949 1.186278 0.616835 0.271399 0.150108 0.088158 0.041769 
0.027334 0.016912 0.013335 0.011552 0.009305 0.006289 0.003043 0.000776 0.000360 0.000336 0.000452 0.001218 0.004288 0.014767 0.053235 0.232390 0.750106 1.336178 1.814922 1.912023 1.916293 1.860173 1.488139 0.901556 0.403259 0.195592 0.111716 0.062510 
0.041377 0.020411 0.014675 0.012279 0.010524 0.007826 0.004666 0.001608 0.000471 0.000342 0.000365 0.000673 0.002177 0.007676 0.027003 0.107641 0.462777 1.043142 1.624534 1.886680 1.915225 1.902263 1.733449 1.194848 0.631002 0.268478 0.143169 0.082779 
0.059704 0.027153 0.016708 0.013177 0.011439 0.009233 0.006246 0.003027 0.000787 0.000374 0.000348 0.000448 0.001126 0.003928 0.013882 0.051995 0.232823 0.752831 1.340975 1.814007 1.908089 1.911985 1.856819 1.492425 0.912925 0.410586 0.189594 0.105425 
0.077759 0.040325 0.020202 0.014495 0.012150 0.010434 0.007769 0.004636 0.001608 0.000484 0.000354 0.000373 0.000642 0.001996 0.007117 0.025899 0.106730 0.464516 1.046903 1.627489 1.883595 1.911011 1.898193 1.733268 1.202675 0.644566 0.265884 0.136989 
0.099970 0.056317 0.027011 0.016508 0.013029 0.011332 0.009160 0.006202 0.003011 0.000797 0.000387 0.000359 0.000445 0.001048 0.003615 0.013093 0.050802 0.233033 0.755710 1.345968 1.812714 1.904157 1.907806 1.853758 1.496504 0.923621 0.417686 0.184020 
0.131489 0.073094 0.038834 0.020003 0.014323 0.012028 0.010344 0.007710 0.004607 0.001608 0.000496 0.000366 0.000380 0.000617 0.001841 0.006626 0.024889 0.105787 0.466147 1.050839 1.630263 1.880384 1.906894 1.894294 1.733229 1.210062 0.657459 0.263449 
0.179077 0.094992 0.052947 0.026556 0.016317 0.012888 0.011228 0.009086 0.006159 0.002998 0.000807 0.000398 0.000369 0.000443 0.000982 0.003343 0.012388 0.049680 0.233105 0.758493 1.351107 1.811226 1.900266 1.903744 1.850878 1.500455 0.933761 0.424369 
0.261422 0.126524 0.068715 0.037056 0.019734 0.014161 0.011911 0.010255 0.007651 0.004578 0.001609 0.000508 0.000377 0.000388 0.000596 0.001707 0.006194 0.023972 0.104859 0.467578 1.054800 1.632983 1.877137 1.902875 1.890527 1.733287 1.217108 0.669551 
0.430766 0.174701 0.090393 0.049616 0.025831 0.016116 0.012754 0.011127 0.009012 0.006115 0.002985 0.000816 0.000409 0.000379 0.000443 0.000926 0.003107 0.011761 0.048638 0.233037 0.761189 1.356256 1.809664 1.896440 1.899788 1.848130 1.504332 0.943329 
0.680938 0.259794 0.121664 0.064908 0.035055 0.019386 0.014002 0.011798 0.010167 0.007592 0.004550 0.001611 0.000518 0.000387 0.000395 0.000579 0.001592 0.005815 0.023144 0.103958 0.468830 1.058722 1.635649 1.873909 1.898951 1.886873 1.733442 1.223830 
