0.000008 0.000008 0.499884 1.001165 1.003142 1.006374 1.009786 1.012048 0.512504 0.009330 0.006374 0.003142 0.000910 0.000140 0.000008 0.000008 0.000140 0.000910 0.003142 0.006374 0.009786 0.012048 0.012048 0.009786 0.006374 0.003142 0.000910 0.000140 
0.000041 0.000008 0.187286 0.812691 1.002244 1.004736 1.008080 1.011344 0.825173 0.198759 0.007517 0.004758 0.001815 0.000365 0.000041 0.000008 0.000041 0.000365 0.001815 0.004736 0.008080 0.011344 0.012048 0.011344 0.008080 0.004736 0.001815 0.000365 
0.000130 0.000016 0.046827 0.499419 0.954233 1.003695 1.006408 1.010130 0.964801 0.513234 0.056017 0.005816 0.003281 0.000809 0.000130 0.000016 0.000016 0.000130 0.000809 0.003220 0.006408 0.009954 0.011872 0.011872 0.009954 0.006408 0.003220 0.000809 
0.000328 0.000044 0.011719 0.227974 0.771312 0.990651 1.005264 1.008734 0.998798 0.784837 0.240024 0.019000 0.004232 0.001898 0.000328 0.000044 0.000016 0.000044 0.000328 0.001785 0.004769 0.008181 0.011356 0.011872 0.011356 0.008181 0.004769 0.001785 
0.000764 0.000115 0.002963 0.068701 0.498873 0.932163 1.000743 1.007867 1.006250 0.942823 0.514196 0.077948 0.008507 0.002773 0.000892 0.000122 0.000023 0.000023 0.000122 0.000764 0.003215 0.006475 0.010066 0.011743 0.011743 0.010066 0.006475 0.003215 
0.001744 0.000277 0.000827 0.020109 0.246060 0.752534 0.981818 1.006086 1.007462 0.989989 0.767184 0.258901 0.027301 0.004677 0.001555 0.000340 0.000048 0.000023 0.000048 0.000308 0.001742 0.004804 0.008300 0.011324 0.011743 0.011324 0.008300 0.004804 
0.003203 0.000644 0.000415 0.005785 0.081418 0.498464 0.918430 0.999675 1.007118 1.003094 0.929920 0.515242 0.090857 0.011113 0.002639 0.000717 0.000127 0.000029 0.000029 0.000119 0.000731 0.003194 0.006552 0.010144 0.011638 0.011638 0.010144 0.006552 
0.004847 0.001562 0.000472 0.001757 0.026036 0.256353 0.740631 0.977502 1.005257 1.006112 0.983794 0.757335 0.269937 0.033167 0.005238 0.001345 0.000299 0.000054 0.000029 0.000052 0.000294 0.001696 0.004844 0.008424 0.011264 0.011638 0.011264 0.008424 
0.006635 0.003030 0.000745 0.000793 0.008148 0.089685 0.496854 0.911346 0.998105 1.005899 1.000533 0.921600 0.516214 0.099342 0.013194 0.002579 0.000622 0.000121 0.000035 0.000035 0.000118 0.000706 0.003173 0.006634 0.010198 0.011545 0.011545 0.010198 
0.008530 0.004833 0.001437 0.000757 0.002644 0.030371 0.261842 0.734222 0.974467 1.003950 1.004557 0.979458 0.751283 0.277206 0.037385 0.005722 0.001236 0.000268 0.000057 0.000035 0.000056 0.000286 0.001653 0.004890 0.008525 0.011208 0.011545 0.011208 
0.010247 0.006682 0.002842 0.000927 0.001229 0.010048 0.095171 0.496852 0.906021 0.996428 1.004405 0.998282 0.916140 0.516460 0.105951 0.014760 0.002600 0.000562 0.000115 0.000040 0.000040 0.000118 0.000685 0.003159 0.006708 0.010237 0.011460 0.011460 
0.011157 0.008641 0.004761 0.001406 0.001002 0.003509 0.033533 0.266146 0.729981 0.971831 1.002411 1.002875 0.976216 0.747078 0.282690 0.040597 0.006149 0.001184 0.000246 0.000059 0.000040 0.000060 0.000280 0.001621 0.004934 0.008610 0.011154 0.011460 
0.011385 0.010308 0.006701 0.002699 0.001103 0.001629 0.011642 0.099366 0.498063 0.901241 0.994650 1.002759 0.996210 0.912267 0.515648 0.112207 0.016003 0.002660 0.000527 0.000111 0.000045 0.000045 0.000119 0.000670 0.003153 0.006772 0.010265 0.011384 
0.011384 0.011115 0.008736 0.004599 0.001502 0.001235 0.004264 0.036076 0.270249 0.726697 0.969271 1.000732 1.001122 0.973587 0.743401 0.287549 0.043390 0.006529 0.001164 0.000231 0.000061 0.000045 0.000064 0.000276 0.001596 0.004962 0.008691 0.011104 
0.011314 0.011317 0.010375 0.006667 0.002600 0.001302 0.001992 0.012974 0.104060 0.498473 0.897174 0.992769 1.001024 0.994238 0.908592 0.515475 0.117703 0.017085 0.002738 0.000507 0.000108 0.000049 0.000050 0.000121 0.000659 0.003143 0.006827 0.010293 
0.011058 0.011316 0.011082 0.008794 0.004450 0.001626 0.001474 0.004910 0.038491 0.274200 0.723763 0.966806 0.998960 0.999327 0.971130 0.740344 0.292022 0.045826 0.006883 0.001164 0.000222 0.000064 0.000049 0.000068 0.000274 0.001575 0.004985 0.008765 
0.010320 0.011252 0.011258 0.010422 0.006622 0.002533 0.001512 0.002333 0.014164 0.108545 0.498981 0.893441 0.990830 0.999236 0.992278 0.904728 0.516183 0.122619 0.018048 0.002829 0.000497 0.000107 0.000053 0.000054 0.000124 0.000651 0.003133 0.006875 
0.008832 0.011017 0.011256 0.011049 0.008825 0.004322 0.001767 0.001717 0.005496 0.040717 0.278051 0.721172 0.964381 0.997134 0.997496 0.968651 0.737763 0.296348 0.047996 0.007217 0.001178 0.000218 0.000066 0.000053 0.000072 0.000273 0.001556 0.005004 
0.006918 0.010344 0.011197 0.011204 0.010441 0.006580 0.002494 0.001730 0.002662 0.015246 0.112799 0.499611 0.889978 0.988856 0.997406 0.990285 0.901173 0.517056 0.127190 0.018922 0.002928 0.000496 0.000108 0.000056 0.000058 0.000127 0.000644 0.003122 
0.005020 0.008892 0.010981 0.011202 0.011014 0.008830 0.004218 0.001921 0.001963 0.006041 0.042780 0.281798 0.718872 0.961999 0.995268 0.995626 0.966227 0.735569 0.300457 0.049987 0.007534 0.001201 0.000218 0.000069 0.000057 0.000075 0.000273 0.001538 
0.003111 0.006956 0.010365 0.011147 0.011155 0.010421 0.006552 0.002495 0.001931 0.002993 0.016245 0.116840 0.500335 0.886752 0.986861 0.995536 0.988276 0.897937 0.518013 0.131446 0.019731 0.003030 0.000500 0.000109 0.000060 0.000061 0.000129 0.000639 
0.001522 0.005034 0.008946 0.010950 0.011153 0.010972 0.008810 0.004157 0.002072 0.002197 0.006571 0.044707 0.285434 0.716818 0.959665 0.993368 0.993721 0.963876 0.733711 0.304338 0.051835 0.007838 0.001231 0.000220 0.000072 0.000060 0.000079 0.000274 
0.000634 0.003101 0.006990 0.010386 0.011102 0.011108 0.010386 0.006465 0.002594 0.002104 0.003322 0.017199 0.120681 0.501126 0.883739 0.984854 0.993633 0.986260 0.895004 0.519025 0.135414 0.020489 0.003135 0.000509 0.000112 0.000063 0.000065 0.000132 
0.000274 0.001507 0.005045 0.008995 0.010922 0.011106 0.010927 0.008735 0.004161 0.002226 0.002408 0.007095 0.046539 0.288947 0.714981 0.957380 0.991438 0.991790 0.961603 0.732152 0.307999 0.053558 0.008130 0.001265 0.000224 0.000075 0.000064 0.000082 
0.000135 0.000631 0.003090 0.007032 0.010394 0.011060 0.011062 0.010334 0.006384 0.002710 0.002272 0.003625 0.018128 0.124350 0.501964 0.880920 0.982836 0.991702 0.984243 0.892350 0.520075 0.139117 0.021204 0.003242 0.000521 0.000115 0.000067 0.000068 
0.000085 0.000275 0.001492 0.005061 0.009039 0.010893 0.011061 0.010880 0.008671 0.004163 0.002381 0.002610 0.007590 0.048309 0.292343 0.713333 0.955140 0.989485 0.989837 0.959405 0.730859 0.311454 0.055172 0.008412 0.001302 0.000229 0.000079 0.000067 
0.000072 0.000137 0.000627 0.003083 0.007084 0.010388 0.011019 0.011016 0.010282 0.006310 0.002827 0.002438 0.003912 0.019014 0.127882 0.502838 0.878274 0.980811 0.989749 0.982229 0.889950 0.521157 0.142578 0.021880 0.003348 0.000535 0.000119 0.000070 
0.000070 0.000088 0.000276 0.001478 0.005084 0.009078 0.010861 0.011019 0.010832 0.008609 0.004169 0.002535 0.002807 0.008056 0.050007 0.295648 0.711851 0.952942 0.987514 0.987869 0.957279 0.729806 0.314719 0.056687 0.008685 0.001342 0.000236 0.000082 
