0.002588 0.003257 0.009373 0.026437 0.066376 0.146601 0.266850 0.958752 1.712069 1.888064 2.003484 2.001744 1.892670 1.183411 0.438118 0.276239 0.144917 0.066122 0.026402 0.010995 0.008925 0.011161 0.016325 0.019957 0.019932 0.016175 0.010537 0.004792 
0.003139 0.002755 0.004953 0.015168 0.040688 0.101442 0.191694 0.548699 1.385577 1.822066 1.967773 2.003049 1.974040 1.603933 0.758073 0.336944 0.206758 0.098953 0.040264 0.015364 0.009443 0.009484 0.013656 0.018786 0.019951 0.018752 0.013369 0.007498 
0.004680 0.002851 0.003304 0.008056 0.024102 0.066163 0.135286 0.303509 0.951779 1.672004 1.922528 1.994230 1.995797 1.874261 1.193759 0.474772 0.255578 0.150058 0.062358 0.023070 0.010923 0.009453 0.010939 0.016571 0.019659 0.019651 0.016495 0.010433 
0.007256 0.003308 0.002964 0.004606 0.013255 0.040503 0.092084 0.194623 0.579671 1.339289 1.841971 1.975913 1.995405 1.965413 1.593499 0.799191 0.336756 0.189628 0.102840 0.035928 0.014327 0.009821 0.009825 0.013423 0.018820 0.019657 0.018829 0.013464 
0.010360 0.004592 0.003050 0.003375 0.007178 0.022594 0.059924 0.130536 0.317830 0.959480 1.652097 1.937554 1.990532 1.987907 1.864936 1.202655 0.505467 0.244801 0.138692 0.063936 0.020854 0.010947 0.009822 0.010950 0.016586 0.019448 0.019450 0.016715 
0.013648 0.007068 0.003436 0.003131 0.004407 0.011983 0.036287 0.086404 0.195013 0.598901 1.321001 1.852946 1.977287 1.989876 1.956508 1.590202 0.832079 0.336495 0.178483 0.097395 0.035527 0.013705 0.010103 0.010104 0.013346 0.018721 0.019450 0.018766 
0.016859 0.010358 0.004505 0.003208 0.003450 0.006620 0.019953 0.054892 0.126085 0.333847 0.959951 1.646151 1.943055 1.986729 1.981534 1.856590 1.214329 0.529025 0.237737 0.128323 0.061781 0.020062 0.011004 0.010103 0.011053 0.016523 0.019267 0.019279 
0.018674 0.013816 0.006943 0.003532 0.003268 0.004303 0.010745 0.032021 0.081425 0.195824 0.613064 1.314600 1.857910 1.975810 1.985430 1.948999 1.589886 0.858836 0.337913 0.169353 0.089693 0.034868 0.013493 0.010328 0.010341 0.013342 0.018576 0.019276 
0.019125 0.016954 0.010374 0.004451 0.003334 0.003527 0.006173 0.017675 0.049691 0.122375 0.345352 0.963832 1.644472 1.943930 1.983025 1.976322 1.850113 1.225964 0.549133 0.231408 0.119566 0.057666 0.019628 0.011120 0.010332 0.011190 0.016438 0.019101 
0.019119 0.018583 0.013943 0.006869 0.003613 0.003382 0.004237 0.009710 0.028554 0.075866 0.196291 0.625256 1.314367 1.859292 1.973251 1.981349 1.943094 1.591090 0.882376 0.338800 0.161507 0.082373 0.033037 0.013444 0.010529 0.010546 0.013373 0.018420 
0.018944 0.018985 0.017013 0.010336 0.004485 0.003440 0.003596 0.005818 0.015789 0.045094 0.117800 0.354741 0.969812 1.644479 1.942737 1.979325 1.971785 1.845529 1.237321 0.566322 0.225613 0.112048 0.052712 0.019071 0.011257 0.010533 0.011333 0.016352 
0.018266 0.018975 0.018492 0.014016 0.006837 0.003701 0.003479 0.004191 0.008867 0.025608 0.070596 0.195212 0.637178 1.316914 1.859026 1.970178 1.977440 1.938337 1.593736 0.901822 0.340484 0.154635 0.075601 0.030428 0.013392 0.010714 0.010733 0.013415 
0.016269 0.018798 0.018854 0.017031 0.010313 0.004541 0.003535 0.003657 0.005537 0.014221 0.041040 0.112997 0.362382 0.977046 1.645149 1.940574 1.975624 1.967664 1.842411 1.248118 0.581126 0.220856 0.105239 0.047394 0.018320 0.011384 0.010719 0.011473 
0.013460 0.018119 0.018840 0.018398 0.014056 0.006839 0.003786 0.003565 0.004158 0.008178 0.023097 0.065734 0.193333 0.648547 1.320754 1.857955 1.966862 1.973634 1.934361 1.597325 0.914622 0.346521 0.148595 0.069095 0.027361 0.013284 0.010885 0.010907 
0.011607 0.016191 0.018660 0.018730 0.017019 0.010308 0.004605 0.003620 0.003713 0.005311 0.012913 0.037486 0.108293 0.368814 0.984651 1.646154 1.937942 1.971941 1.963816 1.840283 1.257053 0.594715 0.217952 0.098908 0.041810 0.017403 0.011485 0.010891 
0.011070 0.013505 0.017981 0.018712 0.018302 0.014074 0.006863 0.003866 0.003644 0.004136 0.007611 0.020957 0.061331 0.191125 0.659174 1.325143 1.856495 1.963441 1.969910 1.930901 1.600577 0.925884 0.353302 0.142943 0.062186 0.024984 0.013113 0.011039 
0.011047 0.011735 0.016120 0.018529 0.018610 0.016987 0.010317 0.004671 0.003699 0.003767 0.005128 0.011816 0.034387 0.103873 0.374352 0.992159 1.647329 1.935088 1.968293 1.960158 1.838568 1.264986 0.607846 0.215722 0.091676 0.037252 0.016599 0.011558 
0.011174 0.011219 0.013552 0.017853 0.018590 0.018204 0.014080 0.006903 0.003942 0.003716 0.004124 0.007140 0.019131 0.057401 0.188864 0.668979 1.329700 1.854847 1.959992 1.966259 1.927727 1.603522 0.936416 0.360653 0.136293 0.056021 0.023023 0.012946 
0.011617 0.011186 0.011859 0.016056 0.018405 0.018493 0.016943 0.010335 0.004739 0.003773 0.003818 0.004980 0.010892 0.031696 0.099834 0.379197 0.999340 1.648577 1.932138 1.964692 1.956626 1.837042 1.272306 0.621237 0.212451 0.084339 0.033792 0.015908 
0.012798 0.011293 0.011354 0.013601 0.017733 0.018471 0.018106 0.014077 0.006953 0.004014 0.003784 0.004120 0.006748 0.017571 0.053932 0.186710 0.677955 1.334223 1.853110 1.956554 1.962676 1.924714 1.606162 0.946771 0.367488 0.129004 0.050899 0.021451 
0.015337 0.011670 0.011309 0.011976 0.015999 0.018287 0.018380 0.016891 0.010359 0.004807 0.003842 0.003868 0.004861 0.010111 0.029367 0.096216 0.383493 1.006089 1.649839 1.929162 1.961145 1.953185 1.835585 1.279253 0.634327 0.208151 0.077788 0.030977 
0.020164 0.012677 0.011399 0.011475 0.013652 0.017623 0.018357 0.018008 0.014069 0.007007 0.004083 0.003848 0.004123 0.006422 0.016238 0.050893 0.184748 0.686141 1.338602 1.851336 1.953149 1.959155 1.921795 1.608635 0.956790 0.373214 0.122081 0.046589 
0.028642 0.014868 0.011718 0.011418 0.012086 0.015950 0.018173 0.018269 0.016834 0.010387 0.004873 0.003907 0.003917 0.004766 0.009450 0.027355 0.093021 0.387351 1.012372 1.651073 1.926195 1.957654 1.949815 1.834165 1.285903 0.646305 0.203737 0.072069 
0.042942 0.019099 0.012581 0.011493 0.011585 0.013702 0.017520 0.018245 0.017910 0.014057 0.007065 0.004148 0.003909 0.004132 0.006150 0.015098 0.048248 0.183020 0.693606 1.342780 1.849549 1.949789 1.955694 1.918943 1.611071 0.966104 0.377988 0.115842 
0.067128 0.026689 0.014482 0.011765 0.011516 0.012189 0.015907 0.018064 0.018162 0.016774 0.010416 0.004937 0.003969 0.003965 0.004692 0.008891 0.025622 0.090229 0.390859 1.018193 1.652251 1.923253 1.954218 1.946506 1.832787 1.292241 0.656962 0.199604 
0.110357 0.039851 0.018213 0.012507 0.011578 0.011684 0.013752 0.017426 0.018137 0.017815 0.014043 0.007124 0.004212 0.003966 0.004147 0.005923 0.014124 0.045957 0.181538 0.700426 1.346729 1.847761 1.946477 1.952290 1.916149 1.613494 0.974601 0.381992 
0.195892 0.062887 0.025049 0.014165 0.011810 0.011605 0.012285 0.015870 0.017959 0.018057 0.016713 0.010447 0.005002 0.004028 0.004011 0.004636 0.008418 0.024132 0.087810 0.394089 1.023578 1.653354 1.920344 1.950837 1.943255 1.831450 1.298246 0.666344 
0.385382 0.105597 0.037230 0.017475 0.012450 0.011656 0.011775 0.013800 0.017339 0.018032 0.017721 0.014027 0.007184 0.004275 0.004015 0.004167 0.005738 0.013292 0.043980 0.180299 0.706681 1.350440 1.845974 1.943214 1.948941 1.913408 1.615884 0.982295 
