0.253280 0.269064 0.267597 0.755476 1.351042 1.481508 1.673795 1.866648 1.985014 1.507459 0.865723 0.734653 0.587882 0.472632 0.387851 0.311143 0.225702 0.139655 0.066442 0.019085 0.003037 0.000195 0.000170 0.002827 0.018427 0.063633 0.129071 0.196569 
0.229415 0.265118 0.268330 0.437090 1.095088 1.424856 1.577581 1.770221 1.949937 1.826453 1.139141 0.785767 0.661268 0.526317 0.426433 0.349580 0.268499 0.182678 0.101444 0.037623 0.007759 0.000911 0.000176 0.000834 0.007391 0.036751 0.096095 0.162820 
0.196134 0.254788 0.266724 0.311324 0.726030 1.304041 1.515320 1.673901 1.884159 1.919066 1.537840 0.907665 0.709261 0.593792 0.471992 0.385656 0.309632 0.225588 0.141488 0.066845 0.016937 0.002807 0.000360 0.000340 0.002638 0.016370 0.065422 0.129457 
0.162796 0.230812 0.260756 0.280858 0.457575 1.034467 1.436090 1.594738 1.796586 1.910339 1.807225 1.193581 0.783663 0.641952 0.532892 0.424391 0.347357 0.267617 0.183538 0.102984 0.036094 0.006951 0.000976 0.000345 0.000915 0.006645 0.036325 0.097110 
0.129661 0.197819 0.249527 0.269525 0.330063 0.718089 1.267728 1.529845 1.695662 1.878694 1.884561 1.551330 0.947344 0.695093 0.583340 0.478572 0.382279 0.308030 0.225578 0.142821 0.066755 0.015731 0.002628 0.000503 0.000488 0.002490 0.015498 0.065926 
0.097241 0.163740 0.227193 0.259526 0.289659 0.470505 0.996084 1.431551 1.622639 1.808590 1.883094 1.793444 1.236902 0.786094 0.625248 0.530083 0.429366 0.343424 0.266842 0.184199 0.103951 0.035011 0.006435 0.001038 0.000492 0.000988 0.006242 0.035997 
0.065745 0.130491 0.195848 0.247250 0.271101 0.342404 0.712809 1.231743 1.550981 1.720874 1.864468 1.860681 1.562328 0.982142 0.685565 0.570149 0.479724 0.384548 0.304721 0.225521 0.143776 0.066594 0.014928 0.002524 0.000628 0.000616 0.002426 0.014994 
0.035419 0.098042 0.163169 0.223756 0.259175 0.294889 0.480565 0.972276 1.416324 1.654596 1.813908 1.863521 1.783081 1.272235 0.790184 0.613430 0.522407 0.432136 0.342716 0.265360 0.184648 0.104615 0.034214 0.006099 0.001105 0.000619 0.001068 0.006021 
0.014608 0.065939 0.130605 0.194030 0.244574 0.272568 0.350237 0.711376 1.200258 1.561182 1.751632 1.851118 1.843411 1.571404 1.011542 0.679713 0.557202 0.477177 0.387320 0.302949 0.225004 0.144547 0.066439 0.014376 0.002475 0.000740 0.000731 0.002419 
0.005888 0.035238 0.098272 0.162473 0.220912 0.257891 0.298983 0.489113 0.955817 1.396715 1.677716 1.825182 1.849191 1.773483 1.293454 0.806273 0.603144 0.513108 0.432249 0.344449 0.263488 0.184775 0.105199 0.033619 0.005884 0.001176 0.000734 0.001153 
0.002442 0.014409 0.066067 0.130373 0.192413 0.241570 0.273301 0.356789 0.711659 1.179491 1.557202 1.780572 1.843189 1.830264 1.575439 1.039748 0.676435 0.546871 0.472399 0.388349 0.303113 0.223959 0.144987 0.066396 0.013995 0.002464 0.000844 0.000838 
0.001239 0.005834 0.035192 0.098220 0.161676 0.218602 0.255647 0.302105 0.496617 0.945575 1.379612 1.700447 1.827535 1.839958 1.763327 1.310848 0.823521 0.595458 0.503946 0.430522 0.345731 0.262776 0.184450 0.105644 0.033254 0.005752 0.001251 0.000840 
0.000940 0.002488 0.014322 0.066113 0.129948 0.190955 0.238433 0.273069 0.362348 0.713605 1.164459 1.562512 1.792657 1.836852 1.820800 1.578846 1.063284 0.675351 0.538263 0.466394 0.388126 0.304024 0.223094 0.145047 0.066474 0.013753 0.002479 0.000943 
0.000940 0.001327 0.005834 0.035197 0.098030 0.160805 0.216385 0.253027 0.304048 0.503939 0.939032 1.370086 1.716292 1.825803 1.832839 1.756298 1.325022 0.839145 0.589671 0.494976 0.427990 0.346075 0.263162 0.183776 0.105761 0.033110 0.005681 0.001327 
0.001037 0.001037 0.002550 0.014301 0.066101 0.129425 0.189494 0.235276 0.272160 0.366776 0.717072 1.155064 1.569693 1.796666 1.831080 1.813704 1.582260 1.082083 0.677347 0.530487 0.459885 0.387157 0.304619 0.223028 0.144597 0.066541 0.013627 0.002513 
0.001406 0.001037 0.001415 0.005866 0.035223 0.097763 0.159867 0.214171 0.250220 0.305035 0.510829 0.936068 1.365299 1.726405 1.822477 1.826736 1.751499 1.336832 0.853908 0.584852 0.486626 0.424747 0.345888 0.263705 0.183418 0.105522 0.033105 0.005660 
0.002562 0.001129 0.001132 0.002623 0.014318 0.066015 0.128869 0.187994 0.232131 0.270775 0.370187 0.721243 1.150683 1.575488 1.797394 1.825671 1.807927 1.585722 1.095370 0.683571 0.523461 0.453266 0.385733 0.304797 0.223325 0.144171 0.066438 0.013585 
0.005676 0.001487 0.001130 0.001505 0.005919 0.035233 0.097442 0.158898 0.211936 0.247310 0.305289 0.516888 0.935963 1.363665 1.732472 1.818602 1.821235 1.747939 1.346289 0.868204 0.581037 0.479589 0.420842 0.345332 0.264061 0.183458 0.105127 0.033051 
0.013566 0.002624 0.001219 0.001224 0.002702 0.014351 0.065890 0.128264 0.186469 0.229005 0.269052 0.373199 0.725347 1.149814 1.579999 1.796411 1.820577 1.802911 1.588551 1.107247 0.690222 0.517632 0.446974 0.383807 0.304696 0.223676 0.144009 0.066141 
0.032856 0.005711 0.001570 0.001220 0.001594 0.005984 0.035236 0.097077 0.157888 0.209696 0.244334 0.305100 0.522251 0.936866 1.364906 1.735937 1.814535 1.816160 1.744905 1.354472 0.881719 0.578444 0.473471 0.416447 0.344490 0.264186 0.183673 0.104850 
0.065786 0.013532 0.002693 0.001308 0.001314 0.002785 0.014395 0.065740 0.127611 0.184917 0.225895 0.267121 0.377041 0.727880 1.150886 1.584277 1.794479 1.815754 1.798346 1.590968 1.118095 0.697231 0.512836 0.440832 0.381512 0.304364 0.223929 0.144050 
0.104716 0.032586 0.005749 0.001654 0.001309 0.001683 0.006055 0.035235 0.096675 0.156835 0.207416 0.241355 0.304908 0.527065 0.938085 1.369205 1.736610 1.810435 1.811402 1.742150 1.361796 0.894653 0.576936 0.467833 0.411815 0.343349 0.264147 0.183920 
0.144191 0.065460 0.013482 0.002764 0.001396 0.001403 0.002870 0.014444 0.065570 0.126915 0.183323 0.222764 0.265187 0.380497 0.730062 1.153645 1.588341 1.791737 1.811160 1.794089 1.593053 1.128225 0.704677 0.508747 0.434744 0.378924 0.303876 0.224034 
0.184112 0.104686 0.032309 0.005786 0.001738 0.001397 0.001771 0.006130 0.035232 0.096243 0.155736 0.204791 0.238673 0.304620 0.531159 0.940464 1.374481 1.736033 1.806305 1.806893 1.739562 1.368483 0.907330 0.576230 0.462495 0.406965 0.341999 0.263955 
0.224033 0.144347 0.065200 0.013429 0.002835 0.001482 0.001491 0.002955 0.014495 0.065387 0.126179 0.181568 0.219620 0.263403 0.383214 0.732723 1.157473 1.591941 1.788590 1.806746 1.790060 1.594834 1.137907 0.712569 0.504811 0.428968 0.376117 0.303202 
0.263682 0.184190 0.104706 0.032070 0.005821 0.001821 0.001485 0.001859 0.006206 0.035227 0.095783 0.154549 0.202045 0.236039 0.304301 0.534827 0.943883 1.379853 1.734888 1.802207 1.802574 1.737082 1.374680 0.920061 0.575712 0.457409 0.402177 0.340441 
0.302403 0.223936 0.144447 0.065014 0.013384 0.002905 0.001569 0.001578 0.003039 0.014548 0.065191 0.125390 0.179706 0.216481 0.261603 0.385498 0.735991 1.161868 1.595037 1.785285 1.802482 1.786201 1.596335 1.147371 0.720635 0.500793 0.423702 0.373187 
0.338756 0.263298 0.184192 0.104724 0.031890 0.005858 0.001903 0.001571 0.001946 0.006282 0.035222 0.095290 0.153283 0.199242 0.233401 0.303857 0.538483 0.948018 1.385037 1.733424 1.798183 1.798412 1.734664 1.380507 0.931224 0.576645 0.452611 0.397656 
