0.108436 0.084181 0.557639 1.032436 1.011857 1.011523 1.025725 1.079135 0.653956 0.263660 0.489054 0.726423 0.955602 1.092982 1.092982 0.955602 0.726423 0.489054 0.284944 0.145926 0.065882 0.025725 0.011523 0.011857 0.028517 0.057639 0.088100 0.108436 
0.108436 0.096308 0.261560 0.854387 1.022230 1.011606 1.015073 1.055981 0.919693 0.405661 0.346686 0.607739 0.842036 1.052939 1.092982 1.052939 0.842036 0.607739 0.382842 0.207298 0.098532 0.039348 0.015073 0.011606 0.016630 0.042911 0.072870 0.102076 
0.106846 0.102372 0.137621 0.557326 0.980270 1.016918 1.012473 1.036394 1.021909 0.643349 0.361430 0.444581 0.728232 0.966765 1.082972 1.082972 0.966765 0.724888 0.494115 0.288901 0.144568 0.061413 0.022009 0.012473 0.012862 0.027282 0.057890 0.089627 
0.102204 0.104609 0.111185 0.303418 0.812504 1.007756 1.014696 1.024433 1.032772 0.876327 0.455069 0.382217 0.571738 0.853903 1.053920 1.082972 1.053920 0.847009 0.608113 0.388313 0.209124 0.094800 0.034244 0.014857 0.012570 0.016565 0.042223 0.073759 
0.091322 0.103407 0.106854 0.160887 0.557206 0.957208 1.011744 1.019565 1.029820 0.993661 0.644800 0.400430 0.441707 0.712820 0.981919 1.075709 1.075709 0.973063 0.727561 0.495826 0.293642 0.143854 0.055078 0.020275 0.013142 0.013569 0.026451 0.057991 
0.075802 0.099524 0.105131 0.121225 0.322554 0.793573 0.996155 1.016327 1.025974 1.020780 0.853799 0.479007 0.410750 0.553694 0.857811 1.052261 1.075709 1.050047 0.855339 0.609973 0.391040 0.212199 0.089443 0.030759 0.014925 0.013249 0.016896 0.041275 
0.058538 0.090577 0.102327 0.110556 0.175580 0.557751 0.940466 1.008872 1.023563 1.024676 0.977736 0.641722 0.427814 0.446486 0.703474 0.987189 1.069847 1.069293 0.976948 0.732656 0.497202 0.296608 0.143137 0.049389 0.019303 0.013668 0.014161 0.025681 
0.040883 0.075727 0.097921 0.105853 0.128869 0.335082 0.779846 0.988098 1.019612 1.024398 1.012941 0.839996 0.492766 0.432482 0.544183 0.860132 1.049182 1.069708 1.046069 0.862252 0.613824 0.392548 0.213982 0.084600 0.028233 0.015077 0.013791 0.017164 
0.025511 0.058305 0.089196 0.101887 0.113590 0.186176 0.556955 0.928157 1.010537 1.023201 1.021533 0.966841 0.638216 0.447553 0.460407 0.690589 0.989019 1.064577 1.063798 0.979304 0.738038 0.499792 0.297926 0.141062 0.045614 0.018687 0.014112 0.014634 
0.017484 0.040528 0.074677 0.097128 0.106399 0.134663 0.343312 0.768361 0.986776 1.020035 1.022784 1.007443 0.829933 0.501806 0.450767 0.541408 0.858218 1.045687 1.064382 1.042480 0.867706 0.618538 0.394312 0.213869 0.080462 0.026563 0.015256 0.014243 
0.015053 0.025548 0.057603 0.087853 0.101763 0.115783 0.193891 0.554868 0.922385 1.011033 1.022097 1.018949 0.955869 0.637614 0.463527 0.473427 0.682872 0.986880 1.059709 1.058907 0.980764 0.743122 0.503307 0.298617 0.138085 0.042864 0.018336 0.014496 
0.014635 0.017816 0.040192 0.073257 0.096534 0.107021 0.138815 0.347967 0.762404 0.986105 1.019331 1.021310 1.002392 0.820753 0.510788 0.466002 0.542624 0.854670 1.041502 1.059508 1.039171 0.872384 0.623214 0.396571 0.212832 0.076540 0.025428 0.015456 
0.014841 0.015431 0.025666 0.056725 0.086407 0.101777 0.117591 0.199534 0.555185 0.917753 1.010530 1.020815 1.016580 0.945589 0.638222 0.477198 0.485157 0.678797 0.982590 1.055006 1.054424 0.981839 0.747799 0.507077 0.299339 0.134496 0.040699 0.018154 
0.015669 0.014988 0.018137 0.039872 0.071738 0.095826 0.107707 0.142030 0.352525 0.758596 0.984764 1.018244 1.019756 0.997774 0.812578 0.519289 0.479188 0.545992 0.850564 1.036902 1.054861 1.036132 0.876763 0.627438 0.399085 0.211555 0.072629 0.024619 
0.018077 0.015158 0.015775 0.025808 0.055805 0.084795 0.101766 0.119258 0.205099 0.555560 0.914069 1.009496 1.019378 1.014261 0.936342 0.639298 0.489213 0.495889 0.676908 0.977315 1.050371 1.050179 0.982931 0.752101 0.510640 0.300217 0.130653 0.038859 
0.024002 0.015888 0.015313 0.018438 0.039565 0.070426 0.094718 0.108326 0.145092 0.356976 0.755771 0.983168 1.016908 1.018099 0.993502 0.805470 0.527125 0.490882 0.550516 0.846398 1.032107 1.050323 1.033318 0.880886 0.631370 0.401549 0.210328 0.068756 
0.037219 0.018060 0.015456 0.016094 0.025925 0.054995 0.083393 0.101156 0.120919 0.210376 0.556374 0.910884 1.008175 1.017801 1.011950 0.928130 0.640565 0.499943 0.505791 0.676381 0.971684 1.045769 1.046072 0.984041 0.756128 0.513998 0.301113 0.126828 
0.065027 0.023501 0.016107 0.015616 0.018711 0.039284 0.069278 0.093354 0.108567 0.148224 0.361425 0.753620 0.981446 1.015395 1.016338 0.989532 0.798548 0.535099 0.501405 0.555635 0.842424 1.027172 1.045996 1.030564 0.884843 0.635063 0.403900 0.209146 
0.123124 0.035731 0.018079 0.015739 0.016390 0.026022 0.054281 0.082056 0.100167 0.122285 0.215715 0.557523 0.908070 1.006671 1.016102 1.009637 0.920270 0.642316 0.509828 0.514962 0.676738 0.965940 1.041290 1.042138 0.985068 0.759953 0.517154 0.301972 
0.207498 0.061992 0.023077 0.016324 0.015901 0.018961 0.039028 0.068229 0.091818 0.108461 0.151172 0.366158 0.751965 0.979663 1.013745 1.014486 0.985678 0.792073 0.542950 0.511112 0.560983 0.838652 1.022241 1.041926 1.027871 0.888593 0.638554 0.406111 
0.302576 0.119647 0.034494 0.018118 0.016007 0.016666 0.026109 0.053628 0.080725 0.098927 0.123300 0.221117 0.559061 0.905520 1.005039 1.014301 1.007284 0.912814 0.644331 0.519071 0.523580 0.677577 0.960234 1.037005 1.038412 0.985973 0.763573 0.520133 
0.408119 0.205205 0.059876 0.022739 0.016535 0.016172 0.019192 0.038789 0.067230 0.090167 0.108067 0.153847 0.371236 0.750718 0.977844 1.011985 1.012546 0.981912 0.786270 0.550386 0.520199 0.566373 0.835045 1.017460 1.038060 1.025302 0.892093 0.641853 
0.522923 0.302810 0.116461 0.033575 0.018177 0.016263 0.016927 0.026190 0.053009 0.079386 0.097509 0.123987 0.226551 0.560977 0.903181 1.003309 1.012406 1.004888 0.905918 0.646389 0.527745 0.531742 0.678669 0.954686 1.032910 1.034871 0.986788 0.766973 
0.644948 0.409874 0.202843 0.058146 0.022505 0.016741 0.016429 0.019409 0.038563 0.066253 0.088435 0.107438 0.156248 0.376630 0.749822 0.976003 1.010132 1.010527 0.978266 0.781072 0.557406 0.528745 0.571703 0.831624 1.012864 1.034381 1.022850 0.895366 
0.770157 0.525493 0.302853 0.113526 0.032856 0.018260 0.016507 0.017174 0.026270 0.052408 0.078032 0.095958 0.124391 0.231992 0.563226 0.901029 1.001501 1.010428 1.002461 0.899562 0.648447 0.535910 0.539484 0.679912 0.949355 1.029002 1.031498 0.987528 
0.898433 0.647825 0.411420 0.200527 0.056672 0.022347 0.016945 0.016673 0.019614 0.038346 0.065285 0.086644 0.106621 0.158400 0.382284 0.749235 0.974151 1.008196 1.008436 0.974745 0.776414 0.564044 0.536804 0.576912 0.828402 1.008466 1.030874 1.020506 
0.987395 0.773937 0.527847 0.302784 0.110819 0.032279 0.018363 0.016741 0.017409 0.026348 0.051815 0.076662 0.094308 0.124560 0.237417 0.565759 0.899051 0.999625 1.008376 1.000013 0.893703 0.650493 0.543614 0.546831 0.681248 0.944268 1.025272 1.028282 
1.018060 0.901206 0.650892 0.412687 0.198304 0.055393 0.022248 0.017147 0.016908 0.019810 0.038133 0.064316 0.084810 0.105653 0.160337 0.388141 0.748923 0.972294 1.006188 1.006286 0.971345 0.772240 0.570334 0.544418 0.581966 0.825385 1.004269 1.027529 
