0.007078 0.002026 0.000657 0.000810 0.003015 0.009818 0.028454 0.559587 1.173238 1.298276 1.487880 1.695495 1.904335 1.500440 0.976396 0.868686 0.669585 0.460701 0.276080 0.145390 0.067432 0.033289 0.024824 0.025055 0.027856 0.027467 0.021997 0.014354 
0.010670 0.003985 0.000999 0.000695 0.001399 0.005267 0.016177 0.221973 0.911860 1.243316 1.390827 1.591534 1.826020 1.767893 1.199840 0.920501 0.770358 0.565143 0.365358 0.203994 0.098610 0.043942 0.026940 0.024882 0.026514 0.027759 0.025590 0.018176 
0.014423 0.007136 0.001822 0.000771 0.000871 0.002542 0.008962 0.070354 0.535501 1.123574 1.328861 1.486958 1.738088 1.811488 1.539170 1.025253 0.836164 0.667750 0.464571 0.279873 0.144304 0.062353 0.031705 0.025396 0.025494 0.027340 0.027217 0.022279 
0.018351 0.010708 0.003830 0.001034 0.000796 0.001314 0.004565 0.025914 0.244766 0.851725 1.251878 1.402179 1.625564 1.793138 1.739569 1.265244 0.907072 0.753718 0.566161 0.369912 0.205947 0.094045 0.040944 0.026973 0.025421 0.026441 0.027310 0.025699 
0.022578 0.014529 0.007013 0.001792 0.000855 0.000926 0.002256 0.010715 0.085965 0.527089 1.090097 1.336681 1.513871 1.737274 1.779746 1.548305 1.065206 0.815501 0.661026 0.468036 0.283894 0.142776 0.057712 0.030854 0.025809 0.025803 0.027003 0.026907 
0.025724 0.018553 0.010705 0.003697 0.001090 0.000873 0.001276 0.004704 0.031642 0.254963 0.817323 1.244212 1.428174 1.642880 1.769128 1.721886 1.309283 0.911180 0.731174 0.564531 0.374859 0.207957 0.089319 0.038830 0.027072 0.025805 0.026403 0.026979 
0.026665 0.022806 0.014629 0.006872 0.001796 0.000927 0.000974 0.002233 0.012295 0.094207 0.521678 1.055072 1.355345 1.535527 1.732842 1.757317 1.555349 1.103657 0.798676 0.649061 0.469695 0.288562 0.140397 0.054392 0.030328 0.026121 0.026029 0.026766 
0.026741 0.025675 0.018775 0.010698 0.003581 0.001144 0.000939 0.001300 0.005064 0.035289 0.261747 0.788375 1.234348 1.458306 1.652730 1.751199 1.706825 1.335472 0.932109 0.708886 0.559599 0.379129 0.210359 0.084890 0.037396 0.027196 0.026052 0.026398 
0.026612 0.026474 0.022968 0.014736 0.006739 0.001805 0.000990 0.001029 0.002331 0.013561 0.099459 0.515847 1.021443 1.374079 1.559210 1.726268 1.740105 1.560476 1.133791 0.797980 0.628898 0.469364 0.293281 0.138402 0.051819 0.030032 0.026338 0.026182 
0.026397 0.026578 0.025563 0.019005 0.010709 0.003476 0.001194 0.001000 0.001364 0.005464 0.037843 0.265928 0.768645 1.216881 1.487582 1.662421 1.736646 1.695198 1.355562 0.954526 0.692598 0.550006 0.381323 0.213191 0.081197 0.036402 0.027301 0.026221 
0.026286 0.026510 0.026324 0.023068 0.014857 0.006626 0.001813 0.001048 0.001091 0.002481 0.014584 0.102959 0.511468 0.999573 1.374424 1.590283 1.718090 1.726284 1.565147 1.155044 0.806173 0.609647 0.465664 0.297188 0.137376 0.049876 0.029846 0.026491 
0.026337 0.026398 0.026464 0.025464 0.019177 0.010741 0.003382 0.001240 0.001059 0.001449 0.005854 0.039704 0.268294 0.755521 1.201155 1.502227 1.679120 1.724235 1.686000 1.371074 0.972954 0.688867 0.534149 0.381426 0.216199 0.078657 0.035692 0.027381 
0.026598 0.026360 0.026439 0.026214 0.023125 0.014959 0.006543 0.001820 0.001104 0.001157 0.002648 0.015417 0.105314 0.508152 0.983537 1.369762 1.617029 1.712956 1.714676 1.568743 1.172014 0.816657 0.595337 0.459101 0.298812 0.137516 0.048512 0.029720 
0.027438 0.026419 0.026399 0.026383 0.025385 0.019322 0.010751 0.003308 0.001283 0.001117 0.001542 0.006213 0.041084 0.269784 0.745844 1.187794 1.517691 1.688545 1.714246 1.678193 1.383486 0.989164 0.689242 0.519590 0.379083 0.218164 0.077550 0.035198 
0.029633 0.026679 0.026407 0.026393 0.026129 0.023175 0.015036 0.006464 0.001831 0.001159 0.001224 0.002816 0.016098 0.106977 0.505481 0.971083 1.366749 1.637930 1.707821 1.705233 1.571117 1.186325 0.827403 0.588132 0.448245 0.298624 0.138330 0.047726 
0.034895 0.027486 0.026478 0.026400 0.026323 0.025325 0.019439 0.010750 0.003244 0.001327 0.001175 0.001638 0.006535 0.042138 0.270748 0.738282 1.177658 1.534325 1.690348 1.707174 1.671057 1.393291 1.003631 0.692811 0.506982 0.374768 0.218477 0.077514 
0.047402 0.029590 0.026750 0.026429 0.026371 0.026055 0.023218 0.015095 0.006391 0.001844 0.001213 0.001291 0.002978 0.016660 0.108192 0.503226 0.961490 1.371908 1.647136 1.702968 1.698145 1.571852 1.198461 0.838366 0.584273 0.437183 0.296623 0.139114 
0.078022 0.034753 0.027540 0.026524 0.026400 0.026277 0.025266 0.019535 0.010743 0.003187 0.001371 0.001232 0.001732 0.006820 0.042964 0.271309 0.732358 1.172680 1.546866 1.689010 1.701762 1.665366 1.400257 1.016751 0.698069 0.497353 0.368205 0.217868 
0.139971 0.047373 0.029597 0.026809 0.026447 0.026354 0.025994 0.023247 0.015139 0.006320 0.001859 0.001267 0.001357 0.003129 0.017128 0.109086 0.501288 0.955110 1.379277 1.650286 1.698574 1.692663 1.571651 1.208504 0.849307 0.582965 0.426482 0.293037 
0.216504 0.078983 0.034738 0.027597 0.026560 0.026400 0.026241 0.025217 0.019609 0.010729 0.003135 0.001415 0.001290 0.001823 0.007072 0.043617 0.271449 0.728199 1.170900 1.555730 1.686502 1.697096 1.660932 1.405218 1.028412 0.704529 0.490991 0.359332 
0.287918 0.140951 0.047585 0.029641 0.026859 0.026460 0.026340 0.025945 0.023267 0.015169 0.006253 0.001877 0.001321 0.001423 0.003268 0.017520 0.109712 0.499688 0.951306 1.385960 1.651160 1.694447 1.688055 1.571135 1.216815 0.859855 0.583967 0.416323 
0.349536 0.214434 0.080383 0.034822 0.027655 0.026590 0.026400 0.026211 0.025177 0.019663 0.010690 0.003109 0.001460 0.001346 0.001910 0.007293 0.044131 0.271295 0.725497 1.170753 1.562070 1.683626 1.692849 1.657227 1.409365 1.038335 0.711777 0.486615 
0.407065 0.281738 0.141911 0.048004 0.029713 0.026904 0.026471 0.026329 0.025906 0.023283 0.015177 0.006191 0.001901 0.001375 0.001487 0.003396 0.017848 0.110148 0.498396 0.949243 1.391680 1.650931 1.690543 1.683944 1.570769 1.223850 0.869497 0.586521 
0.483853 0.339447 0.211824 0.082052 0.034988 0.027714 0.026615 0.026400 0.026188 0.025144 0.019697 0.010633 0.003105 0.001506 0.001403 0.001993 0.007487 0.044536 0.270991 0.723820 1.171513 1.566707 1.680640 1.688894 1.654000 1.413310 1.046674 0.719087 
0.589926 0.400297 0.273807 0.142483 0.048573 0.029807 0.026943 0.026481 0.026320 0.025874 0.023293 0.015165 0.006135 0.001932 0.001429 0.001550 0.003514 0.018122 0.110422 0.497405 0.948308 1.396588 1.650094 1.686830 1.680170 1.570761 1.229992 0.877999 
0.725973 0.482806 0.329764 0.208145 0.083804 0.035215 0.027775 0.026637 0.026401 0.026169 0.025117 0.019712 0.010572 0.003108 0.001554 0.001459 0.002072 0.007657 0.044850 0.270626 0.722857 1.172776 1.570192 1.677646 1.685165 1.651153 1.417023 1.053995 
0.885608 0.593782 0.395019 0.265367 0.142579 0.049222 0.029919 0.026980 0.026489 0.026313 0.025848 0.023294 0.015142 0.006086 0.001967 0.001483 0.001612 0.003621 0.018351 0.110592 0.496657 0.948105 1.400860 1.648903 1.683285 1.676662 1.570963 1.235509 
1.060559 0.732436 0.482768 0.321554 0.203115 0.085377 0.035480 0.027838 0.026656 0.026401 0.026153 0.025093 0.019712 0.010512 0.003118 0.001604 0.001515 0.002147 0.007806 0.045094 0.270253 0.722218 1.174483 1.572880 1.674690 1.681630 1.648582 1.420549 
