0.056864 0.060769 0.080302 0.629549 1.296428 1.460811 1.669135 1.866921 1.992191 1.521893 0.876942 0.717947 0.521345 0.337054 0.194948 0.099185 0.042087 0.014041 0.003722 0.000844 0.000303 0.000751 0.004599 0.015910 0.032268 0.049543 0.060991 0.059482 
0.057845 0.057840 0.066629 0.276449 1.005252 1.393675 1.564973 1.769345 1.954279 1.837661 1.158548 0.782271 0.619646 0.427661 0.260728 0.141274 0.065677 0.023633 0.007021 0.001699 0.000439 0.000415 0.001825 0.009172 0.023974 0.040906 0.057426 0.060564 
0.059206 0.057841 0.060037 0.121281 0.602205 1.247740 1.496602 1.667159 1.887359 1.925125 1.553839 0.926176 0.684300 0.523654 0.341063 0.195066 0.097994 0.039358 0.012505 0.003345 0.000760 0.000421 0.000768 0.004014 0.016294 0.032440 0.050498 0.059779 
0.059636 0.058380 0.058390 0.075897 0.296362 0.943448 1.403279 1.585463 1.795342 1.915683 1.817940 1.222019 0.775004 0.596566 0.432358 0.263490 0.140414 0.063255 0.021508 0.006281 0.001490 0.000506 0.000508 0.001666 0.008947 0.024128 0.041469 0.057396 
0.059076 0.059008 0.058383 0.062770 0.135390 0.594136 1.208703 1.513682 1.690403 1.881748 1.891247 1.570034 0.968630 0.663480 0.513266 0.347924 0.196228 0.096095 0.036544 0.011285 0.002934 0.000752 0.000506 0.000798 0.003776 0.016190 0.032798 0.051040 
0.057067 0.059059 0.058679 0.059480 0.082021 0.306097 0.901996 1.399315 1.616247 1.807619 1.888873 1.805816 1.269332 0.778434 0.571487 0.430595 0.270371 0.139716 0.060117 0.019688 0.005568 0.001359 0.000568 0.000579 0.001615 0.008651 0.024290 0.042191 
0.051368 0.058561 0.058869 0.058879 0.065315 0.143676 0.585578 1.170910 1.534897 1.718736 1.868559 1.868108 1.583870 1.008559 0.649092 0.495201 0.350483 0.201347 0.093535 0.033483 0.010150 0.002609 0.000765 0.000570 0.000841 0.003633 0.015992 0.033240 
0.042772 0.056686 0.058789 0.058874 0.060490 0.086515 0.311051 0.878244 1.380572 1.649335 1.816627 1.868446 1.796936 1.297069 0.795384 0.552910 0.422248 0.275915 0.142276 0.055865 0.017868 0.004955 0.001275 0.000619 0.000638 0.001607 0.008355 0.024506 
0.033639 0.051487 0.058242 0.058832 0.059299 0.067401 0.149155 0.579882 1.137516 1.544149 1.753622 1.855492 1.850569 1.591836 1.044135 0.643838 0.475561 0.349081 0.207509 0.091865 0.030596 0.009103 0.002359 0.000783 0.000624 0.000885 0.003536 0.015834 
0.024732 0.043105 0.056406 0.058611 0.059022 0.061441 0.089864 0.315253 0.858699 1.359707 1.674247 1.830024 1.854261 1.784655 1.321764 0.817593 0.538665 0.408983 0.278295 0.146446 0.052148 0.016163 0.004439 0.001217 0.000664 0.000689 0.001613 0.008122 
0.015758 0.033918 0.051501 0.057957 0.058816 0.059730 0.069152 0.153317 0.575392 1.114508 1.540659 1.785021 1.848202 1.836859 1.598830 1.069679 0.647528 0.457740 0.343784 0.212370 0.091812 0.028090 0.008176 0.002161 0.000802 0.000670 0.000926 0.003471 
0.007980 0.024838 0.043366 0.056128 0.058487 0.059159 0.062314 0.092549 0.318007 0.844950 1.341704 1.700314 1.832406 1.845366 1.774516 1.340891 0.839906 0.528910 0.393465 0.278077 0.150734 0.049860 0.014658 0.004004 0.001175 0.000703 0.000734 0.001627 
0.003438 0.015682 0.034102 0.051473 0.057730 0.058823 0.060115 0.070661 0.156472 0.571975 1.097101 1.550080 1.796143 1.842126 1.827654 1.602614 1.090398 0.655647 0.444257 0.334759 0.214406 0.093180 0.026122 0.007375 0.002000 0.000821 0.000711 0.000965 
0.001647 0.007876 0.024892 0.043526 0.055892 0.058388 0.059308 0.063075 0.094750 0.320035 0.834538 1.332609 1.718238 1.830630 1.838508 1.767776 1.354273 0.861843 0.523528 0.378128 0.274691 0.153793 0.049184 0.013405 0.003638 0.001143 0.000738 0.000774 
0.001002 0.003422 0.015612 0.034209 0.051414 0.057534 0.058848 0.060479 0.071936 0.158990 0.569295 1.085627 1.559584 1.800563 1.836539 1.820825 1.604895 1.108058 0.667482 0.432653 0.323347 0.214242 0.095321 0.024792 0.006704 0.001868 0.000840 0.000747 
0.000811 0.001670 0.007798 0.024910 0.043606 0.055676 0.058316 0.059460 0.063751 0.096563 0.321365 0.827461 1.327903 1.730324 1.827545 1.832610 1.762914 1.364599 0.880737 0.522322 0.364337 0.269997 0.154781 0.049713 0.012435 0.003334 0.001120 0.000770 
0.000781 0.001036 0.003417 0.015549 0.034258 0.051318 0.057370 0.058888 0.060819 0.073027 0.160967 0.567351 1.078389 1.567364 1.801973 1.831344 1.815186 1.606815 1.122668 0.680543 0.423581 0.311820 0.212389 0.097165 0.024030 0.006163 0.001761 0.000858 
0.000800 0.000844 0.001695 0.007739 0.024903 0.043614 0.055477 0.058267 0.059612 0.064354 0.098064 0.322264 0.822870 1.328103 1.735978 1.824001 1.827304 1.759054 1.373167 0.896353 0.524737 0.353731 0.262538 0.154777 0.050661 0.011730 0.003087 0.001103 
0.000876 0.000811 0.001068 0.003419 0.015494 0.034259 0.051187 0.057233 0.058939 0.061134 0.073967 0.162542 0.565463 1.075487 1.573189 1.801170 1.826479 1.810242 1.608650 1.134760 0.693695 0.417858 0.300229 0.208657 0.098981 0.023624 0.005744 0.001675 
0.001092 0.000827 0.000875 0.001720 0.007698 0.024876 0.043557 0.055295 0.058238 0.059762 0.064890 0.099319 0.322393 0.820475 1.331096 1.737847 1.820151 1.822419 1.755785 1.380543 0.910124 0.530051 0.344340 0.253449 0.153819 0.052063 0.011231 0.002892 
0.001608 0.000893 0.000839 0.001099 0.003426 0.015447 0.034216 0.051025 0.057135 0.058987 0.061425 0.074780 0.163695 0.563375 1.075785 1.577723 1.799008 1.821852 1.805761 1.610307 1.145334 0.707713 0.413490 0.288625 0.203900 0.100430 0.023524 0.005427 
0.002741 0.001085 0.000853 0.000904 0.001745 0.007672 0.024832 0.043440 0.055144 0.058219 0.059901 0.065373 0.100347 0.321712 0.819580 1.335484 1.737976 1.816141 1.817830 1.752875 1.387079 0.923104 0.537115 0.335449 0.243588 0.152165 0.053567 0.010906 
0.005196 0.001557 0.000911 0.000866 0.001127 0.003437 0.015407 0.034136 0.050849 0.057066 0.059024 0.061690 0.075485 0.164432 0.561500 1.077532 1.581677 1.796178 1.817407 1.801591 1.611735 1.155092 0.720361 0.410999 0.278036 0.198718 0.101207 0.023612 
0.010710 0.002629 0.001084 0.000877 0.000931 0.001770 0.007659 0.024771 0.043279 0.055022 0.058202 0.060024 0.065805 0.101170 0.320698 0.819516 1.340483 1.737245 1.812100 1.813453 1.750173 1.393030 0.934987 0.544580 0.327897 0.233946 0.149963 0.054825 
0.023759 0.005035 0.001522 0.000929 0.000890 0.001154 0.003452 0.015374 0.034025 0.050669 0.057009 0.059055 0.061925 0.076091 0.164893 0.559868 1.080000 1.585272 1.793048 1.813115 1.797633 1.613036 1.164009 0.731329 0.410925 0.269178 0.192103 0.101530 
0.056004 0.010595 0.002548 0.001086 0.000900 0.000956 0.001795 0.007656 0.024700 0.043094 0.054913 0.058185 0.060131 0.066184 0.101834 0.319565 0.819934 1.345708 1.736087 1.808098 1.809245 1.747613 1.398502 0.945625 0.552479 0.322333 0.224243 0.146816 
0.101410 0.023959 0.004926 0.001499 0.000947 0.000914 0.001180 0.003470 0.015344 0.033897 0.050485 0.056958 0.059080 0.062131 0.076610 0.165179 0.558460 1.082821 1.588617 1.789809 1.808958 1.793837 1.614259 1.172063 0.741586 0.412785 0.261027 0.184620 
0.143015 0.057042 0.010541 0.002493 0.001093 0.000922 0.000981 0.001819 0.007660 0.024620 0.042892 0.054809 0.058168 0.060224 0.066513 0.102372 0.318417 0.820641 1.350966 1.734724 1.804171 1.805178 1.745162 1.403541 0.955360 0.561316 0.317936 0.214255 
