0.020664 0.010189 0.002927 0.000788 0.500095 1.003753 1.009956 1.029341 1.076497 1.186724 0.812987 0.473970 0.707127 0.901142 1.002352 0.997274 0.869196 0.669816 0.460669 0.276088 0.145575 0.067943 0.036365 0.031885 0.034359 0.039793 0.039394 0.031686 
0.026175 0.015358 0.005784 0.001322 0.187484 0.813330 1.006854 1.016353 1.045977 1.143400 1.046573 0.596762 0.561404 0.809027 0.975999 1.001083 0.956888 0.770727 0.565243 0.365308 0.204073 0.098339 0.045379 0.033005 0.032504 0.037694 0.039693 0.036818 
0.032130 0.020766 0.010334 0.002438 0.047863 0.498566 0.956099 1.011604 1.026134 1.102094 1.119193 0.806300 0.570243 0.654263 0.917195 0.994812 0.990034 0.878444 0.667985 0.464582 0.279853 0.144268 0.061736 0.036224 0.032629 0.034599 0.039193 0.038974 
0.036918 0.026448 0.015434 0.005082 0.013794 0.227379 0.770648 0.994095 1.018869 1.063472 1.114918 1.001858 0.649160 0.591248 0.787330 0.975408 0.993617 0.959352 0.773215 0.565401 0.369883 0.205917 0.092432 0.043501 0.033528 0.033122 0.037389 0.039139 
0.038583 0.032504 0.020941 0.008881 0.007260 0.069368 0.496548 0.932040 1.007100 1.040315 1.095626 1.086653 0.811722 0.605726 0.664779 0.901326 0.989065 0.985051 0.883694 0.669308 0.466105 0.283956 0.140912 0.058227 0.036123 0.033223 0.034818 0.038701 
0.038672 0.036960 0.026785 0.013809 0.007665 0.022787 0.244049 0.749965 0.980031 1.025097 1.074884 1.093383 0.981311 0.674358 0.620489 0.775881 0.967130 0.988062 0.958708 0.777960 0.566309 0.372399 0.207546 0.087215 0.042373 0.033948 0.033622 0.037158 
0.038293 0.038244 0.033066 0.020211 0.009201 0.011446 0.081883 0.494806 0.911248 1.007607 1.051589 1.088758 1.065365 0.813283 0.633956 0.674279 0.890179 0.982829 0.980723 0.887452 0.672134 0.467136 0.286340 0.137984 0.055690 0.036136 0.033703 0.035012 
0.036979 0.038281 0.036937 0.026951 0.013099 0.009762 0.029616 0.253898 0.730993 0.972522 1.035096 1.075671 1.082910 0.964986 0.692110 0.644037 0.769147 0.959666 0.982302 0.956879 0.783390 0.568345 0.373713 0.208107 0.083181 0.041633 0.034312 0.034030 
0.035180 0.037956 0.037945 0.033340 0.019128 0.010596 0.014726 0.090650 0.488879 0.895751 1.011631 1.061396 1.081100 1.053429 0.811085 0.656055 0.682777 0.882563 0.976643 0.975947 0.890659 0.675868 0.468477 0.287282 0.135330 0.053850 0.036212 0.034101 
0.034370 0.036837 0.037953 0.036791 0.026859 0.013085 0.011629 0.034739 0.257887 0.714204 0.970219 1.044029 1.076174 1.074182 0.955632 0.703277 0.662736 0.765830 0.953123 0.976469 0.954451 0.788791 0.571247 0.374605 0.207650 0.080006 0.041149 0.034629 
0.034435 0.035325 0.037674 0.037662 0.033256 0.018615 0.011993 0.017406 0.096304 0.484793 0.880799 1.017540 1.068138 1.075676 1.044047 0.809952 0.672871 0.690871 0.877052 0.970633 0.970965 0.893309 0.680019 0.470314 0.287417 0.132673 0.052494 0.036323 
0.034907 0.034657 0.036722 0.037671 0.036558 0.026489 0.013648 0.013346 0.038484 0.260772 0.698111 0.970705 1.053604 1.073791 1.067769 0.948354 0.712150 0.677371 0.765189 0.947032 0.970882 0.951551 0.793911 0.574718 0.375514 0.206526 0.077283 0.040838 
0.036452 0.034720 0.035452 0.037434 0.037393 0.032850 0.018539 0.013422 0.019631 0.101245 0.479442 0.868351 1.027832 1.068745 1.072286 1.036081 0.809421 0.686066 0.699326 0.872103 0.964919 0.966049 0.895297 0.684315 0.472618 0.287243 0.129892 0.051432 
0.040630 0.035153 0.034903 0.036626 0.037424 0.036247 0.025839 0.014701 0.014974 0.041586 0.262133 0.682640 0.977734 1.057631 1.071400 1.063235 0.942033 0.719411 0.689381 0.767432 0.939826 0.965766 0.948361 0.798580 0.578466 0.376640 0.205011 0.074792 
0.050540 0.036585 0.034965 0.035565 0.037224 0.037129 0.032141 0.018878 0.014769 0.021695 0.105950 0.472387 0.862776 1.034214 1.067958 1.069359 1.028420 0.810402 0.696888 0.708894 0.866656 0.959281 0.961415 0.896634 0.688523 0.475267 0.287051 0.126988 
0.073141 0.040478 0.035370 0.035115 0.036545 0.037201 0.035859 0.025289 0.015796 0.016501 0.044490 0.261433 0.673520 0.982919 1.059172 1.069009 1.059124 0.936428 0.726393 0.699890 0.771056 0.932156 0.960882 0.945220 0.803040 0.581895 0.378029 0.202604 
0.124110 0.049921 0.036711 0.035179 0.035666 0.037037 0.036865 0.031560 0.019222 0.015972 0.023674 0.108448 0.467477 0.860667 1.037649 1.066550 1.066538 1.021559 0.811782 0.706515 0.717681 0.862216 0.953700 0.956966 0.897858 0.692468 0.477802 0.286761 
0.200103 0.071771 0.040396 0.035562 0.035301 0.036473 0.036994 0.035496 0.024876 0.016785 0.017898 0.046793 0.260007 0.668975 0.986179 1.059325 1.066547 1.055290 0.931648 0.732926 0.709307 0.774673 0.925208 0.956150 0.942189 0.807219 0.585135 0.379329 
0.286393 0.121377 0.049449 0.036836 0.035366 0.035757 0.036864 0.036619 0.031139 0.019503 0.017063 0.025400 0.109503 0.464491 0.860412 1.039233 1.064741 1.063732 1.015495 0.813352 0.715212 0.725648 0.858547 0.948414 0.952659 0.898974 0.696177 0.480197 
0.380523 0.197642 0.070584 0.040357 0.035734 0.035464 0.036408 0.036802 0.035188 0.024561 0.017673 0.019147 0.048510 0.258533 0.667236 0.988150 1.058364 1.064489 1.051421 0.926899 0.739747 0.717821 0.778095 0.919032 0.951598 0.939238 0.811152 0.588187 
0.482442 0.285985 0.118809 0.049069 0.036957 0.035531 0.035837 0.036704 0.036399 0.030799 0.019789 0.018042 0.026857 0.109774 0.462884 0.861228 1.039279 1.062958 1.061222 1.009287 0.815410 0.723302 0.732889 0.855490 0.943457 0.948508 0.899975 0.699669 
0.591056 0.381617 0.195275 0.069532 0.040341 0.035888 0.035608 0.036347 0.036628 0.034899 0.024354 0.018478 0.020245 0.049790 0.257266 0.667336 0.988847 1.057038 1.062524 1.047804 0.922392 0.746329 0.725699 0.781261 0.913535 0.947245 0.936375 0.814843 
0.702949 0.484543 0.285559 0.116409 0.048752 0.037071 0.035678 0.035907 0.036557 0.036195 0.030513 0.020098 0.018920 0.028073 0.109655 0.462301 0.862302 1.038619 1.061152 1.058844 1.003426 0.817511 0.730857 0.739590 0.852861 0.938818 0.944528 0.900865 
0.818292 0.593746 0.382623 0.193025 0.068587 0.040340 0.036026 0.035735 0.036290 0.036467 0.034566 0.024298 0.019215 0.021208 0.050757 0.256373 0.668223 0.988906 1.055519 1.060575 1.044412 0.918278 0.752520 0.733040 0.784250 0.908571 0.943100 0.933612 
0.901648 0.706019 0.486507 0.285134 0.114168 0.048480 0.037177 0.035808 0.035968 0.036423 0.035992 0.030227 0.020486 0.019713 0.029094 0.109548 0.462221 0.863393 1.037602 1.059311 1.056535 0.998024 0.819549 0.737910 0.745842 0.850581 0.934468 0.940728 
0.930958 0.821502 0.596263 0.383553 0.190901 0.067728 0.040345 0.036150 0.035848 0.036235 0.036315 0.034219 0.024332 0.019906 0.022058 0.051553 0.255851 0.669401 0.988622 1.053884 1.058617 1.041213 0.914569 0.758320 0.739893 0.787102 0.904052 0.939163 
0.937112 0.901543 0.709674 0.488342 0.284720 0.112078 0.048240 0.037275 0.035924 0.036022 0.036295 0.035791 0.029858 0.021013 0.020444 0.029970 0.110001 0.462007 0.864390 1.036385 1.057434 1.054266 0.993071 0.821520 0.744500 0.751695 0.848601 0.930385 
0.935430 0.928220 0.824383 0.599008 0.384317 0.188906 0.066941 0.040354 0.036261 0.035948 0.036183 0.036169 0.033804 0.024472 0.020586 0.022826 0.052359 0.255714 0.670497 0.988124 1.052172 1.056642 1.038175 0.911252 0.763755 0.746299 0.789834 0.899925 
