0.020664 0.010189 0.002927 0.000788 0.000832 0.003015 0.009956 0.520854 1.084984 1.165825 1.308050 1.499807 1.733089 1.387774 0.989759 0.997274 0.869196 0.669816 0.460669 0.276088 0.145575 0.067943 0.036365 0.031885 0.034359 0.039793 0.039394 0.031686 
0.026175 0.015358 0.005784 0.001322 0.000799 0.001389 0.005296 0.196624 0.853225 1.127837 1.230746 1.398738 1.645608 1.610183 1.139015 0.993517 0.958158 0.770727 0.565243 0.365308 0.204073 0.098339 0.045379 0.033005 0.032504 0.037694 0.039693 0.036818 
0.032130 0.020766 0.010334 0.002569 0.000930 0.000946 0.002514 0.054105 0.504104 1.033456 1.184019 1.304882 1.553032 1.636752 1.402117 1.038731 0.975837 0.881288 0.667985 0.464582 0.279853 0.144268 0.061736 0.036224 0.032629 0.034599 0.039193 0.038974 
0.036918 0.026448 0.015434 0.005557 0.001339 0.000934 0.001342 0.015803 0.225833 0.797309 1.127558 1.233055 1.438242 1.615822 1.564858 1.190724 1.003379 0.940381 0.777662 0.565046 0.369883 0.205917 0.092432 0.043501 0.033528 0.033122 0.037389 0.039139 
0.038583 0.032504 0.020941 0.010173 0.002495 0.001035 0.001036 0.005060 0.071926 0.492644 1.007494 1.181033 1.335649 1.552680 1.603081 1.411816 1.066035 0.971880 0.869849 0.671354 0.465283 0.284000 0.140912 0.058227 0.036123 0.033223 0.034818 0.038701 
0.038672 0.036960 0.026723 0.015458 0.005353 0.001400 0.001035 0.002042 0.022782 0.234645 0.771040 1.115956 1.252904 1.458694 1.590481 1.550671 1.219241 1.008173 0.932923 0.771549 0.568318 0.371543 0.207682 0.087209 0.042373 0.033948 0.033622 0.037158 
0.038293 0.038244 0.032821 0.021090 0.009985 0.002480 0.001127 0.001287 0.007479 0.080933 0.488759 0.976310 1.192944 1.355799 1.550311 1.580528 1.416433 1.091091 0.970548 0.858827 0.669933 0.469124 0.285498 0.138172 0.055689 0.036136 0.033703 0.035012 
0.036979 0.038281 0.036876 0.027067 0.015459 0.005183 0.001465 0.001167 0.002875 0.027390 0.242266 0.739320 1.111706 1.277136 1.469814 1.572974 1.539148 1.243230 1.015751 0.923231 0.765870 0.569529 0.375163 0.207297 0.083403 0.041632 0.034312 0.034030 
0.035180 0.037956 0.037930 0.033071 0.021263 0.009800 0.002469 0.001241 0.001594 0.009431 0.087238 0.482380 0.946287 1.211694 1.373475 1.545479 1.564518 1.419722 1.115631 0.966031 0.849423 0.667699 0.472099 0.287918 0.134809 0.053905 0.036212 0.034101 
0.034370 0.036837 0.037949 0.036708 0.027428 0.015488 0.005008 0.001548 0.001329 0.003641 0.030842 0.246272 0.714334 1.103803 1.304260 1.476218 1.559758 1.528319 1.268878 1.022131 0.911743 0.760296 0.569899 0.378581 0.207479 0.079642 0.041163 0.034629 
0.034435 0.035326 0.037671 0.037639 0.033251 0.021458 0.009621 0.002468 0.001384 0.001907 0.011019 0.091500 0.475653 0.918892 1.227658 1.394411 1.538873 1.551898 1.423169 1.140671 0.958271 0.840888 0.665212 0.474240 0.290503 0.131793 0.052416 0.036327 
0.034908 0.034658 0.036721 0.037663 0.036534 0.027737 0.015539 0.004836 0.001655 0.001515 0.004316 0.033417 0.248291 0.697273 1.090085 1.328786 1.484230 1.548642 1.519716 1.285050 1.036959 0.898739 0.754962 0.569726 0.381467 0.208020 0.076288 0.040822 
0.036449 0.034720 0.035454 0.037428 0.037381 0.033378 0.021638 0.009458 0.002485 0.001550 0.002215 0.012292 0.094411 0.470378 0.900700 1.228699 1.420243 1.532539 1.541410 1.426163 1.161004 0.954810 0.832033 0.662722 0.475597 0.292892 0.129339 0.051167 
0.040561 0.035152 0.034904 0.036624 0.037416 0.036368 0.028030 0.015548 0.004683 0.001784 0.001716 0.004901 0.035341 0.249134 0.685539 1.077490 1.341528 1.498116 1.539192 1.512598 1.297916 1.050537 0.888811 0.749604 0.569159 0.383692 0.207821 0.074390 
0.050370 0.036567 0.034966 0.035566 0.037218 0.037154 0.033497 0.021789 0.009280 0.002525 0.001733 0.002512 0.013307 0.096399 0.466234 0.887071 1.225498 1.442558 1.528923 1.532544 1.429531 1.174226 0.958967 0.821547 0.660010 0.476425 0.294556 0.127579 
0.073123 0.040418 0.035366 0.035116 0.036542 0.037202 0.036224 0.028293 0.015534 0.004537 0.001931 0.001928 0.005406 0.036779 0.249485 0.676653 1.066586 1.354740 1.506427 1.531639 1.506791 1.308039 1.061591 0.883542 0.743534 0.568218 0.385277 0.207636 
0.126351 0.049857 0.036692 0.035178 0.035664 0.037037 0.036957 0.033608 0.021914 0.009093 0.002584 0.001929 0.002797 0.014118 0.097798 0.462850 0.876273 1.223385 1.460300 1.525336 1.525427 1.432009 1.184815 0.964017 0.813197 0.656829 0.476747 0.295794 
0.207577 0.072272 0.040361 0.035557 0.035300 0.036472 0.037017 0.036100 0.028526 0.015503 0.004399 0.002092 0.002146 0.005845 0.037869 0.249566 0.669561 1.058118 1.368972 1.509054 1.525404 1.502072 1.315957 1.071116 0.880553 0.737977 0.566897 0.386270 
0.296682 0.125565 0.049540 0.036822 0.035364 0.035750 0.036881 0.036788 0.033712 0.022015 0.008900 0.002669 0.002106 0.003084 0.014776 0.099224 0.459564 0.867770 1.227094 1.469946 1.521316 1.519571 1.433786 1.193536 0.969050 0.806830 0.653630 0.476584 
0.386633 0.207642 0.071726 0.040366 0.035729 0.035460 0.036412 0.036858 0.035996 0.028734 0.015376 0.004368 0.002247 0.002350 0.006251 0.038810 0.249480 0.663667 1.053542 1.380593 1.508474 1.520880 1.497689 1.322247 1.079323 0.880157 0.732083 0.565464 
0.476068 0.297137 0.125150 0.049365 0.036955 0.035527 0.035825 0.036746 0.036642 0.033819 0.022055 0.008732 0.002777 0.002273 0.003352 0.015366 0.100512 0.456573 0.861643 1.233832 1.473402 1.517779 1.515082 1.434535 1.200785 0.974270 0.802052 0.650300 
0.563772 0.386603 0.207723 0.071414 0.040414 0.035884 0.035602 0.036360 0.036720 0.035910 0.028896 0.015217 0.004392 0.002399 0.002542 0.006625 0.039657 0.249195 0.659108 1.051848 1.389047 1.506684 1.517104 1.494271 1.326742 1.086623 0.881374 0.726427 
0.646914 0.475401 0.297163 0.124959 0.049297 0.037088 0.035672 0.035891 0.036630 0.036518 0.033911 0.022057 0.008593 0.002897 0.002435 0.003599 0.015904 0.101445 0.454152 0.857625 1.240130 1.474670 1.514499 1.511396 1.434813 1.206682 0.979640 0.798576 
0.721551 0.561998 0.386282 0.207697 0.071265 0.040494 0.036026 0.035727 0.036315 0.036602 0.035838 0.029015 0.015066 0.004436 0.002550 0.002726 0.006966 0.040365 0.248749 0.655888 1.051498 1.395256 1.504542 1.513724 1.491475 1.330118 1.093025 0.883360 
0.796474 0.643513 0.474499 0.296989 0.124850 0.049303 0.037218 0.035802 0.035949 0.036530 0.036411 0.033941 0.022078 0.008479 0.003022 0.002594 0.003830 0.016376 0.102014 0.452319 0.855134 1.245507 1.474925 1.511428 1.508161 1.434871 1.211572 0.984764 
0.885804 0.717584 0.560068 0.385744 0.207618 0.071211 0.040593 0.036156 0.035839 0.036276 0.036500 0.035764 0.029092 0.014943 0.004493 0.002701 0.002903 0.007275 0.040922 0.248224 0.653727 1.051876 1.399887 1.502302 1.510612 1.489022 1.333250 1.098168 
0.989146 0.796176 0.639589 0.473381 0.296681 0.124803 0.049357 0.037344 0.035918 0.036003 0.036443 0.036316 0.033912 0.022118 0.008397 0.003149 0.002751 0.004046 0.016780 0.102297 0.450975 0.853720 1.250046 1.474621 1.508534 1.505214 1.435124 1.215709 
1.102428 0.888462 0.714537 0.557797 0.385031 0.207516 0.071222 0.040704 0.036274 0.035939 0.036244 0.036411 0.035683 0.029129 0.014855 0.004560 0.002851 0.003075 0.007554 0.041343 0.247673 0.652348 1.052686 1.403396 1.500056 1.507704 1.486862 1.336214 
