0.014888 0.066567 0.145076 0.277050 0.463915 0.675432 0.877311 0.980857 1.496601 1.893056 1.675432 1.463915 1.277050 1.157922 0.553382 0.026358 0.009482 0.004210 0.003938 0.006624 0.009810 0.012056 0.012051 0.009786 0.006374 0.003142 0.000910 0.000132 
0.003821 0.034603 0.099138 0.204201 0.367401 0.569674 0.777577 0.928433 1.200148 1.759297 1.811447 1.568910 1.367401 1.223910 0.901438 0.218521 0.015019 0.005596 0.004006 0.004883 0.008217 0.011331 0.012054 0.011343 0.008080 0.004736 0.001817 0.000327 
0.001200 0.012390 0.061433 0.144403 0.280917 0.467834 0.673625 0.845028 1.030326 1.534613 1.798409 1.720496 1.463027 1.306340 1.107419 0.530237 0.068250 0.008349 0.004404 0.004225 0.006352 0.010010 0.011873 0.011877 0.009952 0.006408 0.003223 0.000707 
0.000830 0.004121 0.029338 0.096225 0.206360 0.372016 0.570729 0.761888 0.914515 1.265758 1.729547 1.778931 1.604467 1.377365 1.231744 0.841246 0.242071 0.024311 0.005435 0.004270 0.004832 0.008181 0.011398 0.011876 0.011357 0.008180 0.004770 0.001567 
0.001014 0.001653 0.011248 0.055319 0.144352 0.285056 0.471373 0.667253 0.823940 1.070320 1.543280 1.766585 1.720087 1.490916 1.312572 1.074987 0.521202 0.083470 0.010445 0.004561 0.004410 0.006228 0.010089 0.011756 0.011746 0.010065 0.006475 0.002927 
0.001527 0.001174 0.004211 0.024665 0.093265 0.209002 0.377019 0.569313 0.739284 0.918807 1.310094 1.710759 1.754960 1.622523 1.402796 1.223478 0.807921 0.251369 0.030172 0.006070 0.004448 0.004865 0.008196 0.011339 0.011754 0.011323 0.008299 0.004696 
0.002749 0.001262 0.001933 0.010084 0.049611 0.144599 0.289976 0.473166 0.655895 0.806605 1.109248 1.549459 1.743910 1.716208 1.512659 1.330500 1.040439 0.515375 0.091497 0.012501 0.004853 0.004552 0.006218 0.010080 0.011650 0.011646 0.010154 0.006497 
0.004526 0.001634 0.001430 0.004139 0.022003 0.088815 0.212561 0.381571 0.564588 0.716414 0.940578 1.335767 1.695297 1.736984 1.632951 1.432394 1.214845 0.777907 0.257552 0.034162 0.006841 0.004628 0.004969 0.008173 0.011258 0.011649 0.011272 0.008421 
0.006474 0.002644 0.001481 0.002107 0.009282 0.044407 0.145030 0.295315 0.473079 0.635357 0.807118 1.138173 1.554509 1.726563 1.710038 1.534797 1.350813 1.007033 0.508533 0.096840 0.014224 0.005181 0.004713 0.006256 0.010018 0.011551 0.011555 0.010239 
0.008506 0.004371 0.001772 0.001638 0.004057 0.019857 0.084714 0.216737 0.384197 0.554969 0.701326 0.961985 1.355370 1.683549 1.722431 1.641284 1.462779 1.198263 0.757783 0.261028 0.037139 0.007559 0.004830 0.005099 0.008139 0.011167 0.011554 0.011226 
0.010301 0.006439 0.002588 0.001671 0.002242 0.008612 0.040021 0.146007 0.300053 0.469583 0.616911 0.815065 1.158677 1.558912 1.712711 1.702144 1.564809 1.352517 0.985057 0.503283 0.100506 0.015636 0.005512 0.004897 0.006306 0.009937 0.011457 0.011472 
0.011179 0.008560 0.004260 0.001900 0.001814 0.003978 0.018057 0.081611 0.221095 0.384818 0.539669 0.697806 0.979793 1.370374 1.674261 1.710069 1.657372 1.478059 1.183076 0.744170 0.262890 0.039384 0.008197 0.005051 0.005249 0.008093 0.011073 0.011468 
0.011396 0.010335 0.006410 0.002564 0.001836 0.002355 0.008039 0.037465 0.146776 0.302956 0.462942 0.603256 0.825225 1.175084 1.562188 1.701117 1.696895 1.591414 1.348558 0.968920 0.499247 0.103058 0.016780 0.005837 0.005100 0.006348 0.009857 0.011370 
0.011389 0.011131 0.008597 0.004179 0.002018 0.001965 0.003906 0.016816 0.079955 0.224390 0.382949 0.525351 0.698254 0.995499 1.382292 1.666385 1.700062 1.669469 1.491070 1.169993 0.734083 0.264013 0.041085 0.008757 0.005285 0.005412 0.008037 0.010985 
0.011288 0.011325 0.010352 0.006376 0.002571 0.001978 0.002450 0.007618 0.035828 0.148137 0.303670 0.452357 0.596260 0.835683 1.188895 1.564268 1.691642 1.692413 1.612756 1.344886 0.956308 0.496021 0.104899 0.017707 0.006153 0.005317 0.006388 0.009778 
0.010902 0.011316 0.011082 0.008618 0.004125 0.002127 0.002096 0.003860 0.015963 0.079594 0.225904 0.378869 0.512967 0.701748 1.009519 1.391660 1.659606 1.692221 1.672499 1.507479 1.159561 0.726165 0.264722 0.042394 0.009250 0.005526 0.005584 0.007973 
0.009700 0.011212 0.011257 0.010353 0.006309 0.002634 0.002104 0.002537 0.007327 0.034896 0.149536 0.302386 0.441441 0.592484 0.846337 1.200589 1.565247 1.684067 1.687290 1.626314 1.346439 0.946369 0.493345 0.106262 0.018468 0.006457 0.005540 0.006428 
0.007908 0.010823 0.011246 0.011031 0.008610 0.004098 0.002236 0.002212 0.003843 0.015417 0.080002 0.225961 0.372140 0.504111 0.706861 1.022163 1.398795 1.653556 1.686485 1.672046 1.521141 1.153023 0.719857 0.265124 0.043419 0.009689 0.005769 0.005762 
0.006470 0.009624 0.011140 0.011192 0.010331 0.006256 0.002708 0.002218 0.002620 0.007144 0.034456 0.150855 0.299050 0.431054 0.591417 0.856845 1.210479 1.565023 1.678252 1.682875 1.630710 1.353502 0.939136 0.491075 0.107278 0.019101 0.006751 0.005764 
0.005941 0.007845 0.010748 0.011179 0.010977 0.008587 0.004095 0.002341 0.002319 0.003852 0.015103 0.080960 0.224953 0.363531 0.498102 0.713105 1.033548 1.403762 1.648789 1.681719 1.669834 1.530861 1.150531 0.715106 0.265213 0.044233 0.010085 0.006011 
0.005958 0.006530 0.009552 0.011071 0.011129 0.010293 0.006218 0.002785 0.002324 0.002702 0.007048 0.034380 0.151421 0.294919 0.421263 0.592424 0.867106 1.218655 1.564320 1.673487 1.678748 1.632119 1.360380 0.934626 0.489168 0.108015 0.019641 0.007047 
0.006230 0.006101 0.007806 0.010675 0.011114 0.010920 0.008556 0.004107 0.002439 0.002419 0.003883 0.014967 0.081797 0.223170 0.354633 0.493903 0.720156 1.042880 1.408139 1.644880 1.677433 1.667091 1.537812 1.149967 0.711897 0.265002 0.044883 0.010468 
0.007322 0.006133 0.006595 0.009489 0.011004 0.011066 0.010245 0.006192 0.002861 0.002424 0.002785 0.007020 0.034446 0.151519 0.289165 0.413396 0.594971 0.876201 1.225510 1.564029 1.669294 1.674847 1.632186 1.366328 0.932035 0.487618 0.108516 0.020131 
0.010821 0.006430 0.006249 0.007796 0.010593 0.011050 0.010861 0.008520 0.004130 0.002533 0.002514 0.003934 0.014935 0.082633 0.220342 0.345789 0.491726 0.727076 1.050856 1.412116 1.641590 1.673459 1.664182 1.542878 1.150447 0.709826 0.264611 0.045429 
0.020571 0.007574 0.006294 0.006672 0.009430 0.010936 0.011003 0.010192 0.006175 0.002937 0.002519 0.002869 0.007039 0.034610 0.151198 0.282037 0.407581 0.598348 0.884281 1.231486 1.564043 1.665492 1.671140 1.631537 1.371414 0.930711 0.486363 0.108877 
0.045897 0.011143 0.006614 0.006389 0.007801 0.010511 0.010986 0.010800 0.008483 0.004159 0.002623 0.002606 0.003999 0.014974 0.083442 0.216618 0.337318 0.491069 0.733655 1.057883 1.415803 1.638718 1.669728 1.661239 1.546662 1.151518 0.708537 0.264153 
0.109149 0.020964 0.007803 0.006445 0.006756 0.009376 0.010867 0.010940 0.010136 0.006164 0.003012 0.002611 0.002955 0.007091 0.035305 0.150030 0.274396 0.403089 0.602157 0.891558 1.236843 1.564248 1.661975 1.667605 1.630473 1.375819 0.930203 0.485361 
0.263696 0.046300 0.011432 0.006784 0.006523 0.007816 0.010431 0.010922 0.010739 0.008445 0.004192 0.002711 0.002697 0.004075 0.015179 0.084175 0.211672 0.329945 0.491331 0.739872 1.064201 1.419274 1.636136 1.666198 1.658322 1.549565 1.153011 0.707685 
