0.000032 0.000327 0.001570 0.503424 1.016457 1.034514 1.076357 1.154671 1.308923 0.967026 0.645516 0.868262 0.984661 0.984572 0.867490 0.669248 0.461602 0.278553 0.150054 0.074199 0.036437 0.019294 0.010805 0.005942 0.002694 0.000772 0.000122 0.000008 
0.000014 0.000112 0.000712 0.188679 0.819555 1.025486 1.050161 1.106022 1.251079 1.180712 0.763534 0.729046 0.954305 0.984639 0.950789 0.769544 0.565425 0.367003 0.207485 0.105504 0.050163 0.025702 0.013989 0.007920 0.004116 0.001489 0.000313 0.000036 
0.000019 0.000038 0.000287 0.047853 0.499627 0.967834 1.037823 1.070295 1.192516 1.233487 0.963153 0.737668 0.834092 0.977055 0.976176 0.877219 0.667485 0.465502 0.282381 0.149302 0.071201 0.034746 0.018381 0.010249 0.005735 0.002621 0.000676 0.000111 
0.000042 0.000024 0.000105 0.012240 0.227106 0.774759 1.012208 1.054059 1.129281 1.223244 1.132112 0.816619 0.768009 0.923444 0.976836 0.951217 0.773830 0.565524 0.371584 0.209587 0.102731 0.047951 0.024505 0.013298 0.007540 0.004003 0.001401 0.000275 
0.000105 0.000029 0.000044 0.003159 0.068990 0.495287 0.942383 1.034194 1.089327 1.188008 1.200461 0.963735 0.780162 0.832379 0.963488 0.970431 0.882157 0.669677 0.466758 0.286592 0.149266 0.067845 0.033168 0.017501 0.009738 0.005494 0.002541 0.000615 
0.000252 0.000048 0.000033 0.000827 0.020396 0.242709 0.751769 0.999765 1.060902 1.147889 1.197348 1.111689 0.842357 0.793216 0.909252 0.968695 0.948363 0.780409 0.567023 0.373831 0.212574 0.100059 0.045754 0.023359 0.012649 0.007176 0.003856 0.001337 
0.000574 0.000102 0.000036 0.000231 0.005918 0.080866 0.490819 0.922482 1.034744 1.104395 1.183492 1.175933 0.967894 0.805501 0.836729 0.953478 0.963612 0.885976 0.673716 0.467903 0.289211 0.149736 0.064930 0.031635 0.016665 0.009258 0.005247 0.002452 
0.001282 0.000237 0.000053 0.000085 0.001701 0.026077 0.250622 0.732542 0.992645 1.073715 1.153831 1.181602 1.096029 0.860692 0.813308 0.900377 0.961078 0.944203 0.786969 0.570003 0.375167 0.214571 0.098222 0.043701 0.022259 0.012036 0.006828 0.003698 
0.002360 0.000544 0.000099 0.000061 0.000497 0.008199 0.088307 0.487478 0.902567 1.043314 1.116964 1.174659 1.160209 0.968813 0.825154 0.845959 0.941611 0.956860 0.888488 0.678486 0.469819 0.290589 0.149952 0.062692 0.030176 0.015870 0.008805 0.005003 
0.003536 0.001233 0.000220 0.000070 0.000170 0.002532 0.030152 0.256033 0.711722 0.990534 1.088526 1.155018 1.171047 1.084823 0.873059 0.830356 0.895174 0.953048 0.939767 0.792644 0.573986 0.376524 0.215446 0.096871 0.041881 0.021212 0.011454 0.006496 
0.004766 0.002268 0.000510 0.000108 0.000095 0.000785 0.010027 0.093527 0.483387 0.883591 1.051779 1.130014 1.167040 1.149491 0.968061 0.841031 0.854663 0.932213 0.949727 0.890218 0.683315 0.472605 0.291437 0.149772 0.060796 0.028819 0.015113 0.008375 
0.006180 0.003378 0.001177 0.000211 0.000098 0.000268 0.003268 0.033213 0.259306 0.691467 0.990173 1.101199 1.157783 1.162652 1.077067 0.881867 0.844439 0.892467 0.945349 0.934850 0.798228 0.577960 0.378328 0.215667 0.095570 0.040240 0.020224 0.010902 
0.007966 0.004539 0.002169 0.000481 0.000127 0.000141 0.001060 0.011505 0.099726 0.475387 0.867084 1.059564 1.142152 1.161435 1.141256 0.967428 0.853796 0.861843 0.925518 0.942724 0.891447 0.688094 0.475565 0.292376 0.149118 0.059076 0.027559 0.014398 
0.010378 0.005877 0.003222 0.001118 0.000215 0.000130 0.000374 0.003901 0.036171 0.260649 0.672077 0.990797 1.116684 1.156614 1.156390 1.071026 0.888884 0.855808 0.891391 0.938423 0.929905 0.803518 0.581829 0.380303 0.215756 0.094069 0.038728 0.019296 
0.013722 0.007575 0.004318 0.002063 0.000462 0.000151 0.000191 0.001317 0.012850 0.105049 0.466363 0.851394 1.075230 1.146632 1.156558 1.134993 0.966883 0.864077 0.867720 0.920786 0.936293 0.892293 0.692673 0.478546 0.293407 0.148179 0.057422 0.026384 
0.018424 0.009880 0.005585 0.003066 0.001059 0.000229 0.000161 0.000483 0.004482 0.038783 0.260627 0.658879 0.993590 1.126300 1.154077 1.151167 1.066561 0.894466 0.864988 0.891287 0.932416 0.925293 0.808249 0.585610 0.382353 0.215804 0.092407 0.037309 
0.025281 0.013084 0.007202 0.004104 0.001955 0.000453 0.000178 0.000242 0.001563 0.014057 0.108499 0.459753 0.842839 1.086178 1.147132 1.153349 1.129288 0.966731 0.872357 0.872996 0.916993 0.930636 0.892820 0.696929 0.481558 0.294490 0.147061 0.055804 
0.035962 0.017604 0.009408 0.005305 0.002911 0.001004 0.000247 0.000194 0.000588 0.005016 0.040791 0.259851 0.651296 0.997155 1.130340 1.151795 1.147334 1.062314 0.899225 0.872517 0.891744 0.927225 0.921182 0.812342 0.589244 0.384486 0.215821 0.090635 
0.054219 0.024243 0.012481 0.006844 0.003894 0.001847 0.000450 0.000207 0.000293 0.001793 0.015067 0.110334 0.455573 0.839860 1.091680 1.146431 1.150680 1.124095 0.967060 0.879194 0.877695 0.913919 0.925714 0.892461 0.701471 0.484573 0.295642 0.145813 
0.088782 0.034677 0.016831 0.008958 0.005033 0.002758 0.000953 0.000268 0.000229 0.000689 0.005487 0.042202 0.258734 0.647717 1.000118 1.131681 1.149618 1.144034 1.058561 0.903872 0.878070 0.892859 0.922765 0.917401 0.815765 0.593022 0.386611 0.215840 
0.144490 0.052665 0.023261 0.011908 0.006505 0.003689 0.001742 0.000449 0.000238 0.000344 0.002004 0.015865 0.111025 0.453226 0.839649 1.094306 1.145134 1.148222 1.119237 0.968331 0.884521 0.881767 0.911509 0.921424 0.890651 0.706827 0.487775 0.296771 
0.215790 0.086894 0.033450 0.016097 0.008531 0.004774 0.002607 0.000905 0.000291 0.000265 0.000785 0.005884 0.043121 0.257612 0.646437 1.002574 1.131655 1.147450 1.140975 1.055401 0.908251 0.882455 0.894159 0.918945 0.913731 0.818427 0.597301 0.388767 
0.297834 0.143081 0.051149 0.022326 0.011362 0.006183 0.003492 0.001639 0.000451 0.000271 0.000395 0.002190 0.016468 0.111072 0.452025 0.840839 1.095436 1.143501 1.145831 1.114964 0.969881 0.888904 0.885381 0.909478 0.917642 0.888601 0.711679 0.491460 
0.391323 0.215598 0.084977 0.032273 0.015398 0.008125 0.004526 0.002460 0.000858 0.000316 0.000302 0.000874 0.006208 0.043688 0.256598 0.646432 1.004723 1.130902 1.145248 1.138114 1.052841 0.912138 0.886262 0.895389 0.915601 0.910382 0.820407 0.601569 
0.495372 0.299145 0.141498 0.049668 0.021435 0.010843 0.005876 0.003302 0.001537 0.000455 0.000306 0.000445 0.002351 0.016912 0.110784 0.451515 0.842762 1.095771 1.141662 1.143465 1.111282 0.971371 0.892731 0.888544 0.907777 0.914296 0.886583 0.715849 
0.605611 0.394227 0.215499 0.082935 0.031141 0.014732 0.007738 0.004290 0.002318 0.000813 0.000343 0.000341 0.000957 0.006467 0.044020 0.255712 0.647138 1.006699 1.129738 1.143014 1.135419 1.050769 0.915609 0.889591 0.896530 0.912666 0.907368 0.821848 
0.719379 0.499312 0.300781 0.139825 0.048192 0.020583 0.010349 0.005583 0.003119 0.001436 0.000461 0.000341 0.000495 0.002488 0.017233 0.110325 0.451425 0.845087 1.095660 1.139695 1.141115 1.108090 0.972799 0.896095 0.891326 0.906333 0.911342 0.884663 
0.822860 0.609346 0.397355 0.215606 0.080791 0.030044 0.014099 0.007370 0.004063 0.002180 0.000768 0.000371 0.000380 0.001031 0.006673 0.044193 0.254940 0.648256 1.008572 1.128331 1.140760 1.132859 1.049100 0.918728 0.892518 0.897577 0.910090 0.904672 
