0.049551 0.032542 0.016090 0.008729 0.010201 0.026037 0.066052 0.145508 0.281058 0.451170 1.210846 1.933060 2.045545 2.045545 1.917068 1.730000 0.962076 0.266990 0.145508 0.066052 0.026037 0.010201 0.008729 0.016090 0.032542 0.049566 0.060999 0.060994 
0.057398 0.041047 0.024030 0.010569 0.009097 0.014528 0.040071 0.098768 0.208963 0.344850 0.778576 1.638791 2.017424 2.045545 2.004690 1.846918 1.395261 0.548913 0.191063 0.100527 0.040071 0.014528 0.009097 0.010569 0.024028 0.041054 0.057411 0.060998 
0.060098 0.050449 0.032538 0.015541 0.009465 0.010454 0.022271 0.062031 0.150654 0.259921 0.488158 1.221552 1.915735 2.038515 2.035331 1.955033 1.687440 0.955756 0.303160 0.134478 0.065368 0.022271 0.010454 0.009465 0.015538 0.032541 0.050464 0.060101 
0.060100 0.057511 0.041494 0.023320 0.010984 0.009712 0.013656 0.035166 0.102624 0.191629 0.344297 0.820240 1.629623 2.007820 2.037719 2.014461 1.868061 1.346160 0.580168 0.193926 0.091284 0.038135 0.013656 0.009712 0.010983 0.023318 0.041503 0.057523 
0.059456 0.059453 0.051127 0.032407 0.015198 0.010030 0.010698 0.020020 0.063147 0.139169 0.248879 0.519263 1.231556 1.905796 2.030244 2.031904 1.972046 1.666259 0.963164 0.316958 0.129775 0.057999 0.020762 0.010698 0.010030 0.015195 0.032410 0.051141 
0.057377 0.059455 0.057371 0.042025 0.022754 0.011322 0.010197 0.013196 0.034411 0.096947 0.180310 0.343903 0.853968 1.626600 1.998717 2.031489 2.016940 1.880635 1.326152 0.598970 0.194515 0.084915 0.032924 0.013381 0.010197 0.011321 0.022753 0.042039 
0.051599 0.058936 0.058934 0.051586 0.032390 0.014910 0.010478 0.010947 0.019249 0.060562 0.128600 0.241657 0.543255 1.243834 1.897495 2.023296 2.027852 1.979226 1.660215 0.962561 0.333245 0.125313 0.050808 0.019063 0.010993 0.010478 0.014907 0.032396 
0.042564 0.057102 0.058935 0.057097 0.042550 0.022359 0.011586 0.010595 0.013139 0.033476 0.088953 0.170996 0.345321 0.881371 1.626786 1.990707 2.026713 2.015695 1.887317 1.318842 0.612679 0.195922 0.077370 0.029017 0.013139 0.010607 0.011585 0.022358 
0.032461 0.051900 0.058477 0.058476 0.051888 0.032454 0.014696 0.010843 0.011231 0.018860 0.056044 0.119720 0.235088 0.563751 1.256276 1.890725 2.017711 2.023959 1.980846 1.659255 0.965761 0.345668 0.119097 0.045075 0.017742 0.011240 0.010851 0.014691 
0.022106 0.042966 0.056833 0.058476 0.056828 0.042953 0.022109 0.011806 0.010940 0.013235 0.031399 0.081420 0.162983 0.346096 0.905613 1.628320 1.984403 2.022397 2.013181 1.889671 1.318797 0.625670 0.194245 0.070413 0.026200 0.012962 0.010949 0.011811 
0.014601 0.032502 0.052096 0.058066 0.058064 0.052084 0.032502 0.014599 0.011157 0.011514 0.018350 0.050755 0.112006 0.229152 0.581295 1.268284 1.885884 2.012898 2.020093 1.979999 1.659997 0.972234 0.354275 0.112424 0.040563 0.016775 0.011452 0.011164 
0.012023 0.021961 0.043256 0.056573 0.058065 0.056569 0.043246 0.021963 0.012017 0.011246 0.013312 0.028605 0.074394 0.155936 0.348636 0.924789 1.631204 1.979346 2.018294 2.010069 1.889975 1.322085 0.637746 0.190852 0.064475 0.024053 0.012855 0.011236 
0.011433 0.014705 0.032431 0.052203 0.057692 0.057691 0.052194 0.032430 0.014696 0.011439 0.011763 0.017652 0.045130 0.104972 0.224496 0.596586 1.279263 1.882573 2.008557 2.016238 1.977990 1.661549 0.979916 0.360351 0.106175 0.036958 0.016059 0.011641 
0.011485 0.012251 0.021914 0.043416 0.056320 0.057692 0.056317 0.043408 0.021907 0.012253 0.011520 0.013316 0.025994 0.066980 0.149794 0.355088 0.937924 1.634757 1.975141 2.014318 2.006676 1.889317 1.326827 0.648473 0.187023 0.059487 0.022388 0.012797 
0.011813 0.011676 0.014858 0.032393 0.052213 0.057349 0.057348 0.052206 0.032384 0.014850 0.011703 0.011969 0.016935 0.039410 0.097930 0.221821 0.610725 1.288349 1.880251 2.004523 2.012407 1.975426 1.663526 0.987650 0.364838 0.100646 0.034061 0.015523 
0.012775 0.011711 0.012472 0.021944 0.043497 0.056065 0.057349 0.056062 0.043487 0.021926 0.012490 0.011770 0.013277 0.023795 0.059659 0.143532 0.362543 0.949537 1.637934 1.971484 2.010436 2.003162 1.888206 1.332098 0.657807 0.183340 0.055342 0.021085 
0.015118 0.011977 0.011901 0.015030 0.032394 0.052154 0.057028 0.057027 0.052148 0.032370 0.015029 0.011950 0.012146 0.016283 0.035390 0.089593 0.219253 0.624743 1.296398 1.878359 2.000698 2.008618 1.972604 1.665699 0.994953 0.368287 0.095905 0.031727 
0.020056 0.012781 0.011920 0.012683 0.022025 0.043526 0.055809 0.057028 0.055807 0.043512 0.021997 0.012719 0.011999 0.013230 0.022094 0.053718 0.135559 0.370456 0.960570 1.640750 1.968134 2.006638 1.999614 1.886874 1.337443 0.665872 0.180045 0.051924 
0.029842 0.014815 0.012135 0.012111 0.015209 0.032423 0.052051 0.056723 0.056723 0.052044 0.032385 0.015219 0.012179 0.012307 0.015753 0.032216 0.082084 0.214744 0.639215 1.303837 1.876662 1.997012 2.004882 1.969673 1.667920 1.001657 0.371043 0.091921 
0.049118 0.019242 0.012811 0.012117 0.012885 0.022137 0.043522 0.055555 0.056723 0.055553 0.043502 0.022104 0.012939 0.012211 0.013200 0.020731 0.048799 0.127716 0.377066 0.971526 1.643240 1.964957 2.002914 1.996080 1.885433 1.342633 0.672848 0.177221 
0.088613 0.028318 0.014592 0.012290 0.012309 0.015390 0.032470 0.051920 0.056431 0.056430 0.051910 0.032420 0.015412 0.012393 0.012458 0.015330 0.029631 0.075545 0.209783 0.652670 1.310918 1.875038 1.993425 2.001206 1.966709 1.670095 1.007740 0.373337 
0.174868 0.046824 0.018599 0.012866 0.012295 0.013084 0.022269 0.043498 0.055303 0.056431 0.055300 0.043471 0.022235 0.013148 0.012409 0.013193 0.019623 0.044684 0.120583 0.382505 0.981794 1.645662 1.961883 1.999261 1.992582 1.883932 1.347558 0.678926 
0.375329 0.085891 0.027089 0.014442 0.012438 0.012492 0.015577 0.032526 0.051772 0.056149 0.056148 0.051757 0.032470 0.015604 0.012594 0.012605 0.014996 0.027496 0.069924 0.205038 0.664646 1.317656 1.873483 1.989916 1.997591 1.963749 1.672161 1.013242 
0.684280 0.172951 0.044951 0.018105 0.012939 0.012451 0.013277 0.022417 0.043461 0.055055 0.056149 0.055050 0.043427 0.022379 0.013346 0.012597 0.013206 0.018719 0.041228 0.114310 0.386994 0.991151 1.648088 1.958889 1.995672 1.989130 1.882392 1.352170 
1.018225 0.377129 0.083663 0.026108 0.014352 0.012573 0.012658 0.015769 0.032594 0.051615 0.055875 0.055874 0.051595 0.032530 0.015792 0.012784 0.012749 0.014736 0.025724 0.065126 0.200751 0.675127 1.324036 1.871993 1.986476 1.994037 1.960810 1.674082 
1.356454 0.689061 0.171418 0.043435 0.017736 0.013018 0.012594 0.013457 0.022581 0.043417 0.054810 0.055875 0.054804 0.043376 0.022530 0.013545 0.012758 0.013246 0.017980 0.038322 0.108883 0.390732 0.999582 1.650508 1.955966 1.992147 1.985730 1.880822 
1.675835 1.022757 0.378811 0.081856 0.025340 0.014303 0.012700 0.012810 0.015953 0.032676 0.051452 0.055609 0.055607 0.051428 0.032593 0.015988 0.012955 0.012880 0.014551 0.024249 0.061048 0.196985 0.684253 1.330046 1.870556 1.983101 1.990543 1.957899 
1.879222 1.360415 0.693388 0.170224 0.042228 0.017463 0.013101 0.012728 0.013623 0.022753 0.043371 0.054569 0.055608 0.054562 0.043320 0.022695 0.013732 0.012898 0.013298 0.017394 0.035873 0.104232 0.393879 1.007150 1.652889 1.953105 1.988682 1.982382 
