0.065929 0.099708 0.159202 0.281247 0.461718 0.669135 0.867067 0.986253 0.988576 0.883502 0.701326 0.509915 0.336701 0.205960 0.116578 0.059286 0.024892 0.007553 0.001551 0.000227 0.000121 0.000703 0.004605 0.015909 0.032268 0.049543 0.060991 0.059482 
0.061094 0.076994 0.122018 0.212539 0.368115 0.565427 0.769287 0.950821 0.987996 0.958811 0.793569 0.605621 0.421033 0.266021 0.156099 0.083920 0.039226 0.013423 0.003383 0.000584 0.000147 0.000266 0.001824 0.009187 0.023974 0.040906 0.057427 0.060236 
0.060665 0.065283 0.092225 0.159088 0.285110 0.465952 0.667357 0.876243 0.978702 0.980700 0.892388 0.699595 0.512907 0.339830 0.205424 0.115292 0.058138 0.023248 0.006593 0.001393 0.000256 0.000177 0.000685 0.004054 0.016305 0.032440 0.050580 0.059320 
0.059992 0.062156 0.073173 0.116639 0.215246 0.372961 0.565719 0.772296 0.952588 0.980200 0.958622 0.798012 0.605488 0.424667 0.267793 0.154824 0.082593 0.037713 0.012056 0.002977 0.000561 0.000197 0.000304 0.001655 0.009005 0.024121 0.041592 0.056798 
0.058795 0.060932 0.065451 0.086794 0.157095 0.289723 0.467613 0.669007 0.881361 0.973297 0.974806 0.896988 0.701750 0.513614 0.343237 0.205821 0.113616 0.056734 0.021544 0.005851 0.001256 0.000288 0.000224 0.000669 0.003830 0.016217 0.032857 0.050581 
0.056207 0.059864 0.062597 0.071916 0.110701 0.217751 0.375730 0.566940 0.778744 0.949936 0.974428 0.955351 0.804319 0.606794 0.426206 0.270409 0.154067 0.080760 0.035952 0.010924 0.002647 0.000546 0.000240 0.000335 0.001570 0.008734 0.024401 0.041881 
0.050314 0.058492 0.061004 0.065610 0.083943 0.154175 0.292586 0.468761 0.672842 0.884692 0.968305 0.969659 0.899756 0.705557 0.514383 0.345208 0.207306 0.112034 0.054793 0.019906 0.005241 0.001147 0.000316 0.000263 0.000667 0.003670 0.016174 0.033141 
0.041830 0.055820 0.059800 0.062731 0.071345 0.106341 0.218660 0.377185 0.569830 0.784345 0.947064 0.969321 0.952183 0.809456 0.609592 0.427046 0.272348 0.154341 0.078660 0.033861 0.009931 0.002379 0.000537 0.000277 0.000364 0.001519 0.008552 0.024632 
0.033231 0.049980 0.058308 0.061031 0.065617 0.082247 0.151434 0.293658 0.470774 0.677088 0.886955 0.963756 0.965036 0.901518 0.709524 0.516154 0.346216 0.208758 0.111210 0.052400 0.018184 0.004727 0.001063 0.000342 0.000299 0.000675 0.003566 0.016200 
0.024715 0.041652 0.055545 0.059776 0.062751 0.070921 0.103701 0.217703 0.378566 0.573487 0.789054 0.944236 0.964716 0.949157 0.813813 0.612839 0.428256 0.273427 0.154995 0.076962 0.031305 0.009007 0.002159 0.000533 0.000309 0.000393 0.001492 0.008477 
0.016225 0.033184 0.049658 0.058190 0.061049 0.065537 0.081159 0.148789 0.293877 0.473446 0.681270 0.888471 0.959596 0.960826 0.902717 0.713326 0.518499 0.347122 0.209662 0.110929 0.049954 0.016294 0.004278 0.000995 0.000365 0.000330 0.000688 0.003513 
0.008455 0.024704 0.041481 0.055268 0.059773 0.062732 0.070564 0.101972 0.215795 0.380130 0.577358 0.793067 0.941507 0.960519 0.946299 0.817847 0.615912 0.429879 0.274152 0.155454 0.075722 0.028506 0.008102 0.001973 0.000531 0.000339 0.000420 0.001484 
0.003493 0.016226 0.033093 0.049346 0.058084 0.061076 0.065430 0.080374 0.146194 0.293850 0.476434 0.685213 0.889498 0.955766 0.956964 0.903760 0.716880 0.520908 0.348227 0.210175 0.110717 0.047248 0.014736 0.003866 0.000940 0.000387 0.000359 0.000706 
0.001489 0.008448 0.024659 0.041296 0.054998 0.059784 0.062709 0.070254 0.100565 0.213654 0.381868 0.580823 0.796886 0.938900 0.956664 0.943663 0.821515 0.618894 0.431656 0.274873 0.155622 0.074484 0.025776 0.007315 0.001810 0.000532 0.000366 0.000446 
0.000727 0.003490 0.016213 0.032978 0.049030 0.057989 0.061113 0.065326 0.079718 0.143661 0.293918 0.479207 0.688855 0.890459 0.952223 0.953414 0.904666 0.720205 0.523352 0.349458 0.210556 0.110289 0.044603 0.013306 0.003505 0.000893 0.000408 0.000386 
0.000471 0.001503 0.008447 0.024596 0.041093 0.054735 0.059805 0.062693 0.069978 0.099302 0.211614 0.383518 0.584031 0.800422 0.936485 0.953116 0.941227 0.824855 0.621778 0.433535 0.275633 0.155593 0.072737 0.023581 0.006609 0.001668 0.000534 0.000391 
0.000411 0.000749 0.003497 0.016195 0.032844 0.048709 0.057904 0.061161 0.065236 0.079130 0.141301 0.293990 0.481790 0.692226 0.891344 0.948958 0.950144 0.905454 0.723317 0.525802 0.350791 0.210880 0.109517 0.042045 0.012087 0.003186 0.000853 0.000427 
0.000415 0.000496 0.001520 0.008452 0.024520 0.040875 0.054475 0.059838 0.062689 0.069728 0.098146 0.209713 0.385060 0.587008 0.803686 0.934258 0.949848 0.938971 0.827902 0.624560 0.435484 0.276448 0.155380 0.070600 0.021802 0.005995 0.001543 0.000538 
0.000446 0.000435 0.000772 0.003509 0.016174 0.032697 0.048379 0.057827 0.061221 0.065162 0.078592 0.139116 0.294061 0.484193 0.695347 0.892160 0.945950 0.947129 0.906135 0.726231 0.528238 0.352211 0.211168 0.108454 0.039555 0.011059 0.002907 0.000820 
0.000542 0.000438 0.000520 0.001540 0.008461 0.024436 0.040643 0.054214 0.059880 0.062699 0.069505 0.097081 0.207953 0.386499 0.589770 0.806700 0.932208 0.946834 0.936880 0.830684 0.627235 0.437479 0.277316 0.155020 0.068289 0.020221 0.005467 0.001435 
0.000791 0.000464 0.000458 0.000795 0.003526 0.016152 0.032539 0.048038 0.057758 0.061289 0.065105 0.078100 0.137093 0.294135 0.486427 0.698235 0.892914 0.943178 0.944346 0.906725 0.728959 0.530645 0.353699 0.211435 0.107209 0.037102 0.010164 0.002666 
0.001342 0.000547 0.000460 0.000543 0.001562 0.008473 0.024346 0.040400 0.053953 0.059929 0.062720 0.069308 0.096097 0.206326 0.387842 0.592331 0.809485 0.930320 0.944054 0.934940 0.833226 0.629802 0.439501 0.278231 0.154567 0.065862 0.018773 0.005010 
0.002457 0.000768 0.000482 0.000481 0.000818 0.003545 0.016130 0.032373 0.047689 0.057738 0.061325 0.065065 0.077652 0.135219 0.294212 0.488503 0.700908 0.893613 0.940620 0.941775 0.907233 0.731514 0.533011 0.355237 0.211699 0.105844 0.034670 0.009367 
0.004607 0.001262 0.000553 0.000481 0.000565 0.001584 0.008489 0.024252 0.040147 0.053731 0.059961 0.062727 0.069146 0.095191 0.204821 0.389094 0.594706 0.812059 0.928580 0.941487 0.933140 0.835551 0.632263 0.441533 0.279189 0.154061 0.063351 0.017420 
0.008647 0.002275 0.000749 0.000499 0.000502 0.000841 0.003565 0.016110 0.032199 0.047369 0.057712 0.061344 0.065024 0.077262 0.133483 0.294290 0.490432 0.703382 0.894262 0.938260 0.939400 0.906656 0.734920 0.535328 0.356813 0.211973 0.104404 0.032250 
0.016141 0.004250 0.001193 0.000561 0.000500 0.000587 0.001607 0.008507 0.024154 0.039899 0.053528 0.059976 0.062724 0.069003 0.094377 0.203424 0.390260 0.596907 0.814441 0.926975 0.939115 0.931214 0.837551 0.635124 0.443436 0.280183 0.153529 0.060782 
0.030274 0.007987 0.002115 0.000735 0.000515 0.000522 0.000864 0.003587 0.016088 0.032027 0.047070 0.057677 0.061350 0.064981 0.076917 0.131889 0.294365 0.492223 0.705674 0.894865 0.936080 0.937140 0.905823 0.738225 0.537938 0.358255 0.212281 0.102484 
0.058226 0.015026 0.003928 0.001135 0.000570 0.000517 0.000609 0.001630 0.008526 0.024057 0.039660 0.053335 0.059972 0.062717 0.068872 0.093644 0.202138 0.391345 0.598948 0.816647 0.925511 0.936875 0.929310 0.839231 0.638082 0.445521 0.281055 0.152861 
