0.126246 0.155859 0.683435 1.320319 1.469989 1.671163 1.867135 1.984758 1.508844 0.852614 0.698212 0.517266 0.363427 0.252769 0.175027 0.115551 0.067240 0.031025 0.008912 0.001466 0.000109 0.000085 0.001256 0.008190 0.028281 0.057365 0.088077 0.105746 
0.114857 0.137351 0.347440 1.044070 1.407424 1.570576 1.769800 1.950443 1.828830 1.137301 0.759430 0.607739 0.436958 0.302701 0.209784 0.143006 0.090000 0.047621 0.017303 0.003666 0.000455 0.000091 0.000377 0.003282 0.016334 0.042620 0.072721 0.098188 
0.106894 0.123292 0.195497 0.661198 1.272038 1.504885 1.670188 1.885024 1.920040 1.539103 0.899847 0.667009 0.522348 0.365264 0.251075 0.173127 0.114781 0.067482 0.030574 0.007878 0.001349 0.000182 0.000162 0.001175 0.007271 0.028977 0.057670 0.086034 
0.097402 0.113601 0.145443 0.370044 0.984761 1.417567 1.589788 1.795707 1.911286 1.809479 1.197778 0.754324 0.585210 0.443806 0.302807 0.207571 0.141504 0.089751 0.047729 0.016245 0.003273 0.000478 0.000167 0.000416 0.002952 0.016061 0.043324 0.071893 
0.085030 0.104710 0.125542 0.209554 0.656713 1.234949 1.520993 1.692747 1.879236 1.885834 1.554639 0.941867 0.648627 0.511044 0.373256 0.249469 0.170891 0.113838 0.067523 0.029977 0.007214 0.001255 0.000245 0.000229 0.001112 0.006864 0.029398 0.057608 
0.071418 0.095693 0.112522 0.151753 0.381857 0.946599 1.413726 1.619315 1.807653 1.884185 1.796833 1.244966 0.756333 0.562663 0.442150 0.309612 0.204529 0.139674 0.089339 0.047654 0.015392 0.002997 0.000501 0.000233 0.000450 0.002770 0.016043 0.043503 
0.057461 0.084010 0.102935 0.126536 0.219086 0.651161 1.199359 1.542219 1.720050 1.865052 1.862347 1.568045 0.980083 0.635289 0.494765 0.375881 0.253639 0.167073 0.112691 0.067415 0.029412 0.006720 0.001192 0.000300 0.000287 0.001084 0.006669 0.029602 
0.043531 0.070899 0.093841 0.111785 0.155574 0.389737 0.925260 1.396456 1.651763 1.814780 1.864376 1.788015 1.274064 0.769322 0.547462 0.433038 0.314760 0.205896 0.135859 0.088915 0.047504 0.014697 0.002797 0.000527 0.000291 0.000487 0.002680 0.016049 
0.029697 0.057229 0.082923 0.101195 0.127219 0.225062 0.649099 1.168899 1.551096 1.752786 1.851977 1.845285 1.576193 1.012915 0.630660 0.477302 0.373899 0.259151 0.166024 0.109500 0.067518 0.028899 0.006340 0.001153 0.000350 0.000340 0.001084 0.006570 
0.016064 0.043463 0.070306 0.092018 0.110954 0.158185 0.396566 0.908999 1.377198 1.674918 1.827179 1.850304 1.776340 1.297691 0.789717 0.534811 0.420774 0.316525 0.209885 0.133187 0.086692 0.047788 0.014089 0.002651 0.000553 0.000342 0.000526 0.002642 
0.006526 0.029694 0.056954 0.081804 0.099466 0.127496 0.229589 0.648324 1.148627 1.547368 1.782482 1.844523 1.831813 1.582021 1.043704 0.627276 0.463538 0.367725 0.263205 0.167793 0.106164 0.066291 0.028935 0.006035 0.001130 0.000395 0.000388 0.001101 
0.002635 0.016059 0.043324 0.069680 0.090237 0.109977 0.160026 0.401941 0.898476 1.360693 1.699257 1.829012 1.841345 1.766187 1.317704 0.809135 0.524940 0.408229 0.315465 0.214361 0.132756 0.083508 0.047298 0.014041 0.002540 0.000580 0.000390 0.000566 
0.001128 0.006508 0.029639 0.056616 0.080684 0.097742 0.127424 0.233017 0.648620 1.133874 1.555313 1.793490 1.838262 1.822556 1.586727 1.063419 0.632644 0.451996 0.359897 0.264913 0.171121 0.104087 0.063773 0.029019 0.005905 0.001118 0.000437 0.000434 
0.000607 0.002646 0.016047 0.043128 0.069013 0.088511 0.108873 0.161243 0.406560 0.891247 1.352570 1.715889 1.827069 1.834335 1.759672 1.331530 0.827780 0.519739 0.395238 0.312405 0.217868 0.134259 0.080590 0.045701 0.014315 0.002485 0.000608 0.000435 
0.000478 0.001160 0.006506 0.029552 0.056220 0.079453 0.096147 0.127056 0.236409 0.648904 1.124829 1.564100 1.797457 1.832519 1.815669 1.589904 1.079655 0.641916 0.441926 0.350076 0.265136 0.174698 0.103682 0.060798 0.028604 0.005912 0.001121 0.000478 
0.000478 0.000648 0.002667 0.016032 0.042886 0.068266 0.086840 0.107738 0.162121 0.410504 0.886866 1.349046 1.726922 1.823753 1.828306 1.755016 1.342119 0.847002 0.514886 0.384520 0.307430 0.219917 0.136762 0.078724 0.043365 0.014431 0.002479 0.000639 
0.000518 0.000521 0.001196 0.006513 0.029444 0.055760 0.078113 0.094677 0.126558 0.240363 0.648685 1.119729 1.571549 1.798407 1.827168 1.809984 1.592134 1.094560 0.651646 0.433407 0.340618 0.263673 0.177795 0.104603 0.058209 0.027466 0.005927 0.001139 
0.000674 0.000519 0.000690 0.002694 0.016018 0.042602 0.067432 0.085204 0.106632 0.162980 0.414095 0.884207 1.348042 1.734265 1.819978 1.822872 1.751225 1.351082 0.865466 0.511164 0.375414 0.301282 0.220734 0.139613 0.078057 0.040882 0.014051 0.002492 
0.001167 0.000557 0.000562 0.001234 0.006534 0.029310 0.055236 0.076743 0.093239 0.126076 0.243860 0.649151 1.116909 1.577705 1.797826 1.822149 1.804960 1.593944 1.108274 0.661551 0.426320 0.331448 0.261080 0.180174 0.106389 0.056421 0.025709 0.005836 
0.002486 0.000710 0.000559 0.000731 0.002727 0.016006 0.042273 0.066542 0.083575 0.105553 0.163731 0.417482 0.883030 1.350747 1.736715 1.816068 1.817852 1.747909 1.359063 0.880044 0.511813 0.367025 0.294518 0.220627 0.142391 0.078428 0.038658 0.013101 
0.005584 0.001192 0.000596 0.000602 0.001273 0.006582 0.029140 0.054657 0.075345 0.091817 0.125592 0.246958 0.649985 1.116888 1.582358 1.795784 1.817406 1.800366 1.595878 1.119554 0.672248 0.421321 0.321909 0.258115 0.181509 0.108626 0.055519 0.023562 
0.011676 0.002439 0.000745 0.000598 0.000771 0.002768 0.015999 0.041899 0.065605 0.082049 0.104379 0.164377 0.420450 0.883437 1.354629 1.737022 1.812000 1.813146 1.744984 1.366134 0.892274 0.515724 0.359189 0.287162 0.219812 0.144602 0.079600 0.036897 
0.021258 0.005172 0.001205 0.000635 0.000641 0.001313 0.006645 0.028949 0.054026 0.073999 0.090423 0.124961 0.249540 0.650918 1.119033 1.585980 1.792969 1.812859 1.796105 1.597751 1.129204 0.683900 0.416329 0.314172 0.253885 0.182207 0.110825 0.055461 
0.035461 0.010185 0.002340 0.000777 0.000636 0.000811 0.002814 0.015995 0.041487 0.064650 0.080601 0.103163 0.164740 0.422859 0.884975 1.359274 1.736249 1.807887 1.808671 1.742328 1.372458 0.903647 0.519991 0.352481 0.280218 0.218046 0.146479 0.081141 
0.055844 0.019074 0.004692 0.001203 0.000671 0.000680 0.001355 0.006719 0.028741 0.053360 0.072701 0.089062 0.124198 0.251429 0.652394 1.122124 1.589140 1.789781 1.808475 1.792085 1.599409 1.138052 0.695095 0.412424 0.307317 0.249045 0.182263 0.113032 
0.082932 0.033906 0.009159 0.002208 0.000804 0.000673 0.000851 0.002865 0.015994 0.041051 0.063690 0.079209 0.101936 0.164789 0.425003 0.887259 1.364188 1.734948 1.803801 1.804377 1.739819 1.378231 0.914274 0.524666 0.346732 0.273390 0.215960 0.147647 
0.114840 0.056458 0.017142 0.004297 0.001188 0.000706 0.000718 0.001399 0.006801 0.028522 0.052673 0.071439 0.087732 0.123331 0.252828 0.654297 1.125724 1.591970 1.786444 1.804233 1.788238 1.600880 1.146252 0.705959 0.409551 0.300893 0.244047 0.181804 
0.148322 0.084576 0.032714 0.008285 0.002086 0.000827 0.000709 0.000891 0.002919 0.015993 0.040597 0.062729 0.077858 0.100705 0.164605 0.427008 0.890011 1.369157 1.733378 1.799786 1.800235 1.737399 1.383555 0.924314 0.529883 0.341640 0.266668 0.213515 
