0.803144 1.058621 1.105007 1.073800 0.970004 0.928697 0.937881 1.499979 1.986393 1.864015 1.687471 1.533354 1.544119 1.168135 0.836098 0.999499 0.989942 0.793759 0.517357 0.254693 0.073734 0.011321 0.000614 0.000613 0.011312 0.073711 0.254533 0.515892 
0.659518 0.955192 1.093411 1.097205 1.024427 0.939024 0.930993 1.150964 1.813448 1.947272 1.775743 1.588345 1.538737 1.403125 0.955119 0.917798 0.997110 0.924012 0.655558 0.384307 0.146984 0.029601 0.003291 0.000614 0.003288 0.029586 0.147052 0.381976 
0.518481 0.809759 1.057907 1.096257 1.071492 0.973058 0.933000 0.985985 1.503743 1.913816 1.884932 1.671021 1.563541 1.492432 1.154549 0.927128 0.957454 0.978835 0.805417 0.519933 0.261085 0.065524 0.010538 0.001283 0.001282 0.010531 0.065528 0.259187 
0.384836 0.664120 0.960656 1.086669 1.090066 1.026098 0.943015 0.946247 1.193391 1.773499 1.906595 1.797495 1.603977 1.532329 1.347949 0.998603 0.938501 0.971936 0.927812 0.662675 0.387179 0.144695 0.026598 0.003597 0.001282 0.003594 0.026593 0.143695 
0.258630 0.522321 0.817952 1.054317 1.089217 1.068467 0.974171 0.943823 1.008841 1.511957 1.873321 1.876234 1.694458 1.568153 1.465895 1.144634 0.953526 0.955218 0.960905 0.818649 0.524927 0.261025 0.061873 0.009926 0.001861 0.001860 0.009922 0.061618 
0.140086 0.386483 0.670136 0.964363 1.080492 1.084029 1.023719 0.951410 0.960077 1.213764 1.754800 1.875506 1.808068 1.624372 1.526800 1.319857 1.008922 0.953949 0.958484 0.925341 0.672940 0.389248 0.141448 0.024929 0.003877 0.001861 0.003876 0.024861 
0.058914 0.256635 0.526988 0.824996 1.050575 1.083145 1.062913 0.978526 0.953577 1.025666 1.517527 1.845329 1.858647 1.722323 1.577017 1.437803 1.139266 0.967693 0.956217 0.950198 0.826316 0.531094 0.259016 0.059321 0.009644 0.002365 0.002364 0.009626 
0.023763 0.136302 0.388355 0.675992 0.966894 1.075002 1.078087 1.021898 0.959814 0.971599 1.228136 1.739581 1.855317 1.808648 1.649670 1.524050 1.291048 1.019031 0.960520 0.953278 0.917723 0.684637 0.392162 0.137578 0.023884 0.004185 0.002364 0.004180 
0.009530 0.056794 0.254508 0.531765 0.830779 1.047204 1.077316 1.057753 0.983095 0.962760 1.038883 1.518855 1.826383 1.843650 1.737364 1.596113 1.412426 1.135665 0.976959 0.956899 0.942578 0.828851 0.538399 0.256735 0.057232 0.009565 0.002820 0.002818 
0.004496 0.023023 0.132810 0.390417 0.681272 0.968840 1.069788 1.072425 1.020617 0.967844 0.981791 1.237903 1.728299 1.839333 1.808163 1.672043 1.515904 1.274045 1.026732 0.964421 0.950811 0.910566 0.691499 0.396469 0.133692 0.023168 0.004506 0.002819 
0.003238 0.009547 0.055102 0.252704 0.535845 0.836176 1.043892 1.071766 1.053118 0.987634 0.971331 1.052034 1.516642 1.811575 1.831541 1.751828 1.604688 1.395656 1.135052 0.983401 0.957616 0.937348 0.827851 0.543984 0.255833 0.055464 0.009593 0.003240 
0.003239 0.004815 0.022513 0.129899 0.392125 0.686010 0.970607 1.064797 1.067104 1.019790 0.975406 0.991507 1.246438 1.717193 1.826549 1.810077 1.685995 1.506619 1.265354 1.033097 0.967286 0.949326 0.904906 0.694562 0.399908 0.131097 0.022649 0.004829 
0.003636 0.003633 0.009634 0.053784 0.251123 0.539068 0.841497 1.040673 1.066527 1.049361 0.991684 0.979431 1.064153 1.513321 1.799210 1.822431 1.766340 1.604043 1.385987 1.135521 0.988229 0.958306 0.933731 0.825461 0.547235 0.255783 0.054216 0.009682 
0.005149 0.003634 0.005133 0.022172 0.127498 0.393285 0.690282 0.972425 1.060064 1.062236 1.019294 0.982495 1.000612 1.253771 1.706606 1.816626 1.808408 1.698425 1.499066 1.260754 1.038047 0.969527 0.948422 0.900520 0.695712 0.401509 0.129702 0.022327 
0.009822 0.004012 0.004009 0.009768 0.052763 0.249598 0.541784 0.846569 1.037611 1.061693 1.046133 0.995527 0.987024 1.075117 1.509288 1.789121 1.814571 1.776282 1.603615 1.379910 1.136741 0.991933 0.958974 0.931170 0.822916 0.548610 0.255674 0.053465 
0.022185 0.005466 0.004009 0.005448 0.021956 0.125406 0.394116 0.694176 0.974167 1.055672 1.057803 1.019065 0.989150 1.009047 1.259954 1.697113 1.808209 1.804999 1.708339 1.494195 1.258325 1.042181 0.971334 0.947903 0.897155 0.695317 0.402142 0.128863 
0.053034 0.010010 0.004374 0.004369 0.009935 0.051946 0.248116 0.544146 0.851303 1.034763 1.057270 1.043276 0.999265 0.994124 1.084830 1.505405 1.780435 1.807406 1.780032 1.606586 1.376260 1.138481 0.994903 0.959619 0.929359 0.820196 0.548729 0.255525 
0.128386 0.022175 0.005784 0.004370 0.005761 0.021829 0.123530 0.394740 0.697725 0.975801 1.051643 1.053771 1.019058 0.995409 1.016800 1.265222 1.688749 1.800664 1.800563 1.715256 1.492355 1.257371 1.045791 0.972850 0.947643 0.894503 0.693822 0.402127 
0.255347 0.052825 0.010235 0.004724 0.004718 0.010125 0.051271 0.246687 0.546232 0.855675 1.032151 1.053239 1.040754 1.002894 1.000757 1.093418 1.501948 1.772685 1.800638 1.779211 1.611852 1.374863 1.140443 0.997387 0.960247 0.928056 0.817340 0.547975 
0.401661 0.128155 0.022260 0.006103 0.004719 0.006070 0.021764 0.121823 0.395222 0.700954 0.977321 1.047967 1.050118 1.019237 1.001291 1.023922 1.269782 1.681394 1.793650 1.795282 1.719798 1.493357 1.257332 1.048898 0.974174 0.947557 0.892330 0.691557 
0.546609 0.255145 0.052773 0.010488 0.005065 0.005057 0.010331 0.050702 0.245321 0.548088 0.859692 1.029768 1.049580 1.038538 1.006404 1.006949 1.101058 1.498976 1.765178 1.794874 1.776411 1.617210 1.375345 1.142292 0.999510 0.960866 0.927095 0.814373 
0.688743 0.400877 0.128098 0.022415 0.006423 0.005059 0.006375 0.021742 0.120258 0.395600 0.703890 0.978728 1.044627 1.046820 1.019710 1.006540 1.030613 1.273805 1.674393 1.787450 1.790258 1.722428 1.496277 1.257717 1.051431 0.975357 0.947592 0.890472 
0.811311 0.544810 0.254925 0.052834 0.010762 0.005400 0.005388 0.010546 0.050213 0.244022 0.549745 0.863370 1.027604 1.046272 1.036557 1.009833 1.012558 1.108153 1.495908 1.758483 1.789556 1.773300 1.622215 1.376997 1.143772 1.001317 0.961475 0.926371 
0.888830 0.685531 0.399867 0.128161 0.022621 0.006743 0.005391 0.006678 0.021752 0.118819 0.395896 0.706558 0.980024 1.041605 1.043843 1.020766 1.010514 1.037139 1.277460 1.667897 1.781788 1.785492 1.724346 1.499606 1.258885 1.053352 0.976416 0.947719 
0.925822 0.808167 0.542699 0.254692 0.052975 0.011051 0.005729 0.005713 0.010768 0.049788 0.242791 0.551227 0.866728 1.025650 1.043283 1.034868 1.013077 1.017170 1.115151 1.493010 1.752389 1.784566 1.770205 1.626780 1.379246 1.145263 1.002824 0.962067 
0.947911 0.887347 0.682020 0.398696 0.128313 0.022862 0.007064 0.005717 0.006977 0.021787 0.117490 0.396126 0.708978 0.981218 1.038875 1.041180 1.021869 1.014100 1.042689 1.281343 1.661888 1.776522 1.780976 1.725844 1.503013 1.260560 1.054984 0.977351 
0.962631 0.925410 0.804958 0.540358 0.254452 0.053175 0.011350 0.006054 0.006032 0.010994 0.049415 0.241627 0.552552 0.869790 1.023885 1.040603 1.033466 1.016042 1.021247 1.121595 1.490525 1.746750 1.779862 1.767193 1.630952 1.381786 1.146874 1.004119 
0.978189 0.948140 0.885992 0.678283 0.397405 0.128531 0.023130 0.007383 0.006037 0.007272 0.021840 0.116261 0.396300 0.712302 0.981182 1.036424 1.038819 1.022970 1.017344 1.047636 1.285031 1.656476 1.771584 1.776695 1.727051 1.506369 1.262549 1.056505 
