0.014888 0.066567 0.145076 0.277050 0.463915 0.675432 0.877311 0.996601 0.996601 0.850426 1.175432 1.490800 1.277050 1.145076 1.066228 1.030424 0.505417 0.004210 0.003938 0.006624 0.009810 0.012056 0.012051 0.009786 0.006374 0.003142 0.000910 0.000132 
0.003821 0.034603 0.099138 0.204201 0.367401 0.569674 0.777577 0.962191 0.996601 0.923514 0.972304 1.373742 1.410644 1.200841 1.098106 1.048326 0.824595 0.189256 0.004006 0.004883 0.008217 0.011331 0.012054 0.011343 0.008080 0.004736 0.001817 0.000327 
0.001200 0.012390 0.061433 0.144403 0.280917 0.467834 0.673625 0.887269 0.987999 0.960058 0.935711 1.175995 1.401418 1.331426 1.136235 1.073216 0.979948 0.497305 0.050319 0.004225 0.006352 0.010010 0.011873 0.011877 0.009952 0.006408 0.003223 0.000707 
0.000830 0.004121 0.029338 0.096225 0.206360 0.372016 0.569748 0.781970 0.962817 0.977521 0.944392 1.025818 1.318742 1.383920 1.232087 1.100629 1.038241 0.775640 0.225004 0.015749 0.004832 0.008181 0.011398 0.011876 0.011357 0.008180 0.004770 0.001567 
0.001014 0.001653 0.011248 0.055319 0.144352 0.285178 0.469071 0.675859 0.895245 0.973845 0.960956 0.964748 1.176342 1.367626 1.326983 1.162976 1.069435 0.956993 0.486986 0.070792 0.007561 0.006088 0.010089 0.011756 0.011746 0.010065 0.006475 0.002927 
0.001527 0.001174 0.004211 0.024665 0.093250 0.209382 0.374262 0.570890 0.793325 0.954195 0.967401 0.961904 1.045044 1.298433 1.357465 1.255320 1.109760 1.027269 0.752630 0.235946 0.023737 0.006456 0.007671 0.011339 0.011754 0.011323 0.008299 0.004696 
0.002749 0.001262 0.001933 0.010084 0.049554 0.145222 0.287854 0.469350 0.682108 0.898263 0.964099 0.964653 0.982689 1.177765 1.342707 1.324587 1.182540 1.070943 0.933912 0.482754 0.081109 0.010776 0.006760 0.009705 0.011650 0.011646 0.010154 0.006497 
0.004526 0.001634 0.001430 0.004139 0.021989 0.089427 0.211680 0.374694 0.575304 0.800746 0.947502 0.964376 0.969300 1.060352 1.284621 1.338177 1.266790 1.126114 1.019556 0.730471 0.243120 0.029364 0.007764 0.007864 0.011046 0.011649 0.011272 0.008421 
0.006474 0.002644 0.001481 0.002107 0.009279 0.044889 0.145458 0.288488 0.471895 0.688025 0.898086 0.958926 0.966838 0.993294 1.181860 1.324788 1.320068 1.196452 1.081890 0.909293 0.479316 0.088203 0.013164 0.007789 0.009330 0.011498 0.011555 0.010239 
0.008506 0.004371 0.001772 0.001638 0.004057 0.019974 0.086197 0.211926 0.376101 0.579960 0.804861 0.941738 0.962882 0.975430 1.070620 1.276895 1.323608 1.272532 1.145294 1.017166 0.704902 0.248772 0.033267 0.009133 0.008288 0.010671 0.011541 0.011226 
0.010304 0.006439 0.002588 0.001671 0.002242 0.008641 0.041349 0.144256 0.289053 0.475401 0.692411 0.896126 0.954953 0.968662 1.002364 1.185877 1.311930 1.310839 1.212160 1.097246 0.886019 0.473697 0.093177 0.015377 0.008499 0.009262 0.011323 0.011462 
0.011173 0.008565 0.004259 0.001900 0.001814 0.003985 0.018417 0.082880 0.211461 0.378394 0.583906 0.806688 0.936819 0.961808 0.980515 1.079607 1.271842 1.311657 1.275591 1.166742 1.016769 0.679858 0.251347 0.036547 0.010219 0.008690 0.010449 0.011427 
0.011364 0.010343 0.006412 0.002563 0.001835 0.002357 0.008136 0.038184 0.142376 0.290105 0.478991 0.695297 0.893355 0.952437 0.969608 1.010708 1.189800 1.301703 1.302640 1.230896 1.110502 0.864384 0.465602 0.096965 0.017183 0.009072 0.009349 0.011158 
0.011312 0.011109 0.008614 0.004178 0.002017 0.001966 0.003932 0.017092 0.079326 0.211096 0.381120 0.587144 0.806593 0.933374 0.961023 0.984176 1.088143 1.267904 1.302406 1.281818 1.185749 1.007192 0.664993 0.251381 0.039156 0.011100 0.009141 0.010272 
0.010933 0.011261 0.010365 0.006382 0.002571 0.001979 0.002457 0.007713 0.035941 0.139516 0.291608 0.482454 0.696869 0.890502 0.950654 0.970267 1.019478 1.191868 1.293781 1.297259 1.250956 1.116926 0.845019 0.458187 0.100581 0.018604 0.009631 0.009565 
0.010167 0.011179 0.011037 0.008647 0.004126 0.002127 0.002098 0.003891 0.016084 0.075774 0.210718 0.384085 0.589661 0.805449 0.930713 0.960461 0.987473 1.096427 1.263504 1.296389 1.285683 1.205872 0.995819 0.651603 0.251525 0.041341 0.011891 0.009582 
0.009748 0.010800 0.011144 0.010372 0.006322 0.002634 0.002105 0.002546 0.007387 0.034055 0.136498 0.293375 0.485597 0.697555 0.887618 0.949305 0.970932 1.027818 1.192628 1.288168 1.293713 1.263054 1.123920 0.830694 0.451564 0.103786 0.019830 0.010159 
0.009851 0.010188 0.011058 0.010951 0.008660 0.004103 0.002237 0.002216 0.003867 0.015264 0.072334 0.210519 0.387019 0.591576 0.803660 0.928477 0.960119 0.990560 1.103844 1.259613 1.292327 1.286048 1.220606 0.989915 0.641129 0.251272 0.043237 0.012680 
0.010558 0.009935 0.010707 0.011031 0.010348 0.006279 0.002709 0.002221 0.002628 0.007129 0.032381 0.133631 0.295262 0.488357 0.697618 0.884668 0.948253 0.971684 1.035341 1.193021 1.284148 1.290757 1.268118 1.132498 0.820656 0.446201 0.106162 0.021026 
0.013331 0.010091 0.010240 0.010950 0.010860 0.008651 0.004107 0.002343 0.002323 0.003855 0.014567 0.069115 0.210513 0.389788 0.592987 0.801404 0.926499 0.959969 0.993456 1.110385 1.256643 1.289105 1.285097 1.228553 0.989479 0.633428 0.250659 0.044927 
0.022040 0.010901 0.010128 0.010632 0.010928 0.010286 0.006268 0.002789 0.002328 0.002706 0.006917 0.030882 0.131042 0.297160 0.490736 0.697196 0.881636 0.947415 0.972527 1.042011 1.193681 1.280989 1.288103 1.269959 1.139386 0.814793 0.442043 0.107846 
0.046276 0.013879 0.010321 0.010317 0.010843 0.010767 0.008619 0.004142 0.002443 0.002423 0.003853 0.013961 0.066189 0.210669 0.392337 0.593966 0.798779 0.924693 0.959971 0.996175 1.116258 1.254515 1.286324 1.283567 1.232780 0.991040 0.628418 0.249802 
0.108812 0.022867 0.011212 0.010318 0.010580 0.010824 0.010211 0.006268 0.002873 0.002428 0.002780 0.006738 0.029544 0.128777 0.299008 0.492753 0.696372 0.878518 0.946626 0.973548 1.047986 1.194716 1.278372 1.285635 1.270181 1.144541 0.811729 0.439110 
0.248870 0.047267 0.014349 0.010542 0.010416 0.010735 0.010671 0.008579 0.004189 0.002539 0.002516 0.003858 0.013429 0.063584 0.210953 0.394647 0.594563 0.795871 0.922868 0.960087 0.999156 1.121351 1.253070 1.283819 1.281772 1.234907 0.993302 0.625419 
0.437145 0.109230 0.023530 0.011525 0.010448 0.010576 0.010719 0.010132 0.006274 0.002957 0.002522 0.002851 0.006586 0.028360 0.126846 0.300772 0.494431 0.695217 0.875228 0.945898 0.974738 1.053556 1.195988 1.276132 1.283307 1.269544 1.148374 0.810444 
0.623794 0.247949 0.047957 0.014795 0.010717 0.010494 0.010665 0.010572 0.008538 0.004242 0.002631 0.002604 0.003867 0.012963 0.061306 0.211342 0.396711 0.594824 0.792653 0.921021 0.960318 1.003552 1.124772 1.252070 1.281514 1.279866 1.235810 0.995779 
0.810269 0.435872 0.109263 0.024105 0.011792 0.010550 0.010579 0.010642 0.010040 0.006285 0.003040 0.002611 0.002920 0.006457 0.027323 0.125239 0.302433 0.495767 0.693774 0.871742 0.945090 0.976531 1.059058 1.196972 1.274153 1.281102 1.268441 1.151279 
0.998283 0.623071 0.247057 0.048473 0.015181 0.010860 0.010557 0.010618 0.010491 0.008482 0.004300 0.002718 0.002688 0.003882 0.012558 0.059348 0.211819 0.398516 0.594771 0.789172 0.918892 0.960810 1.008416 1.128015 1.251065 1.279365 1.277936 1.235985 
