0.001494 0.000301 0.000226 0.000844 0.003246 0.506469 1.035843 1.077239 1.161289 1.295979 1.506394 1.185001 0.852752 0.988773 0.987048 0.867328 0.669083 0.460785 0.276372 0.146662 0.070466 0.037182 0.026201 0.023020 0.020758 0.016288 0.010598 0.005199 
0.002970 0.000618 0.000245 0.000381 0.001599 0.189286 0.826979 1.056541 1.112777 1.219168 1.427488 1.387228 0.977345 0.920763 0.988342 0.951537 0.769462 0.564934 0.365593 0.204679 0.100671 0.048248 0.029741 0.024213 0.022050 0.018675 0.013443 0.007862 
0.005306 0.001299 0.000338 0.000279 0.000719 0.048826 0.497663 0.985092 1.085419 1.153232 1.349368 1.417423 1.186368 0.934908 0.954552 0.979141 0.876864 0.667198 0.464615 0.280333 0.145562 0.066085 0.035750 0.026135 0.023013 0.020595 0.016103 0.010653 
0.007967 0.002875 0.000593 0.000293 0.000389 0.012856 0.224343 0.777224 1.047797 1.114913 1.251239 1.400409 1.333328 1.029206 0.941657 0.969920 0.953572 0.772671 0.565021 0.370186 0.206758 0.096561 0.045737 0.029320 0.024184 0.021975 0.018469 0.013378 
0.010672 0.005315 0.001238 0.000368 0.000317 0.003529 0.068845 0.486012 0.963374 1.081355 1.181209 1.344471 1.383639 1.186383 0.963544 0.955788 0.965833 0.884990 0.668846 0.466002 0.284547 0.143937 0.062548 0.034708 0.026020 0.022966 0.020420 0.015963 
0.013326 0.007993 0.002824 0.000599 0.000330 0.001120 0.020661 0.234087 0.754868 1.037112 1.125622 1.273455 1.373847 1.312866 1.049048 0.957727 0.960811 0.945622 0.783725 0.565762 0.372601 0.209136 0.092626 0.043840 0.028955 0.024111 0.021868 0.018296 
0.015856 0.010660 0.005299 0.001222 0.000397 0.000528 0.006203 0.078903 0.482736 0.938960 1.085015 1.199539 1.342130 1.358602 1.188542 0.980557 0.959269 0.957014 0.888122 0.674743 0.466081 0.287156 0.142645 0.059758 0.033888 0.025883 0.022875 0.020257 
0.018156 0.013279 0.007979 0.002797 0.000603 0.000430 0.001979 0.025797 0.241967 0.731363 1.030245 1.142710 1.284541 1.354484 1.299570 1.063874 0.965155 0.958141 0.939227 0.790882 0.569823 0.372901 0.210599 0.089605 0.042356 0.028636 0.024003 0.021740 
0.020110 0.015770 0.010629 0.005274 0.001195 0.000473 0.000817 0.008321 0.085794 0.479532 0.913862 1.096865 1.213868 1.336998 1.340755 1.192673 0.991588 0.961648 0.951659 0.887958 0.680352 0.468345 0.287423 0.141626 0.057599 0.033224 0.025727 0.022754 
0.021603 0.018040 0.013226 0.007951 0.002745 0.000654 0.000559 0.002779 0.029565 0.247740 0.705238 1.028239 1.162851 1.289885 1.339816 1.291850 1.074480 0.971630 0.956654 0.933237 0.794731 0.574349 0.373998 0.210134 0.087481 0.041192 0.028345 0.023869 
0.022622 0.019978 0.015691 0.010589 0.005212 0.001200 0.000583 0.001114 0.010030 0.090805 0.473846 0.890272 1.112371 1.230712 1.327333 1.327824 1.196886 1.001087 0.963325 0.947872 0.885678 0.684540 0.471669 0.287505 0.139897 0.055976 0.032675 0.025547 
0.023719 0.021470 0.017936 0.013174 0.007900 0.002688 0.000737 0.000716 0.003476 0.032453 0.250466 0.682059 1.025613 1.184511 1.293692 1.327702 1.286830 1.083952 0.976629 0.955599 0.928461 0.796169 0.578105 0.375999 0.209131 0.085311 0.040283 0.028061 
0.025347 0.022493 0.019857 0.015619 0.010537 0.005123 0.001230 0.000721 0.001406 0.011410 0.094755 0.466262 0.868060 1.124924 1.250462 1.319199 1.317484 1.200533 1.010188 0.964248 0.945422 0.882788 0.687137 0.475057 0.288160 0.137620 0.054595 0.032202 
0.027774 0.023564 0.021348 0.017843 0.013120 0.007830 0.002627 0.000848 0.000892 0.004078 0.034748 0.251120 0.667161 1.015333 1.203385 1.300523 1.318770 1.282372 1.093052 0.980440 0.954835 0.925057 0.795814 0.581097 0.378461 0.208346 0.082888 0.039514 
0.031762 0.025143 0.022367 0.019748 0.015552 0.010475 0.005012 0.001293 0.000859 0.001700 0.012542 0.098596 0.459141 0.849731 1.129374 1.270898 1.314208 1.309671 1.202278 1.019482 0.964959 0.943668 0.879831 0.688455 0.478269 0.289338 0.135196 0.053292 
0.038799 0.027491 0.023408 0.021235 0.017760 0.013062 0.007744 0.002578 0.000968 0.001069 0.004620 0.036766 0.251558 0.654436 1.003421 1.224264 1.303381 1.313074 1.277689 1.101661 0.983912 0.954313 0.922386 0.794457 0.583362 0.381146 0.207918 0.080359 
0.052016 0.031339 0.024939 0.022246 0.019651 0.015489 0.010403 0.004899 0.001370 0.000993 0.001982 0.013544 0.101839 0.452997 0.835665 1.137686 1.281178 1.310651 1.304228 1.202833 1.028183 0.965704 0.942341 0.876827 0.688910 0.481144 0.290909 0.132875 
0.077861 0.038108 0.027212 0.023256 0.021132 0.017685 0.012998 0.007651 0.002541 0.001087 0.001240 0.005120 0.038508 0.251658 0.644331 0.998636 1.237937 1.303283 1.309045 1.273756 1.109296 0.987165 0.954022 0.920121 0.792460 0.585027 0.383835 0.207867 
0.130806 0.050770 0.030926 0.024740 0.022130 0.019564 0.015424 0.010324 0.004791 0.001451 0.001126 0.002249 0.014437 0.104346 0.447994 0.826279 1.146238 1.285506 1.307604 1.300223 1.203261 1.035959 0.966546 0.941310 0.873745 0.688744 0.483651 0.292698 
0.207892 0.075740 0.037433 0.026938 0.023109 0.021038 0.017614 0.012928 0.007557 0.002510 0.001207 0.001406 0.005577 0.039962 0.251362 0.637137 0.998728 1.245164 1.302080 1.305759 1.270809 1.116050 0.990208 0.953928 0.918109 0.789990 0.586197 0.386407 
0.294490 0.129078 0.049634 0.030520 0.024545 0.022023 0.019484 0.015357 0.010243 0.004688 0.001533 0.001257 0.002499 0.015215 0.106036 0.444249 0.820955 1.152916 1.286931 1.304839 1.297022 1.204037 1.042854 0.967533 0.940438 0.870569 0.688093 0.485802 
0.388774 0.207732 0.074273 0.036792 0.026669 0.022971 0.020952 0.017544 0.012855 0.007466 0.002485 0.001326 0.001567 0.005988 0.041100 0.250760 0.632602 1.000520 1.248950 1.300362 1.302885 1.268723 1.122128 0.993137 0.953985 0.916197 0.787150 0.586948 
0.487607 0.296111 0.127743 0.048693 0.030124 0.024358 0.021925 0.019408 0.015287 0.010160 0.004592 0.001616 0.001386 0.002733 0.015872 0.106977 0.441681 0.818302 1.157872 1.286879 1.302254 1.294344 1.205209 1.049096 0.968667 0.939644 0.867252 0.687049 
0.587328 0.390866 0.207752 0.073097 0.036208 0.026407 0.022848 0.020867 0.017473 0.012779 0.007376 0.002465 0.001444 0.001723 0.006354 0.041933 0.250028 0.629991 1.002913 1.250783 1.298410 1.300277 1.267314 1.127153 0.996623 0.954156 0.914290 0.783983 
0.685655 0.489073 0.297640 0.126758 0.047881 0.029748 0.024183 0.021836 0.019332 0.015214 0.010077 0.004500 0.001699 0.001513 0.002951 0.016407 0.107379 0.440010 0.817332 1.161556 1.286037 1.299810 1.292036 1.206513 1.054985 0.970081 0.938881 0.863752 
0.780494 0.587364 0.392713 0.207990 0.072133 0.035672 0.026160 0.022736 0.020786 0.017401 0.012701 0.007289 0.002449 0.001560 0.001873 0.006674 0.042514 0.249272 0.628671 1.005490 1.251473 1.296367 1.297867 1.266272 1.130749 1.001392 0.954481 0.912299 
0.859992 0.684119 0.490038 0.299110 0.126086 0.047165 0.029394 0.024020 0.021756 0.019258 0.015140 0.009995 0.004415 0.001782 0.001638 0.003151 0.016834 0.107428 0.438972 0.817403 1.164360 1.284769 1.297492 1.289968 1.207552 1.060857 0.972073 0.938072 
0.910051 0.776796 0.587079 0.394180 0.208462 0.071338 0.035181 0.025930 0.022634 0.020709 0.017327 0.012622 0.007165 0.002476 0.001674 0.002016 0.006950 0.042904 0.248545 0.628187 1.008084 1.251486 1.294311 1.295611 1.265216 1.134205 1.006628 0.955072 
