0.020703 0.010199 0.003960 0.003789 0.009247 0.026437 0.066476 0.142208 0.765422 1.508409 1.700305 1.907782 2.021657 2.018246 1.414402 0.651996 0.463970 0.276408 0.144866 0.065979 0.026368 0.013389 0.012976 0.021677 0.031845 0.039076 0.039051 0.031693 
0.026198 0.015390 0.005809 0.003832 0.005154 0.014909 0.041287 0.094875 0.379875 1.181815 1.626397 1.804044 1.990654 2.020804 1.810772 0.984905 0.534480 0.370131 0.203634 0.098840 0.039557 0.016737 0.013079 0.016055 0.026761 0.036732 0.039069 0.036739 
0.032237 0.020794 0.009743 0.004326 0.004162 0.007923 0.023943 0.061279 0.179522 0.751852 1.459936 1.736306 1.913137 2.013266 1.968296 1.448564 0.697546 0.432030 0.286882 0.143524 0.061804 0.023357 0.013994 0.013823 0.020814 0.032500 0.038485 0.038487 
0.036792 0.026516 0.015192 0.005721 0.004203 0.005103 0.012868 0.037281 0.100174 0.406738 1.125312 1.632667 1.837164 1.985306 2.002024 1.791064 1.045557 0.531599 0.344410 0.214980 0.094357 0.035309 0.016377 0.013866 0.015858 0.026657 0.036953 0.038486 
0.038063 0.032646 0.020854 0.009421 0.004583 0.004428 0.007269 0.020913 0.059108 0.192538 0.752844 1.417687 1.760477 1.932617 1.997844 1.949284 1.458759 0.742186 0.414606 0.272475 0.153251 0.054804 0.021738 0.014494 0.014364 0.020406 0.032771 0.038103 
0.038093 0.036699 0.026870 0.014873 0.005831 0.004467 0.005138 0.011390 0.033873 0.102014 0.422943 1.085266 1.629339 1.873089 1.981538 1.985704 1.781453 1.092796 0.532034 0.325774 0.210000 0.097391 0.031816 0.016337 0.014396 0.015874 0.026766 0.036770 
0.037762 0.037744 0.032935 0.020871 0.009194 0.004808 0.004635 0.006869 0.018573 0.056529 0.199282 0.751546 1.379155 1.785040 1.953384 1.984662 1.934641 1.472144 0.777898 0.403121 0.256576 0.153300 0.054397 0.020692 0.014882 0.014766 0.020328 0.032799 
0.036521 0.037758 0.036538 0.027209 0.014621 0.005948 0.004678 0.005193 0.010354 0.030988 0.101706 0.432651 1.065351 1.618463 1.903478 1.976843 1.972157 1.777668 1.125021 0.540365 0.311531 0.199530 0.099365 0.030571 0.016363 0.014795 0.016157 0.026713 
0.032628 0.037449 0.037453 0.033142 0.020915 0.009028 0.004995 0.004807 0.006612 0.016803 0.053826 0.205770 0.749001 1.351855 1.811768 1.958502 1.975671 1.922364 1.484303 0.808321 0.396740 0.241530 0.147968 0.055999 0.020307 0.015187 0.015135 0.020456 
0.026667 0.036242 0.037452 0.036375 0.027479 0.014451 0.006051 0.004854 0.005258 0.009611 0.028606 0.101068 0.440015 1.050428 1.620485 1.917526 1.971379 1.962344 1.774504 1.146312 0.556835 0.299734 0.187043 0.099211 0.030510 0.016480 0.015148 0.016465 
0.020620 0.032427 0.037149 0.037182 0.033286 0.020965 0.008922 0.005153 0.004955 0.006448 0.015448 0.051470 0.212356 0.745222 1.340501 1.826799 1.957916 1.969120 1.913126 1.491972 0.837324 0.392182 0.229302 0.140020 0.057389 0.020320 0.015481 0.015477 
0.016763 0.026629 0.035961 0.037174 0.036208 0.027692 0.014345 0.006145 0.005005 0.005328 0.009071 0.026704 0.100697 0.444600 1.042861 1.625281 1.922335 1.966319 1.955122 1.770381 1.164648 0.573642 0.290382 0.175461 0.096812 0.030797 0.016692 0.015478 
0.015800 0.020784 0.032225 0.036871 0.036933 0.033377 0.021019 0.008862 0.005290 0.005085 0.006345 0.014415 0.049610 0.216364 0.743731 1.336051 1.835615 1.955323 1.963520 1.906137 1.497046 0.864244 0.389927 0.218556 0.131602 0.057500 0.020522 0.015782 
0.015786 0.017050 0.026589 0.035694 0.036917 0.036044 0.027854 0.014289 0.006234 0.005137 0.005400 0.008677 0.025231 0.100098 0.447696 1.039891 1.629946 1.923347 1.961471 1.949174 1.766346 1.180645 0.590828 0.282820 0.164527 0.092926 0.030951 0.016967 
0.016081 0.016102 0.020943 0.032028 0.036611 0.036699 0.033426 0.021071 0.008840 0.005411 0.005202 0.006285 0.013635 0.048086 0.218589 0.743793 1.335593 1.840466 1.951940 1.958397 1.900393 1.501516 0.885736 0.392670 0.208887 0.122890 0.056485 0.020758 
0.017250 0.016087 0.017318 0.026550 0.035444 0.036677 0.035881 0.027975 0.014268 0.006320 0.005255 0.005473 0.008393 0.024085 0.099325 0.449842 1.039693 1.634136 1.922457 1.956782 1.943896 1.763426 1.193626 0.608176 0.276332 0.155139 0.087239 0.031490 
0.021101 0.016378 0.016394 0.021087 0.031842 0.036369 0.036478 0.033442 0.021121 0.008847 0.005521 0.005309 0.006258 0.013046 0.046818 0.219662 0.744194 1.339139 1.841795 1.948201 1.953561 1.895557 1.506590 0.900901 0.399371 0.200587 0.114527 0.054436 
0.031438 0.017558 0.016382 0.017572 0.026507 0.035210 0.036451 0.035719 0.028063 0.014276 0.006406 0.005362 0.005546 0.008192 0.023186 0.098472 0.450771 1.041666 1.638234 1.920260 1.952221 1.939060 1.762283 1.203745 0.624121 0.271798 0.146800 0.081236 
0.051612 0.021323 0.016676 0.016679 0.021220 0.031665 0.036140 0.036268 0.033431 0.021169 0.008878 0.005623 0.005408 0.006254 0.012602 0.045756 0.219580 0.745510 1.344015 1.841763 1.944231 1.948930 1.891575 1.511273 0.913933 0.406756 0.193674 0.106588 
0.075086 0.030757 0.017838 0.016677 0.017815 0.026459 0.034990 0.036236 0.035559 0.028127 0.014301 0.006491 0.005462 0.005620 0.008052 0.022478 0.097501 0.451188 1.044762 1.642085 1.917439 1.947755 1.934592 1.761753 1.212603 0.638948 0.268716 0.139245 
0.099146 0.048132 0.021358 0.016967 0.016961 0.021341 0.031493 0.035924 0.036067 0.033402 0.021214 0.008925 0.005719 0.005501 0.006267 0.012267 0.044840 0.218903 0.747506 1.349251 1.841021 1.940176 1.944465 1.888091 1.515675 0.925776 0.414492 0.187653 
0.132336 0.068952 0.029465 0.018066 0.016963 0.018056 0.026404 0.034781 0.036031 0.035400 0.028178 0.014335 0.006575 0.005556 0.005693 0.007959 0.021910 0.096499 0.451503 1.048379 1.645565 1.914315 1.943392 1.930371 1.761527 1.220725 0.653106 0.266489 
0.181720 0.092721 0.044136 0.021192 0.017239 0.017236 0.021457 0.031327 0.035718 0.035873 0.033362 0.021256 0.008979 0.005811 0.005590 0.006294 0.012013 0.044045 0.218039 0.749902 1.354433 1.839859 1.936123 1.940137 1.884905 1.519868 0.936916 0.422384 
0.264136 0.126096 0.063040 0.027916 0.018227 0.017237 0.018291 0.026349 0.034582 0.035835 0.035246 0.028216 0.014375 0.006658 0.005645 0.005766 0.007899 0.021451 0.095552 0.451902 1.052167 1.648646 1.911054 1.939134 1.926329 1.761447 1.228392 0.666947 
0.429871 0.176370 0.086686 0.040018 0.020897 0.017484 0.017500 0.021555 0.031181 0.035521 0.035687 0.033314 0.021296 0.009040 0.005898 0.005675 0.006329 0.011821 0.043364 0.217219 0.752035 1.359838 1.838432 1.932114 1.935933 1.881907 1.523880 0.947669 
0.680119 0.262166 0.120317 0.056921 0.026531 0.018338 0.017488 0.018518 0.026297 0.034395 0.035646 0.035094 0.028243 0.014421 0.006739 0.005731 0.005839 0.007866 0.021079 0.094714 0.452115 1.055936 1.651690 1.907738 1.934978 1.922426 1.761414 1.235775 
0.957947 0.437148 0.171628 0.080368 0.036177 0.020598 0.017701 0.017746 0.021652 0.031045 0.035333 0.035508 0.033243 0.021347 0.009104 0.005983 0.005758 0.006373 0.011676 0.042791 0.216345 0.754026 1.365278 1.836916 1.928168 1.931840 1.879035 1.527798 
1.242872 0.691416 0.262103 0.114231 0.051119 0.025217 0.018425 0.017712 0.018734 0.026254 0.034218 0.035464 0.034942 0.028259 0.014476 0.006820 0.005814 0.005912 0.007852 0.020780 0.093959 0.452168 1.059652 1.654691 1.904437 1.930922 1.918639 1.761447 
