0.000049 0.000214 0.000984 0.003911 0.508248 1.036958 1.076471 1.157017 1.288041 1.496484 1.175432 0.844677 0.985348 0.984890 0.867435 0.669074 0.460960 0.277087 0.148044 0.072234 0.036538 0.021796 0.014856 0.010600 0.006597 0.003172 0.000913 0.000133 
0.000070 0.000090 0.000448 0.001908 0.190723 0.828814 1.056715 1.110244 1.212852 1.418318 1.377303 0.968710 0.915013 0.985234 0.950843 0.769473 0.565017 0.365993 0.205712 0.102933 0.049147 0.027217 0.017459 0.012393 0.008567 0.004812 0.001809 0.000349 
0.000140 0.000075 0.000185 0.000902 0.049477 0.499996 0.986357 1.084036 1.148722 1.341237 1.408064 1.176177 0.928437 0.950123 0.976636 0.877117 0.667245 0.464826 0.281010 0.147135 0.068675 0.035139 0.021118 0.014339 0.010325 0.006681 0.003206 0.000784 
0.000317 0.000091 0.000102 0.000391 0.013225 0.226085 0.779552 1.047407 1.112418 1.244444 1.391357 1.323088 1.021339 0.935966 0.966694 0.951756 0.773535 0.565104 0.370592 0.207830 0.099555 0.047028 0.026318 0.016881 0.011986 0.008456 0.004922 0.001722 
0.000725 0.000148 0.000094 0.000177 0.003672 0.069649 0.489070 0.964190 1.079912 1.176319 1.336265 1.374290 1.176490 0.957309 0.951330 0.962959 0.884965 0.669320 0.466108 0.285242 0.146478 0.065337 0.033855 0.020420 0.013866 0.010051 0.006689 0.003231 
0.001690 0.000305 0.000107 0.000115 0.001072 0.021040 0.236464 0.757090 1.036516 1.122588 1.266779 1.364784 1.302787 1.040997 0.952825 0.957145 0.943461 0.784600 0.566159 0.372882 0.210598 0.096433 0.045084 0.025417 0.016324 0.011616 0.008326 0.004960 
0.003251 0.000701 0.000157 0.000109 0.000356 0.006303 0.079888 0.485554 0.940363 1.083046 1.194683 1.333805 1.349285 1.178436 0.974868 0.954985 0.953724 0.887914 0.675380 0.466375 0.287866 0.146067 0.062838 0.032607 0.019734 0.013422 0.009803 0.006643 
0.004947 0.001688 0.000305 0.000121 0.000171 0.001904 0.026186 0.244266 0.734139 1.029540 1.139310 1.277765 1.345415 1.289306 1.056177 0.960271 0.954354 0.936956 0.791762 0.570436 0.373309 0.212377 0.094285 0.043383 0.024530 0.015789 0.011276 0.008195 
0.006572 0.003256 0.000697 0.000167 0.000134 0.000617 0.008408 0.086777 0.482489 0.915631 1.094560 1.208932 1.328502 1.331388 1.182691 0.985726 0.957312 0.948525 0.887675 0.681099 0.468848 0.288319 0.145941 0.060822 0.031429 0.019067 0.013004 0.009577 
0.008061 0.004914 0.001694 0.000308 0.000142 0.000254 0.002685 0.029948 0.250082 0.708471 1.027462 1.159166 1.282942 1.330666 1.281660 1.066692 0.966613 0.952919 0.931116 0.795706 0.574973 0.374618 0.212361 0.092932 0.041867 0.023673 0.015277 0.010961 
0.009365 0.006497 0.003248 0.000696 0.000183 0.000170 0.000890 0.010109 0.091797 0.477011 0.892339 1.109777 1.225586 1.318735 1.318415 1.186944 0.995056 0.959068 0.944743 0.885552 0.685339 0.472248 0.288727 0.145131 0.059182 0.030320 0.018426 0.012609 
0.010666 0.007931 0.004872 0.001694 0.000315 0.000173 0.000350 0.003375 0.032836 0.252910 0.684675 1.025794 1.180385 1.286637 1.318655 1.276585 1.076011 0.971646 0.951905 0.926364 0.797284 0.578794 0.376791 0.211938 0.091422 0.040510 0.022854 0.014790 
0.012236 0.009165 0.006417 0.003231 0.000695 0.000209 0.000218 0.001151 0.011496 0.096268 0.468793 0.870558 1.122413 1.244830 1.310650 1.308138 1.190852 1.003692 0.960033 0.942327 0.882750 0.688039 0.475732 0.289721 0.143802 0.057652 0.029283 0.017814 
0.014328 0.010387 0.007805 0.004824 0.001686 0.000330 0.000211 0.000453 0.003970 0.035276 0.253502 0.669675 1.016102 1.198924 1.293042 1.310022 1.272262 1.084792 0.975374 0.951180 0.923006 0.797039 0.581885 0.379439 0.211750 0.089579 0.039243 0.022076 
0.017233 0.011881 0.008976 0.006334 0.003202 0.000699 0.000241 0.000272 0.001393 0.012676 0.100194 0.461589 0.851607 1.127963 1.264591 1.305777 1.300582 1.192520 1.012698 0.960750 0.940615 0.879873 0.689462 0.479074 0.291250 0.142287 0.056119 0.028305 
0.021339 0.013888 0.010123 0.007684 0.004768 0.001673 0.000355 0.000249 0.000560 0.004494 0.037376 0.254019 0.656598 1.004381 1.220137 1.295481 1.304479 1.267730 1.093118 0.978771 0.950683 0.920396 0.795781 0.584268 0.382342 0.211911 0.087536 0.038026 
0.027374 0.016682 0.011545 0.008797 0.006248 0.003163 0.000712 0.000275 0.000326 0.001621 0.013698 0.103595 0.455308 0.837339 1.136896 1.274395 1.302229 1.295291 1.193064 1.021140 0.961491 0.939325 0.876956 0.690024 0.482106 0.293189 0.140797 0.054575 
0.036847 0.020640 0.013472 0.009872 0.007565 0.004706 0.001661 0.000384 0.000288 0.000663 0.004964 0.039192 0.254172 0.646323 1.000496 1.233062 1.295271 1.300495 1.263934 1.100524 0.981944 0.950408 0.918191 0.793887 0.586065 0.385273 0.212428 0.085438 
0.053046 0.026483 0.016160 0.011226 0.008626 0.006158 0.003122 0.000728 0.000312 0.000382 0.001832 0.014596 0.106220 0.450248 0.828157 1.145499 1.278412 1.299189 1.291354 1.193515 1.028692 0.962319 0.938327 0.873963 0.689976 0.484790 0.295357 0.139475 
0.083416 0.035705 0.019974 0.013076 0.009634 0.007447 0.004640 0.001649 0.000416 0.000329 0.000762 0.005385 0.040693 0.253901 0.639203 1.000838 1.239990 1.293995 1.297230 1.261079 1.107094 0.984910 0.950323 0.916238 0.791527 0.587383 0.388105 0.213222 
0.138386 0.051566 0.025631 0.015661 0.010925 0.008461 0.006066 0.003079 0.000746 0.000351 0.000437 0.002025 0.015368 0.107962 0.446552 0.822978 1.152117 1.279685 1.296421 1.288192 1.194297 1.035401 0.963293 0.937478 0.870879 0.689455 0.487136 0.297614 
0.214213 0.081556 0.034607 0.019337 0.012701 0.009409 0.007329 0.004573 0.001638 0.000450 0.000373 0.000856 0.005758 0.041852 0.253352 0.634765 1.002709 1.243609 1.292237 1.294364 1.259049 1.113014 0.987774 0.950386 0.914375 0.788807 0.588296 0.390775 
0.299874 0.137552 0.050162 0.024814 0.015183 0.010643 0.008302 0.005973 0.003035 0.000766 0.000392 0.000494 0.002202 0.016007 0.108949 0.444058 0.820421 1.156995 1.279548 1.293832 1.285535 1.195457 1.041486 0.964406 0.936709 0.867652 0.688551 0.489161 
0.393255 0.215342 0.079903 0.033559 0.018726 0.012346 0.009198 0.007212 0.004504 0.001627 0.000485 0.000417 0.000946 0.006081 0.042694 0.252694 0.632240 1.005115 1.245339 1.290261 1.291758 1.257668 1.118472 0.990624 0.950558 0.912521 0.785761 0.588856 
0.490893 0.302088 0.136970 0.048853 0.024029 0.014728 0.010378 0.008150 0.005879 0.002991 0.000788 0.000434 0.000550 0.002362 0.016518 0.109404 0.442467 0.819511 1.160606 1.278656 1.291384 1.283236 1.196947 1.047165 0.965583 0.936040 0.864245 0.687309 
0.589101 0.395539 0.216568 0.078478 0.032560 0.018140 0.012009 0.009004 0.007092 0.004435 0.001617 0.000523 0.000463 0.001031 0.006354 0.043278 0.252026 0.630989 1.007676 1.245962 1.288202 1.289347 1.256777 1.122056 0.995037 0.950811 0.910706 0.782380 
0.685776 0.492320 0.304230 0.136631 0.047645 0.023278 0.014293 0.010131 0.008005 0.005784 0.002947 0.000811 0.000478 0.000605 0.002504 0.016916 0.109513 0.441508 0.819617 1.163345 1.277356 1.289061 1.281204 1.198114 1.052763 0.967396 0.935257 0.860676 
0.778763 0.589048 0.397604 0.217869 0.077280 0.031616 0.017580 0.011692 0.008825 0.006971 0.004366 0.001608 0.000561 0.000510 0.001112 0.006582 0.043668 0.251396 0.630562 1.010242 1.245927 1.286134 1.287096 1.255864 1.125438 0.999945 0.951326 0.908577 
