0.246135 0.251858 0.223268 0.193709 0.207225 0.296799 0.464555 0.550234 1.493578 1.986706 2.001788 1.926182 1.798314 1.781103 0.893823 0.388697 0.265162 0.155532 0.072655 0.024095 0.004741 0.000395 -0.000594 0.002163 0.019983 0.063633 0.130346 0.199202 
0.227820 0.253286 0.237684 0.203104 0.190960 0.242239 0.390937 0.400186 1.078183 1.799898 2.005583 1.970518 1.848416 1.898467 1.289693 0.593561 0.325191 0.207003 0.109804 0.044724 0.012542 0.002148 -0.000568 -0.001098 0.007844 0.038925 0.096722 0.167515 
0.202022 0.245686 0.247857 0.217589 0.189104 0.204422 0.334019 0.311968 0.733720 1.503544 1.932834 1.998930 1.887948 1.955794 1.605000 0.888157 0.440603 0.263474 0.154389 0.073152 0.025909 0.006385 0.000517 -0.002017 0.000605 0.020045 0.066199 0.133429 
0.170842 0.229041 0.250827 0.232501 0.197871 0.182478 0.288177 0.267518 0.479335 1.161199 1.763589 1.988017 1.921085 1.974201 1.826153 1.212917 0.630577 0.343533 0.205450 0.109521 0.046066 0.014440 0.003034 -0.001395 -0.002808 0.006986 0.040488 0.099644 
0.136868 0.204493 0.244948 0.243702 0.212781 0.175038 0.251122 0.248788 0.314671 0.830201 1.509639 1.912223 1.939545 1.972789 1.958326 1.515673 0.884835 0.468435 0.269222 0.153426 0.073815 0.027726 0.007865 0.000443 -0.003502 -0.000874 0.020530 0.068560 
0.102799 0.174077 0.229933 0.248034 0.229094 0.179681 0.222882 0.241428 0.225523 0.551948 1.204527 1.757838 1.925144 1.962130 2.019081 1.760523 1.173449 0.649487 0.358402 0.206801 0.109430 0.047492 0.016241 0.003719 -0.002351 -0.004535 0.006500 0.042011 
0.071094 0.140366 0.206724 0.243614 0.242373 0.192811 0.204364 0.236461 0.190685 0.347966 0.890646 1.529433 1.857781 1.941142 2.030044 1.930866 1.459097 0.882358 0.486508 0.275823 0.153687 0.074625 0.029525 0.009174 0.000198 -0.005096 -0.002077 0.021095 
0.043686 0.106094 0.177229 0.229935 0.249034 0.209953 0.196019 0.230147 0.188191 0.221151 0.607292 1.248845 1.724231 1.898769 2.009103 2.027029 1.708103 1.148117 0.661288 0.370097 0.209370 0.109911 0.048981 0.017927 0.004226 -0.003488 -0.006106 0.006156 
0.021811 0.073799 0.143965 0.207783 0.246757 0.226350 0.196978 0.222594 0.199804 0.160523 0.382295 0.948839 1.524144 1.819525 1.965487 2.060172 1.897698 1.418965 0.880248 0.499384 0.282075 0.154824 0.075712 0.031285 0.010328 -0.000268 -0.006657 -0.003134 
0.005958 0.045533 0.109675 0.178979 0.234692 0.237674 0.204791 0.215837 0.213260 0.147532 0.228313 0.664472 1.271482 1.690512 1.898915 2.044975 2.018468 1.665830 1.129874 0.669372 0.379473 0.212432 0.110932 0.050565 0.019511 0.004504 -0.004702 -0.007573 
-0.004063 0.022674 0.076959 0.146026 0.213427 0.240666 0.215741 0.212016 0.222443 0.162083 0.143500 0.425036 0.991474 1.507325 1.802507 1.993516 2.072488 1.865063 1.388421 0.878298 0.509065 0.287760 0.156541 0.077084 0.033032 0.011282 -0.000891 -0.008188 
-0.008952 0.005862 0.047969 0.111701 0.184747 0.233567 0.225554 0.212110 0.226078 0.187040 0.115276 0.248655 0.714579 1.276983 1.667937 1.912016 2.068801 2.002428 1.630927 1.115748 0.675190 0.387152 0.215680 0.112387 0.052271 0.020960 0.004586 -0.005967 
-0.009684 -0.004956 0.024212 0.078671 0.151252 0.216261 0.230239 0.215405 0.225720 0.210650 0.125516 0.140398 0.469557 1.017212 1.490820 1.800888 2.018303 2.073756 1.834637 1.364010 0.876404 0.516600 0.292894 0.158636 0.078728 0.034748 0.012046 -0.001636 
-0.007257 -0.010375 0.006467 0.049176 0.115908 0.190136 0.226852 0.219679 0.223735 0.226943 0.155581 0.093672 0.277665 0.752641 1.274458 1.657436 1.929841 2.082851 1.983135 1.601446 1.104232 0.679490 0.393566 0.218971 0.114191 0.054079 0.022270 0.004501 
-0.002458 -0.011311 -0.005188 0.024819 0.081605 0.157711 0.213980 0.221862 0.221813 0.234660 0.190080 0.093889 0.149296 0.509298 1.030905 1.479769 1.808563 2.037937 2.068240 1.806731 1.343780 0.874509 0.522612 0.297542 0.160998 0.080597 0.036419 0.012634 
0.004308 -0.008757 -0.011235 0.006468 0.050797 0.122138 0.191894 0.218912 0.220226 0.235415 0.218822 0.123034 0.083518 0.309096 0.779194 1.270345 1.656593 1.948134 2.089565 1.962666 1.576045 1.094472 0.682707 0.399011 0.222252 0.116269 0.055959 0.023440 
0.013115 -0.003548 -0.012518 -0.005712 0.025256 0.086665 0.162358 0.208616 0.217834 0.231793 0.237018 0.163894 0.070139 0.165742 0.541513 1.037883 1.475308 1.821127 2.052390 2.058580 1.781225 1.326533 0.872581 0.527492 0.301784 0.163552 0.082640 0.038026 
0.024540 0.003822 -0.010005 -0.012135 0.005967 0.054175 0.128191 0.190117 0.212633 0.225906 0.244199 0.203035 0.093347 0.082920 0.338553 0.797066 1.268046 1.662537 1.964893 2.090929 1.942069 1.553786 1.085949 0.685114 0.403704 0.225503 0.118559 0.057870 
0.039628 0.013320 -0.004554 -0.013599 -0.006847 0.026845 0.092694 0.164080 0.202530 0.218642 0.242484 0.232182 0.135783 0.054876 0.185376 0.566251 1.042117 1.476808 1.835755 2.062273 2.046427 1.757872 1.311492 0.870603 0.531507 0.305696 0.166249 0.084795 
0.059854 0.025420 0.003280 -0.011051 -0.013591 0.005979 0.059078 0.132504 0.186097 0.209619 0.234831 0.248095 0.182046 0.068904 0.088829 0.363940 0.809331 1.268931 1.672835 1.979309 2.088438 1.921878 1.533996 1.078324 0.686895 0.407806 0.228723 0.120986 
0.087083 0.041100 0.013373 -0.005360 -0.015085 -0.007997 0.029987 0.098270 0.163060 0.197647 0.223719 0.251377 0.220958 0.108841 0.046968 0.205099 0.584859 1.046093 1.483062 1.850740 2.068335 2.032823 1.736411 1.298129 0.868567 0.534850 0.309347 0.169029 
0.123560 0.061809 0.026112 0.002881 -0.012324 -0.015403 0.007208 0.064565 0.134440 0.181418 0.210485 0.244808 0.246380 0.158619 0.050404 0.098330 0.384795 0.818509 1.273239 1.685662 1.991176 2.083192 1.902351 1.516180 1.071367 0.688181 0.411450 0.231891 
0.171903 0.089428 0.042403 0.013493 -0.006237 -0.017074 -0.008441 0.034322 0.102365 0.160168 0.195294 0.231740 0.256760 0.205056 0.084994 0.044550 0.223157 0.599025 1.051162 1.492814 1.865106 2.071291 2.018437 1.716596 1.286070 0.866468 0.537669 0.312767 
0.235037 0.126235 0.063651 0.026801 0.002516 -0.014090 -0.017024 0.009781 0.069623 0.134101 0.177566 0.214945 0.253841 0.239453 0.135073 0.037391 0.109195 0.401557 0.826404 1.280658 1.699723 2.000578 2.075988 1.883602 1.499968 1.064918 0.689081 0.414713 
0.316016 0.174858 0.091726 0.043655 0.013699 -0.007496 -0.019274 -0.007751 0.039123 0.104489 0.156594 0.196066 0.241053 0.257896 0.186426 0.065046 0.045723 0.238816 0.610305 1.057930 1.504967 1.878332 2.071757 2.003701 1.698212 1.275041 0.864316 0.540061 
0.417677 0.238184 0.128910 0.065426 0.027582 0.001925 -0.016297 -0.017932 0.013374 0.073463 0.132121 0.175641 0.222078 0.260514 0.228400 0.112979 0.028833 0.119970 0.415043 0.834191 1.290657 1.714142 2.007730 2.067408 1.865666 1.485071 1.058870 0.689662 
0.542108 0.319153 0.177823 0.093963 0.044981 0.013824 -0.009260 -0.021232 -0.005877 0.043598 0.104684 0.153516 0.199860 0.250115 0.254870 0.166780 0.048995 0.048909 0.251997 0.619952 1.066547 1.518636 1.890174 2.070246 1.988894 1.681069 1.264846 0.862113 
0.689980 0.420428 0.241304 0.131533 0.067244 0.028393 0.000893 -0.018662 -0.017819 0.017409 0.075673 0.129411 0.176199 0.230675 0.264098 0.214537 0.093175 0.023556 0.129845 0.426145 0.842563 1.302661 1.728339 2.012888 2.057879 1.848531 1.471272 1.053139 
