0.001701 0.000313 0.000042 0.000107 0.000904 0.004440 -0.110497 0.662340 1.082919 1.164885 1.295863 1.476819 1.810457 1.249308 0.986247 0.982116 0.862562 0.667915 0.456362 0.276490 0.151341 0.079234 0.044742 0.030314 0.023159 0.017005 0.010618 0.005136 
0.003162 0.000867 0.000135 -0.000017 0.000163 0.017481 -0.164000 0.319953 0.914956 1.117775 1.224127 1.367256 1.755487 1.492621 1.085411 0.998609 0.931725 0.767351 0.558178 0.359586 0.207286 0.110586 0.059480 0.036619 0.026612 0.020111 0.013698 0.007621 
0.005121 0.001819 0.000429 0.000018 -0.002069 0.033672 -0.156439 0.064096 0.666477 1.028424 1.166354 1.265054 1.642758 1.642097 1.248965 1.039520 0.977353 0.855138 0.661442 0.453095 0.276486 0.153236 0.081502 0.046443 0.031177 0.023351 0.016863 0.010457 
0.007535 0.003231 0.001002 0.000433 -0.005754 0.044033 -0.112714 -0.093903 0.395341 0.875453 1.102293 1.180828 1.501202 1.691487 1.422570 1.125833 1.015943 0.925181 0.760122 0.553302 0.358120 0.208422 0.112785 0.061499 0.037880 0.027097 0.020096 0.013526 
0.010320 0.005124 0.001909 0.001419 -0.009658 0.044956 -0.056286 -0.162113 0.151861 0.667056 1.007411 1.111331 1.357276 1.653744 1.560506 1.250846 1.068497 0.979849 0.847871 0.655257 0.450026 0.276513 0.155060 0.083683 0.048085 0.032015 0.023543 0.016739 
0.013376 0.007474 0.003176 0.002988 -0.012330 0.037131 -0.005092 -0.161674 -0.030279 0.431313 0.866788 1.041618 1.227988 1.554223 1.634178 1.389762 1.147959 1.029589 0.921440 0.753141 0.548677 0.356762 0.209527 0.114899 0.063443 0.039101 0.027570 0.020093 
0.016633 0.010225 0.004811 0.004973 -0.012769 0.023861 0.030315 -0.119380 -0.137251 0.203782 0.681631 0.952760 1.117320 1.421891 1.634747 1.511643 1.253431 1.087496 0.983033 0.841811 0.649340 0.447134 0.276568 0.156817 0.085782 0.049670 0.032829 0.023736 
0.020098 0.013304 0.006821 0.007130 -0.010694 0.009318 0.046606 -0.061011 -0.173179 0.016163 0.468546 0.830517 1.017538 1.281070 1.570314 1.590084 1.371003 1.162780 1.039860 0.918828 0.746792 0.544282 0.355500 0.210603 0.116934 0.065317 0.040281 0.028034 
0.023923 0.016662 0.009214 0.009242 -0.006512 -0.002848 0.046075 -0.006633 -0.154783 -0.111388 0.253657 0.671400 0.914464 1.146090 1.459376 1.610055 1.479186 1.256228 1.101084 0.985720 0.836620 0.643821 0.444405 0.276648 0.158512 0.087803 0.051201 0.033619 
0.028466 0.020316 0.012003 0.011201 -0.001062 -0.010337 0.034318 0.031651 -0.104652 -0.173292 0.064547 0.484363 0.794362 1.020069 1.323059 1.569909 1.556132 1.359231 1.173683 1.047619 0.916632 0.741048 0.540156 0.354324 0.211651 0.118894 0.067124 0.041424 
0.034344 0.024412 0.015221 0.013035 0.004696 -0.012441 0.017906 0.049689 -0.044958 -0.177281 -0.077120 0.288182 0.649899 0.897555 1.178581 1.479063 1.585911 1.456262 1.259022 1.111266 0.987700 0.832003 0.638719 0.441845 0.276748 0.160149 0.089750 0.052681 
0.042462 0.029285 0.018941 0.014897 0.009965 -0.009808 0.002553 0.049601 0.007075 -0.140180 -0.160343 0.105980 0.483298 0.769556 1.035637 1.353026 1.562049 1.529535 1.351456 1.182120 1.053499 0.914550 0.735810 0.536310 0.353234 0.212674 0.120784 0.068874 
0.054014 0.035520 0.023325 0.017030 0.014286 -0.003938 -0.007964 0.037274 0.041429 -0.082439 -0.186072 -0.041056 0.306021 0.628949 0.896183 1.207877 1.487729 1.563988 1.439403 1.261699 1.119101 0.988998 0.827775 0.634007 0.439458 0.276870 0.161731 0.091642 
0.070436 0.043979 0.028685 0.019734 0.017593 0.003399 -0.012109 0.019790 0.055354 -0.023034 -0.165337 -0.138822 0.135501 0.474447 0.757008 1.056010 1.373253 1.550964 1.508335 1.346163 1.188838 1.057940 0.912455 0.730989 0.532737 0.352233 0.213669 0.122629 
0.093316 0.055812 0.035539 0.023358 0.020170 0.010660 -0.010281 0.003383 0.051817 0.024149 -0.115288 -0.183056 -0.009738 0.312022 0.613673 0.904229 1.232073 1.489651 1.544592 1.426643 1.264197 1.125212 0.989695 0.823820 0.629645 0.437242 0.277011 0.163293 
0.124245 0.072410 0.044664 0.028325 0.022554 0.016844 -0.004136 -0.007795 0.037112 0.051954 -0.054528 -0.179307 -0.114952 0.153656 0.464234 0.754290 1.076934 1.386191 1.538733 1.491180 1.342487 1.194271 1.061248 0.910295 0.726511 0.529422 0.351312 0.214685 
0.164639 0.095316 0.057112 0.035173 0.025432 0.021608 0.004189 -0.012036 0.018417 0.059699 0.001000 -0.140560 -0.172661 0.014106 0.311510 0.605188 0.917285 1.251152 1.487474 1.527599 1.416774 1.266480 1.130001 0.989876 0.820066 0.625594 0.435182 0.277225 
0.215524 0.126088 0.074181 0.044618 0.029563 0.025219 0.012749 -0.009758 0.001837 0.051555 0.040707 -0.083462 -0.183969 -0.093108 0.163274 0.456047 0.758516 1.096412 1.393838 1.526405 1.477120 1.339900 1.198696 1.063649 0.908053 0.722322 0.526331 0.350532 
0.277332 0.166115 0.097341 0.057586 0.035751 0.028407 0.020239 -0.002767 -0.008726 0.034267 0.060296 -0.024335 -0.157637 -0.159228 0.030534 0.308448 0.602853 0.932523 1.265732 1.482853 1.512754 1.409008 1.268529 1.133741 0.989618 0.816471 0.621803 0.433333 
0.349734 0.216418 0.128101 0.075223 0.044857 0.032182 0.026178 0.006605 -0.011866 0.014891 0.061114 0.024064 -0.107450 -0.182352 -0.075366 0.167430 0.451243 0.767245 1.113638 1.397695 1.514510 1.465473 1.338057 1.202302 1.065308 0.905734 0.718362 0.523509 
0.431564 0.277451 0.167830 0.098848 0.057829 0.037686 0.030876 0.016254 -0.008284 -0.000921 0.048412 0.054397 -0.048769 -0.167637 -0.145835 0.040905 0.305313 0.605445 0.948234 1.276572 1.476834 1.499789 1.402807 1.270334 1.136627 0.988996 0.812983 0.618301 
0.520855 0.348946 0.217560 0.129844 0.075729 0.046091 0.035257 0.024804 -0.000003 -0.009849 0.029164 0.065048 0.004777 -0.125786 -0.177353 -0.062174 0.168643 0.450047 0.778646 1.128412 1.398866 1.503303 1.455734 1.336725 1.205221 1.066359 0.903323 0.714649 
0.615016 0.429835 0.277795 0.169502 0.099727 0.058559 0.040627 0.031825 0.010531 -0.011033 0.010048 0.059126 0.043699 -0.070379 -0.172413 -0.134218 0.046911 0.303446 0.611700 0.963443 1.284391 1.470085 1.488449 1.397791 1.271893 1.138812 0.988046 0.809626 
0.711142 0.518283 0.348346 0.218833 0.131038 0.076239 0.048452 0.037787 0.021211 -0.005582 -0.003992 0.042650 0.063744 -0.014846 -0.138925 -0.171182 -0.053079 0.168713 0.452137 0.791421 1.140824 1.398155 1.492895 1.447525 1.335740 1.207563 1.066886 0.900860 
0.806394 0.611847 0.428262 0.278375 0.170811 0.100262 0.060205 0.043858 0.030777 0.004267 -0.010418 0.022523 0.065657 0.030135 -0.088363 -0.173849 -0.125092 0.050113 0.303443 0.620514 0.977632 1.289813 1.463038 1.478512 1.393682 1.273214 1.140393 0.986834 
0.898377 0.707750 0.515842 0.348028 0.219967 0.131725 0.077270 0.051624 0.038996 0.016044 -0.009029 0.004778 0.053922 0.058268 -0.033240 -0.147886 -0.165276 -0.047255 0.168810 0.456973 0.804690 1.151092 1.396145 1.483313 1.440551 1.334992 1.209396 1.066974 
0.985429 0.803224 0.608785 0.426966 0.279020 0.171623 0.100896 0.062819 0.046600 0.027785 -0.001353 -0.006543 0.034950 0.068077 0.015406 -0.102720 -0.173508 -0.118521 0.051765 0.305447 0.630996 0.990560 1.293354 1.455970 1.469782 1.390276 1.274297 1.141457 
1.066715 0.895856 0.704427 0.513641 0.347924 0.220737 0.132178 0.079125 0.055034 0.038483 0.010223 -0.009783 0.015249 0.062238 0.049923 -0.049575 -0.153836 -0.160427 -0.043802 0.169623 0.463969 0.817874 1.159479 1.393263 1.474541 1.434588 1.334394 1.210775 
