0.070460 0.154930 0.279381 0.461378 0.550105 1.494122 1.984898 1.985004 1.872730 1.688823 1.613173 0.688893 0.184955 0.100045 0.048760 0.020360 0.006677 0.001563 0.000266 -0.000050 0.000355 0.003199 0.010182 0.020855 0.031987 0.039034 0.038808 0.018867 
0.040554 0.107698 0.209962 0.382038 0.398831 1.078769 1.800844 1.998999 1.937821 1.767244 1.757077 1.098490 0.384545 0.138296 0.071542 0.032720 0.012447 0.003643 0.000792 0.000018 -0.000152 0.001259 0.006229 0.015461 0.026931 0.036420 0.041385 0.019896 
0.024414 0.069736 0.150104 0.315411 0.307541 0.733533 1.505296 1.932338 1.982085 1.832482 1.843213 1.434703 0.683056 0.238984 0.101428 0.049813 0.021150 0.007301 0.001958 0.000329 -0.000265 0.000109 0.003211 0.010565 0.021444 0.032241 0.042209 0.025372 
0.019108 0.042694 0.099302 0.254404 0.257243 0.477315 1.162505 1.765979 1.982130 1.887242 1.890252 1.681850 1.020433 0.422706 0.159463 0.072751 0.033630 0.013163 0.004165 0.001014 -0.000089 -0.000419 0.001129 0.006448 0.016015 0.026946 0.040576 0.031806 
0.020922 0.026774 0.058687 0.195886 0.228670 0.309140 0.830124 1.512657 1.912934 1.922448 1.915174 1.842678 1.343180 0.679759 0.269018 0.110158 0.050859 0.021962 0.007933 0.002334 0.000366 -0.000489 -0.000117 0.003257 0.011061 0.021143 0.036561 0.036682 
0.026100 0.020590 0.029569 0.140338 0.206317 0.213840 0.549439 1.206673 1.761641 1.919790 1.926964 1.932301 1.613420 0.979884 0.442903 0.177143 0.076708 0.034552 0.013894 0.004680 0.001211 -0.000215 -0.000678 0.001016 0.006874 0.015435 0.030764 0.038606 
0.031479 0.021534 0.012356 0.090553 0.180635 0.169069 0.341435 0.890839 1.533759 1.859588 1.923606 1.970160 1.812192 1.284583 0.677491 0.289358 0.119641 0.052943 0.022793 0.008569 0.002690 0.000378 -0.000716 -0.000351 0.003607 0.010309 0.024035 0.037229 
0.034878 0.026411 0.006023 0.049969 0.148300 0.151861 0.208122 0.604447 1.251936 1.729400 1.893780 1.972448 1.937381 1.558323 0.953667 0.456122 0.191622 0.081723 0.035877 0.014637 0.005183 0.001382 -0.000351 -0.000983 0.001285 0.006080 0.017239 0.033000 
0.035232 0.032134 0.008175 0.021198 0.110980 0.143492 0.137483 0.374889 0.949445 1.529803 1.822304 1.947331 1.997914 1.776052 1.242606 0.675764 0.304547 0.128666 0.055724 0.023784 0.009204 0.003024 0.000377 -0.001030 -0.000165 0.002887 0.011084 0.026855 
0.032478 0.036291 0.015532 0.005091 0.073248 0.132052 0.110061 0.214043 0.661442 1.275606 1.696988 1.894123 2.006678 1.925931 1.513503 0.934732 0.465738 0.203739 0.087070 0.037584 0.015444 0.005672 0.001546 -0.000610 -0.000870 0.000718 0.006039 0.019894 
0.027282 0.037456 0.024622 0.000487 0.040339 0.112749 0.105310 0.119125 0.416896 0.992622 1.514328 1.806128 1.974563 2.007764 1.740510 1.210396 0.674361 0.316572 0.137007 0.058909 0.024968 0.009852 0.003363 0.000231 -0.000971 -0.000543 0.002312 0.013125 
0.020702 0.035245 0.032451 0.004556 0.016343 0.086525 0.106373 0.076723 0.233266 0.711511 1.282213 1.675648 1.907250 2.028721 1.906995 1.476193 0.920098 0.473189 0.214106 0.092438 0.039585 0.016332 0.006188 0.001556 -0.000574 -0.001060 -0.000110 0.007300 
0.013858 0.030140 0.036986 0.013544 0.003150 0.057726 0.102636 0.068273 0.114782 0.460832 1.019020 1.499160 1.805215 1.998385 2.006492 1.707255 1.184497 0.673165 0.326471 0.144670 0.062312 0.026320 0.010571 0.003559 0.000285 -0.000997 -0.001393 0.002846 
0.007693 0.023179 0.037349 0.023634 0.000226 0.031646 0.090090 0.075346 0.054085 0.261290 0.749682 1.280851 1.666298 1.924933 2.040857 1.884814 1.444448 0.908251 0.479206 0.223140 0.097695 0.041785 0.017353 0.006598 0.001673 -0.000466 -0.001774 -0.000120 
0.002828 0.015601 0.033750 0.031703 0.005076 0.012558 0.070017 0.083533 0.036157 0.122539 0.500139 1.033482 1.489426 1.813455 2.016890 1.998376 1.676610 1.162956 0.672106 0.334845 0.151726 0.065806 0.027860 0.011246 0.003787 0.000499 -0.001491 -0.001717 
-0.000473 0.008542 0.027200 0.035799 0.014126 0.002570 0.046780 0.084386 0.043125 0.042946 0.291871 0.776485 1.277943 1.666514 1.942916 2.045540 1.861479 1.416932 0.898332 0.484208 0.231136 0.102769 0.044166 0.018409 0.006995 0.001981 -0.000716 -0.002200 
-0.002248 0.002829 0.019128 0.035283 0.023698 0.001377 0.025501 0.075441 0.058620 0.011897 0.137947 0.532072 1.041325 1.486250 1.826438 2.030063 1.986070 1.648462 1.144573 0.671139 0.342084 0.158232 0.069362 0.029495 0.011902 0.004199 0.000481 -0.001859 
-0.002737 -0.001112 0.010997 0.030673 0.030832 0.006732 0.010212 0.058816 0.070769 0.013662 0.041413 0.320619 0.794740 1.276880 1.673414 1.959203 2.044768 1.838051 1.392710 0.889808 0.488461 0.238285 0.107671 0.046644 0.019462 0.007552 0.002168 -0.000933 
-0.002263 -0.003235 0.003996 0.023275 0.033785 0.015335 0.002831 0.039095 0.073425 0.031608 -0.003894 0.156652 0.556677 1.046510 1.488990 1.841337 2.038521 1.971238 1.622576 1.128565 0.670238 0.348428 0.164280 0.072927 0.031144 0.012692 0.004574 0.000455 
-0.001123 -0.003775 -0.001125 0.014731 0.032150 0.023817 0.002987 0.021205 0.065778 0.051727 -0.010649 0.046444 0.345438 0.807513 1.279017 1.684559 1.972987 2.040052 1.815075 1.371110 0.882337 0.492125 0.244754 0.112407 0.049119 0.020626 0.008133 0.002340 
0.000507 -0.003111 -0.004101 0.006608 0.026660 0.029545 0.008521 0.008802 0.050820 0.064794 0.005606 -0.012340 0.175556 0.575297 1.051510 1.496427 1.856443 2.043025 1.954937 1.598694 1.114403 0.669376 0.354062 0.169948 0.076414 0.032872 0.013542 0.004945 
0.002624 -0.001631 -0.005068 0.000086 0.018780 0.031091 0.016370 0.003444 0.033316 0.066952 0.030044 -0.029098 0.055127 0.365867 0.817316 1.284581 1.698115 1.984068 2.032500 1.792821 1.351641 0.875675 0.495319 0.250683 0.116932 0.051617 0.021866 0.008724 
0.005443 0.000394 -0.004423 -0.004184 0.010230 0.028315 0.023506 0.004557 0.017910 0.058952 0.051277 -0.017448 -0.015300 0.192909 0.589614 1.057665 1.507295 1.870781 2.044298 1.937849 1.576579 1.101707 0.668532 0.359140 0.175253 0.079829 0.034665 0.014414 
0.009438 0.002890 -0.002647 -0.006075 0.002565 0.022134 0.027678 0.009994 0.007772 0.044521 0.062746 0.008056 -0.042131 0.065242 0.382344 0.825942 1.293248 1.712784 1.992535 2.022926 1.771414 1.333931 0.869647 0.498148 0.256139 0.121258 0.054133 0.023130 
0.015391 0.006038 -0.000142 -0.005870 -0.003122 0.014103 0.027810 0.016903 0.004012 0.028462 0.062748 0.034838 -0.036733 -0.014660 0.207981 0.601179 1.065566 1.520489 1.883830 2.042968 1.920416 1.556023 1.090191 0.667711 0.363752 0.180229 0.083180 0.036467 
0.024464 0.010318 0.002891 -0.004065 -0.006305 0.005930 0.024033 0.022605 0.005790 0.015007 0.053379 0.054250 -0.012653 -0.050768 0.075341 0.395682 0.834556 1.304476 1.727685 1.998610 2.011923 1.750899 1.317688 0.864136 0.500677 0.261181 0.125413 0.056619 
0.038291 0.016551 0.006546 -0.001176 -0.006995 -0.000921 0.017423 0.025242 0.010943 0.006754 0.038881 0.062287 0.017200 -0.052238 -0.011993 0.220694 0.611238 1.075355 1.535116 1.895349 2.039558 1.902935 1.536836 1.079650 0.666911 0.367963 0.184925 0.086436 
0.059063 0.025954 0.011263 0.002447 -0.005572 -0.005492 0.009566 0.024097 0.016829 0.004309 0.023908 0.059145 0.042787 -0.031229 -0.056171 0.084619 0.406770 0.843841 1.317676 1.742236 2.002558 1.999931 1.731271 1.302687 0.859057 0.502949 0.265876 0.129388 
