0.049150 0.031782 0.015593 0.005344 0.001673 0.002847 0.009146 0.027237 0.071594 0.035878 0.933650 1.510752 1.736072 1.929863 2.033696 2.138584 1.253113 0.673152 0.457132 0.274897 0.145985 0.069132 0.033418 0.026307 0.035946 0.050937 0.061232 0.060691 
0.055649 0.040318 0.022945 0.009646 0.002903 0.001619 0.004523 0.014909 0.059425 -0.062950 0.524848 1.266174 1.627353 1.844212 1.981648 2.209935 1.657660 0.917639 0.560919 0.359349 0.203934 0.102416 0.047699 0.027769 0.030457 0.044029 0.057439 0.062337 
0.060073 0.048239 0.031122 0.015476 0.005592 0.001738 0.002136 0.005449 0.058028 -0.090534 0.211758 0.943029 1.464803 1.745711 1.901574 2.193362 1.957266 1.239737 0.719885 0.454365 0.274904 0.147325 0.070709 0.034907 0.027753 0.037263 0.051798 0.061336 
0.062026 0.054817 0.039497 0.022579 0.009781 0.003134 0.001572 -0.002366 0.056881 -0.072610 0.006989 0.603580 1.234024 1.620887 1.806651 2.113453 2.135493 1.573792 0.948020 0.576367 0.358149 0.204744 0.103915 0.049227 0.029247 0.031880 0.045155 0.057917 
0.061387 0.059435 0.047356 0.030523 0.015411 0.005821 0.002650 -0.008295 0.050850 -0.034001 -0.097434 0.301053 0.949250 1.452593 1.698640 1.995648 2.197441 1.862651 1.229141 0.743014 0.459157 0.274875 0.148562 0.072233 0.036410 0.029233 0.038582 0.052618 
0.058342 0.061677 0.053990 0.038725 0.022277 0.009814 0.005207 -0.011584 0.039277 0.005748 -0.123458 0.070596 0.643258 1.233084 1.569246 1.859045 2.163617 2.067386 1.527473 0.960794 0.588639 0.359769 0.205470 0.105334 0.050741 0.030756 0.033322 0.046258 
0.053394 0.061387 0.058781 0.046505 0.030002 0.015063 0.009034 -0.011645 0.024396 0.034472 -0.099262 -0.073757 0.354782 0.969879 1.406960 1.712299 2.061431 2.170962 1.800775 1.219818 0.756806 0.464883 0.275850 0.149709 0.073711 0.037930 0.030742 0.039897 
0.047333 0.058715 0.061293 0.053171 0.038058 0.021419 0.013879 -0.008395 0.009621 0.047410 -0.052300 -0.136889 0.117193 0.684582 1.204888 1.554156 1.916816 2.176161 2.012215 1.495554 0.966926 0.597983 0.362505 0.206512 0.106683 0.052246 0.032293 0.034777 
0.041202 0.054125 0.061341 0.058106 0.045806 0.028601 0.019491 -0.002294 -0.001859 0.045703 -0.004335 -0.136928 -0.049012 0.406773 0.966114 1.377848 1.748400 2.099400 2.138277 1.755380 1.211279 0.765771 0.470308 0.277488 0.150924 0.075154 0.039465 0.032276 
0.036239 0.048377 0.059040 0.060857 0.052569 0.036192 0.025631 0.005821 -0.007967 0.034122 0.031003 -0.098195 -0.138953 0.165936 0.704895 1.177129 1.565568 1.962915 2.171561 1.966979 1.471005 0.969770 0.605209 0.365616 0.207856 0.108029 0.053747 0.033856 
0.033828 0.042492 0.054814 0.061211 0.057724 0.043653 0.032067 0.014973 -0.008058 0.018728 0.048323 -0.044651 -0.161780 -0.015767 0.443756 0.951486 1.370235 1.787829 2.118891 2.105694 1.719650 1.203303 0.771869 0.475183 0.279495 0.152249 0.076589 0.041017 
0.035441 0.037703 0.049394 0.059248 0.060791 0.050378 0.038549 0.024262 -0.002770 0.004984 0.048847 0.004855 -0.136109 -0.127963 0.207968 0.708744 1.161005 1.589849 1.996393 2.158898 1.928960 1.450862 0.970742 0.610901 0.368783 0.209424 0.109408 0.055255 
0.042589 0.035393 0.043778 0.055360 0.061514 0.055761 0.044771 0.032999 0.006398 -0.003406 0.037897 0.038972 -0.084265 -0.173009 0.019397 0.464420 0.937801 1.378214 1.823625 2.126701 2.074949 1.690164 1.195767 0.776106 0.479498 0.281686 0.153683 0.078040 
0.056782 0.037044 0.039186 0.050247 0.059925 0.059292 0.050364 0.040738 0.017599 -0.004892 0.022274 0.053974 -0.026958 -0.163781 -0.108383 0.238364 0.705232 1.157383 1.618712 2.019517 2.142454 1.896258 1.433624 0.970555 0.615452 0.371865 0.211140 0.110837 
0.079520 0.044178 0.037000 0.044890 0.056375 0.060646 0.054915 0.047240 0.029088 0.000146 0.008124 0.052203 0.020494 -0.119397 -0.172500 0.049976 0.473638 0.930160 1.395613 1.853848 2.127127 2.046411 1.664995 1.188594 0.779064 0.483301 0.283950 0.155208 
0.112321 0.058328 0.038705 0.040495 0.051534 0.059761 0.058023 0.052387 0.039512 0.010002 -0.000378 0.039637 0.049871 -0.060300 -0.180396 -0.086411 0.257699 0.700783 1.163789 1.647850 2.034737 2.124356 1.867576 1.418436 0.969608 0.619131 0.374799 0.212947 
0.156804 0.081028 0.045840 0.038444 0.046366 0.056893 0.059379 0.056110 0.048029 0.022366 -0.001487 0.023352 0.059805 -0.003974 -0.147108 -0.164669 0.073272 0.476751 0.929654 1.417966 1.878452 2.122847 2.020011 1.642967 1.181728 0.781102 0.486655 0.286220 
0.214807 0.113843 0.059960 0.040227 0.042080 0.052635 0.058856 0.058346 0.054268 0.034971 0.004353 0.009481 0.054107 0.037835 -0.091238 -0.187826 -0.066390 0.268833 0.698776 1.177288 1.675220 2.044053 2.105705 1.842013 1.404771 0.968143 0.622127 0.377560 
0.288460 0.158440 0.082633 0.047396 0.040066 0.047899 0.056586 0.059047 0.058209 0.046035 0.015194 0.001980 0.039407 0.060071 -0.030762 -0.166785 -0.153832 0.089382 0.477734 0.935605 1.442392 1.898034 2.115547 1.995553 1.623315 1.175130 0.782454 0.489617 
0.380146 0.216673 0.115465 0.061526 0.041835 0.043876 0.053021 0.058229 0.060045 0.054455 0.028411 0.002256 0.022788 0.063676 0.020303 -0.117396 -0.189091 -0.050367 0.274868 0.700555 1.195391 1.699979 2.048979 2.087080 1.818928 1.392284 0.966312 0.624575 
0.492241 0.290627 0.160161 0.084214 0.048964 0.041967 0.048940 0.056049 0.060063 0.059807 0.041447 0.009498 0.009978 0.053765 0.053781 -0.056796 -0.179546 -0.143043 0.099694 0.479067 0.946754 1.467134 1.913341 2.106312 1.972815 1.605522 1.168769 0.783280 
0.626583 0.382540 0.218579 0.117101 0.063058 0.043720 0.045437 0.052882 0.058590 0.062198 0.052325 0.021419 0.004324 0.037343 0.067597 0.000014 -0.138078 -0.187074 -0.038754 0.278341 0.706324 1.216215 1.721892 2.050635 2.068788 1.797851 1.380737 0.964218 
0.783701 0.494552 0.292749 0.161910 0.085741 0.050757 0.043862 0.049376 0.055998 0.062079 0.059891 0.035145 0.006608 0.021179 0.064699 0.042619 -0.080169 -0.187240 -0.134011 0.105933 0.482094 0.961796 1.491170 1.925087 2.095848 1.951592 1.589220 1.162617 
0.961939 0.628208 0.384780 0.220496 0.118678 0.064738 0.045758 0.046481 0.052755 0.060072 0.063805 0.047992 0.015488 0.010275 0.051139 0.066247 -0.020740 -0.153742 -0.183965 -0.031066 0.281071 0.715736 1.238416 1.741023 2.049844 2.050984 1.778435 1.369958 
1.156662 0.783785 0.496601 0.294830 0.163602 0.087338 0.052785 0.045426 0.049487 0.056862 0.064382 0.057985 0.028329 0.007122 0.033927 0.071455 0.028506 -0.100088 -0.191744 -0.127421 0.109686 0.487402 0.979585 1.513943 1.933894 2.084625 1.931700 1.574139 
1.359825 0.959512 0.629517 0.386897 0.222345 0.120256 0.066662 0.047678 0.047042 0.053156 0.062361 0.064091 0.042101 0.011724 0.019184 0.062751 0.060686 -0.040409 -0.165413 -0.181180 -0.026443 0.284236 0.728222 1.261065 1.757571 2.047217 2.033742 1.760409 
1.560083 1.150879 0.783592 0.498449 0.296814 0.165238 0.089133 0.054876 0.046517 0.049713 0.058693 0.066191 0.054144 0.022182 0.010940 0.046671 0.074097 0.013128 -0.116566 -0.194610 -0.123304 0.112233 0.495121 0.999185 1.535175 1.940284 2.072962 1.912982 
1.743571 1.350242 0.956968 0.630582 0.388874 0.224092 0.121955 0.068768 0.049252 0.047392 0.054388 0.064885 0.062657 0.035573 0.010690 0.029844 0.071434 0.052203 -0.058175 -0.174256 -0.179486 -0.023955 0.288530 0.743163 1.283540 1.771783 2.043205 2.017087 
