0.006917 0.002304 0.000420 0.000017 -0.000072 0.000239 0.002220 -0.117930 0.639483 1.022213 1.027107 1.026950 1.021841 1.139123 0.381917 0.002304 0.000420 0.000017 -0.000072 0.000239 0.002220 0.007070 0.014483 0.022213 0.027107 0.026950 0.021841 0.014123 
0.010196 0.004269 0.001177 0.000179 -0.000077 -0.000125 0.016496 -0.167550 0.307612 0.878077 1.025291 1.027648 1.009097 1.189793 0.713321 0.144894 0.001177 0.000179 -0.000077 -0.000125 0.000871 0.004325 0.010737 0.018702 0.025291 0.027648 0.024722 0.017918 
0.013833 0.006879 0.002461 0.000586 0.000025 -0.002185 0.033269 -0.157928 0.058118 0.645751 0.969792 1.029083 0.993466 1.181591 0.963052 0.376019 0.055196 0.000586 0.000025 -0.000232 0.000066 0.002228 0.007337 0.014892 0.022526 0.027130 0.026669 0.021435 
0.017553 0.010039 0.004352 0.001359 0.000511 -0.005788 0.043873 -0.113235 -0.096353 0.384884 0.840865 1.011301 0.983307 1.138362 1.118383 0.636259 0.182331 0.021135 0.000267 -0.000173 -0.000316 0.000779 0.004477 0.011104 0.019088 0.025461 0.027496 0.024348 
0.021040 0.013567 0.006859 0.002588 0.001617 -0.009633 0.044889 -0.056430 -0.162839 0.147422 0.648568 0.950887 0.974423 1.082713 1.186140 0.873797 0.372704 0.084192 0.008147 0.000010 -0.000399 -0.000094 0.002261 0.007621 0.015297 0.022817 0.027127 0.026378 
0.023976 0.017208 0.009908 0.004311 0.003387 -0.012230 0.037108 -0.005134 -0.161718 -0.031569 0.422848 0.834575 0.952060 1.029176 1.186398 1.053562 0.596677 0.201889 0.037681 0.003113 -0.000284 -0.000503 0.000708 0.004652 0.011479 0.019458 0.025604 0.027326 
0.026078 0.020659 0.013345 0.006525 0.005685 -0.012541 0.023886 0.030280 -0.119268 -0.137177 0.200976 0.665492 0.898364 0.980605 1.144044 1.160486 0.817358 0.370461 0.103580 0.016500 0.001017 -0.000572 -0.000239 0.002319 0.007921 0.015698 0.023084 0.027099 
0.027138 0.023605 0.016940 0.009188 0.008279 -0.010259 0.009427 0.046576 -0.060949 -0.172730 0.016104 0.462189 0.800757 0.929335 1.080699 1.197212 1.001893 0.571407 0.214545 0.051091 0.007022 -0.000018 -0.000684 0.000660 0.004849 0.011858 0.019812 0.025721 
0.027048 0.025763 0.020409 0.012209 0.010937 -0.005768 -0.002599 0.046085 -0.006654 -0.154416 -0.110469 0.252586 0.657722 0.862197 1.009373 1.177934 1.128948 0.777447 0.368800 0.117895 0.024428 0.002705 -0.000602 -0.000368 0.002402 0.008235 0.016091 0.023328 
0.025814 0.026914 0.023442 0.015443 0.013502 0.000100 -0.009873 0.034421 0.031593 -0.104499 -0.172331 0.065799 0.480236 0.767122 0.933112 1.120847 1.191256 0.960341 0.553406 0.223668 0.062193 0.011265 0.000609 -0.000802 0.000634 0.005066 0.012240 0.020149 
0.023552 0.026936 0.025744 0.018685 0.015905 0.006372 -0.011670 0.018164 0.049665 -0.044985 -0.176660 -0.075305 0.288962 0.638791 0.847399 1.041646 1.193717 1.097801 0.747224 0.367504 0.129112 0.031695 0.004781 -0.000452 -0.000458 0.002507 0.008561 0.016475 
0.020475 0.025816 0.027073 0.021679 0.018139 0.012202 -0.008633 0.003039 0.049684 0.006968 -0.139952 -0.158847 0.108633 0.481529 0.744890 0.949794 1.148680 1.177591 0.926155 0.539698 0.230686 0.071591 0.015528 0.001511 -0.000827 0.000638 0.005302 0.012623 
0.016863 0.023656 0.027276 0.024145 0.020209 0.017033 -0.002279 -0.007169 0.037531 0.041351 -0.082495 -0.185196 -0.038284 0.308773 0.620517 0.848094 1.070484 1.198179 1.068751 0.723246 0.366453 0.138259 0.038304 0.007060 -0.000133 -0.000494 0.002638 0.008896 
0.013026 0.020656 0.026310 0.025811 0.022082 0.020638 0.005574 -0.010923 0.020291 0.055400 -0.023215 -0.165047 -0.136758 0.139659 0.475166 0.734954 0.971126 1.166472 1.160475 0.897409 0.528774 0.236326 0.079692 0.019675 0.002609 -0.000750 0.000681 0.005553 
0.009270 0.017088 0.024252 0.026464 0.023661 0.023062 0.013285 -0.008638 0.004198 0.052061 0.023995 -0.115396 -0.181918 -0.005936 0.316877 0.608012 0.858143 1.093967 1.195607 1.042138 0.703568 0.365573 0.145932 0.044315 0.009429 0.000331 -0.000465 0.002792 
0.005864 0.013261 0.021289 0.025985 0.024787 0.024509 0.019692 -0.002021 -0.006599 0.037620 0.051943 -0.054809 -0.178970 -0.112281 0.159430 0.467570 0.734866 0.992828 1.176675 1.142010 0.872781 0.519777 0.241000 0.086782 0.023649 0.003842 -0.000574 0.000761 
0.003025 0.009483 0.017692 0.024374 0.025271 0.025215 0.024212 0.006693 -0.010410 0.019248 0.059916 0.000743 -0.140746 -0.171253 0.019021 0.318606 0.602385 0.873111 1.112066 1.188663 1.017868 0.687001 0.364818 0.152506 0.049800 0.011821 0.000916 -0.000377 
0.000942 0.006036 0.013778 0.021756 0.024941 0.025361 0.026778 0.015401 -0.007703 0.003043 0.052062 0.040619 -0.083874 -0.183597 -0.089780 0.170789 0.462127 0.741720 1.012883 1.181288 1.123274 0.851349 0.512176 0.244961 0.093062 0.027426 0.005167 -0.000318 
-0.000167 0.003158 0.009877 0.018366 0.023694 0.025027 0.027669 0.022555 -0.000382 -0.007114 0.035110 0.060472 -0.024724 -0.157929 -0.157533 0.036658 0.317926 0.602977 0.890146 1.125388 1.179020 0.995717 0.672767 0.364154 0.158228 0.054822 0.014200 0.001581 
0.000073 0.001071 0.006297 0.014517 0.021530 0.024197 0.027317 0.027340 0.009061 -0.009868 0.016106 0.061611 0.023875 -0.108026 -0.181955 -0.071322 0.176819 0.460187 0.753052 1.030468 1.181821 1.104825 0.832450 0.505625 0.248376 0.098677 0.031010 0.006532 
0.002370 0.000044 0.003309 0.010558 0.018566 0.022807 0.026144 0.029617 0.018282 -0.006016 0.000678 0.049263 0.054514 -0.049322 -0.168061 -0.143827 0.048345 0.317316 0.608551 0.907518 1.134688 1.167745 0.975444 0.660340 0.363557 0.163273 0.059445 0.016519 
0.007967 0.000508 0.001179 0.006838 0.015033 0.020799 0.024459 0.029731 0.025570 0.002259 -0.007906 0.030387 0.065524 0.004459 -0.126563 -0.176936 -0.057340 0.180047 0.461967 0.767009 1.045368 1.179387 1.086945 0.815602 0.499886 0.251358 0.103746 0.034385 
0.018806 0.003221 0.000220 0.003692 0.011239 0.018180 0.022427 0.028274 0.030044 0.012271 -0.008881 0.011635 0.059981 0.043736 -0.071133 -0.172996 -0.131862 0.055787 0.318117 0.617823 0.924231 1.140685 1.155528 0.956820 0.649346 0.363007 0.167771 0.063698 
0.037588 0.009441 0.000911 0.001446 0.007541 0.015046 0.020103 0.025860 0.031602 0.021580 -0.003514 -0.002102 0.043882 0.064187 -0.015325 -0.139939 -0.170743 -0.047373 0.182280 0.467132 0.782271 1.057659 1.174801 1.069770 0.800441 0.494789 0.253994 0.108336 
0.067637 0.021062 0.004043 0.000484 0.004318 0.011600 0.017487 0.022984 0.030702 0.028475 0.005720 -0.008379 0.024100 0.066511 0.030069 -0.089358 -0.174613 -0.122343 0.060554 0.320920 0.629671 0.939746 1.144001 1.142823 0.939646 0.639508 0.362499 0.171801 
0.112521 0.040655 0.010870 0.001339 0.001970 0.008133 0.014592 0.019958 0.028086 0.032154 0.016015 -0.007152 0.006619 0.055162 0.058663 -0.033916 -0.149176 -0.164807 -0.040579 0.184689 0.475130 0.797936 1.067553 1.168662 1.053354 0.786686 0.490214 0.256334 
0.175434 0.071328 0.023231 0.004834 0.000963 0.005014 0.011499 0.016930 0.024529 0.032646 0.024963 -0.000185 -0.004613 0.036521 0.068923 0.015209 -0.104000 -0.174474 -0.115323 0.063908 0.325864 0.643181 0.953808 1.145159 1.129928 0.923745 0.630626 0.362015 
0.258415 0.116380 0.043567 0.012217 0.001908 0.002684 0.008389 0.013943 0.020665 0.030563 0.030988 0.009799 -0.008094 0.017046 0.063486 0.050253 -0.050487 -0.155440 -0.159908 -0.036048 0.187966 0.485359 0.813404 1.075306 1.161413 1.037704 0.774122 0.486067 
