0.009089 0.011612 0.027119 0.066616 0.144897 0.151302 1.087993 1.682151 1.883709 2.006767 2.008914 2.014499 1.064809 0.470310 0.281776 0.148451 0.069014 0.028440 0.010327 0.003599 0.003178 0.007312 0.014537 0.022223 0.027109 0.026950 0.021841 0.013410 
0.010394 0.008728 0.016367 0.042020 0.114741 0.031814 0.662464 1.434147 1.792742 1.960352 2.007411 2.131116 1.495255 0.716814 0.369142 0.208377 0.103874 0.045919 0.017960 0.006174 0.002819 0.004859 0.010866 0.018730 0.025297 0.027648 0.024811 0.017112 
0.013121 0.008397 0.010296 0.023310 0.097837 -0.015919 0.329510 1.099942 1.637318 1.891616 1.974300 2.164209 1.831008 1.052188 0.519614 0.281727 0.150307 0.071147 0.029918 0.011013 0.003823 0.003343 0.007631 0.014960 0.022540 0.027121 0.026837 0.020839 
0.016606 0.009932 0.007957 0.009114 0.084108 -0.016440 0.103670 0.743858 1.404015 1.785918 1.919555 2.134644 2.053311 1.410817 0.749065 0.387362 0.209485 0.105986 0.047742 0.019001 0.006579 0.002987 0.005106 0.011264 0.019125 0.025439 0.027694 0.024053 
0.020233 0.012681 0.008553 -0.000694 0.068554 0.006252 -0.021395 0.421268 1.108718 1.626000 1.842555 2.064152 2.164122 1.734471 1.042435 0.545236 0.289126 0.152079 0.073176 0.031332 0.011686 0.004069 0.003542 0.007972 0.015388 0.022789 0.027303 0.026349 
0.023470 0.016029 0.011257 -0.005883 0.050373 0.033071 -0.066360 0.169338 0.786264 1.404950 1.733647 1.968557 2.180340 1.982095 1.364099 0.763699 0.402298 0.213334 0.107995 0.049479 0.020006 0.006991 0.003186 0.005384 0.011682 0.019450 0.025730 0.027471 
0.025901 0.019416 0.015189 -0.006487 0.031440 0.051988 -0.058535 0.003836 0.477581 1.131855 1.581022 1.853993 2.125702 2.133686 1.670897 1.034024 0.561444 0.297363 0.154812 0.075107 0.032685 0.012347 0.004338 0.003772 0.008349 0.015752 0.023157 0.027318 
0.027243 0.022376 0.019484 -0.003100 0.014649 0.058098 -0.024885 -0.078772 0.218142 0.830357 1.378463 1.717665 2.022813 2.188541 1.924052 1.331924 0.771672 0.414212 0.218232 0.110299 0.051135 0.020975 0.007412 0.003412 0.005708 0.012050 0.019860 0.025935 
0.027361 0.024563 0.023391 0.003150 0.002562 0.052178 0.012969 -0.095678 0.030273 0.532263 1.130523 1.552321 1.887667 2.159454 2.097251 1.624004 1.026449 0.572757 0.305216 0.158169 0.077092 0.033981 0.012998 0.004625 0.004054 0.008696 0.016172 0.023493 
0.026260 0.025759 0.026361 0.010814 -0.003419 0.038473 0.041253 -0.070679 -0.079708 0.269234 0.853451 1.352229 1.727939 2.065309 2.179733 1.876166 1.307243 0.776334 0.423925 0.223446 0.112885 0.052770 0.021913 0.007837 0.003688 0.006021 0.012453 0.020264 
0.024075 0.025871 0.028078 0.018423 -0.003318 0.022416 0.054202 -0.027576 -0.119940 0.065354 0.572022 1.118223 1.544876 1.924492 2.174770 2.061119 1.586953 1.019476 0.581138 0.312446 0.161860 0.079170 0.035244 0.013634 0.004952 0.004342 0.009064 0.016586 
0.021042 0.024922 0.028457 0.024762 0.001618 0.008792 0.052505 0.014636 -0.108465 -0.067465 0.313746 0.860066 1.337429 1.750851 2.095122 2.163009 1.835700 1.287072 0.779101 0.432029 0.228666 0.115669 0.054418 0.022823 0.008284 0.003980 0.006353 0.012829 
0.017477 0.023025 0.027594 0.029040 0.009400 0.000638 0.040846 0.044225 -0.067427 -0.130491 0.102502 0.595526 1.106740 1.552784 1.957535 2.178465 2.027019 1.556304 1.012975 0.587601 0.319051 0.165699 0.081336 0.036488 0.014274 0.005298 0.004654 0.009374 
0.013745 0.020373 0.025699 0.030953 0.017861 -0.001102 0.025346 0.056914 -0.017675 -0.135967 -0.046498 0.346740 0.859279 1.334924 1.778137 2.114547 2.142651 1.800738 1.269895 0.780685 0.438927 0.233752 0.118579 0.056083 0.023727 0.008744 0.004305 0.006591 
0.010234 0.017222 0.023045 0.030619 0.025141 0.002703 0.011482 0.054400 0.025083 -0.102791 -0.129204 0.135208 0.607622 1.101156 1.569881 1.984880 2.174851 1.995311 1.530112 1.006859 0.592733 0.325089 0.169580 0.083564 0.037733 0.014918 0.005684 0.004840 
0.007338 0.013873 0.019915 0.028464 0.030000 0.010020 0.002825 0.041970 0.052061 -0.051537 -0.152350 -0.022998 0.368775 0.857490 1.342234 1.805509 2.126054 2.120788 1.769968 1.254844 0.781486 0.444894 0.238648 0.121549 0.057771 0.024628 0.009252 0.004482 
0.005450 0.010667 0.016581 0.025066 0.031921 0.018412 0.000630 0.026029 0.061226 -0.000086 -0.130714 -0.120477 0.160771 0.613629 1.102545 1.591713 2.006508 2.166616 1.965916 1.507186 1.001069 0.596897 0.330628 0.173433 0.085831 0.038978 0.015614 0.005914 
0.004972 0.007972 0.013302 0.021027 0.031039 0.025700 0.004123 0.012105 0.055691 0.039235 -0.083008 -0.159472 -0.001304 0.382692 0.858056 1.356426 1.830947 2.131663 2.098520 1.742474 1.241384 0.781745 0.450128 0.243332 0.124538 0.059469 0.025588 0.009610 
0.006336 0.006180 0.010338 0.016879 0.027952 0.030400 0.011217 0.003663 0.041403 0.060686 -0.027609 -0.150569 -0.108617 0.179273 0.617498 1.110222 1.615412 2.023037 2.155454 1.938628 1.486748 0.995562 0.600334 0.335729 0.177219 0.088105 0.040291 0.016182 
0.010048 0.005719 0.007961 0.013042 0.023494 0.031880 0.019355 0.001778 0.024841 0.064492 0.020872 -0.109703 -0.160335 0.016536 0.391573 0.862302 1.375012 1.853625 2.132901 2.076423 1.717601 1.229160 0.781620 0.454770 0.247800 0.127500 0.061235 0.026453 
0.016741 0.007062 0.006485 0.009830 0.018526 0.030301 0.026249 0.005487 0.011236 0.055075 0.053551 -0.054409 -0.163457 -0.096670 0.192093 0.621690 1.122919 1.639236 2.035232 2.142455 1.913214 1.468268 0.990304 0.603210 0.340451 0.180895 0.090432 0.041547 
0.027253 0.010764 0.006283 0.007489 0.013793 0.026392 0.030363 0.012554 0.003600 0.038826 0.067618 -0.000293 -0.130912 -0.157810 0.030108 0.397937 0.870419 1.396118 1.873331 2.130901 2.054798 1.694868 1.217927 0.781215 0.458930 0.252037 0.130466 0.062980 
0.042712 0.017507 0.007813 0.006249 0.009854 0.021171 0.031100 0.020352 0.002554 0.022017 0.065310 0.041501 -0.078568 -0.171213 -0.086340 0.200941 0.627526 1.139329 1.662180 2.043825 2.128328 1.889460 1.451369 0.985268 0.605649 0.344818 0.184491 0.092753 
0.064628 0.028171 0.011644 0.006385 0.007088 0.015686 0.028720 0.026607 0.006795 0.009307 0.052051 0.065438 -0.021961 -0.147080 -0.154078 0.039887 0.403581 0.882046 1.418405 1.890145 2.126498 2.033796 1.673916 1.207508 0.780610 0.462670 0.256081 0.133410 
0.094978 0.043908 0.018499 0.008269 0.005749 0.010832 0.024097 0.029876 0.013911 0.003022 0.034349 0.071343 0.026453 -0.099286 -0.175699 -0.078311 0.207388 0.635577 1.158303 1.683699 2.049453 2.113545 1.867172 1.435773 0.980439 0.607721 0.348886 0.188009 
0.136249 0.066235 0.029306 0.012420 0.006059 0.007268 0.018400 0.029704 0.021259 0.003190 0.017977 0.063081 0.059004 -0.042582 -0.159218 -0.150544 0.046727 0.409665 0.896606 1.440956 1.904284 2.120307 2.013487 1.654465 1.197779 0.779845 0.466059 0.259967 
0.191395 0.097106 0.045265 0.019547 0.008293 0.005423 0.012812 0.026521 0.026684 0.008117 0.006794 0.046677 0.073231 0.010092 -0.116564 -0.178456 -0.072617 0.212696 0.645960 1.178909 1.703533 2.052651 2.098422 1.846184 1.421278 0.975793 0.609490 0.352716 
0.263676 0.138945 0.067920 0.030598 0.012872 0.005576 0.008328 0.021360 0.028944 0.015245 0.002305 0.028401 0.071166 0.049602 -0.061331 -0.168476 -0.147971 0.051546 0.416867 0.913475 1.463159 1.916010 2.112788 1.993886 1.636303 1.188638 0.778950 0.469172 
