0.000797 0.002818 0.009268 0.026834 -0.057152 0.773947 1.284210 1.473268 1.690329 1.884385 2.121839 1.364751 0.866440 0.669264 0.456423 0.274868 0.146106 0.068728 0.029672 0.014376 0.011506 0.013453 0.015489 0.015213 0.012296 0.007946 0.003891 0.001084 
0.000652 0.001254 0.004654 0.030745 -0.129545 0.398502 1.069229 1.375238 1.584674 1.781932 2.127430 1.710948 1.077954 0.769810 0.558932 0.359047 0.204064 0.102627 0.046230 0.020471 0.012339 0.012468 0.014760 0.015681 0.013934 0.010084 0.005763 0.002172 
0.001147 0.000603 0.000117 0.040997 -0.135442 0.116643 0.779455 1.234305 1.481478 1.664773 2.049929 1.946253 1.353845 0.911723 0.662997 0.453377 0.274862 0.147716 0.070599 0.031147 0.015372 0.012133 0.013786 0.015554 0.015070 0.012068 0.007832 0.003709 
0.002176 0.000868 -0.004810 0.047722 -0.100788 -0.060740 0.474044 1.032840 1.365876 1.547893 1.918455 2.059183 1.631263 1.108610 0.782472 0.554299 0.357699 0.205035 0.104449 0.047913 0.021692 0.013141 0.012945 0.014952 0.015627 0.013723 0.009936 0.005575 
0.003614 0.002068 -0.009247 0.046586 -0.050103 -0.142606 0.203651 0.781662 1.218236 1.433317 1.761903 2.059900 1.857065 1.345372 0.933295 0.664439 0.450506 0.274857 0.149236 0.072392 0.032594 0.016373 0.012768 0.014115 0.015612 0.014911 0.011901 0.007636 
0.005315 0.004062 -0.011983 0.037735 -0.002282 -0.151200 0.001553 0.510336 1.027635 1.311588 1.601433 1.973505 1.997089 1.588766 1.121431 0.792001 0.552687 0.356428 0.205950 0.106183 0.049546 0.022906 0.013951 0.013422 0.015138 0.015550 0.013563 0.009738 
0.007130 0.006538 -0.012181 0.024092 0.031339 -0.114449 -0.119327 0.254880 0.798154 1.168875 1.446232 1.831030 2.039286 1.800304 1.337861 0.945452 0.666962 0.448835 0.274850 0.150675 0.074115 0.034015 0.017375 0.013406 0.014443 0.015644 0.014786 0.011725 
0.008927 0.009100 -0.009696 0.009584 0.046845 -0.059169 -0.164274 0.046643 0.548086 0.995185 1.294124 1.660699 1.991063 1.947728 1.560328 1.127416 0.798662 0.552381 0.355616 0.206811 0.107837 0.051133 0.024112 0.014765 0.013904 0.015301 0.015490 0.013447 
0.010601 0.011385 -0.005057 -0.002303 0.046124 -0.006276 -0.151224 -0.095131 0.304158 0.790156 1.136200 1.481938 1.872593 2.012403 1.759717 1.330853 0.952730 0.669332 0.448004 0.274984 0.152040 0.075774 0.035413 0.018378 0.014053 0.014753 0.015675 0.014778 
0.012070 0.013146 0.000764 -0.009390 0.034514 0.031493 -0.103880 -0.166077 0.093675 0.564651 0.963216 1.303454 1.708621 1.991560 1.908082 1.538942 1.129951 0.803272 0.552629 0.355235 0.207678 0.109419 0.052678 0.025306 0.015587 0.014375 0.015441 0.015637 
0.013273 0.014290 0.006677 -0.011070 0.018428 0.049547 -0.045341 -0.175222 -0.062604 0.338214 0.771224 1.125219 1.521316 1.895893 1.985529 1.728494 1.324157 0.957107 0.671295 0.447702 0.275294 0.153359 0.077377 0.036786 0.019383 0.014696 0.015017 0.016009 
0.014172 0.014860 0.011750 -0.008102 0.003476 0.049738 0.006478 -0.140594 -0.154938 0.133781 0.564596 0.942959 1.325958 1.744222 1.984045 1.875424 1.521665 1.130477 0.806423 0.553101 0.355189 0.208582 0.110944 0.054183 0.026495 0.016414 0.014773 0.015979 
0.014763 0.014991 0.015398 -0.002105 -0.006649 0.037798 0.041084 -0.083649 -0.185649 -0.028341 0.355745 0.753198 1.130050 1.557395 1.907689 1.960377 1.703223 1.317679 0.959609 0.672836 0.447732 0.275764 0.154654 0.078929 0.038138 0.020399 0.015237 0.015753 
0.015106 0.014855 0.017433 0.005027 -0.010500 0.020719 0.055443 -0.024124 -0.167063 -0.135342 0.162031 0.557047 0.935312 1.353354 1.769743 1.972763 1.847848 1.507017 1.129732 0.808514 0.553642 0.355391 0.209536 0.112425 0.055652 0.027697 0.017109 0.015683 
0.015354 0.014627 0.018017 0.011620 -0.008580 0.004672 0.052368 0.023581 -0.117426 -0.184409 0.001139 0.361633 0.741207 1.144540 1.588219 1.912245 1.937295 1.681989 1.311366 0.960830 0.674000 0.447967 0.276370 0.155938 0.080436 0.039503 0.021257 0.016290 
0.015796 0.014476 0.017545 0.016544 -0.002662 -0.006260 0.038080 0.052002 -0.056175 -0.182484 -0.113503 0.179001 0.548450 0.937830 1.381336 1.787604 1.959815 1.824057 1.494167 1.128134 0.809815 0.554179 0.355773 0.210538 0.113866 0.057134 0.028721 0.018270 
0.016888 0.014587 0.016519 0.019320 0.004990 -0.010453 0.019712 0.060303 0.000180 -0.143741 -0.175934 0.023131 0.361234 0.736374 1.164238 1.613727 1.912205 1.916202 1.663630 1.305187 0.961139 0.674843 0.448330 0.277085 0.157210 0.081960 0.040682 0.022498 
0.019280 0.015208 0.015445 0.020061 0.012294 -0.008433 0.003326 0.052597 0.040716 -0.085746 -0.188744 -0.093781 0.187553 0.542214 0.947603 1.407859 1.799776 1.946275 1.803150 1.482609 1.125944 0.810518 0.554678 0.356286 0.211569 0.115338 0.058434 0.030018 
0.023816 0.016706 0.014779 0.019301 0.017798 -0.002130 -0.007242 0.035606 0.060979 -0.025448 -0.161991 -0.164559 0.037720 0.358542 0.738050 1.186273 1.634495 1.909229 1.896889 1.647395 1.299122 0.960783 0.675417 0.448773 0.277867 0.158538 0.083325 0.042017 
0.031530 0.019613 0.014936 0.017793 0.020852 0.005982 -0.010681 0.016366 0.062268 0.024030 -0.110466 -0.188881 -0.078238 0.190795 0.539707 0.962162 1.432070 1.807746 1.932704 1.784489 1.472016 1.123331 0.810760 0.555128 0.356873 0.212688 0.116694 0.059782 
0.043614 0.024666 0.016333 0.016339 0.021564 0.013641 -0.007813 0.000486 0.049834 0.055181 -0.050228 -0.173306 -0.153358 0.046294 0.356058 0.745003 1.208895 1.651248 1.904371 1.879129 1.632779 1.293159 0.959928 0.675771 0.449241 0.278756 0.159805 0.084656 
0.061373 0.032813 0.019457 0.015684 0.020595 0.019294 -0.000805 -0.008795 0.030660 0.066352 0.004685 -0.129645 -0.185795 -0.067296 0.191279 0.541162 0.979641 1.453725 1.812605 1.919388 1.767613 1.462171 1.120409 0.810646 0.555501 0.357557 0.213806 0.117967 
0.086166 0.045193 0.024937 0.016485 0.018916 0.022294 0.007731 -0.010731 0.011403 0.060676 0.044602 -0.072253 -0.179551 -0.144055 0.050578 0.355146 0.755951 1.231084 1.664677 1.898317 1.862709 1.619432 1.287290 0.958701 0.675923 0.449755 0.279692 0.160981 
0.119343 0.063090 0.033590 0.019351 0.017582 0.022848 0.015500 -0.006574 -0.003056 0.044208 0.065236 -0.015020 -0.143751 -0.181695 -0.060481 0.190832 0.546258 0.998710 1.472875 1.815153 1.906472 1.752178 1.452917 1.117269 0.810236 0.555826 0.358305 0.214849 
0.162190 0.087872 0.046432 0.024911 0.017587 0.021792 0.021014 0.001264 -0.010284 0.023855 0.067383 0.031168 -0.090734 -0.182618 -0.137350 0.052162 0.356416 0.769770 1.252278 1.675384 1.891514 1.847446 1.607096 1.281516 0.957175 0.675920 0.450307 0.280583 
0.215877 0.120921 0.064662 0.033897 0.019808 0.020312 0.023775 0.010114 -0.010221 0.005612 0.055587 0.059986 -0.033535 -0.153820 -0.178014 -0.056937 0.190652 0.554449 1.018449 1.489703 1.815973 1.894015 1.737925 1.444151 1.113959 0.809592 0.556127 0.359029 
0.281429 0.163562 0.089605 0.047195 0.025028 0.019690 0.024184 0.017778 -0.004575 -0.006572 0.036297 0.070026 0.016571 -0.105689 -0.184076 -0.133290 0.052331 0.360025 0.785542 1.272199 1.683867 1.884261 1.833180 1.595590 1.275827 0.955413 0.675814 0.450835 
0.359689 0.217007 0.122640 0.065870 0.034008 0.021130 0.023299 0.022974 0.004057 -0.011181 0.016005 0.064060 0.051899 -0.050043 -0.161029 -0.175537 -0.055738 0.191450 0.565141 1.038244 1.504442 1.815498 1.882034 1.724657 1.435790 1.110518 0.808786 0.556378 
