0.020459 0.010689 0.006126 -0.115086 0.651724 1.066495 1.145314 1.279260 1.470954 1.820936 1.276212 1.023588 1.020615 0.894000 0.688305 0.466147 0.278177 0.146752 0.068618 0.028319 0.010743 0.006556 0.011140 0.021097 0.032040 0.039045 0.038810 0.031396 
0.025782 0.014923 0.022989 -0.165483 0.312323 0.901104 1.099014 1.205069 1.355321 1.757783 1.512062 1.118694 1.037557 0.967192 0.793210 0.572953 0.365094 0.205803 0.102956 0.045628 0.017858 0.007554 0.008176 0.015995 0.027061 0.036447 0.039825 0.035543 
0.030799 0.017987 0.043523 -0.154532 0.059548 0.655572 1.011540 1.146516 1.248669 1.637575 1.653378 1.276349 1.076779 1.015327 0.885986 0.681532 0.462952 0.278393 0.148689 0.070597 0.029560 0.011340 0.006965 0.011680 0.021738 0.032505 0.039093 0.038369 
0.035240 0.019599 0.058704 -0.107021 -0.095235 0.387567 0.861180 1.083131 1.161748 1.489760 1.694581 1.442681 1.159299 1.054539 0.960045 0.785525 0.567990 0.363816 0.207090 0.105012 0.047226 0.018719 0.008017 0.008655 0.016620 0.027644 0.036713 0.039587 
0.038825 0.020576 0.064755 -0.046348 -0.160005 0.147315 0.655832 0.990073 1.091265 1.341153 1.649260 1.572566 1.278662 1.105636 1.017296 0.878162 0.675087 0.459972 0.278622 0.150514 0.072459 0.030747 0.011950 0.007420 0.012255 0.022376 0.032953 0.039053 
0.041191 0.021897 0.062076 0.009523 -0.155798 -0.031495 0.423358 0.852083 1.022082 1.208932 1.543307 1.638065 1.410505 1.181563 1.067815 0.955721 0.778129 0.563309 0.362641 0.208311 0.106944 0.048739 0.019565 0.008514 0.009177 0.017259 0.028224 0.036794 
0.041954 0.024110 0.053578 0.049896 -0.109341 -0.134965 0.199197 0.670061 0.934976 1.097066 1.406071 1.630976 1.524457 1.281635 1.124482 1.019955 0.871579 0.668950 0.457183 0.278856 0.152232 0.074212 0.031887 0.012576 0.007918 0.012857 0.023041 0.033031 
0.040838 0.027118 0.042988 0.071181 -0.046424 -0.167126 0.015029 0.460373 0.815372 0.997657 1.262081 1.559951 1.594755 1.392337 1.196480 1.077700 0.952549 0.771407 0.558886 0.361557 0.209469 0.108760 0.050173 0.020399 0.009047 0.009732 0.017973 0.028169 
0.037802 0.030279 0.033513 0.075309 0.012766 -0.144632 -0.108948 0.248994 0.659462 0.896247 1.125689 1.443900 1.607005 1.492726 1.284774 1.137886 1.022123 0.865900 0.663248 0.454566 0.279090 0.153849 0.075865 0.032983 0.013219 0.008445 0.013608 0.022762 
0.033103 0.032696 0.027076 0.067454 0.055894 -0.090069 -0.167072 0.063457 0.475938 0.778772 0.999872 1.304182 1.560126 1.561575 1.381117 1.207440 1.085062 0.949815 0.765327 0.554756 0.360549 0.210563 0.110469 0.051534 0.021227 0.009590 0.010528 0.017450 
0.027284 0.033551 0.024136 0.053757 0.078474 -0.025707 -0.167012 -0.074551 0.283404 0.637572 0.878920 1.158073 1.463966 1.583589 1.470498 1.287866 1.147860 1.023594 0.860832 0.657996 0.452125 0.279319 0.155371 0.077423 0.034047 0.013836 0.009311 0.012897 
0.021105 0.032378 0.023964 0.039559 0.082228 0.031024 -0.125580 -0.153968 0.104899 0.474590 0.753521 1.015154 1.334303 1.552866 1.535736 1.373854 1.215895 1.090539 0.947222 0.759794 0.550927 0.359615 0.211595 0.112076 0.052840 0.021981 0.010560 0.009754 
0.015439 0.029202 0.025170 0.028378 0.072628 0.069801 -0.063305 -0.175681 -0.038387 0.301090 0.616218 0.877148 1.187302 1.473046 1.562395 1.454305 1.290799 1.155462 1.024394 0.856188 0.653166 0.449859 0.279542 0.156800 0.078910 0.034981 0.014943 0.008637 
0.011168 0.024545 0.026281 0.021643 0.056387 0.087499 0.000657 -0.150702 -0.132307 0.134395 0.465429 0.740530 1.035276 1.354724 1.542401 1.515277 1.369031 1.222597 1.094571 0.944643 0.754713 0.547389 0.358754 0.212565 0.113610 0.053959 0.023246 0.010152 
0.009115 0.019312 0.026210 0.019040 0.039469 0.086688 0.052142 -0.096242 -0.172543 -0.006998 0.306903 0.600524 0.884815 1.211471 1.475412 1.543729 1.442177 1.293513 1.161322 1.024607 0.851852 0.648715 0.447766 0.279755 0.158175 0.080167 0.036400 0.014935 
0.010023 0.014626 0.024519 0.019175 0.025906 0.073299 0.083645 -0.031060 -0.164623 -0.108315 0.152488 0.454880 0.737374 1.055982 1.367895 1.530804 1.498842 1.365786 1.227983 1.097469 0.942027 0.750010 0.544123 0.357957 0.213518 0.114891 0.055496 0.023712 
0.014581 0.011663 0.021477 0.020338 0.017458 0.054233 0.094103 0.028650 -0.121576 -0.162031 0.016888 0.306171 0.591612 0.897515 1.230564 1.473708 1.527460 1.432908 1.295973 1.165842 1.024320 0.847752 0.644601 0.445824 0.280011 0.159301 0.081742 0.037342 
0.023481 0.011530 0.017939 0.021125 0.013941 0.035459 0.087334 0.071973 -0.060184 -0.169225 -0.086367 0.162010 0.446334 0.741171 1.075278 1.375810 1.519122 1.485482 1.363590 1.232332 1.099462 0.939359 0.745630 0.541092 0.357280 0.214262 0.116376 0.056837 
0.037483 0.015211 0.015138 0.020829 0.013945 0.020905 0.069801 0.094253 0.003005 -0.138692 -0.148486 0.033328 0.302858 0.588844 0.912421 1.245197 1.469585 1.513333 1.425707 1.298162 1.169301 1.023614 0.843846 0.640770 0.444087 0.280129 0.160526 0.083334 
0.057461 0.023572 0.014454 0.019555 0.015656 0.012183 0.048408 0.096489 0.054935 -0.084331 -0.167540 -0.068543 0.166036 0.441152 0.749482 1.092357 1.379971 1.507881 1.474510 1.362099 1.235835 1.100717 0.936643 0.741509 0.538338 0.356564 0.215026 0.118012 
0.084404 0.037420 0.017236 0.018129 0.017552 0.008957 0.028814 0.083653 0.087926 -0.021705 -0.148711 -0.134989 0.043679 0.299442 0.590999 0.927827 1.256127 1.464086 1.501075 1.420036 1.300073 1.171896 1.022563 0.840081 0.637249 0.442421 0.280229 0.161961 
0.119361 0.057562 0.024693 0.017866 0.018843 0.009699 0.014513 0.062554 0.100028 0.035282 -0.102799 -0.162469 -0.055292 0.167086 0.439562 0.760479 1.107020 1.381478 1.497334 1.465421 1.361082 1.238629 1.101373 0.933866 0.737664 0.535755 0.355835 0.216006 
0.163328 0.084845 0.037872 0.020304 0.019620 0.012526 0.006702 0.039854 0.094068 0.076822 -0.043560 -0.153490 -0.123280 0.049635 0.297269 0.596818 0.942760 1.264074 1.457877 1.490431 1.415516 1.301706 1.173782 1.021206 0.836478 0.633961 0.440784 0.280523 
0.217086 0.120148 0.057683 0.026978 0.020763 0.015914 0.004742 0.020646 0.075894 0.098337 0.015324 -0.116042 -0.156223 -0.046163 0.166962 0.441244 0.772867 1.119356 1.381132 1.487588 1.457835 1.360375 1.240826 1.101513 0.931066 0.734052 0.533258 0.355270 
0.281022 0.164308 0.084946 0.039269 0.023700 0.019129 0.006944 0.007776 0.052370 0.100297 0.062875 -0.061757 -0.154913 -0.114076 0.052755 0.296935 0.605197 0.956701 1.269659 1.451386 1.481175 1.411866 1.303071 1.175061 1.019610 0.833032 0.630804 0.439288 
0.354961 0.217996 0.120416 0.058344 0.030110 0.022366 0.011409 0.001889 0.029657 0.087003 0.092487 -0.003376 -0.125084 -0.150244 -0.040329 0.166835 0.445661 0.785767 1.129584 1.379515 1.478668 1.451456 1.359870 1.242496 1.101227 0.928277 0.730579 0.530890 
0.438055 0.281556 0.164768 0.085150 0.041666 0.026640 0.016708 0.001988 0.012076 0.064812 0.102413 0.047787 -0.076299 -0.154548 -0.107442 0.054295 0.298588 0.615250 0.969411 1.273396 1.444887 1.473109 1.408887 1.304170 1.175821 1.017845 0.829677 0.627764 
0.528759 0.354842 0.218515 0.120442 0.059851 0.033516 0.022272 0.006247 0.001701 0.040336 0.095141 0.083782 -0.019985 -0.131093 -0.145324 -0.036893 0.167396 0.452232 0.798603 1.137966 1.377050 1.470553 1.446060 1.359482 1.243699 1.100607 0.925479 0.727195 
