0.001714 0.000469 0.000740 0.002756 -0.115516 0.653330 1.071793 1.155610 1.292383 1.480688 1.819881 1.260272 0.994930 0.986889 0.864242 0.668276 0.456199 0.274806 0.146323 0.070225 0.033617 0.021039 0.019679 0.020874 0.020041 0.016100 0.010387 0.005071 
0.003129 0.000902 0.000387 0.016784 -0.167270 0.312705 0.904393 1.107082 1.217555 1.367675 1.762635 1.503293 1.095439 1.005235 0.934730 0.768273 0.558402 0.358889 0.204016 0.103337 0.048917 0.025926 0.020040 0.020530 0.020846 0.018292 0.013194 0.007484 
0.005040 0.001801 -0.001470 0.033642 -0.158247 0.058753 0.657174 1.017265 1.157363 1.262010 1.646942 1.651528 1.259659 1.047875 0.981977 0.856928 0.662043 0.453065 0.274678 0.147894 0.072199 0.035284 0.022186 0.020307 0.021047 0.019887 0.015819 0.010170 
0.007369 0.003425 -0.004632 0.044461 -0.113413 -0.097424 0.387755 0.864718 1.091745 1.174650 1.502019 1.698792 1.433083 1.135531 1.022320 0.928182 0.761247 0.553730 0.357421 0.204900 0.105199 0.050764 0.027332 0.020919 0.020914 0.020831 0.018051 0.012929 
0.009947 0.005911 -0.007747 0.045785 -0.056209 -0.164067 0.146192 0.657478 0.996247 1.102640 1.354659 1.658216 1.569918 1.261265 1.076541 0.984351 0.849787 0.656088 0.450102 0.274558 0.149391 0.074106 0.036921 0.023325 0.020926 0.021209 0.019734 0.015545 
0.012551 0.009132 -0.009317 0.038460 -0.004479 -0.162403 -0.034066 0.423400 0.855910 1.031240 1.222208 1.555419 1.641611 1.400100 1.157336 1.035742 0.924461 0.754473 0.549290 0.356033 0.205740 0.106986 0.052565 0.028723 0.021790 0.021288 0.020811 0.017816 
0.014952 0.012720 -0.008371 0.025911 0.031364 -0.119224 -0.139376 0.197787 0.671802 0.941620 1.108943 1.419691 1.639478 1.521012 1.263572 1.095250 0.987440 0.843867 0.650391 0.447291 0.274444 0.150821 0.075953 0.038530 0.024453 0.021536 0.021364 0.019597 
0.016973 0.016194 -0.004747 0.012374 0.048142 -0.060234 -0.173964 0.012099 0.460319 0.819523 1.007354 1.275687 1.571866 1.597617 1.381152 1.171847 1.045816 0.921891 0.748332 0.545059 0.354714 0.206538 0.108707 0.054324 0.030097 0.022651 0.021649 0.020840 
0.018521 0.019103 0.000966 0.001482 0.048276 -0.005377 -0.154573 -0.113702 0.247336 0.661343 0.903375 1.138040 1.457580 1.615019 1.488490 1.266091 1.108568 0.990058 0.838825 0.645080 0.444616 0.274333 0.152191 0.077746 0.040112 0.025568 0.022126 0.021627 
0.019613 0.021152 0.007703 -0.004561 0.037435 0.033392 -0.103734 -0.174159 0.060196 0.475836 0.783280 1.010098 1.318073 1.571795 1.563738 1.369181 1.182453 1.053403 0.919756 0.742792 0.541075 0.353457 0.207300 0.110367 0.056043 0.031453 0.023479 0.022202 
0.020391 0.022256 0.014279 -0.005211 0.022192 0.052049 -0.043508 -0.177044 -0.079642 0.281541 0.639636 0.886544 1.170867 1.477657 1.591079 1.465481 1.268607 1.118503 0.991994 0.834368 0.640171 0.442083 0.274226 0.153507 0.079488 0.041671 0.026629 0.023005 
0.021138 0.022554 0.019707 -0.001328 0.008184 0.052797 0.009018 -0.139143 -0.161315 0.101335 0.474487 0.758414 1.025897 1.348433 1.564246 1.537189 1.361198 1.190605 1.059138 0.917753 0.737756 0.537349 0.352262 0.208029 0.111972 0.057732 0.032723 0.024691 
0.022294 0.022379 0.023404 0.005371 -0.000960 0.041540 0.043955 -0.080811 -0.185832 -0.043803 0.299064 0.618506 0.885274 1.200505 1.486698 1.569334 1.448519 1.271011 1.126111 0.993272 0.830306 0.635637 0.439699 0.274124 0.154774 0.081199 0.043105 0.028147 
0.024478 0.022219 0.025274 0.012925 -0.003898 0.025300 0.058645 -0.020896 -0.164203 -0.139922 0.130559 0.465369 0.745832 1.046519 1.369046 1.553448 1.516013 1.355689 1.197054 1.063457 0.915751 0.733130 0.533873 0.351133 0.208727 0.113551 0.059260 0.034488 
0.028514 0.022684 0.025672 0.019658 -0.001239 0.010183 0.056084 0.026845 -0.113498 -0.182838 -0.012723 0.304757 0.603072 0.893446 1.225048 1.488976 1.550091 1.435640 1.273241 1.132019 0.993969 0.826520 0.631437 0.437461 0.274026 0.156028 0.082716 0.045029 
0.035436 0.024497 0.025303 0.024526 0.005170 0.000162 0.042526 0.055352 -0.052202 -0.178100 -0.116201 0.148413 0.454908 0.743105 1.067706 1.382364 1.541480 1.498859 1.351793 1.202234 1.066669 0.913699 0.728840 0.530631 0.350064 0.209442 0.114919 0.061226 
0.046474 0.028498 0.025098 0.027237 0.013054 -0.003256 0.025036 0.063987 0.003868 -0.138625 -0.172490 0.010871 0.303947 0.594456 0.906649 1.244478 1.487139 1.533225 1.425638 1.275264 1.136627 0.994170 0.822938 0.627530 0.435355 0.273990 0.157077 0.084584 
0.063013 0.035664 0.026106 0.028207 0.020411 -0.000676 0.009558 0.056895 0.044224 -0.080957 -0.182711 -0.094524 0.157730 0.446491 0.747348 1.087459 1.390380 1.529391 1.484780 1.348984 1.206423 1.068995 0.911576 0.724830 0.527591 0.349116 0.209981 0.116533 
0.086501 0.047115 0.029427 0.028394 0.025971 0.005953 -0.000197 0.040727 0.064624 -0.021295 -0.155576 -0.159126 0.027040 0.300599 0.592013 0.922052 1.259409 1.482838 1.518483 1.417728 1.277062 1.140208 0.993952 0.819515 0.623865 0.433436 0.273838 0.158266 
0.118336 0.064096 0.036189 0.029084 0.029382 0.014228 -0.003007 0.022394 0.066402 0.027710 -0.104777 -0.181065 -0.076967 0.161587 0.441478 0.756118 1.104971 1.394597 1.517711 1.473094 1.346918 1.209810 1.070602 0.909385 0.721037 0.524797 0.348133 0.210576 
0.159706 0.087924 0.047542 0.031711 0.031164 0.022065 0.000281 0.007367 0.054736 0.058780 -0.045559 -0.165469 -0.145823 0.037143 0.297189 0.594521 0.937948 1.270598 1.477120 1.505598 1.411373 1.278627 1.142958 0.993385 0.816198 0.620470 0.431577 0.273690 
0.211423 0.119890 0.064664 0.037716 0.032507 0.028200 0.007564 -0.001211 0.036467 0.070306 0.008557 -0.122959 -0.176061 -0.063975 0.162505 0.440093 0.767582 1.120039 1.396115 1.506697 1.463300 1.345365 1.212530 1.071623 0.907109 0.717480 0.522148 0.347145 
0.273760 0.161118 0.088742 0.048473 0.034999 0.032395 0.016400 -0.002630 0.018108 0.065335 0.048153 -0.067002 -0.170159 -0.134317 0.042877 0.295062 0.600716 0.953358 1.278763 1.470653 1.494316 1.406195 1.279957 1.145027 0.992505 0.813007 0.617272 0.429737 
0.346332 0.212406 0.120917 0.065258 0.040377 0.035371 0.024777 0.001914 0.004428 0.049773 0.068990 -0.010925 -0.135955 -0.169907 -0.055094 0.162285 0.442016 0.780442 1.132750 1.395737 1.496457 1.455020 1.344162 1.214691 1.072138 0.904786 0.714115 0.519560 
0.428033 0.274064 0.162183 0.089240 0.050333 0.038572 0.031607 0.010173 -0.002183 0.030366 0.071773 0.034672 -0.084825 -0.171527 -0.125322 0.045802 0.294813 0.609493 0.967761 1.284527 1.463867 1.484416 1.401918 1.281062 1.146515 0.991377 0.809936 0.614171 
0.517081 0.345788 0.213256 0.121457 0.066394 0.043853 0.036898 0.019755 -0.001618 0.012984 0.060883 0.063522 -0.029176 -0.144789 -0.164039 -0.049496 0.162099 0.446705 0.793815 1.143322 1.394045 1.487023 1.447962 1.343201 1.216362 1.072234 0.902447 0.710850 
0.611156 0.426589 0.274430 0.162765 0.089860 0.053175 0.041649 0.028856 0.004572 0.001521 0.042591 0.074120 0.020038 -0.099028 -0.171138 -0.118899 0.047175 0.296589 0.619960 0.980917 1.288402 1.457039 1.475705 1.398341 1.281943 1.147505 0.990066 0.806920 
0.707639 0.514822 0.345448 0.213752 0.121785 0.068373 0.047571 0.036689 0.014060 -0.002469 0.023249 0.069057 0.055202 -0.045364 -0.150627 -0.159248 -0.046279 0.162637 0.453577 0.807122 1.152015 1.391467 1.478375 1.441902 1.342397 1.217599 1.071999 0.900071 
