0.000358 0.000737 0.002768 0.009443 0.027948 0.070576 0.153116 0.288558 0.476020 0.565240 1.506511 1.992498 1.985698 1.863845 1.668204 1.581196 0.649818 0.146281 0.069842 0.032400 0.018545 0.015854 0.016206 0.015401 0.012339 0.007955 0.003893 0.001241 
0.000642 0.000341 0.001172 0.004627 0.015680 0.044273 0.105233 0.214334 0.394570 0.414124 1.092786 1.811103 2.003480 1.933995 1.752445 1.730246 1.062027 0.344663 0.103187 0.048173 0.024077 0.016819 0.016175 0.016085 0.014035 0.010107 0.005748 0.002346 
0.001318 0.000350 0.000429 0.001950 0.007961 0.025931 0.068736 0.150892 0.324537 0.321958 0.748498 1.517687 1.940024 1.982745 1.823301 1.822098 1.402280 0.643859 0.200617 0.071815 0.034020 0.019622 0.016428 0.016375 0.015295 0.012125 0.007808 0.003834 
0.002383 0.000703 0.000209 0.000628 0.003460 0.013841 0.042414 0.098378 0.259743 0.269608 0.492397 1.176449 1.776308 1.986655 1.883243 1.875027 1.654514 0.983672 0.382933 0.124840 0.049993 0.025420 0.017632 0.016530 0.016096 0.013853 0.009923 0.005639 
0.003814 0.001395 0.000342 0.000117 0.001101 0.006377 0.024704 0.057221 0.197998 0.238060 0.323345 0.844947 1.525067 1.920702 1.923050 1.905672 1.821062 1.310330 0.640472 0.230981 0.081132 0.035609 0.020690 0.016997 0.016539 0.015186 0.011933 0.007652 
0.005556 0.002433 0.000765 0.000078 0.000072 0.002107 0.013767 0.027430 0.140199 0.212376 0.226162 0.564331 1.220568 1.772045 1.924342 1.922765 1.916632 1.585587 0.942855 0.403271 0.143016 0.054545 0.026746 0.018440 0.016880 0.016100 0.013688 0.009737 
0.007514 0.003813 0.001476 0.000337 -0.000180 -0.000113 0.007687 0.008210 0.088888 0.183586 0.178721 0.355488 0.905545 1.546204 1.867427 1.924123 1.960313 1.790070 1.251327 0.638147 0.251671 0.091196 0.038209 0.021749 0.017563 0.016694 0.015086 0.011741 
0.009562 0.005493 0.002495 0.000829 0.000005 -0.001113 0.004696 -0.002071 0.046797 0.148682 0.158450 0.220444 0.619191 1.265804 1.739882 1.898338 1.968022 1.921254 1.530004 0.916399 0.416659 0.157998 0.060137 0.028445 0.019241 0.017221 0.016107 0.013524 
0.011556 0.007393 0.003828 0.001556 0.000454 -0.001420 0.003364 -0.005642 0.015736 0.109254 0.147038 0.147353 0.388834 0.964064 1.542296 1.830207 1.947736 1.987698 1.753423 1.208968 0.636394 0.267228 0.100796 0.041480 0.022945 0.018118 0.016848 0.014988 
0.013364 0.009400 0.005449 0.002546 0.001102 -0.001315 0.002695 -0.004937 -0.003971 0.069462 0.132830 0.117049 0.226375 0.676074 1.289470 1.707549 1.898668 2.001997 1.909333 1.484711 0.897255 0.426469 0.170623 0.066040 0.030499 0.020087 0.017556 0.016114 
0.014891 0.011381 0.007293 0.003815 0.001945 -0.000910 0.002146 -0.002196 -0.013512 0.034004 0.111039 0.109301 0.129165 0.430763 1.007187 1.526879 1.814082 1.974831 1.997160 1.717376 1.176399 0.634995 0.279638 0.109701 0.045129 0.024308 0.018686 0.016999 
0.016120 0.013208 0.009261 0.005353 0.003003 -0.000221 0.001542 0.000847 -0.015208 0.006556 0.082368 0.107470 0.084017 0.245611 0.726066 1.296094 1.686287 1.911759 2.023760 1.889917 1.446941 0.882441 0.434139 0.181499 0.071946 0.032818 0.021005 0.017895 
0.017150 0.014793 0.011229 0.007112 0.004288 0.000767 0.000968 0.003115 -0.011908 -0.011082 0.050801 0.100988 0.072612 0.124956 0.474642 1.033560 1.511781 1.813207 1.998490 1.995480 1.683620 1.150166 0.633832 0.289933 0.117919 0.048968 0.025824 0.019283 
0.018244 0.016122 0.013080 0.009009 0.005787 0.002062 0.000624 0.004187 -0.006378 -0.019127 0.021321 0.085715 0.076710 0.061616 0.273645 0.764188 1.294770 1.677012 1.929385 2.035591 1.867249 1.414753 0.870445 0.440397 0.191044 0.077718 0.035320 0.022002 
0.019919 0.017298 0.014730 0.010939 0.007461 0.003639 0.000718 0.004172 -0.000822 -0.019402 -0.001896 0.062693 0.081974 0.040773 0.132816 0.513911 1.048021 1.502125 1.821469 2.016807 1.986939 1.652478 1.128316 0.632834 0.298717 0.125515 0.052884 0.027466 
0.023077 0.018602 0.016167 0.012795 0.009243 0.005437 0.001382 0.003501 0.003373 -0.014623 -0.016535 0.036062 0.079894 0.044718 0.050663 0.304237 0.790967 1.291918 1.677298 1.947289 2.039947 1.843421 1.386812 0.860405 0.445661 0.199544 0.083298 0.037941 
0.029210 0.020584 0.017502 0.014504 0.011051 0.007371 0.002638 0.002722 0.005671 -0.007635 -0.022392 0.010859 0.067854 0.057166 0.016737 0.148306 0.545824 1.055889 1.499031 1.834460 2.029766 1.974194 1.623841 1.109650 0.631954 0.306369 0.132560 0.056808 
0.040638 0.024204 0.019032 0.016060 0.012805 0.009343 0.004402 0.002322 0.006228 -0.000801 -0.021015 -0.008734 0.047817 0.066227 0.015452 0.049277 0.332997 0.809222 1.290924 1.684261 1.963473 2.038828 1.819498 1.362184 0.851789 0.450190 0.207207 0.088665 
0.060702 0.031013 0.021344 0.017581 0.014459 0.011259 0.006515 0.002614 0.005642 0.004362 -0.014970 -0.020408 0.024309 0.065670 0.030264 0.001128 0.167074 0.570425 1.061119 1.501858 1.849349 2.037986 1.958911 1.597476 1.093387 0.631162 0.313143 0.139122 
0.093820 0.043355 0.025440 0.019382 0.016030 0.013052 0.008781 0.003698 0.004666 0.007258 -0.007041 -0.023959 0.002370 0.054585 0.047184 -0.008689 0.054425 0.357831 0.822016 1.293145 1.695460 1.977131 2.033743 1.796025 1.340198 0.844249 0.454153 0.214182 
0.145264 0.064519 0.032916 0.022073 0.017659 0.014702 0.011018 0.005483 0.003979 0.008074 0.000436 -0.020905 -0.014030 0.035930 0.056943 0.004374 -0.007168 0.186031 0.589056 1.066182 1.509383 1.864428 2.042229 1.942148 1.573127 1.078992 0.630435 0.319216 
0.220589 0.098749 0.046122 0.026691 0.019684 0.016271 0.013092 0.007747 0.004032 0.007493 0.005968 -0.013762 -0.022854 0.014568 0.055635 0.025530 -0.026990 0.063203 0.378281 0.831859 1.298802 1.709061 1.988064 2.025806 1.773277 1.320362 0.837546 0.457668 
0.324724 0.151018 0.068286 0.034853 0.022738 0.017949 0.014952 0.010216 0.004992 0.006386 0.009006 -0.005227 -0.024122 -0.004598 0.043998 0.043384 -0.018569 -0.010004 0.203429 0.603400 1.072416 1.520339 1.878720 2.043218 1.924589 1.550557 1.066087 0.629757 
0.460824 0.226499 0.103490 0.048905 0.027880 0.020119 0.016668 0.012645 0.006777 0.005536 0.009802 0.002473 -0.019476 -0.017994 0.025851 0.051358 0.003593 -0.039895 0.073396 0.394784 0.840545 1.307570 1.723765 1.996360 2.015829 1.751378 1.302305 0.831510 
0.629122 0.329747 0.156441 0.072002 0.036735 0.023461 0.018465 0.014887 0.009132 0.005468 0.009119 0.007965 -0.011431 -0.024031 0.006220 0.047764 0.026941 -0.037748 -0.009262 0.218543 0.615006 1.080411 1.533617 1.891703 2.041585 1.906681 1.529556 1.054393 
0.826021 0.463676 0.231986 0.108075 0.051619 0.029063 0.020786 0.016948 0.011748 0.006386 0.007894 0.010822 -0.002582 -0.023087 -0.010317 0.034788 0.042836 -0.017051 -0.048420 0.083558 0.408157 0.849234 1.318904 1.738686 2.002242 2.004411 1.730374 1.285738 
1.043708 0.628517 0.334358 0.161599 0.075610 0.038556 0.024369 0.019037 0.014369 0.008208 0.006962 0.011399 0.005007 -0.016994 -0.020744 0.016868 0.047304 0.009328 -0.053154 -0.006508 0.231298 0.625121 1.090305 1.548323 1.903137 2.037852 1.888717 1.509941 
1.270444 0.820983 0.466263 0.237132 0.112487 0.054225 0.030356 0.021620 0.016889 0.010674 0.006875 0.010534 0.010155 -0.008275 -0.024039 -0.001041 0.040637 0.031379 -0.035554 -0.053726 0.092893 0.419289 0.858609 1.332215 1.753243 2.005976 1.991990 1.710261 
