0.243964 0.242550 0.196569 0.127110 0.062256 -0.104264 0.628782 1.000153 0.999352 1.002152 1.019981 1.188633 0.505346 0.199916 0.243964 0.242550 0.196569 0.127110 0.062256 0.020736 0.003782 0.000153 -0.000648 0.002152 0.019981 0.063633 0.130346 0.199916 
0.227623 0.248828 0.222494 0.161264 0.107391 -0.133450 0.307468 0.860989 0.999303 0.998874 0.992214 1.210799 0.799758 0.308946 0.227623 0.248828 0.222494 0.161264 0.091766 0.038425 0.010593 0.001614 -0.000697 -0.001126 0.007839 0.038924 0.096633 0.168321 
0.202734 0.244167 0.240023 0.190959 0.157698 -0.098249 0.072934 0.636130 0.947489 0.999867 0.967388 1.180210 1.015250 0.503166 0.255468 0.244167 0.240023 0.192912 0.124495 0.061907 0.022153 0.005270 0.000223 -0.002086 0.000591 0.020054 0.066031 0.134025 
0.171789 0.229148 0.247710 0.213516 0.202165 -0.023667 -0.061659 0.386011 0.824182 0.984285 0.952965 1.121022 1.141120 0.726160 0.349768 0.248923 0.247466 0.219131 0.157975 0.090347 0.039171 0.012232 0.002404 -0.001555 -0.002846 0.007008 0.040290 0.099939 
0.137675 0.205318 0.245024 0.227757 0.234650 0.065769 -0.103371 0.163364 0.639855 0.928161 0.943703 1.055488 1.185453 0.928819 0.503520 0.286922 0.251554 0.237401 0.189362 0.122104 0.061729 0.023563 0.006585 0.000091 -0.003593 -0.000847 0.020353 0.068589 
0.103313 0.174989 0.232292 0.233371 0.253176 0.150242 -0.073285 0.003777 0.425132 0.818104 0.923902 0.997323 1.168796 1.078219 0.690082 0.372567 0.266587 0.248713 0.215784 0.154873 0.089141 0.039997 0.013763 0.002987 -0.002555 -0.004527 0.006374 0.041865 
0.071310 0.140947 0.210669 0.230491 0.258615 0.216783 0.000905 -0.077791 0.218003 0.657515 0.875050 0.948356 1.115816 1.160703 0.875323 0.504883 0.308563 0.259532 0.235746 0.185931 0.119933 0.061705 0.024948 0.007721 -0.000230 -0.005150 -0.002151 0.020875 
0.043692 0.106118 0.182046 0.219542 0.253298 0.259455 0.091696 -0.085254 0.052141 0.465506 0.784311 0.899934 1.047407 1.179542 1.028645 0.668338 0.388312 0.280892 0.250893 0.212862 0.151961 0.088135 0.040885 0.015175 0.003366 -0.003680 -0.006154 0.005936 
0.021730 0.073218 0.148886 0.201261 0.239870 0.278116 0.176724 -0.036072 -0.051053 0.270643 0.650306 0.838141 0.975588 1.148854 1.130270 0.838456 0.506749 0.324924 0.266896 0.234736 0.182777 0.117976 0.061818 0.026292 0.008675 -0.000728 -0.006737 -0.003317 
0.005902 0.044452 0.113963 0.176794 0.220611 0.276447 0.241346 0.045599 -0.085647 0.102549 0.484453 0.750522 0.902387 1.086202 1.173716 0.989350 0.653867 0.400362 0.292677 0.253291 0.210362 0.149296 0.087318 0.041817 0.016457 0.003549 -0.004911 -0.007731 
-0.004029 0.021306 0.080043 0.147756 0.197200 0.259896 0.278977 0.135410 -0.059955 -0.015762 0.307981 0.631763 0.822461 1.006332 1.163944 1.100422 0.811361 0.508887 0.337982 0.273427 0.234093 0.179943 0.116248 0.062049 0.027580 0.009447 -0.001386 -0.008377 
-0.008827 0.004463 0.049552 0.116183 0.170821 0.234000 0.289768 0.213668 0.007783 -0.072802 0.146104 0.486508 0.727965 0.917679 1.112780 1.160375 0.957569 0.643678 0.410141 0.302552 0.255612 0.208211 0.146908 0.086682 0.042773 0.017601 0.003550 -0.006299 
-0.009540 -0.006156 0.024315 0.084367 0.142435 0.203337 0.278367 0.267941 0.095063 -0.069946 0.021464 0.328674 0.613704 0.822149 1.033667 1.167878 1.072857 0.790579 0.511166 0.348765 0.279140 0.233649 0.177425 0.114756 0.062385 0.028797 0.010051 -0.002290 
-0.007244 -0.011234 0.005382 0.054589 0.113046 0.171120 0.251534 0.293461 0.180519 -0.019494 -0.051216 0.177842 0.480762 0.717542 0.937572 1.129427 1.143775 0.931360 0.636246 0.418369 0.310936 0.257736 0.206343 0.144803 0.086223 0.043736 0.018623 0.003244 
-0.002812 -0.011815 -0.007000 0.028829 0.083865 0.139290 0.216138 0.291856 0.247873 0.059476 -0.067952 0.054080 0.337570 0.601246 0.831079 1.055687 1.164946 1.047905 0.774149 0.513502 0.357873 0.284110 0.233308 0.175203 0.113501 0.062808 0.029963 0.010322 
0.003238 -0.009041 -0.013284 0.008514 0.056299 0.108900 0.177856 0.268960 0.287917 0.146054 -0.035421 -0.027119 0.198301 0.473638 0.716815 0.957802 1.138604 1.126015 0.909388 0.630698 0.425454 0.318122 0.259622 0.204705 0.142976 0.085923 0.044735 0.019329 
0.010807 -0.003906 -0.014418 -0.005634 0.031804 0.080555 0.140609 0.232426 0.298541 0.221937 0.031594 -0.058409 0.079352 0.339990 0.595501 0.844832 1.072377 1.157814 1.025459 0.760862 0.515837 0.365684 0.288424 0.233015 0.173256 0.112467 0.063356 0.030868 
0.020169 0.002926 -0.011574 -0.013608 0.011671 0.054767 0.106612 0.189730 0.283323 0.274456 0.114223 -0.041878 -0.004888 0.210312 0.468518 0.722889 0.976368 1.142320 1.108167 0.890714 0.626491 0.431649 0.324322 0.261263 0.203264 0.141402 0.085834 0.045558 
0.031846 0.011204 -0.005882 -0.016005 -0.003195 0.032125 0.076780 0.146862 0.249334 0.297810 0.193823 0.012036 -0.045660 0.097336 0.339894 0.595815 0.860569 1.084357 1.148156 1.005287 0.749930 0.518130 0.372452 0.292160 0.232747 0.171546 0.111706 0.063835 
0.046422 0.021081 0.001791 -0.013810 -0.012414 0.013298 0.051274 0.107772 0.204848 0.292630 0.255542 0.087418 -0.041898 0.013393 0.216945 0.466750 0.733313 0.992462 1.142090 1.090783 0.874664 0.623265 0.437118 0.329696 0.262677 0.201976 0.140130 0.085786 
0.064351 0.032995 0.010974 -0.008134 -0.016151 -0.001091 0.029971 0.074451 0.157472 0.264348 0.290465 0.166629 -0.000316 -0.032785 0.109387 0.339753 0.600959 0.876577 1.092393 1.137038 0.987133 0.740808 0.520351 0.378357 0.295397 0.232470 0.170115 0.111085 
0.085796 0.047506 0.021621 0.000034 -0.015028 -0.010621 0.012763 0.047393 0.112979 0.221005 0.296151 0.233936 0.066347 -0.038381 0.027277 0.220715 0.468554 0.746243 1.005881 1.139034 1.074138 0.860737 0.620771 0.441975 0.334373 0.263862 0.200877 0.139063 
0.110557 0.065100 0.034026 0.010011 -0.009930 -0.015197 -0.000335 0.026209 0.074881 0.171102 0.275748 0.278215 0.142284 -0.007315 -0.021525 0.117196 0.340903 0.609655 0.891873 1.097214 1.125149 0.970758 0.733108 0.522474 0.383537 0.298176 0.232223 0.168902 
0.138119 0.086031 0.048681 0.021510 -0.001794 -0.015080 -0.009226 0.010171 0.044602 0.121938 0.236197 0.294281 0.211958 0.050561 -0.033536 0.037212 0.223419 0.473596 0.760374 1.016719 1.133972 1.058361 0.848556 0.618829 0.446309 0.338431 0.264871 0.199940 
0.167813 0.110233 0.066083 0.034612 0.008606 -0.010829 -0.013846 -0.001407 0.022023 0.078655 0.186090 0.282790 0.263004 0.121597 -0.010843 -0.012594 0.122319 0.343932 0.620789 0.905933 1.099454 1.112941 0.955949 0.726542 0.524488 0.388080 0.300572 0.232017 
0.199087 0.137344 0.086573 0.049664 0.020787 -0.003164 -0.014269 -0.009000 0.006158 0.043988 0.133714 0.249001 0.288099 0.191179 0.039041 -0.028802 0.044025 0.226220 0.481325 0.774814 1.025197 1.127507 1.043497 0.837826 0.617309 0.450172 0.341957 0.265751 
0.231804 0.166844 0.110226 0.067115 0.034610 0.007206 -0.010764 -0.012871 -0.004255 0.018586 0.085656 0.200881 0.285552 0.246542 0.104573 -0.012464 -0.006059 0.126009 0.348975 0.633457 0.918515 1.099642 1.100709 0.942517 0.720895 0.526375 0.392063 0.302661 
0.266495 0.198281 0.136846 0.087345 0.050225 0.019729 -0.003762 -0.013158 -0.010341 0.001637 0.046102 0.147088 0.258677 0.278917 0.172441 0.030624 -0.024970 0.048613 0.229802 0.491144 0.788977 1.031586 1.120083 1.029542 0.828318 0.616109 0.453606 0.345044 
