0.128169 0.153963 0.201463 0.303733 0.469989 0.676762 0.869294 0.984266 0.982764 0.871429 0.696249 0.514118 0.363710 0.254575 0.176393 0.115787 0.066892 0.031029 0.010174 0.001922 0.000122 -0.000277 0.000958 0.008881 0.028281 0.057932 0.088852 0.102936 
0.115482 0.138353 0.170866 0.244599 0.381796 0.575155 0.782723 0.941339 0.997244 0.935077 0.784708 0.601218 0.433755 0.305274 0.213287 0.144626 0.089710 0.047084 0.019026 0.005242 0.000847 -0.000282 -0.000495 0.003485 0.017300 0.042948 0.075496 0.094500 
0.104755 0.125712 0.149457 0.199800 0.306177 0.476700 0.685058 0.874870 0.984050 0.977186 0.864033 0.690960 0.512614 0.364953 0.256365 0.177239 0.115632 0.066576 0.031271 0.010960 0.002636 0.000168 -0.000913 0.000265 0.008913 0.029261 0.060915 0.084751 
0.094634 0.114885 0.134260 0.167624 0.244970 0.386709 0.583197 0.790043 0.943966 0.993904 0.928099 0.778155 0.597951 0.433899 0.306976 0.214612 0.144866 0.089385 0.047049 0.019617 0.006066 0.001229 -0.000655 -0.001257 0.003127 0.017674 0.046065 0.073312 
0.084107 0.104869 0.122824 0.145444 0.198248 0.308996 0.483658 0.693235 0.880002 0.983403 0.971519 0.856910 0.686034 0.511284 0.366118 0.257967 0.177956 0.115483 0.066354 0.031598 0.011753 0.003278 0.000127 -0.001580 -0.000336 0.008670 0.032013 0.060429 
0.072632 0.094839 0.113263 0.130361 0.164603 0.245633 0.391963 0.591298 0.797040 0.946113 0.990302 0.921248 0.771956 0.594961 0.434074 0.308525 0.215769 0.145051 0.089122 0.047112 0.020254 0.006850 0.001522 -0.001095 -0.001928 0.002375 0.019707 0.046813 
0.060174 0.084209 0.104217 0.119669 0.141634 0.196956 0.312172 0.490830 0.701252 0.884687 0.982363 0.965804 0.850065 0.681445 0.510100 0.367200 0.259392 0.178562 0.115347 0.066223 0.032001 0.012543 0.003847 -0.000010 -0.002153 -0.001405 0.009819 0.033421 
0.047138 0.072695 0.094782 0.111129 0.126482 0.161808 0.246634 0.397530 0.599415 0.803690 0.947804 0.986481 0.914545 0.766096 0.592217 0.434264 0.309924 0.216775 0.145193 0.088922 0.047267 0.020927 0.007590 0.001705 -0.001443 -0.003089 0.002660 0.021226 
0.034226 0.060350 0.084456 0.103080 0.116309 0.137957 0.195962 0.315709 0.498174 0.709072 0.888927 0.980969 0.960077 0.843499 0.677166 0.509039 0.368195 0.260654 0.179070 0.115231 0.066180 0.032471 0.013327 0.004305 -0.000057 -0.003190 -0.001817 0.011025 
0.022260 0.047540 0.073088 0.094442 0.108642 0.122589 0.159242 0.247995 0.403387 0.607503 0.809976 0.949065 0.982484 0.908007 0.760557 0.589692 0.434454 0.311180 0.217644 0.145302 0.088788 0.047505 0.021634 0.008233 0.001970 -0.002187 -0.003937 0.003309 
0.011994 0.034867 0.060839 0.084660 0.101574 0.112777 0.134403 0.195289 0.319601 0.505651 0.716663 0.892729 0.979261 0.954367 0.837209 0.673171 0.508078 0.369099 0.261762 0.179494 0.115141 0.066220 0.033011 0.014041 0.004839 -0.000409 -0.004186 -0.001777 
0.003971 0.023043 0.048121 0.073612 0.093831 0.105873 0.118682 0.156918 0.249727 0.409505 0.615525 0.815888 0.949924 0.978348 0.901648 0.755322 0.587360 0.434633 0.312297 0.218389 0.145388 0.088717 0.047835 0.022305 0.008946 0.002031 -0.003071 -0.004402 
-0.001553 0.012756 0.035531 0.061526 0.084744 0.099756 0.109099 0.130978 0.194951 0.323836 0.513222 0.723997 0.896107 0.977276 0.948701 0.831189 0.669436 0.507198 0.369912 0.262730 0.179848 0.115079 0.066357 0.033549 0.014820 0.005262 -0.000992 -0.004949 
-0.004615 0.004543 0.023741 0.048876 0.074160 0.092958 0.102860 0.114777 0.154851 0.251831 0.415856 0.623443 0.821420 0.950409 0.974106 0.895475 0.750374 0.585198 0.434792 0.313283 0.219024 0.145457 0.088729 0.048193 0.023038 0.009628 0.001848 -0.003890 
-0.005488 -0.001291 0.013400 0.036289 0.062329 0.084671 0.097658 0.105299 0.127701 0.194961 0.328398 0.520850 0.731055 0.899076 0.975048 0.943100 0.825434 0.665940 0.506383 0.370631 0.263567 0.180136 0.115069 0.066538 0.034148 0.015629 0.005483 -0.001647 
-0.004572 -0.004701 0.005030 0.024451 0.049771 0.074670 0.091832 0.099633 0.110893 0.153058 0.254302 0.422405 0.631225 0.826572 0.950552 0.969789 0.889495 0.745695 0.583186 0.434921 0.314145 0.219556 0.145535 0.088786 0.048609 0.023842 0.010179 0.001507 
-0.002277 -0.005869 -0.001047 0.014003 0.037164 0.063187 0.084421 0.095301 0.101400 0.124591 0.195323 0.333264 0.528500 0.737819 0.901655 0.972612 0.937580 0.819933 0.662659 0.505617 0.371260 0.264280 0.180387 0.115089 0.066771 0.034837 0.016386 0.005519 
0.001096 -0.005125 -0.004737 0.005464 0.025226 0.050774 0.075099 0.090458 0.096214 0.107052 0.151556 0.257132 0.429121 0.638845 0.831347 0.950382 0.965423 0.883710 0.741267 0.581303 0.435016 0.314884 0.220009 0.145616 0.088882 0.049119 0.024664 0.010568 
0.005425 -0.002841 -0.006157 -0.000832 0.014621 0.038153 0.064057 0.083979 0.092701 0.097425 0.121670 0.196042 0.338410 0.536136 0.744279 0.903864 0.969997 0.932158 0.814679 0.659575 0.504890 0.371793 0.264886 0.180605 0.115128 0.067087 0.035597 0.017038 
0.010814 0.000674 -0.005579 -0.004760 0.005885 0.026091 0.051853 0.075418 0.088839 0.092623 0.103282 0.150357 0.260306 0.435971 0.646277 0.835753 0.949927 0.961032 0.878122 0.737075 0.579534 0.435068 0.315511 0.220395 0.145687 0.089039 0.049725 0.025449 
0.017569 0.005258 -0.003337 -0.006398 -0.000633 0.015293 0.039246 0.064904 0.083334 0.089872 0.093400 0.118960 0.197117 0.343808 0.543728 0.750428 0.905723 0.967231 0.926844 0.809660 0.656670 0.504187 0.372235 0.265402 0.180783 0.115196 0.067502 0.036382 
0.026163 0.010949 0.000269 -0.005971 -0.004785 0.006327 0.027057 0.052978 0.075605 0.086979 0.088882 0.099605 0.149472 0.263809 0.442920 0.653504 0.839799 0.949214 0.956637 0.872728 0.733102 0.577863 0.435071 0.316042 0.220714 0.145753 0.089277 0.050404 
0.037155 0.017989 0.005054 -0.003779 -0.006619 -0.000431 0.016043 0.040429 0.065698 0.082476 0.086828 0.089351 0.116480 0.198544 0.349431 0.551248 0.756261 0.907256 0.964342 0.921647 0.804866 0.653926 0.503496 0.372594 0.265832 0.180923 0.115315 0.068011 
0.051122 0.026793 0.011009 -0.000112 -0.006327 -0.004811 0.006817 0.028126 0.054125 0.075640 0.084880 0.085014 0.096048 0.148909 0.267621 0.449940 0.660507 0.843497 0.948272 0.952255 0.867527 0.729333 0.576270 0.435027 0.316481 0.220964 0.145831 0.089607 
0.068595 0.037890 0.018318 0.004835 -0.004186 -0.006833 -0.000207 0.016885 0.041686 0.066417 0.081399 0.083584 0.085303 0.114247 0.200314 0.355249 0.558671 0.761779 0.908483 0.961353 0.916574 0.800288 0.651324 0.502812 0.372876 0.266175 0.181034 0.115502 
0.090023 0.051851 0.027343 0.011019 -0.000472 -0.006669 -0.004829 0.007375 0.029294 0.055270 0.075507 0.082550 0.081040 0.092635 0.148672 0.271721 0.456999 0.667275 0.846860 0.947124 0.947902 0.862516 0.725750 0.574746 0.434939 0.316830 0.221153 0.145939 
0.115763 0.069229 0.038574 0.018577 0.004612 -0.004575 -0.007044 0.000059 0.017828 0.043000 0.067038 0.080098 0.080157 0.081282 0.112277 0.202418 0.361235 0.565973 0.766983 0.909428 0.958283 0.911631 0.795912 0.648848 0.502130 0.373081 0.266434 0.181134 
0.146094 0.090511 0.052569 0.027821 0.010997 -0.000821 -0.007006 -0.004826 0.008018 0.030555 0.056391 0.075193 0.079994 0.076986 0.089386 0.148763 0.276086 0.464070 0.673799 0.849904 0.945794 0.943591 0.857690 0.722337 0.573281 0.434805 0.317089 0.221293 
