0.006939 0.002464 0.001148 0.002826 0.009236 0.026938 0.068819 0.152040 0.165546 1.107986 1.702188 1.896176 2.006395 1.995930 1.994466 1.045272 0.456607 0.274876 0.146075 0.068833 0.030643 0.017469 0.017842 0.023171 0.027348 0.027004 0.021852 0.014112 
0.010188 0.004307 0.001432 0.001395 0.004620 0.015065 0.042711 0.119144 0.042676 0.680296 1.455114 1.809653 1.966371 2.000038 2.113665 1.474803 0.700072 0.359125 0.204031 0.102572 0.046611 0.022363 0.017036 0.020651 0.025825 0.027777 0.024751 0.017911 
0.013820 0.006872 0.002515 0.001006 0.002105 0.007692 0.022790 0.100040 -0.008351 0.344336 1.120239 1.657111 1.903393 1.973209 2.150912 1.811217 1.033215 0.506367 0.274873 0.147614 0.070627 0.032121 0.018582 0.018649 0.023641 0.027423 0.026741 0.021441 
0.017546 0.010022 0.004337 0.001434 0.000994 0.003710 0.007472 0.084620 -0.011790 0.115091 0.762167 1.424999 1.802310 1.924815 2.126735 2.035853 1.390822 0.732872 0.377591 0.204960 0.104311 0.048254 0.023651 0.018000 0.021296 0.026090 0.027659 0.024381 
0.021050 0.013554 0.006832 0.002578 0.000820 0.002221 -0.003582 0.067741 0.008504 -0.013374 0.436659 1.129273 1.645505 1.853636 2.062376 2.150563 1.714952 1.024013 0.532400 0.282278 0.149061 0.072350 0.033583 0.019707 0.019460 0.024096 0.027480 0.026465 
0.024018 0.017205 0.009884 0.004393 0.001304 0.002421 -0.010321 0.048399 0.033452 -0.061424 0.181320 0.805014 1.425902 1.749495 1.973075 2.171944 1.964674 1.344567 0.748020 0.392726 0.208606 0.105963 0.049856 0.024941 0.018973 0.021935 0.026338 0.027523 
0.026184 0.020675 0.013316 0.006838 0.002323 0.003595 -0.012883 0.028247 0.050917 -0.056189 0.012329 0.493517 1.152620 1.600200 1.864374 2.123277 2.119913 1.651675 1.016137 0.548976 0.290481 0.151467 0.074010 0.035030 0.020841 0.020274 0.024539 0.027517 
0.027372 0.023661 0.016885 0.009832 0.003857 0.005178 -0.011845 0.009990 0.055804 -0.024589 -0.073514 0.230684 0.849509 1.399336 1.732945 2.026609 2.179704 1.906707 1.312859 0.756473 0.404794 0.213280 0.107929 0.051421 0.026233 0.019953 0.022567 0.026567 
0.027534 0.025899 0.020308 0.013224 0.005932 0.006810 -0.008191 -0.003925 0.048673 0.011674 -0.093191 0.039257 0.548721 1.151449 1.571134 1.897348 2.156418 2.083312 1.605100 1.009078 0.560613 0.298266 0.154499 0.075760 0.036463 0.021981 0.021087 0.024966 
0.026775 0.027211 0.023290 0.016792 0.008557 0.008356 -0.003099 -0.012100 0.033573 0.038657 -0.070423 -0.074094 0.282331 0.872966 1.372975 1.742634 2.068405 2.170503 1.858932 1.288644 0.761580 0.414617 0.218254 0.110199 0.053010 0.027524 0.020938 0.023191 
0.025377 0.027538 0.025573 0.020258 0.011670 0.009863 0.002322 -0.014433 0.015811 0.050385 -0.029059 -0.117271 0.074842 0.588977 1.139264 1.563291 1.933479 2.171163 2.047057 1.568385 1.002600 0.569274 0.305397 0.157869 0.077642 0.037905 0.023126 0.021898 
0.023802 0.026973 0.026974 0.023325 0.015116 0.011483 0.007244 -0.011931 0.000147 0.047350 0.011759 -0.108205 -0.061467 0.327390 0.879903 1.358007 1.764948 2.097544 2.153431 1.818611 1.268935 0.764756 0.422792 0.223220 0.112694 0.054653 0.028821 0.021923 
0.022701 0.025784 0.027430 0.025719 0.018649 0.013376 0.011231 -0.006250 -0.010282 0.034098 0.040101 -0.069061 -0.127601 0.112505 0.612948 1.127851 1.570770 1.965835 2.174326 2.012878 1.538086 0.996568 0.575975 0.311875 0.161396 0.079648 0.039371 0.024275 
0.022906 0.024422 0.027026 0.027244 0.021959 0.015621 0.014220 0.000810 -0.014318 0.016705 0.051495 -0.020808 -0.135662 -0.040090 0.360919 0.879397 1.355292 1.791624 2.116323 2.132770 1.783822 1.252212 0.766710 0.429723 0.228045 0.115338 0.056361 0.030133 
0.025427 0.023528 0.026022 0.027823 0.024733 0.018173 0.016422 0.007729 -0.012523 0.000723 0.047487 0.020663 -0.104538 -0.126056 0.145731 0.625481 1.122290 1.587412 1.992505 2.170221 1.981129 1.512253 0.990896 0.581302 0.317762 0.164975 0.081756 0.040872 
0.031456 0.023928 0.024862 0.027534 0.026712 0.020852 0.018165 0.013521 -0.006584 -0.010090 0.033303 0.046372 -0.054898 -0.151960 -0.016158 0.383473 0.877846 1.362355 1.818381 2.127214 2.110648 1.753251 1.237604 0.767843 0.435688 0.232673 0.118074 0.058134 
0.042401 0.026634 0.024178 0.026635 0.027753 0.023385 0.019753 0.017775 0.001394 -0.014199 0.015397 0.054130 -0.004789 -0.132537 -0.117038 0.171815 0.631893 1.123661 1.608767 2.013472 2.161535 1.951731 1.489692 0.985523 0.585623 0.323128 0.168541 0.083946 
0.059952 0.032854 0.024792 0.025574 0.027880 0.025477 0.021363 0.020565 0.009486 -0.012052 -0.000543 0.046970 0.033274 -0.086569 -0.158956 0.005985 0.397893 0.878610 1.376264 1.843200 2.132237 2.088162 1.725978 1.224574 0.768397 0.440887 0.237085 0.120862 
0.086180 0.044023 0.027717 0.024992 0.027315 0.026893 0.023005 0.022249 0.016333 -0.005414 -0.010798 0.030865 0.053390 -0.032579 -0.152429 -0.104856 0.190838 0.636134 1.131277 1.631969 2.029357 2.149963 1.924473 1.469622 0.980402 0.589179 0.328039 0.172060 
0.123655 0.061870 0.034173 0.025724 0.026497 0.027537 0.024558 0.023272 0.021270 0.003414 -0.013987 0.012426 0.055690 0.014641 -0.113432 -0.159658 0.024291 0.407255 0.883012 1.394536 1.865261 2.132922 2.065888 1.701344 1.212763 0.768530 0.445464 0.241287 
0.175490 0.088502 0.045616 0.028795 0.026077 0.027519 0.025836 0.024004 0.024252 0.012285 -0.010763 -0.002887 0.044597 0.046043 -0.059626 -0.165316 -0.092561 0.204174 0.640662 1.143874 1.655282 2.040929 2.136594 1.899120 1.451510 0.975501 0.592136 0.332557 
0.245264 0.126483 0.063800 0.035443 0.026916 0.027189 0.026696 0.024660 0.025655 0.019654 -0.003104 -0.011776 0.026609 0.058709 -0.006789 -0.134777 -0.156936 0.038337 0.414078 0.891244 1.415298 1.884353 2.130403 2.044124 1.678865 1.201925 0.768345 0.449533 
0.336712 0.178861 0.090851 0.047143 0.030080 0.027148 0.027135 0.025299 0.026032 0.024749 0.006514 -0.013322 0.008203 0.054859 0.033771 -0.084012 -0.173036 -0.081858 0.213529 0.646800 1.160146 1.677701 2.048919 2.122136 1.875455 1.434975 0.970789 0.594621 
0.453159 0.249057 0.129318 0.065666 0.036845 0.028249 0.027370 0.025896 0.025918 0.027510 0.015832 -0.008574 -0.005701 0.039999 0.056402 -0.028715 -0.151049 -0.152973 0.048600 0.420155 0.902947 1.437215 1.900560 2.125515 2.023020 1.658178 1.191879 0.767922 
0.596708 0.340562 0.182177 0.093139 0.048727 0.031582 0.027884 0.026446 0.025711 0.028372 0.023262 0.000219 -0.012491 0.020811 0.060891 0.018496 -0.104933 -0.177448 -0.073434 0.220473 0.655116 1.178946 1.698687 2.053969 2.107061 1.853281 1.419736 0.966252 
0.767305 0.456415 0.252701 0.132079 0.067525 0.038474 0.029450 0.027077 0.025654 0.028013 0.028059 0.010449 -0.011888 0.003313 0.051160 0.049822 -0.049583 -0.163257 -0.149177 0.055928 0.426646 0.917543 1.459374 1.914102 2.118874 2.002642 1.639001 1.182501 
0.961865 0.598463 0.344172 0.185382 0.095364 0.050496 0.033131 0.028145 0.025892 0.027123 0.030243 0.019844 -0.005412 -0.008368 0.033385 0.062750 0.001903 -0.122389 -0.180095 -0.067327 0.226265 0.665728 1.199346 1.717982 2.056613 2.091684 1.832429 1.405588 
1.173686 0.766525 0.459380 0.256180 0.134729 0.069492 0.040266 0.030296 0.026583 0.026271 0.030373 0.026901 0.004429 -0.012479 0.014057 0.059344 0.040257 -0.068566 -0.172552 -0.146314 0.061235 0.434227 0.934410 1.481165 1.925243 2.110939 1.983004 1.621119 
