0.128169 0.028963 0.826463 1.303733 1.469989 1.676762 1.869294 2.109266 1.357764 0.871429 0.696249 0.514118 0.363710 0.254575 0.176393 0.115787 0.066892 0.031029 0.010174 0.001922 0.000122 -0.000277 0.000958 0.008881 0.028281 0.057932 0.088852 0.102936 
0.131107 -0.033522 0.467741 1.103974 1.381796 1.575155 1.767098 2.113214 1.700369 1.075702 0.784708 0.601218 0.433755 0.305274 0.213287 0.144626 0.089710 0.047084 0.019026 0.005242 0.000847 -0.000282 -0.000495 0.003485 0.017300 0.042948 0.075496 0.094500 
0.137959 -0.034444 0.200238 0.830659 1.253443 1.478653 1.651855 2.035026 1.933269 1.346327 0.916767 0.690960 0.512614 0.364953 0.256365 0.177239 0.115632 0.066576 0.031271 0.010960 0.002636 0.000168 -0.000913 0.000265 0.008913 0.029261 0.060915 0.082798 
0.138824 0.000872 0.033430 0.541404 1.066748 1.372549 1.539008 1.904057 2.044796 1.620125 1.106078 0.797931 0.597951 0.433899 0.306976 0.214612 0.144866 0.089385 0.047049 0.019617 0.006066 0.001229 -0.000655 -0.001257 0.003127 0.017674 0.046309 0.067697 
0.129395 0.048534 -0.042276 0.285245 0.831519 1.237066 1.430954 1.749571 2.045103 1.843632 1.337364 0.938483 0.693450 0.511284 0.366118 0.257967 0.177956 0.115483 0.066354 0.031598 0.011753 0.003278 0.000127 -0.001580 -0.000336 0.008639 0.032898 0.050786 
0.110024 0.090208 -0.049163 0.094141 0.575973 1.060750 1.318419 1.593148 1.959462 1.982467 1.577075 1.118693 0.808108 0.597742 0.434074 0.308525 0.215769 0.145051 0.089122 0.047112 0.020254 0.006850 0.001522 -0.001095 -0.001924 0.002241 0.021565 0.034251 
0.084086 0.115060 -0.014812 -0.019827 0.334689 0.846750 1.187452 1.444336 1.819219 2.024514 1.786395 1.329409 0.950873 0.697088 0.511143 0.367200 0.259392 0.178562 0.115347 0.066223 0.032001 0.012543 0.003847 -0.000010 -0.002134 -0.001736 0.012733 0.020022 
0.056191 0.119679 0.034517 -0.062261 0.137738 0.612139 1.027578 1.301144 1.652976 1.977293 1.932813 1.548096 1.124547 0.815501 0.598865 0.434655 0.309924 0.216775 0.145193 0.088922 0.047267 0.020927 0.007590 0.001702 -0.001387 -0.003694 0.006396 0.009281 
0.030663 0.106516 0.078550 -0.050969 0.003438 0.382308 0.837593 1.154578 1.480499 1.861234 1.997583 1.745308 1.322009 0.958472 0.700630 0.511825 0.368342 0.260654 0.179070 0.115231 0.066180 0.032471 0.013327 0.004296 0.000059 -0.004090 0.002252 0.002335 
0.010559 0.081567 0.105227 -0.009200 -0.064323 0.183322 0.627238 0.994968 1.310687 1.701415 1.977986 1.892823 1.526188 1.127029 0.820921 0.600562 0.435609 0.311235 0.217644 0.145302 0.088788 0.047505 0.021635 0.008212 0.002167 -0.003327 -0.000137 -0.001237 
-0.002741 0.051981 0.110658 0.040601 -0.074608 0.034965 0.414803 0.817605 1.143451 1.520320 1.884917 1.970589 1.713571 1.314977 0.963257 0.703816 0.513013 0.369574 0.261783 0.179494 0.115141 0.066220 0.033014 0.014002 0.005121 -0.001665 -0.001196 -0.002299 
-0.009415 0.024126 0.097412 0.081273 -0.045101 -0.053604 0.222014 0.625823 0.974150 1.333420 1.737485 1.970589 1.859777 1.508415 1.127582 0.824957 0.602494 0.436837 0.312491 0.218397 0.145388 0.088716 0.047843 0.022241 0.009299 0.000821 -0.001234 -0.001830 
-0.010764 0.002387 0.071947 0.103122 0.003352 -0.084868 0.068181 0.430854 0.798619 1.148186 1.556822 1.897027 1.945252 1.687780 1.308222 0.966249 0.706625 0.514502 0.370882 0.262808 0.179851 0.115077 0.066371 0.033460 0.015212 0.004257 -0.000389 -0.000658 
-0.008618 -0.011239 0.041965 0.103903 0.051793 -0.070916 -0.034547 0.248881 0.617011 0.966018 1.361058 1.763422 1.959352 1.831777 1.493303 1.126942 0.827999 0.604501 0.438249 0.313706 0.219056 0.145456 0.088749 0.048082 0.023425 0.008946 0.001387 0.000706 
-0.004794 -0.016907 0.014271 0.087190 0.086673 -0.029446 -0.083614 0.096579 0.435336 0.785761 1.162623 1.588044 1.901825 1.921926 1.666026 1.301695 0.968040 0.709094 0.516161 0.372241 0.263750 0.180144 0.115098 0.066415 0.034481 0.015320 0.004307 0.002127 
-0.000685 -0.016262 -0.006535 0.059910 0.101382 0.020869 -0.085825 -0.013338 0.264499 0.607244 0.968122 1.389289 1.781644 1.946376 1.807530 1.480026 1.125529 0.830315 0.606501 0.439772 0.314885 0.219627 0.145575 0.088663 0.048851 0.023882 0.008709 0.003809 
0.002948 -0.011636 -0.018488 0.029809 0.095894 0.064398 -0.054876 -0.075250 0.117467 0.433605 0.780147 1.182307 1.613919 1.901957 1.900535 1.647152 1.295367 0.968997 0.711273 0.517907 0.373625 0.264605 0.180459 0.114981 0.066902 0.035142 0.015012 0.006209 
0.005994 -0.005311 -0.021956 0.003437 0.075049 0.091118 -0.007601 -0.091699 0.005681 0.271736 0.599924 0.977545 1.416060 1.794121 1.932741 1.786144 1.468083 1.123602 0.832090 0.608454 0.441358 0.316006 0.220198 0.145545 0.088901 0.049568 0.023661 0.009917 
0.008878 0.001009 -0.018888 -0.015037 0.046186 0.097432 0.039931 -0.072335 -0.064093 0.130942 0.429650 0.781123 1.204359 1.635020 1.899083 1.880875 1.630416 1.289221 0.969361 0.713205 0.519688 0.374989 0.265458 0.180621 0.115059 0.067557 0.035094 0.015562 
0.012368 0.006447 -0.011908 -0.024134 0.016821 0.085402 0.075527 -0.031266 -0.091563 0.020465 0.273701 0.596416 0.991813 1.440515 1.802336 1.919011 1.766988 1.457151 1.121328 0.833453 0.610344 0.442942 0.317136 0.220630 0.145583 0.089428 0.049709 0.023722 
0.017366 0.010962 -0.003497 -0.024669 -0.007109 0.060919 0.092579 0.016319 -0.082955 -0.053200 0.138398 0.425973 0.787451 1.227024 1.652068 1.894261 1.862726 1.615318 1.283246 0.969295 0.714935 0.521444 0.376377 0.266201 0.180745 0.115451 0.067852 0.034886 
0.024736 0.015171 0.004572 -0.018924 -0.022198 0.031451 0.090239 0.057326 -0.049447 -0.088308 0.030602 0.272948 0.596950 1.009054 1.462403 1.807380 1.905477 1.749605 1.447017 1.118822 0.834506 0.612136 0.444549 0.318199 0.220952 0.145886 0.089822 0.049439 
0.035195 0.020083 0.011483 -0.009704 -0.027676 0.003984 0.072308 0.083015 -0.004549 -0.088599 -0.044283 0.141567 0.423936 0.797846 1.249274 1.665752 1.888175 1.845880 1.601512 1.277434 0.968921 0.716474 0.523188 0.377736 0.266803 0.181044 0.115894 0.067670 
0.049263 0.026825 0.017356 0.000488 -0.024894 -0.016429 0.045348 0.089945 0.038793 -0.062620 -0.084133 0.036577 0.271309 0.601201 1.027929 1.481770 1.810053 1.892287 1.733660 1.437528 1.116169 0.835302 0.613852 0.446147 0.319123 0.221347 0.146353 0.089814 
0.067274 0.036423 0.023016 0.009986 -0.016434 -0.027326 0.016607 0.079615 0.070652 -0.021901 -0.091154 -0.038030 0.142048 0.424151 0.811176 1.270544 1.676668 1.881278 1.830162 1.588747 1.271787 0.968309 0.717859 0.524914 0.378979 0.267387 0.181544 0.116085 
0.089434 0.049668 0.029672 0.018175 -0.005165 -0.028733 -0.007744 0.057108 0.085582 0.021463 -0.071825 -0.080462 0.039256 0.269984 0.608621 1.047516 1.498795 1.810938 1.879507 1.718897 1.428582 1.113419 0.835895 0.615510 0.447654 0.319965 0.221917 0.146733 
0.115892 0.067080 0.038608 0.025404 0.006534 -0.022518 -0.023721 0.029229 0.082919 0.057169 -0.035762 -0.092187 -0.034479 0.141132 0.426770 0.826520 1.290547 1.685314 1.873870 1.815415 1.576846 1.266296 0.967515 0.719137 0.526561 0.380104 0.268083 0.182090 
0.146818 0.088944 0.050935 0.032714 0.017241 -0.011474 -0.029889 0.002661 0.066004 0.078442 0.006140 -0.078241 -0.078071 0.039573 0.269687 0.618611 1.067191 1.513707 1.810468 1.867157 1.705128 1.420100 1.110605 0.836351 0.617084 0.449028 0.320840 0.222612 
