0.020338 0.009961 0.003318 0.000605 0.000025 -0.000104 0.000344 -0.121803 0.635181 1.020855 1.031987 1.039034 1.038808 1.156451 0.395338 0.009961 0.003318 0.000605 0.000025 -0.000104 0.000344 0.003197 0.010181 0.020855 0.031987 0.039034 0.038808 0.031451 
0.025802 0.014683 0.006148 0.001695 0.000258 -0.000112 0.015445 -0.170621 0.303103 0.874836 1.026931 1.036420 1.024187 1.207474 0.728927 0.155308 0.006148 0.001695 0.000258 -0.000112 -0.000180 0.001254 0.006228 0.015461 0.026931 0.036420 0.039812 0.035599 
0.030866 0.019919 0.009905 0.003544 0.000843 -0.001917 0.032869 -0.160062 0.053990 0.641424 0.968710 1.034391 1.005864 1.198560 0.980085 0.389060 0.062639 0.003544 0.000843 0.000036 -0.000334 0.000095 0.003209 0.010565 0.021444 0.032437 0.039067 0.038404 
0.035061 0.025276 0.014455 0.006267 0.002201 -0.005231 0.043941 -0.114469 -0.099709 0.380226 0.837768 1.013326 0.992474 1.153608 1.135891 0.651497 0.192434 0.026043 0.001957 0.000385 -0.000249 -0.000455 0.001121 0.006446 0.015990 0.027486 0.036664 0.039595 
0.037984 0.030298 0.019537 0.009846 0.004655 -0.008590 0.045303 -0.056910 -0.165236 0.143058 0.644245 0.950098 0.980152 1.095398 1.203084 0.890527 0.385381 0.091450 0.011186 0.001054 0.000015 -0.000575 -0.000136 0.003257 0.010974 0.022028 0.032856 0.039062 
0.039349 0.034525 0.024783 0.014129 0.008257 -0.010360 0.037870 -0.005040 -0.163150 -0.035201 0.418068 0.831646 0.954476 1.038720 1.201771 1.070879 0.611553 0.211707 0.042551 0.004983 0.000478 -0.000409 -0.000724 0.001020 0.006698 0.016529 0.028020 0.036870 
0.039022 0.037552 0.029769 0.018858 0.012786 -0.009407 0.025147 0.030815 -0.119853 -0.139840 0.196395 0.661201 0.897884 0.986747 1.156988 1.177380 0.833781 0.382794 0.110681 0.019634 0.002278 -0.000037 -0.000824 -0.000344 0.003340 0.011407 0.022605 0.033241 
0.037038 0.039076 0.034051 0.023709 0.017838 -0.005404 0.011481 0.047523 -0.060854 -0.174374 0.012206 0.457313 0.798020 0.932143 1.090599 1.212683 1.019004 0.585928 0.224104 0.055946 0.009076 0.000930 -0.000589 -0.000985 0.000950 0.006982 0.017076 0.028530 
0.033593 0.038940 0.037228 0.028321 0.022944 0.001201 0.000644 0.047554 -0.006022 -0.155127 -0.113400 0.247809 0.653490 0.862040 1.015918 1.191111 1.145768 0.793559 0.380808 0.124864 0.027671 0.004174 0.000030 -0.001078 -0.000529 0.003458 0.011859 0.023171 
0.029016 0.037149 0.038984 0.032333 0.027679 0.009424 -0.005011 0.036660 0.032707 -0.104428 -0.174199 0.061646 0.475291 0.764599 0.936314 1.131082 1.206798 0.977232 0.567583 0.232992 0.067055 0.013504 0.001723 -0.000731 -0.001234 0.000913 0.007295 0.017626 
0.023728 0.033870 0.039127 0.035409 0.031706 0.018074 -0.004807 0.021528 0.051331 -0.044281 -0.177515 -0.078502 0.284010 0.634644 0.847575 1.048579 1.207100 1.114525 0.763025 0.379206 0.135976 0.035058 0.006447 0.000252 -0.001313 -0.000690 0.003610 0.012328 
0.018185 0.029409 0.037620 0.037266 0.034799 0.026046 0.000482 0.007927 0.052106 0.008228 -0.139929 -0.160946 0.104239 0.476540 0.742600 0.953388 1.159227 1.193178 0.942815 0.553542 0.239802 0.076479 0.017951 0.002771 -0.000804 -0.001461 0.000908 0.007634 
0.012826 0.024174 0.034585 0.037707 0.036818 0.032524 0.009138 -0.000387 0.041024 0.043202 -0.081743 -0.186213 -0.041743 0.303670 0.616479 0.848613 1.077793 1.211742 1.085360 0.738737 0.377870 0.145041 0.041796 0.008910 0.000618 -0.001511 -0.000821 0.003793 
0.008020 0.018617 0.030291 0.036648 0.037688 0.037057 0.019098 -0.001992 0.025222 0.058003 -0.021830 -0.165095 -0.139096 0.135039 0.470159 0.732915 0.975107 1.177309 1.176081 0.913829 0.542298 0.245257 0.084624 0.022279 0.003994 -0.000799 -0.001657 0.000933 
0.004038 0.013184 0.025119 0.034134 0.037377 0.039539 0.028469 0.002515 0.010919 0.055690 0.026015 -0.114621 -0.183112 -0.009652 0.311644 0.604108 0.859010 1.101636 1.209323 1.058615 0.718752 0.376727 0.152654 0.047944 0.011450 0.001106 -0.001659 -0.000924 
0.001034 0.008262 0.019516 0.030348 0.035891 0.040112 0.035865 0.011197 0.002172 0.042610 0.054723 -0.053321 -0.179111 -0.114861 0.154600 0.462571 0.733093 0.997191 1.187779 1.157613 0.888954 0.532995 0.249770 0.091772 0.026428 0.005330 -0.000714 -0.001819 
-0.000940 0.004145 0.013942 0.025593 0.033284 0.039060 0.040541 0.021576 0.000501 0.025932 0.063686 0.002919 -0.139971 -0.172638 0.015056 0.313267 0.598635 0.874330 1.120079 1.202508 1.034196 0.701883 0.375729 0.159189 0.053569 0.013998 0.001691 -0.001762 
-0.001883 0.001013 0.008812 0.020262 0.029678 0.036709 0.042356 0.031322 0.005226 0.011676 0.057124 0.043568 -0.082304 -0.183849 -0.092606 0.165767 0.457160 0.740226 1.017620 1.192636 1.138852 0.867270 0.525105 0.253594 0.098123 0.030375 0.006738 -0.000570 
-0.001753 -0.001048 0.004456 0.014791 0.025268 0.033366 0.041618 0.038722 0.014205 0.003576 0.041775 0.064385 -0.022409 -0.157175 -0.159118 0.032453 0.312504 0.599402 0.891720 1.133728 1.192969 1.011884 0.687355 0.374845 0.164893 0.058735 0.016515 0.002335 
-0.000308 -0.002000 0.001100 0.009606 0.020327 0.029298 0.038885 0.042872 0.024728 0.002787 0.024624 0.066756 0.026985 -0.106395 -0.182336 -0.074393 0.171623 0.455276 0.751850 1.035570 1.193389 1.120357 0.848117 0.518280 0.256895 0.103822 0.034120 0.008163 
0.003080 -0.001753 -0.001126 0.005076 0.015185 0.024736 0.034792 0.043645 0.034274 0.008285 0.011169 0.055928 0.058572 -0.046885 -0.167351 -0.145623 0.043910 0.311834 0.605170 0.909447 1.143336 1.181774 0.991437 0.674642 0.374048 0.169937 0.063503 0.018956 
0.009638 -0.000019 -0.002136 0.001487 0.010201 0.019897 0.029914 0.041497 0.041037 0.017671 0.004493 0.038813 0.070762 0.007720 -0.124892 -0.177463 -0.060655 0.174696 0.457134 0.766107 1.050823 1.191152 1.102412 0.831014 0.512285 0.259783 0.108984 0.037646 
0.021348 0.003867 -0.001795 -0.000961 0.005721 0.015009 0.024710 0.037211 0.044130 0.028080 0.005144 0.021949 0.066662 0.047937 -0.068591 -0.172350 -0.133877 0.051134 0.312598 0.614653 0.926514 1.149621 1.169614 0.972630 0.663371 0.373321 0.174451 0.067899 
0.040990 0.011130 0.000224 -0.002109 0.002054 0.010313 0.019510 0.031658 0.043542 0.036966 0.011645 0.010058 0.052235 0.069525 -0.011923 -0.138250 -0.171431 -0.050928 0.176792 0.462400 0.781677 1.063456 1.186740 1.085156 0.815599 0.506949 0.262346 0.113675 
0.071979 0.023691 0.004605 -0.001755 -0.000539 0.006067 0.014542 0.025617 0.039907 0.042597 0.021339 0.005381 0.034258 0.073222 0.034411 -0.086730 -0.174051 -0.124581 0.055696 0.315387 0.626726 0.942379 1.153207 1.156945 0.955265 0.653268 0.372656 0.178512 
0.117965 0.044184 0.012557 0.000478 -0.001821 0.002530 0.009980 0.019678 0.034212 0.044246 0.031305 0.007756 0.018558 0.063462 0.064107 -0.030387 -0.147489 -0.165667 -0.044369 0.179086 0.470517 0.797656 1.073679 1.180753 1.068644 0.801593 0.502154 0.264633 
0.182188 0.075806 0.025927 0.005295 -0.001502 -0.000033 0.005974 0.014224 0.027507 0.042101 0.039102 0.015236 0.008894 0.046542 0.075677 0.019686 -0.101303 -0.174013 -0.117788 0.058861 0.320338 0.640476 0.956786 1.154614 1.144066 0.939167 0.644134 0.372037 
0.266679 0.121934 0.047211 0.013882 0.000863 -0.001335 0.002690 0.009470 0.020702 0.037003 0.043209 0.024979 0.006567 0.028783 0.071750 0.055807 -0.046844 -0.153775 -0.160953 -0.040067 0.182267 0.480885 0.813441 1.081747 1.173634 1.052884 0.788783 0.497804 
