0.000258 0.000170 0.000687 0.002943 0.010557 0.030676 0.074746 0.157464 0.291311 0.350932 1.312366 1.877170 1.988445 1.983103 1.862785 1.792977 0.831146 0.274993 0.147396 0.072571 0.036569 0.022894 0.018607 0.016118 0.012527 0.007998 0.003902 0.001285 
0.000654 0.000138 0.000211 0.001145 0.005187 0.017623 0.047880 0.109714 0.233666 0.208395 0.881228 1.651459 1.947385 2.000146 1.916631 1.939384 1.261352 0.499500 0.204598 0.105130 0.051779 0.028558 0.020526 0.017500 0.014440 0.010208 0.005765 0.002395 
0.001371 0.000322 0.000067 0.000290 0.002117 0.009177 0.028804 0.071032 0.190343 0.133767 0.532637 1.325632 1.829817 1.990800 1.945105 2.015606 1.610845 0.822057 0.327620 0.149099 0.074689 0.038270 0.023916 0.019017 0.016116 0.012351 0.007852 0.003876 
0.002442 0.000748 0.000135 -0.000022 0.000549 0.004076 0.016166 0.040283 0.152673 0.105124 0.283936 0.965236 1.620625 1.936143 1.953428 2.039763 1.861229 1.179658 0.535349 0.225346 0.107145 0.053721 0.029911 0.021217 0.017675 0.014325 0.010036 0.005680 
0.003868 0.001460 0.000384 -0.000035 -0.000106 0.001243 0.008617 0.017190 0.116470 0.100604 0.131719 0.627825 1.335414 1.815663 1.936154 2.029704 2.013376 1.515785 0.815715 0.356372 0.158148 0.076731 0.039927 0.024920 0.019422 0.016117 0.012189 0.007719 
0.005613 0.002497 0.000840 0.000131 -0.000248 -0.000185 0.004780 0.001565 0.081224 0.102664 0.058038 0.353337 1.010037 1.620509 1.879276 1.996664 2.081697 1.789890 1.135659 0.553404 0.242659 0.111863 0.055604 0.031235 0.021897 0.017847 0.014221 0.009876 
0.007601 0.003873 0.001550 0.000444 -0.000113 -0.000829 0.003320 -0.007186 0.048672 0.100202 0.037860 0.160512 0.687465 1.359236 1.767565 1.942014 2.086286 1.981097 1.453778 0.810593 0.375538 0.167944 0.079748 0.041541 0.025905 0.019819 0.016124 0.012038 
0.009731 0.005561 0.002559 0.000929 0.000185 -0.001079 0.003078 -0.010229 0.021284 0.088671 0.045907 0.048648 0.405887 1.056281 1.592635 1.858562 2.045332 2.086458 1.731921 1.106169 0.564633 0.256817 0.117597 0.057823 0.032529 0.022563 0.018020 0.014125 
0.011900 0.007500 0.003889 0.001633 0.000622 -0.001125 0.003182 -0.009178 0.001043 0.068746 0.061601 0.002966 0.190623 0.745339 1.358262 1.735493 1.970153 2.115353 1.943091 1.408518 0.806186 0.389650 0.177276 0.083400 0.043260 0.026868 0.020211 0.016135 
0.014038 0.009602 0.005525 0.002605 0.001220 -0.001008 0.003112 -0.005821 -0.011253 0.044251 0.071610 0.001497 0.050912 0.460705 1.081262 1.564699 1.864006 2.082436 2.074511 1.684274 1.084127 0.572398 0.268651 0.123621 0.060361 0.033847 0.023217 0.018193 
0.016151 0.011775 0.007419 0.003873 0.002018 -0.000688 0.002684 -0.001792 -0.016154 0.020017 0.070114 0.021612 -0.018843 0.229463 0.788123 1.345997 1.724462 2.001515 2.126262 1.905631 1.373149 0.802265 0.400685 0.185915 0.087398 0.045119 0.027831 0.020596 
0.018365 0.013960 0.009495 0.005435 0.003052 -0.000095 0.001979 0.001682 -0.015289 0.000191 0.057391 0.044857 -0.034710 0.066516 0.508891 1.089486 1.547906 1.882027 2.107061 2.054928 1.644190 1.066544 0.578123 0.278768 0.129627 0.063134 0.035218 0.023865 
0.020978 0.016170 0.011677 0.007255 0.004339 0.000826 0.001238 0.003914 -0.010860 -0.012764 0.037507 0.059503 -0.017526 -0.026741 0.270426 0.814460 1.334233 1.728602 2.029190 2.125820 1.870423 1.344214 0.798700 0.409669 0.193866 0.091558 0.047106 0.028810 
0.024516 0.018535 0.013915 0.009278 0.005872 0.002092 0.000749 0.004758 -0.005082 -0.018334 0.015906 0.060883 0.012512 -0.060431 0.090984 0.545476 1.090022 1.543140 1.904390 2.121508 2.031973 1.609731 1.051897 0.582531 0.287581 0.135480 0.066063 0.036650 
0.029814 0.021355 0.016227 0.011443 0.007622 0.003677 0.000752 0.004485 0.000265 -0.017644 -0.002556 0.050063 0.039769 -0.052004 -0.022608 0.306973 0.829178 1.328065 1.741782 2.051281 2.118329 1.837801 1.319755 0.795412 0.417200 0.201195 0.095771 0.049197 
0.038140 0.025168 0.018748 0.013715 0.009548 0.005522 0.001382 0.003612 0.004086 -0.012815 -0.014792 0.031618 0.055101 -0.021264 -0.074829 0.118105 0.570990 1.089267 1.547950 1.926838 2.128252 2.007755 1.579566 1.039317 0.586030 0.295375 0.141127 0.069085 
0.051366 0.030835 0.021785 0.016123 0.011613 0.007549 0.002656 0.002717 0.006021 -0.006230 -0.019851 0.011279 0.055841 0.014069 -0.078859 -0.010856 0.336373 0.837578 1.328583 1.759578 2.067784 2.106465 1.807668 1.298571 0.792345 0.423652 0.207975 0.099969 
0.072158 0.039665 0.025886 0.018810 0.013813 0.009685 0.004483 0.002281 0.006313 0.000067 -0.018635 -0.005965 0.044351 0.041349 -0.052511 -0.079761 0.143512 0.588251 1.090582 1.559430 1.947372 2.129309 1.983354 1.552761 1.028266 0.588871 0.302355 0.146546 
0.104115 0.053572 0.031938 0.022088 0.016203 0.011883 0.006709 0.002603 0.005582 0.004747 -0.013205 -0.017006 0.025858 0.054208 -0.013908 -0.097451 0.004192 0.358682 0.843602 1.335119 1.779151 2.079327 2.091911 1.779795 1.279876 0.789459 0.429274 0.214273 
0.151742 0.075230 0.041282 0.026518 0.018950 0.014150 0.009163 0.003770 0.004569 0.007304 -0.005998 -0.020939 0.006240 0.052091 0.022079 -0.078828 -0.078235 0.165133 0.600317 1.095296 1.575117 1.965188 2.126207 1.959328 1.528648 1.018388 0.591219 0.308668 
0.220154 0.108166 0.055858 0.033000 0.022388 0.016573 0.011707 0.005692 0.003928 0.007941 0.000858 -0.018733 -0.009683 0.038648 0.045947 -0.041062 -0.108879 0.019472 0.375251 0.849701 1.346425 1.798784 2.086684 2.075743 1.753935 1.263132 0.786726 0.434240 
0.314435 0.156700 0.078331 0.042899 0.027094 0.019362 0.014283 0.008168 0.004088 0.007321 0.005963 -0.012518 -0.019118 0.019612 0.054086 0.000043 -0.099491 -0.073132 0.182528 0.609692 1.103609 1.593162 1.980090 2.120072 1.935964 1.506734 1.009439 0.593183 
0.438682 0.225646 0.112148 0.058161 0.033987 0.022896 0.016952 0.010972 0.005214 0.006279 0.008782 -0.004763 -0.021484 0.000779 0.047913 0.032751 -0.065461 -0.114974 0.033260 0.387766 0.857196 1.361214 1.817494 2.090592 2.058658 1.729857 1.247957 0.784123 
0.594852 0.319722 0.161458 0.081428 0.044439 0.027798 0.019929 0.013934 0.007240 0.005566 0.009537 0.002407 -0.017997 -0.013462 0.032133 0.050713 -0.022442 -0.114936 -0.066641 0.196147 0.618157 1.115172 1.612252 1.992172 2.111733 1.913395 1.486648 1.001241 
0.781639 0.442679 0.230811 0.116063 0.060390 0.035022 0.023629 0.017019 0.009959 0.005698 0.008939 0.007631 -0.010912 -0.020862 0.012713 0.052890 0.016553 -0.086288 -0.117600 0.044850 0.397777 0.866657 1.378357 1.834757 2.091690 2.041115 1.707354 1.234067 
0.993669 0.596272 0.324605 0.166053 0.084438 0.045959 0.028728 0.020380 0.013139 0.006891 0.007887 0.010439 -0.002715 -0.021327 -0.004900 0.042366 0.043034 -0.043808 -0.126164 -0.060184 0.206819 0.626864 1.129419 1.631490 2.001662 2.101801 1.891675 1.468103 
1.221257 0.779255 0.446299 0.235712 0.119854 0.062543 0.036233 0.024416 0.016636 0.009109 0.007194 0.011127 0.004545 -0.016401 -0.016969 0.024558 0.053639 -0.000948 -0.103528 -0.118302 0.054187 0.406528 0.878202 1.396942 1.850330 2.090514 2.023419 1.686247 
1.450878 0.986625 0.597481 0.329164 0.170464 0.087323 0.047576 0.029820 0.020494 0.012171 0.007421 0.010475 0.009631 -0.008476 -0.021947 0.005350 0.049557 0.032345 -0.063214 -0.134323 -0.054539 0.215441 0.636482 1.145741 1.650287 2.008832 2.090726 1.870810 
