0.069511 0.098376 0.035533 0.906247 1.461718 1.675119 1.869064 1.985092 2.111802 1.253457 0.700554 0.506166 0.335850 0.206784 0.117736 0.060200 0.025963 0.008543 0.001904 0.000280 -0.000108 0.000549 0.004997 0.015909 0.032587 0.049979 0.060991 0.055145 
0.060516 0.095407 -0.049740 0.510296 1.226742 1.570851 1.781831 1.925743 2.171579 1.644450 0.932191 0.600351 0.415851 0.266315 0.158321 0.086056 0.040979 0.015906 0.004597 0.000937 -0.000045 -0.000254 0.001965 0.009732 0.024158 0.042080 0.057592 0.055542 
0.054289 0.100466 -0.065314 0.210727 0.915061 1.415437 1.684724 1.841046 2.145282 1.931155 1.240768 0.747853 0.503731 0.335890 0.207852 0.118790 0.061017 0.026722 0.009295 0.002432 0.000350 -0.000453 0.000162 0.005016 0.016508 0.033421 0.052032 0.055689 
0.049042 0.103872 -0.037651 0.019170 0.588388 1.194135 1.564202 1.744396 2.057959 2.097751 1.561278 0.963212 0.616257 0.414835 0.266999 0.159410 0.086969 0.041761 0.016688 0.005266 0.001231 -0.000229 -0.000675 0.001759 0.010085 0.024752 0.044595 0.054492 
0.044232 0.101002 0.008317 -0.073291 0.299213 0.920722 1.402902 1.637628 1.935399 2.149888 1.837214 1.230856 0.771543 0.508848 0.335886 0.208811 0.119785 0.061848 0.027518 0.010054 0.002927 0.000374 -0.000812 -0.000194 0.005129 0.016771 0.035917 0.051462 
0.039847 0.091298 0.053275 -0.089251 0.081836 0.627383 1.192744 1.512384 1.796924 2.108539 2.030261 1.515654 0.976622 0.628979 0.416631 0.267592 0.160412 0.087866 0.042575 0.017494 0.005918 0.001480 -0.000444 -0.001091 0.001678 0.010012 0.026794 0.046537 
0.035924 0.076757 0.085349 -0.057189 -0.050515 0.352133 0.940779 1.356952 1.651269 2.001468 2.123941 1.776011 1.222214 0.785888 0.514891 0.336880 0.209673 0.120732 0.062694 0.028346 0.010814 0.003385 0.000358 -0.001195 -0.000403 0.004789 0.018033 0.039969 
0.032337 0.060371 0.099945 -0.004571 -0.103349 0.127559 0.668015 1.164097 1.497126 1.854834 2.121505 1.975709 1.484429 0.983385 0.638767 0.419535 0.268493 0.161339 0.088752 0.043418 0.018317 0.006549 0.001687 -0.000712 -0.001349 0.001187 0.010325 0.032249 
0.028800 0.044911 0.098169 0.046969 -0.095171 -0.026588 0.403334 0.936438 1.327526 1.687360 2.039728 2.091793 1.731290 1.214354 0.795403 0.520627 0.338528 0.210595 0.121639 0.063556 0.029201 0.011570 0.003810 0.000268 -0.001427 -0.000906 0.004157 0.024016 
0.024992 0.032212 0.084597 0.083937 -0.050441 -0.106047 0.175475 0.687638 1.135889 1.508376 1.901082 2.117331 1.931095 1.460574 0.986856 0.646430 0.422807 0.269690 0.162258 0.089631 0.044288 0.019151 0.007163 0.001808 -0.000856 -0.001734 -0.000224 0.015971 
0.020707 0.022957 0.065036 0.100982 0.006901 -0.120385 0.005884 0.439545 0.921234 1.319605 1.726786 2.059517 2.059749 1.696234 1.207054 0.802043 0.525805 0.340537 0.211623 0.122534 0.064434 0.030076 0.012328 0.004149 0.000252 -0.001594 -0.002815 0.008770 
0.015949 0.016853 0.044763 0.099262 0.058092 -0.088436 -0.095675 0.216711 0.690804 1.119318 1.532502 1.934714 2.105102 1.893700 1.441122 0.988452 0.652553 0.426127 0.271102 0.163205 0.090516 0.045179 0.020006 0.007703 0.001944 -0.000749 -0.003805 0.002934 
0.010956 0.013025 0.027484 0.083971 0.091847 -0.032583 -0.132009 0.040305 0.459455 0.906978 1.327281 1.762586 2.067632 2.029547 1.667423 1.200191 0.806818 0.530415 0.342724 0.212753 0.123442 0.065327 0.030984 0.013037 0.004441 0.000643 -0.003501 -0.001220 
0.006131 0.010442 0.015001 0.061804 0.104447 0.026506 -0.116263 -0.076706 0.246333 0.686619 1.115254 1.561216 1.958000 2.089095 1.861624 1.424574 0.988883 0.657527 0.429354 0.272656 0.164198 0.091413 0.046106 0.020841 0.008139 0.002585 -0.002232 -0.003598 
0.001944 0.008255 0.007441 0.038922 0.098199 0.073580 -0.067669 -0.131920 0.070158 0.467932 0.898771 1.344383 1.792819 2.068368 2.001556 1.642929 1.193687 0.810308 0.534507 0.344975 0.213967 0.124370 0.066254 0.031903 0.013596 0.005270 -0.000255 -0.004302 
-0.001187 0.005990 0.003811 0.019707 0.079047 0.100468 -0.006669 -0.133086 -0.055343 0.264912 0.681505 1.121224 1.590212 1.973389 2.071439 1.833570 1.410075 0.988550 0.661623 0.432425 0.274295 0.165234 0.092341 0.047073 0.021502 0.009083 0.002323 -0.003565 
-0.002976 0.003571 0.002641 0.006329 0.054117 0.105828 0.049309 -0.095398 -0.124529 0.092742 0.470318 0.897705 1.366444 1.817441 2.064404 1.975708 1.621576 1.187488 0.812871 0.538141 0.347226 0.215243 0.125335 0.067245 0.032644 0.014585 0.005594 -0.001654 
-0.003299 0.001232 0.002529 -0.001027 0.029733 0.093501 0.088592 -0.037491 -0.140763 -0.035931 0.275303 0.678843 1.134293 1.617447 1.982880 2.053235 1.808636 1.397098 0.987693 0.665029 0.435317 0.275975 0.166312 0.093354 0.047876 0.022481 0.009872 0.001229 
-0.002167 -0.000629 0.002487 -0.003539 0.010227 0.070202 0.106193 0.022699 -0.115140 -0.114148 0.108148 0.470584 0.903105 1.390585 1.837048 2.057427 1.951803 1.602601 1.181553 0.814742 0.541377 0.349437 0.216555 0.126398 0.068105 0.033581 0.015681 0.005036 
0.000342 -0.001595 0.002072 -0.003000 -0.002432 0.043212 0.103133 0.071239 -0.063575 -0.142307 -0.020518 0.280606 0.679974 1.151972 1.642077 1.987988 2.035062 1.786182 1.385297 0.986467 0.667881 0.438024 0.277655 0.167493 0.094280 0.048765 0.023724 0.009928 
0.004179 -0.001327 0.001331 -0.001169 -0.008350 0.018605 0.084650 0.100051 -0.003178 -0.128006 -0.103829 0.117763 0.471211 0.913710 1.415049 1.852387 2.048519 1.929623 1.585483 1.175851 0.816083 0.544267 0.351564 0.217956 0.127425 0.068963 0.034838 0.016300 
0.009412 0.000405 0.000646 0.000666 -0.009027 0.000241 0.057958 0.107179 0.051137 -0.084218 -0.140594 -0.009515 0.283356 0.685105 1.172379 1.663869 1.989832 2.017227 1.765740 1.374434 0.984973 0.670286 0.440529 0.279375 0.168681 0.095152 0.049953 0.024767 
0.016296 0.003753 0.000553 0.001870 -0.006550 -0.010449 0.030161 0.095727 0.089072 -0.026413 -0.135838 -0.095278 0.123311 0.473540 0.928215 1.438815 1.864171 2.038389 1.908960 1.569856 1.170357 0.817013 0.546832 0.353645 0.219383 0.128375 0.070051 0.036131 
0.025302 0.008856 0.001588 0.002429 -0.002905 -0.014063 0.006737 0.071971 0.106003 0.030572 -0.099873 -0.137812 -0.002439 0.285370 0.693887 1.194170 1.682885 1.989236 1.999884 1.746958 1.364337 0.983290 0.672298 0.442872 0.281107 0.169794 0.096162 0.051330 
0.037118 0.015932 0.004209 0.002781 0.000490 -0.012479 -0.009217 0.043255 0.102670 0.075164 -0.046214 -0.140507 -0.089180 0.126377 0.478158 0.945475 1.461323 1.873024 2.027507 1.889633 1.555451 1.165056 0.817598 0.549128 0.355683 0.220740 0.129378 0.071396 
0.052621 0.025342 0.008784 0.003603 0.002970 -0.008023 -0.016999 0.016151 0.083827 0.100651 0.011090 -0.111563 -0.135372 0.001570 0.287825 0.705750 1.216418 1.699326 1.986810 1.983108 1.729568 1.354887 0.981454 0.673985 0.445093 0.282764 0.170887 0.097424 
0.072832 0.037641 0.015641 0.005624 0.004581 -0.002779 -0.017777 -0.004740 0.056346 0.105538 0.060007 -0.062592 -0.143561 -0.085565 0.128239 0.485195 0.964554 1.482299 1.879466 2.016189 1.871481 1.542071 1.159925 0.817897 0.551218 0.357622 0.222024 0.130573 
0.098883 0.053588 0.025143 0.009511 0.005893 0.001856 -0.013782 -0.017265 0.027289 0.092782 0.092406 -0.006496 -0.120447 -0.134039 0.003443 0.291417 0.720076 1.238499 1.713438 1.983006 1.966923 1.713368 1.345983 0.979492 0.675422 0.447170 0.284304 0.172084 
