0.049264 0.032505 0.018373 0.014492 0.027645 0.066637 0.144808 0.276601 0.465768 0.565989 1.526812 2.034533 2.042798 1.923186 1.717110 1.612964 0.665423 0.151331 0.069539 0.028461 0.010237 0.003898 0.005954 0.016150 0.032640 0.049990 0.060993 0.060582 
0.055603 0.040556 0.024157 0.014303 0.017838 0.042244 0.099019 0.203533 0.382303 0.408303 1.103039 1.843105 2.054650 1.993800 1.807407 1.770461 1.085012 0.354339 0.105346 0.046143 0.017863 0.006018 0.003908 0.010265 0.024288 0.042108 0.056918 0.062151 
0.059939 0.048249 0.031539 0.017557 0.013462 0.025995 0.064664 0.141994 0.312014 0.311711 0.750005 1.539137 1.982927 2.039918 1.881923 1.869997 1.433390 0.659466 0.206119 0.071879 0.029949 0.010724 0.003905 0.006128 0.016801 0.033574 0.050710 0.061007 
0.061801 0.054721 0.039553 0.023312 0.013431 0.016461 0.040497 0.091743 0.248294 0.257038 0.487003 1.187738 1.809381 2.038296 1.942662 1.929045 1.693858 1.006356 0.392904 0.127460 0.048076 0.018786 0.006184 0.003960 0.010702 0.025142 0.042997 0.057279 
0.060990 0.059272 0.047271 0.030637 0.016758 0.012321 0.025078 0.052957 0.188495 0.225014 0.313174 0.847257 1.547651 1.964407 1.980227 1.963550 1.867991 1.340851 0.656129 0.236925 0.081506 0.031345 0.011187 0.003951 0.006369 0.017496 0.034516 0.051358 
0.057593 0.061417 0.053851 0.038610 0.022517 0.012390 0.016809 0.025560 0.133103 0.200299 0.213354 0.559427 1.232909 1.806146 1.976379 1.981748 1.969718 1.624118 0.965300 0.413553 0.146058 0.052675 0.019651 0.006363 0.004072 0.011196 0.026028 0.043838 
0.051957 0.060929 0.058593 0.046337 0.029818 0.015635 0.014058 0.008835 0.084375 0.173469 0.165199 0.345464 0.908698 1.569903 1.911870 1.981239 2.017429 1.836071 1.281325 0.653895 0.258042 0.091822 0.033696 0.011632 0.004040 0.006670 0.018240 0.035440 
0.044642 0.057856 0.061001 0.052998 0.037785 0.021151 0.015302 0.001351 0.044911 0.141092 0.145767 0.207460 0.614835 1.279205 1.774962 1.950702 2.026528 1.973423 1.567783 0.938663 0.427264 0.161420 0.058251 0.020855 0.006558 0.004238 0.011751 0.026926 
0.036346 0.052508 0.060822 0.057901 0.045569 0.028120 0.019239 0.001138 0.016553 0.104440 0.136302 0.133404 0.379023 0.968097 1.567086 1.875321 2.004731 2.044042 1.798538 1.238508 0.652269 0.274008 0.101614 0.036666 0.012210 0.004169 0.007037 0.019021 
0.027829 0.045408 0.058069 0.060538 0.052375 0.035773 0.024832 0.005999 -0.000213 0.067500 0.124716 0.103788 0.213282 0.672321 1.303935 1.743556 1.951288 2.059989 1.960606 1.521799 0.919392 0.437405 0.174380 0.064078 0.022386 0.006826 0.004463 0.012361 
0.019831 0.037233 0.053013 0.060632 0.057511 0.043367 0.031289 0.013838 -0.006348 0.034955 0.105876 0.097949 0.114842 0.421229 1.012127 1.552732 1.859801 2.031649 2.052725 1.761653 1.205543 0.651028 0.286802 0.110653 0.039966 0.012956 0.004362 0.007466 
0.013019 0.028735 0.046143 0.058165 0.060449 0.050180 0.038000 0.022905 -0.003941 0.010602 0.080272 0.098810 0.070209 0.232472 0.722965 1.311622 1.723169 1.964571 2.081206 1.940319 1.483398 0.904499 0.445406 0.185545 0.069850 0.024159 0.007197 0.004756 
0.007956 0.020665 0.038112 0.053371 0.060876 0.055554 0.044454 0.031921 0.004309 -0.003561 0.051828 0.095434 0.060651 0.110311 0.465448 1.039432 1.538664 1.859466 2.055079 2.050266 1.727106 1.178973 0.650048 0.297455 0.118947 0.043413 0.013863 0.004639 
0.005123 0.013718 0.029662 0.046711 0.058727 0.058937 0.050183 0.040073 0.015647 -0.007533 0.025607 0.083429 0.067487 0.047297 0.260524 0.761784 1.311351 1.714714 1.982326 2.092466 1.916808 1.450639 0.892469 0.451991 0.195329 0.075432 0.026097 0.007683 
0.005009 0.008502 0.021552 0.038816 0.054195 0.059953 0.054730 0.046917 0.027704 -0.002983 0.005951 0.063738 0.075989 0.028215 0.117906 0.505115 1.054843 1.530001 1.868204 2.073121 2.040951 1.695223 1.156843 0.649253 0.306564 0.126560 0.046899 0.014908 
0.008284 0.005561 0.014501 0.030419 0.047708 0.058447 0.057665 0.052249 0.038745 0.007408 -0.004622 0.040537 0.077367 0.034919 0.035871 0.291196 0.789301 1.309542 1.715763 2.000298 2.096230 1.892168 1.422184 0.882435 0.457573 0.204019 0.080771 0.028142 
0.016071 0.005465 0.009158 0.022289 0.039882 0.054517 0.058635 0.055968 0.047726 0.020663 -0.005756 0.018998 0.068862 0.050718 0.003598 0.133186 0.537481 1.063674 1.527863 1.881606 2.085764 2.027440 1.665897 1.137949 0.648591 0.314508 0.133568 0.050360 
0.030256 0.008981 0.006132 0.015166 0.031456 0.048515 0.057424 0.057998 0.054200 0.034114 0.001057 0.003483 0.052431 0.063412 0.005070 0.034054 0.320096 0.808328 1.309574 1.723433 2.016495 2.094504 1.867469 1.397099 0.873860 0.462407 0.211821 0.085849 
0.053763 0.017315 0.006071 0.009742 0.023214 0.041004 0.054011 0.058258 0.058135 0.045778 0.013150 -0.003546 0.032703 0.066587 0.023325 -0.012571 0.151801 0.562585 1.069875 1.531603 1.896845 2.093630 2.011403 1.638893 1.121507 0.648025 0.321537 0.140038 
0.090672 0.032388 0.009828 0.006681 0.015939 0.032707 0.048603 0.056681 0.059725 0.054491 0.027473 -0.001816 0.014874 0.059288 0.044035 -0.019656 0.038814 0.345130 0.821925 1.312800 1.735282 2.030114 2.088802 1.843257 1.374712 0.866391 0.466658 0.218885 
0.146037 0.057065 0.018682 0.006704 0.010371 0.024432 0.041632 0.053271 0.059238 0.059831 0.041265 0.007081 0.003064 0.044539 0.057716 -0.003081 -0.021402 0.170662 0.581768 1.075911 1.539997 1.912216 2.097487 1.993905 1.613956 1.106978 0.647529 0.327826 
0.225330 0.095227 0.034573 0.010737 0.007238 0.017009 0.033727 0.048160 0.056926 0.061929 0.052500 0.020402 -0.000614 0.027339 0.060375 0.022008 -0.038540 0.047250 0.365835 0.832597 1.319437 1.749475 2.040958 2.080242 1.819809 1.354526 0.859786 0.470438 
0.333508 0.151597 0.060297 0.020113 0.007329 0.011255 0.025654 0.041652 0.053014 0.061232 0.060049 0.035066 0.003773 0.012727 0.052782 0.043964 -0.026558 -0.024744 0.188020 0.596706 1.083117 1.551775 1.926742 2.098065 1.975632 1.590850 1.093982 0.647082 
0.473837 0.231226 0.099558 0.036780 0.011632 0.007983 0.018254 0.034232 0.047726 0.058298 0.063615 0.048346 0.014389 0.004362 0.038864 0.056086 -0.000339 -0.052020 0.057148 0.382648 0.842131 1.329158 1.764714 2.049123 2.069642 1.797252 1.336170 0.853866 
0.646675 0.338664 0.156781 0.063465 0.021519 0.008068 0.012405 0.026554 0.041344 0.053669 0.063530 0.058317 0.028376 0.003810 0.023773 0.056681 0.027281 -0.046286 -0.024478 0.203150 0.608946 1.092078 1.565829 1.939904 2.095996 1.957033 1.569363 1.082234 
0.848511 0.476903 0.236651 0.103702 0.038930 0.012570 0.009010 0.019399 0.034257 0.047814 0.060483 0.064014 0.042675 0.010527 0.012173 0.048015 0.047502 -0.021424 -0.061109 0.067065 0.396381 0.851685 1.341413 1.780115 2.054832 2.057603 1.775631 1.319352 
1.071527 0.646288 0.343365 0.161654 0.066515 0.022900 0.009046 0.013646 0.026991 0.041147 0.055291 0.065358 0.054695 0.022376 0.007075 0.034639 0.056310 0.009384 -0.062249 -0.022165 0.215975 0.619730 1.102927 1.581262 1.951467 2.091810 1.938405 1.549312 
1.303851 0.843618 0.479675 0.241688 0.107644 0.040987 0.013666 0.010253 0.020217 0.034070 0.048729 0.062915 0.062734 0.036409 0.009368 0.021594 0.054049 0.035935 -0.040397 -0.066964 0.076203 0.407922 0.861937 1.355611 1.795097 2.058357 2.044569 1.754945 
