0.107804 0.087393 0.056653 0.028397 -0.112976 0.635989 1.026767 1.066311 1.145926 1.284944 1.614054 1.108012 0.958077 1.092982 1.089607 0.949913 0.724461 0.483856 0.284075 0.147828 0.068662 0.028135 0.011355 0.012240 0.029240 0.058173 0.088905 0.108436 
0.110593 0.098890 0.071713 0.056665 -0.153581 0.306280 0.875283 1.041530 1.098693 1.191673 1.553893 1.316520 0.997440 1.042815 1.108334 1.030480 0.839081 0.599055 0.376024 0.208816 0.103415 0.045430 0.017537 0.009783 0.019248 0.043482 0.074939 0.101191 
0.108530 0.106675 0.083785 0.088589 -0.132222 0.062707 0.641126 0.972042 1.065635 1.111528 1.447732 1.445420 1.111423 1.017609 1.093496 1.083600 0.940859 0.716944 0.480561 0.284694 0.150188 0.070661 0.028966 0.011508 0.012670 0.030462 0.059861 0.090172 
0.101877 0.110232 0.091769 0.114389 -0.073784 -0.082694 0.382854 0.836249 1.024801 1.052293 1.321945 1.488037 1.248399 1.043304 1.066276 1.105154 1.022376 0.830460 0.593688 0.374958 0.210569 0.105695 0.046784 0.017909 0.010010 0.020115 0.045048 0.076510 
0.091320 0.109407 0.095865 0.129428 -0.002106 -0.137546 0.151599 0.642657 0.950657 1.008277 1.200064 1.455707 1.363900 1.117343 1.052801 1.100922 1.077407 0.932025 0.709819 0.477530 0.285324 0.152387 0.072485 0.029725 0.011709 0.013209 0.031765 0.061541 
0.077892 0.104317 0.096748 0.133283 0.064149 -0.122899 -0.018212 0.420010 0.827955 0.962696 1.096188 1.371317 1.429147 1.217869 1.070989 1.085816 1.104398 1.014319 0.822182 0.588664 0.374018 0.212226 0.107793 0.048012 0.018278 0.010327 0.021084 0.046652 
0.062874 0.095354 0.095019 0.128224 0.113456 -0.065842 -0.112248 0.204684 0.658133 0.895482 1.011738 1.260915 1.433870 1.315458 1.124216 1.077933 1.108690 1.072116 0.923423 0.703064 0.474735 0.285952 0.154428 0.074147 0.030422 0.011964 0.013854 0.033159 
0.047671 0.083216 0.090994 0.117618 0.141406 0.007196 -0.134462 0.029153 0.458421 0.791944 0.936994 1.145854 1.383813 1.383768 1.201717 1.091445 1.101728 1.104418 1.006728 0.814240 0.583956 0.373186 0.213785 0.109718 0.049126 0.018649 0.010732 0.022206 
0.033679 0.068914 0.084749 0.104661 0.149262 0.075232 -0.101792 -0.085861 0.255755 0.648742 0.856493 1.037787 1.294584 1.406542 1.283770 1.131512 1.097535 1.115620 1.067422 0.915208 0.696659 0.472150 0.286569 0.156317 0.075657 0.031068 0.012267 0.014720 
0.022165 0.053722 0.076322 0.091619 0.141790 0.125121 -0.037400 -0.134537 0.078526 0.475403 0.755925 0.937702 1.184290 1.379904 1.348842 1.192856 1.108016 1.114863 1.104523 0.999607 0.806678 0.579538 0.372443 0.215244 0.111479 0.050139 0.019011 0.011430 
0.014195 0.039063 0.065935 0.079611 0.125060 0.151687 0.035688 -0.124744 -0.050982 0.291509 0.628007 0.838712 1.067368 1.310432 1.379988 1.261955 1.138975 1.113588 1.121515 1.063067 0.907419 0.690603 0.469754 0.287164 0.158058 0.077032 0.031631 0.012931 
0.010612 0.026378 0.054148 0.068802 0.104688 0.156202 0.099241 -0.073802 -0.121454 0.121012 0.475482 0.731115 0.951239 1.210588 1.368659 1.321590 1.188266 1.122117 1.125848 1.104441 0.992889 0.799515 0.575396 0.371774 0.216601 0.113092 0.050994 0.019786 
0.012082 0.016995 0.041903 0.058821 0.084792 0.144004 0.142232 -0.002954 -0.133893 -0.014221 0.310602 0.607737 0.836274 1.093573 1.315266 1.355907 1.246531 1.146456 1.127125 1.126413 1.058893 0.900045 0.684893 0.467529 0.287729 0.159670 0.078182 0.032636 
0.019175 0.012039 0.030447 0.049230 0.067651 0.122021 0.161045 0.067858 -0.099750 -0.099701 0.151651 0.467744 0.718410 0.969375 1.227051 1.354338 1.300056 1.186401 1.134463 1.135120 1.104069 0.986507 0.792746 0.571515 0.371162 0.217878 0.114433 0.052285 
0.032483 0.012414 0.021196 0.039884 0.053947 0.096754 0.158059 0.123754 -0.036903 -0.131138 0.017882 0.317876 0.593040 0.843053 1.114511 1.313391 1.334619 1.235514 1.153858 1.138755 1.130408 1.054813 0.893060 0.679521 0.465455 0.288290 0.160994 0.079729 
0.052709 0.018842 0.015567 0.031118 0.043322 0.073038 0.139358 0.156701 0.035123 -0.114428 -0.075500 0.170983 0.458602 0.715366 0.987855 1.236158 1.339047 1.282885 1.186367 1.145462 1.142988 1.103380 0.980410 0.786356 0.567875 0.370639 0.218888 0.116109 
0.080718 0.031952 0.014851 0.023761 0.035031 0.053605 0.112320 0.165394 0.099408 -0.063212 -0.120908 0.042600 0.318649 0.585018 0.854634 1.130183 1.307483 1.316011 1.227674 1.161111 1.148866 1.133604 1.050780 0.886437 0.674460 0.463571 0.288642 0.162576 
0.117510 0.052376 0.020150 0.019011 0.028483 0.039300 0.083668 0.153740 0.144481 0.004982 -0.119711 -0.053222 0.181834 0.451428 0.719084 1.004689 1.239930 1.323855 1.269121 1.187602 1.155366 1.149681 1.102382 0.974563 0.780312 0.564521 0.369999 0.220083 
0.164117 0.080830 0.032377 0.018254 0.023579 0.029698 0.058271 0.128620 0.165390 0.072881 -0.081262 -0.107537 0.059989 0.316873 0.583013 0.868182 1.141224 1.299225 1.299836 1.222201 1.168165 1.157725 1.136097 1.046776 0.880130 0.669758 0.461684 0.289123 
0.221405 0.118119 0.052312 0.022885 0.020817 0.023832 0.038763 0.097643 0.163165 0.126840 -0.020174 -0.118625 -0.034944 0.187274 0.447564 0.727114 1.019083 1.239898 1.309311 1.258069 1.189734 1.164343 1.155372 1.101102 0.968919 0.774657 0.561282 0.369459 
0.289836 0.165077 0.080668 0.034179 0.021216 0.020835 0.025803 0.067373 0.143135 0.158838 0.047263 -0.092166 -0.094101 0.071406 0.315012 0.585786 0.881993 1.148416 1.289686 1.285827 1.218533 1.174986 1.165520 1.137976 1.042771 0.874177 0.665275 0.459899 
0.369205 0.222413 0.118133 0.053233 0.026124 0.020357 0.018744 0.042314 0.112761 0.166897 0.106532 -0.039638 -0.114064 -0.021110 0.189813 0.447220 0.737612 1.030848 1.237192 1.295686 1.249212 1.192500 1.172513 1.160206 1.099547 0.963512 0.769285 0.558173 
0.458417 0.290495 0.165350 0.080959 0.037011 0.022721 0.016403 0.024669 0.079577 0.154141 0.147440 0.024479 -0.097774 -0.082333 0.078541 0.314393 0.592061 0.895092 1.152502 1.279560 1.273728 1.216265 1.181546 1.172404 1.139298 1.038804 0.868509 0.660961 
0.555361 0.369109 0.222829 0.118099 0.055278 0.028870 0.017739 0.014706 0.049666 0.127017 0.165323 0.085871 -0.053859 -0.108232 -0.011268 0.191240 0.450057 0.749279 1.040091 1.232642 1.283098 1.242154 1.195709 1.179970 1.164275 1.097776 0.958313 0.764110 
0.656924 0.457238 0.290775 0.165225 0.082137 0.040164 0.022292 0.011473 0.026887 0.093222 0.160890 0.133132 0.005336 -0.099963 -0.072943 0.082948 0.315598 0.600719 0.906967 1.154128 1.269295 1.263313 1.215093 1.187834 1.178473 1.140146 1.034887 0.863030 
0.759174 0.552928 0.368892 0.222692 0.118541 0.058138 0.030346 0.013604 0.012815 0.059888 0.138984 0.159516 0.066422 -0.063853 -0.102562 -0.004593 0.192714 0.455518 0.761229 1.047047 1.226855 1.271584 1.236583 1.199226 1.186774 1.167676 1.095841 0.953240 
0.857729 0.653275 0.456181 0.290536 0.165149 0.084263 0.042861 0.019981 0.007227 0.032349 0.106757 0.163453 0.117617 -0.010161 -0.100292 -0.065995 0.085873 0.318752 0.610860 0.917389 1.153836 1.259186 1.254378 1.214792 1.193831 1.183817 1.140604 1.030973 
0.948253 0.754582 0.550797 0.368326 0.222280 0.119770 0.061247 0.030155 0.008869 0.013627 0.071767 0.147922 0.150777 0.049022 -0.070780 -0.097840 -0.000187 0.194909 0.463004 0.772885 1.052000 1.220281 1.261129 1.232257 1.202943 1.192974 1.170513 1.093741 
