0.801835 0.985164 0.996898 0.852874 0.653408 0.525087 0.418716 1.315210 1.869839 1.981963 1.990417 1.942473 2.047500 1.352571 1.074523 1.122002 1.038793 0.814698 0.518837 0.252383 0.083901 0.015370 0.000667 -0.002581 0.008611 0.079924 0.254533 0.520671 
0.673483 0.914949 1.010501 0.931816 0.744248 0.586504 0.346543 0.909696 1.647837 1.938859 1.993239 1.947323 2.094981 1.647925 1.172856 1.114599 1.098008 0.935716 0.663092 0.373364 0.155648 0.042907 0.006586 -0.002762 -0.004500 0.031356 0.155787 0.385724 
0.535390 0.812455 0.984504 0.984769 0.834304 0.675653 0.366134 0.606246 1.334656 1.822929 1.978586 1.946085 2.095491 1.874955 1.358289 1.138519 1.124516 1.030654 0.801542 0.509226 0.251384 0.089725 0.021375 0.000961 -0.008330 0.002356 0.080383 0.263528 
0.398808 0.687049 0.919953 1.003478 0.910560 0.773837 0.452190 0.425153 1.000468 1.620369 1.924277 1.939597 2.067031 2.022239 1.579510 1.222683 1.141500 1.094491 0.923998 0.651075 0.368282 0.158891 0.049558 0.009778 -0.006182 -0.011405 0.028230 0.160866 
0.273550 0.549846 0.822173 0.983771 0.962495 0.865314 0.576187 0.363377 0.707237 1.349918 1.808397 1.917923 2.024842 2.094377 1.790137 1.366641 1.177820 1.133431 1.022048 0.788770 0.500503 0.251079 0.095531 0.026690 0.000456 -0.014400 -0.003212 0.081385 
0.166951 0.412194 0.699851 0.925831 0.982621 0.937897 0.711211 0.400198 0.497955 1.051603 1.622777 1.863486 1.976056 2.106332 1.957164 1.549055 1.254176 1.164000 1.092977 0.912283 0.639781 0.364057 0.162467 0.055785 0.012151 -0.010228 -0.017982 0.025640 
0.083304 0.284271 0.563732 0.833990 0.966915 0.983005 0.835095 0.504608 0.392090 0.772588 1.378498 1.759149 1.917557 2.076124 2.064116 1.738956 1.376028 1.206694 1.142197 1.014106 0.776435 0.492652 0.251398 0.101245 0.031311 -0.000866 -0.020527 -0.008382 
0.023801 0.173975 0.425152 0.716028 0.915057 0.995460 0.931872 0.642606 0.386722 0.554163 1.103700 1.596604 1.838333 2.018163 2.109264 1.906257 1.533293 1.278256 1.182395 1.091849 0.901034 0.629228 0.360638 0.166294 0.061558 0.013658 -0.014673 -0.024397 
-0.013045 0.086263 0.294601 0.582070 0.830371 0.973257 0.991876 0.783066 0.461748 0.422680 0.836011 1.381549 1.725206 1.939339 2.100477 2.029005 1.705034 1.385878 1.229661 1.149655 1.006566 0.764729 0.485652 0.252265 0.106822 0.035162 -0.002833 -0.026775 
-0.030608 0.022980 0.180541 0.443232 0.719397 0.917347 1.010995 0.901534 0.587126 0.385664 0.612820 1.134015 1.569568 1.838897 2.048984 2.096303 1.866417 1.525088 1.298243 1.197544 1.090454 0.890302 0.619479 0.357965 0.170320 0.066784 0.014408 -0.019513 
-0.033146 -0.016810 0.088619 0.310202 0.591091 0.831410 0.989560 0.981883 0.730212 0.432818 0.462487 0.884122 1.372569 1.711638 1.964286 2.107294 1.995291 1.681442 1.395897 1.248692 1.155631 0.999212 0.753727 0.479489 0.253629 0.112157 0.038289 -0.005406 
-0.024785 -0.036115 0.021385 0.191997 0.455718 0.721522 0.931213 1.016221 0.861763 0.540632 0.398657 0.664953 1.147018 1.552906 1.851667 2.067667 2.076523 1.834829 1.521377 1.315527 1.210082 1.088555 0.880064 0.610560 0.356011 0.174443 0.071451 0.014447 
-0.008657 -0.039054 -0.021504 0.095053 0.323597 0.595634 0.841953 1.003650 0.959826 0.678803 0.418610 0.504834 0.915508 1.363353 1.712632 1.985560 2.103414 1.964645 1.664653 1.405901 1.264814 1.160189 0.991936 0.743443 0.474163 0.255404 0.117198 0.040728 
0.013662 -0.029849 -0.042655 0.022776 0.203888 0.462830 0.729371 0.948492 1.011388 0.816711 0.505405 0.421166 0.705525 1.151751 1.547536 1.868480 2.076565 2.054183 1.809494 1.520569 1.330800 1.220455 1.086092 0.870288 0.602488 0.354715 0.178585 0.075577 
0.042319 -0.011931 -0.046031 -0.024400 0.103603 0.332410 0.602028 0.858460 1.012136 0.928628 0.632674 0.417211 0.543112 0.934943 1.358999 1.722116 2.001331 2.093162 1.937368 1.652637 1.415757 1.278630 1.163454 0.984689 0.733884 0.469646 0.257509 0.121944 
0.078960 0.012675 -0.035948 -0.048512 0.027001 0.212905 0.468867 0.743088 0.964946 0.996938 0.770590 0.482272 0.446920 0.734999 1.154588 1.551045 1.885146 2.078199 2.031382 1.789021 1.521728 1.344449 1.228990 1.083077 0.860966 0.595252 0.354006 0.182734 
0.126161 0.043610 -0.016144 -0.053240 -0.024554 0.111196 0.338604 0.612523 0.877751 1.013234 0.891510 0.594810 0.424167 0.574521 0.947685 1.360611 1.735726 2.011657 2.079234 1.913318 1.644122 1.425361 1.290527 1.165558 0.977472 0.725051 0.465882 0.259933 
0.186644 0.082035 0.010901 -0.042914 -0.052280 0.031864 0.219086 0.476650 0.761355 0.977643 0.974244 0.727403 0.469364 0.471493 0.756133 1.158874 1.560567 1.899736 2.074632 2.009186 1.772416 1.524251 1.356711 1.235932 1.079557 0.852105 0.588814 0.353886 
0.262436 0.130156 0.044303 -0.021563 -0.059286 -0.023093 0.116682 0.344475 0.627554 0.896960 1.006374 0.852223 0.565862 0.435114 0.599050 0.957635 1.367536 1.750685 2.017226 2.063324 1.892225 1.638255 1.434636 1.300771 1.166629 0.970311 0.716914 0.462889 
0.354141 0.190492 0.084731 0.007852 -0.049664 -0.054137 0.035792 0.223668 0.487724 0.782256 0.984613 0.945825 0.689591 0.463653 0.492751 0.771928 1.165929 1.573687 1.911511 2.067425 1.988134 1.758947 1.527726 1.367738 1.241472 1.075605 0.843691 0.583205 
0.460496 0.265081 0.134001 0.043871 -0.027536 -0.063701 -0.021416 0.120208 0.351887 0.646512 0.913577 0.992399 0.813921 0.544742 0.446942 0.617986 0.967209 1.378550 1.765338 2.018869 2.046516 1.873794 1.634432 1.443517 1.309555 1.166794 0.963219 0.709520 
0.578307 0.354746 0.194422 0.086596 0.003762 -0.055425 -0.054976 0.038139 0.228179 0.502644 0.803575 0.985151 0.914498 0.657910 0.462237 0.510192 0.784833 1.175949 1.588601 1.920339 2.057739 1.968485 1.748057 1.531855 1.377636 1.245776 1.071272 0.835785 
0.702807 0.458622 0.268022 0.137385 0.042223 -0.033286 -0.066783 -0.020534 0.122606 0.362103 0.668029 0.925892 0.973066 0.778589 0.529620 0.457879 0.632953 0.977699 1.392389 1.778762 2.017370 2.029509 1.857743 1.632208 1.451951 1.317037 1.166147 0.956278 
0.828381 0.574016 0.355827 0.198269 0.087348 -0.000783 -0.060003 -0.055770 0.038991 0.234051 0.521074 0.823296 0.979686 0.882639 0.631951 0.462897 0.524207 0.796583 1.188584 1.604046 1.926375 2.046428 1.950347 1.739316 1.536412 1.386491 1.248964 1.066663 
0.949532 0.696677 0.457343 0.271219 0.139959 0.039669 -0.038324 -0.069202 -0.020927 0.125026 0.375663 0.690415 0.933170 0.950368 0.747091 0.518629 0.467169 0.645442 0.989650 1.407957 1.790495 2.013418 2.012756 1.843816 1.631241 1.459902 1.323324 1.164811 
1.061869 0.821414 0.570358 0.357422 0.201718 0.087027 -0.005217 -0.063658 -0.057274 0.038964 0.242330 0.542038 0.839987 0.969328 0.851877 0.610734 0.464182 0.535563 0.808284 1.203274 1.619178 1.929905 2.034122 1.933740 1.732374 1.541226 1.394355 1.251163 
1.162911 0.942967 0.691121 0.456736 0.274444 0.141567 0.036679 -0.042540 -0.071698 -0.022546 0.128604 0.392404 0.712089 0.935507 0.926064 0.719482 0.510217 0.474705 0.656640 1.003165 1.424373 1.800355 2.007588 1.996554 1.831780 1.631265 1.467331 1.328522 
1.252508 1.056927 0.814862 0.567417 0.359413 0.204506 0.085914 -0.009188 -0.066908 -0.059872 0.038948 0.253518 0.564280 0.852905 0.955428 0.823109 0.593130 0.465280 0.545099 0.820567 1.219422 1.633458 1.931255 2.021289 1.918635 1.726950 1.546157 1.401277 
