0.264333 0.184149 0.966538 1.403173 1.523029 1.695817 1.873008 2.109707 1.356159 0.864701 0.687949 0.519820 0.405205 0.346063 0.312557 0.270973 0.206968 0.130469 0.063214 0.020977 0.003836 0.000164 -0.000646 0.002153 0.019981 0.063633 0.130346 0.194424 
0.248140 0.116419 0.618563 1.224453 1.456484 1.608872 1.776974 2.115138 1.700172 1.071092 0.775247 0.597195 0.455578 0.372429 0.330320 0.294567 0.240532 0.167563 0.093714 0.038959 0.010723 0.001642 -0.000692 -0.001125 0.007839 0.038924 0.097319 0.161656 
0.232174 0.103046 0.354523 0.968240 1.350424 1.530714 1.671665 2.040198 1.934419 1.343978 0.908445 0.681666 0.519078 0.408874 0.350580 0.314729 0.269916 0.204157 0.128252 0.063022 0.022446 0.005339 0.000237 -0.002083 0.000592 0.019968 0.067379 0.126719 
0.208769 0.120035 0.183504 0.690323 1.184569 1.445486 1.572742 1.915220 2.047891 1.619835 1.100117 0.787032 0.593824 0.457487 0.376922 0.333775 0.294941 0.238305 0.164870 0.092555 0.039801 0.012392 0.002441 -0.001548 -0.002834 0.006776 0.042182 0.091285 
0.175804 0.145376 0.096351 0.438485 0.966612 1.331735 1.482211 1.770207 2.051647 1.845321 1.334147 0.928590 0.683319 0.518684 0.412527 0.354809 0.316583 0.268723 0.201448 0.126267 0.063009 0.023914 0.006671 0.000109 -0.003552 -0.001254 0.022767 0.058186 
0.135501 0.162915 0.071969 0.244169 0.722924 1.176005 1.389783 1.627029 1.971898 1.986590 1.576532 1.111333 0.795875 0.593692 0.459551 0.381232 0.336900 0.295080 0.236073 0.162367 0.091618 0.040730 0.013957 0.003027 -0.002467 -0.005118 0.009332 0.030201 
0.092587 0.164003 0.084548 0.119750 0.486756 0.979377 1.279961 1.494953 1.840735 2.032337 1.788453 1.325215 0.939445 0.686278 0.519644 0.416143 0.358752 0.318138 0.267414 0.198851 0.124510 0.063160 0.025364 0.007813 -0.000075 -0.005930 0.001304 0.009213 
0.052395 0.147154 0.109944 0.060673 0.287551 0.757071 1.140368 1.371108 1.687117 1.990972 1.937815 1.547150 1.115754 0.802045 0.595069 0.462129 0.385350 0.339709 0.295006 0.233855 0.160057 0.090891 0.041731 0.015380 0.003615 -0.004639 -0.002397 -0.004175 
0.019336 0.116270 0.130056 0.050790 0.143782 0.533089 0.967789 1.245079 1.530631 1.883671 2.006582 1.747574 1.316741 0.945558 0.689303 0.521579 0.419848 0.362412 0.319414 0.266011 0.196377 0.122973 0.063460 0.026733 0.009059 -0.001824 -0.003016 -0.010579 
-0.003999 0.078197 0.134795 0.068891 0.060247 0.332761 0.770115 1.105402 1.379420 1.735917 1.992866 1.898556 1.524702 1.116784 0.806364 0.597192 0.465176 0.389325 0.342214 0.294741 0.231665 0.157938 0.090368 0.042714 0.017047 0.002406 -0.001623 -0.011482 
-0.017080 0.040299 0.121809 0.094686 0.029424 0.175899 0.564197 0.945417 1.232101 1.570112 1.908299 1.980654 1.715887 1.308555 0.948918 0.692133 0.524164 0.423659 0.365815 0.320428 0.264535 0.194032 0.121664 0.063793 0.028502 0.008400 0.001120 -0.008721 
-0.021117 0.008593 0.094633 0.113014 0.035588 0.072434 0.370933 0.766624 1.082343 1.401084 1.772435 1.986617 1.866091 1.506259 1.115880 0.809424 0.599715 0.468578 0.393179 0.344435 0.294307 0.229517 0.156036 0.089906 0.044249 0.016848 0.005080 -0.003986 
-0.018407 -0.013303 0.060070 0.115800 0.060017 0.021304 0.209534 0.578775 0.924105 1.235137 1.606405 1.921364 1.956267 1.689994 1.300579 0.950558 0.694748 0.527180 0.427547 0.368980 0.321204 0.262998 0.191857 0.120412 0.064795 0.028595 0.010626 0.001555 
-0.011559 -0.024389 0.025589 0.101874 0.085775 0.012293 0.092793 0.397143 0.755727 1.072092 1.427810 1.798892 1.976463 1.838523 1.490362 1.113793 0.811623 0.602472 0.472230 0.396915 0.346396 0.293718 0.227466 0.154156 0.090177 0.044416 0.018498 0.007452 
-0.002826 -0.025825 -0.002688 0.075280 0.100997 0.029786 0.024561 0.238189 0.581713 0.908991 1.248031 1.637540 1.927116 1.933770 1.667994 1.292777 0.951081 0.697184 0.530485 0.431473 0.371925 0.321754 0.261474 0.189644 0.119889 0.064816 0.029598 0.013971 
0.006348 -0.020092 -0.021110 0.042827 0.100254 0.057143 -0.000183 0.115138 0.411982 0.743881 1.072202 1.455277 1.817693 1.964497 1.814562 1.476196 1.110954 0.813232 0.605374 0.476046 0.400527 0.348103 0.293058 0.225300 0.152931 0.089871 0.044758 0.021931 
0.015496 -0.010050 -0.028721 0.011672 0.084108 0.080476 0.006899 0.034787 0.259178 0.578379 0.901197 1.266322 1.663437 1.928188 1.913084 1.648738 1.285135 0.950860 0.699487 0.533984 0.435399 0.374642 0.322169 0.259755 0.187952 0.119157 0.064529 0.032439 
0.025043 0.001864 -0.026768 -0.012530 0.057399 0.091035 0.031004 -0.003720 0.135131 0.418326 0.734500 1.079761 1.481425 1.830794 1.951791 1.793318 1.463270 1.107635 0.814440 0.608371 0.479963 0.403985 0.349648 0.292136 0.223478 0.151784 0.089026 0.046590 
0.036021 0.014135 -0.017811 -0.026610 0.026971 0.085925 0.057856 -0.008054 0.047663 0.272606 0.572777 0.900080 1.287129 1.684656 1.926226 1.894001 1.631493 1.277648 0.950147 0.701697 0.537613 0.439269 0.377214 0.322285 0.258186 0.186514 0.117864 0.065197 
0.049698 0.026335 -0.004731 -0.030008 -0.000491 0.067326 0.076621 0.009697 -0.001349 0.150731 0.419300 0.728960 1.092295 1.505387 1.839665 1.938899 1.774164 1.451277 1.104016 0.815376 0.611438 0.483905 0.407351 0.350896 0.291182 0.221972 0.150191 0.088594 
0.067204 0.038980 0.010078 -0.024219 -0.020037 0.040732 0.081501 0.036175 -0.016217 0.060130 0.279879 0.567421 0.904408 1.308693 1.701907 1.922278 1.876301 1.615767 1.270319 0.949108 0.703856 0.541299 0.443115 0.379531 0.322226 0.256899 0.184809 0.116555 
0.089239 0.053176 0.025203 -0.011880 -0.029202 0.012848 0.071878 0.059721 -0.006113 0.004031 0.161531 0.417469 0.727502 1.107934 1.526905 1.845386 1.926109 1.756648 1.440013 1.100219 0.816145 0.614531 0.487882 0.410538 0.351881 0.290408 0.220374 0.148319 
0.115902 0.070197 0.040329 0.004191 -0.027962 -0.010300 0.051262 0.072509 0.017306 -0.019460 0.070476 0.282738 0.563686 0.912901 1.329981 1.715865 1.917020 1.859776 1.601226 1.263151 0.947875 0.705968 0.545044 0.446874 0.381562 0.322215 0.255644 0.182725 
0.146674 0.091069 0.056046 0.021762 -0.018113 -0.024618 0.025520 0.071442 0.042603 -0.016915 0.010217 0.168021 0.414679 0.729810 1.125340 1.546014 1.848743 1.913561 1.740441 1.429338 1.096342 0.816798 0.617661 0.491852 0.413472 0.352791 0.289723 0.218422 
0.180530 0.116299 0.073466 0.039603 -0.002346 -0.028446 0.000978 0.057826 0.060857 0.002013 -0.019683 0.078013 0.282791 0.562195 0.924432 1.350421 1.727117 1.910894 1.844249 1.587627 1.256158 0.946519 0.708064 0.548828 0.450450 0.383430 0.322286 0.254129 
0.216158 0.145740 0.093761 0.057545 0.016647 -0.022337 -0.017162 0.036129 0.067076 0.026792 -0.023759 0.015779 0.171073 0.412138 0.735345 1.143588 1.562884 1.850309 1.901319 1.725294 1.419164 1.092441 0.817389 0.620839 0.495719 0.416206 0.353735 0.288887 
0.252234 0.178644 0.117780 0.076238 0.036857 -0.008365 -0.025764 0.012277 0.060507 0.048217 -0.009745 -0.018459 0.082705 0.281338 0.563112 0.938085 1.369720 1.736148 1.904193 1.829569 1.574803 1.249343 0.945102 0.710185 0.552578 0.453832 0.385267 0.322296 
0.287706 0.213848 0.145797 0.096739 0.057278 0.010768 -0.023994 -0.008017 0.043956 0.060071 0.013080 -0.027837 0.019939 0.171629 0.410575 0.743515 1.162053 1.577732 1.850504 1.889399 1.711023 1.409421 1.088557 0.817980 0.624024 0.499432 0.418850 0.354668 
