0.020459 0.010689 0.006126 0.009914 0.026724 0.066495 0.020314 0.904260 1.470954 1.695936 1.901212 2.023588 2.145615 1.269000 0.688305 0.466147 0.278177 0.146752 0.068618 0.028319 0.010743 0.006556 0.011140 0.021097 0.032040 0.039045 0.038810 0.031396 
0.025782 0.014923 0.007364 0.006392 0.015448 0.057354 -0.072861 0.501944 1.230321 1.585908 1.808937 1.962444 2.209432 1.670317 0.933835 0.572953 0.365094 0.205803 0.102956 0.045628 0.017858 0.007554 0.008176 0.015995 0.027061 0.036447 0.039825 0.035543 
0.030799 0.019940 0.010320 0.005624 0.006814 0.057916 -0.095881 0.195345 0.912731 1.424685 1.706113 1.874005 2.184201 1.964546 1.255126 0.734266 0.462952 0.278393 0.148689 0.070597 0.029560 0.011340 0.006965 0.011680 0.021738 0.032505 0.039093 0.038369 
0.034995 0.025215 0.014514 0.007237 -0.000020 0.057977 -0.074611 -0.003539 0.579717 1.197524 1.579591 1.772271 2.095334 2.135594 1.586266 0.963503 0.587765 0.363816 0.207090 0.105012 0.047226 0.018719 0.008017 0.008655 0.016620 0.027644 0.036713 0.039587 
0.037940 0.030220 0.019437 0.010873 -0.004548 0.052802 -0.033774 -0.103098 0.283770 0.918088 1.412230 1.659633 1.969153 2.189162 1.870109 1.244007 0.756660 0.467387 0.278622 0.150514 0.072459 0.030747 0.011950 0.007420 0.012255 0.022376 0.032953 0.039083 
0.039333 0.034463 0.024551 0.016012 -0.005934 0.042118 0.007357 -0.125460 0.059405 0.618451 1.196002 1.528167 1.825582 2.146540 2.068017 1.539713 0.975574 0.599460 0.365422 0.208311 0.106944 0.048739 0.019565 0.008514 0.009177 0.017259 0.028221 0.036927 
0.039040 0.037528 0.029335 0.021957 -0.003711 0.028443 0.036995 -0.098761 -0.079800 0.336615 0.937899 1.366428 1.673932 2.035996 2.163501 1.808345 1.234141 0.769758 0.472825 0.279899 0.152232 0.074212 0.031887 0.012576 0.007918 0.012858 0.023022 0.033362 
0.037100 0.039119 0.033330 0.027933 0.001895 0.015317 0.050757 -0.050223 -0.138962 0.105299 0.658852 1.167292 1.513360 1.884284 2.160082 2.013304 1.507515 0.981018 0.608291 0.368205 0.209860 0.108760 0.050173 0.020399 0.009047 0.009735 0.017918 0.028774 
0.033725 0.039086 0.036176 0.033211 0.009982 0.005854 0.050090 -0.001263 -0.136218 -0.055493 0.387714 0.933368 1.337219 1.710713 2.075005 2.131569 1.762998 1.225045 0.778074 0.478030 0.281876 0.153996 0.075865 0.032983 0.013218 0.008454 0.013492 0.023662 
0.029282 0.037439 0.037637 0.037227 0.019209 0.001872 0.039920 0.034864 -0.095700 -0.141166 0.153305 0.678267 1.139088 1.525116 1.931325 2.156429 1.968456 1.482649 0.983194 0.615066 0.371419 0.211718 0.110524 0.051535 0.021226 0.009611 0.010331 0.018591 
0.024253 0.034355 0.037614 0.039633 0.028133 0.003617 0.026284 0.053080 -0.041056 -0.160925 -0.022742 0.423803 0.918027 1.329579 1.750858 2.095511 2.099672 1.727258 1.216506 0.783570 0.482749 0.284255 0.155845 0.077444 0.034043 0.013876 0.009029 0.014157 
0.019204 0.030159 0.036140 0.040313 0.035510 0.009977 0.014435 0.054799 0.009229 -0.133247 -0.130379 0.194571 0.681249 1.122587 1.549797 1.965746 2.144663 1.930758 1.462155 0.983523 0.620369 0.374742 0.213799 0.112270 0.052840 0.022045 0.010206 0.010972 
0.014748 0.025304 0.033376 0.039349 0.040503 0.018995 0.007718 0.045358 0.044127 -0.080177 -0.172073 0.011880 0.443577 0.903684 1.337600 1.787401 2.104308 2.069548 1.697710 1.208404 0.787255 0.486970 0.286844 0.157772 0.078975 0.035073 0.014550 0.009656 
0.011519 0.020336 0.029602 0.036965 0.042758 0.028470 0.007241 0.031397 0.060127 -0.022076 -0.160606 -0.111065 0.224177 0.676905 1.118656 1.579112 1.989813 2.129062 1.898312 1.444538 0.982722 0.624592 0.378025 0.216024 0.114012 0.054102 0.022857 0.010854 
0.010167 0.015871 0.025207 0.033479 0.042372 0.036482 0.012183 0.018747 0.059629 0.026066 -0.114850 -0.171548 0.041871 0.451913 0.895442 1.355104 1.818394 2.105687 2.041565 1.672430 1.200669 0.789712 0.490738 0.289525 0.159755 0.080473 0.036074 0.015272 
0.011369 0.012565 0.020672 0.029266 0.039773 0.041728 0.020474 0.011175 0.048493 0.056267 -0.054919 -0.176964 -0.089416 0.242706 0.671661 1.124819 1.608748 2.005968 2.111753 1.869826 1.428949 0.981193 0.628005 0.381201 0.218329 0.115754 0.055324 0.023711 
0.015848 0.011103 0.016558 0.024730 0.035589 0.043652 0.029607 0.009998 0.033527 0.067250 0.002031 -0.142140 -0.163762 0.064541 0.454158 0.894394 1.377622 1.843787 2.102324 2.015658 1.650247 1.193250 0.791301 0.494112 0.292228 0.161773 0.081937 0.037109 
0.024414 0.012201 0.013491 0.020308 0.030509 0.042384 0.037325 0.014410 0.020488 0.062756 0.044510 -0.085373 -0.184192 -0.069775 0.253022 0.668902 1.138141 1.636658 2.016206 2.093834 1.844401 1.414868 0.979180 0.630793 0.384241 0.220673 0.117479 0.056577 
0.038002 0.016619 0.012155 0.016476 0.025199 0.038563 0.042086 0.022243 0.012925 0.049187 0.067588 -0.024315 -0.161437 -0.153031 0.079988 0.454292 0.899862 1.402271 1.864172 2.095903 1.991630 1.630404 1.186111 0.792257 0.497144 0.294911 0.163790 0.083436 
0.057712 0.025196 0.013289 0.013765 0.020257 0.033111 0.043245 0.030849 0.011887 0.033289 0.072175 0.027289 -0.111067 -0.185311 -0.054182 0.258232 0.669972 1.156130 1.661993 2.022038 2.075886 1.821400 1.401953 0.976842 0.633091 0.387138 0.223004 0.119248 
0.084853 0.038878 0.017694 0.012775 0.016216 0.027024 0.040995 0.037868 0.016322 0.020402 0.063203 0.061416 -0.049903 -0.173860 -0.142407 0.089609 0.454800 0.910588 1.427289 1.880290 2.087504 1.969263 1.612384 1.179227 0.792741 0.499887 0.297524 0.165848 
0.120973 0.058766 0.026253 0.014190 0.013575 0.021225 0.036147 0.041733 0.023892 0.013522 0.047376 0.076001 0.007336 -0.131308 -0.183204 -0.043046 0.260880 0.675080 1.176901 1.684513 2.024579 2.058213 1.800359 1.389972 0.974280 0.635003 0.389870 0.225351 
0.167891 0.086158 0.039953 0.018790 0.012849 0.016491 0.029853 0.041869 0.031879 0.013179 0.031103 0.073850 0.050416 -0.072829 -0.181263 -0.133596 0.095133 0.457027 0.925266 1.451650 1.892850 2.077832 1.948352 1.595828 1.172574 0.792874 0.502359 0.300093 
0.227683 0.122583 0.059925 0.027469 0.014622 0.013455 0.023340 0.038611 0.037962 0.017951 0.019038 0.060749 0.074609 -0.013058 -0.146559 -0.180062 -0.035877 0.262787 0.683879 1.199106 1.704277 2.024649 2.040973 1.780932 1.378757 0.971576 0.636586 0.392468 
0.302615 0.169828 0.087479 0.041246 0.019585 0.012657 0.017724 0.032966 0.040707 0.025319 0.013417 0.043375 0.080370 0.036505 -0.092308 -0.185521 -0.127279 0.098151 0.461566 0.942749 1.474791 1.902469 2.067356 1.928719 1.580470 1.166142 0.792721 0.504610 
0.394962 0.229917 0.124139 0.061291 0.028574 0.014622 0.013919 0.026282 0.039728 0.032578 0.014135 0.027516 0.071980 0.069056 -0.032352 -0.157847 -0.177299 -0.031812 0.265137 0.695800 1.221816 1.721479 2.022853 2.024239 1.762854 1.368193 0.968768 0.637901 
0.506695 0.305031 0.171662 0.088949 0.042587 0.019942 0.012637 0.019965 0.035579 0.037564 0.019379 0.016940 0.055672 0.082828 0.021363 -0.108354 -0.188190 -0.123488 0.099949 0.468550 0.962102 1.496433 1.909665 2.056392 1.910206 1.566119 1.159911 0.792344 
0.639021 0.397326 0.232014 0.125761 0.062803 0.029347 0.014460 0.015266 0.029476 0.039093 0.026503 0.013013 0.037753 0.080328 0.060627 -0.049731 -0.166339 -0.175681 -0.029915 0.268630 0.710229 1.244405 1.736362 2.019643 2.008037 1.745928 1.358185 0.965888 
