0.050359 0.144979 0.276023 0.335907 1.301330 1.873203 1.992701 1.994302 1.877797 1.808127 0.843472 0.282803 0.150038 0.069890 0.028659 0.010408 0.003319 0.001093 0.001490 0.004031 0.008157 0.012497 0.015248 0.015159 0.012286 0.007944 0.003891 -0.011288 
0.015414 0.093116 0.219396 0.192773 0.867812 1.643813 1.947689 2.008264 1.930195 1.954835 1.275301 0.509650 0.209843 0.105099 0.046402 0.018139 0.006256 0.001878 0.001024 0.002562 0.006067 0.010525 0.014227 0.015552 0.013906 0.010079 0.007308 -0.013301 
-0.005067 0.048193 0.175369 0.118376 0.517672 1.314828 1.826163 1.995307 1.956391 2.030537 1.625833 0.834245 0.335364 0.151715 0.071946 0.030223 0.011259 0.003626 0.001152 0.001547 0.004196 0.008391 0.012674 0.015261 0.015002 0.011860 0.010924 -0.009162 
-0.013260 0.012323 0.134802 0.089837 0.268292 0.951978 1.613270 1.936743 1.961716 2.053320 1.876545 1.193450 0.545400 0.230555 0.107075 0.048239 0.019324 0.006798 0.002030 0.001068 0.002678 0.006282 0.010744 0.014323 0.015491 0.013155 0.013786 -0.002142 
-0.012289 -0.012580 0.094493 0.084392 0.115910 0.612934 1.324851 1.812319 1.940901 2.041065 2.028223 1.530617 0.827775 0.364057 0.160734 0.073917 0.031733 0.012091 0.003939 0.001227 0.001624 0.004373 0.008624 0.012835 0.015345 0.013953 0.015540 0.005221 
-0.005686 -0.025855 0.055603 0.084240 0.041963 0.337561 0.996949 1.613446 1.880162 2.005109 2.095239 1.805075 1.149305 0.563366 0.247832 0.111747 0.050008 0.020476 0.007335 0.002195 0.001131 0.002811 0.006503 0.010942 0.014578 0.014276 0.016235 0.011279 
0.003197 -0.028474 0.021477 0.078786 0.020867 0.144288 0.672616 1.348920 1.764525 1.946988 2.097711 1.995858 1.468461 0.822535 0.383168 0.170496 0.076851 0.033193 0.012905 0.004255 0.001320 0.001719 0.004564 0.008823 0.013252 0.014145 0.016120 0.015258 
0.011679 -0.022841 -0.004418 0.064535 0.027159 0.031964 0.389955 1.043355 1.585865 1.859724 2.053921 2.099977 1.746976 1.119678 0.574515 0.261954 0.117425 0.052101 0.021595 0.007866 0.002371 0.001214 0.002965 0.006672 0.011480 0.013563 0.015487 0.017089 
0.018023 -0.012199 -0.019946 0.043349 0.040574 -0.014587 0.174033 0.730517 1.348192 1.732752 1.975340 2.126831 1.957763 1.423060 0.818021 0.397230 0.179789 0.080411 0.034751 0.013701 0.004576 0.001429 0.001845 0.004681 0.009416 0.012541 0.014565 0.017165 
0.021479 0.000102 -0.024953 0.019960 0.048510 -0.017479 0.033740 0.444626 1.068493 1.558218 1.865433 2.091156 2.088002 1.699204 1.097510 0.582207 0.273752 0.123385 0.054504 0.022735 0.008391 0.002557 0.001334 0.003025 0.007250 0.011116 0.013481 0.016083 
0.022127 0.011250 -0.021171 -0.000451 0.046052 0.000864 -0.036827 0.212560 0.773328 1.336170 1.722012 2.006904 2.137784 1.920215 1.387558 0.814003 0.408218 0.188383 0.084306 0.036442 0.014499 0.004898 0.001582 0.001863 0.005182 0.009371 0.012269 0.014433 
0.020601 0.019382 -0.011603 -0.014034 0.034262 0.022521 -0.053866 0.048944 0.492685 1.076874 1.541710 1.883710 2.115900 2.068385 1.658999 1.079809 0.587867 0.283831 0.129318 0.057133 0.023928 0.008913 0.002790 0.001343 0.003414 0.007438 0.010912 0.012660 
0.017776 0.023712 0.000320 -0.019160 0.017619 0.036473 -0.038072 -0.045077 0.253258 0.799698 1.324646 1.726436 2.034768 2.137377 1.884917 1.358498 0.810350 0.417158 0.196283 0.088353 0.038257 0.015309 0.005267 0.001627 0.002134 0.005495 0.009391 0.011012 
0.014497 0.024410 0.011527 -0.016452 0.001470 0.038721 -0.009242 -0.079742 0.073077 0.529165 1.077567 1.537223 1.906318 2.130456 2.045392 1.624424 1.065054 0.592215 0.292603 0.135089 0.059911 0.025170 0.009488 0.002928 0.001524 0.003748 0.007727 0.009558 
0.011406 0.022303 0.019855 -0.008200 -0.009907 0.030747 0.017556 -0.072407 -0.041241 0.289582 0.814459 1.318715 1.739890 2.057037 2.129912 1.852208 1.333923 0.806981 0.424646 0.203554 0.092446 0.040158 0.016188 0.005564 0.001773 0.002416 0.006006 0.008254 
0.008862 0.018522 0.024280 0.002534 -0.014349 0.017151 0.033748 -0.042567 -0.094281 0.099914 0.554598 1.076972 1.542306 1.928998 2.137297 2.021133 1.594147 1.052376 0.595658 0.300352 0.140647 0.062762 0.026505 0.010022 0.003114 0.001726 0.004379 0.007017 
0.006962 0.014180 0.024839 0.012799 -0.011955 0.003264 0.037064 -0.007484 -0.099163 -0.029745 0.318795 0.822915 1.319470 1.757951 2.073705 2.118068 1.821988 1.312630 0.803841 0.431055 0.210272 0.096501 0.042162 0.017067 0.005878 0.001915 0.003054 0.005797 
0.005623 0.010141 0.022347 0.020409 -0.004575 -0.006668 0.029957 0.020681 -0.073460 -0.099344 0.125077 0.571801 1.078452 1.554051 1.949752 2.138442 1.996688 1.567238 1.041235 0.598447 0.307287 0.145958 0.065676 0.027876 0.010569 0.003259 0.002284 0.004623 
0.004683 0.006921 0.018012 0.024258 0.005056 -0.010461 0.017382 0.035927 -0.034922 -0.117690 -0.014921 0.340948 0.829008 1.326239 1.777778 2.085402 2.103527 1.794032 1.293834 0.800888 0.436638 0.216491 0.100507 0.044214 0.017973 0.006122 0.002357 0.003621 
0.004005 0.004696 0.013072 0.024316 0.014196 -0.008123 0.004623 0.037829 0.001992 -0.099498 -0.097943 0.146490 0.583831 1.083335 1.569998 1.967778 2.135417 1.972617 1.543027 1.031274 0.600750 0.313545 0.151038 0.068604 0.029295 0.011036 0.003611 0.003014 
0.003547 0.003390 0.008525 0.021365 0.020781 -0.001346 -0.004308 0.029856 0.028117 -0.061634 -0.129081 0.000159 0.357390 0.835188 1.337777 1.797655 2.092902 2.087366 1.768092 1.276997 0.798097 0.441560 0.222282 0.104430 0.046318 0.018812 0.006470 0.003114 
0.003405 0.002807 0.004995 0.016623 0.023766 0.007322 -0.007468 0.017262 0.039988 -0.019546 -0.119943 -0.092959 0.163704 0.593190 1.091821 1.588295 1.982877 2.129351 1.949207 1.521020 1.022252 0.602671 0.319243 0.155889 0.071549 0.030669 0.011518 0.004318 
0.003822 0.002757 0.002721 0.011369 0.023143 0.015337 -0.005013 0.005148 0.038908 0.015329 -0.085667 -0.135161 0.013769 0.369804 0.842775 1.352794 1.816599 2.096941 2.070284 1.743936 1.261737 0.795443 0.445948 0.227689 0.108286 0.048393 0.019599 0.007132 
0.005196 0.003161 0.001653 0.006654 0.019704 0.020808 0.001348 -0.002883 0.029195 0.036796 -0.041607 -0.135217 -0.086584 0.177170 0.601659 1.103562 1.607630 1.995145 2.121074 1.926592 1.500849 1.013990 0.604291 0.324461 0.160549 0.074452 0.031955 0.012221 
0.008085 0.004113 0.001594 0.003148 0.014672 0.022826 0.009175 -0.005306 0.016216 0.043746 -0.000505 -0.106193 -0.137791 0.025201 0.379737 0.852340 1.370165 1.834086 2.098161 2.052740 1.721360 1.247774 0.792907 0.449886 0.232778 0.112050 0.050358 0.020500 
0.013237 0.005917 0.002344 0.001125 0.009331 0.021475 0.016104 -0.002566 0.004704 0.038953 0.029300 -0.062610 -0.146315 -0.080238 0.187711 0.610386 1.117990 1.627106 2.004810 2.111196 1.904826 1.482227 1.006360 0.605657 0.329285 0.165035 0.077225 0.033248 
0.021656 0.009109 0.003837 0.000556 0.004736 0.017592 0.020452 0.003527 -0.002303 0.027316 0.044409 -0.017680 -0.123185 -0.138511 0.034396 0.388432 0.863999 1.388974 1.849873 2.097098 2.035039 1.700185 1.234898 0.790467 0.453456 0.237605 0.115651 0.052241 
0.034694 0.014473 0.006224 0.001264 0.001561 0.012414 0.021495 0.010602 -0.003820 0.014073 0.045760 0.018791 -0.081705 -0.154377 -0.074699 0.196223 0.620039 1.134496 1.646133 2.012146 2.100168 1.883916 1.464934 0.999255 0.606816 0.333793 0.169310 0.079843 
