0.244525 0.245358 0.205877 0.153809 0.128855 0.165705 0.154845 1.085926 1.674433 1.871378 2.004535 2.045440 2.117895 1.242884 0.700150 0.517409 0.342716 0.195703 0.090679 0.031135 0.007142 0.001112 -0.000406 0.002206 0.019992 0.063635 0.130346 0.199704 
0.227613 0.249981 0.227191 0.176454 0.133606 0.153244 0.042533 0.663207 1.429125 1.780879 1.949488 2.021044 2.200101 1.638855 0.926518 0.607773 0.426602 0.263961 0.137506 0.056463 0.016893 0.003563 -0.000164 -0.000997 0.007867 0.038930 0.096660 0.168092 
0.202496 0.244441 0.242080 0.200836 0.147219 0.159719 0.006465 0.334715 1.097936 1.627895 1.877315 1.971828 2.203110 1.938364 1.233487 0.749949 0.514872 0.340758 0.195057 0.091800 0.033398 0.009027 0.001338 -0.001792 0.000660 0.020065 0.066082 0.133865 
0.171516 0.229007 0.248121 0.223005 0.165763 0.174188 0.022904 0.116218 0.745483 1.397983 1.771969 1.907476 2.149473 2.125754 1.558258 0.960661 0.624790 0.424263 0.262602 0.137822 0.058345 0.019127 0.004613 -0.000925 -0.002685 0.007036 0.040353 0.099867 
0.137462 0.205059 0.244093 0.239578 0.186176 0.189939 0.067971 0.002567 0.427947 1.106548 1.614786 1.826411 2.061689 2.205585 1.845769 1.226744 0.775807 0.519668 0.338823 0.194549 0.093051 0.035648 0.010748 0.001372 -0.003240 -0.000774 0.020420 0.068593 
0.103186 0.174831 0.230019 0.247947 0.205731 0.203774 0.121885 -0.026079 0.183604 0.788542 1.397743 1.717642 1.955472 2.196601 2.058078 1.515245 0.976926 0.638326 0.424674 0.261339 0.138288 0.060287 0.021258 0.005464 -0.001819 -0.004348 0.006450 0.041920 
0.071256 0.141066 0.207083 0.246501 0.221807 0.214744 0.171089 0.003197 0.029356 0.485541 1.129306 1.567951 1.836145 2.123493 2.177878 1.786097 1.221120 0.792008 0.525210 0.337971 0.194182 0.094416 0.037868 0.012297 0.001228 -0.004750 -0.002033 0.020960 
0.043669 0.106635 0.177399 0.234806 0.231950 0.222849 0.208446 0.062887 -0.037477 0.234001 0.833063 1.369935 1.699654 2.008939 2.206457 2.003637 1.486626 0.986274 0.648664 0.426159 0.260574 0.138897 0.062270 0.023270 0.006126 -0.002848 -0.005926 0.006051 
0.021691 0.074177 0.143687 0.213635 0.234158 0.228062 0.232042 0.130017 -0.033775 0.057314 0.541306 1.127393 1.537348 1.868268 2.157740 2.144321 1.743049 1.216108 0.803081 0.530297 0.337878 0.194104 0.095880 0.040038 0.013677 0.000902 -0.006269 -0.003143 
0.005818 0.045806 0.108877 0.184839 0.227224 0.229851 0.243303 0.188750 0.016261 -0.037343 0.286548 0.856366 1.342250 1.707989 2.050865 2.199512 1.959394 1.465339 0.992064 0.656643 0.428007 0.260297 0.139694 0.064274 0.025159 0.006589 -0.003970 -0.007419 
-0.004145 0.022927 0.075730 0.151055 0.211001 0.227184 0.245077 0.230769 0.087645 -0.057728 0.093861 0.581949 1.114326 1.527977 1.903706 2.173784 2.111195 1.709769 1.211470 0.811006 0.534709 0.338264 0.194348 0.097446 0.042148 0.014873 0.000421 -0.007780 
-0.008892 0.006175 0.046513 0.115315 0.186499 0.218879 0.240156 0.254025 0.159488 -0.022162 -0.023996 0.332369 0.862978 1.325892 1.729048 2.080328 2.184844 1.922591 1.448390 0.995717 0.662876 0.429920 0.260429 0.140696 0.066294 0.026908 0.006865 -0.005159 
-0.009376 -0.004518 0.022786 0.080616 0.155757 0.204077 0.230444 0.260641 0.217645 0.046186 -0.067854 0.132406 0.606135 1.101905 1.533954 1.935534 2.178433 2.080211 1.682799 1.207074 0.816811 0.538465 0.338955 0.194896 0.099118 0.044183 0.015884 -0.000184 
-0.006536 -0.009752 0.005318 0.049537 0.121540 0.182661 0.216781 0.254692 0.255201 0.124738 -0.050121 -0.001908 0.366516 0.861985 1.321738 1.754579 2.099623 2.166721 1.891294 1.434254 0.997953 0.667783 0.431779 0.260891 0.141902 0.068321 0.028505 0.006991 
-0.001061 -0.010430 -0.005861 0.023955 0.086898 0.155476 0.199248 0.240412 0.271318 0.195519 0.009424 -0.066041 0.166423 0.618715 1.095226 1.549133 1.961844 2.175987 2.051709 1.660182 1.202837 0.821098 0.541641 0.339847 0.195720 0.100891 0.046125 0.016749 
0.006789 -0.007488 -0.011301 0.004906 0.054723 0.124288 0.177688 0.221112 0.269203 0.247206 0.088643 -0.066799 0.022713 0.389542 0.859796 1.327329 1.780310 2.111218 2.147254 1.864173 1.422059 0.999182 0.671662 0.433536 0.261622 0.143298 0.070334 0.029992 
0.017274 -0.001657 -0.011897 -0.007399 0.027346 0.091526 0.152235 0.198816 0.253918 0.275275 0.167534 -0.019697 -0.056708 0.193199 0.625009 1.095381 1.569078 1.982623 2.169126 2.025593 1.640711 1.198701 0.824248 0.544322 0.340880 0.196789 0.102738 0.048020 
0.031171 0.006722 -0.008619 -0.013429 0.006294 0.059870 0.123646 0.174460 0.230586 0.280734 0.231341 0.055141 -0.074067 0.045508 0.404284 0.859780 1.339749 1.804231 2.117129 2.127528 1.840293 1.411261 0.999658 0.674725 0.435182 0.262580 0.144847 0.072383 
0.049681 0.017808 -0.002265 -0.014090 -0.007799 0.031807 0.093378 0.148389 0.203270 0.268102 0.271888 0.137367 -0.040561 -0.044180 0.212806 0.628972 1.101700 1.590938 1.998493 2.159533 2.001635 1.623599 1.194626 0.826517 0.546586 0.342022 0.198055 0.104708 
0.074301 0.032270 0.006740 -0.010442 -0.015109 0.009258 0.063412 0.120900 0.174586 0.243317 0.287284 0.210053 0.026614 -0.074946 0.064415 0.413819 0.863273 1.356530 1.825530 2.118880 2.108101 1.818984 1.401504 0.999550 0.677131 0.436729 0.263711 0.146592 
0.106664 0.051222 0.018462 -0.003416 -0.016405 -0.006649 0.035919 0.092631 0.145862 0.212047 0.280450 0.261945 0.108099 -0.054281 -0.031521 0.226611 0.633070 1.112933 1.612986 2.010221 2.148283 1.979588 1.608303 1.190585 0.828088 0.548507 0.343233 0.199548 
0.148425 0.076108 0.033482 0.006412 -0.012753 -0.015628 0.012867 0.064710 0.117628 0.178677 0.257112 0.288115 0.186089 0.003766 -0.072322 0.079004 0.420665 0.870478 1.375812 1.844000 2.117597 2.089259 1.799750 1.392542 0.998972 0.679009 0.438171 0.265040 
0.201196 0.108555 0.052850 0.018959 -0.005207 -0.018112 -0.004299 0.038654 0.090152 0.145979 0.223824 0.289242 0.247139 0.081648 -0.062705 -0.020451 0.236316 0.638631 1.127788 1.634230 2.018540 2.136074 1.959217 1.594441 1.186556 0.829100 0.550127 0.344541 
0.266530 0.150259 0.077976 0.034689 0.005468 -0.014999 -0.014848 0.016110 0.063862 0.115314 0.186455 0.269973 0.283614 0.161751 -0.013854 -0.068392 0.089739 0.426618 0.881049 1.396275 1.859732 2.114106 2.071135 1.782218 1.384195 0.998018 0.680440 0.439554 
0.345948 0.202896 0.110493 0.054574 0.018984 -0.007343 -0.018775 -0.001469 0.039524 0.087127 0.149337 0.236949 0.293731 0.229401 0.058815 -0.067707 -0.011670 0.243485 0.646234 1.145133 1.654139 2.024087 2.123364 1.940315 1.581725 1.182531 0.829642 0.551514 
0.440917 0.268091 0.152134 0.079992 0.035621 0.003959 -0.016651 -0.013082 0.018201 0.061499 0.115057 0.196996 0.280479 0.274848 0.138600 -0.027266 -0.064578 0.097458 0.432841 0.894421 1.417018 1.872947 2.109016 2.053782 1.766096 1.376340 0.996742 0.681508 
0.552742 0.347395 0.204635 0.112592 0.056218 0.018409 -0.009368 -0.018331 0.001057 0.038568 0.084730 0.155834 0.249877 0.293991 0.210426 0.039598 -0.070841 -0.005229 0.249375 0.656003 1.164053 1.672465 2.027395 2.110456 1.922697 1.569948 1.178495 0.829795 
0.682305 0.442245 0.269676 0.154155 0.082085 0.036059 0.002168 -0.017394 -0.010902 0.018731 0.058531 0.117414 0.209097 0.287894 0.263116 0.117463 -0.037628 -0.061658 0.103070 0.440011 0.909983 1.437444 1.883913 2.102778 2.037200 1.751161 1.368878 0.995189 
