0.114968 0.114063 0.123092 0.172639 0.160279 1.087454 1.675149 1.868938 1.985511 1.990687 2.015830 1.100899 0.545038 0.383287 0.253947 0.155957 0.084916 0.038068 0.012575 0.002639 0.000310 -0.000234 0.000967 0.008882 0.028282 0.057932 0.088852 0.106318 
0.111837 0.113274 0.113513 0.155604 0.049017 0.666301 1.430540 1.781695 1.941149 1.985603 2.120768 1.513481 0.773705 0.460111 0.314698 0.201584 0.117412 0.058823 0.023377 0.006657 0.001251 -0.000180 -0.000473 0.003489 0.017301 0.042948 0.075073 0.098687 
0.106726 0.112705 0.108162 0.153143 0.011827 0.339290 1.100056 1.630080 1.875797 1.952037 2.145992 1.833686 1.090320 0.595886 0.383367 0.254523 0.156300 0.085224 0.038759 0.013602 0.003457 0.000393 -0.000858 0.000277 0.008915 0.029315 0.060075 0.088188 
0.099027 0.111031 0.104243 0.153940 0.023887 0.121395 0.748516 1.400607 1.774123 1.899203 2.112297 2.043721 1.430887 0.807863 0.479167 0.315117 0.202018 0.117686 0.059328 0.024304 0.007645 0.001698 -0.000531 -0.001229 0.003126 0.017820 0.045025 0.075328 
0.088640 0.107378 0.100576 0.151560 0.060468 0.006440 0.431834 1.109383 1.618419 1.825661 2.040959 2.146042 1.738578 1.082584 0.622935 0.390774 0.254972 0.156605 0.085590 0.039521 0.014635 0.004207 0.000392 -0.001511 -0.000344 0.008909 0.031035 0.061002 
0.075933 0.101201 0.096754 0.143827 0.101381 -0.026474 0.187618 0.791673 1.401626 1.721033 1.947087 2.157569 1.973376 1.386038 0.824323 0.494809 0.318193 0.202370 0.117980 0.059908 0.025271 0.008594 0.002061 -0.000944 -0.001938 0.002674 0.018992 0.046310 
0.061666 0.092282 0.092538 0.131481 0.133280 -0.005290 0.031827 0.488908 1.132967 1.572999 1.836006 2.101662 2.115865 1.676504 1.076155 0.640454 0.398902 0.256352 0.156885 0.086014 0.040344 0.015665 0.004886 0.000307 -0.002142 -0.001096 0.009458 0.032363 
0.046850 0.080769 0.087574 0.116652 0.149927 0.042035 -0.039227 0.236995 0.836441 1.375111 1.704172 2.000266 2.165459 1.916308 1.355749 0.834036 0.507303 0.322242 0.203044 0.118300 0.060555 0.026267 0.009501 0.002331 -0.001354 -0.002807 0.002637 0.020111 
0.032583 0.067199 0.081387 0.101588 0.150935 0.092652 -0.043282 0.058481 0.544315 1.131977 1.543762 1.868581 2.134656 2.079810 1.631173 1.070520 0.652960 0.406540 0.258336 0.157297 0.086496 0.041221 0.016684 0.005480 0.000209 -0.002943 -0.001589 0.010216 
0.019868 0.052444 0.073541 0.087845 0.139716 0.131500 -0.005027 -0.040409 0.288669 0.860131 1.348740 1.713515 2.041734 2.156457 1.869493 1.332960 0.840348 0.517473 0.326543 0.204037 0.118705 0.061266 0.027286 0.010340 0.002580 -0.001930 -0.003572 0.002993 
0.009468 0.037591 0.063842 0.075997 0.121291 0.151647 0.050593 -0.068276 0.093832 0.584757 1.119915 1.535697 1.904311 2.149306 2.044171 1.595736 1.065437 0.662417 0.413455 0.260643 0.157885 0.087053 0.042147 0.017665 0.006054 -0.000034 -0.003777 -0.001578 
0.001810 0.023764 0.052479 0.065777 0.100511 0.152895 0.103347 -0.043963 -0.028324 0.333765 0.867258 1.333702 1.735456 2.070575 2.139651 1.830187 1.314676 0.844670 0.525917 0.330792 0.205273 0.119228 0.062047 0.028297 0.011169 0.002717 -0.002648 -0.003783 
-0.003031 0.011942 0.040048 0.056449 0.080938 0.139445 0.140341 0.009323 -0.079450 0.131295 0.608892 1.108566 1.542909 1.936271 2.152430 2.010675 1.566744 1.060766 0.669840 0.419654 0.263098 0.158643 0.087709 0.043094 0.018648 0.006557 -0.000494 -0.004057 
-0.005288 0.002814 0.027458 0.047237 0.064441 0.117393 0.156382 0.069552 -0.072503 -0.007434 0.367334 0.866896 1.330860 1.761740 2.089090 2.119324 1.796465 1.299374 0.847711 0.533043 0.334863 0.206680 0.119886 0.062880 0.029327 0.011973 0.002596 -0.002849 
-0.005386 -0.003305 0.015744 0.037670 0.051371 0.092662 0.152615 0.119870 -0.027366 -0.078681 0.164351 0.621565 1.103013 1.559241 1.962555 2.148344 1.979674 1.542241 1.056418 0.675816 0.425204 0.265598 0.159559 0.088452 0.044079 0.019653 0.006793 -0.000502 
-0.003815 -0.006466 0.005860 0.027735 0.041071 0.069684 0.134226 0.150554 0.034262 -0.089817 0.016062 0.389928 0.865442 1.337742 1.788088 2.099757 2.097604 1.767006 1.286176 0.849868 0.539134 0.338705 0.208212 0.120664 0.063772 0.030420 0.012527 0.002844 
-0.000986 -0.007013 -0.001497 0.017865 0.032494 0.050886 0.107981 0.158967 0.093381 -0.056522 -0.070376 0.190290 0.628087 1.104336 1.580250 1.983150 2.139736 1.951084 1.521026 1.052325 0.680713 0.430178 0.268091 0.160606 0.089275 0.045164 0.020447 0.007307 
0.002877 -0.005442 -0.005985 0.008776 0.024709 0.036852 0.080198 0.148046 0.136714 0.001423 -0.097764 0.037816 0.404382 0.866253 1.351420 1.812489 2.104598 2.075586 1.740885 1.274540 0.851384 0.544389 0.342309 0.209829 0.121538 0.064795 0.031359 0.013271 
0.007815 -0.002255 -0.007627 0.001249 0.017216 0.026880 0.055462 0.124019 0.157875 0.064555 -0.077516 -0.058847 0.209185 0.632405 1.111848 1.603075 1.998684 2.128303 1.924691 1.502314 1.048442 0.684772 0.434649 0.270545 0.161740 0.090253 0.046158 0.021353 
0.014151 0.002193 -0.006722 -0.004076 0.010020 0.019683 0.036174 0.094078 0.156844 0.117309 -0.026573 -0.099352 0.055771 0.413768 0.870654 1.369414 1.834128 2.105147 2.053843 1.717439 1.264103 0.852414 0.548958 0.345685 0.211478 0.122573 0.065794 0.032347 
0.022469 0.007791 -0.003710 -0.006830 0.003526 0.013998 0.022752 0.064519 0.138249 0.150120 0.036480 -0.091450 -0.047150 0.222408 0.636977 1.124289 1.625983 2.009928 2.115132 1.900258 1.485565 1.044729 0.688163 0.438688 0.272919 0.163009 0.091267 0.047165 
0.033565 0.014733 0.000993 -0.006954 -0.001666 0.008977 0.014249 0.039640 0.109116 0.159873 0.095086 -0.049014 -0.097457 0.069503 0.420599 0.878836 1.389855 1.852798 2.102540 2.032672 1.696179 1.254613 0.853060 0.552963 0.348821 0.213193 0.123683 0.066790 
0.048378 0.023512 0.007139 -0.004635 -0.004980 0.004327 0.009098 0.021434 0.076718 0.148937 0.137394 0.011079 -0.100161 -0.036995 0.231658 0.643120 1.140354 1.647976 2.017620 2.100934 1.877560 1.470395 1.041155 0.691017 0.442327 0.275242 0.164361 0.092278 
0.067949 0.034884 0.014751 -0.000177 -0.006014 0.000241 0.005767 0.009897 0.046959 0.123298 0.157512 0.072352 -0.066342 -0.094264 0.079481 0.426667 0.890439 1.411413 1.868590 2.097613 2.012221 1.676737 1.245887 0.853405 0.556472 0.351759 0.214952 0.124797 
0.093400 0.049800 0.024167 0.006151 -0.004607 -0.002796 0.003178 0.003716 0.023518 0.090394 0.155327 0.121624 -0.010841 -0.105511 -0.029072 0.238501 0.651403 1.158900 1.668520 2.022403 2.086179 1.856399 1.456516 1.037702 0.693411 0.445627 0.277524 0.165711 
0.125967 0.069354 0.036031 0.014251 -0.000799 -0.004221 0.000871 0.001039 0.007733 0.057199 0.135190 0.150821 0.050667 -0.079565 -0.091183 0.086549 0.433127 0.904886 1.433177 1.881725 2.090985 1.992552 1.658824 1.237794 0.853493 0.559559 0.354540 0.216680 
0.167061 0.094749 0.051250 0.024300 0.005273 -0.003575 -0.001060 0.000139 -0.000961 0.028900 0.103990 0.157478 0.104504 -0.029276 -0.109043 -0.023423 0.244190 0.661940 1.179000 1.687362 2.024817 2.071181 1.836601 1.443718 1.034347 0.695412 0.448654 0.279716 
0.218346 0.127303 0.070931 0.036785 0.013514 -0.000571 -0.002153 -0.000173 -0.004281 0.008316 0.069145 0.144042 0.141092 0.030862 -0.089832 -0.088982 0.091617 0.440652 0.921557 1.454545 1.892476 2.083117 1.973679 1.642220 1.230228 0.853357 0.562306 0.357150 
