0.009089 0.011612 0.027119 0.066616 0.019897 0.901302 1.462993 1.682151 1.883709 2.006767 2.133914 1.264499 0.689809 0.470310 0.281776 0.148451 0.069014 0.028440 0.010327 0.003599 0.003178 0.007312 0.014537 0.022223 0.027109 0.026950 0.021841 0.013410 
0.010394 0.008728 0.016367 0.057645 -0.072759 0.500564 1.224964 1.574772 1.792742 1.944727 2.194911 1.662366 0.932755 0.576189 0.369142 0.208377 0.103874 0.045919 0.017960 0.006174 0.002819 0.004859 0.010866 0.018730 0.025297 0.027648 0.024811 0.017112 
0.013121 0.008397 0.008343 0.058466 -0.095523 0.195018 0.909588 1.416348 1.692005 1.856459 2.167660 1.953272 1.250930 0.735782 0.466880 0.281727 0.150307 0.071147 0.029918 0.011013 0.003823 0.003343 0.007631 0.014960 0.022540 0.027121 0.026837 0.020839 
0.016606 0.010176 0.002098 0.058918 -0.074095 -0.003256 0.578279 1.191856 1.568077 1.755889 2.077758 2.121460 1.578701 0.962575 0.590862 0.367587 0.209485 0.105986 0.047742 0.019001 0.006579 0.002987 0.005106 0.011264 0.019125 0.025439 0.027694 0.024053 
0.020202 0.013597 -0.001976 0.054237 -0.033070 -0.102512 0.283507 0.914737 1.403518 1.645226 1.951595 2.172917 1.859252 1.240086 0.758164 0.471078 0.281710 0.152079 0.073176 0.031332 0.011686 0.004069 0.003542 0.007972 0.015388 0.022789 0.027303 0.026349 
0.023333 0.018020 -0.003163 0.044071 0.008351 -0.124724 0.059846 0.616928 1.190011 1.516289 1.809041 2.129129 2.054272 1.532514 0.974771 0.602406 0.368927 0.210553 0.107995 0.049479 0.020006 0.006991 0.003186 0.005384 0.011682 0.019450 0.025730 0.027475 
0.025550 0.022660 -0.001123 0.030823 0.038380 -0.097892 -0.079003 0.336387 0.934320 1.357341 1.659248 2.018453 2.147563 1.797891 1.230470 0.771228 0.476279 0.282763 0.153769 0.075107 0.032685 0.012347 0.004338 0.003772 0.008349 0.015752 0.023157 0.027338 
0.026582 0.026717 0.003802 0.017899 0.052580 -0.049151 -0.138010 0.105874 0.657218 1.160970 1.501132 1.867613 2.142856 1.999946 1.500658 0.980312 0.611074 0.371456 0.211975 0.109908 0.051135 0.020975 0.007412 0.003412 0.005708 0.012050 0.019857 0.025994 
0.026345 0.029531 0.010633 0.008277 0.052291 0.000106 -0.135174 -0.054501 0.387495 0.929543 1.327761 1.695777 2.057503 2.115948 1.752934 1.221597 0.779490 0.481248 0.284538 0.155529 0.076945 0.033981 0.012998 0.004625 0.004054 0.008696 0.016162 0.023619 
0.024924 0.030698 0.018014 0.003659 0.042309 0.036585 -0.094528 -0.140002 0.153990 0.676497 1.132427 1.512555 1.914550 2.139408 1.955481 1.476111 0.982561 0.617677 0.374431 0.213731 0.111785 0.052715 0.021913 0.007837 0.003688 0.006022 0.012430 0.020482 
0.022537 0.030118 0.024565 0.004211 0.028531 0.055121 -0.039676 -0.159699 -0.021570 0.423566 0.913938 1.319758 1.735695 2.078077 2.084375 1.717569 1.213253 0.784914 0.485736 0.286736 0.157398 0.078716 0.035224 0.013634 0.004952 0.004346 0.009021 0.016907 
0.019478 0.027969 0.029192 0.008804 0.016087 0.056999 0.010875 -0.131956 -0.129010 0.195343 0.679321 1.115583 1.536921 1.948897 2.127864 1.918161 1.455914 0.982939 0.622803 0.377528 0.215735 0.113659 0.054232 0.022815 0.008284 0.003989 0.006282 0.013246 
0.016080 0.024632 0.031282 0.015539 0.008242 0.047423 0.046026 -0.078763 -0.170659 0.013214 0.443296 0.899318 1.327422 1.772035 2.086964 2.054580 1.688378 1.205321 0.788513 0.489730 0.289167 0.159366 0.080444 0.036413 0.014270 0.005313 0.004551 0.009856 
0.012677 0.020594 0.030756 0.022355 0.006081 0.032905 0.062148 -0.020480 -0.159182 -0.109499 0.225013 0.674796 1.111307 1.565939 1.972914 2.112500 1.886086 1.438569 0.982164 0.626844 0.380604 0.217907 0.115544 0.055693 0.023693 0.008767 0.004174 0.007089 
0.009591 0.016355 0.027996 0.027540 0.008831 0.019190 0.061510 0.027843 -0.113379 -0.169944 0.043348 0.451564 0.890786 1.344580 1.802850 2.088457 2.026931 1.663438 1.197731 0.790869 0.493281 0.291713 0.161411 0.082137 0.037559 0.014938 0.005532 0.005297 
0.007136 0.012363 0.023687 0.030049 0.014551 0.010015 0.049849 0.058121 -0.053350 -0.175394 -0.087664 0.243580 0.669354 1.117124 1.595298 1.989045 2.095440 1.857961 1.423229 0.980641 0.630072 0.383589 0.220184 0.117437 0.057103 0.024597 0.009089 0.004848 
0.005624 0.008987 0.018646 0.029601 0.020930 0.006737 0.033877 0.068953 0.003707 -0.140594 -0.161968 0.066142 0.453717 0.889438 1.366764 1.828090 2.085226 2.001357 1.641577 1.190432 0.792346 0.496446 0.294304 0.163509 0.083792 0.038725 0.015434 0.006153 
0.005402 0.006519 0.013654 0.026576 0.025956 0.008667 0.019315 0.063955 0.046212 -0.083809 -0.182466 -0.067846 0.253911 0.666377 1.130101 1.622951 1.999284 2.077781 1.832888 1.409372 0.978616 0.632676 0.386457 0.222522 0.119319 0.058536 0.025329 0.009699 
0.006874 0.005208 0.009363 0.021808 0.028349 0.013819 0.009742 0.049433 0.069118 -0.022719 -0.159797 -0.151048 0.081694 0.453737 0.894598 1.391091 1.848347 2.078956 1.977662 1.622035 1.183392 0.793181 0.499281 0.296898 0.165618 0.085481 0.039735 0.016097 
0.010541 0.005313 0.006250 0.016324 0.027713 0.019778 0.006310 0.032088 0.073216 0.028855 -0.109487 -0.183422 -0.052090 0.259113 0.667214 1.147749 1.648050 2.005139 2.060101 1.810226 1.396659 0.976248 0.634791 0.389201 0.224865 0.121250 0.059845 0.026114 
0.017034 0.007157 0.004639 0.011122 0.024434 0.024437 0.008138 0.017280 0.063338 0.062783 -0.048367 -0.172113 -0.140240 0.091399 0.454109 0.905011 1.415801 1.864361 2.070725 1.955625 1.604298 1.176584 0.793536 0.501840 0.299443 0.167781 0.087088 0.040710 
0.027147 0.011176 0.004773 0.007027 0.019442 0.026473 0.013107 0.008095 0.046136 0.076885 0.008783 -0.129692 -0.181147 -0.040804 0.261730 0.672074 1.168184 1.670355 2.007726 2.042703 1.789510 1.384858 0.973641 0.636525 0.391799 0.227241 0.123145 0.061061 
0.041862 0.017965 0.006892 0.004630 0.013907 0.025507 0.018746 0.005219 0.028027 0.073867 0.051630 -0.071332 -0.179394 -0.131249 0.096987 0.456181 0.919372 1.439870 1.876840 2.061236 1.935039 1.588004 1.169987 0.793535 0.504141 0.301962 0.169942 0.088582 
0.062369 0.028311 0.011327 0.004319 0.008978 0.022002 0.022972 0.007441 0.013744 0.059456 0.075339 -0.011714 -0.144889 -0.177833 -0.033501 0.263585 0.680613 1.190062 1.689926 2.007862 2.025742 1.770395 1.373800 0.970878 0.637936 0.394282 0.229619 0.124932 
0.090087 0.043205 0.018572 0.006365 0.005603 0.016997 0.024550 0.012477 0.005666 0.040329 0.080265 0.037578 -0.090830 -0.183521 -0.124761 0.100049 0.460546 0.936535 1.462735 1.886401 2.050955 1.915724 1.572888 1.163592 0.793246 0.506235 0.304454 0.172010 
0.126669 0.063865 0.029336 0.011038 0.004464 0.011780 0.023227 0.017856 0.003887 0.022338 0.070625 0.069637 -0.031091 -0.156107 -0.174897 -0.029317 0.265861 0.692264 1.212452 1.706957 2.006151 2.009290 1.752614 1.363371 0.968002 0.639087 0.396677 0.231917 
0.173987 0.091733 0.044571 0.018721 0.006015 0.007606 0.019606 0.021616 0.006819 0.009384 0.052641 0.082598 0.022309 -0.106877 -0.186048 -0.120807 0.101869 0.467340 0.955569 1.484118 1.893561 2.040198 1.897523 1.558758 1.157380 0.792731 0.508176 0.306858 
0.234096 0.128473 0.065488 0.030003 0.010581 0.005509 0.014854 0.022712 0.012047 0.003015 0.032675 0.078900 0.061066 -0.048536 -0.164514 -0.173107 -0.027318 0.269260 0.706414 1.234732 1.721690 2.003043 1.993371 1.735967 1.353478 0.965044 0.640049 0.398961 
