0.007404 0.026709 0.066558 0.145104 0.277312 0.464750 0.683228 0.756720 1.624802 1.996966 1.874835 1.675912 1.460077 1.401155 0.521383 0.068603 0.028382 0.010533 0.004608 0.004935 0.008388 0.012548 0.015258 0.015161 0.012286 0.007944 0.003891 -0.000814 
0.001909 0.014488 0.041797 0.099123 0.204304 0.367151 0.592112 0.620650 1.252751 1.872671 1.945499 1.777487 1.548381 1.533222 0.907895 0.243423 0.045696 0.017967 0.006789 0.004381 0.006573 0.010650 0.014254 0.015557 0.013907 0.010079 0.005999 -0.000077 
-0.000408 0.006358 0.024390 0.064478 0.144506 0.277963 0.504184 0.530936 0.938223 1.631097 1.939190 1.869130 1.636190 1.617073 1.225452 0.517316 0.123310 0.029763 0.011282 0.005010 0.005242 0.008670 0.012740 0.015275 0.015004 0.012024 0.008289 0.001953 
-0.000368 0.001566 0.012617 0.039442 0.097813 0.199639 0.416007 0.469993 0.698881 1.332758 1.832413 1.924520 1.725933 1.673194 1.460827 0.832118 0.282756 0.067153 0.018996 0.007333 0.004726 0.006876 0.010897 0.014358 0.015478 0.013609 0.010481 0.004624 
0.001262 -0.000540 0.005120 0.022086 0.063196 0.134408 0.328121 0.421137 0.533813 1.032597 1.633529 1.914803 1.806995 1.719517 1.619053 1.136554 0.515717 0.154024 0.038513 0.012033 0.005435 0.005567 0.008956 0.012920 0.015292 0.014701 0.012386 0.007445 
0.003806 -0.000572 0.000877 0.010585 0.038878 0.083489 0.243852 0.372172 0.429212 0.770437 1.373020 1.822801 1.858358 1.764879 1.717040 1.395096 0.793742 0.304097 0.085140 0.022788 0.007893 0.005094 0.007190 0.011137 0.014476 0.015212 0.013872 0.010071 
0.006702 0.000889 -0.000880 0.003408 0.022692 0.046715 0.167676 0.316922 0.365169 0.567155 1.090829 1.649689 1.856709 1.805914 1.775222 1.590994 1.080455 0.515084 0.175043 0.048031 0.013828 0.005882 0.005911 0.009240 0.013132 0.015103 0.014849 0.012279 
0.009520 0.003290 -0.000753 -0.000611 0.012457 0.022586 0.103660 0.254924 0.321828 0.425951 0.824593 1.414239 1.785426 1.828798 1.809760 1.723897 1.342579 0.769603 0.318435 0.099936 0.027648 0.008858 0.005484 0.007505 0.011426 0.014396 0.015266 0.013940 
0.011957 0.006132 0.000745 -0.002298 0.006291 0.008654 0.054349 0.189837 0.283724 0.337074 0.601397 1.146723 1.640809 1.814914 1.827633 1.803760 1.557195 1.040865 0.514935 0.190909 0.057105 0.016326 0.006496 0.006257 0.009584 0.013173 0.015105 0.014990 
0.013822 0.008989 0.003146 -0.002230 0.002775 0.002056 0.020277 0.127293 0.241847 0.284027 0.434110 0.880465 1.433764 1.748035 1.825847 1.843533 1.714198 1.300230 0.752662 0.329144 0.112379 0.032847 0.010212 0.005931 0.007888 0.011586 0.014395 0.015412 
0.015023 0.011532 0.006009 -0.000840 0.000988 0.000047 0.000067 0.072843 0.193617 0.249449 0.322035 0.643920 1.186993 1.620457 1.794457 1.853068 1.814445 1.523914 1.010940 0.515059 0.203607 0.065500 0.019235 0.007292 0.006692 0.009848 0.013215 0.015230 
0.015537 0.013531 0.008936 0.001500 0.000420 0.000398 -0.009037 0.030455 0.141347 0.219439 0.254580 0.455329 0.929158 1.436158 1.721880 1.835916 1.865245 1.696985 1.265290 0.739946 0.337665 0.123074 0.038078 0.011846 0.006522 0.008243 0.011700 0.014500 
0.015398 0.014858 0.011589 0.004424 0.000828 0.001585 -0.010436 0.001784 0.090001 0.185762 0.216308 0.320819 0.688097 1.210317 1.600480 1.789487 1.875279 1.814044 1.492844 0.987235 0.515344 0.214170 0.073230 0.022348 0.008303 0.007166 0.010054 0.013320 
0.014687 0.015469 0.013710 0.007560 0.002082 0.002804 -0.007455 -0.013825 0.044950 0.146034 0.191790 0.235718 0.485090 0.965714 1.430543 1.707885 1.850761 1.877157 1.676495 1.235825 0.729950 0.344728 0.132443 0.043184 0.013712 0.007231 0.008563 0.011836 
0.013520 0.015396 0.015139 0.010551 0.004046 0.003816 -0.002812 -0.018784 0.010274 0.102408 0.169140 0.188073 0.331497 0.727377 1.221564 1.586022 1.793883 1.892342 1.806827 1.464311 0.967806 0.515722 0.223207 0.080340 0.025574 0.009495 0.007654 0.010252 
0.012060 0.014724 0.015808 0.013085 0.006514 0.004730 0.001670 -0.016426 -0.012140 0.059516 0.141749 0.163045 0.228228 0.517148 0.990687 1.423368 1.703628 1.866109 1.881710 1.654817 1.210506 0.721818 0.350758 0.140761 0.048122 0.015755 0.008020 0.008869 
0.010530 0.013590 0.015742 0.014927 0.009201 0.005782 0.005080 -0.010176 -0.022704 0.022366 0.108249 0.146911 0.167670 0.349611 0.759025 1.226080 1.578220 1.803229 1.904221 1.795441 1.438209 0.951458 0.516155 0.231090 0.086907 0.028859 0.010814 0.008152 
0.009256 0.012173 0.015037 0.015949 0.011776 0.007152 0.007250 -0.002889 -0.023640 -0.005271 0.071210 0.129818 0.137143 0.230206 0.547113 1.006917 1.418042 1.706226 1.879946 1.880887 1.633015 1.188402 0.715027 0.356012 0.148232 0.052883 0.017914 0.008853 
0.008740 0.010721 0.013849 0.016128 0.013919 0.008874 0.008481 0.003507 -0.018154 -0.021719 0.035204 0.106925 0.122763 0.155694 0.370797 0.783100 1.227847 1.576442 1.814684 1.911519 1.781543 1.414304 0.937420 0.516616 0.238068 0.093010 0.032160 0.012201 
0.009790 0.009588 0.012391 0.015550 0.015378 0.010815 0.009250 0.008080 -0.009586 -0.027498 0.004893 0.078050 0.112707 0.116457 0.238596 0.572893 1.017492 1.415939 1.713239 1.891452 1.876189 1.611629 1.168852 0.709236 0.360656 0.155013 0.057474 0.020118 
0.013688 0.009313 0.010945 0.014387 0.016013 0.012722 0.009983 0.010727 -0.000722 -0.024830 -0.016398 0.046284 0.099242 0.099784 0.151007 0.391957 0.800962 1.229359 1.579475 1.826530 1.914983 1.766186 1.392345 0.925164 0.517078 0.244321 0.098720 0.035417 
0.022384 0.010750 0.009903 0.012893 0.015815 0.014298 0.010917 0.011879 0.006584 -0.016843 -0.027395 0.016158 0.079315 0.093178 0.101679 0.250475 0.594035 1.024945 1.417299 1.722828 1.900413 1.868715 1.590933 1.151368 0.704205 0.364805 0.161234 0.061872 
0.038646 0.015218 0.009847 0.011406 0.014909 0.015290 0.012065 0.012180 0.011498 -0.006739 -0.028883 -0.008069 0.053898 0.086916 0.079892 0.151731 0.411336 0.814310 1.231975 1.586056 1.837781 1.915324 1.750047 1.372100 0.914316 0.517527 0.249993 0.104069 
0.066108 0.024675 0.011666 0.010384 0.013548 0.015550 0.013260 0.012222 0.014034 0.002868 -0.023180 -0.023620 0.026533 0.075413 0.073546 0.092341 0.263613 0.610987 1.031091 1.421811 1.733691 1.906905 1.859270 1.571053 1.135584 0.699765 0.368559 0.166968 
0.109110 0.041839 0.016705 0.010469 0.012111 0.015085 0.014248 0.012385 0.014750 0.010311 -0.013357 -0.029724 0.001616 0.057316 0.071897 0.063884 0.155964 0.428208 0.824712 1.236306 1.595084 1.847904 1.913160 1.733568 1.353362 0.904597 0.517960 0.255172 
0.172292 0.070207 0.026909 0.012602 0.011123 0.014075 0.014795 0.012788 0.014418 0.014934 -0.002436 -0.027504 -0.017099 0.034606 0.067431 0.055379 0.087403 0.276554 0.624574 1.037111 1.428940 1.744940 1.911138 1.848441 1.552035 1.121214 0.695797 0.371975 
0.259934 0.113901 0.044934 0.018152 0.011309 0.012878 0.014776 0.013337 0.013742 0.016912 0.007212 -0.019404 -0.027464 0.011113 0.056628 0.055895 0.051750 0.162120 0.442499 0.833431 1.242504 1.605665 1.856651 1.909003 1.717040 1.335949 0.895806 0.518369 
0.375101 0.177284 0.074145 0.029051 0.013679 0.012052 0.014244 0.013826 0.013194 0.016936 0.014176 -0.008416 -0.029264 -0.009042 0.039652 0.056688 0.039508 0.085684 0.288490 0.635697 1.043706 1.438106 1.755987 1.913366 1.836662 1.533876 1.108040 0.692212 
