0.020343 0.066685 0.145769 0.278609 0.340987 1.308078 1.878984 1.994256 1.989670 1.867633 1.795458 0.832016 0.275010 0.146153 0.068568 0.028509 0.011198 0.005905 0.006172 0.008238 0.009812 0.009713 0.007865 0.005085 0.002490 0.000829 0.000151 -0.005486 
0.004865 0.039421 0.099507 0.220996 0.196708 0.874055 1.650485 1.951602 2.006644 1.922419 1.942954 1.262932 0.499994 0.204173 0.102669 0.045695 0.018351 0.007856 0.005814 0.007267 0.009234 0.009981 0.008905 0.006451 0.003671 0.001537 0.001110 -0.006601 
-0.003755 0.018952 0.061789 0.178474 0.121148 0.522996 1.321684 1.831803 1.996532 1.951437 2.020256 1.613308 0.823074 0.327794 0.147855 0.070478 0.029917 0.012047 0.006398 0.006476 0.008403 0.009835 0.009615 0.007719 0.004980 0.002391 0.002234 -0.005142 
-0.007113 0.005082 0.031139 0.141883 0.092414 0.272467 0.958411 1.619918 1.940395 1.959745 2.045317 1.864692 1.181322 0.536016 0.225004 0.104565 0.047361 0.019455 0.008507 0.006206 0.007501 0.009326 0.009935 0.008773 0.006331 0.003381 0.003215 -0.002550 
-0.006926 -0.002748 0.007525 0.106538 0.088458 0.119204 0.618494 1.331793 1.817797 1.941792 2.035806 2.017848 1.518249 0.816882 0.356689 0.156880 0.072301 0.031288 0.012900 0.006907 0.006787 0.008566 0.009852 0.009514 0.007615 0.004508 0.003998 0.000183 
-0.004783 -0.005599 -0.008704 0.071668 0.091395 0.045263 0.342098 1.003555 1.620046 1.883542 2.002795 2.087032 1.793269 1.137419 0.554237 0.242381 0.109145 0.048966 0.020545 0.009169 0.006610 0.007738 0.009412 0.009878 0.008716 0.005737 0.004666 0.002502 
-0.001949 -0.004905 -0.017586 0.039063 0.089764 0.025458 0.148103 0.678448 1.355925 1.769825 1.947546 2.092164 1.985412 1.456261 0.811912 0.375981 0.166630 0.075086 0.032625 0.013755 0.007429 0.007106 0.008726 0.009848 0.009524 0.006988 0.005338 0.004224 
0.000735 -0.002211 -0.019912 0.011482 0.078789 0.034242 0.035818 0.394884 1.050134 1.592397 1.862823 2.051276 2.091588 1.735236 1.108034 0.565624 0.256580 0.114723 0.050906 0.021622 0.009841 0.007024 0.007978 0.009468 0.009962 0.008145 0.006096 0.005413 
0.002858 0.001106 -0.017198 -0.008704 0.059117 0.050750 -0.009656 0.178328 0.736632 1.355245 1.737857 1.975567 2.121015 1.947268 1.411036 0.807659 0.390204 0.175896 0.078498 0.034076 0.014611 0.007961 0.007434 0.008847 0.010004 0.009083 0.006950 0.006254 
0.004351 0.004051 -0.011396 -0.020367 0.034730 0.061439 -0.010502 0.038046 0.449941 1.075439 1.564664 1.868245 2.088190 2.079452 1.687545 1.086107 0.573538 0.268436 0.120575 0.053167 0.022742 0.010521 0.007455 0.008173 0.009685 0.009695 0.007837 0.006940 
0.005359 0.006094 -0.004482 -0.023890 0.010730 0.060415 0.010408 -0.031646 0.217293 0.779724 1.343257 1.726909 2.006803 2.131717 1.909690 1.375718 0.803889 0.401332 0.184449 0.082249 0.035679 0.015487 0.008515 0.007715 0.009117 0.009924 0.008646 0.007600 
0.006107 0.007141 0.001910 -0.020939 -0.008463 0.048034 0.034417 -0.046994 0.053637 0.498371 1.083976 1.548053 1.886228 2.112628 2.059697 1.647436 1.068644 0.579401 0.278555 0.126395 0.055666 0.023930 0.011230 0.007839 0.008490 0.009781 0.009256 0.008272 
0.006790 0.007407 0.006728 -0.013930 -0.020204 0.028550 0.049700 -0.029043 -0.039691 0.258395 0.806364 1.331752 1.731113 2.034344 2.131078 1.874383 1.346846 0.800473 0.410393 0.192296 0.086157 0.037419 0.016416 0.009029 0.008085 0.009363 0.009575 0.008911 
0.007508 0.007260 0.009565 -0.005399 -0.023946 0.007623 0.051612 0.001816 -0.072959 0.078117 0.535202 1.084811 1.543448 1.908541 2.126890 2.036586 1.612969 1.054123 0.583935 0.287350 0.132051 0.058321 0.025216 0.011918 0.008279 0.008857 0.009579 0.009426 
0.008258 0.007065 0.010571 0.002531 -0.020937 -0.009713 0.041340 0.029836 -0.063803 -0.035672 0.295094 0.821378 1.325823 1.744337 2.056297 2.123402 1.841681 1.322464 0.797329 0.417981 0.199504 0.090108 0.039292 0.017359 0.009572 0.008550 0.009327 0.009723 
0.008957 0.007074 0.010261 0.008479 -0.013539 -0.020304 0.023633 0.045855 -0.032204 -0.087567 0.105271 0.560966 1.084342 1.548399 1.930924 2.133453 2.012228 1.582812 1.041673 0.587546 0.295108 0.137484 0.061090 0.026557 0.012620 0.008836 0.008986 0.009757 
0.009492 0.007382 0.009289 0.011900 -0.004437 -0.023259 0.004379 0.047279 0.003988 -0.090911 -0.024005 0.324659 0.830069 1.326562 1.762161 2.072658 2.111365 1.811486 1.301366 0.794399 0.424475 0.206142 0.094054 0.041249 0.018319 0.010236 0.008834 0.009568 
0.009784 0.007935 0.008248 0.012963 0.004042 -0.019656 -0.011348 0.036603 0.032085 -0.063687 -0.092678 0.130733 0.578478 1.085927 1.560000 1.951383 2.134334 1.987705 1.556032 1.030752 0.590488 0.302028 0.142688 0.063917 0.027928 0.013443 0.009268 0.009302 
0.009835 0.008589 0.007541 0.012310 0.010350 -0.011807 -0.020457 0.019186 0.045751 -0.024149 -0.109733 -0.009014 0.347143 0.836375 1.333300 1.781745 2.084056 2.096650 1.783569 1.282765 0.791645 0.430118 0.212286 0.097955 0.043235 0.019397 0.010829 0.009229 
0.009763 0.009187 0.007338 0.010766 0.013854 -0.002417 -0.022169 0.000999 0.044527 0.012762 -0.090228 -0.091303 0.152430 0.590797 1.090897 1.575789 1.969115 2.131063 1.963575 1.531956 1.021005 0.592919 0.308265 0.147669 0.066735 0.029407 0.014242 0.009753 
0.009832 0.009635 0.007603 0.009095 0.014730 0.006154 -0.017658 -0.013130 0.032174 0.037547 -0.051473 -0.121367 0.006234 0.363897 0.842748 1.344789 1.801375 2.091268 2.080335 1.757682 1.266123 0.789033 0.435085 0.218009 0.101751 0.045301 0.020490 0.011435 
0.010458 0.009962 0.008178 0.007831 0.013689 0.012346 -0.009295 -0.020491 0.014514 0.046660 -0.009354 -0.111107 -0.086324 0.169917 0.600424 1.099450 1.593918 1.983925 2.124767 1.940122 1.510094 1.012186 0.594950 0.313945 0.152404 0.069571 0.030926 0.015031 
0.012235 0.010371 0.008891 0.007229 0.011660 0.015555 0.000220 -0.020668 -0.002631 0.041607 0.024371 -0.076047 -0.127648 0.020013 0.376605 0.850507 1.359742 1.820067 2.095032 2.063118 1.733593 1.251056 0.786539 0.439514 0.223336 0.105464 0.047404 0.021563 
0.015966 0.011255 0.009654 0.007298 0.009511 0.016011 0.008582 -0.015090 -0.014925 0.027172 0.043386 -0.031940 -0.126755 -0.079933 0.183646 0.609140 1.111238 1.613075 1.995909 2.116276 1.917482 1.490072 1.004111 0.596671 0.319137 0.156924 0.072407 0.032420 
0.022725 0.013222 0.010549 0.007905 0.007869 0.014503 0.014327 -0.006233 -0.020249 0.009359 0.046722 0.008159 -0.097052 -0.130439 0.031617 0.386817 0.860222 1.377032 1.837300 2.095988 2.045456 1.711096 1.237276 0.784153 0.443489 0.228318 0.109099 0.049472 
0.033943 0.017119 0.011881 0.008901 0.007053 0.012037 0.016963 0.003229 -0.018694 -0.006414 0.037531 0.035772 -0.053425 -0.138176 -0.073554 0.194441 0.618094 1.125694 1.632364 2.005296 2.106200 1.895708 1.471599 0.996657 0.598134 0.323910 0.161260 0.075175 
0.051508 0.024083 0.014218 0.010249 0.007123 0.009552 0.016832 0.011119 -0.012008 -0.016512 0.021272 0.047581 -0.009382 -0.114472 -0.131287 0.040987 0.395774 0.872010 1.395746 1.852834 2.094673 2.027656 1.690008 1.224575 0.781858 0.447075 0.233014 0.112611 
0.077850 0.035600 0.018414 0.012129 0.007992 0.007731 0.014816 0.016152 -0.002772 -0.019546 0.003814 0.044835 0.025115 -0.072961 -0.146515 -0.067964 0.203199 0.627955 1.142209 1.651196 2.012360 2.094994 1.874805 1.454452 0.989725 0.599376 0.328337 0.165400 
