0.294086 0.262519 1.097632 1.587882 1.737337 1.889961 1.988336 2.106960 1.236901 0.670120 0.476167 0.338492 0.276493 0.268510 0.272387 0.252949 0.199928 0.128068 0.062497 0.020789 0.003793 0.000155 -0.000648 0.002152 0.019981 0.063633 0.130346 0.187332 
0.258000 0.169968 0.723183 1.385357 1.662213 1.820430 1.936618 2.171234 1.634021 0.906907 0.566109 0.397870 0.300741 0.271019 0.273362 0.266865 0.228793 0.163212 0.092300 0.038554 0.010621 0.001620 -0.000697 -0.001126 0.007839 0.038924 0.098205 0.152618 
0.229486 0.133828 0.432956 1.102435 1.538615 1.746576 1.863720 2.150404 1.926365 1.222174 0.714938 0.473101 0.340879 0.281871 0.273296 0.274061 0.251268 0.196669 0.125610 0.062201 0.022221 0.005285 0.000226 -0.002086 0.000591 0.019857 0.069174 0.119041 
0.200026 0.132308 0.237098 0.796858 1.349052 1.653947 1.783956 2.070903 2.098403 1.549650 0.935381 0.580318 0.397839 0.305071 0.276416 0.276623 0.266640 0.226026 0.160183 0.090977 0.039331 0.012268 0.002412 -0.001553 -0.002821 0.006468 0.044446 0.086535 
0.165932 0.144604 0.127832 0.517923 1.103867 1.523361 1.699334 1.959860 2.156685 1.832216 1.210115 0.736276 0.477864 0.343441 0.287136 0.277793 0.275461 0.249487 0.193525 0.123385 0.062081 0.023649 0.006604 0.000092 -0.003507 -0.001763 0.024943 0.056565 
0.127585 0.154698 0.085360 0.298396 0.831702 1.344054 1.600778 1.837560 2.123434 2.031655 1.502633 0.946268 0.591572 0.400888 0.309418 0.281588 0.279582 0.266222 0.223278 0.157350 0.089874 0.040191 0.013809 0.002984 -0.002375 -0.005755 0.010976 0.031036 
0.087990 0.153198 0.084732 0.151844 0.567668 1.119831 1.474909 1.713032 2.027704 2.132200 1.770562 1.199242 0.748418 0.483828 0.347198 0.292275 0.282004 0.276600 0.247623 0.190508 0.121388 0.062120 0.025056 0.007713 0.000057 -0.006579 0.002194 0.011445 
0.051135 0.137303 0.102018 0.074699 0.342714 0.868385 1.311989 1.584402 1.896640 2.138218 1.977591 1.469840 0.950551 0.600128 0.405300 0.314155 0.286531 0.282249 0.265629 0.220566 0.154716 0.088978 0.041123 0.015174 0.003757 -0.005187 -0.002252 -0.001592 
0.020591 0.109401 0.118665 0.051442 0.176499 0.615808 1.111586 1.443218 1.749353 2.067705 2.101295 1.725158 1.189087 0.755890 0.489753 0.351787 0.297426 0.285932 0.277494 0.245696 0.187627 0.119612 0.062312 0.026332 0.009157 -0.002200 -0.003435 -0.008430 
-0.001393 0.074939 0.123594 0.061018 0.074689 0.389095 0.884216 1.280589 1.594759 1.944124 2.135716 1.933218 1.444263 0.951606 0.606800 0.410320 0.319248 0.291297 0.284633 0.264879 0.217905 0.152280 0.088297 0.041971 0.017017 0.002213 -0.002348 -0.010185 
-0.014232 0.040233 0.113170 0.082775 0.030262 0.209303 0.648999 1.092678 1.433274 1.789163 2.089181 2.070274 1.689203 1.179453 0.760662 0.495384 0.356894 0.302612 0.289601 0.278159 0.243723 0.184887 0.118082 0.062463 0.028225 0.008335 0.000342 -0.008345 
-0.018832 0.010691 0.089618 0.100738 0.027574 0.087201 0.428653 0.883724 1.261064 1.618203 1.979038 2.124998 1.895824 1.422958 0.950869 0.612175 0.415613 0.324594 0.295911 0.286754 0.263991 0.215302 0.150086 0.087600 0.043551 0.016793 0.004425 -0.004351 
-0.017092 -0.010246 0.058631 0.105713 0.047557 0.022159 0.243724 0.665904 1.074919 1.439171 1.825480 2.098910 2.040872 1.659294 1.170239 0.763755 0.500701 0.362311 0.307811 0.293033 0.278613 0.241712 0.182353 0.116538 0.063414 0.028373 0.010160 0.000750 
-0.011257 -0.021423 0.026917 0.095327 0.072541 0.003988 0.107865 0.456460 0.876007 1.254288 1.646435 2.003628 2.110334 1.863518 1.404445 0.949068 0.616645 0.421020 0.330096 0.300377 0.288633 0.262970 0.212839 0.147859 0.087716 0.043790 0.018166 0.006509 
-0.003324 -0.023653 0.000238 0.072521 0.089654 0.016710 0.025337 0.273294 0.671392 1.063415 1.454731 1.856343 2.101171 2.013458 1.633519 1.161388 0.765757 0.505745 0.367907 0.312990 0.296245 0.278860 0.239761 0.179745 0.115760 0.063465 0.029232 0.013101 
0.005377 -0.019016 -0.017756 0.043273 0.092347 0.042986 -0.008893 0.130547 0.473102 0.867492 1.257786 1.675135 2.020325 2.093843 1.835013 1.387891 0.946620 0.620479 0.426461 0.335677 0.304698 0.290267 0.261925 0.210249 0.146291 0.087355 0.044086 0.021204 
0.014361 -0.010026 -0.025858 0.014253 0.080115 0.067982 -0.006868 0.035438 0.295345 0.670809 1.059257 1.475480 1.881689 2.098627 1.987964 1.610720 1.152864 0.767034 0.510566 0.373593 0.318119 0.299221 0.279013 0.237622 0.177642 0.114864 0.063172 0.031763 
0.023935 0.001098 -0.024935 -0.009021 0.056933 0.081888 0.015912 -0.012915 0.150947 0.481454 0.861561 1.268620 1.702243 2.031108 2.076618 1.809419 1.372789 0.943779 0.623863 0.431892 0.341284 0.308834 0.291765 0.260641 0.207982 0.144868 0.086483 0.045716 
0.034958 0.012916 -0.017162 -0.023233 0.029081 0.080777 0.044256 -0.022588 0.048185 0.310001 0.668138 1.061770 1.498527 1.902095 2.092952 1.964197 1.590151 1.144647 0.767828 0.515207 0.379318 0.323136 0.302056 0.278895 0.235618 0.175834 0.113473 0.063726 
0.048501 0.024941 -0.005124 -0.027496 0.003001 0.065956 0.066307 -0.006368 -0.011081 0.167053 0.484633 0.859564 1.284297 1.726900 2.037475 2.059236 1.786107 1.358814 0.940713 0.626926 0.437300 0.346840 0.312856 0.292990 0.259320 0.206048 0.143077 0.085978 
0.065500 0.037534 0.008947 -0.022918 -0.016304 0.042304 0.075260 0.021474 -0.031581 0.060555 0.318674 0.665873 1.069697 1.522102 1.918289 2.085217 1.941942 1.571311 1.136724 0.768299 0.519717 0.385010 0.328083 0.304649 0.278605 0.233897 0.173828 0.112074 
0.086461 0.051595 0.023650 -0.011795 -0.026111 0.016206 0.069625 0.048276 -0.023202 -0.006261 0.178479 0.485195 0.861712 1.302926 1.748853 2.040528 2.041999 1.764621 1.345747 0.937531 0.629774 0.442641 0.352360 0.316692 0.293960 0.258171 0.204073 0.141054 
0.111291 0.068163 0.038560 0.003286 -0.026032 -0.006340 0.052261 0.065216 0.001485 -0.035706 0.070862 0.323112 0.665367 1.081730 1.545171 1.930966 2.076119 1.920997 1.553852 1.129082 0.768574 0.524101 0.390674 0.332909 0.306958 0.278354 0.232237 0.171510 
0.139265 0.088036 0.054070 0.020179 -0.017499 -0.021049 0.028667 0.068325 0.030033 -0.035081 -0.000632 0.185737 0.484976 0.867664 1.323156 1.768149 2.041077 2.025061 1.744628 1.333434 0.934324 0.632457 0.447930 0.357815 0.320265 0.294845 0.257122 0.201810 
0.169123 0.111493 0.071044 0.037598 -0.002926 -0.025933 0.005066 0.058239 0.052531 -0.014969 -0.036846 0.078444 0.324925 0.667219 1.096723 1.567161 1.940731 2.066121 1.901189 1.537520 1.121724 0.768723 0.528392 0.396302 0.337524 0.309093 0.278182 0.230370 
0.199294 0.138160 0.090393 0.055206 0.015146 -0.021180 -0.013205 0.039013 0.063110 0.013078 -0.043054 0.004400 0.189708 0.485171 0.876854 1.344050 1.784968 2.039716 2.008497 1.725871 1.321773 0.931140 0.635027 0.453183 0.363119 0.323619 0.295750 0.255956 
0.228184 0.167056 0.112704 0.073408 0.034709 -0.008555 -0.022723 0.016419 0.060327 0.038856 -0.027936 -0.036559 0.083284 0.325412 0.671573 1.113737 1.587780 1.948088 2.055533 1.882368 1.522139 1.114641 0.768800 0.532632 0.401831 0.341915 0.311175 0.277961 
0.254492 0.196773 0.137998 0.092982 0.054629 0.009440 -0.022303 -0.003748 0.046545 0.055257 -0.001811 -0.048306 0.008077 0.191344 0.486492 0.888670 1.364976 1.799542 2.036887 1.992334 1.708162 1.310683 0.928011 0.637545 0.458371 0.368226 0.326854 0.296639 
