0.069511 0.098376 0.160533 0.281247 0.461718 0.675119 0.869064 0.860092 1.611802 1.878457 1.700554 1.506166 1.335850 1.331784 0.492736 0.060200 0.025963 0.008543 0.001904 0.000280 -0.000108 0.000549 0.004997 0.015909 0.032587 0.049979 0.060991 0.055145 
0.060516 0.079782 0.122135 0.213421 0.367367 0.570851 0.797456 0.769493 1.296579 1.800700 1.791566 1.600351 1.400226 1.438190 0.861446 0.226681 0.040979 0.015906 0.004597 0.000937 -0.000045 -0.000254 0.001965 0.009732 0.024158 0.042080 0.057592 0.055542 
0.056242 0.067263 0.094842 0.159945 0.284201 0.466219 0.715974 0.714093 1.035907 1.612796 1.818893 1.697072 1.470528 1.496047 1.157071 0.487930 0.113751 0.026722 0.009295 0.002432 0.000350 -0.000453 0.000162 0.005016 0.016508 0.033421 0.052032 0.055689 
0.054657 0.059683 0.076362 0.120000 0.214853 0.366743 0.622551 0.674572 0.843115 1.370700 1.756834 1.771073 1.552292 1.528849 1.367829 0.785630 0.264947 0.061536 0.016688 0.005266 0.001231 -0.000229 -0.000675 0.001759 0.010085 0.024752 0.044595 0.054248 
0.053876 0.055713 0.064653 0.091779 0.160297 0.277808 0.520120 0.633996 0.713963 1.124589 1.610254 1.793081 1.637265 1.557768 1.500986 1.069040 0.485630 0.143421 0.034934 0.010054 0.002927 0.000374 -0.000812 -0.000194 0.005129 0.016771 0.035947 0.050577 
0.052409 0.053907 0.057910 0.073042 0.119914 0.203452 0.415019 0.581297 0.632648 0.909896 1.405277 1.743998 1.705633 1.594677 1.576273 1.303946 0.747185 0.285311 0.078727 0.020275 0.005918 0.001480 -0.000444 -0.001091 0.001678 0.010009 0.026928 0.044679 
0.049323 0.052845 0.054517 0.061508 0.091895 0.145680 0.314897 0.512524 0.578735 0.744006 1.177169 1.621773 1.733890 1.638586 1.617215 1.475664 1.013705 0.484336 0.163502 0.043989 0.011857 0.003385 0.000358 -0.001195 -0.000402 0.004770 0.018364 0.037056 
0.044283 0.051315 0.053016 0.055088 0.073777 0.104358 0.226737 0.430137 0.533247 0.627884 0.959157 1.441032 1.703759 1.676996 1.642923 1.586490 1.253110 0.722954 0.298754 0.092823 0.024965 0.006940 0.001687 -0.000712 -0.001346 0.001131 0.010930 0.028513 
0.037490 0.048465 0.052119 0.051975 0.062946 0.077593 0.155420 0.340973 0.482751 0.550986 0.774695 1.227488 1.608582 1.691292 1.662755 1.649325 1.444398 0.974787 0.483570 0.178529 0.052665 0.014356 0.003957 0.000267 -0.001418 -0.001023 0.005057 0.019948 
0.029540 0.043893 0.050767 0.050658 0.057001 0.062372 0.103040 0.253668 0.421055 0.497434 0.634205 1.010054 1.455333 1.663842 1.675135 1.679977 1.579947 1.212293 0.705907 0.308653 0.104653 0.030022 0.008318 0.001861 -0.000835 -0.001931 0.000916 0.012171 
0.021233 0.037651 0.048203 0.049906 0.053951 0.055274 0.068961 0.176260 0.348738 0.451696 0.535935 0.813451 1.262290 1.584240 1.670295 1.690665 1.663415 1.413462 0.945459 0.483123 0.190481 0.060721 0.017264 0.004620 0.000313 -0.001876 -0.001559 0.005779 
0.013385 0.030175 0.044033 0.048762 0.052269 0.053067 0.050416 0.114463 0.271189 0.402557 0.469656 0.653277 1.053731 1.452752 1.635478 1.686432 1.704878 1.565694 1.178752 0.693079 0.316442 0.114814 0.035141 0.009900 0.002202 -0.001095 -0.002595 0.001096 
0.006678 0.022147 0.038245 0.046550 0.050854 0.053099 0.043404 0.070855 0.195996 0.344906 0.421541 0.534362 0.853683 1.280278 1.560586 1.665019 1.715359 1.666256 1.384564 0.922286 0.482884 0.200383 0.068173 0.020327 0.005500 0.000329 -0.002494 -0.001824 
0.001556 0.014334 0.031170 0.042898 0.048959 0.053469 0.043609 0.044918 0.130454 0.279485 0.378700 0.452139 0.680614 1.085267 1.442417 1.619564 1.702619 1.719881 1.547983 1.150565 0.682973 0.322848 0.123733 0.040123 0.011707 0.002621 -0.001519 -0.003138 
-0.001801 0.007438 0.023391 0.037742 0.046122 0.053010 0.047143 0.033735 0.079749 0.211197 0.332315 0.396040 0.544354 0.888878 1.286342 1.542752 1.669316 1.734895 1.662122 1.358046 0.903336 0.482784 0.208852 0.075029 0.023499 0.006546 0.000236 -0.003118 
-0.003450 0.001979 0.015614 0.031313 0.042119 0.051161 0.051019 0.033011 0.046063 0.146764 0.278930 0.353604 0.445671 0.709999 1.105242 1.430778 1.613657 1.719399 1.727422 1.528914 1.126421 0.674732 0.328304 0.131654 0.044942 0.013692 0.003021 -0.002025 
-0.003594 -0.001761 0.008539 0.024075 0.036936 0.047788 0.053323 0.038133 0.028581 0.092480 0.220033 0.314093 0.378105 0.561470 0.916334 1.285842 1.531859 1.678743 1.749227 1.653666 1.333817 0.887419 0.482796 0.216237 0.081365 0.026744 0.007654 0.000046 
-0.002458 -0.003736 0.002734 0.016641 0.030757 0.043027 0.053146 0.045023 0.024175 0.052574 0.160444 0.270819 0.331180 0.448350 0.737071 1.116524 1.421242 1.614851 1.734740 1.729482 1.509560 1.105396 0.667850 0.333056 0.138769 0.049613 0.015763 0.003354 
-0.000119 -0.004066 -0.001431 0.009662 0.023930 0.037161 0.050367 0.050675 0.028443 0.028441 0.106196 0.221883 0.293898 0.368321 0.581369 0.936139 1.282772 1.527262 1.690439 1.758944 1.642551 1.311651 0.873779 0.482889 0.222771 0.087278 0.030008 0.008734 
0.003694 -0.002915 -0.003805 0.003719 0.016925 0.030548 0.045376 0.053338 0.036781 0.018722 0.062577 0.169498 0.257590 0.313781 0.457130 0.759772 1.122223 1.415181 1.620685 1.747804 1.727561 1.490473 1.086842 0.661987 0.337252 0.145247 0.054144 0.017818 
0.009817 -0.000325 -0.004412 -0.000754 0.010270 0.023586 0.038820 0.052422 0.045247 0.020012 0.032766 0.118391 0.217531 0.274791 0.365544 0.600975 0.949684 1.279634 1.527731 1.702665 1.764788 1.629835 1.291310 0.861900 0.483029 0.228637 0.092848 0.033206 
0.019856 0.003989 -0.003337 -0.003504 0.004472 0.016688 0.031407 0.048218 0.051092 0.027881 0.017280 0.073889 0.173196 0.241974 0.302083 0.469099 0.777675 1.124891 1.412828 1.629299 1.758361 1.722758 1.471933 1.070288 0.656904 0.341007 0.151224 0.058495 
0.036329 0.010855 -0.000569 -0.004438 -0.000046 0.010267 0.023786 0.041555 0.052916 0.037910 0.014180 0.040248 0.127359 0.208669 0.258665 0.367896 0.618557 0.958692 1.277792 1.531989 1.714413 1.767462 1.616198 1.272578 0.851410 0.483191 0.233984 0.098099 
0.062677 0.021835 0.004199 -0.003536 -0.002982 0.004710 0.016496 0.033472 0.050531 0.046504 0.019820 0.019583 0.084528 0.171928 0.226263 0.295602 0.482042 0.791254 1.126355 1.413863 1.639373 1.766477 1.715875 1.454081 1.055375 0.652424 0.344422 0.156777 
0.103069 0.039355 0.011779 -0.000705 -0.004151 0.000352 0.009954 0.024973 0.044637 0.051349 0.029856 0.011554 0.049249 0.132362 0.197220 0.246295 0.373476 0.633412 0.964754 1.277859 1.538919 1.725138 1.767575 1.602092 1.255259 0.842031 0.483379 0.238906 
0.161973 0.066695 0.023681 0.004408 -0.003422 -0.002537 0.004476 0.016883 0.036424 0.051519 0.040204 0.013705 0.024724 0.093087 0.166764 0.211994 0.293291 0.494518 0.801363 1.127812 1.417744 1.650001 1.772346 1.707502 1.436975 1.041823 0.648433 0.347563 
0.243479 0.107801 0.042220 0.012614 -0.000596 -0.003745 0.000295 0.009788 0.027209 0.047273 0.047759 0.022265 0.012047 0.058241 0.133481 0.184871 0.237651 0.380702 0.645490 0.969152 1.279987 1.547612 1.734573 1.765635 1.587817 1.239179 0.833563 0.483588 
0.350479 0.166878 0.070514 0.025368 0.004751 -0.003070 -0.002407 0.004050 0.018168 0.039688 0.050764 0.033103 0.010104 0.031513 0.098843 0.159002 0.199977 0.293960 0.505737 0.808924 1.129971 1.423882 1.660579 1.776214 1.698078 1.420620 1.029416 0.644842 
