0.070460 0.154930 0.154381 1.086378 1.675105 1.869122 1.984898 1.985004 1.997730 1.063823 0.488173 0.313893 0.184955 0.100045 0.048760 0.020360 0.006677 0.001563 0.000266 -0.000050 0.000355 0.003199 0.010182 0.020855 0.031987 0.039034 0.038808 0.018867 
0.040554 0.123323 0.038087 0.663288 1.430081 1.781894 1.941469 1.983374 2.109696 1.485994 0.725827 0.395365 0.243920 0.138296 0.071542 0.032720 0.012447 0.003643 0.000792 0.000018 -0.000152 0.001259 0.006229 0.015461 0.026931 0.036420 0.041385 0.019896 
0.022461 0.102939 -0.008099 0.332989 1.098557 1.630017 1.876390 1.951869 2.140288 1.814904 1.052197 0.538219 0.313915 0.186250 0.101428 0.049813 0.021150 0.007301 0.001958 0.000329 -0.000265 0.000109 0.003211 0.010565 0.021444 0.032241 0.042209 0.025372 
0.013493 0.086640 -0.009096 0.109385 0.745036 1.399923 1.774565 1.900012 2.110304 2.032261 1.402459 0.758999 0.413987 0.244727 0.139688 0.072751 0.033630 0.013163 0.004165 0.001014 -0.000089 -0.000419 0.001129 0.006448 0.016015 0.026946 0.040576 0.032050 
0.011309 0.071177 0.011995 -0.014502 0.424806 1.107510 1.618394 1.826683 2.041200 2.140252 1.719068 1.043423 0.564524 0.321330 0.187445 0.102742 0.050859 0.021962 0.007933 0.002334 0.000366 -0.000489 -0.000117 0.003257 0.011061 0.021143 0.036530 0.037567 
0.013672 0.056124 0.037500 -0.059479 0.174728 0.787636 1.400776 1.721760 1.948375 2.155756 1.961467 1.356652 0.774511 0.429263 0.248239 0.140991 0.073927 0.034552 0.013894 0.004680 0.001211 -0.000215 -0.000678 0.001016 0.006874 0.015439 0.030631 0.040460 
0.018411 0.042532 0.056606 -0.052388 0.010286 0.481152 1.130725 1.573064 1.837471 2.102274 2.109928 1.656226 1.035970 0.581359 0.329529 0.189592 0.103998 0.051900 0.022793 0.008569 0.002690 0.000378 -0.000716 -0.000351 0.003607 0.010328 0.023705 0.040123 
0.023538 0.031728 0.064953 -0.019349 -0.072075 0.223381 0.831843 1.374136 1.705218 2.002016 2.163770 1.903896 1.325392 0.783317 0.441458 0.252768 0.142608 0.075075 0.035486 0.014637 0.005183 0.001382 -0.000351 -0.000983 0.001283 0.006136 0.016636 0.036680 
0.027442 0.024503 0.063031 0.018855 -0.089235 0.036527 0.535883 1.129391 1.543963 1.870498 2.135597 2.073662 1.610090 1.029327 0.593241 0.337297 0.192360 0.105349 0.052938 0.023637 0.009204 0.003024 0.000377 -0.001029 -0.000174 0.003003 0.010193 0.030806 
0.029071 0.020790 0.054105 0.048932 -0.064421 -0.073053 0.274436 0.855004 1.347682 1.714910 2.043926 2.154834 1.856525 1.301624 0.788766 0.451393 0.257587 0.144529 0.076254 0.036429 0.015389 0.005672 0.001546 -0.000609 -0.000892 0.000913 0.004920 0.023497 
0.028016 0.019731 0.042259 0.065041 -0.020835 -0.113252 0.071557 0.575707 1.117024 1.536072 1.906682 2.150532 2.037753 1.573819 1.023260 0.602134 0.344397 0.195460 0.106836 0.053994 0.024494 0.009832 0.003362 0.000235 -0.001011 -0.000265 0.001095 0.015834 
0.024484 0.020022 0.030963 0.067232 0.022921 -0.101697 -0.060765 0.318986 0.861649 1.332603 1.737222 2.073186 2.138037 1.816614 1.282360 0.792273 0.459665 0.262390 0.146675 0.077497 0.037389 0.016139 0.006179 0.001563 -0.000637 -0.000714 -0.001257 0.008784 
0.019154 0.020327 0.022326 0.059170 0.055115 -0.060082 -0.123583 0.108746 0.599281 1.105418 1.543494 1.939093 2.153896 2.003930 1.543967 1.017632 0.609052 0.350832 0.198715 0.108452 0.055086 0.025352 0.010491 0.003569 0.000198 -0.000618 -0.002309 0.003056 
0.012971 0.019637 0.016971 0.045861 0.071035 -0.008945 -0.128811 -0.039694 0.352063 0.860857 1.329766 1.763893 2.092090 2.117662 1.782245 1.266080 0.794547 0.466679 0.267042 0.148972 0.078815 0.038360 0.016929 0.006586 0.001564 -0.000101 -0.002345 -0.000968 
0.006911 0.017471 0.014360 0.031880 0.071592 0.036031 -0.095001 -0.122083 0.141555 0.611446 1.099659 1.560071 1.965820 2.150000 1.972547 1.518583 1.012355 0.614584 0.356665 0.202018 0.110181 0.056209 0.026259 0.011093 0.003655 0.000804 -0.001676 -0.003227 
0.001789 0.013900 0.013336 0.020346 0.061145 0.065745 -0.042479 -0.144882 -0.016045 0.374210 0.859028 1.336698 1.790641 2.103114 2.095837 1.752098 1.251912 0.795989 0.472716 0.271490 0.151366 0.080192 0.039386 0.017710 0.006801 0.002183 -0.000552 -0.003912 
-0.001863 0.009428 0.012671 0.012618 0.045271 0.077548 0.010905 -0.122586 -0.113141 0.167262 0.617512 1.100828 1.581353 1.986846 2.141533 1.943523 1.496472 1.007369 0.619096 0.361965 0.205309 0.111983 0.057398 0.027202 0.011469 0.004257 0.000894 -0.003365 
-0.003837 0.004789 0.011462 0.008556 0.028991 0.073775 0.052583 -0.073707 -0.151733 0.005830 0.388254 0.859519 1.350470 1.815451 2.108277 2.073659 1.725254 1.239317 0.796840 0.477971 0.275721 0.153804 0.081642 0.040492 0.018270 0.007382 0.002687 -0.001955 
-0.004210 0.000720 0.009323 0.007091 0.015730 0.059630 0.076316 -0.016595 -0.142169 -0.101059 0.185937 0.621426 1.108241 1.604480 2.002794 2.130191 1.916648 1.476853 1.002627 0.622828 0.366804 0.208543 0.113846 0.058701 0.027965 0.012052 0.005028 0.000021 
-0.003240 -0.002204 0.006376 0.006848 0.007003 0.041082 0.081673 0.033943 -0.100217 -0.152350 0.023877 0.397266 0.863655 1.368601 1.837502 2.109110 2.051701 1.701054 1.227937 0.797256 0.482596 0.279728 0.156251 0.083223 0.041480 0.018897 0.008288 0.002427 
-0.001244 -0.003665 0.003099 0.006652 0.002685 0.023228 0.072417 0.068612 -0.043390 -0.154829 -0.088882 0.198946 0.625641 1.120633 1.627713 2.014433 2.117060 1.891687 1.459191 0.998094 0.625952 0.371238 0.211683 0.115826 0.059956 0.028692 0.012999 0.005333 
0.001525 -0.003602 0.000119 0.005815 0.001605 0.009376 0.054447 0.084039 0.012540 -0.121283 -0.149590 0.037674 0.403756 0.871626 1.389218 1.856585 2.106747 2.030264 1.679014 1.217523 0.797344 0.486700 0.283498 0.158756 0.084815 0.042377 0.019842 0.009030 
0.004981 -0.002145 -0.001989 0.004205 0.002212 0.000828 0.033846 0.081879 0.056080 -0.067561 -0.162383 -0.078311 0.207992 0.631476 1.136700 1.650052 2.022496 2.102851 1.868419 1.443104 0.993742 0.628592 0.375292 0.214777 0.117848 0.061109 0.029644 0.014023 
0.009262 0.000508 -0.002822 0.002132 0.003133 -0.002780 0.015460 0.067092 0.081210 -0.009343 -0.137334 -0.145625 0.047693 0.409516 0.883072 1.410989 1.872785 2.102022 2.009495 1.658768 1.207897 0.797186 0.490344 0.287086 0.161289 0.086319 0.043396 0.021011 
0.014762 0.004207 -0.002192 0.000149 0.003497 -0.002843 0.002166 0.045965 0.087235 0.040614 -0.088300 -0.166681 -0.070030 0.214638 0.639499 1.155296 1.670957 2.027624 2.088034 1.846649 1.428312 0.989557 0.630817 0.379033 0.217834 0.119798 0.062290 0.030874 
0.022123 0.008965 -0.000085 -0.001147 0.003034 -0.001092 -0.005187 0.024382 0.077586 0.074211 -0.030160 -0.149370 -0.141857 0.054780 0.415702 0.897415 1.433001 1.886323 2.095553 1.989461 1.640033 1.198933 0.796818 0.493601 0.290538 0.163750 0.087783 0.044669 
0.032223 0.015031 0.003441 -0.001272 0.001981 0.000967 -0.007347 0.006643 0.058057 0.088523 0.023880 -0.105605 -0.169254 -0.064074 0.220142 0.649824 1.175491 1.690173 2.030353 2.072924 1.826206 1.414610 0.985513 0.632690 0.382535 0.220791 0.121660 0.063655 
0.046159 0.022926 0.008376 0.000089 0.000888 0.002387 -0.005978 -0.005030 0.034968 0.085178 0.064307 -0.049092 -0.158533 -0.139044 0.059851 0.422985 0.914030 1.454645 1.897465 2.087800 1.970175 1.622596 1.190527 0.796268 0.496561 0.293837 0.166085 0.089336 
