0.020359 0.010121 0.004046 0.003414 0.009333 0.026595 0.066943 0.148166 0.161245 1.106628 1.707067 1.908260 2.023362 2.013258 2.007887 1.052929 0.459504 0.275464 0.146171 0.068490 0.028767 0.013596 0.013541 0.021814 0.032228 0.039088 0.038819 0.031440 
0.025794 0.014720 0.006403 0.002911 0.004955 0.015078 0.041660 0.116073 0.038167 0.677054 1.456754 1.818425 1.981462 2.017718 2.129271 1.485216 0.705043 0.360641 0.204366 0.102586 0.045560 0.019292 0.012527 0.017410 0.027465 0.036549 0.039842 0.035592 
0.030853 0.019912 0.009958 0.003965 0.002923 0.007960 0.022390 0.097906 -0.012479 0.340009 1.119157 1.662419 1.915791 1.990178 2.167945 1.824258 1.040658 0.509326 0.275692 0.147882 0.070228 0.029988 0.014454 0.014322 0.022559 0.032731 0.039138 0.038410 
0.035054 0.025259 0.014440 0.006342 0.002684 0.004267 0.007539 0.083386 -0.015146 0.110433 0.759069 1.427024 1.811478 1.940062 2.144244 2.051091 1.400925 0.737780 0.379281 0.205517 0.104378 0.047020 0.020296 0.013342 0.018198 0.028116 0.036827 0.039628 
0.037994 0.030285 0.019510 0.009836 0.003858 0.003265 -0.003169 0.067260 0.006107 -0.017739 0.432336 1.128484 1.651235 1.866320 2.079320 2.167294 1.727630 1.031272 0.535438 0.283321 0.149475 0.071870 0.031186 0.015342 0.015137 0.023308 0.033210 0.039149 
0.039391 0.034523 0.024759 0.014211 0.006174 0.004291 -0.009560 0.048493 0.032020 -0.065056 0.176540 0.802085 1.428318 1.759038 1.988448 2.189261 1.979549 1.354385 0.752891 0.394596 0.209368 0.106057 0.048423 0.021309 0.014193 0.019006 0.028754 0.037066 
0.039128 0.037569 0.029739 0.019171 0.009423 0.006729 -0.011622 0.028783 0.050332 -0.058852 0.007748 0.489226 1.152140 1.606342 1.877318 2.140170 2.136336 1.664008 1.023238 0.552110 0.291742 0.152003 0.073425 0.032367 0.016260 0.015983 0.024060 0.033659 
0.037272 0.039132 0.033996 0.024353 0.013416 0.010033 -0.009791 0.010937 0.055899 -0.026233 -0.077412 0.225808 0.846772 1.402144 1.742845 2.042080 2.196815 1.921228 1.322418 0.761329 0.406848 0.214227 0.108024 0.049777 0.022335 0.015077 0.019831 0.029375 
0.034078 0.039076 0.037128 0.029336 0.017940 0.013780 -0.004948 -0.002456 0.049305 0.010964 -0.096122 0.034480 0.544489 1.151292 1.577678 1.910525 2.173238 2.099424 1.617108 1.016047 0.563856 0.299735 0.155131 0.075050 0.033533 0.017204 0.016855 0.024809 
0.029977 0.037446 0.038832 0.033682 0.022734 0.017681 0.001763 -0.009861 0.034687 0.038727 -0.072290 -0.078247 0.277385 0.870443 1.376177 1.752868 2.083947 2.187394 1.873109 1.297969 0.766442 0.416856 0.219368 0.110270 0.051143 0.023371 0.015992 0.020668 
0.025553 0.034472 0.038956 0.036982 0.027471 0.021565 0.009185 -0.011070 0.017477 0.051089 -0.029914 -0.120467 0.069891 0.584829 1.139441 1.570224 1.946862 2.187887 2.062858 1.580087 1.009463 0.572637 0.307063 0.158573 0.076787 0.034708 0.018175 0.017751 
0.021512 0.030567 0.037521 0.038911 0.031776 0.025327 0.016360 -0.007043 0.002570 0.048610 0.011781 -0.110305 -0.065861 0.322401 0.877613 1.361601 1.775495 2.113131 2.170090 1.832454 1.278050 0.769643 0.425215 0.224480 0.112716 0.052554 0.024428 0.016934 
0.018664 0.026302 0.034739 0.039282 0.035258 0.028866 0.022648 0.000532 -0.006790 0.035949 0.040853 -0.070078 -0.131060 0.107401 0.608910 1.128369 1.578080 1.979398 2.190935 2.028368 1.549503 1.003350 0.579467 0.313726 0.162148 0.078631 0.035912 0.019172 
0.017900 0.022383 0.031007 0.038081 0.037566 0.032041 0.027744 0.009740 -0.009387 0.019309 0.052880 -0.020856 -0.137999 -0.044710 0.355912 0.877358 1.359273 1.802461 2.131929 2.149189 1.797347 1.261142 0.771641 0.432326 0.229429 0.115290 0.054024 0.025513 
0.020194 0.019623 0.026889 0.035493 0.038450 0.034649 0.031606 0.018883 -0.005801 0.004352 0.049508 0.021438 -0.105732 -0.129771 0.140498 0.621576 1.123157 1.595082 2.006221 2.186697 1.996313 1.523407 0.997618 0.584931 0.319783 0.165750 0.080562 0.037156 
0.026626 0.018929 0.023089 0.031897 0.037816 0.036455 0.034338 0.026739 0.002186 -0.005100 0.036083 0.047860 -0.055038 -0.154540 -0.020988 0.378475 0.876073 1.366718 1.829485 2.142817 2.126820 1.766470 1.246375 0.772832 0.438468 0.234161 0.117934 0.055554 
0.038436 0.021296 0.020428 0.027854 0.035767 0.037230 0.036081 0.032658 0.012305 -0.007516 0.019167 0.056306 -0.004013 -0.133921 -0.121003 0.166476 0.628143 1.124880 1.616781 2.027317 2.177863 1.966613 1.500603 0.992206 0.589393 0.325304 0.169316 0.082562 
0.057126 0.027832 0.019825 0.024080 0.032616 0.036825 0.036940 0.036486 0.022415 -0.003418 0.004519 0.049919 0.034845 -0.086821 -0.161782 0.000963 0.392926 0.877116 1.381001 1.854547 2.147814 2.104083 1.738907 1.233207 0.773459 0.443836 0.238656 0.120611 
0.084594 0.039818 0.022296 0.021418 0.028889 0.035232 0.036954 0.038415 0.030920 0.005277 -0.004133 0.034778 0.055706 -0.031826 -0.154015 -0.109062 0.185416 0.632559 1.132851 1.640309 2.043306 2.166129 1.939060 1.480313 0.987067 0.593092 0.330354 0.172813 
0.123274 0.058799 0.028976 0.020813 0.025295 0.032638 0.036125 0.038804 0.036936 0.016069 -0.005468 0.017571 0.058799 0.016272 -0.113813 -0.162729 0.019094 0.402344 0.881809 1.399638 1.876829 2.148454 2.081555 1.713999 1.221281 0.773675 0.448574 0.242919 
0.176200 0.086705 0.041180 0.023314 0.022696 0.029449 0.034483 0.038033 0.040245 0.026587 -0.000271 0.003778 0.048655 0.048480 -0.058917 -0.167113 -0.096996 0.198692 0.637281 1.145803 1.663929 2.054957 2.152586 1.913422 1.462001 0.982165 0.596194 0.334995 
0.246935 0.125956 0.060486 0.030091 0.022084 0.026287 0.032151 0.036425 0.041123 0.035066 0.009294 -0.003350 0.031847 0.061970 -0.005118 -0.135304 -0.160251 0.032986 0.409245 0.890342 1.420753 1.896118 2.145871 2.059536 1.691263 1.210350 0.773583 0.452794 
0.339254 0.179507 0.088836 0.042490 0.024561 0.023978 0.029418 0.034235 0.040118 0.040559 0.020539 -0.003008 0.014883 0.059060 0.036313 -0.083366 -0.175050 -0.086510 0.208011 0.643629 1.162429 1.686637 2.063005 2.137946 1.889480 1.445289 0.977469 0.598822 
0.456560 0.250746 0.128631 0.062111 0.031357 0.023516 0.026776 0.031693 0.037857 0.042896 0.030990 0.003586 0.002651 0.045337 0.059803 -0.027026 -0.151736 -0.156528 0.043113 0.415422 0.902353 1.443013 1.912500 2.140901 2.038179 1.670338 1.200232 0.773261 
0.601050 0.343191 0.182739 0.090900 0.043870 0.026049 0.024939 0.029079 0.034916 0.042495 0.038880 0.013979 -0.002334 0.027522 0.065232 0.021124 -0.104371 -0.179686 -0.078291 0.214940 0.652171 1.181579 1.707892 2.068091 2.122680 1.867041 1.429893 0.972963 
0.772749 0.459944 0.254388 0.131219 0.063734 0.032871 0.024838 0.026797 0.031780 0.040104 0.043348 0.025356 0.000051 0.011612 0.056604 0.053351 -0.047896 -0.164117 -0.152968 0.050325 0.422034 0.917262 1.465500 1.926193 2.134164 2.017549 1.650940 1.190801 
0.968619 0.602941 0.346868 0.185843 0.092899 0.045449 0.027605 0.025439 0.028870 0.036577 0.044381 0.035266 0.008096 0.001653 0.040139 0.067227 0.004600 -0.121928 -0.182561 -0.072374 0.220739 0.663022 1.202324 1.727437 2.070752 2.107106 1.845936 1.415609 
1.181950 0.772079 0.463024 0.257845 0.133684 0.065473 0.034567 0.025823 0.026620 0.032712 0.042594 0.042081 0.019090 -0.000742 0.022321 0.064897 0.043901 -0.066901 -0.173597 -0.150333 0.055536 0.429753 0.934447 1.487605 1.937464 2.126119 1.997665 1.632856 
