0.243972 0.242554 0.196598 0.127270 0.062984 0.023544 0.013091 0.026852 0.065951 0.022122 0.921044 1.524406 1.805427 2.069142 2.228518 2.349357 1.434118 0.795077 0.518442 0.295595 0.149929 0.068747 0.027775 0.012551 0.023340 0.064592 0.130588 0.199970 
0.227648 0.248830 0.222498 0.161304 0.092021 0.039641 0.015291 0.016804 0.056768 -0.073807 0.508528 1.263018 1.667080 1.950327 2.153647 2.418447 1.857213 1.069297 0.650036 0.397371 0.214701 0.104312 0.045042 0.016911 0.014138 0.040873 0.097166 0.168451 
0.202802 0.244179 0.240022 0.192912 0.124549 0.062327 0.024233 0.011241 0.058103 -0.097634 0.195841 0.929576 1.480151 1.818694 2.044302 2.389301 2.166165 1.417173 0.838842 0.514954 0.297001 0.153116 0.070785 0.027807 0.011836 0.023811 0.067146 0.134320 
0.171949 0.229182 0.247469 0.219123 0.157963 0.090422 0.040142 0.010255 0.059997 -0.075917 -0.005929 0.585604 1.231367 1.663539 1.916574 2.287819 2.343465 1.770336 1.096202 0.663656 0.396719 0.217365 0.107031 0.045920 0.016329 0.013903 0.042498 0.100569 
0.138027 0.205433 0.244155 0.237398 0.189341 0.122035 0.062733 0.015245 0.058333 -0.033697 -0.106116 0.283059 0.935184 1.469845 1.775280 2.141646 2.394239 2.069526 1.403071 0.859228 0.519240 0.298414 0.156045 0.072536 0.027729 0.011238 0.024516 0.069870 
0.104043 0.175316 0.230479 0.245939 0.215775 0.154687 0.090907 0.027667 0.053679 0.009866 -0.127606 0.055602 0.623805 1.231168 1.614947 1.972685 2.340106 2.274600 1.720972 1.105668 0.674339 0.399020 0.219872 0.109453 0.046593 0.015763 0.013868 0.044343 
0.072746 0.141693 0.207860 0.243912 0.234723 0.185568 0.122730 0.048131 0.049401 0.043480 -0.098955 -0.084126 0.334808 0.955435 1.426312 1.792605 2.210511 2.368368 2.005496 1.390323 0.870502 0.524658 0.300855 0.158718 0.074019 0.027561 0.010769 0.025452 
0.046392 0.107567 0.178541 0.231541 0.244313 0.211856 0.155619 0.075947 0.049665 0.063505 -0.047395 -0.142054 0.100130 0.663840 1.203947 1.603007 2.034064 2.354531 2.218469 1.685990 1.108665 0.682325 0.402548 0.222606 0.111588 0.047081 0.015230 0.014034 
0.026611 0.075755 0.145301 0.210070 0.243581 0.231057 0.186667 0.109109 0.057790 0.072177 0.006025 -0.136830 -0.061153 0.384935 0.951524 1.399477 1.832360 2.251364 2.336052 1.957836 1.378455 0.877174 0.529957 0.303962 0.161283 0.075253 0.027324 0.010438 
0.014403 0.048633 0.111125 0.181592 0.232579 0.241302 0.213008 0.144608 0.075236 0.075051 0.048689 -0.092719 -0.145293 0.146829 0.683059 1.177385 1.617653 2.083651 2.351571 2.172089 1.658382 1.108557 0.688413 0.406545 0.225542 0.113505 0.047408 0.014749 
0.010254 0.027985 0.078882 0.148794 0.212369 0.241568 0.232168 0.178929 0.101274 0.078416 0.076251 -0.033119 -0.162093 -0.029746 0.420182 0.936979 1.394303 1.875412 2.273536 2.303608 1.919751 1.367259 0.881200 0.534871 0.307422 0.163781 0.076277 0.027039 
0.014332 0.014974 0.051057 0.114630 0.184878 0.231793 0.242348 0.208601 0.133252 0.087258 0.090734 0.024016 -0.130271 -0.135617 0.186860 0.686015 1.162668 1.645230 2.120481 2.340314 2.132759 1.635201 1.106764 0.693176 0.410671 0.228585 0.115246 0.047601 
0.026728 0.010223 0.029579 0.082009 0.152671 0.212881 0.242608 0.230674 0.167257 0.104072 0.097770 0.068321 -0.071745 -0.173922 0.003537 0.439250 0.923603 1.404863 1.914783 2.283821 2.272787 1.887840 1.356626 0.883584 0.539371 0.311034 0.166203 0.077127 
0.047691 0.013993 0.015767 0.053515 0.118646 0.186586 0.232952 0.243077 0.198937 0.128554 0.103814 0.096873 -0.006448 -0.157788 -0.117474 0.215313 0.681813 1.160650 1.677433 2.146811 2.325043 2.098597 1.614962 1.104002 0.696993 0.414764 0.231650 0.116830 
0.077830 0.026408 0.010383 0.031218 0.085730 0.155313 0.214299 0.244798 0.224287 0.158040 0.113959 0.112391 0.051215 -0.106075 -0.174190 0.032205 0.447021 0.916488 1.424967 1.948515 2.286511 2.243968 1.860195 1.346488 0.884900 0.543489 0.314670 0.168530 
0.118270 0.047694 0.013788 0.016591 0.056590 0.121846 0.188367 0.235925 0.240259 0.188393 0.130686 0.120626 0.093817 -0.038577 -0.174446 -0.097045 0.232782 0.676878 1.168844 1.709935 2.165081 2.307894 2.068323 1.596826 1.100672 0.700121 0.418745 0.234670 
0.170742 0.078399 0.026152 0.010540 0.033433 0.089060 0.157477 0.217549 0.245117 0.215056 0.153583 0.127750 0.120420 0.028055 -0.133170 -0.167299 0.053585 0.448846 0.916721 1.450133 1.976549 2.284285 2.217099 1.835657 1.336798 0.885499 0.547270 0.318248 
0.237600 0.119558 0.047696 0.013533 0.017895 0.059648 0.124312 0.191576 0.238537 0.234013 0.179865 0.138353 0.134714 0.082845 -0.068445 -0.182111 -0.078654 0.242139 0.674591 1.184301 1.740676 2.177282 2.289974 2.041055 1.580283 1.097015 0.702734 0.422570 
0.321719 0.172807 0.078915 0.025799 0.011040 0.035907 0.091655 0.160482 0.221492 0.242478 0.205359 0.154375 0.142562 0.121207 0.002497 -0.152418 -0.157550 0.067785 0.448708 0.923613 1.477460 1.999469 2.278830 2.191996 1.813481 1.327526 0.885610 0.550752 
0.426220 0.240385 0.120764 0.047562 0.013466 0.019614 0.062146 0.127045 0.195990 0.239248 0.225652 0.174971 0.149662 0.144054 0.066378 -0.093684 -0.183792 -0.064331 0.246499 0.676293 1.204516 1.768795 2.184923 2.271873 2.016169 1.564998 1.093185 0.704953 
0.553975 0.325026 0.174772 0.079275 0.025484 0.011992 0.038084 0.094090 0.164728 0.224726 0.237085 0.197140 0.159854 0.155866 0.115514 -0.022397 -0.164934 -0.147983 0.076213 0.449092 0.935898 1.505175 2.018007 2.271230 2.168454 1.793164 1.318644 0.885382 
0.706871 0.429663 0.243054 0.121810 0.047342 0.013790 0.021299 0.064258 0.130739 0.200682 0.237444 0.216780 0.174334 0.162406 0.147885 0.047137 -0.113602 -0.182364 -0.054470 0.248412 0.682186 1.227592 1.794042 2.189118 2.253906 1.993213 1.550747 1.089281 
0.884926 0.556942 0.328188 0.176585 0.079462 0.025433 0.013113 0.039838 0.097066 0.169858 0.226241 0.229835 0.191743 0.168694 0.165924 0.105010 -0.044730 -0.172565 -0.140291 0.080609 0.451345 0.952258 1.532238 2.032866 2.262198 2.146281 1.774355 1.310132 
1.085376 0.708530 0.432921 0.245577 0.122637 0.047234 0.014392 0.022663 0.066506 0.135513 0.204648 0.233249 0.208908 0.177683 0.174577 0.146570 0.027402 -0.128661 -0.180006 -0.048570 0.249705 0.691918 1.252167 1.816464 2.190688 2.236241 1.971855 1.537366 
1.301978 0.884299 0.559693 0.331199 0.178164 0.079615 0.025674 0.014081 0.041439 0.100994 0.175147 0.225566 0.221939 0.189781 0.179243 0.171968 0.091598 -0.063719 -0.177181 -0.135143 0.082575 0.456057 0.971537 1.558075 2.044660 2.252206 2.125311 1.756798 
1.524746 1.081504 0.709982 0.436013 0.247871 0.123314 0.047351 0.015009 0.023736 0.069392 0.141037 0.207112 0.227319 0.203158 0.184104 0.184743 0.141151 0.008707 -0.139888 -0.178122 -0.045754 0.251566 0.704915 1.277300 1.836247 2.190239 2.218961 1.951843 
1.740312 1.294160 0.883549 0.562269 0.333994 0.179518 0.079880 0.026046 0.014756 0.043315 0.105911 0.179808 0.222762 0.214600 0.191169 0.189952 0.174054 0.076948 -0.079385 -0.180330 -0.132557 0.083402 0.463361 0.992787 1.582393 2.053902 2.241579 2.105399 
1.932989 1.512794 1.077688 0.711283 0.438907 0.249901 0.123973 0.047645 0.015420 0.024781 0.073200 0.146728 0.207674 0.220589 0.200108 0.192396 0.192154 0.132904 -0.008142 -0.148447 -0.177467 -0.045077 0.254698 0.720551 1.302352 1.853626 2.188223 2.202103 
