-0.000018 0.000090 -0.124172 0.627705 1.005942 1.010805 1.019067 1.036401 1.199462 0.525054 0.278553 0.461602 0.675232 0.869232 0.984528 0.981893 0.863348 0.670513 0.461400 0.282856 0.155905 0.078296 0.036285 0.015483 0.005850 0.001788 0.000393 0.000060 
-0.000002 0.015582 -0.171558 0.298472 0.863495 1.007949 1.013802 1.009518 1.222615 0.808769 0.348110 0.366255 0.570871 0.782070 0.941621 0.997699 0.931907 0.768965 0.562136 0.365679 0.213213 0.112651 0.054640 0.024488 0.009970 0.003485 0.000957 0.000194 
-0.001877 0.033131 -0.160134 0.051583 0.633555 0.953047 1.012143 0.984488 1.194434 1.021544 0.518589 0.333874 0.467740 0.682926 0.874780 0.984894 0.976947 0.855922 0.664254 0.458408 0.282958 0.157613 0.080163 0.037610 0.016225 0.006233 0.002001 0.000505 
-0.005359 0.044161 -0.114124 -0.100557 0.375379 0.825850 0.993439 0.968615 1.137316 1.149247 0.730287 0.386409 0.390642 0.578250 0.789070 0.944595 0.995055 0.925265 0.761860 0.557532 0.364420 0.214298 0.114525 0.056240 0.025493 0.010509 0.003775 0.001364 
-0.009028 0.045377 -0.056463 -0.165137 0.140594 0.635975 0.933696 0.956836 1.072561 1.197143 0.930381 0.514834 0.365604 0.481544 0.690572 0.879966 0.984856 0.971862 0.848678 0.658294 0.455602 0.283066 0.159226 0.081941 0.038896 0.016970 0.006602 0.003108 
-0.011278 0.037705 -0.004689 -0.162601 -0.035978 0.412992 0.819158 0.933693 1.013592 1.183770 1.082360 0.689318 0.407072 0.411938 0.588513 0.795832 0.947147 0.992133 0.918670 0.755024 0.553178 0.363247 0.215327 0.116303 0.057779 0.026488 0.010926 0.005935 
-0.010946 0.024636 0.030948 -0.119212 -0.139583 0.193857 0.652529 0.880755 0.962357 1.132629 1.169519 0.871990 0.512306 0.388042 0.496382 0.699173 0.884780 0.984446 0.966674 0.841622 0.652612 0.452961 0.283175 0.160752 0.083637 0.040167 0.017386 0.009959 
-0.007554 0.010504 0.047350 -0.060356 -0.173624 0.011483 0.451999 0.784970 0.910472 1.064166 1.192877 1.028524 0.662721 0.421098 0.430406 0.599925 0.802719 0.949293 0.988970 0.912143 0.748447 0.549054 0.362147 0.216300 0.117989 0.059316 0.026857 0.015357 
-0.001220 -0.000874 0.046996 -0.005807 -0.154287 -0.112996 0.245184 0.644418 0.844197 0.990442 1.165154 1.135882 0.830100 0.510543 0.405725 0.511006 0.708350 0.889368 0.983694 0.961415 0.834757 0.647189 0.450468 0.283282 0.162190 0.085376 0.040467 0.022534 
0.007645 -0.006987 0.035645 0.032554 -0.103768 -0.173253 0.060962 0.469733 0.750999 0.913761 1.103296 1.185082 0.984712 0.643479 0.431872 0.446858 0.611719 0.809695 0.951107 0.985602 0.905700 0.742118 0.545137 0.361113 0.217201 0.119794 0.059549 0.032228 
0.018692 -0.006829 0.020044 0.050753 -0.043962 -0.176473 -0.077965 0.281286 0.625179 0.829034 1.021998 1.179458 1.102505 0.797892 0.509351 0.420631 0.525149 0.717778 0.893766 0.982654 0.956111 0.828084 0.642008 0.448111 0.283344 0.163853 0.085557 0.045546 
0.031953 -0.000618 0.006128 0.051077 0.008120 -0.139095 -0.159811 0.103580 0.470737 0.728468 0.929954 1.130030 1.169439 0.948190 0.628644 0.440836 0.461876 0.623543 0.816659 0.952639 0.982068 0.899353 0.736023 0.541418 0.360068 0.218449 0.119919 0.063907 
0.048007 0.010753 -0.002020 0.039591 0.042631 -0.081299 -0.184967 -0.041086 0.300837 0.606633 0.829387 1.050075 1.182317 1.071101 0.771950 0.508634 0.433778 0.538779 0.727243 0.897968 0.981371 0.950788 0.821598 0.637064 0.445777 0.283872 0.163869 0.088906 
0.068001 0.026320 -0.002432 0.023607 0.056982 -0.021867 -0.164076 -0.137782 0.134391 0.464115 0.718268 0.950787 1.146628 1.150201 0.917046 0.616735 0.448724 0.475845 0.635228 0.823521 0.953918 0.978405 0.893111 0.730175 0.537747 0.359587 0.218241 0.122129 
0.093509 0.045544 0.005095 0.009670 0.054322 0.025477 -0.114035 -0.181664 -0.008889 0.308700 0.593896 0.839112 1.072741 1.178006 1.042018 0.750353 0.508338 0.445752 0.551923 0.736611 0.901958 0.979884 0.945463 0.815329 0.632178 0.444065 0.283259 0.164937 
0.126290 0.068587 0.019692 0.002373 0.041184 0.053733 -0.053264 -0.177900 -0.113378 0.153954 0.456295 0.717953 0.971972 1.155530 1.129472 0.889979 0.606917 0.455950 0.489023 0.646685 0.830212 0.954965 0.974638 0.887023 0.724374 0.534708 0.358352 0.218236 
0.167983 0.096338 0.040192 0.004016 0.025061 0.062402 0.002439 -0.139227 -0.170991 0.015912 0.310210 0.588079 0.853770 1.089953 1.169180 1.015172 0.731936 0.508428 0.456913 0.564621 0.745795 0.905723 0.978212 0.940210 0.809075 0.627877 0.442000 0.282273 
0.219797 0.130223 0.065769 0.014952 0.012501 0.055894 0.042634 -0.082131 -0.182442 -0.090964 0.165115 0.450667 0.724613 0.991481 1.158721 1.108329 0.866088 0.598683 0.462768 0.501583 0.657864 0.836689 0.955779 0.970853 0.880901 0.719061 0.531670 0.356457 
0.282242 0.171870 0.096291 0.034314 0.007996 0.041280 0.063202 -0.022806 -0.156260 -0.157278 0.033391 0.309341 0.588525 0.870500 1.102305 1.157506 0.990354 0.715949 0.508884 0.467492 0.576906 0.754744 0.909236 0.976444 0.934863 0.803175 0.623843 0.439244 
0.354914 0.222707 0.132380 0.060845 0.013705 0.026058 0.065732 0.026129 -0.106088 -0.180730 -0.072603 0.170962 0.448584 0.735784 1.008478 1.157700 1.087337 0.844734 0.591707 0.469338 0.513646 0.668743 0.842901 0.956439 0.966917 0.874974 0.714168 0.528094 
0.436382 0.283575 0.175195 0.093564 0.029839 0.016466 0.055805 0.057507 -0.047176 -0.166255 -0.143597 0.044923 0.308576 0.593997 0.887565 1.110537 1.144048 0.967338 0.701889 0.509688 0.477643 0.588812 0.763399 0.912552 0.974480 0.929554 0.797729 0.619519 
0.524160 0.354426 0.226041 0.132141 0.055407 0.016564 0.040840 0.069954 0.006965 -0.124433 -0.175658 -0.058729 0.174028 0.450268 0.749606 1.022734 1.153570 1.066786 0.825457 0.585769 0.475764 0.525300 0.679285 0.848879 0.956873 0.962879 0.869440 0.709240 
0.614782 0.434124 0.285923 0.176945 0.089038 0.028095 0.028097 0.066910 0.047011 -0.068755 -0.171065 -0.131672 0.052214 0.309261 0.603213 0.903956 1.115354 1.129496 0.945917 0.689403 0.510824 0.487476 0.600341 0.771782 0.915625 0.972307 0.924504 0.792450 
0.703989 0.520396 0.355120 0.228800 0.129621 0.050948 0.023245 0.054843 0.068944 -0.012554 -0.137623 -0.169430 -0.048874 0.176125 0.455388 0.764753 1.034312 1.147140 1.046823 0.807918 0.580709 0.482123 0.536587 0.689511 0.854598 0.957026 0.958937 0.864179 
0.787010 0.609903 0.432889 0.288568 0.176647 0.083913 0.029684 0.041231 0.073843 0.033641 -0.086746 -0.172572 -0.122207 0.056842 0.311994 0.615046 0.919124 1.117369 1.114305 0.925908 0.678236 0.512285 0.497047 0.611529 0.779887 0.918377 0.970065 0.919737 
0.858921 0.698445 0.517309 0.356678 0.230209 0.125467 0.048577 0.032824 0.066639 0.063765 -0.030873 -0.146683 -0.163475 -0.042195 0.178430 0.463392 0.780314 1.043410 1.139004 1.027516 0.791857 0.576421 0.488451 0.547553 0.699441 0.859982 0.956973 0.955201 
0.915085 0.781265 0.605314 0.432723 0.290728 0.174357 0.079380 0.034505 0.054317 0.076672 0.019093 -0.101155 -0.172338 -0.115253 0.060076 0.316916 0.628581 0.932800 1.117092 1.098782 0.907159 0.668206 0.514052 0.506404 0.622416 0.787655 0.920823 0.967901 
0.951619 0.853442 0.692869 0.515194 0.358522 0.229868 0.120605 0.048856 0.044093 0.075487 0.055716 -0.047164 -0.152780 -0.158576 -0.037778 0.181643 0.473679 0.795681 1.050272 1.129601 1.008886 0.777082 0.572816 0.494771 0.558256 0.709045 0.865001 0.956848 
