0.049142 0.031777 0.015564 0.005184 0.000946 -0.124962 0.624838 1.000538 1.004995 1.015908 1.032587 1.174979 0.435991 0.060637 0.049142 0.031777 0.015564 0.005184 0.000946 0.000038 -0.000162 0.000538 0.004995 0.015908 0.032587 0.049979 0.060991 0.060637 
0.055624 0.040316 0.022942 0.009606 0.018273 -0.171471 0.296701 0.859093 1.001960 1.009731 1.008533 1.213955 0.760031 0.202832 0.055624 0.040316 0.022942 0.009606 0.002648 0.000404 -0.000174 -0.000282 0.001960 0.009731 0.024158 0.042080 0.056906 0.062207 
0.060006 0.048228 0.031124 0.013524 0.038741 -0.158839 0.050837 0.630338 0.947413 1.006967 0.983305 1.193663 0.999902 0.430182 0.112740 0.048228 0.031124 0.015477 0.005538 0.001318 0.000056 -0.000522 0.000148 0.005013 0.016508 0.033506 0.050684 0.061042 
0.061867 0.054783 0.039738 0.016971 0.053982 -0.110956 -0.100229 0.373391 0.821066 0.987592 0.965883 1.138998 1.143777 0.683508 0.239845 0.074558 0.039494 0.022587 0.009793 0.003058 0.000601 -0.000389 -0.000711 0.001752 0.010073 0.024985 0.042947 0.057287 
0.061035 0.059320 0.048226 0.020883 0.060720 -0.050445 -0.163454 0.139824 0.632372 0.927858 0.952384 1.073483 1.199519 0.911567 0.426879 0.140924 0.054756 0.030526 0.015432 0.005891 0.001646 0.000023 -0.000898 -0.000212 0.005088 0.017147 0.034419 0.051337 
0.057612 0.061350 0.055804 0.026156 0.059677 0.005368 -0.158985 -0.035474 0.410731 0.813985 0.928050 1.012316 1.188249 1.080135 0.644382 0.258928 0.090098 0.041499 0.022285 0.009999 0.003441 0.000747 -0.000639 -0.001132 0.001593 0.010466 0.025827 0.043781 
0.051958 0.060641 0.061589 0.033084 0.053895 0.046278 -0.112792 -0.137566 0.192997 0.648507 0.874742 0.958725 1.135789 1.175147 0.855971 0.424577 0.159484 0.062125 0.031026 0.015426 0.006237 0.001930 -0.000058 -0.001288 -0.000538 0.005219 0.017823 0.035319 
0.044633 0.057267 0.064797 0.041172 0.047043 0.069018 -0.050044 -0.169596 0.012097 0.449411 0.779406 0.905098 1.064470 1.200285 1.029586 0.619486 0.271064 0.102522 0.044638 0.022425 0.010221 0.003794 0.000842 -0.000920 -0.001538 0.001485 0.010909 0.026678 
0.036321 0.051588 0.064926 0.049298 0.042095 0.075660 0.009549 -0.147476 -0.110702 0.244169 0.639946 0.838042 0.987729 1.170692 1.144860 0.816826 0.422790 0.172961 0.069122 0.032280 0.015601 0.006573 0.002169 -0.000182 -0.001684 -0.000827 0.005404 0.018520 
0.027737 0.044195 0.061878 0.056059 0.040600 0.071337 0.053969 -0.093188 -0.168851 0.061620 0.466768 0.745045 0.908726 1.105309 1.195551 0.989094 0.601782 0.279627 0.112666 0.048181 0.022984 0.010509 0.004114 0.000887 -0.001228 -0.001927 0.001428 0.011377 
0.019545 0.035813 0.055974 0.060173 0.042555 0.061982 0.078876 -0.028547 -0.169286 -0.075450 0.280053 0.620231 0.822773 1.020310 1.187518 1.114929 0.787293 0.421305 0.183337 0.075512 0.033992 0.015987 0.006916 0.002362 -0.000347 -0.002085 -0.001074 0.005601 
0.012282 0.027192 0.047889 0.060801 0.046733 0.052585 0.085969 0.029330 -0.128238 -0.155076 0.104217 0.467347 0.722128 0.925333 1.133889 1.183104 0.955905 0.588297 0.286053 0.121137 0.051813 0.023873 0.010887 0.004408 0.000886 -0.001560 -0.002287 0.001355 
0.006321 0.019014 0.038514 0.057718 0.051277 0.046218 0.080530 0.070265 -0.065796 -0.177424 -0.038409 0.299325 0.601184 0.823061 1.049528 1.193048 1.087056 0.763930 0.420009 0.191646 0.081302 0.035974 0.016566 0.007278 0.002512 -0.000552 -0.002470 -0.001377 
0.001847 0.011816 0.028801 0.051321 0.054325 0.043826 0.068946 0.091122 -0.000819 -0.152940 -0.132757 0.134943 0.460252 0.711549 0.946663 1.152477 1.167194 0.928093 0.577525 0.291075 0.128347 0.055398 0.025005 0.011357 0.004682 0.000837 -0.001887 -0.002749 
-0.001122 0.005955 0.019617 0.042501 0.054511 0.044623 0.056754 0.094299 0.052674 -0.098418 -0.173788 -0.006108 0.306849 0.587924 0.832769 1.073457 1.191563 1.061577 0.744794 0.418835 0.198489 0.086553 0.038108 0.017309 0.007666 0.002620 -0.000758 -0.003000 
-0.002711 0.001593 0.011633 0.032418 0.051243 0.046815 0.047512 0.085422 0.087170 -0.032337 -0.166484 -0.108108 0.154356 0.451915 0.710866 0.968436 1.163522 1.149919 0.904332 0.568613 0.295110 0.134584 0.058875 0.026314 0.011913 0.004934 0.000789 -0.002394 
-0.003130 -0.001276 0.005270 0.022271 0.044737 0.048388 0.042511 0.070988 0.101453 0.029246 -0.123476 -0.162807 0.018737 0.307962 0.581563 0.847461 1.092065 1.185719 1.038393 0.728695 0.417740 0.204245 0.091336 0.040325 0.018186 0.008069 0.002741 -0.001161 
-0.002624 -0.002790 0.000690 0.013087 0.035856 0.047754 0.041156 0.056501 0.099054 0.075414 -0.061289 -0.170751 -0.085495 0.165302 0.445725 0.717174 0.988632 1.169014 1.132352 0.883701 0.561035 0.298419 0.140053 0.062221 0.027752 0.012529 0.005227 0.000549 
-0.001413 -0.003162 -0.002164 0.005592 0.025830 0.044117 0.041712 0.045427 0.086052 0.101367 0.003657 -0.140359 -0.148816 0.036200 0.306635 0.581448 0.864287 1.105954 1.177182 1.017279 0.714862 0.416696 0.209170 0.095717 0.042581 0.019150 0.008550 0.002700 
0.000348 -0.002631 -0.003508 0.000154 0.015955 0.037560 0.042149 0.038956 0.068903 0.107837 0.058301 -0.085296 -0.168772 -0.066985 0.170871 0.443039 0.728014 1.006425 1.170459 1.115044 0.865539 0.554449 0.301174 0.144904 0.065436 0.029262 0.013257 0.005408 
0.002618 -0.001404 -0.003637 -0.003195 0.007329 0.028884 0.040827 0.036410 0.052806 0.099429 0.094826 -0.021013 -0.150192 -0.134887 0.047654 0.305354 0.586347 0.881517 1.115873 1.167013 0.997990 0.702767 0.415685 0.213438 0.099758 0.044828 0.020240 0.008983 
0.005508 0.000383 -0.002855 -0.004676 0.000688 0.019308 0.036901 0.036017 0.040830 0.082521 0.111032 0.038574 -0.103663 -0.163444 -0.053011 0.173592 0.444078 0.741534 1.021597 1.168963 1.098276 0.849361 0.548622 0.303491 0.149254 0.068500 0.030867 0.014000 
0.009333 0.002709 -0.001413 -0.004664 -0.003651 0.010127 0.030414 0.035747 0.033814 0.063323 0.109398 0.083526 -0.042851 -0.154830 -0.122749 0.054805 0.305464 0.594980 0.898153 1.122537 1.155898 0.980296 0.692040 0.414695 0.217187 0.103487 0.047088 0.021387 
0.014681 0.005709 0.000539 -0.003571 -0.005753 0.002424 0.022140 0.033989 0.030850 0.046497 0.095354 0.109025 0.018537 -0.116848 -0.156974 -0.043110 0.175277 0.448515 0.756415 1.034223 1.165338 1.082179 0.834804 0.543388 0.305465 0.153175 0.071450 0.032532 
0.022497 0.009719 0.002991 -0.001757 -0.005957 -0.003107 0.013265 0.029938 0.030071 0.034523 0.075324 0.115209 0.069393 -0.061063 -0.156159 -0.113107 0.059227 0.307563 0.606226 0.913655 1.126565 1.144286 0.963997 0.682409 0.413722 0.220499 0.106962 0.049357 
0.034167 0.015352 0.006108 0.000548 -0.004738 -0.006222 0.005042 0.023669 0.029465 0.027753 0.055038 0.105979 0.102881 -0.000255 -0.125880 -0.150794 -0.036440 0.177105 0.455799 0.771756 1.044509 1.160176 1.066804 0.821591 0.538633 0.307150 0.156739 0.074317 
0.051575 0.023563 0.010269 0.003294 -0.002570 -0.007074 -0.001511 0.015959 0.027505 0.024984 0.038438 0.087263 0.116935 0.054124 -0.075656 -0.155745 -0.106016 0.062188 0.311794 0.619178 0.927768 1.128472 1.132470 0.948915 0.673677 0.412758 0.223446 0.110244 
0.077077 0.035729 0.016126 0.006643 0.000192 -0.006080 -0.005780 0.007965 0.023491 0.024248 0.027290 0.065245 0.113659 0.093901 -0.016977 -0.131928 -0.145690 -0.032089 0.179769 0.465335 0.786959 1.052709 1.153915 1.052153 0.809507 0.534266 0.308588 0.160028 
