0.251132 0.144249 0.888168 1.272079 1.338319 1.481508 1.678863 1.994379 1.358906 0.983959 0.882530 0.731601 0.586533 0.474775 0.390111 0.311143 0.224992 0.137508 0.065615 0.021694 0.004024 0.000207 -0.000637 0.002154 0.019981 0.063633 0.130346 0.197806 
0.244495 0.091340 0.561209 1.119832 1.295580 1.403143 1.565416 1.955495 1.644077 1.137243 0.939432 0.806333 0.654903 0.527267 0.431731 0.351525 0.268234 0.179301 0.098065 0.040373 0.011127 0.001744 -0.000670 -0.001121 0.007840 0.038925 0.096896 0.165843 
0.234145 0.090039 0.315180 0.888380 1.216230 1.342523 1.455804 1.848142 1.824213 1.352032 1.030249 0.875174 0.727644 0.587073 0.477583 0.392014 0.310585 0.222805 0.135740 0.065664 0.023267 0.005564 0.000292 -0.002072 0.000594 0.020021 0.066539 0.130156 
0.213162 0.115936 0.159103 0.632449 1.077499 1.281003 1.364281 1.704006 1.892209 1.569323 1.170302 0.951768 0.800539 0.653473 0.529337 0.434281 0.352093 0.266606 0.177149 0.097242 0.041379 0.012862 0.002564 -0.001519 -0.002834 0.006921 0.041142 0.093301 
0.180368 0.147000 0.083747 0.399313 0.885168 1.194279 1.290586 1.553084 1.861994 1.740283 1.347251 1.052622 0.875633 0.724140 0.587770 0.480200 0.393599 0.309845 0.220684 0.134190 0.065892 0.024843 0.006936 0.000177 -0.003560 -0.001015 0.021790 0.058759 
0.138935 0.167420 0.068021 0.220244 0.664333 1.066324 1.221659 1.416034 1.761366 1.835053 1.531467 1.185232 0.960941 0.797996 0.652355 0.531364 0.436544 0.352398 0.264931 0.175163 0.096635 0.042475 0.014496 0.003179 -0.002477 -0.004820 0.008617 0.029694 
0.094409 0.169163 0.086268 0.107649 0.447551 0.896161 1.139111 1.299976 1.622656 1.845369 1.688591 1.343106 1.065418 0.877305 0.722094 0.588588 0.482620 0.394886 0.308952 0.218642 0.132853 0.066282 0.026403 0.008130 -0.000063 -0.005621 0.000943 0.008135 
0.052712 0.151492 0.114681 0.057143 0.264011 0.697563 1.027897 1.199317 1.473812 1.781449 1.790568 1.507374 1.193065 0.967249 0.796987 0.651899 0.533325 0.438528 0.352466 0.263232 0.173345 0.096231 0.043642 0.016006 0.003704 -0.004357 -0.002417 -0.005346 
0.018593 0.119051 0.135677 0.052861 0.132242 0.493689 0.882594 1.100723 1.332422 1.664945 1.822548 1.652861 1.339158 1.073213 0.878971 0.721129 0.589640 0.484834 0.395894 0.307931 0.216692 0.131723 0.066817 0.027907 0.009325 -0.001577 -0.002779 -0.011505 
-0.005251 0.079301 0.139794 0.073995 0.057293 0.309534 0.709489 0.989962 1.203969 1.520548 1.784658 1.755706 1.490040 1.197222 0.971542 0.796756 0.652049 0.535254 0.440242 0.352322 0.261528 0.171699 0.096020 0.044821 0.017656 0.002662 -0.001237 -0.011995 
-0.018349 0.040032 0.125334 0.100757 0.032026 0.164949 0.524446 0.858034 1.084144 1.368818 1.689236 1.799771 1.626267 1.335239 1.078020 0.880389 0.720913 0.590928 0.486861 0.396641 0.306804 0.214845 0.130800 0.067417 0.029717 0.008772 0.001570 -0.008804 
-0.022067 0.007477 0.096418 0.118565 0.041185 0.070166 0.347936 0.704675 0.963768 1.222013 1.555262 1.780008 1.727709 1.476527 1.199181 0.974435 0.796965 0.652681 0.537164 0.441703 0.351988 0.259835 0.170240 0.095898 0.046473 0.017527 0.005567 -0.003721 
-0.018880 -0.014720 0.060297 0.119933 0.066580 0.024577 0.199180 0.538511 0.834328 1.083515 1.402200 1.702266 1.778719 1.605388 1.331279 1.080899 0.881551 0.721227 0.592416 0.488716 0.397150 0.305592 0.213131 0.129954 0.068625 0.029876 0.011213 0.002056 
-0.011549 -0.025657 0.024711 0.104238 0.091838 0.018503 0.091288 0.374285 0.692248 0.950234 1.245185 1.580185 1.771716 1.704651 1.465368 1.199710 0.976347 0.797450 0.653682 0.539049 0.442932 0.351484 0.258201 0.168811 0.096467 0.046740 0.019356 0.008107 
-0.002415 -0.026663 -0.004118 0.075966 0.105655 0.036905 0.028619 0.228416 0.540764 0.816621 1.092703 1.430618 1.708275 1.759711 1.588306 1.327252 1.082470 0.882507 0.721924 0.594051 0.490407 0.397437 0.304355 0.211375 0.129812 0.068811 0.031032 0.014782 
0.007065 -0.020388 -0.022583 0.042223 0.103115 0.063722 0.006751 0.114448 0.389151 0.678664 0.946933 1.269193 1.597724 1.761848 1.685215 1.455745 1.199259 0.977566 0.798127 0.654959 0.540895 0.443936 0.350884 0.256438 0.168023 0.096409 0.047230 0.023025 
0.016482 -0.009819 -0.029860 0.010309 0.085205 0.085616 0.014653 0.039724 0.249948 0.536563 0.806050 1.107279 1.454009 1.709881 1.742636 1.573857 1.323152 1.083131 0.883313 0.722905 0.595789 0.491927 0.397584 0.302907 0.210131 0.129412 0.068698 0.034097 
0.026375 0.002549 -0.027366 -0.014116 0.057068 0.094332 0.038130 0.004044 0.135287 0.395397 0.667338 0.950977 1.292002 1.609834 1.751450 1.668487 1.447169 1.198116 0.978296 0.798948 0.656440 0.542668 0.444797 0.350008 0.255012 0.167271 0.095790 0.049274 
0.037941 0.015223 -0.017804 -0.027983 0.025716 0.087383 0.063467 0.000421 0.053558 0.263863 0.529905 0.801984 1.124388 1.472945 1.708715 1.727263 1.561295 1.318989 1.083147 0.884017 0.724102 0.597566 0.493348 0.397429 0.301603 0.209109 0.128410 0.069580 
0.052645 0.027871 -0.004146 -0.030878 -0.002130 0.067247 0.080316 0.017421 0.007343 0.151743 0.396130 0.659654 0.959917 1.312765 1.617983 1.741053 1.653821 1.439334 1.196479 0.978680 0.799887 0.658045 0.544419 0.445376 0.349099 0.253881 0.166026 0.095596 
0.071849 0.041163 0.011201 -0.024447 -0.021582 0.039597 0.083277 0.042267 -0.006927 0.067045 0.271544 0.523300 0.803213 1.142295 1.488142 1.705806 1.713344 1.550123 1.314774 1.082704 0.884664 0.725439 0.599409 0.494552 0.397106 0.300570 0.207775 0.127376 
0.096507 0.056415 0.026893 -0.011437 -0.030304 0.011195 0.072023 0.063795 0.002274 0.013743 0.163387 0.393902 0.655860 0.971908 1.331242 1.623240 1.730920 1.640750 1.432039 1.194485 0.978832 0.800902 0.659777 0.546054 0.445715 0.348370 0.252623 0.164467 
0.127003 0.075140 0.042755 0.005295 -0.028416 -0.011971 0.050241 0.074571 0.023910 -0.009264 0.078456 0.274714 0.518120 0.808473 1.159992 1.500280 1.701811 1.700652 1.540000 1.310524 1.081943 0.885266 0.726914 0.601243 0.495510 0.396843 0.299548 0.206020 
0.163118 0.098637 0.059582 0.023557 -0.017830 -0.025914 0.023871 0.071780 0.047055 -0.007788 0.021029 0.170692 0.390548 0.655651 0.985636 1.347481 1.626382 1.721168 1.628929 1.425150 1.192246 0.978814 0.802005 0.661586 0.547493 0.446005 0.347724 0.250970 
0.204123 0.127699 0.078731 0.042240 -0.001300 -0.029106 -0.000787 0.056904 0.063182 0.009176 -0.008485 0.087086 0.274964 0.514989 0.816661 1.176927 1.509946 1.697153 1.688991 1.530680 1.306264 1.080952 0.885861 0.728505 0.602964 0.496348 0.396674 0.298235 
0.248968 0.162479 0.101655 0.061366 0.018503 -0.022218 -0.018618 0.034485 0.067579 0.031636 -0.013809 0.027762 0.174507 0.387271 0.658501 1.000200 1.361662 1.627971 1.711841 1.618099 1.418584 1.189831 0.978690 0.803206 0.663369 0.548789 0.446357 0.346913 
0.296508 0.202515 0.129500 0.081833 0.039667 -0.007398 -0.026606 0.010435 0.059662 0.050795 -0.001964 -0.006170 0.092882 0.273581 0.514078 0.826880 1.192825 1.517621 1.692107 1.678192 1.521996 1.302006 1.079803 0.886492 0.730131 0.604560 0.497199 0.396448 
0.345735 0.246889 0.162839 0.104979 0.061362 0.012653 -0.024033 -0.009609 0.042310 0.060715 0.018347 -0.016974 0.033150 0.175757 0.384791 0.663836 1.014996 1.374012 1.628415 1.702934 1.608068 1.412278 1.187293 0.978529 0.804462 0.665069 0.550053 0.446722 
