0.007478 0.005113 0.009729 0.026716 -0.058473 0.770209 1.278283 1.467843 1.689564 1.891439 2.136661 1.383757 0.884390 0.682091 0.463104 0.277163 0.146567 0.068611 0.028351 0.010638 0.005580 0.008029 0.014724 0.022267 0.027118 0.026952 0.021841 0.013911 
0.010186 0.005423 0.005874 0.030994 -0.130112 0.395944 1.064060 1.369043 1.581184 1.785083 2.138816 1.728517 1.096940 0.785326 0.568467 0.363215 0.205285 0.102877 0.045662 0.017913 0.007170 0.006273 0.011271 0.018832 0.025319 0.027653 0.024749 0.017689 
0.013595 0.007153 0.002565 0.041713 -0.135454 0.115158 0.775394 1.228157 1.476144 1.664404 2.057453 1.961326 1.372733 0.929289 0.675445 0.459926 0.277310 0.148432 0.070586 0.029661 0.011311 0.005985 0.008452 0.015185 0.022595 0.027141 0.026720 0.021274 
0.017280 0.010142 -0.000608 0.049178 -0.100343 -0.061351 0.471210 1.027372 1.359616 1.544675 1.922076 2.070948 1.648886 1.127311 0.797577 0.563573 0.361901 0.206492 0.104894 0.047302 0.018858 0.007674 0.006685 0.011734 0.019248 0.025488 0.027559 0.024276 
0.020796 0.014163 -0.002800 0.049198 -0.049147 -0.142543 0.201979 0.777281 1.211892 1.428103 1.761942 2.067878 1.872356 1.364118 0.950478 0.676533 0.456954 0.277470 0.150192 0.072455 0.030923 0.011992 0.006425 0.008901 0.015650 0.022890 0.027193 0.026382 
0.023720 0.018770 -0.002939 0.041992 -0.000593 -0.150585 0.000871 0.507216 1.021887 1.305294 1.598510 1.977592 2.009207 1.606413 1.139836 0.806710 0.561732 0.360686 0.207638 0.106798 0.048863 0.019787 0.008203 0.007129 0.012215 0.019637 0.025680 0.027384 
0.025713 0.023340 -0.000414 0.030466 0.034126 -0.113270 -0.119218 0.253003 0.793459 1.162365 1.441169 1.831485 2.047701 1.815782 1.356443 0.962254 0.678729 0.455209 0.277636 0.151855 0.074223 0.032138 0.012681 0.006896 0.009380 0.016098 0.023201 0.027203 
0.026568 0.027199 0.004634 0.018428 0.051178 -0.057253 -0.163515 0.045863 0.544675 0.989175 1.287828 1.658089 1.995609 1.960169 1.577969 1.145516 0.812991 0.561226 0.359949 0.208727 0.108596 0.050353 0.020701 0.008755 0.007608 0.012691 0.020037 0.025889 
0.026235 0.029783 0.011371 0.009162 0.052451 -0.003309 -0.149839 -0.095005 0.302058 0.785156 1.129550 1.477051 1.873469 2.021234 1.775351 1.349251 0.969158 0.680797 0.454330 0.277951 0.153425 0.075900 0.033313 0.013378 0.007403 0.009867 0.016551 0.023610 
0.024807 0.030754 0.018552 0.004579 0.043187 0.035917 -0.101744 -0.165201 0.092772 0.560945 0.956965 1.297186 1.706342 1.996558 1.920819 1.556550 1.147738 0.817241 0.561303 0.359659 0.209813 0.110296 0.051775 0.021600 0.009336 0.008107 0.013162 0.020634 
0.022499 0.030049 0.024874 0.004993 0.029618 0.055851 -0.042189 -0.173651 -0.062489 0.335878 0.765929 1.118459 1.516632 1.897194 1.994755 1.744253 1.342355 0.973170 0.682485 0.454006 0.278445 0.154930 0.077492 0.034449 0.014088 0.007936 0.010332 0.017311 
0.019609 0.027864 0.029300 0.009370 0.017104 0.058269 0.011009 -0.138248 -0.153971 0.132733 0.560594 0.936488 1.319746 1.742288 1.989483 1.888428 1.539215 1.147950 0.820052 0.561631 0.359720 0.210928 0.111912 0.053135 0.022493 0.009944 0.008561 0.014045 
0.016491 0.024589 0.031253 0.015877 0.009059 0.048740 0.047388 -0.080312 -0.183913 -0.028263 0.353159 0.747621 1.123207 1.552936 1.909416 1.969975 1.719078 1.335661 0.975316 0.683778 0.454036 0.279102 0.156390 0.079007 0.035552 0.014822 0.008394 0.011293 
0.013530 0.020719 0.030676 0.022495 0.006655 0.034028 0.063858 -0.019474 -0.164519 -0.134310 0.160818 0.552749 0.928646 1.347227 1.768166 1.978628 1.861091 1.524486 1.146888 0.821822 0.562056 0.360041 0.212080 0.113457 0.054439 0.023400 0.010442 0.009556 
0.011141 0.016779 0.027965 0.027543 0.009174 0.020035 0.063088 0.029906 -0.113903 -0.182529 0.001154 0.358788 0.735362 1.137642 1.584007 1.914397 1.947243 1.697913 1.329120 0.976193 0.684720 0.454292 0.279893 0.157818 0.080451 0.036659 0.015412 0.009392 
0.009780 0.013266 0.023823 0.029997 0.014705 0.010580 0.051091 0.060325 -0.051396 -0.179755 -0.112432 0.177604 0.543862 0.930991 1.375321 1.786395 1.966092 1.837511 1.511533 1.144975 0.822826 0.562502 0.360552 0.213267 0.114937 0.055737 0.024132 0.011431 
0.009964 0.010639 0.019092 0.029594 0.020955 0.007063 0.034745 0.070828 0.006544 -0.140036 -0.173932 0.023058 0.358124 0.730277 1.157313 1.609780 1.914778 1.926476 1.679595 1.322703 0.976172 0.685367 0.454694 0.280790 0.159211 0.081888 0.037572 0.016400 
0.012293 0.009329 0.014610 0.026735 0.025931 0.008812 0.019854 0.065332 0.048973 -0.080831 -0.185845 -0.092697 0.185955 0.537340 0.940616 1.401980 1.798942 1.952949 1.816787 1.499854 1.142472 0.823253 0.562934 0.361201 0.214469 0.116423 0.056836 0.025144 
0.017482 0.009781 0.011114 0.022289 0.028372 0.013852 0.010029 0.050323 0.071333 -0.019028 -0.158108 -0.162459 0.037538 0.355161 0.731717 1.179348 1.630830 1.912217 1.907464 1.663376 1.316392 0.975500 0.685771 0.455193 0.281749 0.160639 0.083143 0.038635 
0.026377 0.012502 0.009217 0.017338 0.027906 0.019775 0.006425 0.032586 0.074749 0.032242 -0.105409 -0.185827 -0.077164 0.188983 0.534555 0.955051 1.426351 1.807291 1.939758 1.798282 1.489123 1.139551 0.823241 0.563340 0.361929 0.215742 0.117767 0.057970 
0.039959 0.018116 0.009434 0.012971 0.024959 0.024493 0.008161 0.017505 0.064251 0.065389 -0.043738 -0.169253 -0.151181 0.045981 0.352403 0.738453 1.201996 1.647880 1.907767 1.889980 1.648754 1.310179 0.974345 0.685979 0.455732 0.282809 0.161983 0.084343 
0.059333 0.027392 0.012248 0.010146 0.020522 0.026709 0.013118 0.008158 0.046580 0.078603 0.012874 -0.124444 -0.182603 -0.066257 0.189239 0.535741 0.972432 1.448188 1.812533 1.926804 1.781536 1.479124 1.136328 0.822897 0.563690 0.362758 0.216998 0.119006 
0.085703 0.041263 0.018190 0.009637 0.015858 0.026088 0.018834 0.005215 0.028169 0.074811 0.054687 -0.065680 -0.175337 -0.141824 0.050115 0.351216 0.749203 1.224236 1.661620 1.902111 1.873813 1.635378 1.304056 0.972835 0.686009 0.456328 0.283907 0.163212 
0.120324 0.060812 0.027911 0.012067 0.012246 0.023158 0.023257 0.007453 0.013731 0.059835 0.077279 -0.006835 -0.138404 -0.178384 -0.059500 0.188555 0.540579 0.991426 1.467539 1.815464 1.914229 1.766206 1.469704 1.132896 0.822279 0.564011 0.363651 0.218161 
0.164452 0.087242 0.042230 0.017986 0.010815 0.019054 0.025195 0.012595 0.005614 0.040366 0.081252 0.041154 -0.084068 -0.178252 -0.135088 0.051531 0.352214 0.762844 1.245506 1.672646 1.895695 1.858777 1.622993 1.298026 0.971044 0.685906 0.456973 0.284950 
0.219290 0.121822 0.062140 0.027974 0.012474 0.015197 0.024468 0.018193 0.003888 0.022223 0.070932 0.071844 -0.025337 -0.148329 -0.174602 -0.056036 0.188129 0.548525 1.011116 1.484588 1.816666 1.902094 1.752033 1.460762 1.129304 0.821450 0.564326 0.364520 
0.285935 0.165833 0.088791 0.042723 0.017946 0.013017 0.021775 0.022334 0.006960 0.009258 0.052552 0.083649 0.026480 -0.098923 -0.179570 -0.131019 0.051518 0.355553 0.778460 1.265526 1.681458 1.888817 1.844715 1.611421 1.292083 0.969036 0.685723 0.457601 
0.365322 0.220501 0.123440 0.063096 0.027854 0.013771 0.018421 0.024046 0.012438 0.002985 0.032430 0.079134 0.063594 -0.041816 -0.155396 -0.172043 -0.054938 0.188676 0.558987 1.030885 1.499564 1.816570 1.890415 1.738823 1.452215 1.125592 0.820480 0.564605 
