-0.000004 0.000246 0.001527 0.005354 0.014522 -0.090304 0.701357 1.154671 1.283926 1.465857 1.677571 1.995055 1.359705 0.981813 0.862523 0.668054 0.456986 0.277404 0.151361 0.076590 0.038181 0.020101 0.011222 0.006043 0.002732 0.000883 0.000162 -0.000005 
-0.000036 -0.000008 0.000568 0.002773 0.024187 -0.149952 0.347820 0.968522 1.212714 1.371169 1.558493 1.955417 1.645198 1.138434 0.931566 0.767363 0.558584 0.360503 0.207973 0.109430 0.054845 0.027991 0.015199 0.008399 0.004204 0.001666 0.000453 0.000058 
-0.000004 -0.000090 0.000077 -0.000731 0.037924 -0.146871 0.083568 0.705235 1.101335 1.288333 1.438631 1.845348 1.824876 1.354329 1.029666 0.855036 0.661636 0.453849 0.277490 0.153207 0.078671 0.039660 0.020846 0.011473 0.006095 0.002770 0.000958 0.000218 
0.000090 -0.000079 0.000115 -0.005260 0.046528 -0.106378 -0.080555 0.422597 0.929423 1.199421 1.331429 1.695388 1.891371 1.571367 1.173244 0.944698 0.760135 0.553814 0.359160 0.209130 0.111498 0.056641 0.029073 0.015660 0.008527 0.004243 0.001730 0.000523 
0.000273 -0.000040 0.000714 -0.009718 0.046221 -0.052266 -0.153133 0.170562 0.705613 1.081671 1.236431 1.534406 1.857878 1.741134 1.351108 1.053473 0.855136 0.655516 0.450909 0.277595 0.154967 0.080658 0.041087 0.021582 0.011738 0.006164 0.002823 0.001030 
0.000596 -0.000017 0.001735 -0.012798 0.037555 -0.002725 -0.155769 -0.017705 0.457962 0.921304 1.141150 1.382231 1.751169 1.833666 1.534572 1.189878 0.954465 0.755950 0.549301 0.357916 0.210242 0.113471 0.058365 0.030127 0.016126 0.008672 0.004300 0.001797 
0.001123 -0.000006 0.002895 -0.013642 0.023707 0.031511 -0.115636 -0.128938 0.221669 0.720070 1.028572 1.245708 1.602505 1.840116 1.689819 1.348565 1.067559 0.856224 0.650717 0.448145 0.277716 0.156648 0.082559 0.042466 0.022308 0.012013 0.006252 0.002886 
0.001925 0.000055 0.003874 -0.012110 0.008726 0.046978 -0.058793 -0.167775 0.027891 0.494607 0.885742 1.119683 1.439005 1.769799 1.788837 1.511661 1.199353 0.961163 0.753104 0.545413 0.356760 0.211310 0.115354 0.060021 0.031154 0.016594 0.008834 0.004368 
0.003075 0.000279 0.004440 -0.008720 -0.003869 0.045855 -0.005506 -0.151365 -0.103823 0.270697 0.709824 0.992040 1.277910 1.643372 1.816345 1.654641 1.346243 1.076492 0.857087 0.646879 0.445687 0.277848 0.158254 0.084379 0.043799 0.023024 0.012302 0.006348 
0.004652 0.000807 0.004524 -0.004391 -0.011903 0.033628 0.031986 -0.102611 -0.168466 0.075361 0.509874 0.850475 1.125026 1.484702 1.771693 1.753830 1.495611 1.205074 0.965640 0.750856 0.542113 0.355737 0.212336 0.117155 0.061614 0.032155 0.017067 0.008990 
0.006759 0.001784 0.004245 -0.000109 -0.014778 0.016759 0.049427 -0.043905 -0.174249 -0.070389 0.304357 0.688431 0.977110 1.313949 1.666304 1.792806 1.628760 1.343954 1.082276 0.857493 0.643689 0.443553 0.278009 0.159790 0.086124 0.045088 0.023735 0.012561 
0.009557 0.003342 0.003866 0.003357 -0.013219 0.000849 0.048843 0.007387 -0.138353 -0.156179 0.115818 0.508318 0.826750 1.143590 1.518359 1.765874 1.725878 1.483466 1.208503 0.968512 0.748882 0.539297 0.354865 0.213331 0.118878 0.063146 0.033139 0.017476 
0.013304 0.005607 0.003734 0.005620 -0.008762 -0.010426 0.036027 0.041151 -0.081472 -0.183494 -0.035244 0.321326 0.667733 0.977929 1.346881 1.678055 1.771178 1.608741 1.341613 1.085962 0.857442 0.640946 0.441719 0.278213 0.161265 0.087796 0.046349 0.024340 
0.018404 0.008728 0.004200 0.006710 -0.003160 -0.015608 0.017967 0.054557 -0.022736 -0.163767 -0.135409 0.144312 0.499056 0.815487 1.167127 1.542224 1.756561 1.703046 1.473742 1.210396 0.970199 0.747035 0.536867 0.354146 0.214304 0.120528 0.064643 0.033973 
0.025452 0.012922 0.005584 0.007003 0.002097 -0.015137 0.000803 0.050498 0.023878 -0.114425 -0.181008 -0.004926 0.326473 0.652870 0.988375 1.374771 1.682874 1.751777 1.592649 1.339176 1.088168 0.856992 0.638520 0.440147 0.278467 0.162679 0.089434 0.047420 
0.035256 0.018538 0.008159 0.007084 0.006091 -0.010667 -0.011387 0.035189 0.051148 -0.054238 -0.178050 -0.112382 0.161399 0.488533 0.814261 1.191360 1.558723 1.745829 1.684006 1.465604 1.211193 0.970992 0.745244 0.534747 0.353570 0.215255 0.122152 0.065921 
0.048845 0.026105 0.012185 0.007611 0.008558 -0.004293 -0.016939 0.015728 0.058337 0.000758 -0.139829 -0.171230 0.017839 0.325142 0.644976 1.004027 1.397573 1.683392 1.734490 1.579307 1.336623 1.089286 0.856212 0.636330 0.438801 0.278761 0.164095 0.090841 
0.067436 0.036373 0.017977 0.009208 0.009810 0.002107 -0.016280 -0.001848 0.049556 0.039924 -0.083184 -0.183088 -0.091475 0.169924 0.480157 0.820190 1.214266 1.569823 1.734727 1.667836 1.458546 1.211172 0.971100 0.743477 0.532879 0.353109 0.216251 0.123561 
0.092366 0.050321 0.025971 0.012421 0.010547 0.007294 -0.011189 -0.013685 0.031484 0.058924 -0.024530 -0.157076 -0.158505 0.033120 0.321315 0.643418 1.022043 1.415876 1.681249 1.719081 1.567952 1.333946 1.089580 0.855160 0.634325 0.437630 0.279160 0.165335 
0.124985 0.069131 0.036796 0.017737 0.011656 0.010824 -0.003946 -0.018395 0.011115 0.059066 0.023333 -0.107193 -0.181922 -0.074763 0.172979 0.475301 0.830829 1.235017 1.577005 1.723785 1.653876 1.452244 1.210519 0.970672 0.741725 0.531200 0.352814 0.217141 
0.166525 0.094118 0.051304 0.025644 0.014041 0.012982 0.003399 -0.016665 -0.005945 0.045551 0.053049 -0.048904 -0.167293 -0.145916 0.042286 0.317490 0.646983 1.040698 1.430412 1.677481 1.705296 1.558071 1.331147 1.089233 0.853896 0.632445 0.436668 0.279538 
0.217956 0.126623 0.070567 0.036717 0.018524 0.014577 0.009501 -0.010481 -0.016402 0.025303 0.062981 0.004127 -0.125570 -0.177457 -0.062690 0.173101 0.474208 0.844341 1.253386 1.581354 1.713269 1.641646 1.446483 1.209368 0.969829 0.739961 0.529726 0.352588 
0.279859 0.167879 0.095819 0.051685 0.025840 0.016692 0.013902 -0.002248 -0.019395 0.004954 0.056209 0.042409 -0.070447 -0.172345 -0.135202 0.047041 0.315027 0.654410 1.058998 1.441876 1.672753 1.692900 1.549309 1.328229 1.088389 0.852441 0.630706 0.435844 
0.352351 0.218879 0.128359 0.071466 0.036675 0.020471 0.016967 0.005952 -0.016008 -0.010584 0.038713 0.061691 -0.015389 -0.138777 -0.171911 -0.054798 0.172109 0.476568 0.859418 1.269437 1.583656 1.703294 1.630790 1.441113 1.207823 0.968638 0.738214 0.528415 
0.435059 0.280246 0.169416 0.097150 0.051747 0.026986 0.019658 0.012828 -0.008451 -0.018780 0.017354 0.062709 0.028939 -0.088364 -0.174125 -0.127079 0.048962 0.314540 0.664597 1.076403 1.450869 1.667493 1.681689 1.541404 1.325205 1.087135 0.850848 0.629098 
0.527175 0.352155 0.220010 0.129925 0.071868 0.037187 0.023260 0.018049 0.000819 -0.019424 -0.001865 0.049922 0.056266 -0.033655 -0.147845 -0.166726 -0.050251 0.171191 0.481850 0.875167 1.283366 1.584484 1.693901 1.621035 1.436038 1.205947 0.967175 0.736509 
0.627553 0.434306 0.280825 0.170964 0.097975 0.051934 0.029134 0.022157 0.009811 -0.014027 -0.014923 0.029709 0.065127 0.014339 -0.102664 -0.174205 -0.121609 0.049318 0.316188 0.676648 1.092652 1.457888 1.661978 1.671485 1.534173 1.322078 1.085548 0.849175 
0.734817 0.525958 0.352113 0.221285 0.131101 0.072049 0.038556 0.026316 0.017420 -0.004976 -0.020166 0.008545 0.058194 0.048010 -0.049845 -0.153952 -0.162699 -0.048139 0.171054 0.489475 0.890996 1.295413 1.584256 1.685084 1.612177 1.431180 1.203793 0.965518 
