0.014085 0.029003 0.067019 0.144986 0.275991 0.461012 0.677301 0.876296 0.874037 1.629020 1.889656 1.694918 1.478027 1.288982 1.278064 0.445898 0.028843 0.010416 0.003287 0.001197 0.002462 0.007124 0.014493 0.022215 0.027107 0.026950 0.021841 0.012013 
0.011443 0.018657 0.043017 0.099373 0.203737 0.364593 0.571318 0.801955 0.780511 1.313322 1.816260 1.795056 1.582992 1.361239 1.386179 0.810092 0.187542 0.018217 0.006222 0.001823 0.001405 0.004454 0.010765 0.018708 0.025292 0.027648 0.024985 0.015440 
0.012040 0.012907 0.026838 0.065194 0.144493 0.278431 0.464967 0.718147 0.721951 1.050650 1.630309 1.829515 1.690235 1.441279 1.448838 1.103943 0.442164 0.083213 0.011270 0.003525 0.001180 0.002522 0.007406 0.014906 0.022529 0.027097 0.027177 0.019519 
0.014737 0.010840 0.016819 0.040898 0.098014 0.204888 0.363368 0.622729 0.679437 0.854931 1.388036 1.772223 1.773585 1.533692 1.489115 1.316001 0.735200 0.226813 0.039217 0.006722 0.001892 0.001408 0.004637 0.011140 0.019099 0.025374 0.028104 0.023325 
0.018444 0.011554 0.011567 0.024729 0.063236 0.145000 0.271518 0.518380 0.636235 0.722483 1.140098 1.627982 1.803060 1.629224 1.527471 1.453519 1.016549 0.440907 0.113627 0.019512 0.003764 0.001186 0.002613 0.007707 0.015330 0.022680 0.027678 0.026191 
0.022211 0.014136 0.009917 0.014980 0.038576 0.098524 0.193216 0.411075 0.581258 0.637938 0.922507 1.423141 1.759136 1.707132 1.574872 1.535872 1.252368 0.697683 0.248122 0.056773 0.009991 0.001974 0.001441 0.004844 0.011553 0.019299 0.025989 0.027717 
0.025285 0.017692 0.010866 0.010132 0.022234 0.064207 0.130474 0.308105 0.510355 0.581112 0.753214 1.193404 1.639638 1.743166 1.629345 1.585935 1.428017 0.961885 0.440626 0.134377 0.028537 0.005047 0.001216 0.002729 0.008069 0.015558 0.023264 0.027757 
0.027161 0.021392 0.013518 0.008895 0.012449 0.040183 0.083420 0.216212 0.425666 0.533065 0.633652 0.972554 1.459359 1.718571 1.677454 1.621953 1.545503 1.201842 0.674379 0.262450 0.071163 0.014335 0.002464 0.001494 0.005130 0.011786 0.019813 0.026382 
0.027590 0.024540 0.017049 0.010184 0.007649 0.024378 0.050607 0.140233 0.333696 0.480217 0.553569 0.784615 1.244406 1.626506 1.699810 1.652322 1.617130 1.396648 0.923669 0.440834 0.149999 0.037129 0.007037 0.001403 0.002935 0.008287 0.015982 0.023821 
0.026558 0.026620 0.020716 0.013075 0.006509 0.014826 0.029568 0.082441 0.242832 0.416103 0.497182 0.640499 1.024222 1.474055 1.678257 1.674529 1.657887 1.538451 1.161390 0.658252 0.273171 0.083217 0.019025 0.003324 0.001691 0.005318 0.012116 0.020410 
0.024245 0.027335 0.023885 0.016761 0.007931 0.009864 0.017431 0.042565 0.161027 0.340992 0.448862 0.538790 0.824096 1.279843 1.602147 1.678008 1.679058 1.630372 1.365680 0.895064 0.441320 0.162474 0.045060 0.009416 0.001850 0.003108 0.008530 0.016531 
0.020966 0.026607 0.026069 0.020536 0.011001 0.008194 0.011452 0.018332 0.094108 0.260021 0.397170 0.469404 0.660138 1.068650 1.471801 1.649429 1.684749 1.681716 1.523767 1.128263 0.646330 0.281718 0.093546 0.023728 0.004530 0.001959 0.005497 0.012567 
0.017111 0.024559 0.026963 0.023803 0.014928 0.008839 0.009370 0.006280 0.044953 0.180660 0.336710 0.418474 0.537549 0.865064 1.298416 1.578403 1.671883 1.702597 1.632436 1.336818 0.872631 0.441969 0.172837 0.052310 0.012051 0.002481 0.003286 0.008866 
0.013088 0.021465 0.026456 0.026097 0.019017 0.011056 0.009557 0.002604 0.013487 0.110263 0.267971 0.372928 0.451956 0.688077 1.100910 1.461723 1.632989 1.699850 1.695698 1.505698 1.100534 0.637109 0.288828 0.102540 0.028344 0.005969 0.002287 0.005743 
0.009286 0.017700 0.024629 0.027117 0.022667 0.014229 0.010988 0.003851 -0.002691 0.054259 0.195711 0.323691 0.392806 0.547927 0.900996 1.305010 1.560407 1.675296 1.721005 1.627594 1.310399 0.854428 0.442719 0.181672 0.058965 0.014820 0.003236 0.003529 
0.006075 0.013679 0.021720 0.026740 0.025391 0.017798 0.013096 0.007346 -0.007356 0.015221 0.126669 0.267059 0.347497 0.445623 0.718094 1.121580 1.450272 1.626499 1.715540 1.702272 1.486343 1.076881 0.629741 0.294903 0.110498 0.032822 0.007543 0.002699 
0.003859 0.009822 0.018077 0.025026 0.026846 0.021233 0.015578 0.011340 -0.004665 -0.007176 0.067327 0.204358 0.305067 0.374767 0.565481 0.929186 1.304984 1.549283 1.683808 1.734239 1.618499 1.286322 0.839273 0.443518 0.189359 0.065111 0.017628 0.004094 
0.003201 0.006554 0.014113 0.022193 0.026865 0.024045 0.018228 0.014930 0.001650 -0.015548 0.022259 0.140383 0.258589 0.324790 0.448500 0.745822 1.133522 1.440855 1.627058 1.729795 1.703424 1.466770 1.056386 0.623696 0.300200 0.117639 0.037126 0.009198 
0.005031 0.004352 0.010268 0.018579 0.025466 0.025830 0.020822 0.017826 0.008780 -0.013824 -0.006684 0.081311 0.205986 0.284501 0.364944 0.585864 0.949718 1.302330 1.544390 1.694565 1.742895 1.606813 1.264366 0.826392 0.444331 0.196164 0.070809 0.020421 
0.010887 0.003867 0.007011 0.014602 0.022838 0.026319 0.023074 0.020081 0.014998 -0.006240 -0.020361 0.032728 0.149418 0.245002 0.307163 0.457537 0.769196 1.139843 1.434845 1.632208 1.741781 1.700650 1.447530 1.038390 0.618625 0.304896 0.124116 0.041240 
0.023147 0.006107 0.004883 0.010726 0.019314 0.025419 0.024665 0.021839 0.019559 0.003489 -0.021702 -0.001766 0.093712 0.201388 0.265056 0.362189 0.605993 0.963975 1.299549 1.544500 1.705833 1.747714 1.593593 1.244288 0.815253 0.445142 0.202268 0.076113 
0.045139 0.012650 0.004612 0.007461 0.015330 0.023224 0.025301 0.023184 0.022422 0.012664 -0.014747 -0.021177 0.044448 0.153051 0.229039 0.295289 0.469819 0.787785 1.143090 1.432477 1.640098 1.751274 1.695051 1.428907 1.022405 0.614293 0.309115 0.130042 
0.081039 0.025838 0.007270 0.005409 0.011393 0.020004 0.024787 0.024073 0.023928 0.019750 -0.003664 -0.026969 0.006263 0.102826 0.192262 0.248629 0.364624 0.624135 0.973678 1.298004 1.548343 1.716611 1.749403 1.579524 1.225857 0.805482 0.445941 0.207807 
0.135477 0.048860 0.014466 0.005359 0.008072 0.016177 0.023083 0.024359 0.024504 0.024243 0.008029 -0.022384 -0.018269 0.055436 0.151678 0.212992 0.288687 0.483126 0.802058 1.145090 1.433433 1.649411 1.758340 1.687437 1.411029 1.008065 0.610535 0.312953 
0.212858 0.085640 0.028502 0.008435 0.006042 0.012274 0.020333 0.023862 0.024482 0.026368 0.017911 -0.011493 -0.029025 0.015766 0.107923 0.180537 0.235997 0.370345 0.639580 0.980410 1.298307 1.554803 1.726355 1.748576 1.565052 1.208868 0.796807 0.446731 
0.316462 0.140489 0.052437 0.016259 0.006160 0.008930 0.016870 0.022461 0.024014 0.026718 0.024758 0.001725 -0.028050 -0.012550 0.064287 0.146374 0.198406 0.286310 0.496013 0.812861 1.147033 1.437173 1.659245 1.763184 1.678397 1.393945 0.995089 0.607243 
0.447502 0.217486 0.089979 0.031088 0.009601 0.006899 0.013194 0.020171 0.023094 0.025949 0.028372 0.014084 -0.018822 -0.027967 0.025212 0.109088 0.167906 0.227133 0.377768 0.652272 0.985451 1.300612 1.562976 1.734805 1.745749 1.550471 1.193141 0.789033 
0.604328 0.319680 0.145155 0.055858 0.017996 0.007125 0.009961 0.017189 0.021641 0.024575 0.029249 0.023555 -0.005339 -0.031185 -0.005214 0.070282 0.138446 0.186094 0.286967 0.507685 0.821114 1.149631 1.443111 1.669001 1.766055 1.668366 1.377653 0.983265 
