0.001697 0.000338 0.000173 0.000675 0.002984 0.010940 0.031894 0.077239 0.036289 0.920979 1.480573 1.691127 1.879602 1.989636 2.108500 1.237858 0.667980 0.456134 0.275035 0.147778 0.073788 0.039063 0.026719 0.023275 0.020758 0.016288 0.010430 0.005090 
0.003139 0.000868 0.000172 0.000198 0.001124 0.005337 0.018368 0.065354 -0.058941 0.519271 1.244406 1.588610 1.795170 1.933515 2.172756 1.635583 0.908165 0.558213 0.358854 0.204748 0.105875 0.053628 0.031778 0.024881 0.022261 0.018696 0.013294 0.007517 
0.005065 0.001807 0.000430 0.000072 0.000250 0.002128 0.007608 0.063271 -0.084607 0.211800 0.929455 1.433713 1.700417 1.851731 2.150187 1.927950 1.224691 0.714365 0.452877 0.274897 0.149483 0.075952 0.040834 0.027795 0.023689 0.020708 0.016042 0.010230 
0.007409 0.003201 0.000991 0.000184 -0.000051 0.000739 -0.001405 0.060882 -0.066204 0.010940 0.597302 1.211278 1.581489 1.757681 2.066046 2.099197 1.552204 0.938423 0.573183 0.357316 0.205705 0.107916 0.055633 0.033198 0.025601 0.022409 0.018519 0.013056 
0.010053 0.005055 0.001920 0.000516 -0.000062 0.000711 -0.008387 0.053410 -0.028190 -0.091284 0.300669 0.934761 1.420636 1.653063 1.946265 2.155139 1.834049 1.214246 0.737131 0.457217 0.274783 0.151122 0.078044 0.042561 0.028849 0.024093 0.020660 0.015810 
0.012836 0.007321 0.003271 0.001115 0.000058 0.001558 -0.012700 0.040436 0.010297 -0.116618 0.074425 0.636242 1.209379 1.529253 1.810205 2.116948 2.031933 1.506311 0.951038 0.584989 0.358653 0.206629 0.109883 0.057581 0.034585 0.026305 0.022554 0.018349 
0.015593 0.009895 0.005060 0.002056 0.000267 0.002778 -0.013995 0.024278 0.037464 -0.092905 -0.067443 0.353919 0.954469 1.374181 1.666505 2.012546 2.129516 1.772829 1.205022 0.750550 0.462532 0.275732 0.152701 0.080069 0.044244 0.029879 0.024486 0.020615 
0.018188 0.012636 0.007248 0.003406 0.000624 0.003933 -0.012489 0.008277 0.048815 -0.047200 -0.129661 0.120839 0.676798 1.180248 1.513628 1.868159 2.130238 1.977562 1.474758 0.956979 0.593889 0.361161 0.207917 0.111784 0.059474 0.035940 0.026993 0.022694 
0.020572 0.015392 0.009749 0.005194 0.001253 0.004745 -0.008927 -0.004578 0.045615 -0.000886 -0.130051 -0.042593 0.405382 0.949782 1.344295 1.702450 2.051043 2.097666 1.728032 1.196533 0.759139 0.467589 0.277400 0.154372 0.082032 0.045884 0.030885 0.024869 
0.022831 0.018040 0.012435 0.007395 0.002295 0.005145 -0.004344 -0.012483 0.032605 0.032697 -0.092546 -0.131387 0.169342 0.696318 1.151583 1.524568 1.914493 2.126387 1.933083 1.450519 0.959605 0.600694 0.364099 0.209550 0.113678 0.061314 0.037262 0.027662 
0.025242 0.020537 0.015166 0.009922 0.003851 0.005262 0.000232 -0.015066 0.015686 0.048318 -0.040725 -0.154413 -0.009304 0.441794 0.934236 1.335958 1.741784 2.071090 2.065892 1.692845 1.188562 0.764860 0.472141 0.279490 0.156176 0.083957 0.047481 0.031866 
0.028314 0.022973 0.017836 0.012648 0.005952 0.005362 0.004030 -0.013174 0.000075 0.047212 0.006877 -0.129918 -0.120107 0.211077 0.699355 1.134584 1.548436 1.948250 2.114472 1.895773 1.430631 0.960338 0.605992 0.367148 0.211446 0.115598 0.063111 0.038550 
0.032820 0.025618 0.020411 0.015430 0.008536 0.005749 0.006680 -0.008378 -0.010785 0.034577 0.039102 -0.079846 -0.165184 0.025848 0.461847 0.919641 1.343265 1.777542 2.079476 2.035928 1.663846 1.180991 0.768727 0.476178 0.281815 0.158102 0.085864 0.049040 
0.039803 0.028969 0.022986 0.018160 0.011470 0.006678 0.008213 -0.002430 -0.015553 0.017000 0.052274 -0.024574 -0.157062 -0.100289 0.241123 0.695015 1.130121 1.576946 1.971694 2.098769 1.863733 1.413595 0.959895 0.610179 0.370165 0.213524 0.117556 0.064876 
0.050560 0.033780 0.025833 0.020806 0.014578 0.008283 0.008968 0.003201 -0.014701 0.000384 0.048652 0.020805 -0.114475 -0.164255 0.056357 0.470418 0.911103 1.360043 1.807780 2.080495 2.008139 1.639109 1.173747 0.771324 0.479751 0.284261 0.160129 0.087766 
0.066609 0.041066 0.029441 0.023469 0.017700 0.010558 0.009432 0.007602 -0.009873 -0.011307 0.034032 0.048158 -0.057523 -0.173164 -0.078130 0.260059 0.689729 1.135724 1.605789 1.987271 2.081401 1.835665 1.398560 0.958679 0.613527 0.373086 0.215724 0.119553 
0.089656 0.052097 0.034547 0.026430 0.020756 0.013377 0.010083 0.010473 -0.003141 -0.016437 0.015265 0.056071 -0.003437 -0.141678 -0.156041 0.079530 0.472853 0.909718 1.381829 1.832449 2.076820 1.982455 1.617460 1.166779 0.773014 0.482921 0.286756 0.162235 
0.121568 0.068376 0.042143 0.030183 0.023806 0.016556 0.011270 0.012028 0.003626 -0.015413 -0.001724 0.048207 0.036158 -0.088042 -0.180101 -0.057975 0.270749 0.686880 1.148460 1.632921 1.996976 2.063466 1.810668 1.385005 0.956937 0.616227 0.375883 0.218003 
0.164380 0.091602 0.053475 0.035465 0.027104 0.019936 0.013157 0.012794 0.009157 -0.009985 -0.013099 0.030989 0.056202 -0.029960 -0.160845 -0.144863 0.095461 0.473133 0.914810 1.405741 1.852144 2.070132 1.958675 1.598137 1.160052 0.774036 0.485747 0.289262 
0.220308 0.123660 0.070024 0.043264 0.031135 0.023471 0.015745 0.013385 0.012913 -0.002417 -0.017442 0.011304 0.057517 0.018712 -0.113761 -0.180897 -0.041869 0.276296 0.687815 1.165841 1.657495 2.002319 2.045539 1.788099 1.372585 0.954828 0.618416 0.378554 
0.291732 0.166607 0.093482 0.054815 0.036642 0.027311 0.018937 0.014329 0.015007 0.005210 -0.015401 -0.005252 0.045038 0.049823 -0.055692 -0.173099 -0.133775 0.105544 0.473742 0.925125 1.430022 1.867607 2.061511 1.936578 1.580623 1.153539 0.774553 0.488283 
0.381079 0.222669 0.125738 0.071587 0.044623 0.031857 0.022653 0.015972 0.015977 0.011460 -0.008941 -0.015344 0.025581 0.061218 -0.001448 -0.133987 -0.178437 -0.030225 0.279245 0.692744 1.185987 1.679275 2.004414 2.027923 1.767492 1.361068 0.952457 0.620204 
0.490552 0.294190 0.168856 0.095264 0.056330 0.037795 0.026940 0.018477 0.016540 0.015704 -0.000490 -0.018059 0.005779 0.055687 0.038619 -0.078728 -0.180294 -0.124488 0.111506 0.476026 0.939360 1.453649 1.879548 2.051661 1.915956 1.564554 1.147218 0.774689 
0.621649 0.383492 0.225055 0.127728 0.073247 0.046102 0.032068 0.021893 0.017371 0.018042 0.007779 -0.014450 -0.009398 0.039105 0.059688 -0.022027 -0.149183 -0.174915 -0.022557 0.281415 0.701324 1.207553 1.698322 2.004081 2.010771 1.748497 1.350285 0.949904 
0.774514 0.492605 0.296635 0.171035 0.097071 0.058036 0.038603 0.026274 0.018983 0.019073 0.014406 -0.006746 -0.017356 0.018344 0.062184 0.024510 -0.098283 -0.184310 -0.117687 0.114937 0.480579 0.956371 1.476064 1.888585 2.041046 1.896626 1.549662 1.141079 
0.947215 0.622818 0.385824 0.227381 0.129687 0.075103 0.047432 0.031809 0.021705 0.019622 0.018800 0.002512 -0.017839 -0.000524 0.050453 0.053987 -0.041482 -0.160378 -0.171749 -0.018002 0.283989 0.712988 1.229614 1.714832 2.001926 1.994154 1.730846 1.340118 
1.135103 0.774091 0.494502 0.299009 0.173145 0.099031 0.059761 0.038930 0.025754 0.020506 0.021144 0.011164 -0.012372 -0.013389 0.030895 0.064595 0.009181 -0.114371 -0.186703 -0.113406 0.117118 0.487535 0.975227 1.496989 1.895237 2.029982 1.878428 1.535754 
1.330474 0.944419 0.623784 0.388052 0.229608 0.131732 0.077091 0.048389 0.031351 0.022395 0.022153 0.017849 -0.003419 -0.018543 0.010076 0.058885 0.045405 -0.058997 -0.168740 -0.169708 -0.015631 0.287667 0.727122 1.251547 1.729051 1.998397 1.978095 1.714338 
