0.800225 0.978664 0.979508 0.687974 1.200037 1.393993 1.359006 1.475902 1.675694 1.991635 1.368164 1.061731 1.117082 1.189352 1.255851 1.250714 1.116346 0.854869 0.536861 0.259422 0.086302 0.016087 0.000854 -0.002537 0.008620 0.079926 0.254533 0.521172 
0.673275 0.911644 1.015633 0.733291 0.983769 1.325633 1.357514 1.407092 1.561279 1.951091 1.640269 1.169724 1.087291 1.153938 1.231556 1.269436 1.199419 0.992674 0.690794 0.385102 0.159999 0.044322 0.006991 -0.002660 -0.004477 0.031360 0.155725 0.386301 
0.535864 0.809257 1.011930 0.807860 0.847107 1.193449 1.339362 1.369227 1.454732 1.843764 1.815645 1.356483 1.109873 1.119244 1.197714 1.263983 1.251518 1.107938 0.842210 0.527874 0.258872 0.092367 0.022196 0.001186 -0.008275 0.002376 0.080267 0.263963 
0.399727 0.681400 0.961436 0.879480 0.789097 1.045332 1.280911 1.347339 1.374039 1.701392 1.883585 1.559495 1.201180 1.105921 1.160004 1.240690 1.274140 1.194997 0.981150 0.679375 0.380561 0.163578 0.051137 0.010247 -0.006059 -0.011355 0.028095 0.161089 
0.275029 0.540768 0.866667 0.921512 0.790961 0.919796 1.184265 1.319091 1.323107 1.555860 1.855774 1.725818 1.347456 1.134883 1.129637 1.206252 1.271490 1.251406 1.099064 0.829893 0.519739 0.259002 0.098413 0.027619 0.000718 -0.014300 -0.003323 0.081387 
0.169196 0.400379 0.737600 0.917264 0.823813 0.838424 1.068236 1.268030 1.292507 1.431089 1.759551 1.821847 1.515913 1.215253 1.122027 1.169367 1.249536 1.277980 1.189839 0.969601 0.668639 0.376852 0.167483 0.057530 0.012683 -0.010041 -0.018028 0.025416 
0.086380 0.271532 0.588684 0.861571 0.857031 0.804219 0.957082 1.190047 1.266005 1.338063 1.628591 1.836728 1.668221 1.339654 1.151070 1.141593 1.215917 1.278331 1.250422 1.089811 0.817973 0.512443 0.259741 0.104368 0.032341 -0.000521 -0.020463 -0.008848 
0.027525 0.162456 0.435641 0.759806 0.865335 0.804915 0.870638 1.093191 1.228514 1.274725 1.493626 1.779740 1.772482 1.486440 1.222973 1.135856 1.180244 1.258415 1.280964 1.184020 0.958104 0.658605 0.373926 0.171636 0.063459 0.014295 -0.014437 -0.025107 
-0.009078 0.077709 0.292676 0.625053 0.833314 0.819357 0.818173 0.992818 1.171991 1.230034 1.375774 1.673354 1.810959 1.626639 1.332663 1.162977 1.153827 1.226282 1.284626 1.248613 1.080259 0.806502 0.505967 0.261017 0.110171 0.036323 -0.002328 -0.027685 
-0.026904 0.018293 0.170517 0.474379 0.756961 0.824739 0.796786 0.904929 1.097546 1.190050 1.283924 1.544561 1.782397 1.732506 1.464114 1.227753 1.148201 1.191818 1.267249 1.283162 1.177612 0.946728 0.649286 0.371729 0.175969 0.068848 0.015336 -0.020502 
-0.030153 -0.017684 0.075450 0.325108 0.642520 0.802816 0.793751 0.840299 1.013752 1.143627 1.216141 1.417092 1.699445 1.784764 1.594306 1.326332 1.172581 1.166033 1.236973 1.290389 1.246054 1.070490 0.795521 0.500283 0.262769 0.115707 0.039882 -0.006263 
-0.022753 -0.034002 0.009317 0.191810 0.503454 0.743838 0.791332 0.801161 0.932472 1.085859 1.163830 1.306442 1.582898 1.776576 1.699225 1.446042 1.231056 1.159621 1.203694 1.275900 1.284625 1.170697 0.935539 0.640686 0.370220 0.180334 0.074085 0.014028 
-0.007554 -0.035198 -0.029739 0.084420 0.356539 0.647757 0.772293 0.781061 0.864057 1.018593 1.116764 1.218405 1.455017 1.713616 1.759880 1.567858 1.320605 1.180900 1.178141 1.247732 1.295594 1.242815 1.060580 0.785065 0.495380 0.264822 0.121435 0.041147 
0.014164 -0.025514 -0.046056 0.007595 0.218092 0.522984 0.724496 0.767399 0.813617 0.948371 1.067245 1.150713 1.333963 1.610858 1.766533 1.670773 1.430788 1.233634 1.170477 1.215652 1.284243 1.285386 1.163358 0.924593 0.632832 0.369205 0.185241 0.077343 
0.042816 -0.008067 -0.045059 -0.038836 0.101044 0.383460 0.643566 0.745533 0.779441 0.882979 1.012234 1.096507 1.230632 1.487563 1.720125 1.736681 1.545427 1.315462 1.188514 1.190138 1.258378 1.300211 1.238964 1.050600 0.775196 0.491060 0.267715 0.125702 
0.080259 0.015638 -0.031965 -0.058655 0.013287 0.245041 0.533281 0.703057 0.753783 0.827995 0.953229 1.048138 1.148219 1.362144 1.630845 1.754380 1.645893 1.417567 1.235916 1.180999 1.227559 1.292180 1.285477 1.155662 0.913989 0.625529 0.369221 0.189317 
0.129233 0.045821 -0.010777 -0.057639 -0.042660 0.122103 0.403969 0.633050 0.725484 0.784512 0.894403 1.000037 1.083948 1.248334 1.514640 1.721615 1.715116 1.525896 1.310900 1.195773 1.202021 1.268785 1.304217 1.234552 1.040674 0.765740 0.487825 0.270414 
0.192602 0.084176 0.016305 -0.041938 -0.068873 0.025084 0.269634 0.535590 0.683443 0.748640 0.839989 0.949936 1.031933 1.153401 1.388904 1.644812 1.741206 1.623728 1.405914 1.238164 1.191333 1.239319 1.299638 1.284911 1.147745 0.903580 0.619219 0.369590 
0.272526 0.133319 0.049037 -0.016730 -0.070517 -0.040719 0.144683 0.417375 0.619849 0.712773 0.791990 0.898456 0.986001 1.078413 1.268602 1.536797 1.719743 1.695009 1.508563 1.306925 1.202896 1.213784 1.278860 1.307580 1.229703 1.030687 0.757058 0.485325 
0.369726 0.196057 0.088864 0.014656 -0.054071 -0.075068 0.041071 0.289806 0.532306 0.668024 0.748975 0.847588 0.941620 1.019985 1.163756 1.413356 1.654230 1.727590 1.603685 1.395543 1.240546 1.201567 1.250867 1.306544 1.283784 1.139522 0.893636 0.613825 
0.482972 0.274583 0.138337 0.051075 -0.025674 -0.081712 -0.033573 0.166218 0.424404 0.607011 0.706292 0.798854 0.896562 0.972626 1.078642 1.289647 1.554732 1.715568 1.676167 1.492971 1.303542 1.210022 1.225419 1.288510 1.310352 1.224356 1.020819 0.749266 
0.608881 0.369759 0.200337 0.093392 0.010111 -0.066715 -0.076599 0.059023 0.304758 0.526123 0.657491 0.751930 0.850414 0.930850 1.012511 1.177384 1.435220 1.660179 1.713842 1.585348 1.386268 1.243167 1.211759 1.262121 1.312911 1.282046 1.131090 0.884385 
0.742085 0.480608 0.277239 0.143906 0.050945 -0.036670 -0.089845 -0.022552 0.184937 0.426690 0.596423 0.704205 0.803428 0.890479 0.961279 1.083327 1.310412 1.569112 1.709780 1.658418 1.478810 1.300756 1.217242 1.236887 1.297723 1.312490 1.218536 1.011337 
0.875740 0.604083 0.370168 0.205526 0.096757 0.002833 -0.078316 -0.073723 0.076910 0.314816 0.519300 0.651384 0.755338 0.848985 0.919473 1.009173 1.192918 1.454516 1.663450 1.700130 1.568420 1.377966 1.246104 1.221915 1.273063 1.318696 1.279669 1.122694 
1.002304 0.735193 0.478467 0.280863 0.149286 0.048198 -0.048459 -0.094274 -0.009316 0.200041 0.426108 0.588858 0.704649 0.805056 0.881827 0.952568 1.091314 1.330300 1.580515 1.702839 1.641618 1.465869 1.298576 1.224592 1.248178 1.306462 1.313926 1.212428 
1.114490 0.867451 0.599440 0.371412 0.211263 0.098188 -0.006486 -0.087714 -0.067345 0.093273 0.320989 0.513353 0.648677 0.757807 0.844196 0.908697 1.009411 1.209403 1.471394 1.664620 1.686544 1.552686 1.370558 1.249388 1.232048 1.283673 1.323814 1.276756 
1.206219 0.993592 0.728447 0.476941 0.285453 0.153676 0.042920 -0.059799 -0.095061 0.004577 0.211550 0.424301 0.584289 0.706085 0.803737 0.871920 0.946644 1.101657 1.348994 1.589419 1.695055 1.625649 1.454003 1.296994 1.232098 1.259296 1.314644 1.314686 
1.273473 1.106470 0.859315 0.595192 0.373733 0.216937 0.097293 -0.016872 -0.094292 -0.058659 0.107341 0.324521 0.509069 0.648205 0.758595 0.837011 0.899246 1.012610 1.226190 1.486055 1.664117 1.673132 1.537996 1.363985 1.253034 1.242178 1.293883 1.328228 
