0.099265 0.176747 0.291627 0.465957 0.676026 0.869264 0.984392 0.982345 0.867544 0.683876 0.488773 0.324838 0.207138 0.129231 0.077565 0.042176 0.018923 0.006142 0.001187 0.000092 -0.000151 0.000540 0.004996 0.015908 0.032587 0.049979 0.060991 0.048054 
0.070375 0.133331 0.226756 0.374324 0.573096 0.782409 0.941475 0.997463 0.933553 0.777139 0.582428 0.401026 0.261014 0.164904 0.101363 0.058354 0.029241 0.011555 0.003182 0.000533 -0.000147 -0.000276 0.001961 0.009731 0.024158 0.042080 0.058479 0.046504 
0.053554 0.098045 0.173275 0.294140 0.472392 0.684033 0.874827 0.984456 0.977071 0.860133 0.678120 0.486554 0.325532 0.208888 0.130567 0.078121 0.042369 0.019234 0.006653 0.001611 0.000125 -0.000507 0.000150 0.005014 0.016508 0.033310 0.053826 0.048010 
0.045914 0.071957 0.129956 0.226534 0.379092 0.580819 0.789575 0.944268 0.994458 0.926737 0.770321 0.578519 0.400496 0.262420 0.166493 0.102258 0.058668 0.029482 0.012001 0.003688 0.000761 -0.000353 -0.000704 0.001753 0.010097 0.024444 0.046859 0.049498 
0.044003 0.054941 0.096134 0.171248 0.296667 0.479077 0.691955 0.879985 0.984102 0.971684 0.852952 0.672698 0.484514 0.326189 0.210495 0.131795 0.078662 0.042612 0.019595 0.007171 0.001998 0.000109 -0.000879 -0.000211 0.005175 0.016262 0.038124 0.048957 
0.044493 0.045690 0.071297 0.127402 0.226834 0.384063 0.588622 0.796459 0.946610 0.991182 0.920008 0.763816 0.574873 0.400022 0.263718 0.167949 0.103093 0.059008 0.029780 0.012477 0.004174 0.000941 -0.000592 -0.001135 0.001769 0.009372 0.028572 0.045514 
0.044726 0.042040 0.054681 0.093934 0.169893 0.299532 0.485933 0.699751 0.884732 0.983364 0.966223 0.846006 0.667583 0.482630 0.326803 0.211969 0.132925 0.079193 0.042903 0.020003 0.007692 0.002345 0.000050 -0.001295 -0.000270 0.004121 0.019254 0.039288 
0.043023 0.041467 0.045034 0.069719 0.125204 0.227618 0.389305 0.596447 0.803035 0.948520 0.987678 0.913390 0.757611 0.571465 0.399592 0.264912 0.169283 0.103879 0.059374 0.030130 0.012977 0.004637 0.001079 -0.000918 -0.001203 0.000583 0.011075 0.031096 
0.038744 0.041605 0.040611 0.053527 0.091595 0.169001 0.302780 0.492945 0.707379 0.889068 0.982279 0.960720 0.839296 0.662754 0.480880 0.327371 0.213320 0.133969 0.079719 0.043240 0.020452 0.008209 0.002663 -0.000134 -0.001320 -0.001399 0.004638 0.022097 
0.032144 0.040656 0.039369 0.043925 0.067644 0.123252 0.228842 0.394829 0.604255 0.809283 0.950020 0.983983 0.906898 0.751692 0.568271 0.399193 0.266008 0.170506 0.104623 0.059769 0.030528 0.013493 0.005092 0.001063 -0.000865 -0.002124 0.000192 0.013469 
0.024077 0.037625 0.039282 0.039252 0.051798 0.089200 0.168498 0.306406 0.500092 0.714806 0.892998 0.980883 0.955206 0.832822 0.658189 0.479246 0.327890 0.214555 0.134936 0.080244 0.043622 0.020931 0.008746 0.002815 0.000015 -0.001941 -0.002336 0.006155 
0.015663 0.032337 0.038665 0.037695 0.042418 0.065262 0.121522 0.230479 0.400620 0.612014 0.815191 0.951136 0.980133 0.900545 0.746044 0.565269 0.398815 0.267008 0.171629 0.105331 0.060192 0.030964 0.014057 0.005389 0.001310 -0.001158 -0.003249 0.000731 
0.007979 0.025293 0.036413 0.037468 0.037791 0.049663 0.086805 0.168353 0.310393 0.507344 0.722006 0.896532 0.979207 0.949703 0.826579 0.653866 0.477711 0.328358 0.215684 0.135835 0.080773 0.044038 0.021480 0.009150 0.003148 0.000029 -0.002963 -0.002628 
0.001837 0.017411 0.032111 0.037032 0.036186 0.040569 0.062684 0.120018 0.232509 0.406655 0.619692 0.820750 0.951892 0.976157 0.894339 0.740653 0.562439 0.398450 0.267918 0.172661 0.106013 0.060633 0.031481 0.014524 0.005789 0.001573 -0.001883 -0.004080 
-0.002328 0.009733 0.025984 0.035293 0.035956 0.036161 0.047224 0.084456 0.168557 0.314721 0.514671 0.728961 0.899681 0.977285 0.944232 0.820562 0.649767 0.476262 0.328774 0.216713 0.136679 0.081294 0.044532 0.021975 0.009591 0.003585 -0.000312 -0.003995 
-0.004461 0.003179 0.018726 0.031719 0.035681 0.034701 0.038421 0.059981 0.118748 0.234915 0.412903 0.627262 0.825960 0.952315 0.972086 0.888288 0.735504 0.559763 0.398090 0.268741 0.173615 0.106659 0.061138 0.031982 0.014986 0.006325 0.001610 -0.002822 
-0.004802 -0.001630 0.011271 0.026351 0.034318 0.034604 0.034331 0.044550 0.082190 0.169104 0.319363 0.522040 0.735654 0.902461 0.975146 0.938810 0.814765 0.645875 0.474886 0.329137 0.217656 0.137457 0.081853 0.045040 0.022442 0.010162 0.003932 -0.000956 
-0.003756 -0.004432 0.004549 0.019700 0.031295 0.034531 0.033156 0.036013 0.057211 0.117729 0.237681 0.419335 0.634698 0.830822 0.952431 0.967942 0.882393 0.730582 0.557225 0.397728 0.269487 0.174483 0.107306 0.061669 0.032451 0.015546 0.006879 0.001358 
-0.001754 -0.005301 -0.000713 0.012569 0.026542 0.033489 0.033314 0.032292 0.041697 0.080041 0.169992 0.324294 0.529421 0.742075 0.904889 0.972819 0.933450 0.809181 0.642171 0.473570 0.329453 0.218506 0.138202 0.082435 0.045521 0.022969 0.010819 0.004068 
0.000873 -0.004544 -0.004094 0.005842 0.020434 0.030906 0.033508 0.031500 0.033377 0.054418 0.116973 0.240790 0.425917 0.641978 0.835343 0.952266 0.963747 0.876658 0.725875 0.554810 0.397365 0.270149 0.175287 0.107962 0.062183 0.032944 0.016219 0.007327 
0.003970 -0.002569 -0.005505 0.000292 0.013653 0.026654 0.032783 0.032018 0.030043 0.038708 0.078037 0.171218 0.329487 0.536784 0.748215 0.906985 0.970328 0.928164 0.803802 0.638640 0.472309 0.329713 0.219276 0.138931 0.083005 0.045999 0.023603 0.011468 
0.007600 0.000250 -0.005128 -0.003552 0.007017 0.021012 0.030580 0.032552 0.029700 0.030542 0.051641 0.116492 0.244224 0.432619 0.649082 0.839528 0.951845 0.959521 0.871083 0.721367 0.552507 0.396991 0.270733 0.176051 0.108603 0.062676 0.033518 0.016956 
0.012027 0.003678 -0.003308 -0.005464 0.001305 0.014568 0.026746 0.032169 0.030664 0.027589 0.035623 0.076206 0.172775 0.334913 0.544103 0.754072 0.908767 0.967697 0.922962 0.798618 0.635269 0.471092 0.329915 0.219988 0.139637 0.083543 0.046523 0.024336 
0.017687 0.007682 -0.000419 -0.005502 -0.002892 0.008072 0.021501 0.030323 0.031613 0.027738 0.027537 0.048916 0.116294 0.247962 0.439411 0.655996 0.843390 0.951190 0.955281 0.865666 0.717047 0.550305 0.396597 0.271254 0.176780 0.109206 0.063179 0.034195 
0.025128 0.012447 0.003254 -0.003922 -0.005241 0.002282 0.015363 0.026854 0.031614 0.029216 0.024940 0.032477 0.074569 0.174656 0.340544 0.551353 0.759642 0.910254 0.964949 0.917848 0.793622 0.632047 0.469905 0.330067 0.220655 0.140300 0.084062 0.047127 
0.034963 0.018351 0.007599 -0.001066 -0.005687 -0.002174 0.009021 0.021950 0.030128 0.030650 0.025602 0.024389 0.046274 0.116387 0.251985 0.446263 0.662707 0.846937 0.950325 0.951039 0.860404 0.712905 0.548188 0.396183 0.271729 0.177463 0.109768 0.063728 
0.047826 0.025925 0.012714 0.002761 -0.004393 -0.004891 0.003207 0.016079 0.026996 0.031085 0.027646 0.022108 0.029303 0.073145 0.176851 0.346353 0.558512 0.764928 0.911466 0.962101 0.912829 0.788807 0.628958 0.468742 0.330182 0.221274 0.140909 0.084589 
0.064350 0.035789 0.018912 0.007387 -0.001648 -0.005716 -0.001439 0.009887 0.022391 0.029982 0.029628 0.023286 0.021125 0.043741 0.116773 0.256270 0.453150 0.669204 0.850184 0.949272 0.946809 0.855296 0.708928 0.546143 0.395756 0.272160 0.178086 0.110304 
