0.002254 0.003117 -0.115679 0.651646 1.066775 1.146601 1.281258 1.471413 1.816401 1.264141 1.004354 0.997853 0.872925 0.673050 0.457879 0.275168 0.146159 0.068541 0.028598 0.012030 0.008554 0.011599 0.016561 0.019969 0.019811 0.016048 0.010377 0.004870 
0.003127 0.017643 -0.167046 0.312008 0.901123 1.099834 1.206992 1.356982 1.756063 1.503712 1.102587 1.015907 0.944758 0.774899 0.561407 0.359811 0.204240 0.102640 0.045648 0.018678 0.009477 0.009837 0.014274 0.018711 0.020340 0.018168 0.013192 0.007262 
0.002863 0.035285 -0.157669 0.058723 0.655366 1.011922 1.148059 1.250850 1.637951 1.648484 1.263844 1.057306 0.992671 0.865283 0.666666 0.454856 0.275279 0.147864 0.070391 0.029942 0.012882 0.009147 0.012056 0.016843 0.020001 0.019605 0.015799 0.010002 
0.001487 0.047246 -0.112360 -0.097004 0.387056 0.861197 1.084159 1.163916 1.491472 1.692614 1.433901 1.142837 1.032833 0.937880 0.767624 0.556732 0.358547 0.205329 0.104500 0.047243 0.019746 0.010184 0.010366 0.014653 0.018866 0.020229 0.017951 0.013069 
0.000110 0.050038 -0.054427 -0.163270 0.146266 0.655524 0.990578 1.093062 1.343495 1.649525 1.567302 1.265736 1.085953 0.994770 0.857832 0.660589 0.452018 0.275389 0.149468 0.072151 0.031253 0.013747 0.009762 0.012519 0.017116 0.020003 0.019415 0.016347 
-0.000042 0.044373 -0.001648 -0.161146 -0.033468 0.422670 0.852122 1.023327 1.211329 1.545042 1.635831 1.401296 1.164770 1.046081 0.933839 0.760627 0.552311 0.357365 0.206353 0.106257 0.048778 0.020810 0.010912 0.010911 0.015031 0.018994 0.020019 0.019527 
0.001745 0.033470 0.035547 -0.117294 -0.138364 0.197937 0.669677 0.935625 1.099114 1.408551 1.631102 1.518812 1.268303 1.104619 0.997581 0.851620 0.654798 0.449347 0.275495 0.150978 0.073829 0.032535 0.014624 0.010396 0.012991 0.017380 0.019696 0.022158 
0.005434 0.021313 0.053874 -0.057345 -0.172501 0.012856 0.459531 0.815458 0.999126 1.264693 1.561681 1.592235 1.382705 1.179381 1.055965 0.930958 0.754288 0.548122 0.356254 0.207315 0.107921 0.050259 0.021869 0.011657 0.011469 0.015444 0.018520 0.023786 
0.010331 0.011289 0.055566 -0.001243 -0.152487 -0.112487 0.247537 0.659027 0.897055 1.127982 1.446492 1.606968 1.486694 1.271054 1.117872 0.999920 0.846310 0.649418 0.446822 0.275592 0.152402 0.075431 0.033792 0.015510 0.011043 0.013569 0.016708 0.024105 
0.015377 0.005395 0.046063 0.038966 -0.100771 -0.172490 0.061092 0.474965 0.778929 1.001571 1.306991 1.561824 1.558752 1.371067 1.190059 1.063353 0.928525 0.748577 0.544199 0.355202 0.208219 0.109500 0.051692 0.022924 0.012402 0.012229 0.014606 0.023053 
0.019503 0.004055 0.031700 0.059094 -0.039405 -0.174793 -0.078235 0.281767 0.637112 0.879902 1.160604 1.466646 1.583365 1.464075 1.273775 1.127721 1.001579 0.841605 0.644465 0.444448 0.275678 0.153746 0.076966 0.035027 0.016370 0.011997 0.012659 0.020845 
0.021937 0.006392 0.017909 0.061134 0.014456 -0.136092 -0.159445 0.102348 0.473509 0.753768 1.017086 1.337290 1.554506 1.532596 1.363394 1.198259 1.068879 0.926238 0.743395 0.540551 0.354208 0.209068 0.111001 0.053086 0.023913 0.013554 0.011388 0.017943 
0.022383 0.010782 0.008187 0.050759 0.050779 -0.076717 -0.183412 -0.042219 0.299291 0.615756 0.878316 1.190062 1.475789 1.561962 1.447487 1.276358 1.135227 1.002584 0.837316 0.639910 0.442229 0.275754 0.155015 0.078451 0.036148 0.017709 0.011381 0.014986 
0.021059 0.015457 0.003839 0.034792 0.066708 -0.015570 -0.161050 -0.137855 0.131667 0.464262 0.740888 1.037441 1.357870 1.543957 1.511806 1.358172 1.204731 1.072983 0.923967 0.738648 0.537169 0.353274 0.209863 0.112450 0.054316 0.025415 0.013303 0.012709 
0.018628 0.019010 0.004326 0.019195 0.065024 0.033470 -0.109394 -0.180244 -0.010978 0.304960 0.600084 0.886180 1.214448 1.478193 1.543067 1.434965 1.278740 1.141016 1.003013 0.833327 0.635710 0.440161 0.275819 0.156247 0.079729 0.037767 0.017919 0.011888 
0.016053 0.020702 0.007974 0.007890 0.051783 0.063161 -0.046964 -0.174833 -0.113945 0.149593 0.453651 0.737861 1.058380 1.371179 1.532252 1.495031 1.354540 1.209913 1.075975 0.921662 0.734260 0.534035 0.352394 0.210651 0.113669 0.055984 0.026116 0.013307 
0.014442 0.020550 0.012757 0.002435 0.033901 0.072659 0.010316 -0.134493 -0.169720 0.012759 0.304103 0.591217 0.899085 1.233745 1.476502 1.526551 1.425303 1.280890 1.145491 1.002954 0.829564 0.631825 0.438227 0.275927 0.157248 0.081349 0.038917 0.017767 
0.014926 0.019233 0.016970 0.002373 0.017256 0.065918 0.051796 -0.075786 -0.179320 -0.092089 0.158959 0.445066 0.741802 1.077903 1.379212 1.520438 1.481322 1.351970 1.214083 1.078079 0.919303 0.730177 0.531114 0.351625 0.211240 0.115115 0.057473 0.026114 
0.018583 0.017901 0.019643 0.005986 0.005592 0.049435 0.073040 -0.015001 -0.151399 -0.156182 0.029053 0.300684 0.588513 0.914202 1.248568 1.472368 1.512160 1.417713 1.282791 1.148928 1.002485 0.825982 0.628198 0.436481 0.275900 0.158367 0.083009 0.039272 
0.026427 0.017939 0.020697 0.011157 0.000260 0.030043 0.075193 0.035064 -0.099652 -0.177543 -0.074364 0.162844 0.439866 0.750273 1.095206 1.383469 1.509044 1.469996 1.350120 1.217432 1.079464 0.916893 0.726332 0.528448 0.350809 0.211862 0.116735 0.058260 
0.039425 0.020777 0.020855 0.016097 0.000623 0.013231 0.063278 0.066952 -0.039397 -0.161231 -0.142707 0.039263 0.297182 0.590754 0.929823 1.259674 1.466834 1.499623 1.411659 1.284436 1.151523 1.001677 0.822528 0.624859 0.434792 0.275858 0.159717 0.084167 
0.058534 0.027760 0.021421 0.019815 0.004850 0.002247 0.044051 0.078868 0.015713 -0.117859 -0.172400 -0.061216 0.163766 0.438280 0.761440 1.110084 1.385050 1.498323 1.460549 1.348759 1.220096 1.080263 0.914418 0.722743 0.525934 0.349976 0.212713 0.118091 
0.084715 0.040093 0.023999 0.022288 0.010787 -0.002002 0.024023 0.073706 0.056092 -0.060952 -0.165845 -0.131032 0.045083 0.294942 0.596675 0.944972 1.267779 1.460568 1.488688 1.406763 1.285824 1.153431 1.000569 0.819222 0.621732 0.433118 0.276015 0.161019 
0.118907 0.058838 0.030248 0.024367 0.016699 -0.000459 0.008053 0.057276 0.077328 -0.003949 -0.130861 -0.166101 -0.052192 0.163529 0.439988 0.774010 1.122628 1.384757 1.488383 1.452602 1.347725 1.222186 1.080561 0.911914 0.719368 0.523486 0.349303 0.213680 
0.161955 0.084937 0.041704 0.027531 0.021719 0.004911 -0.001292 0.036311 0.079968 0.042394 -0.078864 -0.167125 -0.121873 0.048076 0.294563 0.605174 0.959130 1.273505 1.453996 1.479130 1.402746 1.286966 1.154751 0.999224 0.816058 0.618715 0.431574 0.276385 
0.214494 0.119223 0.059688 0.033572 0.026000 0.011989 -0.003666 0.016753 0.068293 0.071642 -0.022360 -0.139684 -0.160086 -0.046466 0.163304 0.444451 0.787100 1.133053 1.383170 1.479253 1.445862 1.346911 1.223773 1.080443 0.909413 0.716111 0.521151 0.348885 
0.276799 0.162392 0.085279 0.044313 0.030591 0.019200 -0.000348 0.002653 0.048547 0.082136 0.027556 -0.093137 -0.166638 -0.115295 0.049497 0.296190 0.615362 0.972056 1.277366 1.447395 1.470753 1.399410 1.287866 1.155570 0.997712 0.812969 0.615794 0.430284 
0.348657 0.214934 0.119317 0.061390 0.037160 0.025915 0.006607 -0.004209 0.027138 0.076363 0.063110 -0.038689 -0.145493 -0.155147 -0.043137 0.163783 0.451086 0.800132 1.141621 1.380715 1.470912 1.440106 1.346232 1.224913 1.080002 0.906895 0.712923 0.519036 
