0.243964 0.242550 0.196569 0.127110 0.062256 0.020736 0.003782 -0.124847 0.624352 1.002152 1.019981 1.063633 1.130346 1.324916 0.618964 0.242550 0.196569 0.127110 0.062256 0.020736 0.003782 0.000153 -0.000648 0.002152 0.019981 0.063633 0.130346 0.199916 
0.227623 0.248828 0.222494 0.161264 0.091766 0.038425 0.026218 -0.170261 0.296178 0.858249 1.007839 1.038924 1.081008 1.340196 0.930748 0.389453 0.222494 0.161264 0.091766 0.038425 0.010593 0.001614 -0.000697 -0.001126 0.007839 0.038924 0.096633 0.168321 
0.202734 0.244167 0.240023 0.192912 0.124495 0.059954 0.055356 -0.154886 0.051004 0.628773 0.947857 1.022007 1.032828 1.294182 1.151953 0.613308 0.292757 0.192912 0.124495 0.061907 0.022153 0.005270 0.000223 -0.002086 0.000591 0.020054 0.066031 0.134025 
0.171789 0.229148 0.247466 0.219131 0.158219 0.084732 0.083360 -0.101782 -0.098426 0.372225 0.818932 0.992848 0.996101 1.213953 1.272619 0.855369 0.425445 0.238906 0.157975 0.090347 0.039171 0.012232 0.002404 -0.001555 -0.002846 0.007008 0.040290 0.099939 
0.137675 0.205349 0.244139 0.237370 0.190247 0.112461 0.107017 -0.032773 -0.158515 0.139892 0.629677 0.927223 0.967649 1.124925 1.302776 1.065578 0.609983 0.318974 0.196778 0.122104 0.061729 0.023563 0.006585 0.000091 -0.003593 -0.000847 0.020353 0.068589 
0.103309 0.175122 0.230438 0.245799 0.217642 0.142311 0.126532 0.035366 -0.148663 -0.033234 0.408814 0.810590 0.932830 1.043715 1.265731 1.211477 0.817208 0.443377 0.251936 0.157654 0.089141 0.039997 0.013763 0.002987 -0.002555 -0.004527 0.006374 0.041865 
0.071291 0.141278 0.207775 0.243558 0.237617 0.172532 0.143845 0.092557 -0.094081 -0.131776 0.192825 0.644644 0.873129 0.974381 1.189257 1.281106 1.011787 0.607494 0.335512 0.201574 0.120976 0.061705 0.024948 0.007721 -0.000230 -0.005150 -0.002151 0.020875 
0.043637 0.106721 0.178366 0.230882 0.247981 0.200525 0.161014 0.135120 -0.019380 -0.158215 0.014622 0.446651 0.774791 0.909552 1.097198 1.280327 1.163318 0.793102 0.454247 0.261875 0.158609 0.088526 0.040885 0.015175 0.003366 -0.003680 -0.006154 0.005939 
0.021614 0.074109 0.144934 0.209051 0.247501 0.223260 0.179067 0.164143 0.055912 -0.127756 -0.104196 0.243623 0.634893 0.835561 1.003939 1.226280 1.253474 0.974290 0.605364 0.346923 0.206094 0.120763 0.061965 0.026292 0.008675 -0.000728 -0.006738 -0.003308 
0.005707 0.045570 0.110360 0.180201 0.236112 0.237874 0.197505 0.183268 0.119457 -0.061826 -0.156508 0.064282 0.463083 0.739263 0.913005 1.139503 1.278174 1.125099 0.776016 0.461442 0.269571 0.160112 0.088473 0.041872 0.016457 0.003549 -0.004913 -0.007710 
-0.004307 0.022523 0.077334 0.147022 0.214925 0.242260 0.214423 0.196583 0.166047 0.017991 -0.148601 -0.068364 0.279010 0.613978 0.819540 1.037232 1.245307 1.226138 0.946244 0.603391 0.355205 0.210114 0.121163 0.062524 0.027601 0.009447 -0.001390 -0.008338 
-0.009172 0.005610 0.048068 0.112401 0.186045 0.235489 0.227092 0.207090 0.196005 0.094336 -0.096159 -0.141875 0.106874 0.462670 0.715243 0.929588 1.169675 1.268313 1.094061 0.762984 0.466411 0.275642 0.161849 0.088879 0.042966 0.017610 0.003542 -0.006236 
-0.009919 -0.005241 0.024105 0.079071 0.152248 0.217997 0.232741 0.215977 0.212871 0.156273 -0.019009 -0.155825 -0.030882 0.297675 0.593735 0.819198 1.067313 1.253105 1.200790 0.924210 0.601472 0.361405 0.213643 0.121982 0.063353 0.028877 0.010040 -0.002202 
-0.007610 -0.010663 0.006230 0.049311 0.116588 0.191498 0.229307 0.222651 0.221110 0.199408 0.063824 -0.120137 -0.118805 0.137459 0.454529 0.703635 0.951046 1.189972 1.254981 1.068269 0.752507 0.469900 0.280511 0.163683 0.089648 0.044160 0.018634 0.003353 
-0.003117 -0.011630 -0.005491 0.024746 0.081995 0.158680 0.215961 0.225340 0.224401 0.224494 0.137663 -0.051318 -0.151337 0.001726 0.304490 0.579294 0.828401 1.092249 1.253941 1.177756 0.906244 0.599552 0.366136 0.216748 0.123097 0.064409 0.030116 0.010454 
0.003036 -0.009205 -0.011572 0.006251 0.050941 0.122763 0.193308 0.221940 0.224741 0.235313 0.193847 0.032052 -0.132963 -0.093518 0.156603 0.445104 0.702005 0.973094 1.202830 1.240265 1.046398 0.743738 0.472340 0.284475 0.165552 0.090704 0.045434 0.019524 
0.010749 -0.004319 -0.012913 -0.006019 0.025205 0.087012 0.163275 0.210853 0.222370 0.236532 0.229621 0.113352 -0.076013 -0.139575 0.026745 0.304803 0.571781 0.842719 1.111999 1.250460 1.156930 0.891160 0.597598 0.369790 0.219504 0.124431 0.065649 0.031301 
0.020340 0.002406 -0.010552 -0.012507 0.005770 0.054301 0.128729 0.191572 0.216281 0.232085 0.246746 0.180624 0.002944 -0.136529 -0.070382 0.167159 0.437797 0.707457 0.993712 1.210229 1.225225 1.027519 0.736160 0.474003 0.287746 0.167431 0.091985 0.046750 
0.032485 0.010751 -0.005448 -0.014058 -0.007150 0.026799 0.092963 0.164917 0.205039 0.224326 0.249514 0.227630 0.087008 -0.092495 -0.124880 0.044251 0.302600 0.570552 0.859301 1.127160 1.244315 1.138079 0.878189 0.595594 0.372631 0.221980 0.125932 0.067015 
0.048151 0.020926 0.001703 -0.011693 -0.013984 0.005797 0.059157 0.132919 0.187583 0.213945 0.242804 0.253414 0.162179 -0.021133 -0.133877 -0.051467 0.172226 0.433977 0.717538 1.012069 1.213661 1.210404 1.010972 0.729438 0.475074 0.290480 0.169314 0.093425 
0.068532 0.033538 0.010586 -0.006383 -0.015598 -0.008291 0.029927 0.098426 0.163789 0.200452 0.230655 0.260839 0.219306 0.061702 -0.101900 -0.110332 0.055622 0.300375 0.574386 0.876421 1.138471 1.236554 1.120951 0.866808 0.593534 0.374848 0.224238 0.127543 
0.095035 0.049530 0.021314 0.001132 -0.013056 -0.015808 0.007033 0.064568 0.134695 0.182928 0.215556 0.254712 0.254582 0.141254 -0.039495 -0.127914 -0.037205 0.174341 0.433878 0.730402 1.027942 1.214223 1.196070 0.996271 0.723348 0.475682 0.292804 0.171180 
0.129277 0.070121 0.034418 0.010474 -0.007391 -0.017631 -0.008724 0.034227 0.102368 0.160762 0.198426 0.240045 0.268796 0.206345 0.039338 -0.106096 -0.097664 0.062569 0.299486 0.582013 0.893079 1.146637 1.227852 1.105311 0.856652 0.591417 0.376586 0.226307 
0.173058 0.096768 0.050800 0.021686 0.000588 -0.014905 -0.017433 0.009602 0.069516 0.134156 0.179099 0.220844 0.265821 0.250640 0.120145 -0.052612 -0.120855 -0.027133 0.175326 0.437182 0.744734 1.041401 1.212714 1.182346 0.983054 0.717734 0.475932 0.294790 
0.228244 0.131123 0.071677 0.035241 0.010436 -0.008779 -0.019865 -0.008025 0.038968 0.104298 0.157028 0.199567 0.250852 0.272645 0.190675 0.020702 -0.106979 -0.087586 0.066672 0.300542 0.592319 0.908737 1.152268 1.218646 1.090954 0.847454 0.589251 0.377935 
0.296518 0.174974 0.098524 0.052005 0.022140 -0.000187 -0.017187 -0.018339 0.013180 0.073208 0.131937 0.177204 0.228896 0.274719 0.242661 0.100403 -0.061523 -0.114141 -0.020408 0.176369 0.443350 0.759639 1.052646 1.209716 1.169276 0.971042 0.712491 0.475890 
0.378976 0.230109 0.133007 0.073182 0.036130 0.010310 -0.010668 -0.021847 -0.006144 0.043356 0.104255 0.153767 0.203784 0.261543 0.272465 0.173990 0.005777 -0.106126 -0.080155 0.069205 0.303696 0.604405 0.923135 1.155870 1.209220 1.077698 0.839023 0.587037 
0.475607 0.298072 0.176899 0.100248 0.053252 0.022615 -0.001404 -0.019618 -0.018220 0.017182 0.075229 0.128948 0.177808 0.238518 0.280678 0.231945 0.082844 -0.067409 -0.108564 -0.016117 0.178173 0.451798 0.774519 1.061925 1.205654 1.156853 0.960024 0.707539 
