0.051815 0.145278 0.276076 0.460720 0.675257 0.870857 0.989748 0.867448 1.503869 1.687883 1.475986 1.290905 1.156523 1.198676 0.405115 0.010708 0.003372 0.000905 0.000417 0.001685 0.005205 0.010642 0.016320 0.019915 0.019800 0.016046 0.010376 -0.007501 
0.017889 0.093880 0.203946 0.364661 0.570355 0.782645 0.960452 0.833758 1.242209 1.645365 1.578583 1.377109 1.201647 1.282064 0.752001 0.159527 0.006431 0.001891 0.000442 0.000769 0.003205 0.007894 0.013741 0.018582 0.020312 0.018163 0.014737 -0.008212 
-0.001398 0.051625 0.142582 0.278681 0.466684 0.680811 0.909611 0.830212 1.038645 1.502529 1.628810 1.474594 1.257393 1.318165 1.024834 0.400842 0.064410 0.003775 0.000944 0.000342 0.001706 0.005405 0.010943 0.016550 0.019932 0.019397 0.018891 -0.002869 
-0.008577 0.020372 0.091461 0.204144 0.369417 0.571913 0.833736 0.833932 0.902497 1.312787 1.600732 1.559575 1.331247 1.332042 1.212832 0.676893 0.198151 0.026867 0.002081 0.000397 0.000732 0.003325 0.008166 0.014025 0.018731 0.019661 0.021800 0.005107 
-0.007064 0.000630 0.050717 0.141228 0.282127 0.463249 0.735528 0.825288 0.825499 1.122936 1.497897 1.603550 1.416771 1.346645 1.324528 0.937713 0.399090 0.094197 0.011586 0.000987 0.000282 0.001748 0.005618 0.011239 0.016850 0.019045 0.023085 0.013078 
-0.000473 -0.008516 0.020620 0.089674 0.206650 0.361294 0.622203 0.791601 0.788240 0.964527 1.344080 1.587278 1.495579 1.375707 1.381174 1.150097 0.639185 0.218858 0.043890 0.005050 0.000364 0.000714 0.003464 0.008430 0.014472 0.017717 0.022821 0.019348 
0.007966 -0.009142 0.001062 0.049157 0.143454 0.270689 0.503187 0.728497 0.767465 0.850975 1.171348 1.507541 1.544950 1.419975 1.408009 1.300615 0.883318 0.398352 0.114358 0.020201 0.002077 0.000239 0.001812 0.005813 0.011800 0.015862 0.021341 0.023128 
0.015790 -0.004002 -0.008776 0.019334 0.092188 0.193913 0.387837 0.639135 0.742413 0.779612 1.009184 1.376792 1.546543 1.468337 1.425920 1.393049 1.100425 0.615713 0.232625 0.057775 0.009103 0.000732 0.000722 0.003564 0.009047 0.013654 0.019063 0.024353 
0.021475 0.004017 -0.010500 -0.000314 0.052152 0.131526 0.283703 0.531988 0.699034 0.736966 0.877143 1.217720 1.492662 1.502966 1.445935 1.441954 1.270748 0.845366 0.398140 0.129428 0.028402 0.003872 0.000371 0.001813 0.006415 0.011250 0.016373 0.023440 
0.024394 0.012378 -0.006329 -0.010692 0.022556 0.082739 0.195601 0.418001 0.631651 0.705219 0.782005 1.055636 1.388271 1.506231 1.467820 1.464848 1.388123 1.060788 0.599439 0.242823 0.069353 0.013508 0.001503 0.000697 0.004085 0.008797 0.013569 0.021035 
0.024636 0.019222 0.001231 -0.013212 0.002565 0.046062 0.125478 0.307895 0.542336 0.668033 0.719006 0.911445 1.248788 1.466798 1.482595 1.475553 1.457812 1.241207 0.817021 0.398238 0.141385 0.035951 0.006106 0.000576 0.002225 0.006433 0.010846 0.017815 
0.022755 0.023502 0.009783 -0.009768 -0.008788 0.019824 0.072895 0.210183 0.438708 0.614525 0.675837 0.797113 1.095033 1.383069 1.477552 1.480411 1.491540 1.375457 1.028439 0.587388 0.250884 0.079219 0.017989 0.002443 0.001081 0.004304 0.008320 0.014349 
0.019510 0.024937 0.017372 -0.002559 -0.012732 0.002460 0.035832 0.130134 0.331034 0.540930 0.637685 0.714394 0.947309 1.263246 1.441763 1.477948 1.501877 1.462366 1.213702 0.794845 0.398531 0.151247 0.042894 0.008443 0.001189 0.002593 0.006060 0.011037 
0.015654 0.023847 0.022700 0.006187 -0.010816 -0.007408 0.011530 0.069659 0.229460 0.450124 0.591813 0.656514 0.820474 1.122454 1.370296 1.461387 1.497843 1.508265 1.359308 1.001456 0.578059 0.257523 0.087832 0.022269 0.003734 0.001633 0.004138 0.008112 
0.011802 0.020918 0.025194 0.014505 -0.004866 -0.011054 -0.002838 0.027885 0.141951 0.349664 0.530592 0.611756 0.721241 0.978231 1.265969 1.422671 1.482869 1.522977 1.459899 1.188575 0.776900 0.398935 0.159662 0.049172 0.010947 0.002108 0.002702 0.005679 
0.008366 0.016965 0.024927 0.020935 0.003171 -0.009760 -0.009759 0.002106 0.073212 0.249156 0.452599 0.567634 0.648060 0.845893 1.138480 1.356383 1.455282 1.515821 1.517468 1.341781 0.978524 0.570581 0.263200 0.095384 0.026386 0.005348 0.002107 0.003797 
0.005578 0.012745 0.022440 0.024652 0.011449 -0.004911 -0.011243 -0.011232 0.024554 0.157747 0.361928 0.514443 0.593171 0.735132 1.001522 1.262307 1.410627 1.492913 1.538811 1.453071 1.165738 0.761982 0.399445 0.166940 0.054890 0.013643 0.003111 0.002592 
0.003562 0.008846 0.018528 0.025473 0.018445 0.002015 -0.008870 -0.015709 -0.005514 0.082277 0.266296 0.447409 0.545903 0.648598 0.869027 1.145972 1.344721 1.456318 1.532317 1.521140 1.323957 0.958708 0.564460 0.268136 0.102065 0.030427 0.007125 0.002414 
0.002471 0.005654 0.014029 0.023747 0.023134 0.009537 -0.003933 -0.014419 -0.020311 0.026353 0.174650 0.367179 0.496131 0.582534 0.751748 1.017274 1.256241 1.404970 1.505215 1.549979 1.443557 1.144957 0.749343 0.400016 0.173296 0.060204 0.016452 0.004037 
0.002660 0.003414 0.009674 0.020179 0.025064 0.016320 0.002429 -0.009750 -0.023935 -0.009683 0.094972 0.278862 0.436974 0.528981 0.655102 0.887831 1.148037 1.336666 1.462027 1.546495 1.520790 1.306384 0.941365 0.559354 0.272453 0.108082 0.034411 0.008888 
0.004902 0.002349 0.006013 0.015629 0.024325 0.021335 0.009161 -0.003410 -0.020397 -0.028110 0.032740 0.190139 0.366181 0.478713 0.578716 0.768032 1.026882 1.250260 1.404458 1.518033 1.557230 1.432414 1.125998 0.738471 0.400587 0.178930 0.065228 0.019238 
0.010597 0.002848 0.003437 0.010936 0.021438 0.023978 0.015297 0.003428 -0.013063 -0.032823 -0.009753 0.109109 0.286099 0.424013 0.517550 0.664682 0.901891 1.147218 1.332437 1.470543 1.558133 1.517522 1.289345 0.926029 0.555000 0.276264 0.113615 0.038276 
0.021945 0.005680 0.002279 0.006811 0.017182 0.024111 0.020036 0.009940 -0.004409 -0.028297 -0.033263 0.042412 0.202488 0.360603 0.464082 0.579857 0.782272 1.032068 1.245717 1.407804 1.530363 1.561273 1.420326 1.108651 0.728978 0.401121 0.184026 0.069988 
0.041995 0.012205 0.002988 0.003815 0.012427 0.022022 0.022826 0.015520 0.003958 -0.018718 -0.040860 -0.005975 0.122695 0.288375 0.410806 0.511139 0.675141 0.911688 1.145338 1.331702 1.480540 1.567301 1.512141 1.272988 0.912338 0.551205 0.279691 0.118758 
0.074504 0.024528 0.006341 0.002428 0.007998 0.018323 0.023438 0.019705 0.011128 -0.007447 -0.036917 -0.035141 0.053734 0.210941 0.352353 0.453014 0.584072 0.793777 1.034424 1.243210 1.413880 1.541660 1.562720 1.407752 1.092723 0.720569 0.401626 0.188703 
0.123576 0.045543 0.013650 0.003199 0.004619 0.013812 0.021987 0.022177 0.016666 0.003203 -0.026088 -0.046916 0.000755 0.134312 0.286741 0.398884 0.508712 0.685057 0.918083 1.143582 1.333907 1.491110 1.574193 1.505243 1.257378 0.899994 0.547844 0.282824 
0.193048 0.078792 0.026916 0.006941 0.002937 0.009343 0.018897 0.022794 0.020416 0.011913 -0.012500 -0.045065 -0.033817 0.065175 0.215562 0.343101 0.445483 0.589800 0.802511 1.035229 1.242884 1.421774 1.551656 1.562083 1.395001 1.078032 0.713028 0.402113 
0.285729 0.128122 0.048866 0.014932 0.003638 0.005746 0.014827 0.021630 0.022371 0.018153 0.000725 -0.034259 -0.050408 0.009255 0.143224 0.282476 0.389051 0.509092 0.693654 0.922003 1.142652 1.338455 1.501647 1.579058 1.497277 1.242521 0.888769 0.544839 
