0.049703 0.034586 0.024872 0.031883 0.067544 0.145008 0.150901 1.086311 1.680076 1.885134 2.017140 2.031786 2.048540 1.103605 0.505329 0.306636 0.161711 0.073777 0.029368 0.010437 0.003198 0.001496 0.005237 0.015962 0.032597 0.049981 0.060991 0.060425 
0.055613 0.041469 0.027639 0.024796 0.044489 0.115222 0.031765 0.661312 1.431782 1.791737 1.965807 2.024200 2.160374 1.532740 0.754519 0.399262 0.227050 0.112304 0.048388 0.018441 0.006125 0.001667 0.002493 0.009861 0.024186 0.042086 0.056933 0.061978 
0.059768 0.048502 0.033180 0.023401 0.028262 0.099129 -0.015632 0.328923 1.097861 1.634995 1.893232 1.985281 2.187763 1.865381 1.090759 0.554010 0.305972 0.163323 0.076100 0.031211 0.011301 0.003235 0.001263 0.005307 0.016576 0.033517 0.050735 0.060881 
0.061594 0.054642 0.040148 0.026460 0.017581 0.086899 -0.015666 0.103598 0.742368 1.401290 1.784887 1.925452 2.152130 2.083102 1.448336 0.786295 0.416817 0.227719 0.114420 0.050533 0.019775 0.006507 0.001497 0.002382 0.010233 0.025012 0.043010 0.057216 
0.060821 0.059061 0.047295 0.032703 0.012246 0.073725 0.007888 -0.020972 0.420464 1.106245 1.623467 1.844405 2.075754 2.188333 1.769128 1.080745 0.579009 0.312794 0.164893 0.078335 0.032968 0.012109 0.003265 0.001069 0.005441 0.017220 0.034485 0.051341 
0.057486 0.061192 0.053531 0.040732 0.012232 0.058900 0.036185 -0.065329 0.169202 0.784424 1.401891 1.732635 1.974926 2.198517 2.012378 1.401606 0.800437 0.431112 0.231175 0.116465 0.052588 0.021036 0.006856 0.001346 0.002329 0.010645 0.025904 0.043835 
0.051904 0.060760 0.058003 0.049094 0.017086 0.044239 0.057392 -0.056578 0.004350 0.476532 1.128998 1.578320 1.856118 2.137937 2.158526 1.705791 1.072041 0.594601 0.320490 0.167466 0.080486 0.034641 0.012862 0.003289 0.000921 0.005619 0.017940 0.035405 
0.044610 0.057783 0.060151 0.056436 0.025695 0.032413 0.066706 -0.021455 -0.077520 0.217906 0.828158 1.375099 1.716716 2.029682 2.207397 1.954786 1.369377 0.807905 0.442410 0.235723 0.118834 0.054555 0.022226 0.007175 0.001222 0.002317 0.011137 0.026793 
0.036282 0.052547 0.059727 0.061672 0.036383 0.025607 0.064866 0.018614 -0.093424 0.030839 0.530946 1.127294 1.549489 1.890105 2.172330 2.122691 1.659090 1.064144 0.605306 0.327841 0.170702 0.082701 0.036231 0.013563 0.003317 0.000804 0.005873 0.018695 
0.027653 0.045550 0.056792 0.064103 0.047213 0.024741 0.055926 0.049963 -0.066943 -0.078273 0.268863 0.850889 1.348589 1.727096 2.072701 2.199256 1.907308 1.344603 0.812053 0.451533 0.240630 0.121510 0.056490 0.023344 0.007474 0.001113 0.002369 0.011688 
0.019429 0.037434 0.051662 0.063473 0.056356 0.029270 0.044977 0.066812 -0.021687 -0.117416 0.065933 0.570417 1.114638 1.541955 1.927280 2.188291 2.087127 1.622186 1.056825 0.613091 0.334608 0.174307 0.085016 0.037758 0.014220 0.003341 0.000733 0.006198 
0.012217 0.028904 0.044850 0.059933 0.062411 0.037464 0.036357 0.069686 0.023466 -0.104436 -0.065883 0.313208 0.857141 1.333546 1.750157 2.103057 2.183181 1.867209 1.324302 0.814302 0.459077 0.245582 0.124408 0.058422 0.024407 0.007747 0.001028 0.002495 
0.006485 0.020653 0.036985 0.053967 0.064600 0.046957 0.032606 0.062965 0.056787 -0.061292 -0.127727 0.103057 0.593615 1.102818 1.549815 1.960704 2.192631 2.053562 1.591642 1.049955 0.618973 0.340789 0.178096 0.087419 0.039245 0.014834 0.003364 0.000729 
0.002556 0.013298 0.028737 0.046270 0.062818 0.055367 0.034193 0.052353 0.073864 -0.008708 -0.131662 -0.044807 0.346006 0.855992 1.330830 1.777630 2.123042 2.163453 1.832573 1.306960 0.815364 0.465445 0.250441 0.127444 0.060361 0.025422 0.007995 0.000998 
0.000629 0.007340 0.020756 0.037627 0.057544 0.060808 0.039863 0.042854 0.076119 0.037625 -0.096411 -0.126229 0.135703 0.605392 1.096916 1.566903 1.988461 2.189659 2.022355 1.565515 1.043453 0.623540 0.346442 0.181953 0.089885 0.040703 0.015404 0.003427 
0.000839 0.003146 0.013616 0.028811 0.049667 0.062202 0.047344 0.037575 0.068456 0.068815 -0.042420 -0.147789 -0.021233 0.367818 0.853846 1.337963 1.805227 2.135123 2.142199 1.802087 1.291715 0.815645 0.470915 0.255145 0.130558 0.062308 0.026388 0.008268 
0.003337 0.000972 0.007791 0.020506 0.040279 0.059359 0.054137 0.037378 0.056831 0.082585 0.012464 -0.124095 -0.117323 0.161171 0.611071 1.098011 1.588766 2.010528 2.182059 1.993426 1.542613 1.037262 0.627160 0.351632 0.185810 0.092392 0.042123 0.015992 
0.008378 0.001007 0.003645 0.013266 0.030479 0.052857 0.058190 0.041231 0.046317 0.081692 0.055829 -0.073732 -0.154674 0.000498 0.381491 0.854064 1.352013 1.830926 2.141314 2.120515 1.774837 1.278032 0.815389 0.475683 0.259670 0.133707 0.064241 0.027373 
0.016423 0.003441 0.001453 0.007506 0.021227 0.043798 0.058310 0.046955 0.039987 0.071659 0.081723 -0.015029 -0.143717 -0.105315 0.179547 0.614606 1.105418 1.612535 2.027518 2.171524 1.966567 1.522164 1.031343 0.630074 0.356420 0.189627 0.094899 0.043573 
0.028227 0.008558 0.001442 0.003521 0.013260 0.033520 0.054287 0.052084 0.038641 0.058524 0.090043 0.037339 -0.100259 -0.155324 0.018341 0.390107 0.857974 1.370493 1.853899 2.143142 2.098976 1.750168 1.265560 0.814757 0.479890 0.264015 0.136838 0.066214 
0.044930 0.016823 0.003850 0.001524 0.007076 0.023327 0.046775 0.054590 0.041197 0.047128 0.084811 0.074303 -0.041777 -0.156383 -0.093254 0.192212 0.618459 1.117873 1.636466 2.040196 2.159139 1.941547 1.503638 1.025666 0.632449 0.360865 0.193357 0.097446 
0.068137 0.028985 0.009006 0.001702 0.002962 0.014302 0.037005 0.053334 0.045478 0.040194 0.071994 0.092753 0.016079 -0.121297 -0.152610 0.031881 0.396189 0.865768 1.391527 1.873930 2.141735 2.077883 1.727600 1.254058 0.813854 0.483648 0.268162 0.139977 
0.099971 0.046164 0.017411 0.004284 0.001072 0.007211 0.026450 0.048193 0.049085 0.038200 0.057474 0.094553 0.062004 -0.065867 -0.163929 -0.082842 0.200876 0.623956 1.134068 1.659553 2.049289 2.145612 1.918149 1.486662 1.020206 0.634411 0.364992 0.197026 
0.143093 0.069936 0.029834 0.009608 0.001509 0.002504 0.016518 0.039928 0.050111 0.039873 0.045611 0.084717 0.090194 -0.005657 -0.137292 -0.148714 0.041597 0.401538 0.877090 1.413779 1.891098 2.137924 2.057384 1.706777 1.243351 0.812761 0.487020 0.272145 
0.200632 0.102383 0.047401 0.018205 0.004422 0.000380 0.008337 0.029876 0.047572 0.042995 0.038571 0.069368 0.100121 0.046741 -0.086501 -0.168220 -0.074762 0.207116 0.631672 1.152856 1.681250 2.055432 2.131412 1.896182 1.470960 1.014950 0.636032 0.368855 
0.275997 0.146099 0.071669 0.030876 0.010096 0.000901 0.002660 0.019587 0.041508 0.045264 0.036380 0.053975 0.095261 0.083414 -0.026320 -0.149257 -0.145044 0.048342 0.407315 0.891363 1.436329 1.905616 2.132323 2.037546 1.687419 1.233318 0.811524 0.490074 
0.372513 0.204114 0.104679 0.048771 0.019038 0.004129 -0.000115 0.010499 0.032818 0.044966 0.037512 0.042216 0.081260 0.101573 0.030197 -0.103683 -0.170797 -0.069049 0.212194 0.641724 1.173306 1.701295 2.059155 2.116854 1.875480 1.456331 1.009878 0.637377 
0.492887 0.279693 0.148956 0.073453 0.032051 0.010250 0.000149 0.003729 0.022930 0.041342 0.039719 0.035572 0.064079 0.102878 0.073698 -0.045089 -0.158348 -0.142360 0.053037 0.414203 0.907964 1.458567 1.917745 2.125389 2.018388 1.669318 1.223860 0.810173 
