0.007039 0.003032 0.003229 0.009325 0.026627 0.066838 0.147190 0.283134 0.475256 0.572294 1.521333 2.011504 2.003648 1.876672 1.674885 1.583490 0.650279 0.146164 0.068522 0.028662 0.012619 0.010430 0.015441 0.022454 0.027161 0.026961 0.021843 0.014068 
0.010176 0.004510 0.002393 0.004877 0.015113 0.041715 0.100065 0.208139 0.391080 0.417275 1.104172 1.828672 2.022466 1.949512 1.761979 1.734415 1.063248 0.344912 0.102620 0.045615 0.018909 0.010624 0.012685 0.019236 0.025421 0.027675 0.024734 0.017862 
0.013766 0.006899 0.002876 0.002666 0.007949 0.024445 0.064674 0.144744 0.319203 0.321590 0.756023 1.532760 1.958912 2.000311 1.835750 1.828647 1.404727 0.644575 0.200605 0.070330 0.029959 0.013473 0.011094 0.016006 0.022820 0.027198 0.026696 0.021400 
0.017487 0.009977 0.004411 0.002084 0.003906 0.013231 0.039580 0.092910 0.253482 0.266390 0.496018 1.188215 1.793930 2.005357 1.898348 1.884301 1.658716 0.985128 0.383378 0.124229 0.047159 0.019953 0.011372 0.013312 0.019718 0.025619 0.027546 0.024340 
0.020996 0.013489 0.006789 0.002729 0.002057 0.006440 0.023032 0.052840 0.191654 0.232846 0.323383 0.852926 1.540359 1.939448 1.940232 1.917766 1.827509 1.312943 0.641428 0.231044 0.079461 0.031228 0.014347 0.011784 0.016578 0.023165 0.027224 0.026399 
0.023960 0.017142 0.009809 0.004336 0.001761 0.002722 0.013084 0.024310 0.134450 0.206082 0.223239 0.568419 1.232685 1.789691 1.942746 1.937473 1.925676 1.589844 0.944544 0.403886 0.142334 0.051425 0.020998 0.012146 0.013957 0.020187 0.025805 0.027384 
0.026096 0.020615 0.013243 0.006710 0.002606 0.001067 0.007795 0.006333 0.084194 0.177076 0.173658 0.355943 0.913960 1.561682 1.886010 1.940925 1.972079 1.796444 1.254114 0.639327 0.251779 0.089319 0.033515 0.015239 0.012499 0.017149 0.023501 0.027220 
0.027203 0.023592 0.016824 0.009673 0.004338 0.000803 0.005455 -0.002851 0.043386 0.142672 0.152154 0.217834 0.623738 1.278245 1.757523 1.916438 1.982351 1.930098 1.534336 0.918315 0.417417 0.157218 0.056726 0.022435 0.012945 0.014611 0.020654 0.025966 
0.027190 0.025792 0.020256 0.013022 0.006780 0.001547 0.004749 -0.005516 0.013636 0.104254 0.140388 0.142466 0.389711 0.972895 1.557929 1.848605 1.964165 1.999163 1.759749 1.211935 0.637779 0.267354 0.098697 0.036480 0.016296 0.013231 0.017724 0.023819 
0.026101 0.027008 0.023236 0.016515 0.009775 0.003109 0.004831 -0.004061 -0.004873 0.065756 0.126578 0.110781 0.224096 0.681072 1.302207 1.725157 1.916455 2.015966 1.918006 1.489135 0.899391 0.427345 0.169720 0.062334 0.024248 0.013819 0.015277 0.021112 
0.024117 0.027139 0.025491 0.019878 0.013136 0.005394 0.005297 -0.000625 -0.013397 0.031667 0.105744 0.102541 0.124481 0.432064 1.016413 1.542638 1.832280 1.990894 2.008350 1.723680 1.179551 0.636566 0.279753 0.107365 0.039834 0.017547 0.014001 0.018300 
0.021558 0.026212 0.026811 0.022826 0.016632 0.008309 0.006073 0.003192 -0.014241 0.005508 0.078366 0.101000 0.077805 0.243677 0.731504 1.309099 1.703837 1.929232 2.037388 1.898447 1.451472 0.884787 0.435106 0.180452 0.067944 0.026348 0.014793 0.015961 
0.018877 0.024392 0.027084 0.025094 0.019995 0.011709 0.007272 0.006452 -0.010172 -0.011005 0.048215 0.095411 0.065769 0.120497 0.476369 1.043158 1.527636 1.831189 2.014197 2.006422 1.689924 1.153504 0.635568 0.290011 0.115334 0.043391 0.018980 0.014824 
0.016668 0.021987 0.026323 0.026478 0.022943 0.015371 0.009039 0.008837 -0.003834 -0.018095 0.020108 0.081418 0.070044 0.055490 0.272068 0.770053 1.308013 1.694481 1.946541 2.048900 1.875663 1.419403 0.872989 0.441429 0.189830 0.073421 0.028654 0.015876 
0.015706 0.019450 0.024678 0.026862 0.025215 0.019002 0.011438 0.010497 0.002701 -0.017522 -0.001882 0.059849 0.076129 0.033875 0.128603 0.516063 1.057969 1.518048 1.839224 2.032170 1.997659 1.658802 1.131839 0.634714 0.298731 0.122670 0.047039 0.020569 
0.017061 0.017393 0.022445 0.026249 0.026609 0.022277 0.014392 0.011824 0.008152 -0.011894 -0.015463 0.034665 0.075305 0.037879 0.044648 0.303028 0.797245 1.305371 1.694664 1.964129 2.052958 1.851744 1.391591 0.863134 0.446732 0.198147 0.078709 0.031103 
0.022285 0.016637 0.020075 0.024777 0.027016 0.024887 0.017670 0.013246 0.012035 -0.003930 -0.020391 0.010787 0.064743 0.051068 0.009812 0.144358 0.548397 1.066162 1.514996 1.851976 2.044799 1.984719 1.630206 1.113355 0.633956 0.306296 0.129449 0.050710 
0.033651 0.018325 0.018198 0.022734 0.026442 0.026588 0.020930 0.015057 0.014485 0.004114 -0.018115 -0.007649 0.046219 0.061353 0.008465 0.043398 0.332162 0.815896 1.304561 1.701506 1.980000 2.051563 1.827754 1.367099 0.854688 0.451274 0.205609 0.083791 
0.054369 0.024088 0.017679 0.020569 0.025033 0.027240 0.023786 0.017331 0.015996 0.010782 -0.011087 -0.018308 0.024127 0.062289 0.023931 -0.005797 0.163409 0.573413 1.071694 1.517840 1.866620 2.052703 1.969264 1.603896 1.097269 0.633263 0.312961 0.135740 
0.088668 0.036245 0.019721 0.018927 0.023084 0.026845 0.025888 0.019918 0.017148 0.015471 -0.001984 -0.020904 0.003443 0.052773 0.042031 -0.015800 0.048706 0.357376 0.829070 1.306937 1.712567 1.993351 2.046225 1.804238 1.345255 0.847303 0.455227 0.212369 
0.141609 0.057969 0.026017 0.018705 0.021055 0.025554 0.026993 0.022503 0.018397 0.018282 0.006927 -0.016853 -0.011853 0.035617 0.053288 -0.002176 -0.014067 0.182663 0.592451 1.077034 1.525358 1.881448 2.056646 1.952356 1.579617 1.083044 0.632612 0.318904 
0.218549 0.093328 0.038913 0.021153 0.019611 0.023687 0.027014 0.024700 0.019951 0.019744 0.014157 -0.008560 -0.019662 0.015607 0.053595 0.020109 -0.034199 0.057666 0.378208 0.839275 1.312725 1.726014 2.003983 2.038057 1.781466 1.325563 0.840738 0.458706 
0.324261 0.147088 0.061538 0.028006 0.019680 0.021743 0.026056 0.026162 0.021758 0.020520 0.019092 0.001346 -0.019907 -0.002367 0.043535 0.039455 -0.025317 -0.016851 0.200371 0.607193 1.083520 1.536285 1.895485 2.057353 1.934675 1.557130 1.070301 0.631988 
0.461805 0.224222 0.097811 0.041621 0.022545 0.020430 0.024425 0.026672 0.023564 0.021163 0.021846 0.010658 -0.014130 -0.014683 0.026831 0.049081 -0.002086 -0.047179 0.068060 0.395094 0.848302 1.321598 1.740552 2.011987 2.027872 1.759563 1.307651 0.834821 
0.631384 0.329117 0.152239 0.065077 0.029963 0.020724 0.022646 0.026218 0.025030 0.021978 0.022988 0.017951 -0.004765 -0.019665 0.008482 0.047133 0.022739 -0.044674 -0.016034 0.215806 0.619187 1.091743 1.549515 1.908213 2.055454 1.916668 1.536222 1.058760 
0.829433 0.464577 0.229463 0.102152 0.044285 0.023948 0.021479 0.025027 0.025857 0.022996 0.023239 0.022680 0.005616 -0.017596 -0.006904 0.035689 0.040313 -0.022974 -0.055754 0.078443 0.408850 0.857313 1.333013 1.755296 2.017587 2.016269 1.738572 1.291230 
1.048214 0.630787 0.333545 0.157127 0.068528 0.031883 0.021961 0.023593 0.025903 0.024038 0.023217 0.025022 0.014916 -0.010228 -0.016238 0.019138 0.046490 0.004856 -0.060236 -0.013181 0.228889 0.629677 1.101840 1.564153 1.919393 2.051475 1.898626 1.516708 
1.276078 0.824478 0.467063 0.234359 0.106333 0.046865 0.025478 0.022692 0.025270 0.024840 0.023300 0.025609 0.021849 -0.000048 -0.018406 0.002453 0.041437 0.028605 -0.041708 -0.061086 0.088014 0.420361 0.866989 1.346381 1.769668 2.021050 2.003684 1.718489 
