0.006939 0.002464 0.001148 -0.122174 0.634236 1.026938 1.068819 1.152040 1.290546 1.607986 1.077188 0.896176 1.006395 0.995930 0.869466 0.670272 0.456607 0.274876 0.146075 0.068833 0.030643 0.017469 0.017842 0.023171 0.027348 0.027004 0.021852 0.014112 
0.010188 0.004307 0.017057 -0.170480 0.301495 0.874440 1.042711 1.103519 1.198926 1.555296 1.298864 0.950278 0.966371 1.015663 0.941790 0.771678 0.559447 0.359125 0.204031 0.102572 0.046611 0.022363 0.017036 0.020651 0.025825 0.027777 0.024751 0.017911 
0.013820 0.004918 0.035718 -0.159150 0.052886 0.638552 0.972008 1.068790 1.118602 1.453711 1.438599 1.078986 0.954174 1.006412 0.990756 0.861998 0.664074 0.453633 0.274873 0.147614 0.070627 0.032121 0.018582 0.018649 0.023641 0.027423 0.026741 0.021441 
0.017790 0.004406 0.048526 -0.112579 -0.099836 0.377245 0.834864 1.026270 1.058034 1.329934 1.489218 1.229442 0.994449 0.988780 1.012722 0.935023 0.764601 0.554893 0.357815 0.204960 0.104311 0.048254 0.023651 0.018000 0.021296 0.026090 0.027659 0.024381 
0.021935 0.003910 0.052120 -0.053758 -0.164250 0.141137 0.639331 0.950523 1.012135 1.208061 1.461958 1.356232 1.083280 0.987913 1.013456 0.985463 0.854723 0.658168 0.450827 0.274862 0.149061 0.072350 0.033583 0.019707 0.019460 0.024096 0.027480 0.026434 
0.025875 0.004644 0.047276 -0.000242 -0.160989 -0.035657 0.413610 0.826124 0.964540 1.102852 1.379963 1.429998 1.197558 1.020483 1.007377 1.012303 0.928320 0.757794 0.550575 0.356574 0.205825 0.105963 0.049856 0.024941 0.018973 0.021935 0.026342 0.027389 
0.029097 0.007276 0.037229 0.037670 -0.116375 -0.138815 0.193570 0.654129 0.895345 1.016346 1.269792 1.440290 1.306857 1.088524 1.011676 1.020953 0.981129 0.847643 0.652532 0.448168 0.274839 0.150425 0.074010 0.035030 0.020841 0.020273 0.024558 0.027186 
0.031108 0.011715 0.025941 0.056760 -0.055803 -0.171948 0.011356 0.451268 0.789764 0.939290 1.153437 1.393032 1.384186 1.180005 1.039334 1.022452 1.012749 0.922089 0.751245 0.546471 0.355389 0.206632 0.107538 0.051421 0.026233 0.019951 0.022623 0.025962 
0.031602 0.017209 0.016754 0.059274 0.000926 -0.151307 -0.112372 0.243989 0.644137 0.856449 1.043183 1.304290 1.413026 1.274157 1.094196 1.029996 1.027720 0.977442 0.840908 0.647146 0.445639 0.274802 0.151713 0.075614 0.036464 0.021972 0.021204 0.024066 
0.030575 0.022663 0.011610 0.050622 0.041836 -0.099086 -0.171518 0.060335 0.467543 0.753491 0.940519 1.192783 1.389609 1.348728 1.169707 1.054356 1.034858 1.013363 0.916329 0.744995 0.542559 0.354252 0.207384 0.109044 0.052956 0.027503 0.021134 0.022051 
0.028368 0.027012 0.010878 0.037091 0.062746 -0.037186 -0.173337 -0.077511 0.279096 0.622881 0.838851 1.073581 1.320909 1.386436 1.251259 1.100049 1.044857 1.033553 0.974133 0.834550 0.642011 0.443226 0.274752 0.152933 0.077171 0.037844 0.023408 0.020642 
0.025640 0.029537 0.013652 0.024054 0.065617 0.017307 -0.134259 -0.158022 0.102395 0.466966 0.728521 0.954641 1.219970 1.378761 1.320851 1.163652 1.066967 1.045219 1.013864 0.910961 0.739061 0.538830 0.353157 0.208085 0.110498 0.054396 0.029167 0.020713 
0.023305 0.030061 0.018309 0.014958 0.056070 0.054369 -0.074452 -0.181663 -0.040832 0.297558 0.602173 0.836680 1.100623 1.326453 1.362217 1.234687 1.105942 1.057294 1.038485 0.971037 0.828552 0.637125 0.440918 0.274686 0.154106 0.078588 0.039685 0.023268 
0.022446 0.028997 0.023135 0.011076 0.040865 0.071109 -0.012742 -0.159062 -0.135942 0.132585 0.458629 0.715747 0.973415 1.237296 1.364747 1.298604 1.160303 1.077888 1.053969 1.014140 0.905913 0.733436 0.535275 0.352095 0.208763 0.111770 0.056326 0.029419 
0.024243 0.027273 0.026840 0.011874 0.025914 0.070249 0.036992 -0.107082 -0.178178 -0.008869 0.304222 0.587119 0.843804 1.122409 1.325221 1.340695 1.222467 1.111784 1.067918 1.042605 0.968058 0.822885 0.632483 0.438704 0.274637 0.155073 0.080481 0.040381 
0.029916 0.026191 0.028873 0.015731 0.015107 0.057781 0.067473 -0.044168 -0.172681 -0.111496 0.151451 0.448947 0.712722 0.992581 1.247232 1.349671 1.280638 1.158773 1.087531 1.061416 1.014159 0.901125 0.728106 0.531880 0.351107 0.209233 0.113465 0.057435 
0.040701 0.027252 0.029510 0.020738 0.010007 0.040566 0.077793 0.013762 -0.132137 -0.167309 0.015659 0.304414 0.578824 0.855802 1.138933 1.319885 1.321759 1.213378 1.117512 1.077116 1.046010 0.965140 0.817517 0.628061 0.436631 0.274407 0.156382 0.081887 
0.057827 0.032013 0.029760 0.025369 0.010211 0.024453 0.071837 0.056011 -0.073028 -0.176990 -0.089048 0.161830 0.441298 0.716544 1.010140 1.251794 1.334604 1.266004 1.158511 1.096153 1.067783 1.013919 0.896557 0.723036 0.528696 0.349994 0.209953 0.114970 
0.082482 0.041975 0.031154 0.028910 0.014115 0.013189 0.056046 0.078076 -0.011643 -0.148997 -0.153386 0.032817 0.302092 0.576627 0.869835 1.150823 1.312125 1.305165 1.206616 1.123083 1.085155 1.048788 0.962258 0.812399 0.623911 0.434512 0.274342 0.157732 
0.115764 0.058518 0.035492 0.031601 0.019779 0.008179 0.037221 0.081029 0.039171 -0.096941 -0.175016 -0.070669 0.166797 0.437025 0.724759 1.025289 1.252507 1.320094 1.254013 1.159149 1.103924 1.073242 1.013440 0.892157 0.718269 0.525558 0.348982 0.210867 
0.158584 0.082864 0.044613 0.034538 0.025662 0.008899 0.020855 0.069834 0.071882 -0.036140 -0.158781 -0.139482 0.043969 0.299723 0.579292 0.884188 1.158852 1.303009 1.290652 1.201626 1.128468 1.092223 1.051026 0.959374 0.807566 0.619897 0.432462 0.274548 
0.211535 0.116040 0.060217 0.039426 0.031086 0.013691 0.010249 0.051211 0.084616 0.019698 -0.115203 -0.169650 -0.056795 0.168869 0.436342 0.735519 1.037833 1.250495 1.306414 1.244155 1.160433 1.110965 1.077931 1.012720 0.887952 0.713702 0.522490 0.348261 
0.274744 0.158828 0.083749 0.048265 0.036388 0.020644 0.006419 0.031674 0.080204 0.060905 -0.057809 -0.163340 -0.127324 0.050811 0.298642 0.585538 0.897883 1.163757 1.293226 1.277968 1.198013 1.133645 1.098470 1.052770 0.956521 0.802947 0.615973 0.430688 
0.347713 0.211682 0.116339 0.063056 0.042810 0.028326 0.008597 0.016137 0.064418 0.082982 -0.000100 -0.128268 -0.163096 -0.046968 0.169844 0.438909 0.747519 1.047870 1.246583 1.293684 1.236042 1.162179 1.117373 1.081939 1.011811 0.883909 0.709249 0.519662 
0.429198 0.274611 0.158753 0.085568 0.052212 0.036224 0.015053 0.007275 0.043992 0.086405 0.047077 -0.075851 -0.164552 -0.117618 0.054906 0.299433 0.594247 0.910400 1.166178 1.283226 1.266890 1.195479 1.138605 1.103992 1.054097 0.953705 0.798445 0.612251 
0.517166 0.347063 0.211348 0.117182 0.066719 0.044866 0.023964 0.005602 0.024921 0.075416 0.077191 -0.018666 -0.137156 -0.156784 -0.040357 0.170884 0.444173 0.759870 1.055630 1.241375 1.281943 1.229367 1.164259 1.123209 1.085357 1.010760 0.879942 0.704955 
0.608850 0.427816 0.274012 0.158802 0.088375 0.055674 0.034097 0.010073 0.011365 0.056259 0.088508 0.032092 -0.090268 -0.163976 -0.110422 0.057508 0.302227 0.604514 0.921502 1.166650 1.273302 1.257222 1.193806 1.143334 1.108876 1.055086 0.950872 0.794049 
0.700929 0.514929 0.346090 0.210809 0.118873 0.070634 0.045192 0.018920 0.005268 0.035392 0.083466 0.068543 -0.035170 -0.143030 -0.151496 -0.036056 0.172672 0.451533 0.771988 1.061388 1.235317 1.271179 1.223896 1.166568 1.128522 1.088284 1.009555 0.876007 
