0.056310 0.058476 0.082163 0.150153 0.277009 0.460811 0.674919 0.869764 0.864549 1.622715 1.895136 1.717947 1.517177 1.335496 1.320289 0.475371 0.043987 0.015583 0.004305 0.000997 0.000079 0.000592 0.005006 0.015910 0.032587 0.049979 0.060991 0.058527 
0.056871 0.054703 0.064782 0.108800 0.206463 0.365122 0.570273 0.797349 0.771734 1.304350 1.815127 1.809489 1.615176 1.405528 1.431607 0.846138 0.209306 0.027644 0.008948 0.002352 0.000359 -0.000152 0.001987 0.009736 0.024159 0.042080 0.057169 0.059728 
0.058213 0.054256 0.055500 0.080085 0.150007 0.279981 0.464957 0.715397 0.714762 1.040772 1.624290 1.835892 1.714249 1.480886 1.495011 1.145293 0.470826 0.098104 0.016783 0.005074 0.001171 -0.000228 0.000217 0.005028 0.016510 0.033474 0.051191 0.059126 
0.059050 0.055585 0.051960 0.062126 0.107540 0.208119 0.364286 0.621561 0.674249 0.845579 1.379021 1.771747 1.789036 1.566632 1.533429 1.360745 0.770341 0.248040 0.048742 0.009953 0.002809 0.000241 -0.000551 0.001788 0.010084 0.024898 0.043555 0.056265 
0.058439 0.057337 0.052049 0.052637 0.077937 0.150880 0.273563 0.518497 0.633075 0.714650 1.129889 1.622313 1.810353 1.654184 1.567465 1.499302 1.057030 0.468815 0.128328 0.025392 0.005809 0.001303 -0.000547 -0.000126 0.005121 0.017010 0.034970 0.051150 
0.055843 0.058411 0.053959 0.049254 0.059331 0.108191 0.196941 0.412325 0.579911 0.632154 0.912622 1.414149 1.759359 1.723587 1.608505 1.580147 1.296409 0.731957 0.268877 0.066441 0.013716 0.003224 0.000094 -0.000940 0.001667 0.010307 0.026213 0.044172 
0.051145 0.058005 0.056216 0.049758 0.049445 0.078775 0.136737 0.310607 0.510536 0.577505 0.744755 1.182925 1.634377 1.751387 1.655205 1.626249 1.473367 1.001511 0.467837 0.148945 0.034799 0.007550 0.001397 -0.000878 -0.000390 0.005079 0.018003 0.035978 
0.044600 0.055656 0.057694 0.052219 0.045896 0.060531 0.093267 0.220415 0.427192 0.531485 0.627265 0.962180 1.450456 1.719531 1.694893 1.656217 1.589680 1.245167 0.707826 0.282798 0.081010 0.018538 0.003989 -0.000086 -0.001257 0.001412 0.010910 0.027342 
0.036746 0.051255 0.057614 0.055063 0.046438 0.050951 0.065098 0.146887 0.336614 0.480403 0.549483 0.775552 1.233718 1.621708 1.708967 1.679038 1.657696 1.441527 0.962458 0.467407 0.164490 0.043783 0.009954 0.001589 -0.001151 -0.000776 0.005294 0.019022 
0.028286 0.045020 0.055549 0.057098 0.049108 0.047490 0.049569 0.092500 0.247493 0.417847 0.495320 0.633506 1.013408 1.465304 1.679985 1.692929 1.692720 1.582474 1.203990 0.690916 0.293172 0.093277 0.023686 0.005068 -0.000171 -0.001675 0.001302 0.011659 
0.019959 0.037428 0.051407 0.057516 0.052307 0.047837 0.043423 0.057027 0.168076 0.344280 0.448994 0.534198 0.814457 1.269008 1.597862 1.688101 1.706579 1.671127 1.410056 0.933036 0.467313 0.176936 0.052110 0.012705 0.001982 -0.001483 -0.001109 0.005697 
0.012427 0.029130 0.045401 0.055876 0.054819 0.050065 0.043378 0.038045 0.104407 0.265114 0.399076 0.467214 0.652541 1.057445 1.463262 1.651952 1.704082 1.717055 1.567585 1.170134 0.678256 0.301431 0.103845 0.028822 0.006436 -0.000231 -0.002100 0.001362 
0.006190 0.020833 0.037990 0.052080 0.055809 0.052683 0.046552 0.031749 0.059433 0.188104 0.340323 0.418496 0.532431 0.854879 1.287494 1.574677 1.682911 1.730874 1.673317 1.380663 0.909813 0.467439 0.187318 0.059754 0.015664 0.002503 -0.001832 -0.001320 
0.001543 0.013197 0.029795 0.046330 0.054802 0.054622 0.050702 0.033840 0.032968 0.120825 0.273469 0.374939 0.449399 0.679884 1.089366 1.453454 1.636328 1.720082 1.731483 1.549264 1.141679 0.668344 0.308309 0.113101 0.033843 0.007980 -0.000270 -0.002450 
-0.001411 0.006752 0.021504 0.039071 0.051647 0.055179 0.054280 0.040272 0.022313 0.068798 0.203544 0.327581 0.392666 0.542267 0.890299 1.294062 1.557281 1.687249 1.749985 1.668545 1.353690 0.890849 0.467723 0.196211 0.066798 0.018710 0.003096 -0.002132 
-0.002702 0.001847 0.013776 0.030911 0.046490 0.053967 0.056368 0.047770 0.023237 0.034523 0.137509 0.272931 0.349559 0.442663 0.709317 1.109748 1.442328 1.630669 1.736639 1.738442 1.529616 1.117305 0.660334 0.314205 0.121339 0.038695 0.009605 -0.000261 
-0.002355 -0.001350 0.007161 0.022538 0.039713 0.050863 0.056543 0.054061 0.031026 0.017417 0.081962 0.212569 0.309186 0.374417 0.559267 0.918014 1.294068 1.546795 1.696675 1.763869 1.659464 1.329043 0.874964 0.468112 0.203994 0.073322 0.021747 0.003743 
-0.000194 -0.002791 0.002047 0.014625 0.031878 0.045972 0.054723 0.057871 0.041365 0.014452 0.041432 0.151515 0.264801 0.326849 0.445105 0.736477 1.121457 1.433287 1.632071 1.751722 1.739919 1.509711 1.096101 0.653696 0.319372 0.128771 0.043338 0.011257 
0.004425 -0.002422 -0.001339 0.007751 0.023647 0.039593 0.051048 0.058754 0.050919 0.021172 0.017554 0.096073 0.214562 0.288799 0.364338 0.579090 0.938110 1.291503 1.542571 1.708328 1.773121 1.647740 1.306505 0.861388 0.468569 0.210926 0.079386 0.024719 
0.012891 0.000011 -0.002882 0.002355 0.015693 0.032181 0.045789 0.056843 0.057575 0.032779 0.009096 0.051817 0.160849 0.251518 0.309167 0.453681 0.759304 1.127597 1.427701 1.638070 1.764496 1.737412 1.490108 1.077410 0.648081 0.323984 0.135547 0.047756 
0.027575 0.005202 -0.002452 -0.001276 0.008630 0.024297 0.039304 0.052606 0.060400 0.045038 0.012637 0.022168 0.108628 0.210311 0.269484 0.361285 0.598658 0.951974 1.288866 1.543378 1.720472 1.778482 1.634434 1.285837 0.849592 0.469075 0.217185 0.085035 
0.051919 0.014549 0.000272 -0.002955 0.002957 0.016546 0.032014 0.046644 0.059398 0.054849 0.023596 0.007786 0.063495 0.164783 0.235819 0.297188 0.465479 0.777369 1.130717 1.425799 1.646811 1.774734 1.732027 1.471092 1.060748 0.643255 0.328162 0.141774 
0.090286 0.030347 0.006029 -0.002484 -0.000958 0.009517 0.024385 0.039563 0.055184 0.060461 0.037292 0.006751 0.029943 0.117921 0.201510 0.253138 0.363383 0.616242 0.961327 1.287517 1.547941 1.732101 1.780659 1.620235 1.266814 0.839202 0.469621 0.222901 
0.147509 0.055864 0.016212 0.000518 -0.002840 0.003730 0.016912 0.031919 0.048666 0.061378 0.049798 0.015305 0.010249 0.074481 0.163710 0.219997 0.290434 0.478284 0.791146 1.132643 1.427262 1.656971 1.782503 1.724572 1.452798 1.045754 0.639054 0.331998 
0.228148 0.095188 0.033044 0.006823 -0.002402 -0.000381 0.010093 0.024198 0.040797 0.058059 0.058453 0.028872 0.004116 0.039240 0.123213 0.190085 0.240539 0.368733 0.631136 0.967754 1.288066 1.555139 1.742670 1.780268 1.605594 1.249233 0.829948 0.470205 
0.335539 0.152816 0.059625 0.017809 0.000805 -0.002448 0.004402 0.016833 0.032415 0.051536 0.062003 0.043059 0.009009 0.015572 0.083365 0.158701 0.205594 0.287860 0.490657 0.801483 1.134565 1.431545 1.667646 1.788003 1.715642 1.435279 1.032148 0.635366 
0.470815 0.232986 0.099799 0.035616 0.007588 -0.002085 0.000279 0.010224 0.024181 0.043057 0.060446 0.054419 0.020958 0.004637 0.048525 0.124588 0.177726 0.231660 0.375755 0.643288 0.972537 1.290665 1.564064 1.751914 1.777822 1.590806 1.232920 0.821637 
0.632102 0.338820 0.157767 0.063188 0.019307 0.001247 -0.001851 0.004750 0.016588 0.033805 0.054678 0.060862 0.035546 0.005271 0.022559 0.089422 0.151058 0.193423 0.288278 0.501807 0.809303 1.137192 1.438058 1.678231 1.791484 1.705673 1.418538 1.019721 
