0.020359 0.010121 0.004046 -0.121586 0.634333 1.026595 1.066943 1.148166 1.286245 1.606628 1.082067 0.908260 1.023362 1.013258 0.882887 0.677929 0.459504 0.275464 0.146171 0.068490 0.028767 0.013596 0.013541 0.021814 0.032228 0.039088 0.038819 0.031440 
0.025794 0.014720 0.022028 -0.168964 0.301830 0.874453 1.041660 1.100448 1.194417 1.552054 1.300504 0.959050 0.981462 1.033343 0.957396 0.782091 0.564418 0.360641 0.204366 0.102586 0.045560 0.019292 0.012527 0.017410 0.027465 0.036549 0.039842 0.035592 
0.030853 0.017959 0.043161 -0.156192 0.053705 0.638819 0.971609 1.066656 1.114474 1.449384 1.437517 1.084294 0.966572 1.023381 1.007789 0.875039 0.671518 0.456592 0.275692 0.147882 0.070228 0.029988 0.014454 0.014322 0.022559 0.032731 0.039138 0.038410 
0.035299 0.019644 0.058630 -0.107671 -0.098146 0.377802 0.834932 1.025036 1.054679 1.325276 1.486120 1.231468 1.003617 1.004027 1.030230 0.950261 0.774704 0.559801 0.359505 0.205517 0.104378 0.047020 0.020296 0.013342 0.018198 0.028116 0.036827 0.039628 
0.038879 0.020641 0.064798 -0.046499 -0.161211 0.142181 0.639745 0.950042 1.009738 1.203697 1.457635 1.355444 1.089009 1.000598 1.030400 1.002194 0.867401 0.665427 0.453865 0.275905 0.149475 0.071870 0.031186 0.015342 0.015137 0.023308 0.033210 0.039119 
0.041249 0.021961 0.062151 0.009576 -0.156118 -0.033787 0.414371 0.826219 0.963107 1.099220 1.375182 1.427070 1.199974 1.030027 1.022750 1.029620 0.943195 0.767612 0.555446 0.358444 0.206587 0.106057 0.048423 0.021309 0.014193 0.019006 0.028758 0.036933 
0.042041 0.024170 0.053652 0.050004 -0.109274 -0.135681 0.194831 0.654665 0.894760 1.013682 1.265211 1.435999 1.306378 1.094666 1.024620 1.037847 0.997552 0.859976 0.659633 0.451302 0.276100 0.150960 0.073425 0.032367 0.016260 0.015982 0.024079 0.033328 
0.041008 0.027186 0.043052 0.071281 -0.046244 -0.167092 0.013410 0.452215 0.789859 0.937645 1.149539 1.388156 1.381450 1.182814 1.049234 1.037924 1.029860 0.936610 0.760803 0.551326 0.357443 0.207579 0.107633 0.049777 0.022335 0.015074 0.019887 0.028770 
0.038146 0.030386 0.033574 0.075386 0.012934 -0.144337 -0.109129 0.245458 0.644769 0.855739 1.040252 1.299513 1.408794 1.274000 1.100740 1.043173 1.044540 0.993555 0.852916 0.654116 0.448882 0.276271 0.152345 0.074903 0.033533 0.017195 0.016972 0.023909 
0.033777 0.032898 0.027152 0.067513 0.056012 -0.089762 -0.166656 0.062574 0.468656 0.753561 0.938652 1.188630 1.384663 1.346205 1.172909 1.064590 1.050400 1.030254 0.930505 0.754320 0.547421 0.356491 0.208498 0.109115 0.051089 0.023350 0.016188 0.019528 
0.028544 0.033946 0.024261 0.053815 0.078547 -0.025485 -0.166474 -0.074148 0.280762 0.623585 0.837996 1.070384 1.315958 1.382289 1.251435 1.106983 1.058240 1.050277 0.989934 0.846252 0.648874 0.446589 0.276418 0.153637 0.076316 0.034647 0.018456 0.016494 
0.023350 0.033131 0.024199 0.039641 0.082276 0.031151 -0.125144 -0.153134 0.104818 0.468225 0.728543 0.952541 1.215576 1.373772 1.318562 1.167245 1.077514 1.060806 1.030523 0.924805 0.748176 0.543717 0.355580 0.209345 0.110520 0.052297 0.024773 0.015724 
0.019268 0.030579 0.025618 0.028521 0.072679 0.069860 -0.063035 -0.174881 -0.037340 0.299408 0.602924 0.835663 1.097164 1.321349 1.358180 1.235205 1.113252 1.070857 1.055094 0.986528 0.839969 0.643907 0.444411 0.276536 0.154857 0.077571 0.036226 0.018164 
0.017440 0.026958 0.027116 0.021913 0.056472 0.087529 0.000782 -0.150132 -0.131011 0.135188 0.460013 0.715698 0.971078 1.232676 1.359740 1.296565 1.164284 1.088725 1.069576 1.030560 0.919437 0.742367 0.540206 0.354699 0.210147 0.111721 0.053988 0.024799 
0.019010 0.023369 0.027707 0.019544 0.039630 0.086726 0.052176 -0.095929 -0.171456 -0.005240 0.306243 0.587894 0.842611 1.118694 1.319988 1.336791 1.223334 1.119453 1.081634 1.059081 0.983242 0.834038 0.639205 0.442333 0.276658 0.155848 0.079287 0.036665 
0.025086 0.021192 0.027100 0.020094 0.026211 0.073384 0.083645 -0.030949 -0.163911 -0.106506 0.154231 0.450435 0.712581 0.990001 1.242402 1.344672 1.278865 1.163136 1.098635 1.077019 1.030332 0.914344 0.736877 0.536869 0.353887 0.210722 0.113325 0.054855 
0.036736 0.021914 0.025761 0.021957 0.018020 0.054411 0.094121 0.028644 -0.121226 -0.160625 0.019429 0.306590 0.579599 0.854418 1.134968 1.314547 1.318009 1.214597 1.125525 1.090961 1.062338 0.980023 0.828428 0.634745 0.440401 0.276583 0.157157 0.080502 
0.055001 0.026991 0.024793 0.023875 0.014948 0.035801 0.087415 0.071932 -0.060099 -0.168357 -0.083987 0.164779 0.442869 0.716292 1.007314 1.246772 1.329637 1.264511 1.163248 1.107500 1.083361 1.029840 0.909486 0.731669 0.533757 0.352943 0.211524 0.114719 
0.080897 0.037770 0.025732 0.025336 0.015689 0.021529 0.069995 0.094242 0.002944 -0.138307 -0.146721 0.036730 0.304407 0.577381 0.868249 1.146617 1.306703 1.301591 1.208190 1.131423 1.099103 1.064955 0.976846 0.823089 0.630576 0.438426 0.276657 0.158485 
0.115383 0.055447 0.030296 0.026690 0.018576 0.013281 0.048789 0.096561 0.054837 -0.084286 -0.166497 -0.065523 0.169907 0.438657 0.724377 1.022218 1.247310 1.315183 1.252811 1.164250 1.115492 1.088774 1.029106 0.904812 0.726787 0.530703 0.352092 0.212498 
0.159293 0.081067 0.040178 0.029057 0.022281 0.010828 0.029502 0.083862 0.087874 -0.021838 -0.148290 -0.132817 0.048026 0.302161 0.580002 0.882392 1.154417 1.297527 1.287271 1.203555 1.137116 1.106252 1.067019 0.973676 0.818057 0.626561 0.436520 0.276985 
0.213206 0.115513 0.056902 0.034074 0.026253 0.012789 0.015704 0.062976 0.100084 0.035110 -0.102804 -0.161225 -0.051557 0.172130 0.438013 0.734992 1.034518 1.245143 1.301581 1.243254 1.165889 1.122730 1.093399 1.028132 0.900351 0.722127 0.527727 0.351522 
0.277286 0.159474 0.081734 0.043612 0.030869 0.017474 0.008702 0.040610 0.094290 0.076715 -0.043784 -0.153026 -0.120643 0.055012 0.301184 0.586184 0.895868 1.159104 1.287708 1.274797 1.200295 1.142581 1.112556 1.068579 0.970547 0.813261 0.622653 0.434889 
0.351114 0.213371 0.115652 0.059501 0.037322 0.023593 0.008003 0.021935 0.076357 0.098368 0.015058 -0.116108 -0.154744 -0.041630 0.173245 0.440599 0.746832 1.044315 1.241095 1.288951 1.235448 1.167977 1.129313 1.097325 1.026970 0.896069 0.717602 0.525001 
0.433539 0.277240 0.159316 0.083330 0.047355 0.030691 0.012108 0.009908 0.053197 0.100527 0.062695 -0.062091 -0.154394 -0.110907 0.059247 0.302062 0.594809 0.908161 1.161321 1.277693 1.263946 1.198112 1.147810 1.118115 1.069715 0.967465 0.808602 0.618962 
0.522610 0.350592 0.213035 0.116321 0.062929 0.039263 0.019351 0.005321 0.031047 0.087508 0.092481 -0.003758 -0.125216 -0.148484 -0.034912 0.174413 0.445860 0.759009 1.051839 1.235772 1.277330 1.229087 1.170385 1.135300 1.100646 1.025667 0.891881 0.713255 
0.615604 0.432294 0.276709 0.159263 0.085909 0.050626 0.028572 0.007367 0.014343 0.065713 0.102646 0.047514 -0.076761 -0.153955 -0.103667 0.061985 0.304924 0.604975 0.919037 1.161602 1.267776 1.254516 1.196784 1.152789 1.123014 1.070508 0.964379 0.804070 
0.709193 0.520483 0.349734 0.212474 0.117827 0.066614 0.039493 0.014447 0.005305 0.041833 0.095688 0.083722 -0.020509 -0.131293 -0.143232 -0.030502 0.176315 0.453198 0.770943 1.057368 1.229619 1.266705 1.223933 1.173009 1.140743 1.103464 1.024216 0.887744 
