0.107921 0.088092 0.059302 0.036978 0.035915 -0.056720 0.770038 1.275775 1.461729 1.683961 1.897507 2.167486 1.445659 0.970977 0.775767 0.543550 0.331352 0.173816 0.077809 0.030104 0.010467 0.003072 0.001915 0.009122 0.028335 0.057942 0.088853 0.108373 
0.110570 0.099127 0.072888 0.045482 0.047893 -0.125327 0.396786 1.062879 1.364218 1.573931 1.783680 2.156472 1.775679 1.173384 0.877998 0.657157 0.430618 0.244893 0.119775 0.050448 0.018755 0.005989 0.001448 0.004018 0.017429 0.042976 0.074822 0.101110 
0.108452 0.106698 0.086154 0.055458 0.068641 -0.125633 0.117732 0.775427 1.225002 1.469070 1.658425 2.064274 1.993763 1.436168 1.016373 0.768290 0.538786 0.330180 0.175360 0.080407 0.032236 0.011344 0.002830 0.001377 0.009207 0.029415 0.059593 0.090069 
0.101778 0.109924 0.097695 0.065321 0.087982 -0.083201 -0.055742 0.472595 1.025903 1.353875 1.536686 1.920895 2.089904 1.697740 1.204807 0.890009 0.650926 0.427759 0.245287 0.122036 0.052911 0.020243 0.006204 0.000943 0.003745 0.018064 0.044467 0.076343 
0.091222 0.108398 0.106327 0.074628 0.100882 -0.022440 -0.132081 0.205305 0.777416 1.208034 1.420106 1.755690 2.075546 1.906419 1.429007 1.037943 0.768478 0.534256 0.329120 0.176896 0.082917 0.034248 0.012126 0.002566 0.000904 0.009394 0.030582 0.061210 
0.077820 0.102215 0.111066 0.083234 0.106452 0.037511 -0.133139 0.007271 0.509047 1.020043 1.298631 1.589864 1.976741 2.029518 1.656919 1.218275 0.898805 0.647731 0.425074 0.245727 0.124242 0.055264 0.021617 0.006359 0.000466 0.003562 0.018808 0.045973 
0.062828 0.091961 0.111226 0.090769 0.106363 0.084695 -0.086697 -0.108104 0.257007 0.793596 1.157756 1.432292 1.825065 2.056301 1.851474 1.422700 1.049991 0.769716 0.530989 0.328168 0.178421 0.085337 0.036142 0.012817 0.002289 0.000495 0.009695 0.031805 
0.047553 0.078628 0.106559 0.096491 0.103223 0.114245 -0.019749 -0.145715 0.053016 0.546855 0.986879 1.280244 1.648871 1.995191 1.981881 1.630079 1.224791 0.904660 0.645864 0.422944 0.246212 0.126393 0.057506 0.022880 0.006461 0.000018 0.003481 0.019636 
0.033200 0.063484 0.097343 0.099425 0.099321 0.126861 0.046245 -0.123319 -0.083238 0.306662 0.785199 1.124154 1.467346 1.866985 2.030848 1.812666 1.416791 1.057058 0.770777 0.528631 0.327464 0.179936 0.087667 0.037917 0.013424 0.002001 0.000163 0.010088 
0.020747 0.047895 0.084386 0.098657 0.095917 0.126610 0.097671 -0.064743 -0.147006 0.100633 0.563379 0.954147 1.288694 1.696637 1.996672 1.943968 1.610210 1.227743 0.908401 0.644582 0.421342 0.246793 0.128486 0.059635 0.024037 0.006514 -0.000388 0.003478 
0.010878 0.033153 0.068918 0.093648 0.093108 0.118718 0.128825 0.006445 -0.147112 -0.050075 0.341003 0.765791 1.112246 1.506154 1.890747 2.005452 1.783178 1.411086 1.061132 0.771419 0.526876 0.327037 0.181458 0.089904 0.039576 0.013948 0.001717 -0.000131 
0.003965 0.020329 0.052415 0.084441 0.090109 0.107851 0.140332 0.071532 -0.101658 -0.135349 0.141250 0.563188 0.933087 1.310365 1.732186 1.990222 1.913042 1.594365 1.228579 0.910629 0.643559 0.420174 0.247494 0.130528 0.061653 0.025087 0.006535 -0.000814 
0.000128 0.010182 0.036379 0.071723 0.085766 0.097138 0.136752 0.118981 -0.032500 -0.157290 -0.015217 0.358724 0.747215 1.116158 1.541749 1.903106 1.981819 1.759592 1.405492 1.063244 0.771634 0.525528 0.326870 0.182999 0.092051 0.041119 0.014411 0.001344 
-0.000673 0.003137 0.022137 0.056714 0.079078 0.087922 0.124118 0.144580 0.039904 -0.128253 -0.115237 0.169935 0.555413 0.924605 1.336982 1.757758 1.980080 1.887190 1.581061 1.228038 0.911751 0.642650 0.419351 0.248319 0.132524 0.063557 0.026059 0.006396 
0.001502 -0.000667 0.010690 0.040952 0.069586 0.080081 0.107986 0.149991 0.100177 -0.066821 -0.155764 0.014811 0.364710 0.734611 1.129744 1.572177 1.908321 1.960290 1.739987 1.399958 1.063996 0.771475 0.524467 0.326931 0.184568 0.094107 0.042579 0.014654 
0.006705 -0.001273 0.002649 0.026024 0.057537 0.072657 0.092271 0.140466 0.139732 0.006921 -0.143732 -0.092892 0.187260 0.546507 0.926265 1.364247 1.775770 1.968339 1.865104 1.569464 1.226547 0.912047 0.641787 0.418802 0.249261 0.134470 0.065392 0.026770 
0.015226 0.001228 -0.001744 0.013319 0.043829 0.064535 0.078892 0.122485 0.156609 0.075557 -0.093592 -0.146976 0.037297 0.364319 0.729108 1.148563 1.597378 1.909030 1.940772 1.723194 1.394453 1.063767 0.771008 0.523614 0.327188 0.186152 0.096124 0.043761 
0.027677 0.006849 -0.002512 0.003857 0.029800 0.054976 0.068059 0.101872 0.153944 0.127095 -0.023488 -0.149991 -0.072683 0.196087 0.539880 0.935166 1.390116 1.788193 1.956066 1.845878 1.559067 1.224369 0.911716 0.640940 0.418477 0.250294 0.136430 0.066964 
0.045013 0.015830 0.000202 -0.001774 0.016924 0.043900 0.058926 0.082683 0.137773 0.155986 0.048793 -0.112216 -0.135270 0.052324 0.361547 0.730065 1.169750 1.617930 1.906887 1.923050 1.708458 1.388962 1.062808 0.770289 0.522924 0.327596 0.187812 0.097925 
0.068503 0.028727 0.006309 -0.003371 0.006540 0.031906 0.050322 0.066888 0.114838 0.162556 0.109117 -0.048956 -0.150074 -0.056676 0.199524 0.536910 0.948845 1.413743 1.796508 1.943813 1.828867 1.549542 1.221681 0.910904 0.640102 0.418317 0.251467 0.138247 
0.099629 0.046445 0.015926 -0.000979 -0.000347 0.020092 0.041345 0.054682 0.090892 0.151341 0.148916 0.022961 -0.123829 -0.123726 0.061276 0.358898 0.736258 1.191561 1.634558 1.902942 1.906888 1.695272 1.383476 1.061296 0.769376 0.522342 0.328188 0.189422 
0.139949 0.070204 0.029484 0.005281 -0.003139 0.009771 0.031708 0.045154 0.069757 0.128976 0.165569 0.088543 -0.068796 -0.146890 -0.045303 0.200120 0.537835 0.965447 1.434886 1.801805 1.931860 1.813602 1.540672 1.218603 0.909725 0.639249 0.418342 0.252684 
0.190943 0.101448 0.047779 0.015410 -0.001595 0.002187 0.021800 0.037036 0.053128 0.102194 0.161475 0.137095 -0.000032 -0.130303 -0.114076 0.065872 0.357740 0.746413 1.212981 1.647953 1.897871 1.892065 1.683279 1.377989 1.059364 0.768291 0.521889 0.328897 
0.253863 0.141717 0.071951 0.029674 0.004309 -0.001683 0.012541 0.029311 0.040961 0.076385 0.142292 0.163379 0.067674 -0.083480 -0.142654 -0.038092 0.199706 0.542340 0.983647 1.453599 1.804878 1.920341 1.799735 1.532301 1.215232 0.908244 0.638414 0.418513 
0.329625 0.192493 0.103398 0.048698 0.014570 -0.001214 0.005111 0.021566 0.032164 0.054862 0.114941 0.167434 0.122458 -0.019400 -0.133534 -0.107027 0.067702 0.358689 0.759413 1.233457 1.658715 1.892118 1.878392 1.672223 1.372507 1.057093 0.767088 0.521557 
0.418741 0.255054 0.143646 0.073477 0.029341 0.003914 0.000682 0.014071 0.025353 0.038841 0.085850 0.153371 0.157056 0.048063 -0.094047 -0.138809 -0.034195 0.199478 0.549885 1.002533 1.470068 1.806308 1.909310 1.787000 1.524327 1.211624 0.906531 0.637623 
0.521283 0.330363 0.194195 0.105307 0.049070 0.013853 0.000221 0.007640 0.019436 0.027906 0.059781 0.127590 0.169299 0.106700 -0.035161 -0.135100 -0.102634 0.068050 0.361902 0.774348 1.252713 1.667343 1.885973 1.865701 1.661917 1.367024 1.054554 0.765824 
0.636850 0.418979 0.256369 0.145670 0.074561 0.028764 0.004405 0.003383 0.013954 0.020746 0.039352 0.096948 0.161483 0.147907 0.030529 -0.101681 -0.136144 -0.032688 0.200152 0.559885 1.021497 1.484528 1.806521 1.898776 1.775198 1.516668 1.207822 0.904665 
