0.000568 0.002777 -0.115585 0.652686 1.069741 1.151406 1.285936 1.472820 1.812059 1.253933 0.990831 0.984881 0.863573 0.668154 0.456194 0.274827 0.146253 0.069580 0.031565 0.016836 0.013232 0.013006 0.012219 0.009761 0.006288 0.003076 0.001024 -0.000026 
0.000070 0.016744 -0.167233 0.312452 0.903137 1.103966 1.212127 1.360334 1.754610 1.496118 1.090238 1.002276 0.933491 0.767931 0.558350 0.358911 0.204052 0.103084 0.047662 0.022810 0.014612 0.013189 0.012822 0.011117 0.007991 0.004537 0.001925 0.000294 
-0.001931 0.033488 -0.158203 0.058734 0.656527 1.015135 1.153040 1.255472 1.639068 1.643787 1.253438 1.043860 0.979980 0.856214 0.661873 0.453058 0.274745 0.147875 0.071552 0.033154 0.017864 0.013768 0.013172 0.012147 0.009595 0.006159 0.003108 0.000934 
-0.005284 0.044167 -0.113436 -0.097341 0.387529 0.863419 1.088522 1.169110 1.494629 1.690811 1.426016 1.130437 1.019406 0.926919 0.760853 0.553653 0.357472 0.204992 0.104973 0.049465 0.024109 0.015379 0.013524 0.012850 0.010982 0.007829 0.004524 0.002107 
-0.008694 0.045324 -0.056346 -0.163985 0.146216 0.656822 0.994035 1.098200 1.348037 1.650342 1.562262 1.255158 1.072603 0.982360 0.849027 0.655875 0.450099 0.274674 0.149419 0.073450 0.034709 0.018884 0.014304 0.013337 0.012076 0.009424 0.006066 0.003937 
-0.010709 0.037776 -0.004765 -0.162396 -0.033935 0.423193 0.854559 1.027908 1.216560 1.547988 1.633680 1.393141 1.152342 1.032868 0.923171 0.754029 0.549194 0.356116 0.205886 0.106781 0.051215 0.025391 0.016142 0.013857 0.012881 0.010839 0.007591 0.006314 
-0.010386 0.024912 0.030892 -0.119342 -0.139249 0.197849 0.671128 0.939321 1.104387 1.412991 1.631613 1.513443 1.257576 1.091383 0.985450 0.843062 0.650142 0.447299 0.274610 0.150891 0.075280 0.036231 0.019896 0.014836 0.013502 0.012010 0.008969 0.008921 
-0.007558 0.010928 0.047428 -0.060516 -0.173921 0.012278 0.460125 0.818116 1.003912 1.269937 1.564401 1.589740 1.374300 1.166947 1.042973 0.920573 0.747842 0.544951 0.354833 0.206737 0.108515 0.052916 0.026655 0.016900 0.014189 0.012950 0.010115 0.011352 
-0.002777 -0.000567 0.047234 -0.005861 -0.154669 -0.113528 0.247433 0.660644 0.900985 1.133369 1.450809 1.607168 1.481009 1.260201 1.104763 0.988064 0.837978 0.644800 0.444639 0.274551 0.152298 0.077049 0.037722 0.020897 0.015360 0.013769 0.011024 0.013252 
0.002957 -0.007371 0.035945 0.032650 -0.104009 -0.174076 0.060421 0.475648 0.781809 1.006545 1.312225 1.564303 1.555920 1.362434 1.177640 1.050587 0.918407 0.742262 0.540961 0.353615 0.207549 0.110183 0.054573 0.027899 0.017636 0.014709 0.011774 0.014420 
0.008547 -0.008912 0.020113 0.050968 -0.044003 -0.177113 -0.079418 0.281668 0.638907 0.884059 1.166085 1.470822 1.583249 1.458090 1.262819 1.114754 0.989993 0.833479 0.639867 0.442128 0.274495 0.153646 0.078761 0.039184 0.021850 0.016173 0.012544 0.014861 
0.013097 -0.005993 0.005372 0.051269 0.008250 -0.139409 -0.161190 0.101606 0.474298 0.756874 1.022233 1.342492 1.556734 1.529434 1.354554 1.185874 1.056343 0.916373 0.737188 0.537234 0.352463 0.208325 0.111790 0.056192 0.029060 0.018756 0.013615 0.014781 
0.016115 -0.000255 -0.004627 0.039435 0.042839 -0.081314 -0.185871 -0.043529 0.299216 0.617738 0.882691 1.195615 1.479806 1.561531 1.441219 1.265320 1.122413 0.991260 0.829377 0.635314 0.439770 0.274444 0.154940 0.080433 0.040523 0.023262 0.015397 0.014555 
0.017576 0.006430 -0.008496 0.022486 0.057082 -0.021687 -0.164455 -0.139751 0.130872 0.465173 0.744218 1.042744 1.363018 1.545923 1.508323 1.349146 1.192397 1.060678 0.914341 0.732530 0.533764 0.351379 0.209068 0.113362 0.057646 0.030718 0.018452 0.014676 
0.017882 0.012476 -0.006771 0.006544 0.053955 0.025697 -0.114005 -0.182842 -0.012399 0.304929 0.602261 0.890763 1.220053 1.482034 1.542321 1.428431 1.267643 1.128365 0.991944 0.825555 0.631100 0.437562 0.274398 0.156216 0.081906 0.042349 0.023524 0.015729 
0.017750 0.016909 -0.001218 -0.004376 0.039708 0.053757 -0.053012 -0.178334 -0.115982 0.148765 0.454699 0.741413 1.063821 1.376255 1.533949 1.491238 1.345348 1.197647 1.063900 0.912258 0.728213 0.530535 0.350357 0.209823 0.114717 0.059536 0.031558 0.018383 
0.018093 0.019490 0.005974 -0.008702 0.021420 0.061834 0.002691 -0.139132 -0.172457 0.011243 0.304134 0.593594 0.903864 1.239381 1.480153 1.525491 1.418520 1.269753 1.133010 0.992129 0.821939 0.627186 0.435490 0.274412 0.157279 0.083726 0.043697 0.023403 
0.019909 0.020656 0.012877 -0.006964 0.005073 0.054072 0.042598 -0.081783 -0.182923 -0.094256 0.158117 0.446263 0.745573 1.083465 1.384196 1.521861 1.477230 1.342633 1.201899 1.066233 0.910105 0.724180 0.527511 0.349458 0.210398 0.116312 0.061244 0.031677 
0.024229 0.021348 0.018274 -0.001028 -0.005566 0.037131 0.062448 -0.022497 -0.156079 -0.159053 0.027459 0.300795 0.591095 0.919165 1.254214 1.475815 1.510791 1.410699 1.271633 1.136624 0.991893 0.818486 0.623519 0.433610 0.274306 0.158478 0.085591 0.044235 
0.032091 0.022812 0.021840 0.006778 -0.009201 0.017955 0.063573 0.026055 -0.105614 -0.181251 -0.076650 0.162006 0.441224 0.754257 1.100870 1.388343 1.510187 1.465617 1.340658 1.205344 1.067843 0.907884 0.720370 0.524739 0.348524 0.211024 0.118093 0.062245 
0.044559 0.026414 0.024087 0.014423 -0.006604 0.002069 0.051156 0.056583 -0.046783 -0.165962 -0.145707 0.037608 0.297388 0.593543 0.934956 1.265310 1.470066 1.497950 1.404432 1.273274 1.139401 0.991308 0.815142 0.620127 0.431792 0.274203 0.159923 0.086957 
0.062726 0.033509 0.026168 0.020676 0.000197 -0.007319 0.032070 0.067468 0.006876 -0.123802 -0.176217 -0.063608 0.162951 0.439809 0.765632 1.115833 1.389797 1.499183 1.455896 1.339193 1.208115 1.068864 0.905581 0.716800 0.522116 0.347584 0.211899 0.119619 
0.087713 0.045383 0.029607 0.025295 0.008816 -0.009424 0.012874 0.061768 0.045933 -0.068246 -0.170638 -0.134156 0.043385 0.295259 0.599673 0.950262 1.273387 1.463575 1.486717 1.399341 1.274675 1.141493 0.990410 0.811928 0.616939 0.429994 0.274316 0.161336 
0.120613 0.063229 0.036062 0.028972 0.017276 -0.005371 -0.001599 0.045412 0.066144 -0.012630 -0.136801 -0.170029 -0.054678 0.162754 0.441694 0.778401 1.128442 1.389362 1.488960 1.447690 1.338073 1.210322 1.069376 0.903232 0.713428 0.519558 0.346818 0.212906 
0.162396 0.088144 0.047136 0.033093 0.024493 0.002650 -0.008890 0.025192 0.068216 0.032432 -0.086083 -0.171988 -0.125113 0.046350 0.295004 0.608381 0.964562 1.279067 1.456770 1.476869 1.395148 1.275847 1.142999 0.989262 0.808839 0.613852 0.428334 0.274659 
0.213776 0.121114 0.064269 0.039434 0.030448 0.012283 -0.008823 0.007033 0.056555 0.060665 -0.030902 -0.145633 -0.164124 -0.049031 0.162586 0.446342 0.791681 1.138915 1.387619 1.479547 1.440706 1.337191 1.212034 1.069466 0.900871 0.710162 0.517113 0.346320 
0.275063 0.162968 0.088690 0.049870 0.036088 0.021733 -0.002890 -0.005103 0.037470 0.070570 0.017777 -0.100297 -0.171577 -0.118643 0.047761 0.296766 0.618774 0.977614 1.282864 1.449929 1.468211 1.391654 1.276789 1.144004 0.987933 0.805809 0.610855 0.426936 
0.346027 0.214288 0.121397 0.066151 0.043051 0.030194 0.006620 -0.009595 0.017368 0.064757 0.052333 -0.047110 -0.151464 -0.159293 -0.045766 0.163138 0.453166 0.804893 1.147512 1.384994 1.470925 1.434721 1.336461 1.213307 1.069225 0.898474 0.706953 0.514890 
