0.244525 0.245358 0.205877 0.153809 0.128855 0.165705 0.279845 0.460926 0.674433 0.746378 1.629535 2.045440 1.992895 1.867884 1.700150 1.642409 0.717716 0.195703 0.090679 0.031135 0.007142 0.001112 -0.000406 0.002206 0.019992 0.063635 0.130346 0.199704 
0.227613 0.249981 0.227191 0.176454 0.133606 0.137619 0.214408 0.366332 0.585375 0.609004 1.246363 1.896044 2.028226 1.935730 1.770268 1.779648 1.129727 0.404586 0.137506 0.056463 0.016893 0.003563 -0.000164 -0.000997 0.007867 0.038930 0.096660 0.168092 
0.202496 0.244441 0.242080 0.200836 0.149172 0.126515 0.166621 0.281980 0.500280 0.520473 0.926143 1.635891 1.990220 1.991098 1.831144 1.857371 1.464090 0.709899 0.247791 0.091800 0.033398 0.009027 0.001338 -0.001792 0.000660 0.020065 0.066082 0.133865 
0.171516 0.229007 0.248121 0.222760 0.171378 0.129999 0.137162 0.211433 0.415894 0.462192 0.685299 1.325444 1.857237 2.010763 1.887848 1.896696 1.705844 1.050484 0.440580 0.157597 0.058345 0.019127 0.004613 -0.000925 -0.002685 0.007036 0.040353 0.099867 
0.137462 0.205059 0.244123 0.238693 0.195819 0.144621 0.125192 0.158024 0.333434 0.416942 0.521615 1.018916 1.638624 1.968555 1.932835 1.917234 1.859334 1.372482 0.704667 0.276122 0.100467 0.035648 0.010748 0.001372 -0.003240 -0.000774 0.020420 0.068593 
0.103186 0.174827 0.230153 0.246089 0.218297 0.166249 0.128373 0.123786 0.257216 0.372542 0.420200 0.754965 1.364992 1.849296 1.948180 1.930322 1.941903 1.638528 1.008666 0.458784 0.174440 0.063068 0.021258 0.005464 -0.001819 -0.004348 0.006450 0.041920 
0.071256 0.141046 0.207414 0.243587 0.235225 0.190501 0.143150 0.108827 0.192764 0.323338 0.360483 0.553175 1.075693 1.655321 1.913331 1.935572 1.975482 1.831027 1.313600 0.700533 0.294990 0.110059 0.038911 0.012297 0.001228 -0.004750 -0.002033 0.020960 
0.043672 0.106579 0.178004 0.231067 0.243951 0.213191 0.165197 0.111206 0.144966 0.269729 0.322467 0.415600 0.807295 1.405710 1.813797 1.922243 1.978572 1.949876 1.584268 0.981125 0.470185 0.188301 0.068918 0.023661 0.006126 -0.002848 -0.005926 0.006051 
0.021700 0.074061 0.144587 0.209558 0.242965 0.230725 0.189944 0.127233 0.116711 0.216351 0.291049 0.331714 0.585608 1.130293 1.647209 1.874534 1.961036 2.006338 1.796764 1.271172 0.697023 0.308931 0.119344 0.042824 0.013823 0.000902 -0.006269 -0.003143 
0.005839 0.045610 0.110018 0.181018 0.231967 0.240413 0.213076 0.152065 0.108201 0.169649 0.257954 0.284727 0.422312 0.861422 1.424950 1.778474 1.922935 2.015546 1.941053 1.540037 0.960840 0.478164 0.200004 0.075144 0.026314 0.006644 -0.003970 -0.007421 
-0.004105 0.022645 0.076990 0.148024 0.211805 0.240663 0.230954 0.180427 0.116969 0.135568 0.221493 0.257489 0.315829 0.626315 1.169436 1.627845 1.857186 1.990129 2.019115 1.762818 1.238374 0.693938 0.319921 0.128070 0.047084 0.015347 0.000442 -0.007784 
-0.008828 0.005820 0.047731 0.113414 0.184280 0.231055 0.240910 0.207307 0.138441 0.117853 0.184771 0.236698 0.255141 0.441992 0.908465 1.427274 1.754565 1.936652 2.040282 1.924485 1.503095 0.944853 0.484159 0.210138 0.081421 0.029112 0.007059 -0.005159 
-0.009283 -0.004912 0.023804 0.079925 0.151859 0.212283 0.241415 0.228516 0.166839 0.117208 0.153186 0.214920 0.224868 0.313614 0.668686 1.191809 1.609070 1.855416 2.015896 2.020583 1.730896 1.211781 0.691172 0.328985 0.136228 0.051484 0.016856 -0.000119 
-0.006393 -0.010140 0.006021 0.049888 0.117330 0.185982 0.232103 0.241063 0.196172 0.131323 0.131978 0.190526 0.210045 0.235950 0.470144 0.943480 1.421804 1.742976 1.955130 2.055036 1.904418 1.471525 0.931673 0.488900 0.219105 0.087592 0.031964 0.007392 
-0.000755 -0.010755 -0.005523 0.025007 0.083458 0.154473 0.213687 0.243314 0.221112 0.155559 0.124413 0.166131 0.199487 0.196962 0.323154 0.706189 1.202286 1.596017 1.863084 2.036398 2.015011 1.701341 1.189464 0.688664 0.336717 0.143863 0.055895 0.018330 
0.007652 -0.007659 -0.011301 0.006252 0.052662 0.120440 0.187778 0.234979 0.237632 0.184035 0.130878 0.146317 0.187294 0.182135 0.227953 0.500539 0.967033 1.414985 1.741270 1.974079 2.062240 1.882952 1.444018 0.920458 0.492804 0.227179 0.093579 0.034803 
0.019747 -0.001462 -0.012130 -0.006132 0.026786 0.086606 0.156627 0.216948 0.243337 0.210778 0.148882 0.135406 0.172573 0.178342 0.176698 0.340007 0.736104 1.206217 1.589812 1.875755 2.051591 2.005052 1.674064 1.170250 0.686377 0.343489 0.151026 0.060237 
0.037582 0.007825 -0.008879 -0.012496 0.006964 0.055421 0.122829 0.191028 0.237511 0.230725 0.173778 0.135813 0.157914 0.176384 0.156901 0.229254 0.528803 0.981976 1.410221 1.746547 1.991470 2.063878 1.861161 1.419664 0.910691 0.496130 0.234548 0.099344 
0.064463 0.021072 -0.002163 -0.013572 -0.006390 0.028824 0.089026 0.159643 0.220928 0.240388 0.199879 0.147288 0.147317 0.171893 0.155163 0.164678 0.359826 0.758505 1.207588 1.589809 1.890573 2.062064 1.992367 1.648847 1.153376 0.684288 0.349542 0.157766 
0.104875 0.040248 0.007976 -0.010192 -0.013485 0.008093 0.057623 0.125501 0.195514 0.238154 0.221643 0.167005 0.144234 0.164769 0.160247 0.136716 0.236810 0.552865 0.991404 1.408881 1.756350 2.006467 2.061443 1.839601 1.397813 0.902039 0.499043 0.241345 
0.164130 0.068517 0.022349 -0.002967 -0.014947 -0.006190 0.030565 0.091295 0.163929 0.224228 0.234665 0.190341 0.150207 0.157633 0.164884 0.133029 0.159768 0.379527 0.774768 1.208894 1.594784 1.905801 2.068558 1.978015 1.625456 1.138329 0.682379 0.355040 
0.247673 0.110143 0.042826 0.008024 -0.011549 -0.014068 0.009190 0.059442 0.129154 0.200311 0.236291 0.211979 0.164329 0.153942 0.166147 0.141632 0.122271 0.247712 0.572287 0.997860 1.411198 1.768825 2.018842 2.056039 1.818556 1.377995 0.894278 0.501656 
0.360108 0.170131 0.072420 0.023522 -0.003895 -0.016031 -0.005813 0.031884 0.094117 0.169130 0.225838 0.227053 0.183496 0.156311 0.164635 0.153245 0.113851 0.160100 0.397375 0.786603 1.211493 1.603463 1.920436 2.071775 1.962682 1.603670 1.124749 0.680637 
0.504053 0.253586 0.115174 0.045286 0.007904 -0.012757 -0.014357 0.009968 0.061403 0.133912 0.204420 0.232042 0.203228 0.165465 0.162937 0.162441 0.122843 0.113097 0.259743 0.587531 1.003163 1.416853 1.782654 2.028659 2.048469 1.798165 1.359859 0.887245 
0.679059 0.364813 0.175815 0.076167 0.024504 -0.004809 -0.016798 -0.005583 0.033051 0.097907 0.174527 0.225285 0.218753 0.179942 0.163947 0.167577 0.138910 0.098421 0.163778 0.412657 0.795590 1.215994 1.614728 1.933931 2.072328 1.946817 1.583300 1.112374 
0.880833 0.506280 0.259145 0.119993 0.047542 0.007682 -0.013704 -0.014618 0.010457 0.064009 0.139450 0.207067 0.226054 0.196496 0.169492 0.169799 0.154721 0.105435 0.108159 0.271460 0.599439 1.008501 1.425302 1.796930 2.036118 2.039323 1.778485 1.343136 
1.101016 0.677629 0.369215 0.181231 0.079693 0.025303 -0.005570 -0.017409 -0.005640 0.034497 0.102707 0.179338 0.222629 0.210956 0.179580 0.171568 0.166536 0.123577 0.086725 0.169225 0.425314 0.803002 1.222548 1.627671 1.946022 2.070726 1.930718 1.564180 
1.327625 0.874951 0.508368 0.264417 0.124569 0.049558 0.007487 -0.014441 -0.015071 0.010919 0.067550 0.145190 0.207854 0.219255 0.192347 0.175202 0.173793 0.144293 0.090232 0.106276 0.282070 0.608926 1.014578 1.435956 1.811052 2.041463 2.029038 1.759527 
