0.800225 0.853664 1.604508 1.812974 1.575037 1.393993 1.359006 1.600902 1.050694 0.866635 0.993164 1.061731 1.117082 1.189352 1.255851 1.250714 1.116346 0.854869 0.536861 0.259422 0.086302 0.016087 0.000854 -0.002537 0.008620 0.079926 0.254533 0.521172 
0.688900 0.739769 1.296883 1.764541 1.686894 1.466258 1.341889 1.578967 1.280029 0.919841 0.937144 1.029099 1.087291 1.153938 1.231556 1.269436 1.199419 0.992674 0.690794 0.385102 0.159999 0.044322 0.006991 -0.002660 -0.004477 0.031360 0.155725 0.386301 
0.569067 0.651054 1.029508 1.598875 1.743591 1.564543 1.358893 1.527430 1.437154 1.052748 0.919161 0.987342 1.057138 1.119244 1.197714 1.263983 1.251518 1.107938 0.842210 0.527874 0.258872 0.092367 0.022196 0.001186 -0.008275 0.002376 0.080267 0.262010 
0.443672 0.573002 0.816417 1.367273 1.711704 1.657392 1.414944 1.475513 1.519058 1.213599 0.960734 0.953050 1.023202 1.086145 1.160004 1.240690 1.274140 1.194997 0.981150 0.679375 0.380561 0.163578 0.051137 0.010247 -0.006059 -0.011355 0.028339 0.155474 
0.319432 0.494077 0.656279 1.117648 1.589331 1.708065 1.498291 1.447357 1.540911 1.359754 1.056519 0.947162 0.989027 1.053309 1.122221 1.206252 1.271490 1.251406 1.099064 0.829893 0.519739 0.259002 0.098413 0.027619 0.000718 -0.014331 -0.002438 0.071774 
0.204729 0.408309 0.537782 0.885674 1.397608 1.689762 1.583323 1.454763 1.528473 1.465593 1.183902 0.982938 0.965292 1.020589 1.085875 1.166586 1.249536 1.277980 1.189839 0.969601 0.668639 0.376852 0.167483 0.057530 0.012687 -0.010174 -0.016174 0.012987 
0.107379 0.315783 0.445743 0.691223 1.169114 1.593509 1.639308 1.493759 1.508692 1.524384 1.314656 1.060505 0.964997 0.991692 1.051304 1.125951 1.214874 1.278331 1.250422 1.089811 0.817973 0.512443 0.259741 0.104368 0.032361 -0.000851 -0.017569 -0.021916 
0.032843 0.221386 0.366323 0.539432 0.936855 1.428636 1.640327 1.546473 1.501130 1.544715 1.425073 1.167750 0.997476 0.974230 1.019619 1.086843 1.173595 1.258023 1.280964 1.184020 0.958104 0.658605 0.373926 0.171633 0.063515 0.013693 -0.010757 -0.036448 
-0.016709 0.132565 0.290333 0.424838 0.726349 1.217757 1.572674 1.587336 1.512686 1.543326 1.502104 1.285531 1.064234 0.977274 0.994195 1.050790 1.130510 1.223495 1.284480 1.248613 1.080259 0.806502 0.505967 0.261008 0.110287 0.035432 0.001623 -0.035475 
-0.042406 0.056866 0.214357 0.336710 0.551856 0.989114 1.437748 1.591169 1.536850 1.536989 1.544634 1.394408 1.158091 1.007769 0.980775 1.019602 1.088992 1.181003 1.266094 1.283107 1.177612 0.946728 0.649287 0.371708 0.176164 0.067729 0.018939 -0.023909 
-0.047878 -0.000047 0.140004 0.263934 0.416519 0.769063 1.250332 1.540426 1.557202 1.535981 1.560546 1.480282 1.265500 1.067514 0.986044 0.996368 1.051469 1.135862 1.232058 1.289914 1.246033 1.070489 0.795525 0.500243 0.263047 0.114491 0.042591 -0.005529 
-0.037976 -0.035490 0.071994 0.198387 0.315232 0.576701 1.033595 1.429544 1.553564 1.540868 1.561367 1.537229 1.370792 1.151942 1.015305 0.985609 1.020257 1.092190 1.188752 1.273703 1.284432 1.170689 0.935547 0.640623 0.370565 0.179187 0.075569 0.017810 
-0.017367 -0.049858 0.015888 0.136384 0.238732 0.421538 0.812766 1.265561 1.508643 1.543067 1.556697 1.567085 1.460562 1.251090 1.070256 0.992414 0.998272 1.053145 1.141923 1.240506 1.294626 1.242735 1.060591 0.784977 0.495759 0.263906 0.121645 0.046443 
0.010623 -0.045892 -0.023829 0.078405 0.177500 0.304082 0.609456 1.065377 1.413184 1.528454 1.550287 1.576505 1.526692 1.352246 1.147799 1.020872 0.989216 1.021471 1.096308 1.196772 1.280817 1.284962 1.163346 0.924484 0.633198 0.368634 0.184394 0.082620 
0.044686 -0.027457 -0.044882 0.027680 0.124517 0.218442 0.437951 0.850931 1.268348 1.482499 1.538823 1.572900 1.567178 1.443219 1.240333 1.072427 0.997056 1.000020 1.055686 1.148592 1.248782 1.298610 1.238810 1.050468 0.775501 0.490875 0.266205 0.129785 
0.085616 0.001775 -0.047418 -0.011635 0.076462 0.155782 0.304013 0.643886 1.085048 1.395152 1.513442 1.560836 1.584818 1.515065 1.337403 1.144813 1.024949 0.991950 1.023198 1.101229 1.204983 1.287400 1.284778 1.155468 0.914192 0.625693 0.367509 0.191580 
0.135833 0.039364 -0.033443 -0.036066 0.033511 0.107508 0.205942 0.461288 0.880849 1.264077 1.463159 1.540066 1.584544 1.563430 1.428100 1.232017 1.074023 1.000419 1.001726 1.058998 1.155773 1.256821 1.301925 1.234118 1.040732 0.766153 0.486319 0.270799 
0.198503 0.084641 -0.005813 -0.043779 -0.001830 0.067455 0.137111 0.313088 0.675610 1.095481 1.378889 1.505666 1.570504 1.588264 1.503359 1.325298 1.142471 1.027857 0.994077 1.025424 1.106851 1.213290 1.293487 1.283719 1.147575 0.904100 0.618197 0.368490 
0.276481 0.138646 0.032853 -0.034785 -0.026222 0.032766 0.088993 0.201781 0.487181 0.902603 1.256764 1.450020 1.543970 1.592217 1.557456 1.414924 1.225358 1.075060 1.002826 1.003491 1.063011 1.163351 1.264634 1.304400 1.229063 1.031141 0.756624 0.483378 
0.371297 0.203558 0.080980 -0.010491 -0.036807 0.003617 0.053809 0.123811 0.328228 0.702550 1.099797 1.365805 1.502707 1.578469 1.588308 1.492069 1.315232 1.140451 1.029831 0.995802 1.028149 1.113063 1.221682 1.298905 1.282055 1.139676 0.893723 0.611708 
0.482418 0.281783 0.138381 0.027100 -0.031991 -0.017816 0.026237 0.072008 0.204781 0.512523 0.917578 1.248939 1.441899 1.548829 1.596648 1.550263 1.403394 1.219821 1.075567 1.004519 1.005404 1.067643 1.171297 1.272052 1.306171 1.223812 1.021208 0.747515 
0.606909 0.374946 0.206067 0.076217 -0.011604 -0.028638 0.003996 0.038247 0.116524 0.346488 0.724263 1.100559 1.356173 1.502753 1.584514 1.586017 1.481417 1.306693 1.138543 1.031051 0.997293 1.031347 1.119832 1.230004 1.303671 1.280022 1.131396 0.883287 
0.739546 0.483042 0.285628 0.135888 0.023458 -0.026330 -0.012523 0.015618 0.058424 0.213030 0.535560 0.927496 1.241995 1.437565 1.553666 1.598528 1.542482 1.393233 1.215036 1.075581 1.005695 1.007516 1.072879 1.179482 1.279002 1.307469 1.218144 1.010875 
0.873357 0.603908 0.378376 0.206094 0.071843 -0.009385 -0.021218 -0.000285 0.023046 0.114736 0.365619 0.741208 1.099612 1.349714 1.504520 1.588711 1.582155 1.471476 1.299292 1.136612 1.031675 0.998663 1.035042 1.127065 1.238124 1.307959 1.277550 1.122517 
1.000473 0.733143 0.484485 0.287481 0.132341 0.022555 -0.019397 -0.011052 0.002836 0.048992 0.224590 0.555562 0.933948 1.236575 1.435944 1.557959 1.598449 1.534504 1.384196 1.210734 1.075153 1.006495 1.009897 1.078674 1.187747 1.285572 1.308333 1.211799 
1.113137 0.864474 0.602357 0.380750 0.204242 0.068968 -0.004709 -0.015917 -0.008142 0.009734 0.117369 0.384149 0.754224 1.098168 1.345929 1.507142 1.591258 1.577272 1.462244 1.292730 1.134578 1.031816 1.000024 1.039249 1.134617 1.246043 1.311864 1.274415 
1.204699 0.990487 0.728352 0.485917 0.287342 0.128905 0.024321 -0.012686 -0.013292 -0.010424 0.043659 0.237847 0.572453 0.938219 1.232867 1.436172 1.561463 1.596895 1.526569 1.376067 1.206730 1.074326 1.007043 1.012618 1.084926 1.196030 1.291862 1.308618 
1.270445 1.103584 0.856957 0.601652 0.381612 0.201392 0.068166 0.001267 -0.013423 -0.018260 -0.000896 0.123201 0.401255 0.764226 1.096961 1.344272 1.510050 1.592399 1.571754 1.453672 1.286782 1.132388 1.031577 1.001489 1.043922 1.142387 1.253831 1.315325 
