0.000008 -0.000032 0.000106 0.000987 0.003142 0.006437 0.009872 -0.112952 0.636978 1.009707 1.006277 1.003074 1.001024 1.125187 0.375008 -0.000032 0.000106 0.000987 0.003142 0.006437 0.009872 0.012048 0.011978 0.009707 0.006277 0.003074 0.001024 0.000187 
0.000080 -0.000034 -0.000056 0.000387 0.001922 0.004772 0.023937 -0.160634 0.309163 0.870362 1.007964 1.004532 0.986273 1.172398 0.703205 0.140591 -0.000056 0.000387 0.001922 0.004772 0.008312 0.011241 0.012288 0.010987 0.007964 0.004532 0.001898 0.000523 
0.000260 0.000011 -0.000103 0.000029 0.000990 0.001308 0.039822 -0.150145 0.062839 0.642712 0.956792 1.008101 0.969854 1.161250 0.949479 0.369152 0.052631 0.000029 0.000990 0.003261 0.006619 0.010012 0.012058 0.011853 0.009527 0.006148 0.003057 0.001094 
0.000604 0.000119 -0.000077 -0.000141 0.000590 -0.003626 0.049125 -0.105530 -0.089514 0.386000 0.832599 0.993641 0.960272 1.115948 1.101434 0.626339 0.177902 0.019635 0.000346 0.001990 0.004935 0.008483 0.011316 0.012221 0.010821 0.007801 0.004462 0.001934 
0.001164 0.000325 0.000005 -0.000208 0.000843 -0.008638 0.048675 -0.049537 -0.154959 0.151857 0.644994 0.937421 0.953326 1.059384 1.166264 0.860555 0.365849 0.081396 0.007374 0.001005 0.003387 0.006799 0.010141 0.012056 0.011724 0.009351 0.006030 0.003048 
0.001975 0.000680 0.000151 -0.000260 0.001634 -0.012247 0.039459 0.000471 -0.153778 -0.024841 0.423514 0.825773 0.934104 1.006252 1.164397 1.037034 0.586920 0.197319 0.035928 0.003096 0.002067 0.005102 0.008648 0.011379 0.012145 0.010656 0.007648 0.004402 
0.003047 0.001232 0.000401 -0.000342 0.002659 -0.013505 0.024943 0.034372 -0.112052 -0.129237 0.205099 0.661384 0.884462 0.959429 1.121013 1.141059 0.804413 0.363593 0.100554 0.015536 0.002074 0.003521 0.006977 0.010260 0.012044 0.011590 0.009182 0.005923 
0.004352 0.002016 0.000805 -0.000439 0.003554 -0.012249 0.009346 0.049139 -0.054995 -0.164584 0.022687 0.462393 0.791437 0.911118 1.057913 1.175623 0.985758 0.561781 0.209821 0.049101 0.006941 0.002546 0.005270 0.008805 0.011431 0.012061 0.010492 0.007504 
0.005826 0.003044 0.001415 -0.000471 0.004032 -0.009022 -0.003726 0.047234 -0.002246 -0.146897 -0.102503 0.256372 0.653085 0.847888 0.988151 1.155215 1.109954 0.764767 0.361896 0.114641 0.023301 0.003854 0.003807 0.007151 0.010368 0.012021 0.011454 0.009019 
0.007371 0.004291 0.002261 -0.000327 0.003975 -0.004789 -0.012082 0.034309 0.034391 -0.098202 -0.164010 0.072205 0.479967 0.757304 0.914670 1.098224 1.170076 0.944571 0.543879 0.218779 0.059984 0.011152 0.003406 0.005495 0.008955 0.011472 0.011971 0.010331 
0.008866 0.005700 0.003346 0.000106 0.003457 -0.000591 -0.015146 0.016902 0.050934 -0.040254 -0.168859 -0.067346 0.292390 0.633632 0.832713 1.020409 1.171319 1.079222 0.734776 0.360541 0.125636 0.030432 0.006050 0.004279 0.007343 0.010466 0.011989 0.011316 
0.010181 0.007181 0.004634 0.000902 0.002707 0.002747 -0.013694 0.000630 0.049570 0.010017 -0.133321 -0.150380 0.114833 0.480781 0.734596 0.931160 1.126240 1.156814 0.910723 0.530242 0.225626 0.069182 0.015415 0.004560 0.005804 0.009104 0.011502 0.011875 
0.011191 0.008625 0.006056 0.002076 0.002025 0.004787 -0.009319 -0.010859 0.036162 0.042767 -0.077437 -0.177135 -0.030365 0.311824 0.614845 0.833063 1.049263 1.176110 1.050567 0.711000 0.359413 0.134569 0.036934 0.008475 0.004925 0.007567 0.010556 0.011947 
0.011795 0.009908 0.007516 0.003575 0.001699 0.005514 -0.003837 -0.016159 0.017703 0.055315 -0.019898 -0.158094 -0.128177 0.145625 0.473935 0.724206 0.952332 1.144235 1.140092 0.882286 0.519363 0.231090 0.077104 0.019591 0.005926 0.006202 0.009262 0.011520 
0.011928 0.010915 0.008906 0.005287 0.001925 0.005252 0.001210 -0.015771 0.000303 0.050613 0.025581 -0.110010 -0.173622 0.001911 0.319535 0.601839 0.842797 1.072790 1.173871 1.024328 0.691493 0.358440 0.142038 0.042867 0.011016 0.005716 0.007832 0.010639 
0.011571 0.011546 0.010112 0.007065 0.002770 0.004510 0.004849 -0.011413 -0.012013 0.034876 0.051917 -0.051212 -0.171709 -0.103617 0.165138 0.465855 0.723689 0.973907 1.154659 1.122011 0.857938 0.510385 0.235585 0.084037 0.023622 0.007439 0.006688 0.009425 
0.010769 0.011735 0.011030 0.008744 0.004163 0.003815 0.006754 -0.005240 -0.017649 0.015162 0.058418 0.002523 -0.135034 -0.162746 0.026765 0.320857 0.595724 0.857481 1.090958 1.167263 1.000410 0.675068 0.357579 0.148420 0.048301 0.013602 0.006628 0.008130 
0.009659 0.011461 0.011580 0.010174 0.005924 0.003578 0.007151 0.000809 -0.017097 -0.002549 0.049184 0.040678 -0.079986 -0.176043 -0.081063 0.176214 0.459929 0.730138 0.993866 1.159505 1.103647 0.836757 0.502782 0.239369 0.090183 0.027486 0.009055 0.007237 
0.008526 0.010770 0.011711 0.011233 0.007811 0.004011 0.006604 0.005426 -0.012201 -0.014471 0.030847 0.058951 -0.022730 -0.151894 -0.148840 0.044271 0.319760 0.595843 0.874263 1.104373 1.157955 0.978588 0.660949 0.356797 0.153965 0.053301 0.016194 0.007616 
0.007904 0.009811 0.011418 0.011840 0.009569 0.005112 0.005779 0.008071 -0.005307 -0.019284 0.010340 0.058622 0.024046 -0.103839 -0.174124 -0.062582 0.181941 0.457510 0.741092 1.011384 1.160283 1.085555 0.818083 0.496208 0.242610 0.095688 0.031181 0.010719 
0.008721 0.008895 0.010763 0.011965 0.010978 0.006700 0.005243 0.008884 0.001457 -0.017746 -0.006805 0.044838 0.052998 -0.047097 -0.161710 -0.134976 0.055799 0.318723 0.600962 0.891412 1.113787 1.147012 0.958619 0.648611 0.356075 0.158847 0.057929 0.018744 
0.012458 0.008596 0.009912 0.011638 0.011883 0.008487 0.005334 0.008447 0.006642 -0.011912 -0.017363 0.024452 0.062450 0.004765 -0.122072 -0.168848 -0.048607 0.184847 0.458816 0.754696 1.026243 1.158102 1.068018 0.801431 0.490429 0.245422 0.100672 0.034691 
0.021278 0.009880 0.009203 0.010960 0.012215 0.010154 0.006127 0.007505 0.009638 -0.004273 -0.020546 0.004022 0.055411 0.042252 -0.068661 -0.166337 -0.122879 0.063055 0.319093 0.609798 0.907931 1.119915 1.135123 0.940276 0.637681 0.355394 0.163201 0.062213 
0.038054 0.014239 0.009237 0.010144 0.012002 0.011431 0.007465 0.006722 0.010577 0.002978 -0.017515 -0.011615 0.037785 0.061051 -0.014859 -0.135141 -0.162418 -0.038675 0.186741 0.463517 0.769633 1.038520 1.153776 1.051168 0.786440 0.485276 0.247897 0.105200 
0.066211 0.023795 0.010999 0.009572 0.011377 0.012141 0.009045 0.006518 0.010081 0.008389 -0.010567 -0.020002 0.016352 0.061815 0.028642 -0.086625 -0.167657 -0.113255 0.067613 0.321461 0.621228 0.923280 1.123381 1.122737 0.923359 0.627885 0.354751 0.167105 
0.109348 0.041300 0.015976 0.009881 0.010604 0.012241 0.010522 0.007021 0.008957 0.011393 -0.002279 -0.021008 -0.002964 0.048913 0.055490 -0.033271 -0.144070 -0.156264 -0.031944 0.188797 0.471059 0.784998 1.048424 1.147901 1.035060 0.772829 0.480632 0.250084 
0.170630 0.069984 0.026234 0.012077 0.010129 0.011842 0.011604 0.008091 0.007926 0.012189 0.005189 -0.016241 -0.016215 0.028637 0.064119 0.013864 -0.100996 -0.167232 -0.106157 0.070737 0.325969 0.634343 0.937205 1.124702 1.110154 0.907690 0.619024 0.354131 
0.252024 0.113194 0.044410 0.017629 0.010645 0.011230 0.012133 0.009429 0.007455 0.011465 0.010493 -0.008208 -0.021831 0.007382 0.057095 0.047067 -0.049644 -0.150028 -0.151171 -0.027502 0.191710 0.480845 0.800194 1.056209 1.140917 1.019697 0.760386 0.476404 
