0.099265 0.051747 0.916627 1.465957 1.676026 1.869264 1.984392 2.107345 1.242544 0.683876 0.488773 0.324838 0.207138 0.129231 0.077565 0.042176 0.018923 0.006142 0.001187 0.000092 -0.000151 0.000540 0.004996 0.015908 0.032587 0.049979 0.060991 0.048054 
0.086000 -0.038544 0.523631 1.233699 1.573096 1.782409 1.925850 2.169338 1.636678 0.917764 0.582428 0.401026 0.261014 0.164904 0.101363 0.058354 0.029241 0.011555 0.003182 0.000533 -0.000147 -0.000276 0.001961 0.009731 0.024158 0.042080 0.058479 0.046504 
0.086757 -0.062112 0.224057 0.924999 1.419658 1.685986 1.841624 2.144612 1.926290 1.229274 0.730855 0.486554 0.325532 0.208888 0.130567 0.078121 0.042369 0.019234 0.006653 0.001611 0.000125 -0.000507 0.000150 0.005014 0.016508 0.033310 0.053826 0.046057 
0.090103 -0.042057 0.029126 0.600313 1.200870 1.566658 1.745386 2.058282 2.095288 1.552957 0.948300 0.598294 0.400496 0.262420 0.166493 0.102258 0.058668 0.029482 0.012001 0.003688 0.000761 -0.000353 -0.000704 0.001753 0.010097 0.024444 0.047104 0.043883 
0.089291 -0.001395 -0.068966 0.311049 0.929938 1.407147 1.639251 1.936320 2.149202 1.831913 1.218797 0.754271 0.491930 0.326189 0.210495 0.131795 0.078662 0.042612 0.019595 0.007171 0.001998 0.000109 -0.000879 -0.000211 0.005175 0.016232 0.039009 0.039313 
0.081885 0.041059 -0.091129 0.091182 0.638203 1.199180 1.515078 1.798309 2.109032 2.027536 1.506781 0.961261 0.611025 0.402803 0.263718 0.167949 0.103093 0.059008 0.029780 0.012477 0.004174 0.000941 -0.000592 -0.001135 0.001773 0.009238 0.030430 0.032952 
0.068638 0.072892 -0.064347 -0.045562 0.362948 0.949327 1.361213 1.653257 2.002698 2.123191 1.770254 1.209611 0.768391 0.498272 0.327846 0.211969 0.132925 0.079193 0.042903 0.020003 0.007692 0.002345 0.000050 -0.001295 -0.000251 0.003790 0.022168 0.025889 
0.052076 0.088452 -0.015231 -0.103670 0.136459 0.677949 1.170250 1.500060 1.856596 2.122124 1.972686 1.475004 0.967613 0.620870 0.406240 0.265304 0.169283 0.103879 0.059374 0.030130 0.012977 0.004637 0.001079 -0.000921 -0.001147 -0.000022 0.014811 0.019150 
0.035182 0.087771 0.034705 -0.100522 -0.021275 0.413353 0.944411 1.331815 1.689704 2.041230 2.090936 1.725059 1.201228 0.777728 0.504344 0.330157 0.213466 0.133969 0.079719 0.043240 0.020452 0.008209 0.002663 -0.000143 -0.001203 -0.002298 0.008706 0.013407 
0.020443 0.074683 0.071508 -0.059717 -0.105321 0.183985 0.696838 1.141802 1.511555 1.903195 2.118031 1.927742 1.450602 0.970713 0.628636 0.410064 0.267163 0.170561 0.104623 0.059769 0.030528 0.013493 0.005094 0.001042 -0.000669 -0.003263 0.003992 0.008922 
0.009342 0.054740 0.089102 -0.004807 -0.124383 0.011388 0.448898 0.928721 1.323942 1.729475 2.061253 2.058742 1.689516 1.193431 0.784236 0.509891 0.332826 0.215029 0.134956 0.080244 0.043622 0.020931 0.008750 0.002775 0.000297 -0.003197 0.000655 0.005633 
0.002277 0.033420 0.087955 0.045356 -0.096514 -0.094215 0.224854 0.699385 1.125043 1.535928 1.937151 2.105837 1.889986 1.430612 0.971978 0.634904 0.413950 0.269212 0.171823 0.105339 0.060192 0.030963 0.014065 0.005325 0.001663 -0.002368 -0.001412 0.003303 
-0.001231 0.014925 0.072829 0.079064 -0.043600 -0.134960 0.045887 0.468229 0.914061 1.331694 1.765606 2.069561 2.028352 1.660207 1.186100 0.788926 0.514900 0.335662 0.216654 0.135914 0.080776 0.044036 0.021494 0.009060 0.003541 -0.000976 -0.002360 0.001663 
-0.002166 0.001628 0.050336 0.092059 0.013819 -0.123306 -0.074724 0.254121 0.694669 1.120842 1.564895 1.960729 2.089824 1.857525 1.413537 0.972119 0.640064 0.417752 0.271375 0.173084 0.106045 0.060631 0.031501 0.014413 0.006175 0.000891 -0.002344 0.000516 
-0.001634 -0.005883 0.026855 0.086193 0.060300 -0.077957 -0.134048 0.075736 0.476192 0.905521 1.348896 1.796155 2.070451 2.000135 1.635209 1.179158 0.792374 0.519416 0.338553 0.218323 0.136861 0.081303 0.044561 0.021851 0.009925 0.003277 -0.001488 -0.000221 
-0.000573 -0.008382 0.007161 0.067178 0.087292 -0.019099 -0.139237 -0.052990 0.272355 0.689101 1.126723 1.594145 1.976379 2.072119 1.829063 1.398525 0.971537 0.644383 0.421405 0.273592 0.174354 0.106730 0.061178 0.031858 0.015228 0.006365 0.000140 -0.000520 
0.000423 -0.007397 -0.006170 0.042157 0.093048 0.035815 -0.104966 -0.126001 0.098258 0.478118 0.904187 1.371083 1.821074 2.066599 1.974026 1.613350 1.172552 0.794938 0.523499 0.341426 0.220021 0.137783 0.081925 0.044932 0.022572 0.010467 0.002557 -0.000266 
0.001142 -0.004618 -0.012671 0.017673 0.081118 0.074875 -0.049544 -0.146145 -0.033322 0.282412 0.686049 1.139748 1.621637 1.986098 2.053826 1.803704 1.385053 0.970473 0.648048 0.424879 0.275828 0.175604 0.107496 0.061599 0.032470 0.015995 0.005876 0.000707 
0.001699 -0.001451 -0.013444 -0.001636 0.058107 0.092768 0.009188 -0.124022 -0.115097 0.113557 0.477973 0.909375 1.395371 1.840959 2.059693 1.949831 1.593869 1.166244 0.796853 0.527199 0.344250 0.221702 0.138774 0.082451 0.045453 0.023438 0.010317 0.002591 
0.002427 0.001229 -0.010422 -0.013532 0.031370 0.090218 0.057182 -0.075184 -0.147026 -0.017740 0.287392 0.686849 1.157423 1.646522 1.991401 2.035524 1.780808 1.372777 0.969082 0.651188 0.428174 0.278023 0.176912 0.108197 0.062079 0.033334 0.016203 0.005600 
0.003767 0.003135 -0.005664 -0.017979 0.007176 0.072279 0.086116 -0.016567 -0.136246 -0.104364 0.123035 0.478231 0.919821 1.420000 1.856556 2.050817 1.927330 1.576251 1.160204 0.798275 0.530573 0.346969 0.223418 0.139730 0.082967 0.046255 0.023953 0.009973 
0.006173 0.004472 -0.000825 -0.016505 -0.010395 0.046136 0.093763 0.036899 -0.095351 -0.144744 -0.006639 0.289834 0.691702 1.177863 1.668565 1.993405 2.017523 1.759912 1.361463 0.967461 0.653912 0.431265 0.280211 0.178208 0.108842 0.062809 0.034063 0.015991 
0.010067 0.005772 0.003121 -0.011389 -0.019753 0.018984 0.083011 0.074754 -0.039583 -0.143485 -0.095488 0.128423 0.480232 0.934215 1.443947 1.868575 2.040680 1.906322 1.560131 1.154405 0.799324 0.533639 0.349606 0.225130 0.140608 0.083665 0.047102 0.023995 
0.015827 0.007714 0.005929 -0.004902 -0.021458 -0.003546 0.060033 0.092143 0.016281 -0.110522 -0.141476 0.000480 0.291555 0.700255 1.199719 1.687826 1.992936 1.999980 1.740669 1.350938 0.965690 0.656275 0.434178 0.282374 0.179422 0.109589 0.063702 0.034401 
0.023807 0.010979 0.007952 0.001229 -0.017489 -0.018210 0.032177 0.089584 0.060580 -0.059101 -0.147612 -0.089137 0.131315 0.484560 0.951406 1.466647 1.877639 2.029752 1.886627 1.545243 1.148835 0.800068 0.536440 0.352169 0.226758 0.141512 0.084572 0.047711 
0.034374 0.016168 0.009928 0.006090 -0.010379 -0.024238 0.006106 0.071682 0.086416 -0.003157 -0.121730 -0.138622 0.004490 0.293737 0.711934 1.222058 1.704503 1.990601 1.982972 1.722813 1.341084 0.963809 0.658334 0.436947 0.284443 0.180597 0.110532 0.064522 
0.047955 0.023775 0.012748 0.009588 -0.002471 -0.022834 -0.013470 0.045249 0.092088 0.045255 -0.075154 -0.150177 -0.085333 0.132995 0.491344 0.970456 1.487824 1.884268 2.018353 1.868089 1.531391 1.143471 0.800560 0.539030 0.354613 0.228297 0.142558 0.085544 
0.065073 0.034221 0.017278 0.012280 0.004596 -0.016369 -0.024322 0.017375 0.080377 0.077868 -0.020623 -0.130148 -0.136940 0.006328 0.297074 0.726118 1.244256 1.718841 1.986854 1.966525 1.706143 1.331805 0.961843 0.660156 0.439559 0.286383 0.181837 0.111623 
