0.020898 0.012769 0.012626 0.027304 -0.058377 0.769866 1.276408 1.463970 1.685262 1.890081 2.141540 1.395841 0.901357 0.699419 0.476524 0.284820 0.149465 0.069199 0.028447 0.010295 0.003704 0.004155 0.010423 0.020909 0.031997 0.039036 0.038808 0.031239 
0.025792 0.015836 0.010845 0.032510 -0.129777 0.395957 1.063009 1.365972 1.576675 1.781842 2.140456 1.737289 1.112031 0.803007 0.584073 0.373628 0.210256 0.104392 0.045998 0.017926 0.006119 0.003203 0.006762 0.015591 0.026959 0.036425 0.039840 0.035370 
0.030628 0.020193 0.010009 0.044672 -0.134636 0.115426 0.774994 1.226023 1.472016 1.660077 2.056371 1.966634 1.385131 0.946258 0.692479 0.472966 0.284754 0.151391 0.071405 0.029929 0.010911 0.003851 0.004323 0.010859 0.021513 0.032448 0.039118 0.038243 
0.034788 0.025379 0.009495 0.054086 -0.098653 -0.060794 0.471277 1.026138 1.356261 1.540018 1.918978 2.072973 1.658053 1.142558 0.815085 0.578810 0.372004 0.211400 0.106584 0.047860 0.018925 0.006440 0.003329 0.007076 0.016151 0.027514 0.036726 0.039523 
0.037740 0.030893 0.009878 0.056457 -0.046108 -0.141500 0.202393 0.776800 1.209495 1.423739 1.757619 2.067090 1.878085 1.376803 0.967422 0.693264 0.469632 0.284728 0.153230 0.073498 0.031336 0.011511 0.004028 0.004537 0.011327 0.022101 0.032922 0.039066 
0.039093 0.036088 0.011936 0.051810 0.004278 -0.148715 0.001632 0.507311 1.020454 1.301663 1.593730 1.974664 2.011622 1.615956 1.155209 0.824027 0.576607 0.370504 0.212509 0.108668 0.049625 0.019881 0.006770 0.003497 0.007434 0.016708 0.028096 0.036928 
0.038657 0.040234 0.016009 0.042799 0.041226 -0.110136 -0.117958 0.253538 0.792874 1.159701 1.436588 1.827194 2.047221 1.821924 1.369387 0.979148 0.695152 0.467542 0.284737 0.154989 0.075484 0.032674 0.012096 0.004232 0.004798 0.011807 0.022722 0.033345 
0.036468 0.042671 0.021744 0.032949 0.060736 -0.052397 -0.161461 0.046810 0.544770 0.987530 1.283929 1.653213 1.992873 1.962978 1.587868 1.160987 0.830102 0.575746 0.369508 0.213582 0.110650 0.051300 0.020795 0.007110 0.003710 0.007814 0.017301 0.028698 
0.032779 0.042960 0.028191 0.025274 0.064458 0.003661 -0.146596 -0.093536 0.302690 0.784445 1.126619 1.472274 1.869237 2.021077 1.781895 1.362428 0.985978 0.696910 0.466338 0.284921 0.156668 0.077369 0.033945 0.012667 0.004472 0.005090 0.012319 0.023452 
0.028009 0.040988 0.034094 0.021470 0.057364 0.045242 -0.096882 -0.162962 0.093886 0.561015 0.955097 1.293033 1.701396 1.994035 1.924021 1.566784 1.163281 0.834132 0.575479 0.368984 0.214675 0.112534 0.052889 0.021671 0.007468 0.003954 0.008216 0.018112 
0.022675 0.036983 0.038257 0.021717 0.045419 0.067553 -0.035326 -0.170288 -0.060823 0.336582 0.765074 1.115262 1.511680 1.893047 1.994931 1.751186 1.355738 0.989894 0.698286 0.465708 0.285309 0.158293 0.079158 0.035153 0.013233 0.004739 0.005381 0.013164 
0.017320 0.031458 0.039847 0.024957 0.033764 0.072113 0.020124 -0.133360 -0.151548 0.133993 0.560616 0.934389 1.315352 1.737299 1.987193 1.892022 1.549762 1.163537 0.836711 0.575475 0.368835 0.215816 0.114334 0.054395 0.022515 0.007844 0.004168 0.009056 
0.012454 0.025107 0.038562 0.029440 0.025668 0.064230 0.058805 -0.073530 -0.180421 -0.026413 0.353911 0.746604 1.119748 1.547832 1.905379 1.970493 1.726387 1.349224 0.991925 0.699268 0.465453 0.285883 0.159882 0.080857 0.036304 0.013805 0.004935 0.006190 
0.008523 0.018680 0.034657 0.033332 0.022262 0.050448 0.077382 -0.010543 -0.159588 -0.131706 0.162203 0.552701 0.926308 1.342607 1.763160 1.976589 1.865072 1.535323 1.162494 0.838242 0.575580 0.368972 0.217011 0.116061 0.055824 0.023351 0.008105 0.004937 
0.005908 0.012874 0.028831 0.035213 0.022890 0.036511 0.078272 0.041059 -0.107181 -0.178900 0.003175 0.359563 0.734168 1.133926 1.578774 1.910492 1.948110 1.705582 1.342837 0.992669 0.699904 0.465445 0.286615 0.161447 0.082472 0.037434 0.014218 0.005676 
0.004951 0.008267 0.022050 0.034360 0.025809 0.026183 0.067263 0.073544 -0.042626 -0.174765 -0.109652 0.179092 0.543722 0.928411 1.370491 1.781396 1.964319 1.841873 1.522637 1.160578 0.838998 0.575721 0.369322 0.218257 0.117717 0.057225 0.023992 0.008851 
0.005999 0.005301 0.015343 0.030813 0.028969 0.020908 0.051073 0.085710 0.017455 -0.133352 -0.170162 0.025234 0.358899 0.728892 1.153348 1.604441 1.911029 1.927695 1.687608 1.336547 0.992500 0.700250 0.465605 0.287474 0.162981 0.084064 0.038347 0.015016 
0.009467 0.004307 0.009643 0.025242 0.030668 0.020160 0.035432 0.081253 0.061902 -0.072198 -0.180783 -0.089748 0.187526 0.537088 0.937791 1.396958 1.793975 1.951456 1.821523 1.511201 1.158049 0.839174 0.575863 0.369834 0.219530 0.119372 0.058407 0.024892 
0.015897 0.005575 0.005692 0.018714 0.029947 0.022191 0.023977 0.066489 0.085921 -0.008338 -0.151443 -0.158545 0.039853 0.355914 0.730131 1.175143 1.625409 1.908642 1.909038 1.671716 1.330341 0.991666 0.700358 0.465883 0.288414 0.164552 0.085458 0.039389 
0.025996 0.009431 0.004021 0.012427 0.026704 0.024876 0.017993 0.048118 0.090416 0.044898 -0.096891 -0.180682 -0.074054 0.190614 0.534173 0.951980 1.421155 1.802380 1.938555 1.803384 1.500691 1.155083 0.838908 0.575995 0.370448 0.220887 0.120877 0.059601 
0.040669 0.016319 0.004999 0.007490 0.021578 0.026422 0.016809 0.031534 0.080244 0.079691 -0.033246 -0.162589 -0.147123 0.048419 0.353113 0.736656 1.197561 1.642399 1.904386 1.891910 1.657402 1.324207 0.990338 0.700281 0.466223 0.289474 0.166041 0.086780 
0.061004 0.026865 0.008933 0.004795 0.015690 0.025807 0.018573 0.019923 0.062047 0.094015 0.025273 -0.116018 -0.177365 -0.062996 0.190910 0.535214 0.969117 1.442836 1.807700 1.925902 1.786991 1.490889 1.151796 0.838309 0.576088 0.371184 0.222235 0.122267 
0.088245 0.041909 0.016175 0.004985 0.010339 0.022918 0.021117 0.014152 0.042255 0.090620 0.068713 -0.055366 -0.168656 -0.137623 0.052657 0.351862 0.747189 1.219584 1.656101 1.898940 1.876096 1.644314 1.318142 0.988645 0.700034 0.466642 0.290587 0.167413 
0.123725 0.062502 0.027224 0.008512 0.006759 0.018426 0.022663 0.013251 0.025670 0.075221 0.092438 0.005325 -0.130052 -0.173045 -0.056099 0.190244 0.539892 0.987871 1.462052 1.810731 1.913635 1.772004 1.481643 1.148282 0.837437 0.576171 0.372004 0.223499 
0.168793 0.089870 0.042792 0.015748 0.005958 0.013521 0.022251 0.015228 0.014819 0.054488 0.096871 0.054914 -0.073911 -0.171541 -0.130747 0.054160 0.352777 0.760606 1.240649 1.667113 1.892750 1.861410 1.632199 1.312148 0.986663 0.699667 0.467130 0.291660 
0.224734 0.125351 0.063827 0.027113 0.008684 0.009594 0.019855 0.017913 0.010014 0.034314 0.086222 0.086751 -0.013398 -0.140029 -0.169158 -0.052507 0.189817 0.547665 1.007325 1.478985 1.812054 1.901814 1.758159 1.472853 1.144594 0.836357 0.576265 0.372820 
0.292689 0.170310 0.091488 0.043185 0.015481 0.007970 0.016250 0.019628 0.009938 0.018713 0.066690 0.099071 0.039987 -0.088901 -0.172816 -0.126542 0.054214 0.356014 0.775995 1.260479 1.675933 1.886111 1.847693 1.620875 1.306221 0.984458 0.699230 0.467622 
0.373586 0.226055 0.127084 0.064761 0.026809 0.009752 0.012722 0.019573 0.012475 0.009425 0.044651 0.094314 0.078255 -0.030079 -0.147132 -0.166489 -0.051294 0.190342 0.557942 1.026866 1.493865 1.812096 1.890452 1.745264 1.464437 1.140772 0.835141 0.576342 
