0.244085 0.243278 0.199377 0.136418 0.088955 -0.037665 0.773752 1.276216 1.460125 1.677233 1.889207 2.173187 1.487153 1.062465 0.911931 0.698736 0.471428 0.273256 0.130849 0.049158 0.014181 0.003513 0.000311 0.002394 0.020035 0.063644 0.130348 0.199861 
0.227602 0.249068 0.223710 0.165961 0.122581 -0.091610 0.406662 1.064804 1.364021 1.569321 1.774219 2.152449 1.797502 1.240540 0.995031 0.807098 0.581440 0.365372 0.194463 0.084165 0.028631 0.007914 0.001251 -0.000593 0.007968 0.038952 0.096645 0.168265 
0.202668 0.244188 0.240438 0.193039 0.165622 -0.073572 0.137542 0.780598 1.226152 1.466721 1.650104 2.054981 2.000227 1.480089 1.110588 0.905780 0.693070 0.467761 0.272341 0.132468 0.052046 0.016515 0.003980 -0.000971 0.000885 0.020122 0.066058 0.133991 
0.171724 0.229087 0.247769 0.214241 0.205803 -0.010264 -0.022008 0.483758 1.028998 1.353585 1.530726 1.909996 2.085777 1.721329 1.274752 1.009172 0.801000 0.576679 0.363108 0.194974 0.086646 0.031406 0.009300 0.000653 -0.002216 0.007166 0.040340 0.099931 
0.137631 0.205240 0.244954 0.227869 0.235975 0.072229 -0.080824 0.225941 0.783960 1.209722 1.416889 1.745797 2.065415 1.913819 1.475416 1.134786 0.907105 0.687496 0.464214 0.271565 0.134174 0.054884 0.018670 0.004254 -0.002313 -0.000499 0.020451 0.068610 
0.103297 0.174922 0.232197 0.233262 0.253404 0.152766 -0.061775 0.041152 0.521483 1.024165 1.298088 1.582504 1.964508 2.025468 1.682396 1.290982 1.019936 0.797759 0.572026 0.360982 0.195606 0.089145 0.034053 0.010481 -0.000077 -0.003798 0.006575 0.041923 
0.071329 0.140904 0.210586 0.230345 0.258430 0.217323 0.005812 -0.057487 0.278523 0.801419 1.159815 1.428098 1.813637 2.045492 1.859974 1.471643 1.149351 0.909293 0.683056 0.460795 0.270930 0.135954 0.057659 0.020640 0.004348 -0.003699 -0.001733 0.020996 
0.043757 0.106103 0.181985 0.219425 0.253037 0.259177 0.093041 -0.075751 0.087157 0.560534 0.991881 1.279299 1.640078 1.981736 1.978085 1.657554 1.300218 1.027594 0.795677 0.567876 0.359002 0.196357 0.091647 0.036559 0.011463 -0.000927 -0.005312 0.006181 
0.021872 0.073238 0.148849 0.201184 0.239665 0.277641 0.176441 -0.032818 -0.033105 0.329099 0.794199 1.126420 1.462078 1.854070 2.019520 1.822420 1.468297 1.158817 0.911121 0.679411 0.457660 0.270438 0.137799 0.060354 0.022423 0.004267 -0.005104 -0.002826 
0.006190 0.044524 0.113953 0.176748 0.220487 0.276050 0.240548 0.045690 -0.078273 0.135135 0.578259 0.959880 1.287208 1.686392 1.982114 1.940598 1.639778 1.305834 1.032971 0.794021 0.564220 0.357226 0.197219 0.094137 0.038916 0.012247 -0.001874 -0.006768 
-0.003461 0.021470 0.080068 0.147733 0.197140 0.259652 0.278219 0.134257 -0.058463 -0.000284 0.364385 0.775856 1.114562 1.499733 1.876408 1.993769 1.794328 1.465171 1.165163 0.912353 0.676269 0.454849 0.270107 0.139696 0.062958 0.024013 0.004033 -0.006552 
-0.007737 0.004796 0.049636 0.116182 0.170798 0.233889 0.289251 0.212333 0.006535 -0.067684 0.176200 0.579216 0.939401 1.308209 1.720485 1.974689 1.910263 1.626106 1.309268 1.036667 0.792478 0.560975 0.355687 0.198192 0.096603 0.041115 0.012849 -0.002969 
-0.007516 -0.005508 0.024503 0.084400 0.142431 0.203310 0.278105 0.266902 0.092987 -0.070338 0.034366 0.383062 0.758230 1.118371 1.534106 1.887415 1.969943 1.772270 1.462157 1.169416 0.912987 0.673449 0.452357 0.269951 0.141635 0.065456 0.025426 0.003558 
-0.003614 -0.010013 0.005761 0.054685 0.113060 0.171131 0.251457 0.292843 0.178620 -0.022179 -0.048484 0.205405 0.572524 0.931352 1.334042 1.744608 1.963704 1.885161 1.615042 1.311247 1.039090 0.790913 0.558067 0.354393 0.199276 0.099027 0.043171 0.013143 
0.003470 -0.009585 -0.006269 0.029042 0.083910 0.139313 0.216162 0.291601 0.246554 0.056409 -0.070356 0.064307 0.390001 0.746455 1.131712 1.563259 1.891361 1.948380 1.754311 1.459190 1.172171 0.913085 0.670843 0.450160 0.269976 0.143602 0.067870 0.026498 
0.013737 -0.005104 -0.011927 0.008942 0.056409 0.108931 0.177913 0.268942 0.287215 0.143559 -0.039652 -0.026904 0.223309 0.564628 0.933297 1.360416 1.761195 1.951256 1.863977 1.605738 1.312189 1.040522 0.789269 0.555440 0.353342 0.200459 0.101441 0.044891 
0.027775 0.002814 -0.011976 -0.004817 0.032044 0.080613 0.140666 0.232522 0.298319 0.220331 0.027458 -0.062961 0.086814 0.390550 0.741657 1.150149 1.587146 1.890893 1.928987 1.739271 1.456228 1.173804 0.912718 0.668388 0.448239 0.270167 0.145642 0.069991 
0.046726 0.014023 -0.007325 -0.012110 0.012150 0.054892 0.106664 0.189852 0.283394 0.273686 0.111088 -0.047776 -0.007318 0.232761 0.558930 0.942340 1.385303 1.772226 1.938416 1.845795 1.597672 1.312349 1.041166 0.787530 0.553054 0.352510 0.201795 0.103637 
0.072156 0.028956 0.001279 -0.013348 -0.002290 0.032392 0.076851 0.146964 0.249529 0.297651 0.191920 0.006741 -0.052500 0.101960 0.388690 0.743191 1.170827 1.606356 1.887673 1.911543 1.726384 1.453243 1.174564 0.911954 0.666050 0.446553 0.270583 0.147560 
0.105832 0.048615 0.013486 -0.009245 -0.010772 0.013829 0.051415 0.107851 0.205052 0.292822 0.254717 0.083588 -0.049592 0.008196 0.236854 0.556798 0.956022 1.407868 1.779195 1.925736 1.829961 1.590505 1.311895 1.041170 0.785701 0.550861 0.351949 0.203119 
0.149467 0.074463 0.029501 -0.000530 -0.013275 -0.000095 0.030266 0.074537 0.157630 0.264671 0.290397 0.164409 -0.006873 -0.042056 0.111114 0.386916 0.749832 1.192010 1.621630 1.882755 1.895809 1.715128 1.450215 1.174626 0.910857 0.663790 0.445145 0.271091 
0.204452 0.108210 0.050115 0.012325 -0.010143 -0.008832 0.013347 0.047549 0.113090 0.221315 0.296498 0.233065 0.061756 -0.048009 0.019200 0.238126 0.558467 0.972491 1.427882 1.783202 1.913499 1.815997 1.584006 1.310943 1.040654 0.783771 0.548893 0.351564 
0.271649 0.151562 0.076625 0.029305 -0.001881 -0.012096 0.000754 0.026530 0.074984 0.171333 0.276234 0.278266 0.139717 -0.015248 -0.033369 0.115986 0.386586 0.760308 1.212695 1.633670 1.876825 1.881559 1.705135 1.447127 1.174123 0.909462 0.661639 0.443952 
0.351274 0.205962 0.110641 0.050948 0.011090 -0.009872 -0.007287 0.010808 0.044770 0.122089 0.236642 0.294823 0.211044 0.045129 -0.045243 0.026153 0.238396 0.563614 0.990428 1.445410 1.785050 1.901837 1.803545 1.578006 1.309582 1.039687 0.781783 0.547122 
0.442881 0.272369 0.153848 0.078315 0.028657 -0.002334 -0.010518 -0.000223 0.022370 0.078776 0.186412 0.283477 0.263200 0.118644 -0.020278 -0.027151 0.118152 0.388305 0.773500 1.232337 1.643087 1.870328 1.868597 1.696136 1.443978 1.173136 0.907830 0.659601 
0.545465 0.351126 0.207735 0.112847 0.051153 0.010310 -0.008736 -0.006908 0.006847 0.044169 0.133915 0.249612 0.288874 0.190218 0.032677 -0.042737 0.029894 0.238848 0.571697 1.008929 1.460650 1.785329 1.890804 1.792329 1.572392 1.307865 1.038348 0.779777 
0.657624 0.441927 0.273368 0.156142 0.079393 0.028007 -0.001822 -0.009313 -0.002977 0.018955 0.085798 0.201318 0.286483 0.246906 0.101181 -0.023536 -0.023461 0.118885 0.392225 0.788502 1.250670 1.650390 1.863560 1.856749 1.687934 1.440752 1.171738 0.906030 
0.777739 0.543883 0.351231 0.209695 0.114597 0.051006 0.010300 -0.007296 -0.008094 0.002375 0.046292 0.147353 0.259493 0.279963 0.171418 0.023224 -0.041282 0.031337 0.240188 0.582127 1.027392 1.473849 1.784473 1.880405 1.782138 1.567072 1.305832 1.036721 
