-0.000018 -0.124910 0.625828 1.002705 1.005942 1.010805 1.019067 1.161401 0.449462 0.150054 0.278553 0.461602 0.675232 0.869232 0.984528 0.981893 0.863348 0.670513 0.461400 0.282856 0.155905 0.078296 0.036285 0.015483 0.005850 0.001788 0.000393 0.000060 
0.015623 -0.171918 0.297192 0.860972 1.004120 1.007949 0.998177 1.197018 0.753865 0.246269 0.207485 0.366255 0.570871 0.782070 0.941621 0.997699 0.931907 0.768965 0.562136 0.365679 0.213213 0.112651 0.054640 0.024488 0.009970 0.003485 0.000957 0.000194 
0.033280 -0.160229 0.050803 0.631661 0.949961 1.007734 0.976986 1.177847 0.983497 0.441466 0.202183 0.281139 0.467740 0.682926 0.874780 0.984894 0.976947 0.855922 0.664254 0.458408 0.282958 0.157613 0.080163 0.037610 0.016225 0.006233 0.002001 -0.001448 
0.044445 -0.114042 -0.100941 0.374052 0.823377 0.989913 0.963409 1.126818 1.124132 0.674638 0.282044 0.228206 0.370867 0.578250 0.789070 0.944595 0.995055 0.925265 0.761860 0.557532 0.364420 0.214298 0.114525 0.056240 0.025493 0.010509 0.004019 -0.004496 
0.045903 -0.056247 -0.165228 0.139764 0.634063 0.930775 0.952922 1.065875 1.181326 0.892272 0.435997 0.230563 0.291446 0.474129 0.690572 0.879966 0.984856 0.971862 0.848678 0.658294 0.455602 0.283066 0.159226 0.081941 0.038896 0.016939 0.007517 -0.007420 
0.038676 -0.004318 -0.162484 -0.036395 0.411612 0.816739 0.930498 1.009087 1.174164 1.057702 0.632779 0.299990 0.245779 0.378567 0.585732 0.795832 0.947147 0.992133 0.918670 0.755024 0.553178 0.363247 0.215327 0.116303 0.057783 0.026351 0.012918 -0.008484 
0.026365 0.031575 -0.118933 -0.139679 0.192968 0.650597 0.878015 0.958981 1.126818 1.154490 0.833724 0.431562 0.249510 0.302876 0.481782 0.698130 0.884780 0.984446 0.966674 0.841622 0.652612 0.452961 0.283175 0.160752 0.083657 0.039817 0.020630 -0.006354 
0.013444 0.048435 -0.059899 -0.173480 0.011022 0.450559 0.782612 0.907639 1.060420 1.184209 1.004282 0.605129 0.311109 0.260500 0.387649 0.593668 0.802328 0.949293 0.988970 0.912143 0.748447 0.549054 0.362147 0.216297 0.118047 0.058655 0.031198 -0.000324 
0.003907 0.048855 -0.005076 -0.153950 -0.113109 0.244226 0.642464 0.841656 0.987653 1.160279 1.121648 0.791564 0.427693 0.263585 0.314216 0.490329 0.705710 0.889221 0.983694 0.961415 0.834757 0.647189 0.450468 0.283272 0.162315 0.084359 0.045435 0.009776 
0.000489 0.038741 0.033757 -0.103228 -0.173091 0.060446 0.468226 0.748710 0.911326 1.100373 1.177395 0.960830 0.584658 0.318796 0.273215 0.397364 0.602003 0.808595 0.951052 0.985602 0.905700 0.742118 0.545138 0.361091 0.217419 0.118458 0.064489 0.023881 
0.004480 0.025020 0.052749 -0.043125 -0.176084 -0.078103 0.280248 0.623201 0.826714 1.019853 1.175583 1.089063 0.758955 0.424192 0.274790 0.325228 0.499439 0.713316 0.893312 0.982633 0.956111 0.828083 0.642012 0.448067 0.283666 0.162315 0.089804 0.042033 
0.015995 0.013851 0.054335 0.009448 -0.138472 -0.159640 0.102997 0.469154 0.726254 0.927960 1.127999 1.162772 0.924591 0.568403 0.324511 0.284537 0.407376 0.610613 0.814648 0.952453 0.982060 0.899353 0.736031 0.541347 0.360485 0.216885 0.122966 0.064641 
0.034505 0.009594 0.044765 0.044770 -0.080356 -0.184532 -0.041262 0.299708 0.604629 0.827315 1.048638 1.179504 1.058432 0.732460 0.420967 0.284173 0.335906 0.508895 0.720909 0.897075 0.981296 0.950783 0.821613 0.636961 0.446258 0.282475 0.165477 0.092594 
0.059402 0.014540 0.031575 0.060409 -0.020412 -0.163375 -0.137609 0.133729 0.462448 0.716143 0.949283 1.145563 1.144581 0.893636 0.554876 0.329004 0.294883 0.417522 0.619383 0.820486 0.953528 0.978372 0.893133 0.730043 0.538245 0.358518 0.218461 0.127186 
0.090429 0.029234 0.021583 0.059699 0.027766 -0.112984 -0.181188 -0.009113 0.307466 0.591864 0.837321 1.072081 1.176317 1.030086 0.710146 0.417971 0.292348 0.346300 0.518547 0.728442 0.900531 0.979710 0.945484 0.815177 0.632635 0.443423 0.282392 0.169887 
0.127875 0.053139 0.019687 0.049397 0.057335 -0.051677 -0.177121 -0.113213 0.153199 0.454533 0.715929 0.971016 1.155508 1.124915 0.866645 0.543239 0.332713 0.304537 0.427718 0.628220 0.826100 0.954296 0.974607 0.886860 0.724740 0.534506 0.356842 0.222009 
0.172517 0.085346 0.028518 0.037264 0.067985 0.004883 -0.138068 -0.170480 0.015628 0.308858 0.586020 0.852297 1.090148 1.168671 1.003922 0.690832 0.415182 0.299705 0.356462 0.528297 0.735871 0.903684 0.977959 0.940030 0.809314 0.628052 0.440320 0.284338 
0.225347 0.125139 0.048735 0.030144 0.064352 0.046415 -0.080410 -0.181589 -0.090816 0.164252 0.448800 0.722712 0.991138 1.159818 1.104839 0.842697 0.532986 0.335915 0.313699 0.437912 0.637054 0.831470 0.954847 0.970593 0.880990 0.719492 0.530217 0.356809 
0.287171 0.172267 0.079711 0.032839 0.053766 0.068994 -0.020203 -0.154994 -0.156740 0.033033 0.307855 0.586442 0.869394 1.103436 1.158224 0.979714 0.673761 0.412593 0.306503 0.366439 0.538074 0.743142 0.906612 0.975888 0.934778 0.803713 0.622871 0.438270 
0.358196 0.226926 0.120278 0.047800 0.044015 0.074433 0.030095 -0.104229 -0.179807 -0.072485 0.169973 0.446603 0.734031 1.008821 1.159992 1.084899 0.821140 0.523792 0.338795 0.322509 0.448077 0.645807 0.836651 0.955049 0.966578 0.875468 0.713762 0.526383 
0.437675 0.289483 0.169331 0.075453 0.041632 0.068569 0.063512 -0.044411 -0.164880 -0.143038 0.044473 0.306938 0.591897 0.886879 1.112690 1.146029 0.957218 0.658422 0.410205 0.312920 0.376273 0.547803 0.750285 0.909209 0.973643 0.929847 0.797824 0.617673 
0.523698 0.360074 0.226123 0.114885 0.050948 0.059100 0.078899 0.011119 -0.122434 -0.174668 -0.058652 0.172894 0.448165 0.748034 1.023843 1.157128 1.065372 0.801498 0.515447 0.341483 0.331074 0.458169 0.654489 0.841558 0.954955 0.962774 0.869852 0.707730 
0.613163 0.438177 0.290259 0.164591 0.073905 0.053568 0.079947 0.053231 -0.065823 -0.169582 -0.131101 0.051655 0.307454 0.601107 0.903754 1.118616 1.132765 0.936207 0.644462 0.408020 0.319091 0.385969 0.557485 0.757232 0.911454 0.971457 0.924963 0.791529 
0.701924 0.522286 0.361437 0.223052 0.110454 0.057897 0.073394 0.078131 -0.008208 -0.135483 -0.168376 -0.048853 0.174823 0.453156 0.763404 1.036274 1.152029 1.046384 0.783421 0.507802 0.344080 0.339450 0.468198 0.663050 0.846120 0.954767 0.959077 0.863863 
0.785105 0.609757 0.439053 0.289021 0.159248 0.075669 0.066991 0.087147 0.040079 -0.083643 -0.170981 -0.121634 0.056153 0.310000 0.612952 0.919478 1.121826 1.118871 0.916485 0.631625 0.406054 0.325092 0.395561 0.567097 0.763888 0.913486 0.969363 0.919810 
0.857538 0.696850 0.521821 0.361505 0.218361 0.108096 0.067725 0.085472 0.073194 -0.026330 -0.144398 -0.162362 -0.042248 0.176939 0.461029 0.779238 1.046315 1.145278 1.027987 0.766643 0.500763 0.346645 0.347693 0.478172 0.671391 0.850402 0.954603 0.955231 
0.914259 0.778987 0.607497 0.439517 0.285823 0.154492 0.080646 0.080352 0.090239 0.025750 -0.097877 -0.170640 -0.114689 0.059232 0.314719 0.626525 0.933791 1.122828 1.104639 0.897882 0.619733 0.404308 0.330990 0.405090 0.576558 0.770248 0.915449 0.967207 
0.951023 0.851150 0.692803 0.521721 0.359874 0.212971 0.108375 0.079226 0.094592 0.065387 -0.042421 -0.150348 -0.157411 -0.037924 0.179936 0.471190 0.794936 1.054213 1.137305 1.010185 0.750967 0.494257 0.349222 0.355869 0.488046 0.679464 0.854529 0.954416 
