0.107822 0.087524 -0.067779 0.655478 1.018524 1.028380 1.066667 1.144682 1.402020 0.844653 0.703362 0.927157 1.073405 1.090235 0.970349 0.755331 0.512680 0.302528 0.155363 0.070275 0.028491 0.010111 0.004316 0.009839 0.028523 0.057985 0.088862 0.108417 
0.110582 0.114548 -0.099947 0.338876 0.881150 1.019898 1.042558 1.083259 1.375189 1.071327 0.728372 0.824953 1.016459 1.098910 1.042184 0.866295 0.629943 0.399731 0.221186 0.107406 0.046457 0.017728 0.005799 0.005432 0.017833 0.043077 0.074839 0.101159 
0.106553 0.139873 -0.074364 0.106533 0.660454 0.965035 1.028973 1.031505 1.303698 1.228145 0.844907 0.764797 0.934338 1.075082 1.085442 0.961797 0.747351 0.508378 0.302363 0.157692 0.072904 0.029992 0.010318 0.004020 0.010028 0.029641 0.059638 0.090111 
0.096222 0.154158 -0.016638 -0.030544 0.414661 0.842825 1.004680 0.996531 1.211069 1.304382 0.998635 0.773646 0.853167 1.021008 1.097013 1.034969 0.857640 0.623745 0.397702 0.222542 0.110063 0.048544 0.018483 0.005630 0.005323 0.018536 0.044580 0.076628 
0.081632 0.153781 0.049149 -0.080979 0.194188 0.662031 0.945003 0.972769 1.118954 1.307608 1.141414 0.848077 0.802367 0.948567 1.076266 1.080402 0.953375 0.739711 0.504364 0.302287 0.159933 0.075371 0.031362 0.010489 0.003787 0.010326 0.030808 0.062161 
0.065312 0.139804 0.104652 -0.066577 0.032520 0.451219 0.835418 0.944084 1.040553 1.257637 1.240404 0.963792 0.801233 0.877779 1.027862 1.094729 1.027718 0.849254 0.617878 0.395860 0.223886 0.112583 0.050475 0.019154 0.005483 0.005313 0.019208 0.047970 
0.049497 0.116264 0.139238 -0.014753 -0.056979 0.246182 0.677760 0.891275 0.977241 1.178384 1.281443 1.087841 0.852624 0.830314 0.963222 1.078030 1.075155 0.945100 0.732397 0.500614 0.302289 0.162085 0.077680 0.032608 0.010631 0.003640 0.010402 0.035016 
0.035721 0.088354 0.149871 0.048271 -0.079039 0.078549 0.489229 0.800461 0.919861 1.090073 1.266996 1.189844 0.943619 0.822067 0.899031 1.035337 1.092490 1.020459 0.841133 0.612323 0.394186 0.225212 0.114966 0.052258 0.019746 0.005416 0.004789 0.023976 
0.024737 0.060927 0.139503 0.102285 -0.050996 -0.031881 0.296320 0.668824 0.853810 1.004129 1.210294 1.249554 1.051148 0.858028 0.853131 0.977078 1.080062 1.069886 0.936981 0.725394 0.497109 0.302358 0.164147 0.079837 0.033729 0.010868 0.002626 0.015313 
0.016679 0.037534 0.114689 0.135402 0.004095 -0.080075 0.126681 0.506012 0.765650 0.921988 1.128075 1.259632 1.149690 0.931060 0.839474 0.917725 1.042715 1.090315 1.013269 0.833275 0.607060 0.392666 0.226515 0.117217 0.053877 0.020471 0.004131 0.009377 
0.011334 0.020069 0.083167 0.144048 0.063856 -0.074356 0.001732 0.331308 0.648744 0.837601 1.034347 1.224041 1.218247 1.024495 0.864038 0.872757 0.989893 1.082096 1.064661 0.929050 0.718690 0.493833 0.302484 0.166121 0.081805 0.035041 0.009603 0.006497 
0.008428 0.008906 0.051895 0.131242 0.111205 -0.032037 -0.067998 0.168037 0.506098 0.742186 0.936856 1.153630 1.244639 1.117209 0.923119 0.854845 0.934442 1.049699 1.088150 1.006199 0.825682 0.602073 0.391285 0.227796 0.119269 0.055757 0.019530 0.007057 
0.007854 0.003354 0.025856 0.103991 0.136624 0.026174 -0.084017 0.037267 0.349814 0.629319 0.836758 1.060964 1.226439 1.189256 1.004437 0.870498 0.890186 1.001671 1.083975 1.059495 0.921327 0.712274 0.490766 0.302671 0.167906 0.084103 0.034675 0.011563 
0.009808 0.002229 0.007651 0.070611 0.138193 0.081366 -0.057856 -0.047283 0.197671 0.498575 0.730943 0.956202 1.169034 1.226302 1.090487 0.918264 0.868868 0.949576 1.056171 1.085946 0.999271 0.818358 0.597344 0.390052 0.228918 0.121707 0.056099 0.020694 
0.014837 0.004393 -0.002253 0.038553 0.119953 0.120079 -0.006969 -0.081867 0.068200 0.356690 0.615647 0.845126 1.082063 1.221804 1.162945 0.989022 0.877303 0.905986 1.012476 1.085615 1.054389 0.913827 0.706136 0.487928 0.302745 0.170112 0.085128 0.035331 
0.023828 0.009140 -0.004861 0.013076 0.089412 0.135913 0.050036 -0.072539 -0.024137 0.216137 0.489854 0.729454 0.975744 1.176758 1.206758 1.068208 0.915612 0.881919 0.963400 1.062091 1.083669 0.992499 0.811296 0.592904 0.388768 0.230473 0.123222 0.056567 
0.037941 0.016399 -0.001853 -0.003192 0.054974 0.129210 0.097562 -0.032624 -0.072322 0.091820 0.357260 0.608818 0.858259 1.097628 1.212826 1.139239 0.977047 0.884369 0.920508 1.022385 1.086973 1.049338 0.906546 0.700318 0.485106 0.303240 0.171773 0.085655 
0.058527 0.026758 0.005159 -0.009961 0.023882 0.105327 0.125703 0.021158 -0.077953 -0.002913 0.226275 0.483303 0.734797 0.993465 1.178825 1.187108 1.049454 0.914606 0.894221 0.976108 1.067457 1.081300 0.985872 0.804555 0.588543 0.387873 0.231837 0.123913 
0.087018 0.041371 0.015149 -0.008521 0.001010 0.072238 0.131130 0.072751 -0.050166 -0.059702 0.108201 0.355481 0.608154 0.873294 1.108280 1.201209 1.117930 0.967722 0.891630 0.933982 1.031471 1.088038 1.044322 0.899550 0.694632 0.482629 0.303841 0.172558 
0.124801 0.061767 0.027941 -0.000837 -0.011468 0.038166 0.116343 0.110008 -0.002880 -0.077114 0.014327 0.231167 0.480259 0.744493 1.008544 1.176770 1.167936 1.033562 0.914870 0.905913 0.987841 1.072290 1.078812 0.979454 0.797976 0.584478 0.387297 0.232482 
0.173061 0.089633 0.044223 0.011284 -0.013685 0.009782 0.087819 0.126495 0.048732 -0.060706 -0.047068 0.118715 0.353820 0.612399 0.888497 1.114790 1.188046 1.098788 0.960499 0.899031 0.946562 1.039806 1.088786 1.039398 0.892718 0.689188 0.480592 0.303998 
0.232590 0.126594 0.065369 0.026757 -0.007255 -0.008773 0.053720 0.121711 0.091573 -0.021372 -0.072905 0.027159 0.233333 0.480920 0.756674 1.020773 1.171732 1.149546 1.020041 0.916140 0.917083 0.998717 1.076592 1.076253 0.973164 0.791586 0.580889 0.386587 
0.303589 0.173996 0.093155 0.045488 0.005689 -0.016016 0.021786 0.099982 0.116993 0.027424 -0.066088 -0.036137 0.125070 0.353606 0.620253 0.902866 1.117896 1.174054 1.081593 0.954985 0.906525 0.958370 1.047431 1.089267 1.034520 0.886015 0.684188 0.478700 
0.385455 0.232699 0.129429 0.068338 0.023327 -0.012601 -0.002164 0.068532 0.121810 0.072702 -0.034765 -0.067520 0.036050 0.234574 0.484934 0.770007 1.030240 1.164552 1.132092 1.008521 0.918217 0.927795 1.008804 1.080422 1.073613 0.966933 0.785559 0.577647 
0.476621 0.302891 0.175791 0.096873 0.044697 -0.000433 -0.014915 0.035362 0.107969 0.104550 0.009629 -0.068183 -0.027604 0.128832 0.355415 0.630576 0.915863 1.118242 1.159711 1.066148 0.950884 0.914077 0.969473 1.054416 1.089501 1.029609 0.879563 0.679638 
0.574469 0.383927 0.233318 0.132990 0.069905 0.018301 -0.015769 0.007432 0.081169 0.117698 0.054951 -0.044075 -0.062376 0.041846 0.236051 0.491729 0.783583 1.037167 1.155855 1.115642 0.998708 0.920955 0.938082 1.018177 1.083831 1.070825 0.960821 0.779987 
0.675356 0.474207 0.302338 0.178499 0.100012 0.041911 -0.005893 -0.010486 0.048951 0.111843 0.090860 -0.004653 -0.068541 -0.021513 0.131264 0.359368 0.642440 0.927237 1.116374 1.145339 1.052278 0.947972 0.921648 0.979935 1.060836 1.089452 1.024677 0.873490 
0.774800 0.571121 0.382269 0.234749 0.136707 0.069674 0.012608 -0.016193 0.018801 0.090881 0.110667 0.039150 -0.050461 -0.058245 0.045460 0.238445 0.500689 0.796796 1.041827 1.146110 1.100214 0.990377 0.924233 0.947964 1.026921 1.086818 1.067866 0.954952 
