0.000568 0.002777 0.009415 0.027686 0.069741 0.151406 0.285936 0.472820 0.562059 1.503933 1.990831 1.984881 1.863573 1.668154 1.581194 0.649827 0.146253 0.069580 0.031565 0.016836 0.013232 0.013006 0.012219 0.009761 0.006288 0.003076 0.001024 -0.000026 
0.000070 0.001119 0.004642 0.015577 0.043762 0.103966 0.212127 0.391584 0.410860 1.089868 1.808988 2.002276 1.933491 1.752306 1.730225 1.062036 0.344677 0.103084 0.047662 0.022810 0.014612 0.013189 0.012822 0.011117 0.007991 0.004537 0.001925 0.000294 
0.000023 0.000285 0.001954 0.007953 0.025667 0.067869 0.149134 0.321878 0.318755 0.745350 1.515157 1.938391 1.981933 1.823011 1.822029 1.402277 0.643886 0.200610 0.071552 0.033154 0.017864 0.013768 0.013172 0.012147 0.009595 0.006159 0.003108 0.000934 
0.000331 -0.000022 0.000578 0.003489 0.013749 0.041886 0.097067 0.257489 0.266602 0.489151 1.173575 1.774235 1.985470 1.882729 1.874866 1.654483 0.983692 0.382971 0.124748 0.049465 0.024109 0.015379 0.013524 0.012850 0.010982 0.007829 0.004524 0.001863 
0.000950 0.000036 -0.000011 0.001115 0.006385 0.024437 0.056321 0.196192 0.235366 0.320142 0.841833 1.522583 1.919100 1.922240 1.905363 1.820975 1.310329 0.640519 0.230992 0.080865 0.034709 0.018884 0.014304 0.013337 0.012076 0.009424 0.006096 0.003052 
0.001853 0.000384 -0.000134 0.000034 0.002152 0.013682 0.026881 0.138843 0.210079 0.223140 0.561105 1.217738 1.770014 1.923172 1.922240 1.916452 1.585548 0.942889 0.403331 0.142932 0.053996 0.025391 0.016142 0.013857 0.012881 0.010835 0.007725 0.004457 
0.003013 0.001000 0.000039 -0.000294 -0.000084 0.007708 0.007936 0.087953 0.181733 0.175996 0.352289 0.902466 1.543765 1.865854 1.923313 1.959985 1.789969 1.251330 0.638215 0.251699 0.090923 0.037274 0.019896 0.014836 0.013502 0.011991 0.009299 0.006008 
0.004387 0.001875 0.000441 -0.000195 -0.001136 0.004758 -0.002152 0.046224 0.147282 0.156111 0.217407 0.615987 1.263017 1.737889 1.897182 1.967485 1.921055 1.529959 0.916447 0.416739 0.157920 0.059564 0.027046 0.016900 0.014191 0.012894 0.010720 0.007616 
0.005912 0.002996 0.001058 0.000161 -0.001520 0.003411 -0.005608 0.015451 0.108282 0.145138 0.144599 0.385641 0.961022 1.539900 1.828659 1.946926 1.987353 1.753309 1.208978 0.636482 0.267271 0.100512 0.040508 0.021043 0.015369 0.013652 0.011923 0.009184 
0.007504 0.004332 0.001897 0.000708 -0.001506 0.002689 -0.004858 -0.004050 0.068863 0.131385 0.114671 0.223328 0.672894 1.286726 1.705591 1.897522 2.001448 1.909117 1.484664 0.897320 0.426570 0.170548 0.065443 0.029052 0.017712 0.014512 0.012914 0.010620 
0.009069 0.005826 0.002959 0.001430 -0.001200 0.002059 -0.002129 -0.013467 0.033706 0.110028 0.107356 0.126385 0.427578 1.004181 1.524525 1.812557 1.974017 1.996798 1.717252 1.176417 0.635104 0.279694 0.109406 0.044116 0.022364 0.015912 0.013800 0.011870 
0.010525 0.007400 0.004225 0.002332 -0.000621 0.001360 0.000859 -0.015112 0.006476 0.081741 0.105980 0.081600 0.242555 0.722912 1.293392 1.684363 1.910622 2.023199 1.889686 1.446895 0.882523 0.434259 0.181425 0.071319 0.031328 0.018596 0.014833 0.012944 
0.011822 0.008969 0.005652 0.003411 0.000239 0.000680 0.003043 -0.011821 -0.011028 0.050487 0.099938 0.070623 0.122153 0.471468 1.030591 1.509466 1.811703 1.997672 1.995102 1.683488 1.150195 0.633962 0.290001 0.117608 0.047916 0.023840 0.016480 0.013955 
0.012979 0.010453 0.007176 0.004648 0.001373 0.000219 0.004015 -0.006346 -0.019015 0.021237 0.085058 0.075175 0.059165 0.270584 0.761060 1.292108 1.675118 1.928254 2.035018 1.867005 1.414709 0.870545 0.440536 0.190967 0.077060 0.033789 0.019556 0.015168 
0.014116 0.011810 0.008721 0.006006 0.002746 0.000177 0.003887 -0.000877 -0.019295 -0.001835 0.062361 0.080882 0.038741 0.129993 0.510751 1.045089 1.499847 1.819983 2.015983 1.986547 1.652341 1.128357 0.632985 0.298794 0.125184 0.051795 0.025442 0.017088 
0.015518 0.013061 0.010219 0.007431 0.004289 0.000677 0.003091 0.003212 -0.014571 -0.016407 0.035972 0.079204 0.043138 0.048178 0.301174 0.787867 1.289296 1.675432 1.946162 2.039361 1.843166 1.386773 0.860524 0.445817 0.199461 0.082610 0.036368 0.020592 
0.017728 0.014338 0.011633 0.008869 0.005919 0.001730 0.002171 0.005389 -0.007673 -0.022266 0.010926 0.067501 0.056033 0.014664 0.145464 0.542679 1.052993 1.496790 1.832989 2.028936 1.973788 1.623701 1.109706 0.632126 0.306451 0.132209 0.055681 0.027142 
0.021682 0.015947 0.012993 0.010275 0.007549 0.003245 0.001603 0.005815 -0.000951 -0.020943 -0.008593 0.047719 0.065504 0.013827 0.046762 0.329934 0.806151 1.288341 1.682421 1.962349 2.038229 1.819233 1.362151 0.851928 0.450359 0.207116 0.087946 0.039021 
0.028901 0.018467 0.014440 0.011635 0.009109 0.005065 0.001692 0.005081 0.004086 -0.014989 -0.020263 0.024379 0.065294 0.029089 -0.000985 0.164217 0.567296 1.058260 1.499650 1.847891 2.037149 1.958492 1.597335 1.093458 0.631353 0.313228 0.138750 0.059535 
0.041693 0.022883 0.016301 0.013002 0.010562 0.007003 0.002533 0.003935 0.006843 -0.007177 -0.023865 0.002524 0.054477 0.046425 -0.010358 0.051882 0.354771 0.818975 1.290599 1.693643 1.976009 2.033133 1.795753 1.340175 0.844408 0.454335 0.214082 0.093070 
0.063311 0.030760 0.019182 0.014545 0.011922 0.008896 0.004034 0.003046 0.007505 0.000167 -0.020906 -0.013866 0.036001 0.056542 0.003156 -0.009319 0.183162 0.585945 1.063359 1.507206 1.862982 2.041384 1.941718 1.572988 1.079080 0.630644 0.319303 0.144872 
0.097965 0.044414 0.024103 0.016611 0.013284 0.010639 0.005981 0.002859 0.006750 0.005553 -0.013884 -0.022740 0.014733 0.055513 0.024735 -0.028701 0.060634 0.375225 0.828848 1.296291 1.707265 1.986941 2.025184 1.773000 1.320350 0.837725 0.457860 0.220478 
0.150602 0.067034 0.032656 0.019837 0.014862 0.012213 0.008118 0.003543 0.005441 0.008431 -0.005488 -0.024103 -0.004417 0.044067 0.042956 -0.019829 -0.012191 0.200550 0.600309 1.069628 1.518191 1.877283 2.042366 1.924150 1.550422 1.066192 0.629982 0.324811 
0.226376 0.102669 0.047150 0.025266 0.017059 0.013718 0.010225 0.005022 0.004355 0.009050 0.002059 -0.019583 -0.017859 0.026025 0.051221 0.002761 -0.041648 0.070802 0.391734 0.837563 1.305093 1.721988 1.995237 2.015197 1.751099 1.302305 0.831707 0.461026 
0.329833 0.155999 0.070705 0.034498 0.020554 0.015407 0.012185 0.007056 0.004018 0.008163 0.007385 -0.011683 -0.023991 0.006419 0.047830 0.026484 -0.039051 -0.011483 0.215656 0.611936 1.077658 1.531496 1.890273 2.040725 1.906235 1.529427 1.054516 0.629363 
0.463886 0.231849 0.107216 0.049819 0.026426 0.017740 0.014035 0.009359 0.004639 0.006706 0.010061 -0.002994 -0.023177 -0.010162 0.034969 0.042681 -0.017921 -0.050213 0.080944 0.405116 0.846282 1.316460 1.736925 2.001116 2.003769 1.730094 1.285752 0.826236 
0.628772 0.334442 0.161128 0.074267 0.036284 0.021461 0.016009 0.011703 0.006151 0.005512 0.010434 0.004425 -0.017235 -0.020684 0.017081 0.047364 0.008841 -0.054498 -0.008761 0.228406 0.622073 1.087585 1.546227 1.901713 2.036984 1.888265 1.509820 1.043849 
0.821217 0.466480 0.236978 0.111588 0.052381 0.027701 0.018591 0.014011 0.008313 0.005136 0.009340 0.009386 -0.008682 -0.024111 -0.000866 0.040823 0.031205 -0.036463 -0.055559 0.090260 0.416259 0.855688 1.329800 1.751497 2.004847 1.991340 1.709983 1.270472 
