0.806832 1.002554 1.036798 0.931245 0.784502 0.709796 0.758024 0.884355 0.985167 0.854216 1.496159 1.747891 1.710719 1.796243 1.945811 2.169449 1.373622 0.796674 0.511798 0.249982 0.083184 0.015183 0.000623 -0.002589 0.008610 0.079924 0.254533 0.519275 
0.674533 0.924878 1.037151 0.989170 0.848868 0.731782 0.724147 0.824379 0.963731 0.823080 1.223963 1.658138 1.713968 1.745476 1.861768 2.185063 1.744176 1.048639 0.651353 0.369013 0.154234 0.042503 0.006485 -0.002784 -0.004504 0.031355 0.155962 0.384052 
0.534309 0.816964 1.001046 1.024701 0.916117 0.776644 0.714481 0.769373 0.929056 0.825713 1.019360 1.488344 1.689094 1.719124 1.777747 2.118938 1.996450 1.359126 0.835628 0.501738 0.248742 0.088904 0.021150 0.000906 -0.008342 0.002332 0.080723 0.262208 
0.396939 0.687958 0.929059 1.029403 0.974270 0.836717 0.730931 0.728828 0.882092 0.840261 0.888120 1.287381 1.610059 1.700535 1.713114 2.006303 2.122049 1.663560 1.073676 0.658571 0.363595 0.157313 0.049089 0.009654 -0.006208 -0.011469 0.028641 0.160138 
0.271762 0.548689 0.826103 0.998666 1.012139 0.901523 0.770863 0.710459 0.829847 0.849965 0.820265 1.097324 1.477745 1.665034 1.671748 1.881889 2.135955 1.909229 1.346771 0.851107 0.499996 0.248197 0.094602 0.026425 0.000398 -0.014510 -0.002838 0.081227 
0.165695 0.410164 0.700502 0.932270 1.020914 0.959336 0.827411 0.718187 0.782562 0.846134 0.796770 0.945874 1.311676 1.593961 1.642963 1.771328 2.069021 2.064558 1.619650 1.080870 0.663138 0.361821 0.160722 0.055244 0.012022 -0.010379 -0.017723 0.025886 
0.082708 0.282196 0.562654 0.834277 0.995370 0.998918 0.890536 0.751099 0.750475 0.828465 0.796644 0.844235 1.139215 1.481979 1.608542 1.685979 1.957944 2.121845 1.853838 1.335129 0.857452 0.499952 0.249319 0.100201 0.031030 -0.001060 -0.020420 -0.007944 
0.023777 0.172331 0.423530 0.712282 0.934516 1.011135 0.948609 0.803466 0.740960 0.803196 0.802628 0.789516 0.985752 1.337622 1.551401 1.622945 1.835470 2.093883 2.019180 1.589355 1.081269 0.665344 0.361946 0.164767 0.060981 0.013393 -0.014720 -0.023954 
-0.012691 0.085223 0.293236 0.576221 0.841601 0.990219 0.990199 0.865708 0.756620 0.779929 0.804480 0.769903 0.868179 1.178948 1.462291 1.569550 1.723471 2.006316 2.100922 1.814050 1.323791 0.859240 0.500368 0.251682 0.105849 0.034753 -0.003023 -0.026457 
-0.030093 0.022504 0.179858 0.436929 0.723506 0.934490 1.005768 0.926028 0.794615 0.768119 0.799595 0.770585 0.792480 1.026992 1.342630 1.510088 1.630395 1.888423 2.101304 1.982909 1.565707 1.078306 0.666031 0.363169 0.169423 0.066136 0.014072 -0.019390 
-0.032654 -0.016889 0.088717 0.304705 0.589667 0.846461 0.989006 0.972357 0.847207 0.774121 0.791418 0.778727 0.754955 0.899595 1.203333 1.432253 1.553026 1.765053 2.036273 2.079457 1.783083 1.312616 0.858492 0.500960 0.254989 0.111377 0.037779 -0.005504 
-0.024443 -0.036002 0.022116 0.188089 0.450707 0.732345 0.937633 0.994244 0.903274 0.799366 0.786518 0.786458 0.745789 0.807388 1.060817 1.331311 1.481233 1.651640 1.929167 2.100310 1.953032 1.545807 1.073480 0.665781 0.365180 0.174431 0.070788 0.014121 
-0.008537 -0.038932 -0.020425 0.093022 0.317020 0.601070 0.853573 0.984386 0.950376 0.839937 0.791343 0.791564 0.753340 0.752610 0.931969 1.211136 1.403711 1.553047 1.803702 2.054541 2.059164 1.757557 1.301565 0.856243 0.501749 0.258917 0.116738 0.040192 
0.013536 -0.029847 -0.041546 0.022480 0.197515 0.462988 0.742533 0.939583 0.976935 0.887426 0.809539 0.796259 0.767765 0.730464 0.829813 1.082376 1.312829 1.465714 1.678351 1.959899 2.095131 1.927659 1.528227 1.067550 0.665038 0.367751 0.179623 0.074987 
0.042003 -0.012116 -0.045162 -0.023409 0.098693 0.328493 0.613072 0.861020 0.974117 0.930728 0.840406 0.804801 0.783113 0.732033 0.760987 0.958859 1.207298 1.381802 1.563419 1.837414 2.065353 2.040390 1.735598 1.290618 0.853141 0.502750 0.263251 0.121907 
0.078732 0.012309 -0.035489 -0.046829 0.024179 0.206745 0.475362 0.753903 0.937129 0.958289 0.878728 0.820864 0.797631 0.747569 0.725395 0.853602 1.092320 1.293661 1.461063 1.706174 1.982996 2.087850 1.905518 1.512170 1.060994 0.664084 0.370731 0.184899 
0.126848 0.043192 -0.016147 -0.051453 -0.025270 0.104706 0.339813 0.626546 0.865774 0.960299 0.915796 0.845467 0.812601 0.769114 0.717685 0.775685 0.977633 1.197233 1.367649 1.579654 1.866081 2.071322 2.023061 1.716073 1.279799 0.849594 0.503967 0.267857 
0.190183 0.081981 0.010518 -0.041486 -0.051335 0.026577 0.215806 0.489118 0.764248 0.930415 0.941276 0.875948 0.830361 0.791850 0.729721 0.728691 0.874453 1.093581 1.277242 1.464349 1.733016 2.000389 2.079532 1.885728 1.497177 1.054124 0.663091 0.374024 
0.272649 0.131489 0.043817 -0.020753 -0.057381 -0.026294 0.110681 0.352235 0.640303 0.866745 0.945369 0.906145 0.852271 0.814058 0.753148 0.710857 0.792401 0.988450 1.184981 1.360600 1.598844 1.890231 2.074079 2.006973 1.698265 1.269148 0.845862 0.505405 
0.377577 0.195383 0.084766 0.008039 -0.047531 -0.055073 0.029121 0.225643 0.503972 0.772001 0.920788 0.927588 0.877250 0.836002 0.781276 0.716523 0.737316 0.890365 1.089330 1.264963 1.473079 1.757980 2.013524 2.070726 1.867670 1.482978 1.047151 0.662170 
0.507074 0.277533 0.135838 0.043758 -0.025750 -0.062769 -0.027017 0.117156 0.366095 0.652892 0.864143 0.931330 0.901283 0.858310 0.809892 0.738206 0.710387 0.808101 0.992764 1.173086 1.359423 1.619199 1.910545 2.074658 1.991903 1.681716 1.258709 0.842113 
0.661406 0.381323 0.200484 0.086976 0.004943 -0.053356 -0.058446 0.031974 0.236894 0.518937 0.776526 0.909891 0.917922 0.880477 0.837010 0.768566 0.708605 0.748376 0.900975 1.082173 1.257074 1.485365 1.780776 2.023460 2.061709 1.850912 1.469411 1.040216 
0.838470 0.508959 0.282487 0.139796 0.042993 -0.030858 -0.067840 -0.027548 0.124793 0.380972 0.663259 0.858875 0.919591 0.899953 0.861865 0.801727 0.726119 0.714387 0.821101 0.992361 1.162950 1.362830 1.639662 1.927672 2.073715 1.977648 1.666123 1.248515 
1.033426 0.660835 0.385250 0.205405 0.088525 0.001459 -0.059008 -0.061700 0.035643 0.249619 0.532950 0.777930 0.899277 0.912078 0.883665 0.833730 0.755939 0.705447 0.759675 0.906815 1.073994 1.253271 1.499848 1.801413 2.030957 2.052614 1.835146 1.456374 
1.238605 0.835004 0.511075 0.287457 0.143239 0.041667 -0.035996 -0.072859 -0.027608 0.133962 0.396078 0.670894 0.852172 0.910829 0.900562 0.862180 0.791422 0.717603 0.720947 0.830740 0.988892 1.155220 1.369686 1.659633 1.942171 2.071676 1.964043 1.651282 
1.443809 1.026846 0.660501 0.389341 0.210017 0.089464 -0.002265 -0.064691 -0.064773 0.040609 0.263433 0.545178 0.776860 0.890116 0.909210 0.885418 0.827183 0.744867 0.705969 0.769799 0.908794 1.066039 1.253018 1.515586 1.820031 2.036566 2.043501 1.820152 
1.637058 1.229000 0.831775 0.513441 0.292332 0.146138 0.039937 -0.041271 -0.077915 -0.026762 0.144655 0.410563 0.675823 0.845258 0.905024 0.901619 0.859311 0.780598 0.712577 0.728488 0.837015 0.983700 1.150080 1.379067 1.678797 1.954499 2.068819 1.950951 
1.805775 1.431675 1.020526 0.660455 0.393523 0.214236 0.089913 -0.006237 -0.070568 -0.067372 0.047135 0.277690 0.555171 0.774249 0.883037 0.908185 0.885016 0.818618 0.736096 0.708956 0.777982 0.907896 1.059064 1.255731 1.531936 1.836821 2.040682 2.034388 
