0.049142 0.031777 0.015564 0.005184 0.000946 0.000038 -0.000162 0.000538 -0.120005 0.640908 1.032587 1.049979 1.060991 1.060637 1.174142 0.406777 0.015564 0.005184 0.000946 0.000038 -0.000162 0.000538 0.004995 0.015908 0.032587 0.049979 0.060991 0.060637 
0.055624 0.040316 0.022942 0.009606 0.002648 0.000404 -0.000174 0.015343 -0.169915 0.306606 0.883533 1.042080 1.056906 1.046582 1.227499 0.743441 0.163567 0.009606 0.002648 0.000404 -0.000174 -0.000282 0.001960 0.009731 0.024158 0.042080 0.056906 0.062207 
0.060006 0.048228 0.031124 0.015477 0.005538 0.001318 -0.001897 0.032682 -0.160008 0.055795 0.647367 0.980772 1.052637 1.027839 1.220162 0.997447 0.400264 0.068211 0.005538 0.001318 0.000056 -0.000522 0.000148 0.005013 0.016508 0.033506 0.050684 0.061042 
0.061867 0.054783 0.039494 0.022587 0.009793 0.003302 -0.005014 0.043801 -0.114725 -0.099078 0.383852 0.846762 1.028787 1.013098 1.175880 1.155613 0.665714 0.200565 0.029568 0.003058 0.000601 -0.000389 -0.000711 0.001752 0.010073 0.024985 0.042947 0.057287 
0.061035 0.059350 0.047341 0.030526 0.015402 0.006776 -0.007997 0.045311 -0.057234 -0.165312 0.144889 0.650418 0.962489 0.998633 1.117370 1.224450 0.907570 0.396371 0.097006 0.013306 0.001646 0.000023 -0.000898 -0.000212 0.005088 0.017147 0.034419 0.051337 
0.057609 0.061483 0.053946 0.038722 0.022152 0.011857 -0.009121 0.038138 -0.005270 -0.163558 -0.034627 0.421836 0.840944 0.970237 1.059459 1.223905 1.090300 0.625491 0.219730 0.046151 0.006222 0.000747 -0.000639 -0.001132 0.001593 0.010466 0.025827 0.043781 
0.051939 0.060972 0.058675 0.046502 0.029652 0.018340 -0.007162 0.025842 0.030794 -0.120316 -0.140034 0.198274 0.667617 0.910599 1.005445 1.178939 1.198503 0.850515 0.393588 0.116234 0.021880 0.002973 -0.000058 -0.001288 -0.000538 0.005219 0.017823 0.035320 
0.044577 0.057872 0.061058 0.053173 0.037385 0.025770 -0.001724 0.012847 0.047826 -0.061185 -0.174928 0.012740 0.461240 0.807625 0.948191 1.111433 1.234665 1.038126 0.599605 0.232036 0.059626 0.010442 0.001233 -0.000920 -0.001538 0.001485 0.010909 0.026681 
0.036204 0.052488 0.060849 0.058104 0.044758 0.033562 0.006765 0.003010 0.048335 -0.006088 -0.155733 -0.113698 0.249755 0.660160 0.875074 1.034813 1.213020 1.166643 0.809996 0.391426 0.130428 0.030037 0.004955 -0.000035 -0.001684 -0.000827 0.005403 0.018529 
0.027541 0.045337 0.058057 0.060802 0.051162 0.041110 0.017283 -0.001247 0.038141 0.033026 -0.104871 -0.174893 0.062159 0.479394 0.774514 0.952635 1.151990 1.228616 0.996060 0.581014 0.240851 0.070819 0.014985 0.002042 -0.001173 -0.001927 0.001426 0.011398 
0.019263 0.037073 0.052944 0.060977 0.056033 0.047858 0.028535 0.000778 0.024010 0.052182 -0.044406 -0.178266 -0.078890 0.286041 0.641579 0.860920 1.067653 1.228950 1.135149 0.779177 0.389666 0.141560 0.037540 0.007298 0.000127 -0.002064 -0.001078 0.005641 
0.011928 0.028410 0.045988 0.058583 0.058909 0.053339 0.039250 0.008283 0.011776 0.053691 0.008546 -0.140491 -0.161772 0.104750 0.480834 0.752825 0.969966 1.180189 1.214821 0.961355 0.566746 0.247602 0.080328 0.019535 0.003090 -0.001366 -0.002287 0.001418 
0.005927 0.020032 0.037822 0.053819 0.059483 0.057189 0.048405 0.019459 0.005227 0.043616 0.044105 -0.081942 -0.187107 -0.042206 0.305804 0.623686 0.862261 1.097027 1.233517 1.105731 0.754617 0.388191 0.150655 0.044388 0.009814 0.000420 -0.002405 -0.001285 
0.001459 0.012519 0.029151 0.047112 0.057646 0.059147 0.055317 0.032093 0.005765 0.029159 0.059677 -0.021528 -0.165782 -0.140045 0.135565 0.474658 0.743449 0.991928 1.198307 1.197540 0.932089 0.555293 0.253014 0.088560 0.023953 0.004296 -0.001485 -0.002606 
-0.001448 0.006293 0.020669 0.039060 0.053508 0.059063 0.059656 0.044093 0.012714 0.016571 0.058384 0.026956 -0.114904 -0.184148 -0.010176 0.313899 0.611593 0.872951 1.121010 1.231009 1.078732 0.734376 0.386925 0.158306 0.050638 0.012390 0.000823 -0.002694 
-0.002883 0.001593 0.012979 0.030358 0.047396 0.056906 0.061379 0.053851 0.023999 0.009898 0.046633 0.056474 -0.053051 -0.179928 -0.115925 0.155159 0.467288 0.743935 1.014238 1.208794 1.178881 0.906941 0.545797 0.257497 0.095794 0.028179 0.005600 -0.001531 
-0.002935 -0.001509 0.006537 0.021711 0.039818 0.052780 0.060643 0.060406 0.036956 0.010594 0.031627 0.066474 0.003880 -0.140350 -0.173812 0.014487 0.315659 0.606404 0.888555 1.139575 1.224091 1.054061 0.717263 0.385822 0.164885 0.056357 0.014959 0.001312 
-0.001521 -0.003050 0.001623 0.013757 0.031407 0.046936 0.057724 0.063426 0.049045 0.017851 0.019384 0.061231 0.045381 -0.082081 -0.184801 -0.093772 0.166376 0.462106 0.751371 1.034878 1.213651 1.159922 0.884993 0.537730 0.261302 0.102230 0.032189 0.006960 
0.001851 -0.003060 -0.001646 0.007001 0.022847 0.039764 0.052966 0.063085 0.058337 0.029357 0.013578 0.047519 0.067258 -0.021442 -0.157659 -0.160426 0.031855 0.315049 0.607458 0.906216 1.153327 1.214437 1.031499 0.702507 0.384847 0.170637 0.061608 0.017481 
0.008326 -0.001396 -0.003257 0.001777 0.014790 0.031770 0.046750 0.059884 0.063740 0.042197 0.015253 0.032324 0.070943 0.028847 -0.106232 -0.183424 -0.075650 0.172300 0.460460 0.763293 1.053022 1.214388 1.141225 0.865586 0.530745 0.264594 0.108010 0.035982 
0.019912 0.002483 -0.003188 -0.001737 0.007788 0.023530 0.039491 0.054477 0.064987 0.053644 0.023223 0.021095 0.061723 0.061518 -0.045928 -0.167948 -0.147059 0.043299 0.314546 0.613515 0.924203 1.163021 1.203116 1.010806 0.689580 0.383974 0.175732 0.066450 
0.039543 0.009728 -0.001243 -0.003472 0.002248 0.015632 0.031633 0.047543 0.062464 0.061700 0.034897 0.016814 0.046513 0.075026 0.009617 -0.124802 -0.178687 -0.061991 0.175457 0.462565 0.777842 1.068452 1.212119 1.123075 0.848240 0.524606 0.267483 0.113248 
0.070909 0.022280 0.003150 -0.003351 -0.001570 0.008613 0.023643 0.039712 0.056964 0.065337 0.047208 0.019883 0.031812 0.072510 0.050947 -0.067660 -0.173067 -0.135433 0.050526 0.315490 0.623287 0.941515 1.169374 1.190821 0.991758 0.678109 0.383184 0.180299 
0.118009 0.042907 0.011136 -0.001136 -0.003511 0.002915 0.015998 0.031530 0.049448 0.064463 0.057422 0.028639 0.022251 0.059943 0.073859 -0.010006 -0.138244 -0.172791 -0.052330 0.177654 0.468085 0.793697 1.081246 1.207661 1.105612 0.832593 0.519142 0.270055 
0.184414 0.075042 0.024584 0.003763 -0.003424 -0.001130 0.009151 0.023466 0.040852 0.059713 0.063660 0.040231 0.019935 0.044069 0.079124 0.037473 -0.085836 -0.174893 -0.126250 0.055106 0.318472 0.635649 0.957614 1.173012 1.178008 0.974157 0.667822 0.382468 
0.272356 0.122363 0.046108 0.012469 -0.001015 -0.003275 0.003506 0.015924 0.031974 0.052146 0.065109 0.051554 0.024529 0.030637 0.071185 0.068506 -0.028463 -0.147577 -0.167161 -0.045823 0.180062 0.476462 0.809952 1.091613 1.201616 1.088893 0.818367 0.514232 
0.381809 0.188142 0.078909 0.026769 0.004324 -0.003275 -0.000589 0.009261 0.023434 0.042961 0.061942 0.060015 0.033900 0.023278 0.056314 0.081631 0.022790 -0.100461 -0.174984 -0.119561 0.058305 0.323626 0.649686 0.972240 1.174455 1.164980 0.957831 0.658517 
0.509783 0.274421 0.126389 0.049127 0.013691 -0.000761 -0.002828 0.003796 0.015678 0.033266 0.055065 0.064002 0.045021 0.023132 0.040761 0.079493 0.060262 -0.044927 -0.153966 -0.162578 -0.041559 0.183373 0.487094 0.826005 1.099809 1.194427 1.072926 0.805349 
