0.000012 -0.000003 0.000266 -0.123285 0.630951 1.015745 1.036571 1.078647 1.156947 1.410770 0.842050 0.678155 0.870250 0.984741 0.981815 0.862517 0.668074 0.457173 0.278001 0.152584 0.078466 0.040470 0.022377 0.013067 0.007235 0.003316 0.001078 0.000195 
0.000082 -0.000031 0.015609 -0.171233 0.300013 0.868844 1.023502 1.053081 1.095857 1.386677 1.075807 0.715604 0.783903 0.942172 0.997824 0.931559 0.767353 0.558657 0.360868 0.208880 0.111010 0.056980 0.030326 0.017287 0.009912 0.005065 0.002027 0.000549 
0.000271 -0.001944 0.033100 -0.160073 0.052192 0.636200 0.961808 1.036642 1.043463 1.316478 1.237408 0.842143 0.738507 0.875865 0.985238 0.976934 0.855017 0.661642 0.454038 0.278109 0.154465 0.080573 0.041951 0.023098 0.013283 0.007263 0.003351 0.001162 
0.000882 -0.005493 0.044105 -0.114166 -0.100408 0.376496 0.830351 1.007727 1.006778 1.223981 1.316468 1.003322 0.760201 0.810684 0.945261 0.995288 0.924908 0.760108 0.553880 0.359538 0.210068 0.113110 0.058791 0.031395 0.017716 0.010009 0.005092 0.002094 
0.002133 -0.009302 0.045289 -0.056534 -0.165181 0.140925 0.637983 0.941329 0.979984 1.130969 1.320928 1.151142 0.845061 0.774931 0.888541 0.985325 0.971900 0.847686 0.655508 0.451100 0.278239 0.156259 0.082585 0.043378 0.023809 0.013514 0.007311 0.003370 
0.004027 -0.011838 0.037545 -0.004770 -0.162702 -0.035997 0.413668 0.822743 0.946615 1.050605 1.270917 1.253072 0.968607 0.787028 0.833839 0.950709 0.992461 0.918289 0.753126 0.549361 0.358309 0.211211 0.115114 0.060527 0.032434 0.018150 0.010130 0.005002 
0.006375 -0.012062 0.024316 0.030840 -0.119315 -0.139719 0.193910 0.653856 0.887164 0.984069 1.190531 1.295322 1.097979 0.849269 0.801676 0.901664 0.986076 0.966749 0.840533 0.649654 0.448341 0.278385 0.157974 0.084509 0.044755 0.024509 0.013778 0.007047 
0.008932 -0.009695 0.009859 0.047163 -0.060456 -0.173771 0.011305 0.452212 0.787560 0.921922 1.100009 1.280693 1.203071 0.948484 0.807025 0.853617 0.956837 0.989773 0.911724 0.746398 0.545078 0.357170 0.212311 0.117027 0.062193 0.033443 0.018644 0.009655 
0.011531 -0.005154 -0.002137 0.046626 -0.005935 -0.154413 -0.113212 0.244954 0.645010 0.849276 1.010641 1.222639 1.264003 1.061637 0.854248 0.823243 0.914013 0.987179 0.961658 0.833560 0.644061 0.445743 0.278543 0.159613 0.086350 0.046074 0.025317 0.013116 
0.014211 0.000726 -0.009364 0.034910 0.032335 -0.103884 -0.173433 0.060635 0.469455 0.752505 0.923629 1.137969 1.273787 1.163448 0.935895 0.823523 0.870828 0.962931 0.987241 0.905284 0.739913 0.541012 0.356110 0.213370 0.118858 0.063772 0.034626 0.017890 
0.017276 0.007044 -0.011114 0.018629 0.050328 -0.044108 -0.176610 -0.078243 0.280766 0.624971 0.832665 1.040615 1.236648 1.233269 1.035273 0.859750 0.841576 0.925354 0.988369 0.956689 0.826790 0.638713 0.443290 0.278711 0.161185 0.088072 0.047648 0.024626 
0.021311 0.013151 -0.008023 0.003513 0.050246 0.007869 -0.139218 -0.160007 0.103112 0.469933 0.728786 0.938129 1.163558 1.259286 1.131462 0.927843 0.837919 0.886060 0.968699 0.984807 0.899012 0.733670 0.537146 0.355119 0.214397 0.120543 0.065685 0.034178 
0.027156 0.018858 -0.001525 -0.006655 0.038018 0.042146 -0.081462 -0.185101 -0.041410 0.300018 0.605548 0.831447 1.067056 1.239366 1.204848 1.015440 0.865623 0.857678 0.935696 0.989490 0.951853 0.820238 0.633596 0.440970 0.278899 0.162595 0.090195 0.047601 
0.035860 0.024518 0.006760 -0.010315 0.020750 0.056049 -0.022154 -0.164198 -0.137973 0.133791 0.462737 0.717284 0.957164 1.179064 1.241468 1.105196 0.922797 0.850905 0.899715 0.974022 0.982419 0.892924 0.727665 0.533463 0.354214 0.215259 0.122669 0.066129 
0.048629 0.030991 0.015553 -0.007795 0.004688 0.052587 0.024928 -0.114209 -0.181778 -0.009238 0.307564 0.591844 0.839472 1.088051 1.235101 1.179098 1.000183 0.871763 0.872122 0.945107 0.990457 0.947142 0.813912 0.628695 0.438802 0.278941 0.164458 0.091115 
0.066766 0.039535 0.024261 -0.000600 -0.005980 0.038083 0.052692 -0.053587 -0.178007 -0.113541 0.153228 0.454286 0.715539 0.976453 1.186958 1.222463 1.083329 0.919876 0.862865 0.912069 0.978865 0.980039 0.887026 0.721888 0.529994 0.353199 0.216557 0.123930 
0.091606 0.051656 0.033096 0.009396 -0.009470 0.019733 0.060498 0.001820 -0.139408 -0.171062 0.015558 0.308732 0.584955 0.852297 1.103580 1.226540 1.155936 0.988297 0.878093 0.885268 0.953670 0.991225 0.942548 0.807802 0.624054 0.436578 0.279376 0.165810 
0.124427 0.068957 0.043019 0.020642 -0.006046 0.003686 0.052546 0.041478 -0.082491 -0.182519 -0.091071 0.164264 0.447953 0.720633 0.993979 1.189256 1.203367 1.064937 0.918523 0.874027 0.923325 0.983227 0.977645 0.881300 0.716394 0.526531 0.352522 0.217673 
0.166328 0.093001 0.055543 0.032369 0.002745 -0.006071 0.035607 0.061125 -0.023499 -0.156439 -0.157281 0.033052 0.307485 0.584210 0.867064 1.114263 1.215379 1.135150 0.978990 0.884551 0.897351 0.961461 0.991781 0.938042 0.801966 0.619481 0.434632 0.279897 
0.218082 0.125181 0.072486 0.044762 0.014956 -0.007975 0.016788 0.062133 0.024852 -0.106481 -0.180757 -0.072627 0.169982 0.445081 0.730094 1.008924 1.187489 1.184756 1.049355 0.918366 0.884537 0.933630 0.987129 0.975204 0.875806 0.711019 0.523292 0.352119 
0.279959 0.166606 0.095712 0.058884 0.029000 -0.002471 0.001834 0.049789 0.055250 -0.047947 -0.166420 -0.143502 0.044616 0.306292 0.588361 0.882042 1.120869 1.202706 1.116504 0.971715 0.891086 0.908532 0.968557 0.992101 0.933678 0.796280 0.615086 0.433064 
0.351542 0.217975 0.126901 0.076430 0.044140 0.008793 -0.005775 0.031123 0.066101 0.005561 -0.124857 -0.175611 -0.058638 0.172905 0.445875 0.742058 1.021079 1.182792 1.166929 1.036090 0.919141 0.894487 0.943105 0.990574 0.972761 0.870453 0.705787 0.520460 
0.431582 0.279447 0.167362 0.099393 0.060668 0.023869 -0.004924 0.012914 0.060552 0.044566 -0.069606 -0.171200 -0.131446 0.051956 0.306488 0.596112 0.896232 1.124133 1.189232 1.099773 0.966079 0.897655 0.918939 0.975000 0.992230 0.929402 0.790703 0.611072 
0.517908 0.350508 0.217890 0.129722 0.079789 0.041268 0.003643 0.000270 0.044686 0.064832 -0.014092 -0.138072 -0.169279 -0.048636 0.174836 0.449988 0.755199 1.030533 1.176003 1.150032 1.024767 0.920653 0.903950 0.951824 0.993622 0.970300 0.865169 0.700870 
0.607444 0.429860 0.278643 0.169027 0.103329 0.060416 0.018174 -0.004017 0.025512 0.067143 0.031002 -0.087679 -0.172656 -0.121811 0.056640 0.308654 0.606329 0.909099 1.124698 1.175429 1.084756 0.961784 0.904230 0.928646 0.980863 0.992187 0.925130 0.785352 
0.696357 0.515356 0.349051 0.218345 0.133330 0.081789 0.036789 0.000614 0.009235 0.056049 0.059390 -0.032551 -0.147145 -0.163184 -0.041781 0.176940 0.456854 0.768610 1.037507 1.167739 1.134130 1.015093 0.922761 0.912963 0.959866 0.996323 0.967749 0.860008 
0.780351 0.604020 0.427754 0.277987 0.171653 0.106742 0.058186 0.013102 0.000150 0.038076 0.069630 0.016251 -0.102168 -0.172345 -0.114648 0.059930 0.312917 0.618090 0.920392 1.123103 1.161613 1.071273 0.958610 0.910774 0.937720 0.986223 0.991932 0.920867 
0.855086 0.692177 0.512575 0.347441 0.219642 0.137153 0.082030 0.031627 0.000266 0.019910 0.064469 0.051070 -0.048988 -0.153241 -0.158106 -0.037160 0.179900 0.465862 0.781689 1.042273 1.158464 1.119233 1.006838 0.925344 0.921553 0.967321 0.998674 0.965081 
