0.049146 0.031807 0.015724 0.005912 0.003754 0.009347 0.026537 0.067137 0.149965 0.291972 0.493359 0.725060 0.930217 1.045191 1.030949 0.894326 0.683532 0.461370 0.275804 0.146185 0.068432 0.028961 0.015394 0.019268 0.033545 0.050220 0.061045 0.060645 
0.055626 0.040319 0.022982 0.009861 0.003864 0.005101 0.015016 0.041559 0.101153 0.213545 0.388876 0.612528 0.838911 1.003856 1.053368 0.971909 0.790350 0.567877 0.361594 0.204512 0.102523 0.045458 0.019997 0.016030 0.026107 0.042614 0.057035 0.062233 
0.060017 0.048227 0.031123 0.015531 0.005958 0.003398 0.007980 0.024156 0.064756 0.149482 0.295171 0.500360 0.733399 0.935813 1.044983 1.025151 0.886244 0.677089 0.458585 0.276166 0.147902 0.070040 0.030041 0.016259 0.020265 0.034621 0.050978 0.061109 
0.061900 0.054786 0.039486 0.022575 0.009868 0.003785 0.004239 0.013015 0.038940 0.099499 0.214889 0.394284 0.620708 0.846261 1.006523 1.049952 0.964478 0.782835 0.563327 0.360606 0.205734 0.104238 0.046764 0.020926 0.016968 0.027193 0.043578 0.057447 
0.061120 0.059366 0.047337 0.030505 0.015393 0.006010 0.002972 0.006483 0.021648 0.062366 0.149193 0.298708 0.507605 0.741646 0.940997 1.044350 1.019236 0.878390 0.670982 0.455986 0.276498 0.149483 0.071546 0.031110 0.017174 0.021310 0.035700 0.051689 
0.057802 0.061527 0.053952 0.038706 0.022233 0.009908 0.003672 0.003271 0.010872 0.036243 0.097944 0.216528 0.400014 0.628962 0.853321 1.008732 1.046260 0.957133 0.775635 0.559045 0.359683 0.206856 0.105827 0.048016 0.021883 0.017961 0.028305 0.044514 
0.052354 0.061077 0.058699 0.046482 0.029951 0.015310 0.006061 0.002471 0.004850 0.019016 0.059983 0.149123 0.302588 0.515061 0.749760 0.945762 1.043328 1.013243 0.870770 0.665187 0.453547 0.276795 0.150939 0.072961 0.032173 0.018138 0.022400 0.036775 
0.045421 0.058103 0.061118 0.053130 0.037980 0.021956 0.009978 0.003520 0.002187 0.008583 0.033478 0.096512 0.218479 0.406046 0.637248 0.860065 1.010501 1.042334 0.949896 0.768736 0.555006 0.358809 0.207882 0.107302 0.049223 0.022869 0.019005 0.029437 
0.037842 0.052971 0.060986 0.058019 0.045665 0.029463 0.015277 0.006108 0.001888 0.003073 0.016263 0.057629 0.149296 0.306809 0.522695 0.757704 0.950109 1.041951 1.007205 0.863387 0.659679 0.451248 0.277052 0.152279 0.074297 0.033235 0.019150 0.023527 
0.030582 0.046295 0.058351 0.060676 0.052323 0.037312 0.021743 0.010074 0.003322 0.000980 0.006146 0.030658 0.095232 0.220756 0.412361 0.645525 0.866477 1.011854 1.038212 0.942782 0.762123 0.551184 0.357972 0.208817 0.108673 0.050394 0.023884 0.020096 
0.024686 0.038896 0.053539 0.060848 0.057332 0.044887 0.029040 0.015294 0.006147 0.001212 0.001145 0.013394 0.055326 0.149733 0.311364 0.530470 0.765448 0.954042 1.040256 1.001151 0.856238 0.654438 0.449071 0.277268 0.153512 0.075562 0.034299 0.020206 
0.021230 0.031737 0.047135 0.058547 0.060206 0.051535 0.036700 0.021592 0.010194 0.003071 -0.000361 0.003559 0.027801 0.094127 0.223364 0.418933 0.653757 0.872543 1.012814 1.033929 0.935805 0.755784 0.547559 0.357164 0.209664 0.109951 0.051534 0.024931 
0.021304 0.025872 0.039934 0.054060 0.060668 0.056641 0.044152 0.028682 0.015358 0.006171 0.000436 -0.000941 0.010419 0.053100 0.150454 0.316242 0.538350 0.772964 0.957573 1.038277 0.995104 0.849320 0.649443 0.447000 0.277441 0.154646 0.076766 0.035370 
0.026008 0.022401 0.032895 0.047937 0.058693 0.059712 0.050769 0.036149 0.021503 0.010333 0.002759 -0.001845 0.000824 0.024925 0.093223 0.226308 0.425732 0.661907 0.878257 1.013409 1.029517 0.928974 0.749702 0.544111 0.356375 0.210429 0.111145 0.052652 
0.036450 0.022442 0.027080 0.040951 0.054532 0.060448 0.055950 0.043462 0.028392 0.015469 0.006175 -0.000452 -0.003189 0.007350 0.050976 0.151473 0.321426 0.546298 0.780232 0.960714 1.036045 0.989086 0.842628 0.644675 0.445019 0.277569 0.155688 0.077917 
0.053751 0.027115 0.023606 0.034052 0.048700 0.058792 0.059198 0.050029 0.035658 0.021477 0.010488 0.002375 -0.003480 -0.002055 0.022054 0.092542 0.229585 0.432729 0.669946 0.883617 1.013665 1.025003 0.922294 0.743864 0.540821 0.355598 0.211115 0.112265 
0.079023 0.037542 0.023617 0.028304 0.041945 0.054957 0.060191 0.055263 0.042820 0.028168 0.015623 0.006150 -0.001463 -0.005603 0.004202 0.048979 0.152801 0.326898 0.554281 0.787234 0.963480 1.033590 0.983114 0.836156 0.640115 0.443117 0.277652 0.156648 
0.113318 0.054838 0.028253 0.024841 0.035204 0.049423 0.058844 0.058667 0.049318 0.035231 0.021512 0.010654 0.001910 -0.005276 -0.005072 0.019210 0.092105 0.233189 0.439893 0.677846 0.888624 1.013608 1.020412 0.915770 0.738255 0.537674 0.354827 0.211728 
0.157531 0.080091 0.038649 0.024825 0.029540 0.042913 0.055334 0.059902 0.054584 0.042228 0.028014 0.015819 0.006087 -0.002607 -0.008184 0.000992 0.047134 0.154444 0.332635 0.562267 0.793959 0.965889 1.030941 0.977200 0.829896 0.635748 0.441282 0.277691 
0.212271 0.114312 0.055918 0.029420 0.026100 0.036346 0.050105 0.058854 0.058123 0.048639 0.034869 0.021608 0.010823 0.001350 -0.007240 -0.008217 0.016417 0.091929 0.237110 0.447193 0.685583 0.893284 1.013264 1.015766 0.909403 0.732862 0.534656 0.354058 
0.277686 0.158346 0.081128 0.039771 0.026064 0.030784 0.043852 0.055664 0.059583 0.053917 0.041690 0.027929 0.016051 0.005976 -0.003896 -0.010929 -0.002260 0.045465 0.156406 0.338613 0.570224 0.800398 0.967958 1.028123 0.971357 0.823840 0.631558 0.439505 
0.353286 0.212751 0.115254 0.056993 0.030615 0.027381 0.037475 0.050745 0.058821 0.057570 0.047995 0.034574 0.021765 0.010988 0.000685 -0.009376 -0.011476 0.013700 0.092027 0.241334 0.454598 0.693138 0.897603 1.012657 1.011084 0.903195 0.727670 0.531752 
0.437778 0.277638 0.159098 0.082138 0.040911 0.027332 0.032031 0.044759 0.055949 0.059236 0.053263 0.041208 0.027915 0.016318 0.005806 -0.005340 -0.013836 -0.005532 0.043991 0.158686 0.344807 0.578128 0.806547 0.969708 1.025160 0.965594 0.817982 0.627530 
0.528952 0.352508 0.213170 0.116152 0.058069 0.031836 0.028677 0.038587 0.051342 0.058750 0.057010 0.047390 0.034350 0.021981 0.011141 -0.000098 -0.011688 -0.014836 0.011083 0.092411 0.245846 0.462080 0.700494 0.901591 1.011811 1.006382 0.897143 0.722668 
0.623651 0.436092 0.277549 0.159794 0.083129 0.042068 0.028623 0.033276 0.045633 0.056189 0.058865 0.052628 0.040786 0.027974 0.016611 0.005565 -0.006948 -0.016895 -0.008802 0.042733 0.161279 0.351191 0.585952 0.812402 0.971158 1.022073 0.959917 0.812311 
0.717843 0.526244 0.351722 0.213535 0.117011 0.059147 0.033084 0.029987 0.039679 0.051896 0.058641 0.056447 0.046828 0.034199 0.022253 0.011272 -0.001012 -0.014177 -0.018279 0.008589 0.093085 0.250629 0.469610 0.707639 0.905260 1.010749 1.001676 0.891245 
0.806819 0.619909 0.434441 0.277421 0.160441 0.084104 0.043244 0.029937 0.034518 0.046472 0.056386 0.058472 0.052014 0.040428 0.028105 0.016925 0.005240 -0.008727 -0.020099 -0.012048 0.041706 0.164177 0.357738 0.593676 0.817966 0.972325 1.018883 0.954332 
0.885500 0.713184 0.523619 0.350926 0.213850 0.117837 0.060230 0.034354 0.031306 0.040750 0.052407 0.058497 0.055884 0.046313 0.034124 0.022578 0.011368 -0.002068 -0.016841 -0.021787 0.006239 0.094055 0.255661 0.477163 0.714562 0.908621 1.009492 0.996978 
