0.799664 0.975855 0.970199 0.661275 1.133438 1.249024 1.082943 1.015129 1.000613 1.122409 0.383610 0.079924 0.254533 0.521385 0.799664 0.975855 0.970199 0.786275 0.508438 0.249024 0.082943 0.015129 0.000613 -0.002591 0.008610 0.079924 0.254533 0.521385 
0.673285 0.910491 1.010936 0.718101 0.941929 1.226439 1.153700 1.042374 0.990832 1.169085 0.698620 0.171980 0.155698 0.386530 0.673285 0.910491 0.995311 0.889976 0.645054 0.367064 0.153700 0.042374 0.006457 -0.002790 -0.004505 0.031355 0.155698 0.386530 
0.536102 0.808983 1.009873 0.799936 0.822430 1.128840 1.194893 1.090564 0.987878 1.161048 0.940875 0.371505 0.132950 0.264124 0.536102 0.810936 0.976670 0.960092 0.771649 0.497981 0.247627 0.088611 0.021082 0.000892 -0.008344 0.002365 0.080215 0.264124 
0.400000 0.681541 0.960781 0.875850 0.775693 1.005680 1.183164 1.142523 1.004739 1.123631 1.094611 0.614838 0.206011 0.180936 0.399756 0.687156 0.916592 0.989864 0.876523 0.631901 0.361387 0.156683 0.048929 0.009618 -0.006219 -0.011383 0.028033 0.161161 
0.275242 0.541058 0.866683 0.920219 0.784504 0.897249 1.121688 1.174986 1.041546 1.082674 1.165465 0.845856 0.362456 0.162987 0.281773 0.550702 0.821395 0.976555 0.949604 0.757448 0.488418 0.246916 0.094250 0.026339 0.000365 -0.014373 -0.003389 0.081383 
0.169318 0.400674 0.737881 0.917107 0.821304 0.826915 1.030861 1.171679 1.086445 1.056903 1.174370 1.026135 0.568665 0.222939 0.203612 0.416017 0.700490 0.921739 0.983730 0.863135 0.619492 0.356563 0.159989 0.055052 0.011948 -0.010219 -0.018105 0.025361 
0.086415 0.271765 0.589025 0.861873 0.856529 0.799318 0.936779 1.129527 1.122101 1.053298 1.148849 1.138907 0.783431 0.355002 0.184309 0.300806 0.566156 0.831021 0.975557 0.938814 0.743724 0.479733 0.246821 0.099792 0.030883 -0.000921 -0.020581 -0.008933 
0.027490 0.162601 0.435947 0.760223 0.865684 0.803589 0.861137 1.058175 1.133486 1.067155 1.114260 1.187069 0.970288 0.537000 0.233757 0.223951 0.433542 0.713630 0.925949 0.976979 0.849882 0.607843 0.352542 0.163541 0.060699 0.013463 -0.014664 -0.025220 
-0.009165 0.077766 0.292907 0.625437 0.833898 0.819681 0.814927 0.974872 1.113536 1.086141 1.087494 1.186863 1.105742 0.737388 0.348699 0.201429 0.319934 0.582057 0.839951 0.973730 0.927798 0.730521 0.471905 0.247272 0.105169 0.034692 -0.002797 -0.027850 
-0.027038 0.018275 0.170663 0.474681 0.757502 0.825607 0.796717 0.897560 1.064961 1.096245 1.074566 1.159740 1.182207 0.924107 0.512866 0.241842 0.242730 0.451524 0.726518 0.929304 0.969682 0.836827 0.596965 0.349272 0.167268 0.065807 0.014393 -0.020791 
-0.030359 -0.017766 0.075515 0.325321 0.642931 0.803679 0.794945 0.838818 0.998275 1.087223 1.072049 1.124992 1.206044 1.072300 0.700960 0.343365 0.216298 0.338852 0.598047 0.848212 0.971147 0.916630 0.717875 0.464907 0.248202 0.110282 0.038071 -0.006816 
-0.023105 -0.034149 0.009309 0.191943 0.503734 0.744490 0.792736 0.802434 0.927360 1.055765 1.071121 1.095006 1.192368 1.168872 0.884911 0.493347 0.248629 0.260495 0.469578 0.739033 0.931861 0.961919 0.824029 0.586858 0.346706 0.171028 0.070761 0.012960 
-0.008200 -0.035440 -0.029817 0.084481 0.356718 0.648176 0.773432 0.783182 0.864462 1.005693 1.062377 1.073879 1.158794 1.213178 1.040342 0.670773 0.338915 0.229909 0.357490 0.613884 0.855794 0.967883 0.905384 0.705816 0.458723 0.249441 0.115586 0.039143 
0.012959 -0.025928 -0.046213 0.007590 0.218197 0.523222 0.725242 0.769365 0.816328 0.945646 1.039683 1.058952 1.120153 1.214388 1.151351 0.850844 0.476987 0.254839 0.277598 0.487498 0.751067 0.933662 0.953767 0.811541 0.577543 0.344653 0.175337 0.073727 
0.040608 -0.008810 -0.045331 -0.038912 0.101091 0.383585 0.643969 0.746949 0.782552 0.885397 1.002010 1.044076 1.085423 1.186930 1.212554 1.010266 0.644952 0.335300 0.242826 0.375839 0.629404 0.862676 0.964006 0.894125 0.694404 0.453152 0.251532 0.119427 
0.076342 0.014287 -0.032438 -0.058820 0.013278 0.245102 0.533453 0.703881 0.756345 0.832254 0.953022 1.023133 1.057229 1.145662 1.228231 1.131788 0.820651 0.462978 0.260877 0.294264 0.505158 0.762532 0.934742 0.945296 0.799456 0.568824 0.343652 0.178819 
0.122528 0.043398 -0.011618 -0.057939 -0.042736 0.122124 0.404018 0.633412 0.727183 0.788692 0.898970 0.992579 1.033389 1.102179 1.209323 1.206846 0.982037 0.622369 0.332492 0.255382 0.393901 0.644491 0.868844 0.959568 0.882975 0.683457 0.448696 0.253441 
0.181512 0.079949 0.014803 -0.042469 -0.069045 0.025065 0.269633 0.535668 0.684330 0.751841 0.845915 0.952375 1.009487 1.062990 1.169453 1.235876 1.111299 0.793479 0.450834 0.266983 0.310633 0.522475 0.773371 0.935121 0.936637 0.787621 0.561138 0.343026 
0.254775 0.126178 0.046392 -0.017670 -0.070843 -0.040797 0.144666 0.417322 0.620143 0.714765 0.797330 0.905313 0.981382 1.029618 1.121226 1.226540 1.197743 0.955492 0.602307 0.330471 0.267784 0.411672 0.659067 0.874275 0.954696 0.871813 0.673333 0.445007 
0.342186 0.184375 0.084319 0.013000 -0.054659 -0.075247 0.041035 0.289723 0.532257 0.668961 0.752870 0.855311 0.946827 1.000078 1.073709 1.190647 1.238823 1.090484 0.768731 0.440246 0.273305 0.326790 0.539393 0.783520 0.934898 0.927704 0.776304 0.554409 
0.441496 0.256061 0.130755 0.048202 -0.026713 -0.082062 -0.033657 0.166149 0.424219 0.607209 0.708599 0.805456 0.905852 0.970905 1.031480 1.140773 1.239299 1.186330 0.930449 0.584295 0.329222 0.280158 0.429151 0.673050 0.879031 0.949327 0.860816 0.664147 
0.548170 0.341263 0.188064 0.088524 0.008299 -0.067357 -0.076784 0.058963 0.304569 0.525914 0.658471 0.756585 0.860072 0.938938 0.995103 1.087473 1.208973 1.238179 1.069674 0.745987 0.431008 0.279933 0.342791 0.555840 0.793001 0.934029 0.918591 0.765729 
0.655618 0.438003 0.257956 0.135880 0.047840 -0.037807 -0.090217 -0.022643 0.184798 0.426340 0.596498 0.706857 0.811406 0.902343 0.962495 1.037646 1.159760 1.248290 1.173324 0.906742 0.568009 0.328729 0.292588 0.446302 0.686437 0.883074 0.943488 0.850247 
0.755806 0.542114 0.340733 0.192663 0.091561 0.000862 -0.079010 -0.073914 0.076815 0.314492 0.518894 0.652403 0.760833 0.860722 0.930544 0.994201 1.102901 1.224462 1.234759 1.049052 0.724944 0.422976 0.286927 0.358642 0.571807 0.801783 0.932488 0.909541 
0.840168 0.647421 0.434760 0.260827 0.140812 0.044858 -0.049696 -0.094666 -0.009418 0.199813 0.425554 0.588784 0.707686 0.814536 0.896404 0.956742 1.046943 1.177589 1.254111 1.159205 0.884230 0.553221 0.328981 0.305103 0.463123 0.699204 0.886342 0.937363 
0.900710 0.746284 0.536249 0.341054 0.197812 0.092660 -0.008617 -0.088458 -0.067540 0.093134 0.320498 0.512710 0.649741 0.764234 0.858161 0.922840 0.996787 1.119032 1.237278 1.229167 1.028722 0.705379 0.416055 0.294305 0.374355 0.587281 0.809787 0.930379 
0.931139 0.830448 0.639412 0.432158 0.264672 0.144751 0.039342 -0.061132 -0.095468 0.004461 0.211210 0.423501 0.584043 0.709558 0.814854 0.889342 0.953776 1.058409 1.193950 1.257264 1.144307 0.862798 0.539771 0.329955 0.317721 0.479621 0.711273 0.888866 
0.927873 0.892087 0.736957 0.530814 0.342469 0.202897 0.091430 -0.019162 -0.095084 -0.058856 0.107142 0.323824 0.508150 0.649328 0.766057 0.853355 0.916534 1.002229 1.135208 1.247641 1.221855 1.008743 0.687133 0.410165 0.302071 0.389952 0.602205 0.816985 
