0.000568 0.002777 0.009415 0.027686 0.069741 0.151406 0.285936 0.472820 0.687059 0.878933 0.990831 0.984881 0.863573 0.668154 0.456194 0.274827 0.146253 0.069580 0.031565 0.016836 0.013232 0.013006 0.012219 0.009761 0.006288 0.003076 0.001024 -0.000026 
0.000070 0.001119 0.004642 0.015577 0.043762 0.103966 0.212127 0.375959 0.582735 0.792993 0.949613 1.002276 0.933491 0.767931 0.558350 0.358911 0.204052 0.103084 0.047662 0.022810 0.014612 0.013189 0.012822 0.011117 0.007991 0.004537 0.001925 0.000294 
0.000023 0.000285 0.001954 0.007953 0.025667 0.067869 0.151087 0.288675 0.478912 0.694569 0.884297 0.991125 0.979980 0.856214 0.661873 0.453058 0.274745 0.147875 0.071552 0.033154 0.017864 0.013768 0.013172 0.012147 0.009595 0.006159 0.003108 0.000934 
0.000331 -0.000022 0.000578 0.003489 0.013749 0.041641 0.102682 0.213300 0.380616 0.589981 0.799796 0.952458 0.999631 0.926919 0.760853 0.553653 0.357472 0.204992 0.104973 0.049465 0.024109 0.015379 0.013524 0.012850 0.010982 0.007829 0.004524 0.001863 
0.000950 0.000036 -0.000011 0.001115 0.006415 0.023552 0.065965 0.150904 0.291702 0.485242 0.702032 0.889313 0.991030 0.974944 0.849027 0.655875 0.450099 0.274674 0.149419 0.073450 0.034709 0.018884 0.014304 0.013337 0.012076 0.009424 0.006096 0.003052 
0.001853 0.000384 -0.000134 0.000030 0.002285 0.011824 0.039442 0.101452 0.214710 0.385566 0.597326 0.806368 0.954897 0.996716 0.920390 0.754029 0.549194 0.356116 0.205886 0.106781 0.051215 0.025391 0.016142 0.013857 0.012881 0.010835 0.007725 0.004457 
0.003013 0.001000 0.000040 -0.000313 0.000247 0.004795 0.021334 0.064041 0.150881 0.295025 0.491786 0.709411 0.893971 0.990574 0.969807 0.842019 0.650142 0.447299 0.274610 0.150891 0.075280 0.036231 0.019896 0.014836 0.013502 0.011991 0.009299 0.006008 
0.004387 0.001875 0.000444 -0.000251 -0.000531 0.001022 0.009794 0.037171 0.100298 0.216376 0.390797 0.604732 0.812686 0.956944 0.993569 0.913924 0.747451 0.544951 0.354833 0.206737 0.108515 0.052916 0.026655 0.016900 0.014191 0.012894 0.010720 0.007616 
0.005912 0.002996 0.001067 0.000045 -0.000620 -0.000657 0.003082 0.019014 0.062116 0.151044 0.298647 0.498512 0.716671 0.898269 0.989790 0.964600 0.835191 0.644653 0.444639 0.274551 0.152298 0.077049 0.037722 0.020897 0.015369 0.013652 0.011923 0.009184 
0.007504 0.004330 0.001918 0.000511 -0.000367 -0.001111 -0.000311 0.007652 0.034836 0.099245 0.218313 0.396293 0.612161 0.818730 0.958618 0.990222 0.907537 0.741107 0.540906 0.353615 0.207549 0.110183 0.054573 0.027897 0.017657 0.014512 0.012914 0.010620 
0.009069 0.005822 0.002999 0.001149 0.000056 -0.000931 -0.001607 0.001267 0.016591 0.060209 0.151415 0.302567 0.505390 0.723780 0.902210 0.988707 0.959348 0.828543 0.639392 0.442108 0.274495 0.153646 0.078761 0.039180 0.021890 0.015891 0.013800 0.011870 
0.010525 0.007393 0.004289 0.001979 0.000589 -0.000477 -0.001713 -0.001726 0.005392 0.032451 0.098319 0.220532 0.402032 0.619580 0.824487 0.959940 0.986708 0.901239 0.734984 0.537041 0.352456 0.208325 0.111791 0.056184 0.029124 0.018402 0.014826 0.012944 
0.011824 0.008955 0.005741 0.003019 0.001243 0.000077 -0.001248 -0.002611 -0.000659 0.014071 0.058342 0.152015 0.306776 0.512386 0.730715 0.905799 0.987354 0.954071 0.822073 0.634343 0.439691 0.274441 0.154942 0.080419 0.040612 0.022870 0.016402 0.013952 
0.012980 0.010433 0.007287 0.004262 0.002055 0.000680 -0.000580 -0.002343 -0.003232 0.003013 0.030031 0.097542 0.223039 0.407992 0.626956 0.829948 0.960931 0.983052 0.895038 0.729073 0.533342 0.351347 0.209069 0.113341 0.057757 0.030332 0.019134 0.015137 
0.014107 0.011781 0.008845 0.005672 0.003054 0.001353 0.000113 -0.001571 -0.003680 -0.002706 0.011460 0.056538 0.152859 0.311264 0.519471 0.737453 0.909047 0.985758 0.948789 0.815776 0.629491 0.437380 0.274390 0.156187 0.082029 0.042016 0.023833 0.016905 
0.015447 0.013021 0.010343 0.007189 0.004249 0.002146 0.000788 -0.000676 -0.003011 -0.004842 0.000513 0.027594 0.096938 0.225836 0.414145 0.634261 0.835111 0.961613 0.979279 0.888942 0.723362 0.529795 0.350286 0.209783 0.114840 0.059294 0.031517 0.019853 
0.017403 0.014265 0.011741 0.008739 0.005614 0.003104 0.001481 0.000165 -0.001906 -0.004825 -0.004880 0.008771 0.054822 0.153961 0.316015 0.526611 0.743979 0.911966 0.983946 0.943516 0.809650 0.624821 0.435165 0.274339 0.157387 0.083596 0.043392 0.024778 
0.020560 0.015757 0.013063 0.010256 0.007100 0.004248 0.002254 0.000917 -0.000765 -0.003723 -0.006566 -0.002105 0.025160 0.096527 0.228920 0.420466 0.641468 0.839973 0.962008 0.975411 0.882953 0.717839 0.526389 0.349268 0.210468 0.116293 0.060795 0.032680 
0.025705 0.017895 0.014424 0.011703 0.008640 0.005567 0.003169 0.001629 0.000236 -0.002259 -0.006057 -0.007186 0.006015 0.053215 0.155329 0.321011 0.533779 0.750280 0.914569 0.981942 0.938264 0.803688 0.620323 0.433039 0.274290 0.158546 0.085121 0.044738 
0.033819 0.021258 0.016066 0.013106 0.010172 0.007019 0.004261 0.002380 0.001070 -0.000848 -0.004492 -0.008413 -0.004835 0.022751 0.096326 0.232285 0.426929 0.648556 0.844539 0.962137 0.971465 0.877075 0.712496 0.523114 0.348289 0.211128 0.117703 0.062261 
0.046055 0.026617 0.018383 0.014583 0.011667 0.008546 0.005530 0.003249 0.001801 0.000326 -0.002635 -0.007390 -0.009625 0.003209 0.051741 0.156970 0.326234 0.540948 0.756346 0.916872 0.979766 0.933044 0.797885 0.615985 0.430993 0.274241 0.159668 0.086607 
0.063691 0.034936 0.021946 0.016373 0.013150 0.010093 0.006946 0.004286 0.002529 0.001250 -0.000930 -0.005327 -0.010391 -0.007670 0.020388 0.096351 0.235920 0.433505 0.655506 0.848813 0.962021 0.967459 0.871307 0.707322 0.519959 0.347345 0.211766 0.119074 
0.088054 0.047343 0.027514 0.018865 0.014741 0.011633 0.008459 0.005503 0.003347 0.002002 0.000437 -0.003046 -0.008832 -0.012198 0.000371 0.050418 0.158884 0.331661 0.548092 0.762171 0.918888 0.977439 0.927862 0.792237 0.611797 0.429023 0.274194 0.160756 
0.120406 0.065088 0.036031 0.022624 0.016676 0.013195 0.010019 0.006881 0.004324 0.002702 0.001459 -0.001016 -0.006242 -0.012507 -0.010598 0.018092 0.096612 0.239816 0.440170 0.662302 0.852800 0.961679 0.963407 0.865651 0.702309 0.516917 0.346435 0.212383 
0.161812 0.089465 0.048603 0.028395 0.019342 0.014898 0.011602 0.008377 0.005486 0.003466 0.002234 0.000565 -0.003499 -0.010396 -0.014900 -0.002482 0.049267 0.161070 0.337271 0.555190 0.767754 0.920634 0.974978 0.922727 0.786736 0.607749 0.427122 0.274150 
0.212982 0.121703 0.066452 0.037105 0.023292 0.016976 0.013241 0.009948 0.006822 0.004377 0.002905 0.001699 -0.001113 -0.007246 -0.014763 -0.013607 0.015886 0.097119 0.243956 0.446900 0.668932 0.856511 0.961131 0.959320 0.860106 0.697447 0.513979 0.345556 
0.274108 0.162839 0.090840 0.049837 0.029261 0.019811 0.015053 0.011574 0.008300 0.005478 0.003608 0.002503 0.000708 -0.004007 -0.012089 -0.017727 -0.005328 0.048302 0.163524 0.343042 0.562223 0.773091 0.922124 0.972401 0.917644 0.781378 0.603832 0.425286 
0.344708 0.213565 0.122965 0.067785 0.038158 0.023950 0.017273 0.013288 0.009881 0.006770 0.004447 0.003141 0.001971 -0.001228 -0.008353 -0.017163 -0.016682 0.013788 0.097876 0.248325 0.453672 0.675387 0.859952 0.960392 0.955211 0.854671 0.692730 0.511138 
