-0.000026 0.000086 0.000799 0.002545 0.005214 0.007997 0.009759 0.009702 0.007863 -0.119916 0.627490 1.000829 1.000151 1.000006 0.999974 1.125086 0.375799 0.002545 0.005214 0.007997 0.009759 0.009702 0.007863 0.005084 0.002490 0.000829 0.000151 0.000006 
-0.000028 -0.000045 0.000314 0.001557 0.003865 0.006733 0.009105 0.009953 0.024525 -0.165424 0.300546 0.860912 1.000424 1.000065 0.984347 1.171830 0.703439 0.142182 0.003865 0.006733 0.009105 0.009953 0.008900 0.006451 0.003671 0.001537 0.000424 0.000065 
0.000009 -0.000083 0.000024 0.000802 0.002641 0.005361 0.008109 0.007814 0.042804 -0.152440 0.055761 0.633336 0.948152 1.002164 0.966806 1.160073 0.949242 0.369943 0.055376 0.005361 0.008109 0.009767 0.009601 0.007716 0.004980 0.002476 0.000886 0.000211 
0.000096 -0.000062 -0.000114 0.000280 0.001612 0.003998 0.007116 0.003551 0.054088 -0.105248 -0.094511 0.377393 0.823344 0.986329 0.955907 1.113951 1.100716 0.626501 0.179590 0.023773 0.006872 0.009166 0.009899 0.008765 0.006319 0.003614 0.001567 0.000489 
0.000263 0.000004 -0.000144 -0.000034 0.000814 0.002713 0.006392 -0.001430 0.055054 -0.046839 -0.157526 0.144685 0.635739 0.929013 0.947560 1.056339 1.164956 0.860196 0.366659 0.084317 0.012923 0.008214 0.009766 0.009496 0.007574 0.004884 0.002469 0.000943 
0.000551 0.000119 -0.000102 -0.000181 0.000259 0.001541 0.005990 -0.005557 0.046609 0.005206 -0.153795 -0.030026 0.414935 0.816717 0.927007 1.001970 1.162320 1.036173 0.587028 0.199120 0.040284 0.009786 0.009217 0.009837 0.008631 0.006195 0.003566 0.001600 
0.000998 0.000309 -0.000009 -0.000206 -0.000066 0.000504 0.005765 -0.007748 0.032222 0.040607 -0.109640 -0.132059 0.197852 0.652262 0.876278 0.953815 1.117957 1.139621 0.803946 0.364440 0.103660 0.021294 0.009353 0.009756 0.009388 0.007437 0.004797 0.002468 
0.001635 0.000607 0.000135 -0.000150 -0.000190 -0.000368 0.005481 -0.007676 0.016185 0.056244 -0.050495 -0.164891 0.017334 0.453857 0.782580 0.904221 1.053696 1.173457 0.984762 0.561852 0.211748 0.053674 0.013781 0.009651 0.009770 0.008499 0.006078 0.003525 
0.002473 0.001052 0.000347 -0.000038 -0.000153 -0.001032 0.004933 -0.005725 0.002230 0.054564 0.003831 -0.144771 -0.105566 0.249070 0.644104 0.839921 0.982672 1.152133 1.108387 0.764206 0.362796 0.117938 0.029257 0.011184 0.009884 0.009278 0.007305 0.004719 
0.003493 0.001673 0.000660 0.000121 -0.000000 -0.001448 0.004028 -0.002723 -0.007295 0.041281 0.041432 -0.093945 -0.164597 0.066703 0.471489 0.748646 0.907958 1.094054 1.167814 0.943450 0.543932 0.220845 0.064771 0.018124 0.010447 0.009752 0.008368 0.005970 
0.004649 0.002482 0.001107 0.000338 0.000226 -0.001590 0.002818 0.000380 -0.011652 0.023046 0.058297 -0.034348 -0.167015 -0.070633 0.285049 0.624798 0.824954 1.015048 1.168199 1.077526 0.734137 0.361512 0.129130 0.036576 0.013413 0.010186 0.009187 0.007179 
0.005869 0.003466 0.001719 0.000640 0.000495 -0.001460 0.001470 0.002799 -0.011477 0.005628 0.056658 0.016978 -0.129313 -0.151237 0.109200 0.472373 0.726134 0.924619 1.122102 1.154452 0.909486 0.530294 0.227842 0.074179 0.022503 0.011521 0.009812 0.008248 
0.007061 0.004586 0.002509 0.001063 0.000794 -0.001093 0.000205 0.004085 -0.008262 -0.007166 0.042482 0.050144 -0.071713 -0.175570 -0.033860 0.304463 0.606163 0.825501 1.044002 1.172942 1.048748 0.710298 0.360470 0.138263 0.043254 0.015853 0.010649 0.009132 
0.008147 0.005774 0.003468 0.001639 0.001131 -0.000548 -0.000766 0.004174 -0.003769 -0.013783 0.022906 0.062503 -0.013035 -0.154337 -0.129292 0.139879 0.465608 0.715937 0.945947 1.140113 1.137627 0.880945 0.519431 0.233466 0.082308 0.026779 0.012790 0.009960 
0.009124 0.006952 0.004562 0.002388 0.001531 0.000109 -0.001302 0.003314 0.000461 -0.014614 0.004198 0.057096 0.032955 -0.104479 -0.172330 -0.001776 0.312168 0.593312 0.835422 1.067612 1.170644 1.022390 0.690744 0.359598 0.145933 0.049351 0.018389 0.011247 
0.010191 0.008065 0.005730 0.003310 0.002030 0.000819 -0.001350 0.001940 0.003415 -0.011312 -0.009468 0.040277 0.059187 -0.044460 -0.168205 -0.104977 0.159296 0.457620 0.715607 0.967661 1.150539 1.119441 0.856505 0.510486 0.238130 0.089439 0.030892 0.014191 
0.011957 0.009154 0.006908 0.004378 0.002662 0.001544 -0.000948 0.000522 0.004703 -0.006020 -0.016378 0.019259 0.065052 0.009876 -0.129705 -0.161722 0.022903 0.313500 0.587355 0.850281 1.085847 1.163970 0.998358 0.674287 0.358850 0.152517 0.054935 0.020954 
0.015681 0.010486 0.008067 0.005541 0.003445 0.002275 -0.000197 -0.000552 0.004475 -0.000704 -0.016948 0.000171 0.054777 0.048014 -0.073360 -0.172793 -0.082656 0.170294 0.451794 0.722238 0.987745 1.155375 1.100971 0.835244 0.502931 0.242089 0.095776 0.034822 
0.023508 0.012737 0.009290 0.006750 0.004377 0.003022 0.000774 -0.001047 0.003237 0.003269 -0.012997 -0.013074 0.035145 0.065722 -0.015415 -0.146773 -0.148076 0.040251 0.312426 0.587633 0.867226 1.099314 1.154589 0.976431 0.660153 0.358194 0.158263 0.060072 
0.038566 0.017207 0.010900 0.007999 0.005436 0.003811 0.001845 -0.000900 0.001627 0.005290 -0.006887 -0.019073 0.013240 0.064398 0.031431 -0.097351 -0.171128 -0.064394 0.175959 0.449481 0.733368 1.005372 1.156130 1.082775 0.816502 0.496420 0.245511 0.101464 
0.064823 0.026005 0.013628 0.009407 0.006600 0.004667 0.002926 -0.000186 0.000221 0.005439 -0.000798 -0.018542 -0.005272 0.049335 0.059891 -0.039836 -0.156804 -0.134463 0.051637 0.311425 0.592910 0.884525 1.108765 1.143567 0.956365 0.647815 0.357608 0.163344 
0.106620 0.042109 0.018797 0.011341 0.007895 0.005609 0.003967 0.000930 -0.000584 0.004262 0.003759 -0.013547 -0.017074 0.027538 0.068398 0.012183 -0.115733 -0.166103 -0.050624 0.178819 0.450901 0.747139 1.020325 1.153917 1.065134 0.799797 0.490718 0.248508 
0.167892 0.069215 0.028471 0.014567 0.009473 0.006672 0.004963 0.002258 -0.000622 0.002507 0.006111 -0.006616 -0.021328 0.005701 0.060102 0.049253 -0.061468 -0.161649 -0.122609 0.058767 0.311840 0.601902 0.901182 1.114918 1.131595 0.937933 0.636899 0.357073 
0.251169 0.111312 0.045488 0.020418 0.011733 0.007936 0.005942 0.003632 0.000067 0.000884 0.006350 -0.000005 -0.019189 -0.011235 0.041058 0.067162 -0.007425 -0.128962 -0.159921 -0.040883 0.180680 0.455719 0.762235 1.032682 1.149549 1.048186 0.784765 0.485655 
0.356584 0.171986 0.073305 0.030905 0.015465 0.009609 0.006978 0.004944 0.001302 -0.000106 0.005095 0.004777 -0.012990 -0.020755 0.018185 0.066696 0.035737 -0.079515 -0.163191 -0.113218 0.063214 0.314265 0.613485 0.916656 1.118394 1.119124 0.920936 0.627132 
0.481114 0.253546 0.115611 0.048735 0.021987 0.012134 0.008219 0.006162 0.002844 -0.000228 0.003184 0.007117 -0.005357 -0.022710 -0.002481 0.052374 0.061753 -0.025836 -0.138059 -0.154012 -0.034329 0.182718 0.463381 0.777750 1.042651 1.143624 1.031982 0.771127 
0.618315 0.356126 0.175696 0.077157 0.033249 0.016318 0.009944 0.007348 0.004472 0.000497 0.001413 0.007201 0.001490 -0.018731 -0.016924 0.030631 0.069185 0.021038 -0.093982 -0.162990 -0.106341 0.066242 0.318837 0.626749 0.930691 1.119714 1.106455 0.905200 
0.758671 0.477000 0.255674 0.119598 0.051831 0.023464 0.012659 0.008681 0.006047 0.001873 0.000346 0.005744 0.006159 -0.011374 -0.023546 0.007979 0.060746 0.053470 -0.042223 -0.144193 -0.149158 -0.030051 0.185625 0.473289 0.793085 1.050488 1.136584 1.016531 
