0.038777 0.079457 0.148073 0.275390 0.457853 0.671281 0.866800 0.984927 1.015649 0.788741 1.203026 1.594994 1.292391 1.181888 1.066646 1.135815 0.513181 -0.094503 0.022374 -0.002219 0.000523 0.003215 0.010003 0.020562 0.031749 0.038894 0.039807 0.028406 
0.029641 0.055938 0.108410 0.203817 0.360708 0.563181 0.775998 0.932011 1.038416 0.871650 0.928541 1.472226 1.480908 1.214347 1.102198 1.139322 0.895705 0.134458 -0.079694 0.032856 -0.007401 0.002485 0.005941 0.014951 0.026398 0.035849 0.041080 0.033758 
0.029205 0.039072 0.078338 0.149121 0.274883 0.457626 0.673705 0.856760 1.012709 0.968719 0.829300 1.203504 1.551959 1.349337 1.126233 1.123579 1.092752 0.513634 -0.053941 -0.024522 0.025598 -0.009523 0.005661 0.009541 0.020711 0.031402 0.039734 0.038598 
0.033340 0.030621 0.055181 0.108404 0.204390 0.359517 0.566563 0.766910 0.948913 1.023487 0.863044 0.966038 1.432445 1.498382 1.212338 1.100183 1.156775 0.855894 0.171940 -0.088279 0.017969 0.009504 -0.006550 0.009082 0.014228 0.026287 0.036272 0.040820 
0.038006 0.029672 0.039266 0.077650 0.149820 0.273830 0.460398 0.668090 0.862487 1.017084 0.946915 0.853976 1.200636 1.534110 1.365020 1.117560 1.139249 1.074876 0.510740 -0.029264 -0.046287 0.029984 -0.003725 -0.000139 0.012533 0.019524 0.031791 0.039895 
0.040430 0.033216 0.031192 0.054700 0.108607 0.203784 0.361243 0.564480 0.765513 0.958902 1.009258 0.864266 0.984312 1.414447 1.499529 1.216242 1.104081 1.157902 0.837867 0.190199 -0.087029 0.003757 0.019566 -0.008044 0.007017 0.016087 0.025264 0.036911 
0.040245 0.037512 0.030067 0.039281 0.077532 0.149398 0.274654 0.460704 0.664249 0.869606 1.014996 0.935292 0.869754 1.200236 1.521532 1.370234 1.121004 1.144449 1.062272 0.510314 -0.013476 -0.057893 0.027958 0.003380 -0.004063 0.013003 0.020125 0.031334 
0.036864 0.040365 0.033100 0.031508 0.054648 0.108210 0.203892 0.362602 0.561384 0.767391 0.964144 0.998246 0.866915 0.996455 1.403970 1.495321 1.221955 1.109786 1.153673 0.827359 0.202333 -0.084369 -0.007210 0.024850 -0.006256 0.003998 0.017437 0.025129 
0.030992 0.040256 0.037365 0.030190 0.039498 0.077250 0.148998 0.275980 0.459570 0.662464 0.875618 1.011242 0.928022 0.881178 1.201266 1.510850 1.371913 1.128281 1.146115 1.051561 0.511321 -0.002051 -0.065136 0.024266 0.009349 -0.005865 0.011959 0.021247 
0.025657 0.036532 0.040345 0.033041 0.031751 0.054673 0.107598 0.204562 0.363124 0.558680 0.770335 0.966819 0.989577 0.869614 1.005969 1.396634 1.489299 1.228129 1.115954 1.147629 0.819994 0.211837 -0.081660 -0.015822 0.027538 -0.003370 0.001368 0.017892 
0.022252 0.030985 0.040012 0.037343 0.030274 0.039753 0.076807 0.148902 0.277153 0.457902 0.662028 0.880392 1.007162 0.922909 0.890296 1.202885 1.501231 1.372238 1.136709 1.146426 1.041914 0.512919 0.007063 -0.070212 0.020235 0.014079 -0.006287 0.010327 
0.017686 0.026456 0.036227 0.040212 0.033064 0.031998 0.054594 0.107068 0.205443 0.363005 0.556624 0.773501 0.968069 0.982472 0.872189 1.014032 1.390808 1.482800 1.234259 1.122079 1.141107 0.814141 0.219885 -0.079071 -0.022870 0.028786 -0.000235 -0.000630 
0.008578 0.022950 0.031266 0.039658 0.037302 0.030437 0.039934 0.076312 0.149084 0.277988 0.456152 0.662403 0.884166 1.003131 0.919043 0.898057 1.204651 1.492402 1.372026 1.145278 1.146200 1.033058 0.514663 0.014820 -0.074034 0.016241 0.017819 -0.005887 
-0.002047 0.017067 0.027292 0.036065 0.039950 0.033151 0.032261 0.054389 0.106720 0.206324 0.362478 0.555168 0.776583 0.968470 0.976446 0.874668 1.021118 1.385803 1.476367 1.240149 1.127961 1.134653 0.809110 0.226953 -0.076571 -0.028844 0.029181 0.002833 
-0.005000 0.006914 0.023335 0.031735 0.039290 0.037203 0.030686 0.040016 0.075838 0.149454 0.278483 0.454509 0.663262 0.887172 0.999249 0.915998 0.904932 1.206350 1.484239 1.371618 1.153586 1.145776 1.024870 0.516336 0.021692 -0.077033 0.012387 0.020800 
0.005726 -0.002987 0.016212 0.028057 0.036055 0.039600 0.033272 0.032526 0.054095 0.106554 0.207109 0.361715 0.554205 0.779477 0.968328 0.971206 0.877096 1.027456 1.381300 1.470225 1.245725 1.133529 1.128490 0.804580 0.233273 -0.074119 -0.034036 0.029031 
0.023195 -0.003824 0.005412 0.023456 0.032303 0.038957 0.037049 0.030986 0.040016 0.075424 0.149927 0.278693 0.453042 0.664414 0.889582 0.995535 0.913554 0.911170 1.207887 1.476665 1.371162 1.161477 1.145305 1.017271 0.517847 0.027931 -0.079432 0.008694 
0.028510 0.008413 -0.003551 0.015236 0.028706 0.036168 0.039213 0.033402 0.032774 0.053761 0.106534 0.207764 0.360825 0.553632 0.782157 0.967812 0.966574 0.879500 1.033181 1.377138 1.464456 1.250971 1.138767 1.122700 0.800389 0.238979 -0.071687 -0.038626 
0.005160 0.025127 -0.002476 0.004095 0.023370 0.032904 0.038685 0.036862 0.031297 0.039960 0.075089 0.150438 0.278681 0.451768 0.665741 0.891520 0.991983 0.911578 0.916914 1.209227 1.469621 1.370723 1.168903 1.144851 1.010202 0.519159 0.033679 -0.081364 
-0.042730 0.027725 0.010891 -0.003819 0.014212 0.029227 0.036370 0.038830 0.033521 0.032994 0.053427 0.106621 0.208279 0.359883 0.553367 0.784625 0.967028 0.962433 0.881895 1.038379 1.373231 1.459081 1.255892 1.143680 1.117304 0.796454 0.244161 -0.069264 
-0.082916 0.001779 0.026682 -0.001029 0.002960 0.023129 0.033495 0.038482 0.036661 0.031590 0.039872 0.074836 0.150944 0.278499 0.450683 0.667172 0.893075 0.988585 0.909985 0.922253 1.210365 1.463057 1.370330 1.175861 1.144443 1.003611 0.520269 0.039023 
-0.066847 -0.046426 0.026744 0.013170 -0.003851 0.013187 0.029622 0.036632 0.038478 0.033617 0.033177 0.053122 0.106783 0.208661 0.358933 0.553345 0.786891 0.966045 0.958703 0.884283 1.043117 1.369532 1.454088 1.260507 1.148288 1.112291 0.792724 0.248885 
0.044023 -0.084152 -0.001456 0.027925 0.000469 0.002001 0.022772 0.034048 0.038350 0.036459 0.031844 0.039770 0.074663 0.151417 0.278191 0.449775 0.668659 0.894313 0.985334 0.908711 0.927245 1.211310 1.456928 1.369992 1.182374 1.144092 0.997454 0.521187 
0.253203 -0.064439 -0.049772 0.025616 0.015259 -0.003696 0.012189 0.029897 0.036930 0.038173 0.033685 0.033321 0.052861 0.106993 0.208918 0.358005 0.553517 0.788967 0.964911 0.955326 0.886663 1.047449 1.366008 1.449457 1.264837 1.152611 1.107639 0.789169 
0.521928 0.048718 -0.085118 -0.004552 0.028905 0.001985 0.001203 0.022332 0.034547 0.038285 0.036267 0.032049 0.039667 0.074564 0.151841 0.277790 0.449031 0.670170 0.895284 0.982221 0.907709 0.931931 1.212078 1.451194 1.369711 1.188469 1.143797 0.991693 
0.785770 0.257161 -0.062045 -0.052811 0.024377 0.017172 -0.003390 0.011237 0.030064 0.037248 0.037924 0.033723 0.033425 0.052652 0.107231 0.209064 0.357117 0.553845 0.790867 0.963663 0.952259 0.889030 1.051419 1.362641 1.445160 1.268903 1.156671 1.103321 
0.986290 0.522511 0.053140 -0.085855 -0.007514 0.029659 0.003499 0.000553 0.021830 0.034983 0.038282 0.036091 0.032201 0.039571 0.074531 0.152208 0.277322 0.448435 0.671682 0.896026 0.979242 0.906939 0.936345 1.212686 1.445820 1.369485 1.194180 1.143557 
1.099308 0.782514 0.260797 -0.059670 -0.055577 0.023054 0.018919 -0.002962 0.010340 0.030133 0.037573 0.037734 0.033730 0.033492 0.052499 0.107485 0.209110 0.356281 0.554300 0.792601 0.962327 0.949465 0.891379 1.055065 1.359415 1.441169 1.272728 1.160489 
