0.126553 0.157646 0.199540 0.324182 0.368609 1.172598 1.964481 1.962691 1.990367 1.853745 1.797204 1.014963 0.264920 0.275079 0.173465 0.115860 0.067090 0.030949 0.009790 0.001539 0.000060 0.000022 0.001323 0.008906 0.027783 0.057008 0.088997 0.104995 
0.114273 0.142408 0.167980 0.276337 0.295915 0.694563 1.647900 2.018627 1.975407 1.917318 1.872101 1.477616 0.561011 0.221909 0.244168 0.136702 0.091142 0.047125 0.018508 0.004386 0.000369 0.000010 0.000270 0.003936 0.016841 0.041240 0.074300 0.098003 
0.105337 0.129279 0.146476 0.228419 0.276731 0.409401 1.173029 1.921416 2.019586 1.934684 1.910694 1.754183 1.015448 0.305483 0.228163 0.201263 0.105808 0.069540 0.030514 0.009859 0.001531 0.000051 0.000015 0.001303 0.009000 0.027453 0.057851 0.087849 
0.096749 0.118409 0.132597 0.184908 0.261865 0.286982 0.732264 1.608036 2.036068 1.973351 1.915297 1.889586 1.437847 0.598510 0.213311 0.229258 0.153595 0.082102 0.050305 0.017688 0.004559 0.000334 0.000010 0.000234 0.004044 0.016572 0.041674 0.074212 
0.086216 0.108696 0.123682 0.151634 0.233232 0.254955 0.433959 1.170286 1.903470 2.035238 1.925978 1.926380 1.736349 1.012586 0.330160 0.206376 0.205631 0.111591 0.063780 0.033425 0.008838 0.001809 -0.000011 -0.000017 0.001388 0.008857 0.027510 0.058366 
0.072984 0.098503 0.116829 0.130735 0.194825 0.247999 0.288069 0.750563 1.590071 2.037126 1.977231 1.919181 1.890747 1.419860 0.616786 0.214547 0.215026 0.163632 0.080638 0.048196 0.019601 0.003621 0.000676 -0.000125 0.000299 0.004020 0.016401 0.042324 
0.057797 0.086570 0.109457 0.119862 0.158327 0.231403 0.243463 0.449620 1.169956 1.890853 2.040383 1.929407 1.931589 1.723788 1.012191 0.345948 0.194753 0.203575 0.118707 0.059847 0.033879 0.009570 0.001193 0.000268 -0.000130 0.001478 0.008617 0.027993 
0.042290 0.072593 0.099871 0.114126 0.132278 0.199959 0.237287 0.290675 0.762672 1.579637 2.032843 1.982900 1.924887 1.886547 1.409395 0.628935 0.217198 0.204030 0.168907 0.082436 0.045139 0.021036 0.003488 0.000424 0.000047 0.000277 0.003880 0.016608 
0.028198 0.057282 0.087511 0.108669 0.118118 0.163991 0.227816 0.236356 0.460955 1.171011 1.880159 2.041987 1.936666 1.933270 1.713117 1.013230 0.357375 0.187487 0.199861 0.124688 0.058020 0.032856 0.010779 0.000694 0.000277 0.000006 0.001331 0.008655 
0.016860 0.041968 0.072863 0.100382 0.111740 0.134972 0.202508 0.228869 0.293387 0.772133 1.572332 2.026766 1.989019 1.931057 1.880532 1.402071 0.638457 0.219895 0.195389 0.171594 0.085315 0.042491 0.021578 0.003979 -0.000055 0.000243 0.000256 0.003761 
0.008787 0.028156 0.057094 0.088367 0.107266 0.117735 0.168474 0.223845 0.231417 0.470011 1.172628 1.870539 2.042241 1.945068 1.933601 1.703508 1.014861 0.366492 0.182387 0.195814 0.129420 0.057571 0.031267 0.011838 0.000542 0.000067 0.000198 0.001172 
0.003715 0.016984 0.041676 0.073419 0.100239 0.109945 0.137948 0.203628 0.221975 0.296008 0.780139 1.566522 2.020226 1.995091 1.937182 1.874042 1.396257 0.646525 0.222470 0.188316 0.172841 0.088433 0.040492 0.021451 0.004720 -0.000461 0.000302 0.000279 
0.001116 0.008883 0.027995 0.057202 0.088935 0.105721 0.118168 0.172001 0.219885 0.227722 0.477735 1.174372 1.861710 2.041967 1.953604 1.933396 1.694690 1.016636 0.374252 0.178538 0.191808 0.133154 0.057950 0.029571 0.012565 0.000696 -0.000231 0.000323 
0.000342 0.003737 0.016960 0.041525 0.074032 0.099679 0.108707 0.140882 0.203902 0.216129 0.298556 0.787170 1.561520 2.013762 2.000921 1.943062 1.867622 1.391263 0.653612 0.224954 0.182321 0.173232 0.091481 0.039088 0.020899 0.005489 -0.000693 0.000211 
0.000351 0.001169 0.008906 0.027806 0.057512 0.089202 0.104239 0.119085 0.174796 0.216048 0.224845 0.484593 1.176039 1.853544 2.041504 1.961876 1.932994 1.686542 1.018342 0.381126 0.175516 0.187943 0.136123 0.058822 0.027963 0.012961 0.001054 -0.000533 
0.000012 0.000426 0.003801 0.016829 0.041527 0.074592 0.098877 0.107926 0.143658 0.203637 0.211043 0.301067 0.793460 1.557006 2.007592 2.006440 1.948624 1.861495 1.386772 0.659951 0.227391 0.177109 0.173075 0.094353 0.038170 0.020100 0.006182 -0.000749 
-0.000794 0.000297 0.001292 0.008866 0.027639 0.057936 0.089214 0.102899 0.120292 0.177024 0.212360 0.222559 0.490832 1.177536 1.845962 2.040998 1.969729 1.932542 1.678984 1.019884 0.387365 0.173095 0.184239 0.138502 0.059990 0.026517 0.013078 0.001527 
-0.000664 -0.000242 0.000509 0.003880 0.016642 0.041651 0.075056 0.097947 0.107507 0.146244 0.203006 0.206543 0.303564 0.799143 1.552825 2.001799 2.011633 1.953852 1.855742 1.382621 0.665674 0.229808 0.172501 0.172542 0.097019 0.037635 0.019169 0.006760 
0.002048 -0.000992 0.000187 0.001444 0.008784 0.027519 0.058406 0.089029 0.101726 0.121672 0.178805 0.208822 0.220734 0.496590 1.178834 1.838904 2.040516 1.977116 1.932106 1.671958 1.021227 0.393111 0.171143 0.180693 0.140414 0.061338 0.025253 0.012979 
0.007212 -0.000476 -0.000508 0.000577 0.003955 0.016443 0.041865 0.075407 0.096962 0.107371 0.148634 0.202115 0.202517 0.306056 0.804307 1.548891 1.996398 2.016504 1.958754 1.850382 1.378726 0.670871 0.232217 0.168382 0.171742 0.099480 0.037401 0.018180 
0.012718 0.002571 -0.001122 0.000044 0.001593 0.008680 0.027456 0.058879 0.088695 0.100721 0.123150 0.180222 0.205429 0.219282 0.501954 1.179929 1.832320 2.040082 1.984037 1.931714 1.665412 1.022368 0.398454 0.169573 0.177298 0.141948 0.062790 0.024170 
0.017182 0.007541 -0.000218 -0.000757 0.000619 0.004014 0.016260 0.042139 0.075647 0.095969 0.107459 0.150835 0.201032 0.198888 0.308545 0.809020 1.545158 1.991381 2.021073 1.963348 1.845404 1.375038 0.675609 0.234621 0.164670 0.170742 0.101744 0.037404 
0.023256 0.012337 0.003067 -0.001183 -0.000112 0.001716 0.008570 0.027452 0.059324 0.088252 0.099878 0.124679 0.181338 0.202176 0.218141 0.506979 1.180831 1.826166 2.039708 1.990513 1.931376 1.659300 1.023316 0.403452 0.168322 0.174046 0.143169 0.064297 
0.037596 0.016204 0.007755 0.000084 -0.000970 0.000631 0.004050 0.016112 0.042449 0.075781 0.094998 0.107724 0.152856 0.199807 0.195600 0.311026 0.813333 1.541596 1.986723 2.025360 1.967656 1.840787 1.371526 0.679941 0.237018 0.161308 0.169593 0.103822 
0.065828 0.022501 0.011868 0.003518 -0.001180 -0.000270 0.001802 0.008464 0.027505 0.059726 0.087730 0.099185 0.126228 0.182201 0.199058 0.217263 0.511707 1.181557 1.820403 2.039391 1.996573 1.931094 1.653583 1.024087 0.408145 0.167340 0.170932 0.144126 
0.105726 0.037940 0.015265 0.007865 0.000411 -0.001139 0.000613 0.004061 0.016007 0.042778 0.075818 0.094067 0.108131 0.154708 0.198474 0.192612 0.313494 0.817290 1.538188 1.982397 2.029386 1.971701 1.836503 1.368170 0.683913 0.239401 0.158253 0.168331 
0.144859 0.067358 0.021889 0.011337 0.003914 -0.001119 -0.000420 0.001846 0.008369 0.027610 0.060074 0.087153 0.098629 0.127772 0.182847 0.196072 0.216610 0.516166 1.182126 1.814995 2.039130 2.002249 1.930864 1.648226 1.024700 0.412566 0.166590 0.167951 
0.166984 0.107467 0.038405 0.014378 0.007881 0.000749 -0.001259 0.000565 0.004045 0.015950 0.043114 0.075768 0.093189 0.108653 0.156402 0.197061 0.189890 0.315943 0.820930 1.534920 1.978375 2.033173 1.975505 1.832524 1.364957 0.687562 0.241766 0.155470 
