0.261976 0.313216 0.340855 0.424908 0.422215 1.191315 1.967441 1.962707 1.989075 1.847812 1.789459 1.020360 0.305238 0.365171 0.308888 0.271429 0.208405 0.131675 0.063396 0.020255 0.003019 0.000038 0.000030 0.002973 0.020038 0.062404 0.129314 0.195087 
0.229012 0.292011 0.320603 0.399549 0.372545 0.728424 1.656500 2.019236 1.975118 1.913977 1.864166 1.473892 0.581225 0.286273 0.358907 0.286305 0.243765 0.170338 0.095138 0.038247 0.008968 0.000619 -0.000019 0.000595 0.008906 0.037516 0.094515 0.162367 
0.195433 0.264690 0.302027 0.369722 0.377461 0.463023 1.191763 1.924380 2.019591 1.933373 1.904749 1.746443 1.020862 0.345817 0.318259 0.336673 0.261359 0.210843 0.131243 0.063482 0.020264 0.003014 0.000019 -0.000007 0.003055 0.019713 0.063265 0.128183 
0.161124 0.233144 0.282182 0.337515 0.385073 0.363624 0.766143 1.616647 2.036673 1.973045 1.911939 1.881648 1.434135 0.618743 0.277686 0.343994 0.303180 0.234708 0.173513 0.094330 0.038438 0.008945 0.000615 -0.000072 0.000686 0.008634 0.037962 0.094445 
0.126567 0.198796 0.259080 0.307166 0.374523 0.355689 0.487599 1.189036 1.906438 2.035232 1.924649 1.920424 1.728613 1.018017 0.370511 0.296476 0.341030 0.267123 0.205072 0.134159 0.062477 0.020559 0.002957 -0.000024 0.000059 0.002901 0.019773 0.063796 
0.093236 0.162890 0.231560 0.280304 0.347415 0.371203 0.364722 0.784461 1.598693 2.037727 1.976909 1.915807 1.882804 1.416160 0.637037 0.278934 0.329757 0.313200 0.233228 0.171400 0.096254 0.037518 0.009298 0.000476 -0.000023 0.000646 0.008458 0.038624 
0.063244 0.126938 0.199561 0.255249 0.313839 0.372682 0.344201 0.503276 1.188723 1.893826 2.040365 1.928060 1.925621 1.716056 1.017638 0.386316 0.284857 0.338962 0.274220 0.201127 0.134616 0.063226 0.019961 0.003240 -0.000148 0.000131 0.002650 0.020261 
0.038601 0.092863 0.164270 0.228853 0.281829 0.352531 0.360486 0.367340 0.796588 1.588271 2.033441 1.982561 1.921496 1.878600 1.405707 0.649205 0.281596 0.318757 0.318459 0.235009 0.168339 0.097701 0.037405 0.009058 0.000644 -0.000061 0.000489 0.008661 
0.020470 0.062746 0.127896 0.198777 0.253493 0.319485 0.369084 0.337098 0.514628 1.189795 1.883136 2.041957 1.935301 1.927291 1.705389 1.018695 0.397760 0.277595 0.335236 0.280181 0.199287 0.133598 0.064452 0.019478 0.003253 -0.000024 -0.000035 0.002677 
0.008909 0.038291 0.093152 0.164792 0.226462 0.284507 0.355064 0.352064 0.370063 0.806068 1.580978 2.027360 1.988664 1.927650 1.872581 1.398394 0.658746 0.284305 0.310112 0.321128 0.237870 0.165686 0.098255 0.037914 0.008592 0.000836 -0.000099 0.000353 
0.002797 0.020432 0.062575 0.128768 0.197378 0.253098 0.323949 0.365101 0.332162 0.523701 1.191428 1.873520 2.042200 1.943684 1.927611 1.695784 1.020342 0.406894 0.272499 0.331177 0.284895 0.198827 0.132013 0.065528 0.019343 0.003048 0.000157 -0.000212 
0.000291 0.009030 0.038010 0.093727 0.164660 0.224663 0.287466 0.356166 0.345166 0.372696 0.814092 1.575180 2.020815 1.994719 1.933758 1.866088 1.392591 0.666832 0.286892 0.303034 0.322359 0.240972 0.163683 0.098139 0.038674 0.008197 0.000891 -0.000093 
-0.000286 0.002881 0.020276 0.062700 0.129353 0.195836 0.253519 0.327457 0.361129 0.328472 0.531441 1.193190 1.864695 2.041915 1.952202 1.927395 1.686971 1.022134 0.414670 0.268654 0.327159 0.288610 0.199194 0.130320 0.066272 0.019513 0.002754 0.000271 
-0.000046 0.000297 0.009001 0.037872 0.094358 0.164112 0.223421 0.290382 0.356423 0.339315 0.375256 0.821142 1.570189 2.014347 2.000533 1.939621 1.859664 1.387610 0.673938 0.289387 0.297034 0.322733 0.244002 0.162275 0.097598 0.039461 0.007976 0.000796 
0.000288 -0.000252 0.002893 0.020092 0.063027 0.129637 0.194358 0.254425 0.330233 0.357280 0.325598 0.538316 1.194873 1.856533 2.041440 1.960455 1.926981 1.678827 1.023857 0.421560 0.265635 0.323282 0.291560 0.200054 0.128717 0.066683 0.019889 0.002456 
0.000593 0.000021 0.000344 0.008866 0.037885 0.094937 0.163322 0.222636 0.293142 0.356141 0.334225 0.377778 0.827450 1.565688 2.008173 2.006036 1.945167 1.853533 1.383130 0.680296 0.291836 0.291818 0.322558 0.246857 0.161352 0.096811 0.040173 0.007932 
0.002200 0.000222 -0.000147 0.002842 0.019929 0.063467 0.129666 0.193023 0.255620 0.332443 0.353580 0.323317 0.544571 1.196388 1.848956 2.040923 1.968290 1.926518 1.671274 1.025415 0.427816 0.263219 0.319567 0.293920 0.201211 0.127275 0.066817 0.020379 
0.008029 0.000336 0.000088 0.000406 0.008676 0.038021 0.095419 0.162403 0.222212 0.295710 0.355493 0.329721 0.380286 0.833152 1.561517 2.002376 2.011211 1.950378 1.847776 1.378991 0.686037 0.294264 0.287206 0.322009 0.249507 0.160813 0.095891 0.040769 
0.020916 0.002006 0.000101 -0.000013 0.002748 0.019813 0.063955 0.129497 0.191854 0.256987 0.334204 0.350030 0.321495 0.550346 1.197702 1.841902 2.040429 1.975659 1.926070 1.664252 1.026775 0.433580 0.261271 0.316009 0.295813 0.202546 0.126015 0.066735 
0.041240 0.008228 0.000066 0.000139 0.000465 0.008473 0.038247 0.095789 0.161429 0.222071 0.298084 0.354585 0.325691 0.382790 0.838335 1.557595 1.996972 2.016067 1.955264 1.842412 1.375108 0.691253 0.296685 0.283082 0.321191 0.251951 0.160574 0.094914 
0.066491 0.021456 0.001880 -0.000053 0.000117 0.002633 0.019754 0.064444 0.129180 0.190853 0.258454 0.335602 0.346625 0.320047 0.555727 1.198814 1.835322 2.039985 1.982561 1.925667 1.657710 1.027933 0.438939 0.259705 0.312602 0.297328 0.203987 0.124935 
0.093927 0.041587 0.008498 -0.000187 0.000164 0.000507 0.008286 0.038532 0.096048 0.160448 0.222155 0.300268 0.353486 0.322057 0.385290 0.843066 1.553874 1.991950 2.020619 1.959841 1.837431 1.371432 0.696009 0.299100 0.279366 0.320175 0.254197 0.160573 
0.124026 0.066126 0.021968 0.001823 -0.000221 0.000222 0.002512 0.019754 0.064907 0.128754 0.190014 0.259972 0.336700 0.343361 0.318910 0.560769 1.199732 1.829173 2.039598 1.989019 1.925318 1.651603 1.028898 0.443953 0.258458 0.309338 0.298531 0.205482 
0.160761 0.092960 0.041820 0.008812 -0.000405 0.000160 0.000527 0.008134 0.038854 0.096200 0.159488 0.222416 0.302272 0.352243 0.318765 0.387783 0.847398 1.550324 1.987288 2.024889 1.964133 1.832810 1.367931 0.700360 0.301508 0.276000 0.319009 0.256258 
0.207001 0.123274 0.065674 0.022436 0.001831 -0.000390 0.000290 0.002394 0.019812 0.065325 0.128249 0.189324 0.261508 0.337544 0.340231 0.318036 0.565513 1.200476 1.823413 2.039271 1.995061 1.925024 1.645890 1.029686 0.448663 0.257480 0.306213 0.299470 
0.258145 0.161100 0.092033 0.041948 0.009150 -0.000578 0.000126 0.000521 0.008025 0.039194 0.096255 0.158569 0.222819 0.304107 0.350893 0.315773 0.390262 0.851374 1.546928 1.982958 2.028899 1.968162 1.828521 1.364587 0.704350 0.303903 0.272941 0.317730 
0.300184 0.208519 0.122667 0.065160 0.022849 0.001896 -0.000552 0.000315 0.002288 0.019921 0.065690 0.127688 0.188773 0.263041 0.338172 0.337233 0.317387 0.569988 1.201061 1.818010 2.038998 2.000719 1.924784 1.640537 1.030315 0.453101 0.256733 0.303220 
0.316366 0.259869 0.161562 0.091158 0.041983 0.009500 -0.000702 0.000062 0.000490 0.007965 0.039542 0.096224 0.157702 0.223337 0.305783 0.349464 0.313046 0.392722 0.855031 1.543671 1.978932 2.032669 1.971949 1.824538 1.361385 0.708018 0.306279 0.270154 
