0.085221 0.061980 0.777070 1.556576 1.649797 1.871212 1.963154 2.085513 1.376326 0.593694 0.511081 0.311434 0.184258 0.099317 0.048230 0.019977 0.006372 0.001360 0.000222 0.000052 0.000484 0.003207 0.010002 0.020561 0.031749 0.038756 0.040915 0.021242 
0.067012 0.026645 0.340779 1.233044 1.644217 1.749989 1.913479 2.081818 1.817017 0.917132 0.508181 0.429014 0.235424 0.137834 0.070175 0.031834 0.011760 0.003120 0.000542 0.000099 0.000116 0.001422 0.006049 0.014938 0.026459 0.035349 0.043670 0.022643 
0.051139 0.038991 0.099750 0.780236 1.512074 1.707272 1.815446 2.020079 2.042411 1.376776 0.634286 0.464217 0.339256 0.174197 0.101745 0.047779 0.020043 0.006372 0.001362 0.000219 0.000048 0.000483 0.003216 0.009960 0.020832 0.030478 0.043272 0.027822 
0.038549 0.054587 0.016100 0.378378 1.194273 1.660752 1.748476 1.911292 2.099273 1.777176 0.954632 0.499630 0.414147 0.252323 0.128775 0.073333 0.031005 0.011935 0.003096 0.000544 0.000095 0.000111 0.001441 0.005955 0.015366 0.024940 0.039652 0.033924 
0.032096 0.056749 0.017638 0.122861 0.778452 1.494140 1.722597 1.807102 2.035568 2.024551 1.373865 0.658997 0.442481 0.343650 0.179971 0.095963 0.050675 0.019019 0.006659 0.001300 0.000229 0.000036 0.000517 0.003073 0.010466 0.019405 0.033667 0.038034 
0.031692 0.048280 0.041762 0.016343 0.396345 1.177119 1.661423 1.752425 1.915315 2.100256 1.759175 0.972890 0.500920 0.399955 0.262366 0.127292 0.071204 0.032908 0.011004 0.003436 0.000450 0.000102 0.000154 0.001275 0.006428 0.014316 0.026644 0.038284 
0.034179 0.038285 0.055572 0.006337 0.137584 0.778583 1.481790 1.727429 1.810743 2.040734 2.011865 1.373470 0.674798 0.430915 0.341617 0.187078 0.092007 0.051112 0.019752 0.006041 0.001610 0.000098 0.000120 0.000353 0.003422 0.009910 0.019821 0.034536 
0.035693 0.032830 0.053462 0.031736 0.018365 0.408122 1.167278 1.657009 1.758017 1.921178 2.095921 1.748645 0.985055 0.503606 0.389007 0.267646 0.129072 0.068125 0.034338 0.010868 0.003202 0.000632 0.000050 0.000075 0.001447 0.006306 0.013975 0.028101 
0.033908 0.032263 0.043630 0.052536 -0.000671 0.148216 0.779894 1.471409 1.728808 1.818096 2.042442 2.001053 1.374497 0.686255 0.423695 0.337932 0.193048 0.090156 0.050076 0.020956 0.005548 0.001641 0.000211 -0.000007 0.000423 0.003542 0.009372 0.020832 
0.028761 0.033342 0.035151 0.056144 0.023829 0.020620 0.417276 1.160427 1.650927 1.764022 1.927472 2.089823 1.741227 0.994600 0.506343 0.380408 0.270342 0.131929 0.065457 0.034871 0.011358 0.002745 0.000826 0.000019 -0.000001 0.001668 0.005913 0.014262 
0.021782 0.032658 0.031659 0.047897 0.049042 -0.005555 0.156704 0.781662 1.462099 1.728914 1.826522 2.042821 1.991318 1.376094 0.695413 0.418637 0.333913 0.197771 0.089684 0.048472 0.022009 0.005409 0.001445 0.000389 -0.000143 0.000571 0.003434 0.009140 
0.014832 0.028789 0.031532 0.037795 0.057430 0.017346 0.022863 0.424997 1.154980 1.644450 1.769979 1.933679 2.083285 1.735308 1.002683 0.508966 0.373373 0.271599 0.135027 0.063439 0.034732 0.012101 0.002357 0.000881 0.000041 -0.000015 0.001766 0.005546 
0.009196 0.022463 0.031245 0.031854 0.051273 0.045503 -0.009215 0.163946 0.783498 1.453565 1.728549 1.835044 2.042664 1.982396 1.377820 0.703217 0.414833 0.329933 0.201496 0.090039 0.046760 0.022730 0.005576 0.001155 0.000505 -0.000177 0.000679 0.003212 
0.005318 0.015468 0.028405 0.030245 0.040435 0.057880 0.011841 0.025085 0.431763 1.150276 1.638088 1.775706 1.939607 2.076837 1.730213 1.009777 0.511504 0.367413 0.271998 0.138056 0.062014 0.034169 0.012874 0.002140 0.000785 0.000109 0.000035 0.001719 
0.002961 0.009454 0.022855 0.029873 0.032534 0.053960 0.042042 -0.012072 0.170382 0.785216 1.445675 1.728038 1.843281 2.042300 1.974161 1.379468 0.710135 0.411860 0.326090 0.204459 0.090889 0.045136 0.023122 0.005948 0.000859 0.000527 -0.000105 0.000714 
0.001564 0.005238 0.016062 0.027773 0.029393 0.042952 0.057793 0.007051 0.027310 0.437804 1.146014 1.632045 1.781138 1.945192 2.070691 1.725625 1.016113 0.513998 0.362239 0.271848 0.140910 0.061074 0.033358 0.013574 0.002097 0.000583 0.000198 0.000124 
0.000685 0.002728 0.009832 0.023001 0.028621 0.033510 0.056110 0.038693 -0.014344 0.176243 0.786739 1.438352 1.727518 1.851086 2.041874 1.966532 1.380947 0.716413 0.409493 0.322408 0.206831 0.092036 0.043672 0.023236 0.006435 0.000603 0.000470 0.000039 
0.000228 0.001351 0.005282 0.016569 0.027004 0.028889 0.045306 0.057338 0.002812 0.029550 0.443251 1.142047 1.626392 1.786259 1.950422 2.064923 1.721387 1.021827 0.516474 0.357670 0.271321 0.143560 0.060517 0.032416 0.014159 0.002193 0.000326 0.000289 
0.000212 0.000611 0.002540 0.010264 0.022951 0.027518 0.034668 0.057834 0.035466 -0.016161 0.181658 0.788042 1.431537 1.727045 1.858421 2.041452 1.959445 1.382228 0.722195 0.407598 0.318883 0.208735 0.093362 0.042389 0.023136 0.006968 0.000409 0.000357 
0.000365 0.000328 0.001121 0.005418 0.016974 0.026169 0.028659 0.047489 0.056617 -0.000981 0.031809 0.448192 1.138300 1.621140 1.791074 1.955311 2.059549 1.717412 1.027008 0.518941 0.353592 0.270525 0.146004 0.060260 0.031416 0.014619 0.002392 0.000058 
0.000214 0.000383 0.000513 0.002406 0.010705 0.022753 0.026568 0.035936 0.059211 0.032358 -0.017607 0.186707 0.789128 1.425181 1.726641 1.865287 2.041064 1.952845 1.383307 0.727568 0.406086 0.315509 0.210261 0.094792 0.041287 0.022874 0.007503 0.000282 
-0.000194 0.000417 0.000412 0.000903 0.005616 0.017273 0.025315 0.028648 0.049503 0.055700 -0.004400 0.034085 0.452691 1.134730 1.616277 1.795600 1.959882 2.054557 1.713652 1.031728 0.521401 0.349923 0.269529 0.148251 0.060241 0.030406 0.014956 0.002659 
0.000224 0.000058 0.000530 0.000405 0.002330 0.011128 0.022444 0.025765 0.037265 0.060300 0.029370 -0.018745 0.191441 0.790012 1.419241 1.726311 1.871709 2.040719 1.946686 1.384197 0.732591 0.404894 0.312281 0.211473 0.096278 0.040355 0.022492 0.008010 
0.002970 -0.000410 0.000442 0.000471 0.000716 0.005854 0.017473 0.024473 0.028812 0.051356 0.054633 -0.007495 0.036369 0.456800 1.131313 1.611776 1.799856 1.964158 2.049922 1.710074 1.036039 0.523851 0.346607 0.268384 0.150312 0.060412 0.029418 0.015177 
0.008472 0.000229 -0.000098 0.000641 0.000298 0.002310 0.011514 0.022054 0.025102 0.038624 0.061144 0.026498 -0.019620 0.195896 0.790710 1.413680 1.726052 1.877717 2.040421 1.940926 1.384912 0.737306 0.403972 0.309191 0.212420 0.097787 0.039581 0.022022 
0.015295 0.003304 -0.000580 0.000437 0.000503 0.000570 0.006117 0.017579 0.023661 0.029116 0.053055 0.053452 -0.010306 0.038655 0.460561 1.128034 1.607608 1.803862 1.968164 2.045616 1.706658 1.039989 0.526286 0.343599 0.267127 0.152197 0.060733 0.028469 
0.021491 0.008880 0.000291 -0.000246 0.000709 0.000199 0.002343 0.011853 0.021604 0.024567 0.039990 0.061780 0.023741 -0.020271 0.200099 0.791245 1.408464 1.725858 1.883344 2.040168 1.935527 1.385473 0.741747 0.403280 0.306236 0.213143 0.099295 0.038952 
0.027572 0.015319 0.003650 -0.000702 0.000406 0.000508 0.000468 0.006391 0.017602 0.022891 0.029535 0.054609 0.052186 -0.012864 0.040932 0.464011 1.124881 1.603744 1.807638 1.971924 2.041611 1.703389 1.043617 0.528700 0.340865 0.265785 0.153919 0.061177 
