0.006939 0.028314 0.064996 0.166941 0.177981 0.961755 1.777453 1.857242 2.004281 1.977913 1.976870 1.179309 0.363611 0.297610 0.143001 0.067570 0.027671 0.010161 0.004418 0.004792 0.008249 0.012449 0.015244 0.015236 0.012402 0.007991 0.004204 0.000038 
0.001592 0.016947 0.036913 0.132890 0.122137 0.490150 1.441932 1.865597 1.927493 1.990764 2.032753 1.657928 0.696481 0.281338 0.235994 0.093092 0.044972 0.016806 0.006272 0.004064 0.006286 0.010399 0.014136 0.015625 0.014131 0.010190 0.006230 0.001530 
-0.000137 0.009496 0.017875 0.093170 0.119837 0.218614 0.962220 1.734425 1.914183 1.948598 2.034817 1.933806 1.179789 0.404202 0.250723 0.170808 0.057511 0.030107 0.009714 0.004483 0.004789 0.008251 0.012449 0.015236 0.015267 0.012278 0.008284 0.003847 
0.000549 0.005104 0.007648 0.053817 0.118133 0.113416 0.527712 1.402133 1.883078 1.925467 1.988716 2.050187 1.618133 0.733996 0.272772 0.221105 0.109984 0.035920 0.019971 0.005443 0.004237 0.006260 0.010405 0.014124 0.015662 0.014033 0.010321 0.006316 
0.002610 0.002922 0.003799 0.023445 0.097692 0.098053 0.243242 0.959396 1.716562 1.929868 1.939897 2.050457 1.915928 1.176922 0.428907 0.228965 0.175186 0.063286 0.024333 0.012613 0.003458 0.005073 0.008193 0.012448 0.015263 0.015221 0.012251 0.008650 
0.005280 0.002398 0.003178 0.006053 0.063814 0.104027 0.114595 0.545989 1.384158 1.884214 1.929361 1.992580 2.051295 1.600120 0.752287 0.274041 0.206893 0.120021 0.034444 0.017849 0.007347 0.003302 0.006603 0.010300 0.014159 0.015663 0.013904 0.010764 
0.008048 0.003208 0.003476 -0.000090 0.030419 0.095715 0.086472 0.258978 0.959021 1.703989 1.935070 1.943318 2.055626 1.903322 1.176523 0.444723 0.217371 0.173140 0.070395 0.020385 0.013055 0.004187 0.004457 0.008494 0.012334 0.015337 0.015055 0.012613 
0.010594 0.005055 0.003805 0.000243 0.007769 0.069043 0.093128 0.117225 0.558118 1.373705 1.880000 1.935057 1.998255 2.047047 1.589627 0.764452 0.276724 0.195918 0.125296 0.036230 0.014778 0.008776 0.003166 0.006363 0.010488 0.014113 0.015572 0.014095 
0.012702 0.007544 0.004320 0.002531 -0.001885 0.036295 0.092045 0.079258 0.270366 0.960062 1.693320 1.936735 1.950572 2.057263 1.892608 1.177556 0.456178 0.210134 0.169435 0.076368 0.018543 0.012022 0.005391 0.003960 0.008524 0.012456 0.015200 0.015136 
0.014305 0.010181 0.005465 0.004332 -0.002314 0.010589 0.071685 0.084563 0.119922 0.567612 1.366391 1.873978 1.941211 2.004395 2.040984 1.582276 0.773988 0.279454 0.187297 0.127983 0.039096 0.012116 0.009311 0.003654 0.005902 0.010688 0.014079 0.015500 
0.015287 0.012558 0.007384 0.005301 0.001004 -0.002308 0.040946 0.088025 0.074209 0.279455 0.961685 1.683718 1.937048 1.958974 2.057547 1.882957 1.179181 0.465323 0.205063 0.165398 0.081092 0.018080 0.010422 0.006443 0.003816 0.008331 0.012636 0.015065 
0.015495 0.014376 0.009825 0.006139 0.004192 -0.004242 0.013663 0.072891 0.077550 0.122507 0.575651 1.360583 1.867482 1.947320 2.010490 2.034444 1.576436 0.782069 0.282061 0.180245 0.129230 0.042201 0.010104 0.009173 0.004394 0.005512 0.010746 0.014102 
0.015039 0.015385 0.012309 0.007529 0.005967 -0.000644 -0.001907 0.044613 0.084035 0.070410 0.287194 0.963448 1.674906 1.936826 1.967515 2.057294 1.874098 1.180951 0.473110 0.201244 0.161402 0.084818 0.018444 0.008714 0.007164 0.003980 0.008042 0.012753 
0.014175 0.015548 0.014295 0.009630 0.006854 0.003630 -0.005588 0.016676 0.073245 0.071605 0.125007 0.582713 1.355591 1.861057 1.953187 2.016342 2.027972 1.571418 0.789170 0.284577 0.174270 0.129621 0.045236 0.008687 0.008611 0.005164 0.005294 0.010651 
0.012777 0.015122 0.015400 0.012044 0.007878 0.006312 -0.002213 -0.001015 0.047527 0.080181 0.067433 0.294055 0.965138 1.666761 1.936409 1.975794 2.056844 1.865907 1.182652 0.480010 0.198251 0.157548 0.087779 0.019303 0.007094 0.007553 0.004350 0.007746 
0.010449 0.014274 0.015635 0.014107 0.009599 0.007503 0.002823 -0.006459 0.019520 0.073053 0.066435 0.127462 0.589029 1.351096 1.854923 1.958742 2.021880 2.021792 1.566901 0.795523 0.287046 0.169080 0.129463 0.048096 0.007755 0.007801 0.005861 0.005250 
0.007489 0.012725 0.015275 0.015344 0.011811 0.008341 0.006388 -0.003627 0.000170 0.049858 0.076484 0.065055 0.300286 0.966664 1.659203 1.935947 1.983655 2.056346 1.858305 1.184190 0.486276 0.195859 0.153854 0.090149 0.020458 0.005635 0.007666 0.004834 
0.005344 0.010193 0.014375 0.015731 0.013866 0.009702 0.008043 0.001885 -0.006954 0.022164 0.072490 0.061864 0.129900 0.594732 1.346940 1.849164 1.963966 2.027085 2.015986 1.562725 0.801260 0.289495 0.164493 0.128931 0.050750 0.007206 0.006860 0.006443 
0.005365 0.007292 0.012620 0.015454 0.015241 0.011634 0.008851 0.006257 -0.004864 0.001532 0.051730 0.072942 0.063142 0.306029 0.967991 1.652172 1.935503 1.991050 2.055865 1.851234 1.185528 0.492050 0.193937 0.150318 0.092054 0.021792 0.004358 0.007564 
0.006900 0.005540 0.009926 0.014463 0.015817 0.013613 0.009900 0.008464 0.000892 -0.007155 0.024606 0.071662 0.057775 0.132331 0.599913 1.343035 1.843798 1.968869 2.031967 2.010574 1.558804 0.806472 0.291936 0.160395 0.128130 0.053199 0.006958 0.005861 
0.007300 0.005896 0.007164 0.012486 0.015628 0.015113 0.011520 0.009361 0.005968 -0.005926 0.002996 0.053229 0.069549 0.061608 0.311372 0.969115 1.645619 1.935107 1.997979 2.055430 1.844643 1.186664 0.497420 0.192396 0.146933 0.093580 0.023230 0.003260 
0.004854 0.007234 0.005803 0.009679 0.014527 0.015882 0.013380 0.010162 0.008765 -0.000110 -0.007125 0.026853 0.070637 0.054089 0.134757 0.604638 1.339334 1.838815 1.973465 2.036541 2.005545 1.555088 0.811224 0.294372 0.156704 0.127131 0.055451 0.006946 
0.002333 0.006918 0.006399 0.007103 0.012341 0.015774 0.014977 0.011472 0.009842 0.005565 -0.006820 0.004513 0.054419 0.066298 0.060390 0.316373 0.970046 1.639499 1.934768 2.004461 2.055050 1.838486 1.187607 0.502445 0.191174 0.143692 0.094794 0.024723 
0.007123 0.003867 0.007453 0.006109 0.009468 0.014562 0.015921 0.013183 0.010464 0.008954 -0.001090 -0.006909 0.028916 0.069466 0.050751 0.137176 0.608959 1.335808 1.834193 1.977778 2.040830 2.000876 1.551549 0.815571 0.296800 0.153363 0.125983 0.057517 
0.026238 0.001564 0.006448 0.006857 0.007108 0.012197 0.015880 0.014843 0.011485 0.010278 0.005077 -0.007559 0.006052 0.055350 0.063184 0.059439 0.321071 0.970801 1.633772 1.934485 2.010528 2.054727 1.832724 1.188373 0.507166 0.190221 0.140589 0.095745 
0.059408 0.007450 0.002921 0.007568 0.006439 0.009304 0.014566 0.015930 0.013033 0.010789 0.009041 -0.002029 -0.006546 0.030807 0.068184 0.047717 0.139582 0.612922 1.332436 1.829904 1.981828 2.044856 1.996542 1.548165 0.819556 0.299216 0.150329 0.124721 
0.096471 0.027753 0.000940 0.005916 0.007259 0.007170 0.012061 0.015940 0.014719 0.011555 0.010658 0.004530 -0.008155 0.007589 0.056058 0.060202 0.058717 0.325499 0.971397 1.628403 1.934258 2.016209 2.054458 1.827322 1.188979 0.511614 0.189500 0.137618 
0.123375 0.061137 0.007900 0.002027 0.007588 0.006780 0.009191 0.014540 0.015912 0.012933 0.011122 0.009036 -0.002916 -0.006063 0.032536 0.066819 0.044953 0.141969 0.616563 1.329205 1.825920 1.985638 2.048641 1.992513 1.544922 0.823220 0.301613 0.147567 
