0.021678 -0.098096 0.500219 1.099215 0.982934 1.018765 1.014216 1.178115 0.660492 0.191964 0.491734 0.676867 0.870231 0.985415 0.984348 0.866326 0.671279 0.458034 0.276126 0.149164 0.075600 0.040071 0.025210 0.018401 0.013287 0.008249 0.003954 -0.001181 
0.032971 -0.081434 0.127429 0.873261 1.082701 0.983260 0.997905 1.134669 0.987546 0.345978 0.293090 0.606024 0.773095 0.941600 1.000398 0.938235 0.774854 0.563352 0.361020 0.205389 0.106493 0.054224 0.030994 0.021335 0.015823 0.010631 0.006988 -0.005217 
0.026640 -0.025216 -0.057538 0.500667 1.056154 1.039883 0.963127 1.071157 1.135039 0.660926 0.232528 0.444870 0.704719 0.860185 0.987818 0.983860 0.866383 0.671302 0.458064 0.276132 0.149152 0.075588 0.040066 0.025205 0.018463 0.012839 0.010693 -0.006090 
0.011692 0.018088 -0.090021 0.164906 0.833447 1.100163 0.981264 0.995905 1.152119 0.947717 0.383449 0.284522 0.591175 0.790022 0.932537 1.003519 0.937379 0.775039 0.563358 0.361043 0.205385 0.106479 0.054219 0.030966 0.021506 0.014992 0.013799 -0.002052 
-0.000299 0.031032 -0.046981 -0.032865 0.497768 1.038280 1.055567 0.954471 1.086834 1.117150 0.658014 0.257207 0.423136 0.709142 0.865974 0.982012 0.986718 0.865349 0.671613 0.458031 0.276150 0.149137 0.075587 0.039999 0.025487 0.017436 0.015738 0.004926 
-0.003516 0.021746 0.003882 -0.088773 0.183160 0.815417 1.101298 0.985181 0.999818 1.153243 0.929670 0.401697 0.285789 0.577003 0.800094 0.931049 1.001353 0.939255 0.774116 0.563729 0.360967 0.205398 0.106483 0.054115 0.031301 0.020569 0.016894 0.011679 
0.000985 0.006826 0.028999 -0.058582 -0.017082 0.497336 1.025678 1.060783 0.957932 1.092042 1.104533 0.657568 0.272995 0.411564 0.707140 0.873096 0.978032 0.987118 0.866072 0.671020 0.458367 0.276038 0.149191 0.075456 0.040300 0.024865 0.018164 0.016179 
0.008610 -0.001719 0.027039 -0.007089 -0.086112 0.195287 0.804907 1.097079 0.990905 1.005539 1.149011 0.919144 0.413819 0.288469 0.566068 0.805403 0.932824 0.998238 0.940657 0.773990 0.563522 0.361178 0.205331 0.106407 0.054297 0.031059 0.020430 0.018322 
0.015146 -0.000851 0.012814 0.025309 -0.065826 -0.005659 0.498337 1.014969 1.062464 0.965227 1.093715 1.093809 0.658556 0.284424 0.404350 0.703480 0.879083 0.976157 0.986044 0.867268 0.670548 0.458431 0.276157 0.149048 0.075555 0.040330 0.024365 0.019366 
0.018855 0.005952 0.001159 0.029743 -0.015704 -0.083403 0.204786 0.797538 1.091044 0.997092 1.011722 1.142964 0.911759 0.423312 0.291197 0.557488 0.808125 0.935678 0.995534 0.941164 0.774487 0.563096 0.361394 0.205285 0.106351 0.054485 0.030598 0.020913 
0.020414 0.013547 -0.001307 0.017555 0.021285 -0.070905 0.003453 0.499930 1.005324 1.062791 0.973672 1.094034 1.084149 0.660136 0.293542 0.399301 0.699487 0.883821 0.975661 0.984404 0.868310 0.670431 0.458269 0.276332 0.148915 0.075711 0.040134 0.024220 
0.021650 0.018716 0.003943 0.004276 0.031007 -0.022751 -0.080817 0.212829 0.791682 1.084531 1.003235 1.017861 1.136440 0.905887 0.431350 0.293803 0.550475 0.809406 0.938772 0.993480 0.940999 0.775238 0.562742 0.361465 0.205302 0.106358 0.054528 0.030209 
0.024385 0.021130 0.011839 -0.000935 0.021296 0.017303 -0.074732 0.011206 0.501668 0.996471 1.062580 0.982259 1.093816 1.075280 0.661861 0.301302 0.395505 0.695535 0.887559 0.975995 0.982656 0.869020 0.670623 0.458009 0.276447 0.148894 0.075806 0.039840 
0.029992 0.022418 0.018150 0.002529 0.007324 0.031415 -0.028720 -0.078322 0.219893 0.786648 1.078085 1.009137 1.023759 1.129982 0.900837 0.438409 0.296317 0.544540 0.809830 0.941796 0.992021 0.940408 0.776019 0.562560 0.361382 0.205373 0.106419 0.054416 
0.039535 0.024755 0.021516 0.010218 -0.000069 0.024273 0.013462 -0.077733 0.018074 0.503338 0.988284 1.062172 0.990584 1.093400 1.067078 0.663518 0.308176 0.392534 0.691724 0.890533 0.976822 0.980995 0.869400 0.671022 0.457739 0.276472 0.148983 0.075811 
0.054197 0.029946 0.023114 0.017337 0.001601 0.010195 0.031274 -0.033906 -0.075876 0.226209 0.782115 1.071931 1.014725 1.029343 1.123815 0.896288 0.444720 0.298783 0.539389 0.809706 0.944645 0.991047 0.939569 0.776728 0.562548 0.361191 0.205473 0.106509 
0.075741 0.039268 0.025240 0.021626 0.008758 0.001094 0.026660 0.009782 -0.080132 0.024306 0.504844 0.980688 1.061716 0.998493 1.092936 1.059466 0.665011 0.314415 0.390165 0.688074 0.892918 0.977946 0.979495 0.869503 0.671534 0.457507 0.276422 0.149141 
0.106604 0.053924 0.030038 0.023697 0.016392 0.001054 0.012862 0.030758 -0.038487 -0.073449 0.231910 0.777923 1.066150 1.019982 1.034596 1.118022 0.892079 0.450415 0.301229 0.534842 0.809207 0.947289 0.990456 0.938598 0.777324 0.562675 0.360948 0.205578 
0.149325 0.075622 0.039060 0.025771 0.021522 0.007479 0.002436 0.028580 0.006259 -0.082062 0.030047 0.506152 0.973621 1.061278 1.005935 1.092489 1.052383 0.666307 0.320163 0.388265 0.684581 0.894835 0.979249 0.978176 0.869393 0.672093 0.457334 0.276323 
0.205671 0.106687 0.053641 0.030229 0.024154 0.015391 0.000808 0.015324 0.029974 -0.042581 -0.071030 0.237085 0.773986 1.060763 1.024915 1.039525 1.112623 0.888126 0.455586 0.303668 0.530782 0.808439 0.949727 0.990166 0.937571 0.777794 0.562900 0.360694 
0.276196 0.149502 0.075475 0.038921 0.026303 0.021257 0.006380 0.003881 0.030123 0.002888 -0.083611 0.035385 0.507258 0.967033 1.060886 1.012910 1.092089 1.045780 0.667399 0.325507 0.386746 0.681239 0.896375 0.980656 0.977037 0.869122 0.672651 0.457228 
0.360460 0.205741 0.106747 0.053379 0.030487 0.024489 0.014381 0.000798 0.017588 0.028992 -0.046268 -0.068616 0.241801 0.770254 1.055759 1.029541 1.044147 1.107607 0.884378 0.460297 0.306101 0.527129 0.807474 0.951969 0.990112 0.936535 0.778141 0.563193 
0.457191 0.276060 0.149651 0.075318 0.038849 0.026805 0.020873 0.005451 0.005381 0.031354 -0.000340 -0.084842 0.040377 0.508170 0.960880 1.060550 1.019439 1.091745 1.039612 0.668299 0.330506 0.385545 0.678040 0.897603 0.982118 0.976069 0.868731 0.673181 
0.563528 0.360265 0.205782 0.106777 0.053154 0.030787 0.024708 0.013392 0.000977 0.019667 0.027861 -0.049604 -0.066210 0.246112 0.766698 1.051117 1.033882 1.048485 1.102952 0.880806 0.464603 0.308527 0.523827 0.806358 0.954025 0.990246 0.935521 0.778373 
0.673663 0.457219 0.275926 0.149758 0.075164 0.038842 0.027261 0.020403 0.004681 0.006904 0.032321 -0.003430 -0.085803 0.045065 0.508905 0.955122 1.060271 1.025550 1.091458 1.033838 0.669021 0.335202 0.384614 0.674979 0.898567 0.983603 0.975260 0.868254 
0.778499 0.563886 0.360118 0.205793 0.106777 0.052977 0.031111 0.024822 0.012444 0.001307 0.021571 0.026617 -0.052634 -0.063816 0.250062 0.763297 1.046809 1.037961 1.052559 1.098631 0.877389 0.468548 0.310941 0.520831 0.805130 0.955906 0.990532 0.934547 
0.867715 0.674089 0.457305 0.275802 0.149819 0.075019 0.038893 0.027661 0.019871 0.004055 0.008426 0.033064 -0.006388 -0.086533 0.049482 0.509481 0.949723 1.060047 1.031276 1.091225 1.028423 0.669584 0.339625 0.383913 0.672051 0.899306 0.985087 0.974595 
0.933626 0.778532 0.564254 0.360022 0.205774 0.106748 0.052852 0.031445 0.024843 0.011548 0.001758 0.023312 0.025289 -0.055392 -0.061441 0.253689 0.760038 1.042807 1.041797 1.056391 1.094616 0.874114 0.472171 0.313335 0.518106 0.803817 0.957625 0.990940 
