0.000194 0.000010 0.000049 -0.002038 0.023621 -0.091071 0.518007 1.138215 1.061319 1.165374 1.265791 1.564025 1.175184 0.769432 1.005833 0.981723 0.866326 0.671462 0.459101 0.278780 0.153288 0.079970 0.042904 0.025210 0.015568 0.008916 0.004124 0.001300 
0.000580 -0.000069 0.001064 -0.007459 0.033413 -0.077427 0.138879 0.899953 1.138488 1.091463 1.192328 1.451208 1.441931 0.904545 0.857255 1.032405 0.930591 0.775938 0.563757 0.362835 0.208866 0.110950 0.058043 0.032503 0.019827 0.011998 0.006285 0.002465 
0.001360 -0.000256 0.002450 -0.009998 0.025782 -0.023270 -0.050507 0.518458 1.095148 1.118249 1.109719 1.322740 1.520993 1.175665 0.809990 0.958899 1.009502 0.856277 0.673935 0.458682 0.278848 0.153270 0.079957 0.042898 0.025211 0.015571 0.008919 0.004120 
0.002636 -0.000252 0.003096 -0.007979 0.009448 0.018531 -0.086009 0.176362 0.860139 1.155937 1.089446 1.190320 1.468686 1.402154 0.942043 0.848646 1.017475 0.947475 0.766913 0.566959 0.362023 0.209031 0.110908 0.058036 0.032501 0.019828 0.012004 0.006261 
0.004404 0.000331 0.002642 -0.003320 -0.004209 0.030174 -0.045031 -0.025828 0.515563 1.077268 1.133915 1.101046 1.338426 1.503149 1.172799 0.834663 0.937096 1.013853 0.862064 0.668197 0.461611 0.277825 0.153540 0.079881 0.042904 0.025208 0.015585 0.008860 
0.006599 0.001699 0.001648 0.000974 -0.009446 0.019500 0.004326 -0.084756 0.194621 0.842109 1.157059 1.093342 1.194226 1.469837 1.384159 0.960316 0.849872 1.003222 0.957503 0.765464 0.564873 0.363943 0.208088 0.111230 0.057931 0.032517 0.019849 0.011912 
0.009168 0.003783 0.001059 0.003080 -0.007263 0.002912 0.028141 -0.056629 -0.010039 0.515135 1.064660 1.139111 1.104489 1.343643 1.490576 1.172400 0.850445 0.925455 1.011780 0.869183 0.664286 0.462081 0.278559 0.152906 0.080174 0.042779 0.025274 0.015469 
0.012106 0.006361 0.001558 0.003075 -0.002097 -0.007651 0.024791 -0.006643 -0.082090 0.206755 0.831598 1.152827 1.099045 1.199940 1.465634 1.373685 0.972463 0.852511 0.992206 0.962769 0.767277 0.561838 0.365390 0.207942 0.110974 0.058112 0.032452 0.019789 
0.015584 0.009206 0.003284 0.002259 0.002046 -0.009101 0.008898 0.024449 -0.063870 0.001390 0.516140 1.053945 1.140774 1.111766 1.345326 1.479896 1.173433 0.861868 0.918172 1.008048 0.875166 0.662479 0.461078 0.279766 0.152393 0.080195 0.042885 0.025143 
0.019749 0.012306 0.005904 0.002041 0.003606 -0.004758 -0.004776 0.027493 -0.015257 -0.079376 0.216259 0.824229 1.146778 1.105211 1.206115 1.459615 1.366352 0.981982 0.855198 0.983545 0.965448 0.770170 0.559213 0.365941 0.208420 0.110500 0.058299 0.032408 
0.025022 0.015756 0.009017 0.003140 0.003306 0.000444 -0.009560 0.013636 0.020425 -0.068946 0.010508 0.517737 1.044293 1.141082 1.120193 1.345654 1.470281 1.175058 0.870980 0.913055 1.003984 0.879902 0.662051 0.459508 0.280819 0.152235 0.079989 0.043048 
0.032427 0.019772 0.012361 0.005519 0.002778 0.003465 -0.006769 -0.001662 0.028755 -0.022303 -0.076785 0.224309 0.818373 1.140252 1.111333 1.212248 1.453119 1.360532 0.990045 0.857763 0.976453 0.966686 0.773301 0.557237 0.365820 0.209151 0.110098 0.058341 
0.043149 0.025013 0.015866 0.008730 0.003305 0.004021 -0.001266 -0.009191 0.017375 0.016442 -0.072769 0.018268 0.519479 1.035433 1.140852 1.128762 1.345445 1.461456 1.176829 0.878733 0.909190 0.999961 0.883638 0.662452 0.457829 0.281542 0.152387 0.079686 
0.058228 0.032499 0.019849 0.012261 0.005305 0.003545 0.002898 -0.008185 0.001382 0.029161 -0.028272 -0.074285 0.231379 0.813339 1.133793 1.117213 1.218139 1.446690 1.355533 0.997128 0.860235 0.970438 0.967068 0.776363 0.555857 0.365274 0.209913 0.109867 
0.079373 0.043161 0.025114 0.015887 0.008433 0.003677 0.004405 -0.002888 -0.008328 0.020349 0.012601 -0.075767 0.025142 0.521153 1.027241 1.140425 1.137070 1.345039 1.453299 1.178531 0.885600 0.906151 0.996079 0.886609 0.663346 0.456237 0.281933 0.152745 
0.109808 0.058007 0.032602 0.019955 0.012054 0.005263 0.004241 0.002083 -0.009116 0.004251 0.029018 -0.033456 -0.071833 0.237701 0.808806 1.127625 1.122780 1.223716 1.440552 1.351036 1.003463 0.862661 0.965208 0.966902 0.779249 0.554962 0.364479 0.210604 
0.153217 0.079097 0.043098 0.025284 0.015833 0.008174 0.004163 0.004514 -0.004350 -0.007167 0.022733 0.008920 -0.078163 0.031381 0.522663 1.019637 1.139950 1.144961 1.344584 1.445731 1.180070 0.891832 0.903714 0.992359 0.888990 0.664537 0.454807 0.282049 
0.211180 0.109886 0.057733 0.032709 0.020067 0.011794 0.005358 0.004823 0.001136 -0.009665 0.006915 0.028500 -0.038036 -0.069401 0.243408 0.804613 1.121831 1.128015 1.228962 1.434787 1.346879 1.009183 0.865066 0.960581 0.966361 0.781930 0.554449 0.363553 
0.281951 0.153736 0.078880 0.042985 0.025480 0.015729 0.007974 0.004695 0.004408 -0.005631 -0.005829 0.024651 0.005397 -0.080090 0.037128 0.523976 1.012564 1.139492 1.152386 1.344148 1.438694 1.181410 0.897572 0.901746 0.988797 0.890905 0.665907 0.453557 
0.362571 0.211632 0.110064 0.057449 0.032803 0.020166 0.011523 0.005553 0.005279 0.000133 -0.009913 0.009374 0.027715 -0.042129 -0.066977 0.248589 0.800675 1.116430 1.132927 1.233884 1.429417 1.342977 1.014377 0.867463 0.956443 0.965551 0.784406 0.554235 
0.452487 0.281692 0.154255 0.078731 0.042845 0.025669 0.015598 0.007842 0.005227 0.004142 -0.006732 -0.004386 0.026191 0.002024 -0.081636 0.042472 0.525085 1.005969 1.139081 1.159343 1.343758 1.432135 1.182547 0.902909 0.900159 0.985385 0.892443 0.667380 
0.554259 0.361580 0.211961 0.110308 0.057185 0.032875 0.020242 0.011273 0.005815 0.005613 -0.000879 -0.009925 0.011635 0.026730 -0.045814 -0.064558 0.253311 0.796943 1.111413 1.137532 1.238500 1.424430 1.339280 1.019112 0.869855 0.952712 0.964544 0.786684 
0.668907 0.451588 0.281314 0.154745 0.078651 0.042695 0.025829 0.015457 0.007778 0.005730 0.003757 -0.007663 -0.002888 0.027418 -0.001204 -0.082863 0.047470 0.526001 0.999810 1.138725 1.165855 1.343424 1.426011 1.183491 0.907901 0.898891 0.982117 0.893667 
0.788776 0.554470 0.360610 0.212175 0.110595 0.056959 0.032917 0.020289 0.011061 0.006119 0.005832 -0.001869 -0.009749 0.013711 0.025597 -0.049150 -0.062147 0.257628 0.793387 1.106757 1.141852 1.242831 1.419805 1.335759 1.023441 0.872240 0.949331 0.963387 
0.894629 0.670457 0.450847 0.280850 0.155189 0.078634 0.042547 0.025948 0.015319 0.007779 0.006187 0.003285 -0.008435 -0.001369 0.028383 -0.004295 -0.083821 0.052165 0.526740 0.994045 1.138427 1.171949 1.343148 1.420282 1.184257 0.912588 0.897892 0.978988 
0.962118 0.790694 0.554833 0.359681 0.212285 0.110906 0.056781 0.032929 0.020306 0.010897 0.006446 0.005945 -0.002818 -0.009422 0.015612 0.024352 -0.052178 -0.059748 0.261585 0.789986 1.102435 1.145909 1.246899 1.415513 1.332393 1.027409 0.874612 0.946257 
0.975991 0.895366 0.672007 0.450251 0.280324 0.155576 0.078677 0.042409 0.026021 0.015190 0.007838 0.006588 0.002752 -0.009063 0.000151 0.029123 -0.007253 -0.084548 0.056588 0.527320 0.988640 1.138183 1.177658 1.342925 1.414913 1.184864 0.917003 0.897124 
0.943455 0.960764 0.792448 0.555317 0.358805 0.212300 0.111226 0.056655 0.032911 0.020293 0.010784 0.006784 0.005965 -0.003716 -0.008972 0.017351 0.023021 -0.054935 -0.057368 0.265218 0.786726 1.098419 1.149724 1.250726 1.411528 1.329169 1.031055 0.876966 
