0.000036 -0.002103 0.023170 -0.092478 0.515115 1.133750 1.055835 1.159890 1.261326 1.561133 1.173777 0.768981 1.005766 0.981722 0.866325 0.671396 0.458650 0.277374 0.150397 0.075506 0.037419 0.019725 0.011103 0.006025 0.002718 0.000848 0.000129 -0.000003 
0.001050 -0.007477 0.033216 -0.078278 0.136777 0.896246 1.133407 1.085839 1.187247 1.447501 1.439829 0.903695 0.857055 1.032392 0.930592 0.775925 0.563558 0.361984 0.206764 0.107243 0.052961 0.026878 0.014745 0.008291 0.004183 0.001614 0.000383 -0.000087 
0.002439 -0.010009 0.025716 -0.023720 -0.051915 0.515567 1.090684 1.112765 1.104235 1.318276 1.518101 1.174258 0.809539 0.958832 1.009502 0.856277 0.673868 0.458231 0.277441 0.150379 0.075493 0.037414 0.019727 0.011106 0.006028 0.002713 0.000910 -0.000322 
0.003078 -0.007992 0.009430 0.018334 -0.086860 0.174259 0.856433 1.150856 1.083822 1.185239 1.464979 1.400051 0.941192 0.848446 1.017462 0.947476 0.766900 0.566760 0.361172 0.206928 0.107201 0.052955 0.026877 0.014747 0.008298 0.004158 0.001785 -0.000449 
0.002575 -0.003330 -0.004220 0.030107 -0.045481 -0.027236 0.512671 1.072804 1.128431 1.095562 1.333962 1.500257 1.171391 0.834212 0.937029 1.013854 0.862064 0.668131 0.461160 0.276418 0.150648 0.075417 0.037420 0.019724 0.011121 0.005968 0.002996 -0.000119 
0.001450 0.000956 -0.009457 0.019482 0.004128 -0.085607 0.192517 0.838402 1.151978 1.087718 1.189145 1.466130 1.382056 0.959464 0.849672 1.003210 0.957504 0.765451 0.564673 0.363092 0.205985 0.107523 0.052850 0.026893 0.014768 0.008205 0.004496 0.000848 
0.000609 0.003013 -0.007272 0.002902 0.028073 -0.057079 -0.011448 0.512243 1.060196 1.133628 1.099006 1.339179 1.487683 1.170992 0.849994 0.925389 1.011780 0.869183 0.664219 0.461629 0.277151 0.150013 0.075709 0.037296 0.019790 0.011005 0.006276 0.002375 
0.000707 0.002876 -0.002115 -0.007662 0.024772 -0.006841 -0.082941 0.204650 0.827891 1.147746 1.093422 1.194859 1.461927 1.371581 0.971611 0.852311 0.992194 0.962771 0.767264 0.561638 0.364538 0.205839 0.107268 0.053032 0.026829 0.014708 0.008400 0.004257 
0.001875 0.001809 0.001978 -0.009110 0.008889 0.024382 -0.064321 -0.000019 0.513247 1.049481 1.135291 1.106283 1.340862 1.477003 1.172025 0.861416 0.918106 1.008049 0.875168 0.662412 0.460625 0.278357 0.149500 0.075731 0.037402 0.019661 0.011120 0.006313 
0.003800 0.001190 0.003407 -0.004776 -0.004786 0.027475 -0.015456 -0.080227 0.214155 0.820522 1.141699 1.099588 1.201035 1.455908 1.364248 0.981129 0.854998 0.983533 0.965450 0.770157 0.559013 0.365089 0.206316 0.106793 0.053219 0.026786 0.014669 0.008599 
0.006123 0.001731 0.002855 0.000376 -0.009569 0.013628 0.020357 -0.069397 0.009099 0.514843 1.039830 1.135599 1.114711 1.341190 1.467387 1.173649 0.870528 0.912988 1.003985 0.879904 0.661985 0.459055 0.279410 0.149342 0.075525 0.037566 0.019540 0.011292 
0.008654 0.003414 0.001926 0.003266 -0.006787 -0.001671 0.028737 -0.022502 -0.077636 0.222204 0.814666 1.135173 1.105711 1.207168 1.449412 1.358427 0.989192 0.857563 0.976441 0.966689 0.773289 0.557037 0.364967 0.207046 0.106391 0.053261 0.026805 0.014692 
0.011402 0.005836 0.001896 0.003570 -0.001334 -0.009199 0.017367 0.016374 -0.073220 0.016859 0.516585 1.030970 1.135370 1.123280 1.340981 1.458563 1.175420 0.878280 0.909124 0.999963 0.883640 0.662386 0.457376 0.280132 0.149493 0.075222 0.037667 0.019531 
0.014770 0.008554 0.003200 0.002693 0.002699 -0.008203 0.001374 0.029143 -0.028471 -0.075137 0.229274 0.809631 1.128714 1.111592 1.213059 1.442982 1.353428 0.996275 0.860035 0.970426 0.967072 0.776351 0.555657 0.364420 0.207808 0.106160 0.053148 0.026878 
0.019633 0.011423 0.005539 0.002267 0.003954 -0.002957 -0.008335 0.020342 0.012532 -0.076218 0.023732 0.518259 1.022777 1.134944 1.131589 1.340575 1.450405 1.177121 0.885147 0.906085 0.996082 0.886612 0.663280 0.455784 0.280523 0.149851 0.074909 0.037680 
0.026981 0.014877 0.008346 0.003157 0.003388 0.001883 -0.009134 0.004244 0.029001 -0.033655 -0.072685 0.235595 0.805098 1.122546 1.117159 1.218637 1.436844 1.348930 1.002609 0.862460 0.965196 0.966906 0.779238 0.554761 0.363625 0.208498 0.106100 0.052928 
0.037617 0.019803 0.011369 0.005279 0.002752 0.004062 -0.004419 -0.007174 0.022726 0.008851 -0.078615 0.029970 0.519769 1.015174 1.134469 1.139480 1.340121 1.442837 1.178659 0.891379 0.903648 0.992362 0.888994 0.664471 0.454353 0.280638 0.150323 0.074633 
0.052654 0.027089 0.014989 0.008086 0.003252 0.003970 0.000936 -0.009682 0.006909 0.028483 -0.038236 -0.070254 0.241301 0.800905 1.116753 1.122395 1.223883 1.431080 1.344773 1.008328 0.864865 0.960570 0.966365 0.781919 0.554248 0.362699 0.209074 0.106178 
0.074416 0.037505 0.020000 0.011265 0.005079 0.003284 0.003956 -0.005700 -0.005835 0.024645 0.005329 -0.080542 0.035717 0.521081 1.008100 1.134012 1.146905 1.339685 1.435799 1.179999 0.897119 0.901680 0.988800 0.890909 0.665841 0.453103 0.280539 0.150842 
0.106356 0.052371 0.027184 0.015088 0.007815 0.003446 0.004426 -0.000067 -0.009930 0.009368 0.027698 -0.042329 -0.067831 0.246482 0.796967 1.111352 1.127307 1.228806 1.425709 1.340870 1.013522 0.867262 0.956432 0.965556 0.784395 0.554035 0.361716 0.209526 
0.151361 0.074268 0.037365 0.020190 0.011135 0.004947 0.003816 0.003690 -0.006801 -0.004391 0.026185 0.001956 -0.082088 0.041061 0.522190 1.001506 1.133601 1.153864 1.339295 1.429241 1.181135 0.902455 0.900093 0.985389 0.892447 0.667314 0.452033 0.280280 
0.209855 0.106601 0.052107 0.027256 0.015164 0.007565 0.003708 0.004759 -0.001079 -0.009942 0.011630 0.026714 -0.046015 -0.065412 0.251204 0.793235 1.106335 1.131913 1.233422 1.420723 1.337173 1.018256 0.869655 0.952701 0.964549 0.786673 0.554058 0.360724 
0.279902 0.151850 0.074187 0.037216 0.020350 0.010994 0.004883 0.004319 0.003304 -0.007731 -0.002893 0.027414 -0.001272 -0.083316 0.046059 0.523106 0.995346 1.133246 1.160375 1.338961 1.423116 1.182078 0.907446 0.898825 0.982122 0.893672 0.668842 0.451134 
0.359755 0.210068 0.106887 0.051882 0.027299 0.015212 0.007353 0.004011 0.004978 -0.002069 -0.009765 0.013706 0.025581 -0.049350 -0.063001 0.255521 0.789678 1.101680 1.136233 1.237753 1.416097 1.333651 1.022585 0.872039 0.949321 0.963393 0.788766 0.554269 
0.450392 0.279437 0.152293 0.074171 0.037069 0.020470 0.010856 0.004883 0.004775 0.002832 -0.008503 -0.001373 0.028379 -0.004363 -0.084274 0.050753 0.523844 0.989582 1.132949 1.166470 1.338684 1.417387 1.182844 0.912133 0.897826 0.978993 0.894634 0.670392 
0.554632 0.358825 0.210177 0.107198 0.051704 0.027311 0.015228 0.007188 0.004338 0.005091 -0.003019 -0.009438 0.015608 0.024336 -0.052379 -0.060603 0.259477 0.786277 1.097358 1.140291 1.241822 1.411805 1.330285 1.026553 0.874411 0.946247 0.962125 0.790684 
0.671941 0.449795 0.278911 0.152681 0.074214 0.036931 0.020543 0.010727 0.004942 0.005175 0.002298 -0.009131 0.000147 0.029119 -0.007321 -0.085002 0.055175 0.524424 0.984176 1.132705 1.172180 1.338462 1.412017 1.183451 0.916548 0.897059 0.975996 0.895371 
0.792439 0.555116 0.357948 0.210191 0.107518 0.051578 0.027294 0.015216 0.007075 0.004676 0.005110 -0.003917 -0.008988 0.017348 0.023005 -0.055136 -0.058223 0.263110 0.783018 1.093342 1.144106 1.245649 1.407820 1.327061 1.030198 0.876765 0.943446 0.960771 
