0.250514 0.272073 0.265866 0.273779 0.337385 0.477886 0.671808 0.887837 0.886047 1.487135 1.984506 1.712304 1.591240 1.451819 1.487162 0.811329 0.127954 0.159968 0.063236 0.020922 0.003190 0.000076 0.000038 0.002974 0.020038 0.062470 0.128805 0.197216 
0.226989 0.265840 0.270354 0.265183 0.296394 0.399306 0.564581 0.807867 0.856678 1.127881 1.819835 1.893101 1.631931 1.500390 1.509313 1.223407 0.397096 0.100126 0.131556 0.031903 0.010357 0.000591 0.000004 0.000601 0.008881 0.037695 0.093821 0.163898 
0.197483 0.250608 0.271653 0.266275 0.273135 0.339922 0.467870 0.699657 0.840920 0.926547 1.487539 1.941457 1.769303 1.535642 1.508763 1.444065 0.811743 0.168504 0.113091 0.091083 0.010894 0.005627 -0.000393 0.000071 0.002995 0.019929 0.062793 0.128401 
0.163753 0.227323 0.265532 0.270506 0.264483 0.299447 0.390368 0.581508 0.792992 0.848044 1.165300 1.780003 1.910598 1.629986 1.498412 1.526751 1.183555 0.434550 0.091544 0.116696 0.048835 0.001322 0.003745 -0.000862 0.000794 0.008759 0.037877 0.093757 
0.128203 0.197649 0.250596 0.271694 0.265372 0.276027 0.334130 0.473748 0.704054 0.819140 0.951160 1.484597 1.923594 1.785037 1.527028 1.524444 1.426156 0.808810 0.193169 0.091343 0.095501 0.016700 -0.000142 0.002472 -0.000947 0.003215 0.019917 0.062910 
0.093698 0.163724 0.227408 0.265717 0.269498 0.266490 0.297276 0.388944 0.591620 0.778774 0.849254 1.183493 1.761956 1.911769 1.633954 1.502348 1.527862 1.165486 0.452781 0.092797 0.102514 0.058911 -0.000133 0.001600 0.001034 -0.000173 0.009068 0.037910 
0.062835 0.128152 0.197639 0.250934 0.270903 0.266151 0.276501 0.330163 0.480940 0.702046 0.807510 0.966889 1.484120 1.911003 1.790302 1.530529 1.529656 1.413518 0.808344 0.208942 0.079759 0.093493 0.023842 -0.004094 0.002896 -0.000230 0.002542 0.020294 
0.038192 0.093571 0.163646 0.227720 0.265373 0.269280 0.267993 0.294193 0.390760 0.596974 0.767798 0.851870 1.195565 1.751425 1.907585 1.639729 1.508092 1.523619 1.154937 0.464886 0.095465 0.091566 0.064227 0.001668 -0.001488 0.002454 -0.000357 0.008833 
0.020398 0.062965 0.127946 0.197834 0.250989 0.270270 0.267367 0.275511 0.328311 0.486980 0.698390 0.800234 0.978257 1.485078 1.900304 1.792033 1.537864 1.531333 1.402774 0.809312 0.220357 0.072531 0.089829 0.029848 -0.005942 0.001852 0.000944 0.002007 
0.008393 0.038456 0.093477 0.163602 0.228004 0.264835 0.269687 0.268580 0.291541 0.393651 0.599735 0.759184 0.854530 1.205010 1.744038 1.901585 1.645967 1.514298 1.517561 1.147529 0.474362 0.098179 0.082975 0.066956 0.004546 -0.004159 0.002973 0.000083 
0.001840 0.020269 0.063143 0.127772 0.198069 0.250812 0.270016 0.268413 0.273954 0.327852 0.491762 0.694404 0.795126 0.987311 1.486630 1.890668 1.792410 1.546349 1.531656 1.393093 0.810870 0.229461 0.067468 0.085833 0.034602 -0.006407 0.000243 0.001958 
0.000779 0.008032 0.038560 0.093456 0.163628 0.228123 0.264382 0.270352 0.268480 0.289549 0.396780 0.601050 0.752142 0.857065 1.212999 1.738164 1.895107 1.652161 1.520461 1.511025 1.141634 0.482383 0.100770 0.075952 0.068244 0.007664 -0.006177 0.002812 
0.002637 0.001991 0.020035 0.063253 0.127726 0.198232 0.250531 0.270086 0.269117 0.272286 0.328229 0.495539 0.690459 0.791273 0.995005 1.488328 1.881824 1.792248 1.554977 1.531442 1.384204 0.812575 0.237206 0.063658 0.081878 0.038356 -0.006041 -0.001478 
0.002221 0.001512 0.007844 0.038499 0.093498 0.163712 0.228074 0.264111 0.271052 0.267943 0.288158 0.399842 0.601504 0.746181 0.859510 1.220007 1.733113 1.888695 1.658113 1.526382 1.504557 1.136562 0.489424 0.103270 0.070008 0.068674 0.010713 -0.007599 
-0.003113 0.002985 0.002354 0.019785 0.063273 0.127800 0.198297 0.250238 0.270374 0.269484 0.270702 0.329108 0.498547 0.686654 0.788248 1.001812 1.489958 1.873648 1.791888 1.563343 1.531030 1.375982 0.814211 0.244064 0.060675 0.078064 0.041344 -0.005179 
-0.008535 0.001378 0.002176 0.007828 0.038323 0.093577 0.163827 0.227908 0.264017 0.271683 0.267149 0.287257 0.402731 0.601404 0.741006 0.861907 1.226266 1.728564 1.882574 1.663752 1.531990 1.498379 1.131990 0.495717 0.105722 0.064848 0.068554 0.013588 
-0.004018 -0.004591 0.003057 0.002836 0.019568 0.063217 0.127951 0.198281 0.249978 0.270784 0.269572 0.269276 0.330289 0.500964 0.683008 0.785827 1.007983 1.491424 1.866061 1.791480 1.571292 1.530571 1.368350 0.815684 0.250288 0.058294 0.074410 0.043743 
0.016259 -0.009090 0.000403 0.002730 0.007949 0.038089 0.093666 0.163949 0.227681 0.264066 0.272204 0.266218 0.286739 0.405418 0.600927 0.736434 0.864286 1.231909 1.724356 1.876827 1.669058 1.537266 1.492575 1.127759 0.501395 0.108154 0.060292 0.068059 
0.045676 -0.002677 -0.005889 0.002916 0.003367 0.019405 0.063112 0.128134 0.198211 0.249776 0.271247 0.269442 0.268027 0.331652 0.502915 0.679517 0.783876 1.013663 1.492691 1.859005 1.791090 1.578775 1.530130 1.361248 0.816958 0.256019 0.056381 0.070914 
0.067296 0.018726 -0.009345 -0.000631 0.003163 0.008169 0.037842 0.093747 0.164059 0.227438 0.264217 0.272602 0.265226 0.286523 0.407902 0.600179 0.732350 0.866658 1.237026 1.720403 1.871473 1.674041 1.542219 1.487165 1.123783 0.506546 0.110578 0.056223 
0.067567 0.047232 -0.001233 -0.007010 0.002615 0.003900 0.019306 0.062979 0.128313 0.198109 0.249640 0.271715 0.269150 0.266956 0.333123 0.504487 0.676175 0.782308 1.018940 1.493754 1.852429 1.790745 1.585791 1.529735 1.354625 0.818029 0.261348 0.054850 
0.052561 0.066334 0.020997 -0.009365 -0.001675 0.003475 0.008455 0.037612 0.093808 0.164146 0.227212 0.264438 0.272881 0.264221 0.286544 0.410192 0.599231 0.728673 0.869026 1.241684 1.716655 1.866504 1.678717 1.546865 1.482139 1.120013 0.511239 0.112998 
0.053638 0.064364 0.048476 0.000267 -0.007961 0.002197 0.004405 0.019272 0.062838 0.128467 0.197995 0.249571 0.272157 0.268738 0.266052 0.334651 0.505748 0.672975 0.781058 1.023872 1.494625 1.846287 1.790457 1.592360 1.529396 1.348437 0.818907 0.266331 
0.115410 0.049249 0.065223 0.023083 -0.009197 -0.002696 0.003673 0.008782 0.037418 0.093844 0.164204 0.227020 0.264703 0.273045 0.263235 0.286753 0.412298 0.598133 0.725345 0.871388 1.245936 1.713082 1.861896 1.683107 1.551226 1.477475 1.116418 0.515526 
0.271011 0.052694 0.061298 0.049457 0.001789 -0.008756 0.001693 0.004864 0.019301 0.062699 0.128583 0.197880 0.249565 0.272557 0.268238 0.265304 0.336203 0.506746 0.669911 0.780079 1.028502 1.495317 1.840540 1.790225 1.598511 1.529114 1.342644 0.819608 
0.519453 0.117810 0.046243 0.063999 0.024995 -0.008879 -0.003678 0.003769 0.009130 0.037271 0.093852 0.164232 0.226872 0.264993 0.273107 0.262287 0.287113 0.414232 0.596921 0.722323 0.873738 1.249828 1.709664 1.857622 1.687234 1.555324 1.473144 1.112978 
0.820149 0.275418 0.051982 0.058365 0.050215 0.003310 -0.009406 0.001129 0.005268 0.019386 0.062571 0.128655 0.197772 0.249617 0.272903 0.267676 0.264700 0.337756 0.507520 0.666978 0.779330 1.032859 1.495851 1.835152 1.790048 1.604277 1.528887 1.337211 
1.109680 0.523057 0.120191 0.043508 0.062691 0.026744 -0.008440 -0.004607 0.003772 0.009488 0.037173 0.093832 0.164231 0.226773 0.265295 0.273077 0.261389 0.287595 0.416004 0.595623 0.719571 0.876070 1.253397 1.706388 1.853653 1.691120 1.559180 1.469120 
