0.049766 0.033024 0.016350 0.036469 -0.069733 0.567576 1.243408 1.254132 1.467741 1.665420 1.996596 1.533770 0.946958 0.948749 0.718443 0.489975 0.290501 0.150266 0.068312 0.027676 0.009982 0.003909 0.005894 0.015845 0.032174 0.049615 0.060948 0.060914 
0.056371 0.042657 0.017471 0.047571 -0.062395 0.171405 0.973425 1.283622 1.337869 1.547951 1.878658 1.852154 1.183742 0.919195 0.863728 0.596899 0.384870 0.212366 0.102876 0.044078 0.016874 0.005861 0.003918 0.009896 0.023461 0.041203 0.056472 0.062483 
0.060464 0.052209 0.022976 0.044186 -0.010423 -0.029177 0.568006 1.200328 1.311081 1.412133 1.722401 1.953535 1.534178 0.987473 0.901847 0.746293 0.479964 0.292955 0.149808 0.068358 0.027660 0.009980 0.003911 0.005899 0.015852 0.032175 0.049614 0.060995 
0.061642 0.059541 0.033613 0.034387 0.032698 -0.070982 0.208872 0.933591 1.301072 1.335888 1.545990 1.896140 1.812318 1.221172 0.910579 0.848858 0.613844 0.375852 0.215532 0.102030 0.044234 0.016840 0.005864 0.003921 0.009903 0.023467 0.041179 0.056635 
0.059956 0.063359 0.046442 0.028768 0.048590 -0.032181 -0.004510 0.565090 1.182435 1.326766 1.403507 1.738119 1.935661 1.531239 1.012103 0.880075 0.750713 0.485787 0.287198 0.152697 0.067313 0.027933 0.009914 0.003924 0.005902 0.015869 0.032117 0.049896 
0.055691 0.063535 0.057420 0.032147 0.044447 0.018503 -0.069734 0.227114 0.915540 1.302194 1.339820 1.549942 1.897294 1.794266 1.239377 0.911799 0.834665 0.623933 0.374411 0.213411 0.103917 0.043283 0.017171 0.005769 0.003944 0.009927 0.023377 0.041519 
0.049272 0.060674 0.063795 0.042500 0.035893 0.046567 -0.043775 0.011268 0.564641 1.169813 1.331982 1.406998 1.743366 1.923058 1.530767 1.027842 0.868467 0.748709 0.492944 0.283268 0.153126 0.068026 0.027300 0.010217 0.003808 0.005972 0.015755 0.032427 
0.041281 0.055544 0.064954 0.054348 0.033945 0.049745 0.007542 -0.067070 0.239230 0.905009 1.297963 1.345561 1.555702 1.893094 1.783733 1.251458 0.914432 0.823708 0.629260 0.376231 0.210340 0.105329 0.043129 0.016924 0.005960 0.003886 0.009870 0.023573 
0.032467 0.048769 0.061866 0.062757 0.040663 0.041884 0.042885 -0.051012 0.022686 0.565624 1.159085 1.333663 1.414323 1.745079 1.912349 1.531729 1.039223 0.861215 0.745047 0.498965 0.281442 0.152083 0.069210 0.026790 0.010249 0.003922 0.005846 0.015872 
0.023776 0.040823 0.056021 0.065479 0.051686 0.036823 0.052455 -0.001063 -0.064360 0.248717 0.897620 1.291916 1.351763 1.561924 1.887078 1.776342 1.260910 0.917113 0.815106 0.631998 0.379132 0.207680 0.105847 0.043597 0.016458 0.006157 0.003848 0.009834 
0.016047 0.032279 0.048622 0.062905 0.061152 0.040205 0.046627 0.038870 -0.056084 0.031793 0.567199 1.149421 1.333991 1.422797 1.745438 1.902703 1.533282 1.048292 0.856128 0.741051 0.503738 0.280997 0.150474 0.070242 0.026635 0.010054 0.004093 0.005730 
0.009860 0.023833 0.040438 0.056750 0.065331 0.049674 0.039940 0.053725 -0.008101 -0.061772 0.256749 0.891743 1.285391 1.357922 1.568102 1.880585 1.770464 1.268906 0.919671 0.808072 0.633297 0.382272 0.205670 0.105692 0.044319 0.016065 0.006209 0.003872 
0.005725 0.016160 0.031994 0.048783 0.063613 0.059438 0.040576 0.050371 0.034896 -0.059904 0.039542 0.568920 1.140548 1.333781 1.431414 1.745259 1.893849 1.534982 1.056003 0.852294 0.737097 0.507511 0.281380 0.148755 0.070942 0.026788 0.009762 0.004202 
0.003951 0.009940 0.023736 0.040223 0.057512 0.064758 0.048257 0.042988 0.054138 -0.014061 -0.059275 0.263801 0.886688 1.278934 1.363840 1.574039 1.874158 1.765408 1.275924 0.922138 0.802115 0.633739 0.385343 0.204255 0.105111 0.045073 0.015842 0.006106 
0.004223 0.005830 0.016184 0.031699 0.049151 0.063990 0.057811 0.041440 0.053351 0.031064 -0.062897 0.046405 0.570572 1.132343 1.333373 1.439769 1.744882 1.885662 1.536613 1.062829 0.849286 0.733284 0.510520 0.282256 0.147124 0.071311 0.027148 0.009460 
0.005896 0.004059 0.010050 0.023531 0.040180 0.058201 0.063937 0.047324 0.045860 0.054004 -0.019238 -0.056826 0.270104 0.882135 1.272768 1.369443 1.579661 1.868022 1.760853 1.282193 0.924557 0.796942 0.633633 0.388238 0.203325 0.104282 0.045754 0.015792 
0.009195 0.004168 0.006005 0.016133 0.031441 0.049633 0.064092 0.056344 0.042601 0.055741 0.027392 -0.065289 0.052633 0.572060 1.124727 1.332918 1.447707 1.744457 1.878064 1.538080 1.069019 0.846879 0.729631 0.512939 0.283430 0.145654 0.071404 0.027622 
0.015878 0.005632 0.004172 0.010165 0.023273 0.040274 0.058777 0.062984 0.046774 0.048528 0.053494 -0.023810 -0.054397 0.275793 0.877922 1.266976 1.374716 1.584953 1.862260 1.756639 1.287848 0.926956 0.792373 0.633151 0.390928 0.202778 0.103322 0.046322 
0.028143 0.008989 0.004063 0.006205 0.016033 0.031242 0.050162 0.063980 0.055059 0.043941 0.057665 0.023878 -0.067213 0.058369 0.573350 1.117641 1.332481 1.455179 1.744050 1.870996 1.539350 1.074718 0.844941 0.726136 0.514892 0.284783 0.144364 0.071283 
0.046764 0.016065 0.005359 0.004273 0.010268 0.023006 0.040468 0.059228 0.061975 0.046523 0.050990 0.052716 -0.027895 -0.051976 0.280956 0.873963 1.261577 1.379665 1.589920 1.856891 1.752680 1.292977 0.929347 0.788291 0.632402 0.393413 0.202531 0.102305 
0.071001 0.028663 0.008852 0.003932 0.006398 0.015905 0.031111 0.050690 0.063707 0.053954 0.045384 0.059212 0.020515 -0.068755 0.063702 0.574437 1.111035 1.332091 1.462184 1.743689 1.864407 1.540417 1.080013 0.843384 0.722792 0.516467 0.286239 0.143255 
0.101279 0.047083 0.016318 0.005105 0.004350 0.010348 0.022758 0.040729 0.059556 0.060957 0.046510 0.053255 0.051741 -0.031573 -0.049560 0.285660 0.870211 1.256563 1.384308 1.594581 1.851905 1.748926 1.297648 0.931733 0.784617 0.631454 0.395701 0.202520 
0.142317 0.070600 0.029155 0.008782 0.003790 0.006563 0.015767 0.031048 0.051190 0.063315 0.053019 0.046883 0.060445 0.017295 -0.069979 0.068690 0.575331 1.104863 1.331756 1.468743 1.743384 1.858253 1.541291 1.084964 0.842145 0.719591 0.517729 0.287751 
0.202698 0.100275 0.047287 0.016614 0.004890 0.004399 0.010398 0.022548 0.041031 0.059769 0.059961 0.046684 0.055334 0.050616 -0.034900 -0.047151 0.289959 0.866633 1.251909 1.388665 1.598956 1.847281 1.745348 1.301913 0.934111 0.781293 0.630356 0.397803 
0.289285 0.141536 0.070113 0.029600 0.008777 0.003651 0.006686 0.015632 0.031050 0.051643 0.062837 0.052242 0.048403 0.061416 0.014213 -0.070933 0.073374 0.576048 1.099086 1.331478 1.474884 1.743135 1.852494 1.541988 1.089611 0.841176 0.716528 0.518728 
0.399730 0.203027 0.099311 0.047386 0.016933 0.004723 0.004417 0.010418 0.022386 0.041358 0.059877 0.059005 0.047009 0.057239 0.049378 -0.037922 -0.044755 0.293897 0.863212 1.247590 1.392760 1.603069 1.842990 1.741926 1.305818 0.936477 0.778275 0.629146 
0.519503 0.290819 0.140900 0.069563 0.029989 0.008831 0.003521 0.006763 0.015506 0.031110 0.052040 0.062296 0.051610 0.049923 0.062163 0.011264 -0.071657 0.077785 0.576606 1.093668 1.331255 1.480640 1.742941 1.847094 1.542526 1.093986 0.840437 0.713597 
0.627851 0.401495 0.203479 0.098400 0.047391 0.017262 0.004607 0.004405 0.010408 0.022276 0.041694 0.059891 0.058101 0.047456 0.058981 0.048056 -0.040671 -0.042378 0.297513 0.859932 1.243577 1.396612 1.606939 1.839006 1.738645 1.309400 0.938825 0.775528 
