0.056361 0.060439 0.083064 0.150280 0.275617 0.457855 0.671284 0.864626 1.010657 0.901646 1.398451 1.819029 1.497304 1.340696 1.173380 1.197840 0.543297 -0.083160 0.025394 -0.001549 0.000225 0.000790 0.005018 0.015629 0.032127 0.049566 0.061237 0.059726 
0.057609 0.057048 0.067871 0.109890 0.205297 0.360499 0.564355 0.767405 0.972822 0.927913 1.088877 1.688817 1.700220 1.398147 1.234673 1.222284 0.940063 0.153657 -0.073563 0.034265 -0.007159 0.001298 0.002126 0.009458 0.023373 0.041079 0.056850 0.061655 
0.059993 0.056474 0.060050 0.083418 0.150135 0.275239 0.460306 0.661268 0.892442 0.963727 0.942172 1.398901 1.775996 1.554273 1.285055 1.230310 1.154768 0.543747 -0.042595 -0.021498 0.026267 -0.009825 0.003232 0.004567 0.015727 0.032001 0.049864 0.060813 
0.061499 0.057950 0.056796 0.067847 0.110192 0.204331 0.363744 0.555321 0.784333 0.957915 0.919287 1.126338 1.649022 1.717710 1.396158 1.232663 1.239728 0.900245 0.191141 -0.082145 0.019380 0.009744 -0.007745 0.005283 0.008669 0.023447 0.041210 0.056765 
0.060610 0.060145 0.056556 0.059773 0.083838 0.149088 0.278088 0.454606 0.667063 0.896837 0.941926 0.966813 1.396004 1.758150 1.569978 1.276396 1.245976 1.136883 0.540850 -0.017914 -0.043260 0.030655 -0.004036 -0.002550 0.007500 0.014647 0.032321 0.049884 
0.056569 0.061459 0.058159 0.056574 0.068134 0.109360 0.206162 0.361640 0.553904 0.794386 0.943693 0.920494 1.144575 1.631010 1.718873 1.400083 1.236565 1.240847 0.882211 0.209400 -0.080891 0.005171 0.019796 -0.009224 0.003182 0.010560 0.022481 0.041654 
0.050208 0.060356 0.060319 0.056489 0.059935 0.083278 0.149839 0.278476 0.450714 0.674211 0.894794 0.930294 0.982562 1.395575 1.745576 1.575214 1.279854 1.251173 1.124270 0.540420 -0.002124 -0.054860 0.028621 0.003076 -0.006488 0.007953 0.015334 0.031759 
0.041485 0.056671 0.061370 0.058228 0.056687 0.067837 0.109296 0.207556 0.358565 0.555752 0.799681 0.932700 0.923119 1.156684 1.620518 1.714681 1.405817 1.242276 1.236611 0.871696 0.221534 -0.078225 -0.005798 0.025081 -0.007435 0.000130 0.011964 0.022345 
0.031316 0.050237 0.060373 0.060270 0.056642 0.059863 0.082806 0.151072 0.277404 0.448910 0.680234 0.891089 0.923018 0.993953 1.396577 1.734895 1.576915 1.287146 1.252836 1.113550 0.541424 0.009306 -0.062101 0.024928 0.009052 -0.008315 0.006919 0.016510 
0.022846 0.041073 0.056792 0.061315 0.058284 0.056830 0.067324 0.109834 0.208076 0.355894 0.558675 0.802396 0.924059 0.925793 1.166165 1.613168 1.708674 1.412012 1.248449 1.230559 0.864324 0.231039 -0.075511 -0.014412 0.027775 -0.004559 -0.002519 0.012473 
0.017546 0.031222 0.050029 0.060471 0.060215 0.056844 0.059588 0.082671 0.152152 0.275776 0.448475 0.685011 0.887054 0.917905 1.003036 1.398170 1.725278 1.577262 1.295588 1.253145 1.103894 0.543019 0.018424 -0.067176 0.020899 0.013784 -0.008762 0.005310 
0.012312 0.023606 0.040718 0.056778 0.061330 0.058383 0.056842 0.066886 0.110610 0.207933 0.353873 0.561832 0.803676 0.916984 0.928343 1.174192 1.607329 1.702190 1.418163 1.254579 1.224029 0.858464 0.239088 -0.072918 -0.021459 0.029029 -0.001440 -0.004524 
0.003589 0.018258 0.031430 0.049719 0.060522 0.060261 0.056981 0.059230 0.082836 0.152897 0.274049 0.448862 0.688789 0.883064 0.914042 1.010760 1.399909 1.716451 1.577072 1.304172 1.252916 1.095029 0.544759 0.026185 -0.070998 0.016909 0.017519 -0.008383 
-0.005939 0.011730 0.024401 0.040524 0.056618 0.061403 0.058523 0.056708 0.066623 0.111406 0.207371 0.352449 0.564913 0.804101 0.910987 0.930801 1.181241 1.602312 1.695772 1.424074 1.260467 1.217567 0.853426 0.246158 -0.070416 -0.027430 0.029427 0.001610 
-0.007513 0.001955 0.018646 0.031838 0.049397 0.060494 0.060408 0.057024 0.058874 0.083200 0.153309 0.272416 0.449741 0.691801 0.879217 0.911003 1.017599 1.401581 1.708291 1.576685 1.312494 1.252490 1.086831 0.546430 0.033060 -0.073995 0.013061 0.020492 
0.004484 -0.006872 0.010905 0.025124 0.040494 0.056358 0.061508 0.058682 0.056474 0.066536 0.112123 0.206565 0.351513 0.567815 0.803980 0.905775 0.933210 1.187542 1.597796 1.689645 1.429670 1.266041 1.211395 0.848888 0.252479 -0.067962 -0.032618 0.029278 
0.022876 -0.006347 0.000482 0.018762 0.032355 0.049111 0.060399 0.060619 0.056990 0.058562 0.083674 0.153441 0.270950 0.450914 0.694221 0.875533 0.908566 1.023802 1.403089 1.700720 1.576249 1.320400 1.252015 1.079223 0.547938 0.039301 -0.076391 0.009374 
0.028756 0.007154 -0.007425 0.009951 0.025732 0.040597 0.056049 0.061619 0.058839 0.056190 0.066589 0.112719 0.205629 0.350963 0.570509 0.803484 0.901169 0.935598 1.193228 1.593621 1.683891 1.434936 1.271284 1.205598 0.844692 0.258186 -0.065529 -0.037202 
0.005845 0.024795 -0.005006 -0.000810 0.018667 0.032915 0.048886 0.060260 0.060851 0.056903 0.058317 0.084193 0.153356 0.269668 0.452266 0.696172 0.872008 0.906598 1.029513 1.404399 1.693679 1.575831 1.327840 1.251559 1.072144 0.549248 0.045050 -0.078319 
-0.041300 0.027967 0.009617 -0.007679 0.008944 0.026215 0.040796 0.055736 0.061718 0.058978 0.055900 0.066745 0.113186 0.204637 0.350715 0.572995 0.802719 0.897050 0.937978 1.198388 1.589700 1.678531 1.439878 1.276204 1.200194 0.840749 0.263368 -0.063103 
-0.079866 0.002467 0.026337 -0.003563 -0.001920 0.018413 0.033470 0.048728 0.060098 0.061071 0.056788 0.058144 0.084710 0.153107 0.268570 0.453721 0.697743 0.868635 0.905012 1.034820 1.405507 1.687118 1.575460 1.334813 1.251149 1.065545 0.550355 0.050395 
-0.060683 -0.044989 0.026981 0.011882 -0.007697 0.007931 0.026573 0.041059 0.055446 0.061794 0.059089 0.055633 0.066970 0.113526 0.203638 0.350706 0.575283 0.801756 0.893341 0.940352 1.203089 1.585986 1.673554 1.444514 1.280817 1.195173 0.837013 0.268091 
0.055396 -0.081095 -0.000767 0.027567 -0.002066 -0.002858 0.018041 0.033994 0.048639 0.059930 0.061260 0.056662 0.058044 0.085196 0.152737 0.267645 0.455232 0.699001 0.865406 0.903744 1.039781 1.406422 1.680990 1.575144 1.341340 1.250795 1.059380 0.551269 
0.272408 -0.058270 -0.048329 0.025846 0.013960 -0.007527 0.006941 0.026815 0.041363 0.055198 0.061842 0.059167 0.055406 0.067239 0.113748 0.202660 0.350888 0.577383 0.800643 0.889983 0.942719 1.207385 1.582447 1.668938 1.448864 1.285146 1.190514 0.833451 
0.552006 0.060093 -0.082055 -0.003862 0.028533 -0.000548 -0.003637 0.017584 0.034468 0.048616 0.059766 0.061405 0.056536 0.058011 0.085635 0.152278 0.266879 0.456765 0.699993 0.862316 0.902747 1.044438 1.407159 1.675258 1.574885 1.347449 1.250498 1.053610 
0.830046 0.276365 -0.055871 -0.051362 0.024599 0.015863 -0.007206 0.005994 0.026951 0.041688 0.055000 0.061859 0.059212 0.055229 0.067534 0.113862 0.201723 0.351222 0.579308 0.799417 0.886932 0.945073 1.211319 1.579064 1.664656 1.452951 1.289211 1.186188 
1.048199 0.552584 0.064517 -0.082784 -0.006823 0.029274 0.000969 -0.004270 0.017065 0.034884 0.048652 0.059615 0.061501 0.056419 0.058040 0.086017 0.151756 0.266260 0.458299 0.700760 0.859358 0.901981 1.048823 1.407738 1.669885 1.574680 1.353174 1.250256 
1.182169 0.826782 0.279999 -0.053490 -0.054123 0.023267 0.017602 -0.006763 0.005100 0.026992 0.042022 0.054856 0.061847 0.059225 0.055104 0.067841 0.113881 0.200837 0.351681 0.581069 0.798104 0.884154 0.947409 1.214931 1.575823 1.660680 1.456797 1.293035 
