0.000221 -0.002220 0.022370 -0.094793 0.511227 1.129720 1.054116 1.162541 1.268624 1.571228 1.183679 0.776211 1.009554 0.982974 0.866510 0.671279 0.457850 0.275059 0.146509 0.071475 0.035701 0.022377 0.018401 0.016120 0.012619 0.008078 0.003917 0.001248 
0.001605 -0.007463 0.032860 -0.079753 0.133593 0.892019 1.130213 1.086136 1.192328 1.456535 1.450206 0.912479 0.862540 1.034730 0.931147 0.775938 0.563202 0.360510 0.203581 0.103016 0.049767 0.027175 0.019827 0.017325 0.014561 0.010398 0.005868 0.002252 
0.003692 -0.009824 0.025598 -0.024522 -0.054231 0.511679 1.086655 1.111048 1.106887 1.325573 1.528194 1.184158 0.816770 0.962622 1.010755 0.856462 0.673750 0.457430 0.275125 0.146491 0.071464 0.035697 0.022379 0.018403 0.016121 0.012613 0.008141 0.003468 
0.005418 -0.007435 0.009443 0.017976 -0.088337 0.171075 0.852207 1.147664 1.084120 1.190320 1.474011 1.410427 0.949975 0.853932 1.019802 0.948032 0.766913 0.566402 0.359695 0.203745 0.102975 0.049763 0.027175 0.019828 0.017330 0.014534 0.010568 0.005036 
0.006366 -0.002076 -0.004034 0.029988 -0.046285 -0.029553 0.508784 1.068777 1.126716 1.098214 1.341258 1.510347 1.181290 0.841442 0.940820 1.015108 0.862250 0.668011 0.460356 0.274100 0.146761 0.071390 0.035705 0.022377 0.018416 0.016059 0.012895 0.007112 
0.006937 0.003298 -0.008900 0.019495 0.003769 -0.087086 0.189333 0.834178 1.148788 1.088018 1.194226 1.475161 1.392431 0.968247 0.855159 1.005552 0.958062 0.765464 0.564314 0.361614 0.202801 0.103298 0.049660 0.027193 0.019849 0.017236 0.014870 0.009631 
0.007840 0.006806 -0.006016 0.003089 0.027953 -0.057885 -0.013766 0.508356 1.056170 1.131915 1.101659 1.346473 1.497772 1.180889 0.857225 0.929182 1.013037 0.869370 0.664099 0.460824 0.274833 0.146126 0.071684 0.035583 0.022443 0.018300 0.016365 0.012272 
0.009490 0.008364 0.000229 -0.007103 0.024785 -0.007202 -0.084421 0.201466 0.823667 1.144558 1.093723 1.199940 1.470956 1.381953 0.980394 0.857800 0.994538 0.963330 0.767277 0.561277 0.363058 0.202654 0.103044 0.049844 0.027130 0.019789 0.017429 0.014630 
0.011771 0.009040 0.005772 -0.007852 0.009076 0.024260 -0.065128 -0.002338 0.509361 1.045457 1.133580 1.108936 1.348155 1.487090 1.181921 0.868648 0.921900 1.009307 0.875354 0.662291 0.459818 0.276038 0.145613 0.071707 0.035691 0.022314 0.018413 0.016400 
0.014170 0.009972 0.008897 -0.002430 -0.004226 0.027487 -0.015818 -0.081709 0.210970 0.816300 1.138512 1.099890 1.206115 1.464935 1.374619 0.989911 0.860487 0.985879 0.966010 0.770170 0.558650 0.363607 0.203131 0.102571 0.050033 0.027088 0.019749 0.017627 
0.016208 0.011626 0.010087 0.004173 -0.008309 0.013815 0.020235 -0.070206 0.006778 0.510957 1.035808 1.133890 1.117365 1.348482 1.477473 1.183544 0.877759 0.916785 1.005245 0.880091 0.661862 0.458246 0.277090 0.145456 0.071503 0.035856 0.022194 0.018584 
0.017680 0.013783 0.010707 0.008756 -0.004439 -0.001110 0.028749 -0.022866 -0.079120 0.219018 0.810444 1.131988 1.106014 1.212248 1.458437 1.368796 0.997973 0.863053 0.978789 0.967250 0.773301 0.556673 0.363484 0.203861 0.102169 0.050076 0.027108 0.019772 
0.018693 0.015919 0.011789 0.010802 0.002464 -0.007937 0.017555 0.016250 -0.074031 0.014536 0.512699 1.026949 1.133662 1.125935 1.348272 1.468646 1.185313 0.885513 0.912922 1.001225 0.883828 0.662262 0.456565 0.277810 0.145608 0.071202 0.035959 0.022186 
0.019849 0.017578 0.013567 0.011474 0.008190 -0.005853 0.001937 0.029155 -0.028837 -0.076622 0.226087 0.805411 1.125531 1.111896 1.218139 1.452006 1.363795 1.005056 0.865527 0.972776 0.967634 0.776363 0.555291 0.362935 0.204622 0.101940 0.049965 0.027183 
0.022288 0.018713 0.015621 0.012159 0.011186 0.000843 -0.007071 0.020530 0.012408 -0.077031 0.021409 0.514373 1.018758 1.133237 1.134244 1.347865 1.460487 1.187014 0.892380 0.909884 0.997345 0.886800 0.663155 0.454971 0.278200 0.145966 0.070890 0.035973 
0.027287 0.019956 0.017369 0.013522 0.012169 0.007376 -0.006782 0.004808 0.029012 -0.034023 -0.074172 0.232408 0.800879 1.119366 1.117465 1.223716 1.445866 1.359296 1.011390 0.867953 0.967548 0.967469 0.779249 0.554394 0.362139 0.205312 0.101881 0.049747 
0.035913 0.022459 0.018658 0.015359 0.012644 0.011295 -0.000617 -0.005909 0.022915 0.008726 -0.079429 0.027646 0.515884 1.011157 1.132764 1.142136 1.347410 1.452917 1.188550 0.898611 0.907449 0.993627 0.889182 0.664345 0.453538 0.278314 0.146438 0.070616 
0.049475 0.027396 0.020067 0.017106 0.013616 0.012749 0.006430 -0.007328 0.007474 0.028494 -0.038605 -0.071742 0.238114 0.796687 1.113574 1.122702 1.228962 1.440101 1.355137 1.017108 0.870359 0.962924 0.966930 0.781930 0.553879 0.361211 0.205887 0.101960 
0.070401 0.035802 0.022656 0.018553 0.015157 0.013174 0.011189 -0.001897 -0.004568 0.024834 0.005202 -0.081359 0.033392 0.517196 1.004085 1.132309 1.149561 1.346972 1.445877 1.189888 0.904352 0.905483 0.990067 0.891098 0.665714 0.452287 0.278214 0.146957 
0.102139 0.049193 0.027492 0.020166 0.016834 0.013808 0.013205 0.005428 -0.007575 0.009934 0.027708 -0.042700 -0.069321 0.243295 0.792751 1.108175 1.127615 1.233884 1.434728 1.351232 1.022301 0.872757 0.958787 0.966123 0.784406 0.553664 0.360226 0.206338 
0.147476 0.070254 0.035664 0.022846 0.018421 0.015022 0.013705 0.010923 -0.002996 -0.003123 0.026375 0.001828 -0.082906 0.038734 0.518305 0.997492 1.131900 1.156520 1.346581 1.439316 1.191024 0.909688 0.903898 0.986658 0.892636 0.667186 0.451215 0.277953 
0.206667 0.102385 0.048932 0.027565 0.020242 0.016582 0.014068 0.013538 0.004417 -0.007585 0.012198 0.026724 -0.046387 -0.066904 0.248016 0.789019 1.103160 1.132222 1.238500 1.429740 1.347533 1.027035 0.875150 0.955059 0.965117 0.786684 0.553686 0.359233 
0.277574 0.147966 0.070175 0.035517 0.023007 0.018280 0.014956 0.014206 0.010538 -0.003925 -0.001623 0.027604 -0.001401 -0.084136 0.043730 0.519221 0.991334 1.131547 1.163032 1.346246 1.433190 1.191966 0.914680 0.902631 0.983392 0.893862 0.668713 0.450313 
0.358261 0.206880 0.102673 0.048708 0.027610 0.020289 0.016368 0.014370 0.013756 0.003427 -0.007406 0.014275 0.025591 -0.049724 -0.064494 0.252332 0.785464 1.098506 1.136544 1.242831 1.425113 1.344010 1.031363 0.877536 0.951680 0.963962 0.788776 0.553895 
0.449570 0.277108 0.148409 0.070161 0.035371 0.023127 0.018140 0.014955 0.014661 0.010066 -0.004696 -0.000101 0.028570 -0.004493 -0.085096 0.048424 0.519961 0.985571 1.131251 1.169128 1.345969 1.427459 1.192730 0.919367 0.901634 0.980265 0.894825 0.670262 
0.554256 0.357330 0.206988 0.102984 0.048533 0.027623 0.020306 0.016202 0.014695 0.013868 0.002479 -0.007076 0.016178 0.024345 -0.052755 -0.062098 0.256288 0.782064 1.094187 1.140603 1.246899 1.420819 1.340642 1.035331 0.879909 0.948609 0.962695 0.790694 
0.671810 0.448971 0.276580 0.148797 0.070205 0.035235 0.023201 0.018010 0.015012 0.015060 0.009532 -0.005321 0.001421 0.029311 -0.007453 -0.085826 0.052845 0.520541 0.980168 1.131009 1.174838 1.345746 1.422087 1.193336 0.923783 0.900868 0.977270 0.895562 
0.792448 0.554738 0.356451 0.207002 0.103306 0.048408 0.027607 0.020293 0.016088 0.015031 0.013887 0.001582 -0.006625 0.017919 0.023014 -0.055514 -0.059720 0.259920 0.778805 1.090173 1.144420 1.250726 1.416832 1.337415 1.038975 0.882264 0.945809 0.961342 
