0.067823 0.101583 0.160495 0.279924 0.456150 0.692768 0.768187 1.484906 2.087317 1.860468 1.708287 1.485971 1.433958 0.706197 0.019031 0.081280 0.023161 0.008176 0.001628 0.000225 0.000054 0.000752 0.005011 0.015628 0.032127 0.049500 0.061746 0.057597 
0.059743 0.082179 0.125609 0.212895 0.355223 0.595858 0.693360 1.065669 1.874948 2.028088 1.773399 1.579685 1.497372 1.138298 0.284442 0.003621 0.072650 0.007562 0.004964 0.000485 0.000103 0.000170 0.002220 0.009446 0.023398 0.040899 0.057544 0.060118 
0.058386 0.068175 0.100014 0.163995 0.269316 0.484194 0.645854 0.808747 1.485313 2.044219 1.917415 1.652680 1.542944 1.390896 0.706627 0.059577 0.034386 0.050990 -0.001862 0.004070 -0.000229 0.000109 0.000747 0.004998 0.015721 0.031790 0.050342 0.060535 
0.059669 0.060888 0.080585 0.128799 0.204261 0.371777 0.581191 0.684724 1.103137 1.835087 2.045529 1.771420 1.577720 1.514846 1.098473 0.321901 -0.004973 0.057771 0.024479 -0.004074 0.003649 -0.000736 0.000342 0.002165 0.009560 0.023122 0.041353 0.057284 
0.059867 0.059134 0.067325 0.102286 0.158647 0.275087 0.488462 0.624242 0.833355 1.482394 2.026303 1.933101 1.644055 1.558653 1.373021 0.703711 0.084236 0.012621 0.055389 0.003934 -0.001697 0.002662 -0.000916 0.000993 0.005030 0.015578 0.031899 0.050578 
0.056894 0.059860 0.060498 0.082097 0.126545 0.203132 0.381659 0.567023 0.686038 1.121323 1.817033 2.046636 1.775357 1.581668 1.515993 1.080431 0.340137 -0.003732 0.043570 0.034540 -0.005534 0.001522 0.001170 -0.000629 0.002556 0.009427 0.023059 0.041676 
0.050506 0.059797 0.058837 0.068181 0.102301 0.154909 0.282312 0.486298 0.612740 0.849130 1.481905 2.013677 1.938309 1.647549 1.563892 1.360418 0.703261 0.100006 0.001019 0.053363 0.011065 -0.005642 0.003106 -0.000212 0.000385 0.005367 0.015337 0.032134 
0.041811 0.056829 0.059563 0.060731 0.083277 0.123320 0.205183 0.386886 0.556026 0.688778 1.133399 1.806479 2.042402 1.781095 1.587426 1.511785 1.069909 0.352247 -0.001077 0.032604 0.039841 -0.003737 -0.001545 0.002585 -0.000784 0.002364 0.009543 0.023008 
0.032166 0.050596 0.059571 0.058586 0.069482 0.100950 0.153177 0.288430 0.482509 0.605546 0.860575 1.482841 2.002940 1.939989 1.654871 1.565599 1.349708 0.704246 0.111416 -0.006226 0.049681 0.017058 -0.007477 0.002070 0.000965 -0.000085 0.005391 0.015375 
0.023017 0.041899 0.056810 0.059083 0.061493 0.083634 0.120510 0.208253 0.389583 0.547366 0.691552 1.142867 1.799055 2.036355 1.787296 1.593644 1.505763 1.062529 0.361729 0.001624 0.023994 0.042552 -0.000857 -0.004201 0.003098 -0.000297 0.001933 0.009666 
0.015506 0.032187 0.050714 0.059186 0.058642 0.070611 0.099098 0.152772 0.293301 0.478419 0.600488 0.869718 1.484374 1.993260 1.940320 1.663343 1.565951 1.340062 0.705821 0.120514 -0.011305 0.045665 0.021802 -0.007929 0.000460 0.001997 -0.000199 0.005168 
0.009655 0.023105 0.042007 0.056676 0.058694 0.062450 0.083361 0.118359 0.211519 0.390872 0.540273 0.694186 1.150894 1.793139 2.029829 1.793457 1.599816 1.499264 1.056661 0.369755 0.004203 0.016952 0.043823 0.002264 -0.006212 0.002938 0.000452 0.001555 
0.004839 0.015601 0.032299 0.050759 0.058747 0.058974 0.071395 0.097182 0.153165 0.297166 0.474398 0.596664 0.877503 1.486062 1.984364 1.940114 1.671957 1.565765 1.331208 0.707542 0.128254 -0.015132 0.041689 0.025549 -0.007553 -0.001262 0.002707 -0.000010 
0.001336 0.009502 0.023254 0.042139 0.056414 0.058487 0.063401 0.082689 0.116814 0.214683 0.391323 0.534263 0.696714 1.157950 1.788046 2.023365 1.799379 1.605746 1.492832 1.051616 0.376801 0.006691 0.010987 0.044236 0.005318 -0.007630 0.002356 0.001236 
0.000378 0.004498 0.015623 0.032503 0.050709 0.058328 0.059488 0.071840 0.095385 0.154034 0.300258 0.470537 0.593656 0.884398 1.487690 1.976132 1.939711 1.680312 1.565380 1.323022 0.709194 0.135108 -0.018132 0.037854 0.028532 -0.006684 -0.002899 0.003092 
0.001949 0.001279 0.009254 0.023434 0.042281 0.056064 0.058456 0.064250 0.081788 0.115764 0.217650 0.391236 0.529045 0.699182 1.164262 1.783457 2.017189 1.804988 1.611362 1.486689 1.047073 0.383099 0.009132 0.005806 0.044102 0.008196 -0.008567 0.001530 
0.003205 0.000873 0.004196 0.015582 0.032760 0.050584 0.057968 0.060098 0.072001 0.093772 0.155188 0.302750 0.466853 0.591245 0.890653 1.489160 1.968488 1.939259 1.688251 1.564946 1.315426 0.710684 0.141327 -0.020532 0.034180 0.030927 -0.005521 -0.004374 
0.000576 0.002546 0.001354 0.008963 0.023616 0.042414 0.055677 0.058566 0.064966 0.080769 0.115106 0.220393 0.390781 0.524438 0.701621 1.169961 1.779212 2.011384 1.810266 1.616648 1.480921 1.042870 0.388782 0.011551 0.001228 0.043594 0.010869 -0.009123 
-0.005667 0.003107 0.001408 0.003956 0.015500 0.033031 0.050410 0.057683 0.060740 0.071942 0.092359 0.156512 0.304767 0.463339 0.589301 0.896409 1.490437 1.961374 1.938822 1.695725 1.564530 1.308359 0.711975 0.147055 -0.022462 0.030664 0.032856 -0.004181 
-0.009380 -0.000431 0.003015 0.001524 0.008671 0.023783 0.042524 0.055294 0.058777 0.065540 0.079704 0.114755 0.222918 0.390060 0.520326 0.704045 1.175134 1.775226 2.005970 1.815221 1.621611 1.475545 1.038923 0.393940 0.013963 -0.002863 0.042818 0.013336 
-0.002739 -0.006778 0.002849 0.001938 0.003787 0.015395 0.033284 0.050210 0.057478 0.061371 0.071717 0.091140 0.157935 0.306398 0.459984 0.587738 0.901757 1.491514 1.954740 1.938429 1.702732 1.564161 1.301771 0.713064 0.152379 -0.024013 0.027299 0.034408 
0.015605 -0.009400 -0.001445 0.003359 0.001760 0.008406 0.023922 0.042603 0.054942 0.059057 0.065977 0.078637 0.114648 0.225235 0.389142 0.516628 0.706459 1.179847 1.771449 2.000939 1.819868 1.626268 1.470553 1.035181 0.398639 0.016370 -0.006546 0.041845 
0.035647 -0.001243 -0.007717 0.002473 0.002434 0.003691 0.015284 0.033499 0.050003 0.057352 0.061962 0.071370 0.090103 0.159409 0.307710 0.456779 0.586494 0.906756 1.492400 1.948541 1.938090 1.709294 1.563847 1.295618 0.713960 0.157357 -0.025245 0.024078 
0.040724 0.017686 -0.009232 -0.002434 0.003584 0.002037 0.008185 0.024029 0.042648 0.054638 0.059378 0.066289 0.077599 0.114735 0.227357 0.388076 0.513287 0.708862 1.184153 1.767850 1.996269 1.824228 1.630641 1.465922 1.031614 0.402933 0.018768 -0.009879 
0.020996 0.036622 0.000275 -0.008495 0.002009 0.002881 0.003663 0.015178 0.033666 0.049800 0.057298 0.062500 0.070932 0.089234 0.160903 0.308752 0.453718 0.585521 0.911446 1.493111 1.942740 1.937807 1.715438 1.563592 1.289859 0.714679 0.162033 -0.026208 
-0.012905 0.039490 0.019593 -0.008912 -0.003382 0.003701 0.002338 0.008018 0.024102 0.042657 0.054389 0.059724 0.066488 0.076606 0.114978 0.229297 0.386897 0.510257 0.711250 1.188097 1.764410 1.991932 1.828325 1.634751 1.461625 1.028203 0.406866 0.021154 
-0.026941 0.018047 0.037373 0.001791 -0.009127 0.001483 0.003269 0.003697 0.015082 0.033780 0.049610 0.057308 0.062975 0.070430 0.088518 0.162395 0.309564 0.450793 0.584780 0.915860 1.493664 1.937300 1.937577 1.721196 1.563391 1.284459 0.715239 0.166435 
0.023520 -0.015659 0.038171 0.021336 -0.008470 -0.004276 0.003722 0.002649 0.007905 0.024141 0.042634 0.054199 0.060079 0.066584 0.075669 0.115349 0.231069 0.385632 0.507503 0.713617 1.191715 1.761113 1.987901 1.832178 1.638620 1.457634 1.024933 0.410477 
