0.021678 -0.098135 0.500049 1.098548 0.980653 1.011956 0.996522 1.138215 0.582804 0.062347 0.308760 0.463439 0.675184 0.867576 0.984348 0.984165 0.866326 0.671462 0.459101 0.278780 0.153288 0.079970 0.042904 0.025210 0.015568 0.008916 0.004124 -0.001142 
0.032987 -0.081450 0.127346 0.872918 1.081446 0.979250 0.986737 1.107621 0.930820 0.243605 0.135651 0.403176 0.561554 0.778263 0.938635 0.999998 0.938191 0.774892 0.563868 0.362829 0.208866 0.110950 0.058043 0.032503 0.019833 0.011887 0.007331 -0.005134 
0.026679 -0.025216 -0.057577 0.500496 1.055486 1.037600 0.956319 1.053470 1.095148 0.583238 0.102892 0.261871 0.491290 0.665171 0.870017 0.983860 0.984184 0.866316 0.671493 0.459131 0.278787 0.153276 0.079957 0.042892 0.025271 0.015122 0.011361 -0.005918 
0.011776 0.018103 -0.090037 0.164823 0.833103 1.098906 0.977253 0.984741 1.125080 0.890997 0.281067 0.127058 0.388311 0.578499 0.769241 0.941779 0.999119 0.938335 0.774882 0.563907 0.362848 0.208861 0.110939 0.058006 0.032670 0.019003 0.015056 -0.001708 
-0.000127 0.031071 -0.046981 -0.032904 0.497596 1.037611 1.053283 0.947665 1.069153 1.077268 0.580325 0.127553 0.240112 0.495712 0.670993 0.864247 0.986718 0.983114 0.866594 0.671462 0.459173 0.278791 0.153276 0.079881 0.043168 0.024242 0.018023 0.005595 
-0.003171 0.021830 0.003897 -0.088789 0.183076 0.815072 1.100039 0.981169 0.988657 1.126212 0.872956 0.299305 0.128300 0.374123 0.588588 0.767794 0.939634 1.000974 0.937372 0.775235 0.563847 0.362887 0.208875 0.110829 0.058332 0.031730 0.020905 0.012938 
0.001656 0.006998 0.029038 -0.058582 -0.017121 0.497163 1.025007 1.058497 0.951127 1.074368 1.064660 0.579879 0.143323 0.228517 0.493709 0.678148 0.860304 0.987118 0.983800 0.865968 0.671798 0.459085 0.278863 0.153145 0.080174 0.042540 0.024970 0.018465 
0.009871 -0.001372 0.027122 -0.007073 -0.086127 0.195203 0.804560 1.095818 0.986893 0.994382 1.121989 0.862435 0.311418 0.130956 0.363172 0.593915 0.769609 0.936541 1.002354 0.937205 0.775011 0.564073 0.362844 0.208808 0.111005 0.058081 0.031586 0.022334 
0.017433 -0.000178 0.012988 0.025347 -0.065826 -0.005698 0.498164 1.014297 1.060177 0.958423 1.076048 1.053945 0.580866 0.154733 0.221279 0.490049 0.684168 0.858465 0.986044 0.984959 0.865463 0.671863 0.459228 0.278739 0.153245 0.080195 0.042033 0.026170 
0.022868 0.007214 0.001507 0.029827 -0.015688 -0.083418 0.204702 0.797191 1.089782 0.993080 1.000569 1.115951 0.855057 0.320901 0.133660 0.354576 0.596654 0.772504 0.933858 1.002840 0.937662 0.774567 0.564305 0.362822 0.208762 0.111188 0.057612 0.032066 
0.027217 0.015836 -0.000633 0.017729 0.021324 -0.070905 0.003414 0.499756 1.004651 1.060502 0.966869 1.076373 1.044293 0.582445 0.163833 0.216206 0.486055 0.688939 0.858006 0.984404 0.985965 0.865313 0.671701 0.459427 0.278625 0.153402 0.079989 0.041881 
0.032799 0.022729 0.005207 0.004625 0.031091 -0.022736 -0.080832 0.212745 0.791334 1.083267 0.999222 1.006712 1.109435 0.849190 0.328930 0.136241 0.347548 0.597953 0.775637 0.931826 1.002653 0.938372 0.774196 0.564392 0.362863 0.208778 0.111225 0.057214 
0.042039 0.027932 0.014129 -0.000259 0.021471 0.017342 -0.074732 0.011168 0.501494 0.995796 1.060290 0.975456 1.076162 1.035433 0.584170 0.171574 0.212386 0.482103 0.692710 0.858375 0.982656 0.986640 0.865472 0.671441 0.459565 0.278622 0.153497 0.079686 
0.056988 0.033563 0.022164 0.003795 0.007673 0.031499 -0.028705 -0.078337 0.219809 0.786299 1.076820 1.005123 1.012614 1.102986 0.844146 0.335978 0.138730 0.341598 0.598395 0.778701 0.930388 1.002041 0.939114 0.773995 0.564324 0.362959 0.208849 0.111107 
0.079373 0.042402 0.028317 0.012510 0.000608 0.024448 0.013501 -0.077733 0.018035 0.503163 0.987608 1.059880 0.983783 1.075753 1.027241 0.585825 0.178429 0.209391 0.478292 0.695717 0.859238 0.980995 0.986984 0.865838 0.671171 0.459614 0.278730 0.153504 
0.110882 0.056933 0.034256 0.021351 0.002868 0.010546 0.031358 -0.033891 -0.075891 0.226124 0.781765 1.070663 1.010710 1.018202 1.096828 0.839603 0.342279 0.141172 0.336432 0.598288 0.781589 0.929435 1.001181 0.939784 0.773966 0.564148 0.363083 0.208950 
0.153435 0.079097 0.042881 0.028426 0.011051 0.001773 0.026835 0.009821 -0.080132 0.024268 0.504669 0.980009 1.059422 0.991693 1.075295 1.019637 0.587318 0.184649 0.206999 0.474642 0.698134 0.860397 0.979495 0.987052 0.866318 0.670939 0.459588 0.278907 
0.209055 0.110603 0.057015 0.034834 0.020407 0.002323 0.013214 0.030843 -0.038472 -0.073464 0.231825 0.777572 1.064881 1.015967 1.023459 1.091044 0.835400 0.347964 0.143594 0.331870 0.597807 0.784273 0.928865 1.000190 0.940340 0.774075 0.563919 0.363213 
0.279110 0.153317 0.078880 0.043405 0.028320 0.009774 0.003115 0.028756 0.006298 -0.082062 0.030009 0.505976 0.972941 1.058983 0.999136 1.074856 1.012564 0.588612 0.190378 0.205075 0.471149 0.700084 0.861735 0.978176 0.986907 0.866844 0.670765 0.459512 
0.363331 0.209148 0.110315 0.057197 0.035288 0.019406 0.002079 0.015676 0.030059 -0.042566 -0.071045 0.237000 0.773634 1.059492 1.020899 1.028391 1.085654 0.831452 0.353124 0.146008 0.327796 0.597057 0.786750 0.928594 0.999142 0.940771 0.774282 0.563680 
0.459409 0.279307 0.153171 0.078731 0.043929 0.028054 0.008677 0.004562 0.030300 0.002927 -0.083611 0.035346 0.507081 0.966352 1.058589 1.006112 1.074463 1.005969 0.589703 0.195703 0.203533 0.467808 0.701656 0.863177 0.977037 0.986601 0.867370 0.670659 
0.563461 0.363425 0.209218 0.110047 0.057446 0.035618 0.018397 0.002071 0.017942 0.029078 -0.046253 -0.068631 0.241716 0.769901 1.054487 1.025525 1.033018 1.080647 0.827709 0.357825 0.148418 0.324129 0.596109 0.789031 0.928561 0.998086 0.941079 0.774557 
0.670622 0.459296 0.279474 0.153016 0.078651 0.044425 0.027669 0.007750 0.006064 0.031531 -0.000301 -0.084842 0.040338 0.507993 0.960197 1.058252 1.012642 1.074126 0.999810 0.590601 0.200683 0.202309 0.464610 0.702916 0.864674 0.976069 0.986176 0.867867 
0.774874 0.563280 0.363490 0.209259 0.109817 0.057738 0.035833 0.017409 0.002251 0.020021 0.027947 -0.049589 -0.066225 0.246026 0.766344 1.049843 1.029865 1.037359 1.076002 0.824142 0.362121 0.150819 0.320812 0.595012 0.791125 0.928716 0.997051 0.941272 
0.868317 0.670648 0.459185 0.279600 0.152863 0.078634 0.044873 0.027198 0.006981 0.007588 0.032498 -0.003391 -0.085803 0.045027 0.508727 0.954438 1.057971 1.018755 1.073845 0.994045 0.591322 0.205359 0.201355 0.461550 0.703912 0.866193 0.975260 0.985664 
0.941360 0.775214 0.563146 0.363525 0.209270 0.109635 0.058052 0.035944 0.016462 0.002583 0.021926 0.026703 -0.052619 -0.063831 0.249976 0.762942 1.045533 1.033943 1.041437 1.071690 0.820731 0.366056 0.153209 0.317802 0.593802 0.793045 0.929022 0.996058 
0.985091 0.868712 0.670733 0.459083 0.279681 0.152719 0.078677 0.045266 0.026664 0.006357 0.009111 0.033242 -0.006349 -0.086533 0.049443 0.509303 0.949038 1.057745 1.024483 1.073620 0.988640 0.591884 0.209763 0.200632 0.458622 0.704684 0.867711 0.974595 
0.995116 0.941354 0.775564 0.563064 0.363530 0.209251 0.109504 0.058377 0.035960 0.015567 0.003036 0.023669 0.025374 -0.055377 -0.061456 0.253603 0.759682 1.041529 1.037779 1.045274 1.067684 0.817461 0.369668 0.155579 0.315064 0.592507 0.794802 0.929450 
