0.000344 0.000898 0.003166 0.007720 0.050405 -0.026669 0.653288 1.385420 1.451599 1.691395 1.857242 2.090339 1.488070 0.769432 0.692947 0.455409 0.274875 0.145442 0.068821 0.031576 0.018007 0.015568 0.016120 0.015452 0.012449 0.008040 0.003915 0.001226 
0.000582 0.000353 0.002757 -0.001854 0.049848 -0.035201 0.233821 1.086100 1.455027 1.554124 1.764156 2.028934 1.878571 1.067882 0.693918 0.595765 0.352866 0.204110 0.101097 0.046296 0.022719 0.016008 0.015817 0.016070 0.014218 0.010314 0.005851 0.002346 
0.001292 -0.000102 0.003333 -0.006870 0.035538 0.003509 0.013879 0.653725 1.342363 1.508572 1.635783 1.914183 2.047238 1.488480 0.809990 0.646084 0.483257 0.264835 0.147871 0.068360 0.031633 0.018004 0.015571 0.016120 0.015452 0.012446 0.008047 0.003902 
0.002513 -0.000243 0.003515 -0.006284 0.015059 0.034961 -0.043794 0.271285 1.046281 1.472503 1.552156 1.762172 2.046369 1.838713 1.105339 0.685350 0.580915 0.369791 0.195062 0.104249 0.045456 0.022889 0.015984 0.015822 0.016070 0.014215 0.010321 0.005823 
0.004181 0.000266 0.002798 -0.002439 -0.001076 0.039931 -0.018259 0.038542 0.650814 1.324493 1.524281 1.627153 1.929861 2.029325 1.485544 0.834663 0.624350 0.487677 0.270629 0.142090 0.071245 0.030601 0.018289 0.015512 0.016132 0.015447 0.012457 0.007987 
0.006159 0.001574 0.001661 0.001392 -0.007749 0.025117 0.020753 -0.042553 0.289527 1.028246 1.473654 1.556102 1.766100 2.047478 1.820639 1.123571 0.686616 0.566742 0.379861 0.193590 0.102113 0.047349 0.021951 0.016324 0.015729 0.016087 0.014231 0.010228 
0.008294 0.003557 0.000995 0.003238 -0.006383 0.006050 0.037900 -0.029864 0.054315 0.650372 1.311895 1.529521 1.630640 1.935069 2.016683 1.485075 0.850445 0.612780 0.485673 0.277756 0.138135 0.071672 0.031324 0.017669 0.015821 0.016014 0.015510 0.012339 
0.010421 0.005918 0.001433 0.003091 -0.001679 -0.005952 0.030412 0.009783 -0.039898 0.301642 1.017729 1.469449 1.561855 1.771837 2.043233 1.810085 1.135678 0.689296 0.555806 0.385170 0.195380 0.099028 0.048767 0.021811 0.016087 0.015922 0.016023 0.014167 
0.012451 0.008330 0.003055 0.002197 0.002205 -0.008221 0.012040 0.034212 -0.037113 0.065727 0.651362 1.301190 1.531226 1.637960 1.936744 2.005934 1.486040 0.861868 0.605566 0.482010 0.283749 0.136285 0.070625 0.032521 0.017171 0.015859 0.016126 0.015377 
0.014125 0.010619 0.005459 0.001916 0.003624 -0.004340 -0.003075 0.033118 0.001167 -0.037197 0.311129 1.010356 1.463429 1.568070 1.778035 2.037172 1.802673 1.145157 0.692023 0.547224 0.387891 0.198250 0.096353 0.049291 0.022293 0.015631 0.016121 0.015980 
0.015253 0.012620 0.008138 0.002910 0.003245 0.000605 -0.008680 0.016782 0.030190 -0.042195 0.074829 0.652944 1.291549 1.531577 1.646430 1.937063 1.996250 1.487596 0.870980 0.600517 0.478014 0.288493 0.135814 0.069012 0.033564 0.017028 0.015670 0.016295 
0.015999 0.014144 0.010671 0.005071 0.002651 0.003485 -0.006351 0.000041 0.034385 -0.005880 -0.034618 0.319160 1.004495 1.456931 1.574242 1.784189 2.030633 1.796774 1.153180 0.694628 0.540210 0.389172 0.201360 0.094328 0.049141 0.023029 0.015247 0.016175 
0.016403 0.015242 0.012728 0.007849 0.003073 0.003961 -0.001104 -0.008310 0.020524 0.026210 -0.046025 0.082572 0.654672 1.282700 1.531391 1.655042 1.936845 1.987357 1.489298 0.878733 0.596721 0.474060 0.292238 0.136172 0.067290 0.034275 0.017194 0.015384 
0.016074 0.016073 0.014219 0.010569 0.004855 0.003419 0.002919 -0.007766 0.003087 0.034795 -0.011850 -0.032131 0.326212 0.999456 1.450501 1.580172 1.790102 2.024162 1.791697 1.160223 0.697140 0.534274 0.389596 0.204400 0.092899 0.048566 0.023796 0.015035 
0.015088 0.016421 0.015341 0.012746 0.007550 0.003443 0.004346 -0.002726 -0.007446 0.023502 0.022371 -0.049030 0.089428 0.656331 1.274518 1.531007 1.663392 1.936430 1.979132 1.490932 0.885600 0.593750 0.470247 0.295218 0.137024 0.065655 0.034655 0.017567 
0.014994 0.015865 0.016177 0.014322 0.010359 0.004811 0.004114 0.002105 -0.008697 0.005958 0.034656 -0.017035 -0.029692 0.332515 0.994918 1.444362 1.585788 1.795701 2.017981 1.787121 1.166519 0.699605 0.529122 0.389472 0.207264 0.091954 0.047743 0.024491 
0.018055 0.014829 0.016364 0.015509 0.012689 0.007288 0.003928 0.004456 -0.004187 -0.006284 0.025890 0.018692 -0.051432 0.095650 0.657827 1.266925 1.530575 1.671325 1.935966 1.971496 1.492402 0.891832 0.591381 0.466594 0.297609 0.138173 0.064181 0.034760 
0.025072 0.015091 0.015603 0.016285 0.014431 0.010096 0.004904 0.004696 0.001160 -0.009244 0.008625 0.034142 -0.021617 -0.027272 0.338204 0.990721 1.438596 1.591072 1.800968 2.012175 1.782887 1.172199 0.702050 0.524573 0.388973 0.209924 0.091392 0.046788 
0.034651 0.018588 0.014629 0.016257 0.015704 0.012582 0.007086 0.004459 0.004351 -0.005467 -0.004944 0.027811 0.015172 -0.053366 0.101380 0.659124 1.259863 1.530161 1.678792 1.935520 1.964390 1.493675 0.897572 0.589480 0.463100 0.299533 0.139501 0.062888 
0.045776 0.025528 0.015288 0.015332 0.016381 0.014527 0.009823 0.005097 0.005152 0.000158 -0.009492 0.011085 0.033360 -0.025711 -0.024861 0.343366 0.986780 1.433224 1.596033 1.805912 2.006762 1.778907 1.177354 0.704486 0.520512 0.388206 0.212379 0.091129 
0.061775 0.034380 0.019122 0.014498 0.016124 0.015891 0.012448 0.006952 0.004990 0.004085 -0.006567 -0.003500 0.029354 0.011802 -0.054918 0.106706 0.660219 1.253280 1.529794 1.685791 1.935120 1.957764 1.494745 0.902909 0.587961 0.459756 0.301080 0.140932 
0.091104 0.044756 0.025862 0.015551 0.015080 0.016454 0.014600 0.009570 0.005357 0.005486 -0.000853 -0.009503 0.013349 0.032380 -0.029398 -0.022455 0.348070 0.983043 1.428236 1.600687 1.810548 2.001733 1.775133 1.182050 0.706917 0.516859 0.387241 0.214636 
0.142418 0.060832 0.033991 0.019627 0.014434 0.015980 0.016049 0.012304 0.006885 0.005492 0.003701 -0.007496 -0.002001 0.030586 0.008576 -0.056152 0.111687 0.661121 1.247132 1.529482 1.692344 1.934777 1.951573 1.495622 0.907901 0.586760 0.456556 0.302315 
0.216708 0.091266 0.043757 0.026080 0.015857 0.014867 0.016497 0.014644 0.009355 0.005660 0.005705 -0.001842 -0.009326 0.015427 0.031251 -0.032734 -0.020056 0.352368 0.979483 1.423610 1.605056 1.814900 1.997065 1.771535 1.186340 0.709341 0.513555 0.386127 
0.303287 0.143927 0.060047 0.033515 0.020085 0.014435 0.015839 0.016167 0.012162 0.006884 0.005948 0.003230 -0.008268 -0.000480 0.031554 0.005487 -0.057117 0.116365 0.661846 1.241380 1.529227 1.698480 1.934490 1.945776 1.496321 0.912588 0.585828 0.453494 
0.384900 0.218605 0.091580 0.042799 0.026193 0.016186 0.014701 0.016511 0.014657 0.009188 0.005985 0.005818 -0.002791 -0.008997 0.017331 0.030009 -0.035764 -0.017670 0.356306 0.976078 1.419317 1.609161 1.818988 1.992731 1.768092 1.190270 0.711751 0.510558 
0.450564 0.304034 0.145435 0.059407 0.032977 0.020487 0.014495 0.015707 0.016238 0.012030 0.006941 0.006348 0.002696 -0.008895 0.001041 0.032297 0.002531 -0.057851 0.120770 0.662411 1.235986 1.529026 1.704230 1.934257 1.940340 1.496862 0.917003 0.585126 
0.507832 0.383589 0.220340 0.092015 0.041893 0.026212 0.016526 0.014587 0.016494 0.014641 0.009072 0.006321 0.005838 -0.003688 -0.008547 0.019072 0.028681 -0.038522 -0.015302 0.359921 0.972815 1.415331 1.613025 1.822834 1.988703 1.764792 1.193877 0.714143 
