0.836895 1.125165 1.246464 1.273160 1.087167 1.616371 2.162459 1.974568 1.871323 1.649908 1.567882 0.855025 0.297159 0.603087 0.818947 0.985017 0.978208 0.794604 0.514252 0.250094 0.080160 0.011891 0.000116 0.000116 0.011890 0.079906 0.251959 0.505969 
0.667080 0.997594 1.199709 1.294622 1.141133 1.275857 1.962177 2.115861 1.915773 1.749950 1.646155 1.268705 0.481557 0.392886 0.735291 0.912641 1.006662 0.904952 0.659402 0.373826 0.151223 0.035465 0.002396 -0.000102 0.002490 0.034788 0.153831 0.367837 
0.507655 0.839976 1.112241 1.276915 1.224805 1.128317 1.616791 2.119437 2.031451 1.815597 1.706801 1.524831 0.855538 0.337799 0.556238 0.846741 0.974889 0.980568 0.794135 0.514370 0.250181 0.080219 0.011877 -0.000006 0.000242 0.011050 0.082036 0.249068 
0.366088 0.672723 0.986531 1.216640 1.280721 1.131646 1.313911 1.922265 2.133337 1.913684 1.747876 1.663592 1.228932 0.519114 0.384368 0.720417 0.929489 0.997529 0.908062 0.658590 0.374079 0.151278 0.035505 0.002269 0.000062 0.001749 0.035920 0.153384 
0.246620 0.511830 0.834595 1.116378 1.282332 1.202962 1.152697 1.614305 2.101429 2.047125 1.806839 1.722434 1.506965 0.852704 0.362553 0.534518 0.851106 0.980595 0.974717 0.797013 0.513399 0.250550 0.080239 0.011786 0.000129 -0.000229 0.011259 0.082910 
0.151767 0.367752 0.672003 0.983996 1.226307 1.267330 1.132456 1.332290 1.904431 2.134341 1.917566 1.751697 1.664707 1.210942 0.537448 0.385685 0.706221 0.939482 0.995972 0.905883 0.660513 0.373216 0.151725 0.035361 0.002364 -0.000128 0.001401 0.037034 
0.082436 0.246509 0.513183 0.830929 1.122351 1.280773 1.191593 1.168162 1.614154 2.088840 2.052232 1.810247 1.727577 1.494378 0.852336 0.378418 0.522961 0.849046 0.987635 0.970693 0.797434 0.514175 0.250043 0.080559 0.011689 0.000174 -0.000743 0.011978 
0.037297 0.151055 0.369155 0.669895 0.985089 1.231148 1.256969 1.134949 1.344378 1.894150 2.130027 1.923208 1.757358 1.660452 1.200477 0.549654 0.388417 0.695261 0.944714 0.997677 0.902759 0.661952 0.373172 0.151555 0.035553 0.002360 -0.000484 0.001566 
0.012400 0.081918 0.247162 0.512863 0.829304 1.127458 1.277303 1.184658 1.179349 1.615314 2.078220 2.053785 1.817477 1.729202 1.483673 0.853406 0.389921 0.515761 0.845328 0.993539 0.968776 0.796375 0.515436 0.249642 0.080611 0.011864 -0.000079 -0.000904 
0.001835 0.037171 0.151069 0.369752 0.667963 0.987449 1.233407 1.248811 1.137637 1.353787 1.886979 2.123950 1.929279 1.763490 1.654383 1.193149 0.559234 0.391193 0.686657 0.947356 1.000464 0.900041 0.662502 0.373751 0.151148 0.035795 0.002324 -0.000815 
-0.000916 0.012540 0.081688 0.247832 0.511850 0.829016 1.131482 1.273366 1.179894 1.188307 1.616988 2.068690 2.053998 1.825836 1.729485 1.474028 0.855067 0.399114 0.510726 0.841277 0.998195 0.968238 0.794749 0.516551 0.249578 0.080459 0.012094 -0.000374 
-0.001053 0.001999 0.037008 0.151419 0.369718 0.666536 0.990157 1.234248 1.242113 1.140285 1.361737 1.881278 2.117433 1.935296 1.769573 1.647846 1.187329 0.567361 0.393848 0.679620 0.948559 1.003490 0.897970 0.662385 0.374575 0.150813 0.035914 0.002306 
-0.000577 -0.000926 0.012529 0.081738 0.248279 0.510642 0.829528 1.134620 1.269392 1.176368 1.195972 1.618763 2.059952 2.053694 1.834320 1.729235 1.465177 0.856871 0.406951 0.506943 0.837268 1.001854 0.968525 0.793018 0.517335 0.249814 0.080230 0.012248 
0.002308 -0.001204 0.002022 0.036943 0.151867 0.369280 0.665605 0.992867 1.234257 1.236413 1.142889 1.368720 1.876361 2.111005 1.941072 1.775404 1.641382 1.182329 0.574507 0.396412 0.673659 0.948907 1.006445 0.896494 0.661847 0.375421 0.150658 0.035888 
0.012292 -0.000674 -0.000984 0.012461 0.081984 0.248470 0.509459 0.830512 1.137073 1.265510 1.173645 1.202803 1.620444 2.051871 2.053214 1.842533 1.728787 1.456998 0.858603 0.413903 0.503985 0.833399 1.004748 0.969304 0.791378 0.517783 0.250252 0.080007 
0.035753 0.002318 -0.001294 0.001938 0.037001 0.152295 0.368606 0.665089 0.995451 1.233741 1.231438 1.145473 1.374973 1.871916 2.104880 1.946541 1.780912 1.635214 1.177831 0.580903 0.398930 0.668482 0.948707 1.009223 0.895505 0.661062 0.376188 0.150684 
0.079831 0.012243 -0.000697 -0.001087 0.012391 0.082345 0.248438 0.508388 0.831776 1.138997 1.261757 1.171500 1.209037 1.621948 2.044367 2.052700 1.850325 1.728287 1.449413 0.860170 0.420220 0.501630 0.829692 1.007052 0.970381 0.789902 0.517951 0.250807 
0.150858 0.035561 0.002318 -0.001353 0.001794 0.037161 0.152652 0.367806 0.664903 0.997867 1.232872 1.227022 1.148053 1.380631 1.867788 2.099133 1.951688 1.786081 1.629421 1.173676 0.586683 0.401427 0.663910 0.948132 1.011796 0.894901 0.660145 0.376836 
0.251411 0.079721 0.012129 -0.000685 -0.001222 0.012347 0.082755 0.248233 0.507460 0.833205 1.140500 1.258141 1.169802 1.214809 1.623249 2.037378 2.052218 1.857649 1.727800 1.442360 0.861539 0.426043 0.499744 0.826142 1.008888 0.971636 0.788608 0.517900 
0.377358 0.151140 0.035352 0.002298 -0.001401 0.001632 0.037396 0.152918 0.366953 0.664975 1.000104 1.231754 1.223057 1.150633 1.385781 1.863898 2.093780 1.956519 1.790920 1.624021 1.169778 0.591935 0.403917 0.659826 0.947287 1.014163 0.894599 0.659168 
0.517683 0.252020 0.079681 0.011974 -0.000672 -0.001371 0.012344 0.083171 0.247897 0.506683 0.834727 1.141663 1.254661 1.168466 1.220201 1.624346 2.030856 2.051789 1.864508 1.727354 1.435790 0.862706 0.431462 0.498240 0.822744 1.010345 0.972997 0.787495 
0.658180 0.377756 0.151496 0.035155 0.002250 -0.001455 0.001480 0.037679 0.153089 0.366091 0.665251 1.002165 1.230455 1.219473 1.153213 1.390489 1.860200 2.088809 1.961053 1.795449 1.619002 1.166089 0.596728 0.406400 0.656150 0.946244 1.016333 0.894536 
0.786552 0.517345 0.252605 0.079710 0.011799 -0.000677 -0.001521 0.012386 0.083565 0.247467 0.506050 0.836295 1.142544 1.251315 1.167429 1.225265 1.625252 2.024756 2.051423 1.870924 1.726959 1.429655 0.863681 0.436534 0.497054 0.819489 1.011490 0.974415 
0.894662 0.657210 0.378040 0.151899 0.034989 0.002172 -0.001522 0.001356 0.037991 0.153169 0.365252 0.665689 1.004057 1.229022 1.216216 1.155786 1.394807 1.856669 2.084194 1.965308 1.799691 1.614343 1.162577 0.601115 0.408876 0.652825 0.945051 1.018317 
0.975856 0.785766 0.516919 0.253148 0.079801 0.011618 -0.000713 -0.001665 0.012474 0.083919 0.246969 0.505555 0.837877 1.143186 1.248100 1.166646 1.230039 1.625983 2.019041 2.051117 1.876927 1.726617 1.423916 0.864480 0.441302 0.496139 0.816372 1.012370 
1.020128 0.894940 0.656279 0.378221 0.152328 0.034863 0.002064 -0.001608 0.001269 0.038316 0.153165 0.364452 0.666255 1.005789 1.227489 1.213247 1.158346 1.398777 1.853287 2.079909 1.969307 1.803669 1.610015 1.159222 0.605142 0.411339 0.649807 0.943745 
1.013026 0.977299 0.785123 0.516429 0.253639 0.079950 0.011441 -0.000786 -0.001796 0.012605 0.084224 0.246424 0.505188 0.839453 1.143625 1.245013 1.166079 1.234552 1.626560 2.013676 2.050868 1.882548 1.726327 1.418535 0.865122 0.445797 0.495454 0.813388 
0.942354 1.021776 0.895341 0.655397 0.378309 0.152770 0.034782 0.001928 -0.001714 0.001224 0.038644 0.153084 0.363703 0.666924 1.007368 1.225883 1.210535 1.160886 1.402437 1.850043 2.075925 1.973069 1.807406 1.605990 1.156011 0.608846 0.413782 0.647060 
