0.108346 0.088238 0.057332 0.028668 0.012072 0.011296 0.027682 0.067581 0.146578 0.283779 0.485631 0.728392 0.954515 1.092501 1.092501 0.954515 0.728392 0.485631 0.283779 0.146578 0.067581 0.027682 0.011296 0.012072 0.028668 0.057332 0.088238 0.108346 
0.111105 0.100393 0.073320 0.041971 0.018502 0.009652 0.017146 0.043918 0.100920 0.206967 0.377267 0.604839 0.848072 1.038565 1.111055 1.038565 0.848072 0.604839 0.377267 0.206967 0.100920 0.043918 0.017146 0.009652 0.018502 0.041971 0.073320 0.100393 
0.108336 0.108336 0.088235 0.057339 0.028680 0.012082 0.011296 0.027668 0.067559 0.146563 0.283791 0.485671 0.728429 0.954510 1.092452 1.092452 0.954510 0.728429 0.485671 0.283791 0.146563 0.067559 0.027668 0.011296 0.012082 0.028680 0.057339 0.088235 
0.100386 0.111094 0.100386 0.073322 0.041981 0.018514 0.009657 0.017139 0.043898 0.100899 0.206964 0.377295 0.604883 0.848091 1.038535 1.110999 1.038535 0.848091 0.604883 0.377295 0.206964 0.100899 0.043898 0.017139 0.009657 0.018514 0.041981 0.073322 
0.088232 0.108326 0.108326 0.088232 0.057346 0.028692 0.012091 0.011296 0.027654 0.067536 0.146547 0.283803 0.485711 0.728466 0.954505 1.092403 1.092403 0.954505 0.728466 0.485711 0.283803 0.146547 0.067536 0.027654 0.011296 0.012091 0.028692 0.057346 
0.073324 0.100379 0.111083 0.100379 0.073324 0.041991 0.018526 0.009663 0.017132 0.043879 0.100877 0.206960 0.377323 0.604927 0.848111 1.038505 1.110943 1.038505 0.848111 0.604927 0.377323 0.206960 0.100877 0.043879 0.017132 0.009663 0.018526 0.041991 
0.057353 0.088230 0.108317 0.108317 0.088230 0.057353 0.028704 0.012101 0.011296 0.027641 0.067514 0.146532 0.283815 0.485752 0.728503 0.954500 1.092354 1.092354 0.954500 0.728503 0.485752 0.283815 0.146532 0.067514 0.027641 0.011296 0.012101 0.028704 
0.042002 0.073326 0.100372 0.111073 0.100372 0.073326 0.042002 0.018538 0.009669 0.017125 0.043859 0.100856 0.206957 0.377351 0.604971 0.848130 1.038475 1.110888 1.038475 0.848130 0.604971 0.377351 0.206957 0.100856 0.043859 0.017125 0.009669 0.018538 
0.028716 0.057359 0.088227 0.108307 0.108307 0.088227 0.057359 0.028716 0.012111 0.011296 0.027627 0.067491 0.146517 0.283828 0.485792 0.728539 0.954495 1.092306 1.092306 0.954495 0.728539 0.485792 0.283828 0.146517 0.067491 0.027627 0.011296 0.012111 
0.018550 0.042012 0.073328 0.100366 0.111062 0.100366 0.073328 0.042012 0.018550 0.009674 0.017118 0.043840 0.100834 0.206954 0.377379 0.605015 0.848149 1.038445 1.110832 1.038445 0.848149 0.605015 0.377379 0.206954 0.100834 0.043840 0.017118 0.009674 
0.012120 0.028728 0.057366 0.088224 0.108297 0.108297 0.088224 0.057366 0.028728 0.012120 0.011296 0.027613 0.067469 0.146503 0.283840 0.485832 0.728576 0.954490 1.092257 1.092257 0.954490 0.728576 0.485832 0.283840 0.146503 0.067469 0.027613 0.011296 
0.009680 0.018561 0.042022 0.073330 0.100359 0.111051 0.100359 0.073330 0.042022 0.018561 0.009680 0.017112 0.043820 0.100813 0.206951 0.377408 0.605058 0.848168 1.038415 1.110777 1.038415 0.848168 0.605058 0.377408 0.206951 0.100813 0.043820 0.017112 
0.011296 0.012130 0.028740 0.057373 0.088221 0.108287 0.108287 0.088221 0.057373 0.028740 0.012130 0.011296 0.027600 0.067446 0.146488 0.283853 0.485872 0.728612 0.954485 1.092209 1.092209 0.954485 0.728612 0.485872 0.283853 0.146488 0.067446 0.027600 
0.017105 0.009685 0.018573 0.042032 0.073332 0.100352 0.111040 0.100352 0.073332 0.042032 0.018573 0.009685 0.017105 0.043801 0.100791 0.206948 0.377436 0.605102 0.848186 1.038386 1.110723 1.038386 0.848186 0.605102 0.377436 0.206948 0.100791 0.043801 
0.027586 0.011296 0.012140 0.028752 0.057379 0.088219 0.108278 0.108278 0.088219 0.057379 0.028752 0.012140 0.011296 0.027586 0.067423 0.146473 0.283866 0.485912 0.728648 0.954479 1.092161 1.092161 0.954479 0.728648 0.485912 0.283866 0.146473 0.067423 
0.043781 0.017098 0.009691 0.018585 0.042042 0.073334 0.100345 0.111030 0.100345 0.073334 0.042042 0.018585 0.009691 0.017098 0.043781 0.100770 0.206945 0.377464 0.605145 0.848205 1.038356 1.110668 1.038356 0.848205 0.605145 0.377464 0.206945 0.100770 
0.067400 0.027572 0.011295 0.012150 0.028764 0.057386 0.088216 0.108268 0.108268 0.088216 0.057386 0.028764 0.012150 0.011295 0.027572 0.067400 0.146458 0.283878 0.485952 0.728684 0.954474 1.092113 1.092113 0.954474 0.728684 0.485952 0.283878 0.146458 
0.100748 0.043761 0.017091 0.009697 0.018597 0.042052 0.073336 0.100338 0.111019 0.100338 0.073336 0.042052 0.018597 0.009697 0.017091 0.043761 0.100748 0.206943 0.377493 0.605188 0.848223 1.038326 1.110614 1.038326 0.848223 0.605188 0.377493 0.206943 
0.146443 0.067378 0.027558 0.011295 0.012160 0.028776 0.057392 0.088213 0.108258 0.108258 0.088213 0.057392 0.028776 0.012160 0.011295 0.027558 0.067378 0.146443 0.283891 0.485992 0.728720 0.954468 1.092066 1.092066 0.954468 0.728720 0.485992 0.283891 
0.206940 0.100727 0.043742 0.017084 0.009703 0.018609 0.042062 0.073338 0.100331 0.111008 0.100331 0.073338 0.042062 0.018609 0.009703 0.017084 0.043742 0.100727 0.206940 0.377522 0.605231 0.848241 1.038296 1.110560 1.038296 0.848241 0.605231 0.377522 
0.283904 0.146429 0.067355 0.027544 0.011295 0.012169 0.028788 0.057399 0.088211 0.108248 0.108248 0.088211 0.057399 0.028788 0.012169 0.011295 0.027544 0.067355 0.146429 0.283904 0.486032 0.728755 0.954462 1.092018 1.092018 0.954462 0.728755 0.486032 
0.377550 0.206938 0.100705 0.043722 0.017077 0.009708 0.018621 0.042072 0.073340 0.100324 0.110997 0.100324 0.073340 0.042072 0.018621 0.009708 0.017077 0.043722 0.100705 0.206938 0.377550 0.605274 0.848259 1.038267 1.110506 1.038267 0.848259 0.605274 
0.486072 0.283918 0.146414 0.067332 0.027530 0.011295 0.012179 0.028800 0.057405 0.088208 0.108239 0.108239 0.088208 0.057405 0.028800 0.012179 0.011295 0.027530 0.067332 0.146414 0.283918 0.486072 0.728791 0.954457 1.091971 1.091971 0.954457 0.728791 
0.605317 0.377579 0.206935 0.100684 0.043702 0.017070 0.009714 0.018633 0.042082 0.073342 0.100317 0.110987 0.100317 0.073342 0.042082 0.018633 0.009714 0.017070 0.043702 0.100684 0.206935 0.377579 0.605317 0.848277 1.038237 1.110452 1.038237 0.848277 
0.728826 0.486112 0.283931 0.146400 0.067309 0.027516 0.011295 0.012189 0.028812 0.057412 0.088205 0.108229 0.108229 0.088205 0.057412 0.028812 0.012189 0.011295 0.027516 0.067309 0.146400 0.283931 0.486112 0.728826 0.954451 1.091924 1.091924 0.954451 
0.848295 0.605360 0.377608 0.206933 0.100662 0.043682 0.017063 0.009720 0.018645 0.042092 0.073344 0.100310 0.110976 0.100310 0.073344 0.042092 0.018645 0.009720 0.017063 0.043682 0.100662 0.206933 0.377608 0.605360 0.848295 1.038208 1.110398 1.038208 
0.954445 0.728861 0.486152 0.283944 0.146385 0.067286 0.027502 0.011295 0.012199 0.028824 0.057419 0.088202 0.108219 0.108219 0.088202 0.057419 0.028824 0.012199 0.011295 0.027502 0.067286 0.146385 0.283944 0.486152 0.728861 0.954445 1.091877 1.091877 
1.038178 0.848313 0.605403 0.377637 0.206931 0.100641 0.043662 0.017056 0.009726 0.018657 0.042102 0.073346 0.100303 0.110965 0.100303 0.073346 0.042102 0.018657 0.009726 0.017056 0.043662 0.100641 0.206931 0.377637 0.605403 0.848313 1.038178 1.110345 
