0.005134 0.026928 -0.087850 0.527673 1.165716 1.124102 1.281983 1.443310 1.783700 1.388372 0.913103 1.032732 0.885930 0.685555 0.464794 0.277100 0.145587 0.067572 0.027672 0.010305 0.005393 0.007830 0.014496 0.022095 0.027093 0.027082 0.022075 0.014171 
0.002877 0.038233 -0.074748 0.144257 0.916706 1.181165 1.179198 1.339853 1.654141 1.665936 1.090613 0.946238 0.995699 0.785560 0.574741 0.364556 0.204018 0.100720 0.043925 0.016946 0.006697 0.005902 0.010827 0.018407 0.025115 0.027775 0.025017 0.019279 
0.004149 0.032969 -0.019993 -0.047259 0.528099 1.122644 1.181032 1.226349 1.500286 1.740670 1.388818 0.953620 0.985796 0.913748 0.675543 0.467268 0.276658 0.145634 0.067550 0.027666 0.010307 0.005397 0.007835 0.014498 0.022091 0.027140 0.026656 0.024482 
0.010225 0.019817 0.023334 -0.083330 0.181745 0.876871 1.198612 1.177190 1.337873 1.671637 1.626141 1.128067 0.937604 0.980790 0.802486 0.565737 0.367743 0.203181 0.100873 0.043886 0.016947 0.006700 0.005907 0.010833 0.018383 0.025274 0.026953 0.028175 
0.018695 0.009953 0.037372 -0.041770 -0.022571 0.525194 1.104749 1.196703 1.217695 1.516000 1.722827 1.385916 0.978253 0.963990 0.918136 0.681365 0.461532 0.279563 0.144591 0.067816 0.027597 0.010320 0.005399 0.007849 0.014441 0.022367 0.026110 0.029558 
0.026044 0.008755 0.029888 0.009123 -0.082082 0.200007 0.858824 1.199728 1.181099 1.341805 1.672807 1.608129 1.146296 0.938805 0.966558 0.812557 0.564308 0.365643 0.205076 0.099918 0.044211 0.016850 0.006722 0.005929 0.010743 0.018719 0.024331 0.028859 
0.029997 0.014742 0.017086 0.035347 -0.053377 -0.006780 0.524759 1.092125 1.201903 1.221160 1.521243 1.710256 1.385482 0.993996 0.952348 0.916100 0.688520 0.457623 0.280010 0.145304 0.067178 0.027896 0.010203 0.005468 0.007735 0.014749 0.021740 0.026839 
0.030288 0.022966 0.010549 0.035194 -0.001849 -0.079419 0.212141 0.848299 1.195487 1.186816 1.347546 1.668621 1.597635 1.158400 0.941421 0.955563 0.817866 0.566142 0.362594 0.206497 0.099760 0.043959 0.017040 0.006663 0.005871 0.010939 0.018477 0.024187 
0.028040 0.028960 0.012897 0.023082 0.031664 -0.060625 0.004649 0.525758 1.081396 1.203567 1.228459 1.522952 1.699578 1.386481 1.005379 0.945063 0.912405 0.694540 0.455819 0.278983 0.146490 0.066661 0.027924 0.010316 0.005341 0.007852 0.014786 0.021235 
0.024668 0.030821 0.020298 0.013425 0.037908 -0.010463 -0.076710 0.221644 0.840918 1.189431 1.192995 1.353749 1.662620 1.590285 1.167875 0.944083 0.946923 0.820586 0.569055 0.359956 0.207024 0.100224 0.043488 0.017235 0.006625 0.005834 0.011140 0.018016 
0.021088 0.029088 0.027356 0.012433 0.027829 0.027647 -0.065705 0.013765 0.527348 1.071731 1.203876 1.236909 1.523306 1.689963 1.388071 1.014451 0.939943 0.908377 0.699311 0.455394 0.277390 0.147523 0.066500 0.027726 0.010487 0.005224 0.008026 0.014595 
0.017627 0.025402 0.030679 0.018281 0.016541 0.039181 -0.017509 -0.074123 0.229691 0.835051 1.182896 1.199129 1.359910 1.656140 1.584446 1.175895 0.946623 0.939850 0.821867 0.572208 0.357967 0.206878 0.100943 0.043088 0.017285 0.006649 0.005860 0.011196 
0.014307 0.021249 0.029803 0.025642 0.012798 0.031575 0.023671 -0.069531 0.021522 0.529084 1.062858 1.203647 1.245501 1.523124 1.681140 1.389807 1.022165 0.936076 0.904391 0.703083 0.455797 0.275688 0.148224 0.066647 0.027429 0.010595 0.005219 0.008139 
0.011096 0.017410 0.026169 0.030111 0.016860 0.019587 0.039596 -0.023476 -0.071626 0.236758 0.830005 1.176429 1.205022 1.365829 1.649728 1.579429 1.182936 0.949072 0.933856 0.822291 0.575290 0.356573 0.206306 0.101692 0.042860 0.017180 0.006727 0.005940 
0.008162 0.014008 0.021618 0.030187 0.024016 0.013659 0.034556 0.019836 -0.072531 0.028393 0.530751 1.054654 1.203221 1.253832 1.522744 1.672983 1.391475 1.028993 0.933035 0.900546 0.706090 0.456694 0.274074 0.148595 0.067001 0.027123 0.010614 0.005324 
0.006050 0.010889 0.017365 0.026863 0.029295 0.015924 0.022458 0.039462 -0.028658 -0.069178 0.243075 0.825462 1.170253 1.210601 1.371434 1.643606 1.574913 1.189229 0.951473 0.928646 0.822166 0.578197 0.355665 0.205486 0.102370 0.042804 0.016968 0.006835 
0.005499 0.008109 0.013747 0.022101 0.030295 0.022550 0.014817 0.036947 0.016161 -0.074928 0.034628 0.532254 1.047039 1.202747 1.261745 1.522316 1.665416 1.392978 1.035187 0.930596 0.896861 0.708507 0.457888 0.272621 0.148690 0.067470 0.026854 0.010559 
0.006948 0.006165 0.010628 0.017457 0.027443 0.028346 0.015372 0.025125 0.038952 -0.033236 -0.066749 0.248777 0.821259 1.164451 1.215849 1.376709 1.637859 1.570738 1.194906 0.953855 0.924039 0.821666 0.580900 0.355139 0.204535 0.102934 0.042885 0.016702 
0.010453 0.005699 0.008007 0.013545 0.022631 0.030188 0.021266 0.016154 0.038871 0.012644 -0.076856 0.040372 0.533558 1.039954 1.202290 1.269193 1.521906 1.658378 1.394284 1.040889 0.928626 0.893335 0.710457 0.459261 0.271348 0.148571 0.067984 0.026645 
0.016426 0.007049 0.006267 0.010357 0.017650 0.027899 0.027341 0.015119 0.027586 0.038174 -0.037326 -0.064327 0.253953 0.817310 1.159042 1.220773 1.381659 1.632504 1.566817 1.200058 0.956228 0.919920 0.820897 0.583396 0.354914 0.203528 0.103372 0.043066 
0.026503 0.010321 0.005893 0.007878 0.013411 0.023162 0.029920 0.020161 0.017595 0.040417 0.009278 -0.078402 0.045712 0.534659 1.033348 1.201880 1.276173 1.521543 1.651819 1.395386 1.046187 0.927037 0.889959 0.712029 0.460737 0.270256 0.148291 0.068499 
0.043313 0.016170 0.007127 0.006346 0.010107 0.017909 0.028231 0.026326 0.015104 0.029850 0.037197 -0.041009 -0.061911 0.258670 0.813568 1.154018 1.225390 1.386303 1.627534 1.563101 1.204751 0.958597 0.916209 0.819931 0.585695 0.354924 0.202512 0.103688 
0.068984 0.026429 0.010179 0.006058 0.007738 0.013345 0.023663 0.029533 0.019227 0.019091 0.041651 0.006055 -0.079630 0.050706 0.535567 1.027178 1.201526 1.282707 1.521235 1.645695 1.396296 1.051141 0.925766 0.886726 0.713289 0.462269 0.269335 0.147892 
0.103889 0.043603 0.015953 0.007175 0.006396 0.009894 0.018211 0.028448 0.025333 0.015277 0.031928 0.036071 -0.044341 -0.059502 0.262981 0.810000 1.149355 1.229722 1.390662 1.622925 1.559561 1.209039 0.960959 0.912848 0.818815 0.587809 0.355124 0.201517 
0.147407 0.069423 0.026420 0.010039 0.006181 0.007601 0.013344 0.024118 0.029060 0.018451 0.020610 0.042621 0.002970 -0.080588 0.055397 0.536298 1.021402 1.201229 1.288823 1.520984 1.639966 1.397028 1.055791 0.924766 0.883632 0.714286 0.463822 0.268571 
0.200563 0.103985 0.043916 0.015783 0.007194 0.006415 0.009730 0.018536 0.028560 0.024381 0.015601 0.033832 0.034832 -0.047367 -0.057105 0.266932 0.806589 1.145026 1.233791 1.394758 1.618649 1.556176 1.212966 0.963308 0.909793 0.817586 0.589748 0.355474 
0.267953 0.146859 0.069806 0.026469 0.009908 0.006259 0.007473 0.013402 0.024516 0.028524 0.017820 0.022129 0.043366 0.000018 -0.081315 0.059816 0.536869 1.015986 1.200986 1.294555 1.520788 1.634596 1.397601 1.060169 0.923996 0.880670 0.715058 0.465376 
0.355947 0.199662 0.103986 0.044239 0.015665 0.007182 0.006405 0.009616 0.018872 0.028578 0.023480 0.016048 0.035573 0.033507 -0.050120 -0.054727 0.270559 0.803319 1.141004 1.237618 1.398612 1.614680 1.552933 1.216570 0.965639 0.907011 0.816272 0.591524 
