0.108373 0.088411 0.057999 0.030949 0.018881 0.026548 0.089066 0.047125 0.776195 1.564898 1.677575 1.928322 2.050869 2.190645 1.474662 0.661323 0.536448 0.300215 0.154162 0.068890 0.027682 0.009988 0.004487 0.009790 0.028000 0.057162 0.088201 0.108334 
0.111105 0.100472 0.073671 0.043115 0.023558 0.013220 0.076607 0.019152 0.330621 1.237184 1.660560 1.791566 1.986595 2.180773 1.922070 1.002556 0.555040 0.434404 0.212228 0.105640 0.044083 0.016875 0.005978 0.005642 0.017247 0.041627 0.073239 0.100373 
0.108325 0.108358 0.088468 0.057560 0.033404 0.008845 0.054362 0.042150 0.087663 0.776647 1.521873 1.734561 1.872684 2.107772 2.147534 1.475099 0.701911 0.489590 0.328051 0.144111 0.071316 0.027219 0.010041 0.004482 0.009799 0.028010 0.057169 0.088197 
0.100369 0.111069 0.100634 0.072842 0.046294 0.014528 0.030131 0.061708 0.010541 0.368087 1.197391 1.678063 1.789592 1.984572 2.198180 1.882222 1.040046 0.546491 0.419548 0.229140 0.096585 0.047234 0.016033 0.006144 0.005620 0.017260 0.041636 0.073240 
0.088205 0.108254 0.108630 0.087435 0.060466 0.027649 0.014643 0.058747 0.020363 0.112315 0.773752 1.504034 1.750283 1.864029 2.123411 2.129610 1.472189 0.726614 0.467862 0.332458 0.149895 0.065532 0.030104 0.009004 0.004765 0.009745 0.028033 0.057172 
0.073260 0.100267 0.111395 0.099688 0.074745 0.044185 0.013075 0.040186 0.047486 0.011765 0.386330 1.179382 1.679239 1.793531 1.988464 2.199261 1.864158 1.058311 0.547776 0.405370 0.239196 0.095107 0.045098 0.017922 0.005202 0.005961 0.017175 0.041664 
0.057243 0.088083 0.108550 0.107998 0.088159 0.060914 0.023721 0.021774 0.056707 0.008740 0.128077 0.773324 1.491466 1.755535 1.867491 2.128580 2.116958 1.471746 0.742426 0.456298 0.330441 0.157011 0.061575 0.030529 0.009724 0.004144 0.010059 0.027925 
0.041611 0.073199 0.100452 0.111145 0.099540 0.076174 0.041127 0.014884 0.045479 0.036500 0.014402 0.398447 1.168893 1.675061 1.799277 1.994162 2.194987 1.853614 1.070451 0.550476 0.394428 0.244491 0.096891 0.042012 0.019338 0.005058 0.005726 0.017377 
0.028047 0.057118 0.088191 0.108576 0.107488 0.089356 0.059888 0.021898 0.027771 0.053009 0.001474 0.139480 0.774330 1.480793 1.757253 1.874785 2.130216 2.106199 1.472736 0.753879 0.449090 0.326766 0.162993 0.059723 0.029481 0.010917 0.003644 0.010102 
0.017584 0.041578 0.073158 0.100642 0.110675 0.100015 0.076709 0.038479 0.017774 0.048184 0.027869 0.017087 0.407936 1.161546 1.669067 1.805485 2.000324 2.188897 1.846212 1.079961 0.553222 0.385841 0.247198 0.099755 0.039336 0.019859 0.005537 0.005271 
0.009918 0.028227 0.057002 0.088357 0.108375 0.107333 0.090400 0.058295 0.021454 0.032519 0.048978 -0.003627 0.148572 0.775927 1.471183 1.757616 1.883230 2.130497 2.096504 1.474317 0.763020 0.444048 0.322758 0.167726 0.059250 0.027867 0.011956 0.003499 
0.004889 0.017646 0.041608 0.073181 0.100687 0.110277 0.100743 0.076570 0.036481 0.020902 0.049449 0.020807 0.019649 0.415969 1.155711 1.662595 1.811650 2.006441 2.182331 1.840322 1.088016 0.555846 0.378822 0.248465 0.102858 0.037311 0.019707 0.006269 
0.003664 0.009637 0.028345 0.056999 0.088462 0.108076 0.107486 0.091112 0.056594 0.021839 0.036267 0.044988 -0.007476 0.156305 0.777671 1.462364 1.757441 1.891817 2.130241 2.087601 1.476044 0.770803 0.440258 0.318792 0.171460 0.059605 0.026144 0.012664 
0.007032 0.004678 0.017554 0.041693 0.073257 0.100577 0.110050 0.101503 0.076006 0.035078 0.023961 0.049857 0.014821 0.022119 0.423023 1.150699 1.656190 1.817573 2.012317 2.175831 1.835254 1.095092 0.558379 0.372881 0.248876 0.105892 0.035880 0.019129 
0.013040 0.004035 0.009346 0.028374 0.057105 0.088477 0.107767 0.107847 0.091493 0.054980 0.022718 0.039251 0.041140 -0.010499 0.163152 0.779346 1.454212 1.757069 1.900142 2.129788 2.079365 1.477702 0.777699 0.437294 0.314967 0.174429 0.060454 0.024508 
0.018303 0.007723 0.004638 0.017354 0.041806 0.073363 0.100360 0.109995 0.102190 0.075194 0.034160 0.026844 0.049717 0.009620 0.024542 0.429329 1.146188 1.650076 1.823182 2.017879 2.169623 1.830687 1.101419 0.560863 0.367724 0.248738 0.108749 0.034934 
0.023032 0.013141 0.004520 0.009092 0.028328 0.057280 0.088417 0.107495 0.108321 0.091599 0.053526 0.023893 0.041646 0.037452 -0.012920 0.169365 0.780857 1.446650 1.756648 1.908050 2.129287 2.071719 1.479197 0.783960 0.434931 0.311302 0.176809 0.061600 
0.034371 0.017346 0.008301 0.004736 0.017101 0.041924 0.073474 0.100089 0.110078 0.102764 0.074250 0.033625 0.029523 0.049202 0.005023 0.026945 0.435020 1.142017 1.644335 1.828459 2.023111 2.163789 1.826462 1.107130 0.563327 0.363171 0.248226 0.111402 
0.062924 0.021738 0.013028 0.005052 0.008898 0.028231 0.057481 0.088307 0.107283 0.108842 0.091491 0.052254 0.025247 0.043574 0.033922 -0.014873 0.175085 0.782171 1.439618 1.756246 1.915492 2.128804 2.064603 1.480494 0.789730 0.433038 0.307796 0.178722 
0.113850 0.034108 0.016332 0.008754 0.004934 0.016838 0.042030 0.073573 0.099809 0.110260 0.103213 0.073250 0.033389 0.031996 0.048419 0.000912 0.029339 0.440185 1.138102 1.638988 1.833413 2.028018 2.158348 1.822491 1.112316 0.565783 0.359105 0.247446 
0.180258 0.064352 0.020624 0.012755 0.005583 0.008771 0.028108 0.057676 0.088170 0.107139 0.109363 0.091221 0.051162 0.026705 0.045124 0.030543 -0.016444 0.180403 0.783281 1.433065 1.755889 1.922467 2.128368 2.057967 1.481587 0.795095 0.431526 0.304441 
0.246467 0.116100 0.034081 0.015310 0.009083 0.005199 0.016595 0.042113 0.073648 0.099549 0.110509 0.103539 0.072241 0.033391 0.034272 0.047438 -0.002790 0.031729 0.444892 1.134392 1.634025 1.838060 2.032619 2.153292 1.818725 1.117043 0.568234 0.355447 
0.301229 0.181481 0.065836 0.019680 0.012362 0.006086 0.008713 0.027975 0.057841 0.088024 0.107063 0.109855 0.090833 0.050240 0.028218 0.046362 0.027308 -0.017697 0.185375 0.784199 1.426947 1.755588 1.928995 2.127987 2.051765 1.482488 0.800116 0.430331 
0.352139 0.245339 0.118165 0.034242 0.014309 0.009298 0.005506 0.016390 0.042167 0.073694 0.099327 0.110800 0.103750 0.071254 0.033580 0.036362 0.046307 -0.006142 0.034111 0.449193 1.130857 1.629423 1.842421 2.036935 2.148597 1.815136 1.121365 0.570677 
0.429407 0.298156 0.182441 0.067341 0.018894 0.011883 0.006542 0.008719 0.027844 0.057965 0.087880 0.107051 0.110300 0.090359 0.049476 0.029753 0.047337 0.024210 -0.018680 0.190044 0.784940 1.421224 1.755344 1.935106 2.127664 2.045958 1.483211 0.804832 
0.573108 0.349138 0.244099 0.120055 0.034555 0.013348 0.009408 0.005836 0.016233 0.042190 0.073710 0.099153 0.111115 0.103855 0.070307 0.033920 0.038278 0.045064 -0.009189 0.036481 0.453134 1.127479 1.625154 1.846519 2.040987 2.144236 1.811702 1.125325 
0.809276 0.428713 0.295215 0.183177 0.068846 0.018253 0.011341 0.006942 0.008784 0.027723 0.058043 0.087745 0.107098 0.110690 0.089822 0.048857 0.031288 0.048087 0.021244 -0.019433 0.194440 0.785522 1.415860 1.755154 1.940831 2.127395 2.040511 1.483775 
1.128963 0.575520 0.346409 0.242774 0.121782 0.034989 0.012440 0.009423 0.006177 0.016127 0.042183 0.073696 0.099031 0.111440 0.103867 0.069412 0.034383 0.040030 0.043736 -0.011963 0.038832 0.456752 1.124242 1.621192 1.850376 2.044799 2.140181 1.808409 
