0.050238 0.035344 0.025592 0.032679 0.068312 0.145264 0.272439 0.480076 0.578142 1.381952 2.114434 2.012286 1.932147 1.710732 1.605600 0.807001 0.062740 0.094062 0.025970 0.009982 0.003173 0.001628 0.005227 0.015675 0.032136 0.049605 0.060967 0.060832 
0.056555 0.042804 0.029116 0.026319 0.046037 0.101849 0.195422 0.393029 0.484039 0.911633 1.834327 2.121584 1.969838 1.812535 1.700220 1.274428 0.353712 0.028613 0.078557 0.009430 0.006752 0.001741 0.002668 0.009553 0.023380 0.041178 0.056494 0.062423 
0.060848 0.050249 0.035313 0.025690 0.032214 0.070744 0.135200 0.300260 0.433211 0.618736 1.382404 2.071336 2.069189 1.876498 1.767702 1.562567 0.807458 0.103293 0.047159 0.053785 -0.000066 0.005613 0.001180 0.005291 0.015677 0.032129 0.049628 0.060927 
0.062404 0.056584 0.042760 0.029293 0.025503 0.049185 0.092794 0.212317 0.378161 0.475489 0.949134 1.794495 2.138999 1.967810 1.810546 1.717710 1.234634 0.391190 0.020017 0.063666 0.026334 -0.002293 0.004906 0.001838 0.009730 0.023349 0.041195 0.056484 
0.060901 0.060866 0.050194 0.035584 0.024680 0.035111 0.064957 0.140975 0.304650 0.411476 0.643445 1.379509 2.053425 2.084829 1.867831 1.783409 1.544720 0.804569 0.127960 0.025385 0.058171 0.005721 -0.000157 0.004077 0.004268 0.015960 0.032073 0.049645 
0.056490 0.062410 0.056502 0.043091 0.028359 0.027418 0.047051 0.091310 0.222360 0.363969 0.476775 0.967411 1.776447 2.140087 1.971695 1.814469 1.718873 1.216624 0.409444 0.021256 0.049452 0.036383 -0.003760 0.002783 0.003742 0.008796 0.023687 0.041110 
0.049527 0.060949 0.060751 0.050504 0.034957 0.025420 0.035552 0.060997 0.148082 0.302618 0.399903 0.659263 1.379081 2.040786 2.090000 1.871281 1.788645 1.532145 0.804148 0.143737 0.013775 0.056132 0.012841 -0.004100 0.004517 0.005000 0.015339 0.032386 
0.041309 0.056417 0.062340 0.056701 0.042848 0.028222 0.028856 0.043971 0.093086 0.227642 0.353013 0.479474 0.979563 1.765918 2.135821 1.977388 1.820201 1.714681 1.206134 0.421573 0.023909 0.038473 0.041670 -0.001966 -0.000288 0.005172 0.008658 0.023452 
0.032429 0.049637 0.060805 0.060864 0.050543 0.034454 0.026630 0.034520 0.059142 0.154052 0.298928 0.392687 0.670722 1.380087 2.030040 2.091637 1.878564 1.790347 1.521463 0.805159 0.155155 0.006521 0.052435 0.018826 -0.005940 0.003484 0.006203 0.014841 
0.022998 0.041511 0.056365 0.062290 0.056904 0.042389 0.028708 0.029397 0.041303 0.095942 0.230335 0.344413 0.482219 0.989085 1.758531 2.129740 1.983543 1.826394 1.708674 1.198785 0.431073 0.026609 0.029850 0.044369 0.000908 -0.002949 0.005706 0.009142 
0.014700 0.032244 0.049804 0.060672 0.061033 0.050355 0.034309 0.027686 0.032922 0.058667 0.158774 0.294906 0.387637 0.679869 1.381683 2.020359 2.091919 1.886997 1.790694 1.511845 0.806762 0.164261 0.001433 0.048405 0.023563 -0.006399 0.001885 0.007252 
0.009881 0.022617 0.041566 0.056377 0.062304 0.056959 0.042002 0.029447 0.029264 0.039285 0.099037 0.231588 0.337382 0.484842 0.997153 1.752657 2.123181 1.989655 1.832543 1.702189 1.192950 0.439118 0.029186 0.022795 0.045629 0.004021 -0.004959 0.005568 
0.007970 0.014868 0.031962 0.049908 0.060652 0.061140 0.050068 0.034474 0.028409 0.031215 0.059021 0.162495 0.290925 0.383839 0.687658 1.383426 2.011469 2.091664 1.895572 1.790504 1.503018 0.808511 0.172010 -0.002403 0.044416 0.027299 -0.006031 0.000177 
0.005003 0.010651 0.022408 0.041466 0.056443 0.062373 0.056859 0.041788 0.030219 0.028705 0.037863 0.102062 0.231984 0.331428 0.487373 1.004240 1.747605 2.116689 1.995525 1.838451 1.695771 1.187936 0.446184 0.031672 0.016817 0.046031 0.007064 -0.006374 
-0.001444 0.008356 0.015243 0.031668 0.049923 0.060743 0.061157 0.049772 0.034846 0.028800 0.029595 0.059870 0.165452 0.287085 0.380867 0.694560 1.385100 2.003246 2.091212 1.903886 1.790116 1.494859 0.810192 0.178872 -0.005413 0.040569 0.030272 -0.005167 
-0.007304 0.004190 0.011349 0.022370 0.041258 0.056540 0.062471 0.056650 0.041745 0.030918 0.027897 0.036926 0.104912 0.231832 0.326259 0.489856 1.010579 1.743055 2.110488 2.001082 1.844045 1.689644 1.183423 0.452501 0.034110 0.011624 0.045885 0.009932 
-0.004007 -0.002905 0.008467 0.015733 0.031412 0.049863 0.060904 0.061098 0.049512 0.035333 0.028916 0.028135 0.061016 0.167819 0.283406 0.378498 0.700827 1.386610 1.995613 2.090712 1.911782 1.789680 1.487289 0.811709 0.185099 -0.007821 0.036882 0.032654 
0.012596 -0.007852 0.003245 0.011933 0.022470 0.040997 0.056642 0.062575 0.056388 0.041841 0.031505 0.026957 0.036371 0.107558 0.231305 0.321694 0.492319 1.016302 1.738845 2.104662 2.006307 1.849307 1.683891 1.179252 0.458203 0.036528 0.007034 0.045364 
0.034570 -0.002668 -0.004184 0.008363 0.016269 0.031215 0.049752 0.061091 0.060989 0.049311 0.035867 0.028817 0.026856 0.062341 0.169720 0.279885 0.376597 0.706602 1.387922 1.988510 2.090230 1.919212 1.789262 1.480249 0.813028 0.190835 -0.009761 0.033353 
0.044575 0.015054 -0.008100 0.002244 0.012393 0.022669 0.040725 0.056731 0.062666 0.056115 0.042036 0.031966 0.025960 0.036117 0.109998 0.230509 0.317616 0.494774 1.021500 1.734889 2.099229 2.011208 1.854246 1.678531 1.175335 0.463380 0.038938 0.002931 
0.029975 0.036109 -0.001225 -0.005284 0.008099 0.016806 0.031085 0.049615 0.061272 0.060853 0.049179 0.036402 0.028558 0.025757 0.063770 0.171243 0.276515 0.375077 0.711974 1.389031 1.981886 2.089795 1.926175 1.788890 1.473688 0.814145 0.196167 -0.011319 
-0.000763 0.043588 0.017314 -0.008111 0.001233 0.012730 0.022936 0.040473 0.056798 0.062734 0.055862 0.042299 0.032305 0.024954 0.036099 0.112241 0.229515 0.313946 0.497224 1.026239 1.731140 2.094181 2.015803 1.858877 1.673554 1.171624 0.468098 0.041343 
-0.012560 0.026740 0.037335 0.000272 -0.006213 0.007717 0.017314 0.031024 0.049468 0.061424 0.060707 0.049114 0.036908 0.028179 0.024827 0.065254 0.172453 0.273288 0.373876 0.717000 1.389946 1.975698 2.089415 1.932692 1.788573 1.467562 0.815068 0.201154 
0.043740 -0.004108 0.042451 0.019390 -0.007934 0.000245 0.012953 0.023244 0.040259 0.056836 0.062773 0.055647 0.042604 0.032529 0.023970 0.036269 0.114299 0.228372 0.310626 0.499666 1.030572 1.727566 2.089494 2.020113 1.863224 1.668939 1.168088 0.472411 
0.205837 -0.013530 0.023643 0.038298 0.001792 -0.006985 0.007247 0.017775 0.031026 0.049324 0.061535 0.060562 0.049114 0.037367 0.027714 0.024056 0.066761 0.173401 0.270200 0.372944 0.721723 1.390685 1.969904 2.089093 1.938791 1.788314 1.461831 0.815815 
0.476363 0.046125 -0.007147 0.041202 0.021291 -0.007606 -0.000703 0.013070 0.023575 0.040093 0.056844 0.062781 0.055479 0.042932 0.032648 0.023025 0.036591 0.116183 0.227116 0.307613 0.502096 1.034544 1.724148 2.085140 2.024160 1.867307 1.664658 1.164709 
0.816402 0.210249 -0.014270 0.020679 0.039037 0.003312 -0.007611 0.006716 0.018180 0.031087 0.049188 0.061599 0.060427 0.049172 0.037771 0.027187 0.023429 0.068267 0.174124 0.267243 0.372243 0.726173 1.391264 1.964470 2.088825 1.944505 1.788109 1.456459 
1.161470 0.479992 0.048492 -0.009914 0.039868 0.023029 -0.007156 -0.001600 0.013093 0.023917 0.039978 0.056822 0.062760 0.055363 0.043271 0.032673 0.022133 0.037034 0.117904 0.225776 0.304871 0.504507 1.038193 1.720871 2.081093 2.027965 1.871148 1.660682 
