0.308420 0.295739 0.972293 1.684609 1.712304 1.891245 1.965651 2.082336 1.366353 0.576105 0.499370 0.334944 0.273765 0.265998 0.271429 0.253736 0.201596 0.129393 0.062729 0.020085 0.002981 0.000030 0.000029 0.002972 0.020038 0.062266 0.130421 0.187923 
0.266495 0.261672 0.560571 1.396362 1.737551 1.787793 1.922249 2.080998 1.810946 0.902782 0.490688 0.430680 0.288858 0.266437 0.269657 0.266862 0.231552 0.166439 0.093877 0.037903 0.008886 0.000602 -0.000022 0.000588 0.008966 0.037016 0.097105 0.151246 
0.217816 0.262166 0.333484 0.975453 1.640122 1.769805 1.835497 2.022572 2.039211 1.366779 0.616690 0.452521 0.362793 0.263722 0.268422 0.270955 0.253777 0.201588 0.129410 0.062753 0.020099 0.002976 0.000016 -0.000037 0.003236 0.018783 0.066809 0.117346 
0.167159 0.254053 0.251100 0.598152 1.357596 1.754110 1.786305 1.920070 2.098438 1.771078 0.940265 0.482142 0.415836 0.305782 0.257385 0.272800 0.266005 0.231709 0.166419 0.093902 0.037924 0.008889 0.000606 -0.000142 0.000999 0.007452 0.041342 0.087383 
0.121639 0.223421 0.240790 0.356569 0.973660 1.622204 1.785157 1.827172 2.038056 2.021328 1.363844 0.641394 0.430801 0.367213 0.269513 0.262635 0.273827 0.252728 0.201867 0.129363 0.062789 0.020105 0.003005 -0.000150 0.000444 0.001801 0.021987 0.061597 
0.085176 0.176897 0.241213 0.251316 0.616101 1.340446 1.754805 1.790279 1.924100 2.099406 1.753051 0.958505 0.483436 0.401668 0.315850 0.255910 0.270654 0.267882 0.230759 0.166763 0.093831 0.037955 0.008939 0.000426 0.000305 -0.000069 0.009161 0.039997 
0.057769 0.127845 0.222239 0.229465 0.371267 0.973783 1.609869 1.790016 1.830830 2.043218 2.008619 1.363424 0.657187 0.419251 0.365207 0.276638 0.258674 0.274240 0.253436 0.201242 0.129688 0.062685 0.020208 0.002838 0.000176 -0.000136 0.002211 0.022872 
0.037430 0.086339 0.182087 0.231171 0.253311 0.627860 1.330609 1.750414 1.795896 1.929971 2.095056 1.742496 0.970653 0.486128 0.390743 0.321155 0.257696 0.267560 0.269284 0.230605 0.166533 0.094037 0.037928 0.008868 0.000582 0.000157 -0.000427 0.010622 
0.022259 0.055880 0.133208 0.219199 0.222434 0.381875 0.975087 1.599503 1.791421 1.838201 2.044923 1.997784 1.364427 0.668637 0.412046 0.361549 0.282626 0.256819 0.273180 0.254615 0.200741 0.129734 0.062825 0.020098 0.002903 0.000273 -0.000698 0.003215 
0.011287 0.035102 0.088684 0.184776 0.223249 0.255539 0.636995 1.323762 1.744355 1.801925 1.936272 2.088944 1.735051 0.980180 0.488869 0.382168 0.323875 0.260562 0.264877 0.269790 0.231077 0.166080 0.094253 0.037922 0.008799 0.000788 -0.000262 -0.000158 
0.004157 0.021025 0.055302 0.137492 0.215700 0.217526 0.390338 0.976847 1.590208 1.791554 1.846645 2.045298 1.988027 1.366000 0.677788 0.407004 0.357556 0.287366 0.256342 0.271553 0.255642 0.200594 0.129554 0.063029 0.019980 0.003048 0.000142 -0.000955 
0.000395 0.011320 0.033316 0.091353 0.186069 0.216750 0.257755 0.644698 1.318319 1.737901 1.807906 1.942487 2.082391 1.729106 0.988246 0.491497 0.375156 0.325156 0.263666 0.262843 0.269625 0.231802 0.165696 0.094331 0.037969 0.008794 0.000872 -0.000656 
-0.000923 0.004831 0.019628 0.055524 0.140886 0.212156 0.213842 0.397554 0.978675 1.581688 1.791215 1.855185 2.045136 1.979082 1.367702 0.685586 0.403216 0.353602 0.291110 0.256693 0.269818 0.256339 0.200753 0.129279 0.063171 0.019964 0.003152 -0.000102 
-0.000911 0.001013 0.010941 0.032052 0.094017 0.186527 0.211230 0.259951 0.651445 1.313619 1.731562 1.813659 1.948423 2.075927 1.723985 0.995323 0.494039 0.369220 0.325581 0.266702 0.261402 0.269034 0.232557 0.165483 0.094259 0.038061 0.008851 0.000810 
-0.000376 -0.000688 0.005217 0.018271 0.056230 0.143591 0.208690 0.210962 0.403965 0.980385 1.573814 1.790731 1.863439 2.044768 1.970824 1.369325 0.692496 0.400258 0.349787 0.294090 0.257538 0.268169 0.256705 0.201117 0.128998 0.063220 0.020054 0.003183 
0.000640 -0.001016 0.001590 0.010313 0.031223 0.096558 0.186447 0.206424 0.262148 0.657468 1.309361 1.725542 1.819115 1.954015 2.069766 1.719371 1.001641 0.496538 0.364069 0.325455 0.269564 0.260446 0.268197 0.233239 0.165444 0.094080 0.038175 0.008947 
0.003149 -0.000631 -0.000335 0.005355 0.017035 0.057233 0.145759 0.205338 0.208666 0.409801 0.981900 1.566506 1.790237 1.871263 2.044338 1.963172 1.370781 0.698767 0.397906 0.346131 0.296479 0.258680 0.266682 0.256795 0.201596 0.128757 0.063189 0.020216 
0.009059 0.000412 -0.000998 0.002080 0.009549 0.030742 0.098937 0.185999 0.202169 0.264361 0.662898 1.305398 1.719911 1.824261 1.959253 2.063984 1.715107 1.007337 0.499018 0.359524 0.324953 0.272221 0.259874 0.267227 0.233806 0.165544 0.093846 0.038290 
0.020407 0.003071 -0.000843 0.000073 0.005298 0.015947 0.058418 0.147500 0.202105 0.206826 0.415191 0.983196 1.559705 1.789790 1.878615 2.043913 1.956062 1.372037 0.704542 0.396027 0.342632 0.298401 0.260001 0.265376 0.256669 0.202121 0.128577 0.063103 
0.038391 0.009167 0.000167 -0.000889 0.002467 0.008718 0.030536 0.101145 0.185286 0.198360 0.266594 0.667820 1.301655 1.714683 1.829101 1.964150 2.058595 1.711106 1.012501 0.501490 0.355468 0.324181 0.274673 0.259602 0.266200 0.234247 0.165747 0.093600 
0.062986 0.020596 0.002969 -0.001000 0.000490 0.005093 0.015012 0.059712 0.148895 0.198993 0.205356 0.420215 0.984274 1.553364 1.789413 1.885499 2.043520 1.949440 1.373092 0.709907 0.394531 0.339285 0.299945 0.261427 0.264250 0.256382 0.202649 0.128466 
0.093372 0.038468 0.009258 -0.000066 -0.000717 0.002749 0.007869 0.030548 0.103184 0.184375 0.194926 0.268843 0.672301 1.298089 1.709842 1.833651 1.968728 2.053588 1.707319 1.017203 0.503955 0.351823 0.323210 0.276927 0.259567 0.265164 0.234566 0.166018 
0.128422 0.062856 0.020760 0.002857 -0.001098 0.000889 0.004777 0.014225 0.061068 0.150001 0.196000 0.204195 0.424924 0.985149 1.547440 1.789110 1.891939 2.043171 1.943258 1.373958 0.714923 0.393354 0.336083 0.301174 0.262909 0.263294 0.255975 0.203148 
0.166333 0.093179 0.038517 0.009325 -0.000268 -0.000504 0.002931 0.007031 0.030735 0.105061 0.183316 0.191816 0.271100 0.676392 1.294677 1.705364 1.837931 1.973012 2.048938 1.703716 1.021498 0.506409 0.348530 0.322089 0.278995 0.259722 0.264149 0.234769 
0.203602 0.128442 0.062726 0.020889 0.002746 -0.001141 0.001251 0.004380 0.013577 0.062453 0.150863 0.193124 0.203296 0.429354 0.985840 1.541894 1.788877 1.897965 2.042869 1.937475 1.374649 0.719632 0.392447 0.333020 0.302140 0.264413 0.262497 0.255481 
0.234869 0.166672 0.093031 0.038537 0.009365 -0.000429 -0.000268 0.003021 0.006224 0.031063 0.106784 0.182143 0.188989 0.273359 0.680135 1.291401 1.701219 1.841961 1.977026 2.044617 1.700273 1.025430 0.508849 0.345546 0.320856 0.280887 0.260028 0.263173 
0.254924 0.204002 0.128519 0.062605 0.020975 0.002643 -0.001131 0.001566 0.003923 0.013058 0.063846 0.151517 0.190362 0.202621 0.433533 0.986367 1.536693 1.788709 1.903610 2.042612 1.932053 1.375186 0.724065 0.391771 0.330092 0.302880 0.265916 0.261844 
0.262249 0.234875 0.167021 0.092932 0.038530 0.009378 -0.000546 -0.000020 0.003026 0.005459 0.031505 0.108363 0.180883 0.186416 0.275610 0.683567 1.288252 1.697378 1.845762 1.980794 2.040597 1.696978 1.029041 0.511267 0.342834 0.319539 0.282617 0.260456 
