0.000009 0.000127 0.000849 0.002718 0.006025 0.008662 0.041210 -0.060725 0.575506 1.248541 1.255890 1.463533 1.649911 1.964470 1.484164 0.886137 0.888610 0.671336 0.462989 0.282811 0.155007 0.077319 0.035606 0.015115 0.005667 0.001686 0.000336 0.000048 
0.000019 0.000028 0.000381 0.001504 0.005229 0.000692 0.047158 -0.054613 0.180289 0.980021 1.287210 1.337164 1.538855 1.855325 1.810968 1.127306 0.857055 0.808780 0.559452 0.368102 0.211950 0.110659 0.052961 0.023469 0.009449 0.003214 0.000801 0.000127 
0.000047 0.000002 0.000187 0.000400 0.005161 -0.004018 0.036485 -0.005683 -0.020171 0.575941 1.205467 1.312840 1.407922 1.706886 1.921404 1.484572 0.926657 0.841714 0.699188 0.452974 0.285258 0.154544 0.077365 0.035595 0.015118 0.005671 0.001688 0.000337 
0.000130 -0.000010 0.000197 -0.000452 0.004671 -0.003811 0.017603 0.032277 -0.063200 0.217758 0.940192 1.304663 1.335183 1.536889 1.872800 1.771131 1.164739 0.848446 0.793915 0.576396 0.359079 0.215110 0.109811 0.053121 0.023441 0.009456 0.003217 0.000802 
0.000348 -0.000016 0.000283 -0.000843 0.003298 -0.000606 0.001775 0.040880 -0.027445 0.004498 0.573029 1.187579 1.328528 1.399293 1.722598 1.903526 1.481634 0.951292 0.819949 0.703611 0.458795 0.279495 0.157429 0.076321 0.035872 0.015059 0.005686 0.001687 
0.000821 0.000034 0.000326 -0.000743 0.001448 0.002551 -0.005274 0.027659 0.018073 -0.061953 0.236003 0.922147 1.305791 1.339115 1.540836 1.873949 1.753076 1.182948 0.849672 0.779726 0.586485 0.357632 0.212982 0.111695 0.052173 0.023778 0.009365 0.003238 
0.001754 0.000230 0.000289 -0.000341 -0.000117 0.003737 -0.004546 0.008900 0.038849 -0.039045 0.020277 0.572585 1.174964 1.333745 1.402781 1.727839 1.890919 1.481163 0.967037 0.808346 0.701609 0.465948 0.275559 0.157854 0.077034 0.035245 0.015368 0.005572 
0.003179 0.000759 0.000225 0.000084 -0.000885 0.002875 -0.000518 -0.003476 0.032953 0.007106 -0.059291 0.248122 0.911621 1.301564 1.344855 1.546591 1.869743 1.742541 1.195031 0.852311 0.768774 0.591811 0.359448 0.209906 0.113105 0.052021 0.023537 0.009561 
0.005688 0.001625 0.000342 0.000323 -0.000843 0.001082 0.002704 -0.006382 0.014890 0.035161 -0.046288 0.031696 0.573573 1.164241 1.335429 1.410102 1.729546 1.880205 1.482125 0.978422 0.801100 0.697949 0.471966 0.273728 0.156806 0.078219 0.034739 0.015405 
0.009762 0.003140 0.000719 0.000422 -0.000376 -0.000404 0.003406 -0.003177 -0.000597 0.035658 -0.001507 -0.056583 0.257612 0.904238 1.295521 1.351057 1.552808 1.863722 1.735149 1.204486 0.854998 0.760177 0.594550 0.362344 0.207240 0.113620 0.052493 0.023077 
0.015216 0.005861 0.001506 0.000510 0.000130 -0.000990 0.002128 0.001103 -0.006838 0.019632 0.031140 -0.051365 0.040804 0.575153 1.154583 1.335759 1.418574 1.729899 1.870555 1.483679 0.987497 0.796019 0.693956 0.476736 0.273276 0.155192 0.079251 0.034589 
0.022690 0.009818 0.003164 0.000740 0.000473 -0.000765 0.000330 0.003265 -0.005187 0.002520 0.036925 -0.008551 -0.053997 0.265647 0.898367 1.289001 1.357215 1.558981 1.857222 1.729268 1.212486 0.857563 0.753147 0.595848 0.365479 0.205224 0.113463 0.053218 
0.034747 0.014929 0.005972 0.001498 0.000618 -0.000160 -0.000827 0.002842 -0.000606 -0.006466 0.023374 0.027160 -0.055189 0.048554 0.576878 1.145715 1.335551 1.427187 1.729714 1.861697 1.485379 0.995213 0.792191 0.690004 0.480506 0.273653 0.153469 0.079951 
0.053974 0.022473 0.009719 0.003243 0.000816 0.000369 -0.000982 0.001096 0.002698 -0.006601 0.005568 0.037334 -0.014518 -0.051503 0.272703 0.893318 1.282548 1.363132 1.564913 1.850789 1.724210 1.219507 0.860035 0.747194 0.596290 0.368544 0.203803 0.112880 
0.080320 0.035112 0.014633 0.005994 0.001601 0.000636 -0.000461 -0.000459 0.003225 -0.002228 -0.005600 0.026352 0.023321 -0.058188 0.055417 0.578535 1.137515 1.335146 1.435540 1.729331 1.853505 1.487010 1.002043 0.789189 0.686193 0.483512 0.274523 0.151833 
0.112049 0.054659 0.022428 0.009513 0.003350 0.000921 0.000158 -0.001028 0.001789 0.001882 -0.007530 0.008440 0.037195 -0.019701 -0.049056 0.279010 0.888770 1.276386 1.368736 1.570530 1.844648 1.719653 1.225779 0.862460 0.742026 0.596183 0.371434 0.202868 
0.150358 0.080414 0.035592 0.014373 0.005942 0.001772 0.000579 -0.000724 0.000024 0.003333 -0.003689 -0.004437 0.028740 0.019644 -0.060586 0.061646 0.580029 1.129905 1.334693 1.443475 1.728900 1.845903 1.488478 1.008239 0.786788 0.682543 0.485928 0.275692 
0.202315 0.111086 0.055229 0.022521 0.009254 0.003463 0.001032 -0.000106 -0.000936 0.002369 0.000936 -0.008077 0.011108 0.036681 -0.024280 -0.046630 0.284702 0.884563 1.270598 1.374008 1.575817 1.838880 1.715437 1.231437 0.864865 0.737462 0.595701 0.374120 
0.277038 0.149065 0.080293 0.036117 0.014174 0.005839 0.001970 0.000472 -0.000928 0.000554 0.003226 -0.004969 -0.003095 0.030661 0.016124 -0.062514 0.067383 0.581324 1.122825 1.334258 1.450944 1.728487 1.838830 1.489749 1.013943 0.784855 0.679050 0.487878 
0.376599 0.202062 0.110067 0.055674 0.022713 0.008985 0.003563 0.001130 -0.000380 -0.000744 0.002824 -0.000067 -0.008323 0.013570 0.035899 -0.028371 -0.044212 0.289868 0.880611 1.265204 1.378956 1.580779 1.833505 1.711475 1.236569 0.867262 0.733384 0.594951 
0.489450 0.278488 0.147951 0.080012 0.036643 0.014042 0.005709 0.002161 0.000339 -0.001063 0.001083 0.002959 -0.006069 -0.001650 0.032205 0.012755 -0.064061 0.072716 0.582416 1.116224 1.333869 1.457946 1.728120 1.832237 1.490816 1.019244 0.783304 0.675708 
0.594003 0.378882 0.202045 0.109039 0.055997 0.022973 0.008736 0.003640 0.001204 -0.000634 -0.000486 0.003156 -0.001079 -0.008333 0.015835 0.034919 -0.032055 -0.041798 0.294576 0.876864 1.260193 1.383598 1.585435 1.828514 1.707720 1.241243 0.869655 0.729715 
0.672509 0.490709 0.279994 0.147008 0.079611 0.037139 0.013978 0.005570 0.002322 0.000195 -0.001131 0.001584 0.002573 -0.006998 -0.000150 0.033437 0.009529 -0.065290 0.077704 0.583316 1.110058 1.333537 1.464501 1.727809 1.826079 1.491691 1.024199 0.782072 
0.726395 0.592905 0.380979 0.202217 0.108032 0.056204 0.023274 0.008525 0.003688 0.001250 -0.000849 -0.000185 0.003372 -0.002070 -0.008155 0.017914 0.033790 -0.035389 -0.039392 0.298878 0.873292 1.255544 1.387955 1.589806 1.823884 1.704140 1.245512 0.872039 
0.781108 0.669448 0.491706 0.281522 0.146223 0.079124 0.037589 0.013979 0.005433 0.002443 0.000053 -0.001134 0.002038 0.002100 -0.007770 0.001373 0.034405 0.006442 -0.066249 0.082388 0.584038 1.104286 1.333261 1.470639 1.727554 1.820315 1.492388 1.028851 
0.874411 0.723381 0.591695 0.382902 0.202541 0.107066 0.056306 0.023599 0.008362 0.003706 0.001265 -0.001017 0.000139 0.003484 -0.003019 -0.007826 0.019819 0.032548 -0.038416 -0.036999 0.302819 0.869877 1.251229 1.392049 1.593913 1.819587 1.700715 1.249420 
1.033231 0.780376 0.666520 0.492478 0.283050 0.145583 0.078575 0.037983 0.014038 0.005305 0.002517 -0.000079 -0.001078 0.002435 0.001565 -0.008396 0.002895 0.035149 0.003487 -0.066978 0.086800 0.584600 1.098874 1.333040 1.476392 1.727354 1.814911 1.492927 
1.253005 0.876765 0.720639 0.590399 0.384662 0.202986 0.106153 0.056314 0.023934 0.008250 0.003694 0.001250 -0.001134 0.000473 0.003502 -0.003917 -0.007375 0.021560 0.031221 -0.041171 -0.034625 0.306437 0.866603 1.247220 1.395902 1.597778 1.815597 1.697432 
