0.018401 0.069457 0.144868 0.275100 0.459101 0.675184 0.874356 0.994123 1.020882 0.783415 1.183679 1.564025 1.257296 1.151392 1.046270 1.125815 0.509977 -0.094793 0.023621 0.001683 0.008079 0.012411 0.015236 0.015235 0.012402 0.007925 0.004712 -0.002091 
0.003837 0.041026 0.102361 0.202436 0.361166 0.565547 0.781742 0.940889 1.046483 0.872324 0.916298 1.446388 1.446751 1.180576 1.076394 1.124411 0.889655 0.133077 -0.079235 0.035222 -0.001657 0.011362 0.014008 0.015625 0.014155 0.010011 0.006923 -0.000014 
-0.001289 0.018694 0.068333 0.145913 0.274593 0.458878 0.677612 0.864318 1.021902 0.973948 0.823971 1.184158 1.520993 1.314247 1.095738 1.103201 1.082747 0.510426 -0.054230 -0.023270 0.029505 -0.001966 0.014855 0.014769 0.015381 0.012055 0.008769 0.003509 
-0.000428 0.004817 0.040266 0.102350 0.203007 0.359978 0.568935 0.772657 0.957790 1.031549 0.863714 0.953793 1.406609 1.464230 1.178570 1.074378 1.141859 0.849840 0.170558 -0.087819 0.020341 0.015251 0.002327 0.017144 0.014898 0.014043 0.010437 0.006668 
0.002921 -0.000821 0.018886 0.067640 0.146609 0.273541 0.461654 0.672002 0.870047 1.026274 0.952138 0.848642 1.181290 1.503149 1.329935 1.087067 1.118868 1.064866 0.507529 -0.029553 -0.045031 0.033896 0.003835 0.009052 0.017756 0.014190 0.012445 0.008934 
0.006283 -0.000549 0.005387 0.039780 0.102547 0.202399 0.361707 0.566857 0.771264 0.967778 1.017316 0.864931 0.972066 1.388614 1.465382 1.182478 1.078276 1.142982 0.831808 0.188814 -0.086566 0.006133 0.025317 0.000833 0.015075 0.016752 0.013018 0.011078 
0.009288 0.002432 -0.000424 0.018897 0.067517 0.146183 0.274366 0.461964 0.668165 0.877167 1.024184 0.940510 0.864416 1.180891 1.490575 1.335154 1.090513 1.124065 1.052257 0.507098 -0.013765 -0.056632 0.031874 0.010941 0.005125 0.018221 0.014788 0.011989 
0.011034 0.006224 -0.000661 0.005703 0.039723 0.102146 0.202506 0.363068 0.563765 0.773145 0.973020 1.006300 0.867575 0.984207 1.378140 1.461179 1.188194 1.083981 1.138749 0.821295 0.200947 -0.083903 -0.004829 0.030604 0.002620 0.012052 0.018097 0.012881 
0.011647 0.009304 0.002290 -0.000299 0.019112 0.067230 0.145779 0.275692 0.460835 0.666385 0.883181 1.020427 0.933235 0.875837 1.181921 1.479897 1.336838 1.097792 1.125729 1.041540 0.508102 -0.002339 -0.063872 0.028188 0.016912 0.003320 0.017172 0.015906 
0.013407 0.010704 0.006209 -0.000716 0.005945 0.039744 0.101529 0.203174 0.363592 0.561066 0.776093 0.975694 0.997627 0.870270 0.993719 1.370806 1.455163 1.194372 1.090149 1.132701 0.813925 0.210449 -0.081192 -0.013436 0.033296 0.005505 0.009418 0.018547 
0.016907 0.011641 0.009064 0.002273 -0.000213 0.019364 0.066782 0.145679 0.276866 0.459171 0.665954 0.887956 1.016344 0.928117 0.884951 1.183541 1.470282 1.337167 1.106222 1.126038 1.031888 0.509697 0.006776 -0.068943 0.024161 0.021644 0.002896 0.015535 
0.018336 0.014204 0.010402 0.006081 -0.000690 0.006192 0.039662 0.100995 0.204053 0.363476 0.559015 0.779263 0.976944 0.990518 0.872839 1.001780 1.364983 1.448668 1.200506 1.096273 1.126175 0.808068 0.218495 -0.078600 -0.020479 0.034547 0.008639 0.007415 
0.013781 0.017602 0.011922 0.008714 0.002237 -0.000048 0.019543 0.066282 0.145858 0.277701 0.457425 0.666334 0.891732 1.012311 0.924246 0.892709 1.185308 1.461458 1.336961 1.114793 1.125809 1.023028 0.511437 0.014533 -0.072762 0.020172 0.025385 0.003293 
0.005994 0.017712 0.015039 0.010243 0.005823 -0.000599 0.006455 0.039452 0.100642 0.204932 0.362952 0.557564 0.782348 0.977345 0.984487 0.875314 1.008864 1.359981 1.442241 1.206399 1.102154 1.119716 0.803032 0.225561 -0.076097 -0.026448 0.034946 0.011707 
0.004177 0.012112 0.017983 0.012391 0.008350 0.002142 0.000202 0.019622 0.065803 0.146224 0.278197 0.455786 0.667198 0.894740 1.008426 0.921196 0.899580 1.187007 1.453299 1.336557 1.123103 1.125383 1.014835 0.513107 0.021406 -0.075756 0.016322 0.028368 
0.014600 0.005050 0.016853 0.015802 0.010235 0.005479 -0.000474 0.006719 0.039154 0.100471 0.205716 0.362191 0.556606 0.785245 0.977202 0.979243 0.877737 1.015202 1.355480 1.436104 1.211979 1.107722 1.113549 0.798497 0.231880 -0.073642 -0.031635 0.034799 
0.030765 0.005350 0.010605 0.018100 0.012960 0.008021 0.001994 0.000504 0.019620 0.065384 0.146694 0.278407 0.454324 0.668354 0.897152 1.004709 0.918747 0.905814 1.188545 1.445730 1.336106 1.130995 1.124908 1.007231 0.514614 0.027645 -0.078151 0.012634 
0.034283 0.017286 0.004481 0.015872 0.016450 0.010351 0.005097 -0.000341 0.006967 0.038816 0.100446 0.206369 0.361304 0.556038 0.787929 0.976685 0.974607 0.880136 1.020924 1.351321 1.430340 1.217228 1.112959 1.107755 0.794302 0.237584 -0.071208 -0.036220 
0.009105 0.032698 0.006696 0.009282 0.018011 0.013562 0.007754 0.001811 0.000817 0.019561 0.065044 0.147201 0.278395 0.453054 0.669686 0.899091 1.001155 0.916766 0.911555 1.189885 1.438690 1.335672 1.138422 1.124452 1.000157 0.515922 0.033393 -0.080079 
-0.040319 0.033501 0.019764 0.004210 0.014843 0.016969 0.010556 0.004719 -0.000218 0.007186 0.038478 0.100529 0.206882 0.360364 0.555778 0.790401 0.975901 0.970461 0.882526 1.026120 1.347417 1.424970 1.222154 1.117873 1.102355 0.790361 0.242764 -0.068783 
-0.081627 0.005729 0.034255 0.008140 0.008143 0.017766 0.014154 0.007555 0.001614 0.001111 0.019471 0.064786 0.147703 0.278214 0.451973 0.671122 0.900648 0.997754 0.915168 0.916890 1.191024 1.432130 1.335284 1.145383 1.124042 0.993561 0.517029 0.038738 
-0.066363 -0.044010 0.032523 0.022042 0.004173 0.013813 0.017362 0.010821 0.004372 -0.000118 0.007369 0.038168 0.100686 0.207262 0.359417 0.555761 0.792670 0.974917 0.966727 0.884910 1.030857 1.343720 1.419982 1.226772 1.122480 1.097337 0.786626 0.247486 
0.043738 -0.082858 0.002498 0.035500 0.009635 0.007178 0.017406 0.014707 0.007428 0.001417 0.001367 0.019366 0.064608 0.148173 0.277906 0.451069 0.672614 0.901888 0.994500 0.913889 0.921879 1.191969 1.426005 1.334951 1.151897 1.123688 0.987399 0.517943 
0.251803 -0.063952 -0.047351 0.031399 0.024131 0.004323 0.012811 0.017636 0.011121 0.004072 -0.000046 0.007512 0.037903 0.100890 0.207518 0.358492 0.555938 0.794750 0.973783 0.963346 0.887285 1.035187 1.340199 1.415356 1.231105 1.126802 1.092681 0.783067 
0.518680 0.048434 -0.083820 -0.000593 0.036481 0.011149 0.006375 0.016962 0.015206 0.007367 0.001230 0.001574 0.019261 0.064504 0.148593 0.277506 0.450329 0.674129 0.902860 0.991385 0.912881 0.926562 1.192738 1.420275 1.334675 1.157995 1.123391 0.981633 
0.779663 0.255759 -0.061555 -0.050385 0.030163 0.026043 0.004625 0.011854 0.017800 0.011442 0.003829 -0.000005 0.007616 0.037690 0.101124 0.207662 0.357607 0.556271 0.796653 0.972533 0.960274 0.889647 1.039156 1.336834 1.411064 1.235176 1.130862 1.088359 
0.976225 0.519259 0.052856 -0.084552 -0.003550 0.037236 0.012660 0.005721 0.016456 0.015643 0.007368 0.001059 0.001728 0.019162 0.064466 0.148956 0.277038 0.449738 0.675646 0.903604 0.988403 0.912106 0.930971 1.193346 1.414906 1.334453 1.163707 1.123148 
1.084342 0.776402 0.259393 -0.059178 -0.053146 0.028844 0.027789 0.005049 0.010953 0.017868 0.011769 0.003643 0.000006 0.007682 0.037533 0.101373 0.207706 0.356773 0.556731 0.798391 0.971197 0.957476 0.891991 1.042800 1.333612 1.407078 1.239004 1.134680 
