0.108968 0.091408 0.067079 0.055453 0.076474 0.146578 0.274886 0.455420 0.694082 0.777085 1.511946 2.139422 1.933031 1.784498 1.544702 1.461209 0.702371 -0.002793 0.058059 0.008855 0.003179 0.000898 0.001539 0.008953 0.027792 0.057112 0.088218 0.108230 
0.111196 0.101993 0.078975 0.058387 0.060738 0.104483 0.204339 0.352857 0.595994 0.697304 1.082320 1.914256 2.091854 1.850415 1.649601 1.541285 1.149021 0.269506 -0.020763 0.053233 -0.001622 0.002737 0.000601 0.004049 0.016822 0.041519 0.073251 0.100303 
0.108242 0.108971 0.091377 0.067112 0.055503 0.076024 0.149003 0.264838 0.483261 0.647217 0.817649 1.512365 2.096327 1.989970 1.728878 1.601667 1.418150 0.702814 0.037764 0.011167 0.036675 -0.006872 0.003332 0.001087 0.009022 0.027785 0.057144 0.088181 
0.100282 0.111214 0.101972 0.078953 0.058577 0.059896 0.107642 0.195283 0.369774 0.581138 0.688738 1.119785 1.874407 2.109292 1.848424 1.647624 1.558756 1.109204 0.306979 -0.029349 0.038351 0.015284 -0.006312 0.003762 0.003222 0.016992 0.041513 0.073250 
0.088172 0.108241 0.108981 0.091298 0.067413 0.054479 0.078911 0.143223 0.270623 0.487673 0.625482 0.842328 1.509438 2.078419 2.005646 1.720240 1.617368 1.400278 0.699909 0.062435 -0.010595 0.041066 -0.001087 -0.002445 0.003986 0.007994 0.028079 0.057095 
0.073149 0.100288 0.111238 0.101864 0.079291 0.057657 0.061791 0.105508 0.193808 0.379835 0.566961 0.690006 1.138025 1.856341 2.110403 1.852347 1.651561 1.559901 1.091170 0.325228 -0.028100 0.024146 0.025334 -0.007785 0.001637 0.005124 0.016060 0.041868 
0.057409 0.088040 0.108305 0.108859 0.091594 0.066804 0.055215 0.079338 0.139269 0.277742 0.485660 0.613910 0.858116 1.508978 2.065782 2.010852 1.723718 1.622599 1.387678 0.699471 0.078216 -0.022194 0.039033 0.006029 -0.006393 0.004424 0.008724 0.027471 
0.041642 0.073336 0.100217 0.111176 0.102045 0.079051 0.057531 0.063215 0.102423 0.195594 0.385134 0.556019 0.692689 1.150140 1.845794 2.106159 1.858078 1.657305 1.555690 1.080656 0.337351 -0.025437 0.013178 0.030622 -0.005997 -0.001437 0.006551 0.015927 
0.026985 0.057450 0.088142 0.108171 0.108967 0.091621 0.066314 0.056424 0.078294 0.137417 0.283728 0.481989 0.606694 0.869544 1.509951 2.055039 2.012524 1.731030 1.624297 1.376971 0.700467 0.089638 -0.029435 0.035342 0.012010 -0.008237 0.003388 0.009927 
0.016419 0.041196 0.073529 0.100167 0.111133 0.102234 0.078593 0.058027 0.063746 0.099748 0.198460 0.387846 0.547431 0.695418 1.159626 1.838391 2.100100 1.864270 1.663511 1.549665 1.073284 0.346845 -0.022727 0.004565 0.033322 -0.003128 -0.004102 0.007082 
0.010978 0.026853 0.057264 0.088302 0.108046 0.109131 0.091423 0.066179 0.057479 0.076684 0.136945 0.288465 0.477985 0.601644 0.878661 1.511516 2.045361 2.012842 1.739492 1.624639 1.367328 0.702054 0.098748 -0.034512 0.031317 0.016744 -0.008701 0.001785 
0.006941 0.017164 0.040820 0.073578 0.100180 0.111150 0.102279 0.078207 0.058774 0.063605 0.097724 0.201566 0.389118 0.540412 0.698025 1.167657 1.832499 2.093563 1.870419 1.669674 1.543162 1.067425 0.354884 -0.020140 -0.002480 0.034581 -0.000019 -0.006117 
0.000072 0.011698 0.027030 0.056979 0.088403 0.108031 0.109233 0.091129 0.066351 0.058202 0.074966 0.137300 0.292203 0.474022 0.597845 0.886420 1.513227 2.036473 2.012622 1.748096 1.624445 1.358477 0.703787 0.106500 -0.038336 0.027334 0.020478 -0.008336 
-0.007537 0.006375 0.017942 0.040615 0.073473 0.100248 0.111221 0.102170 0.077993 0.059553 0.063039 0.096294 0.204601 0.389534 0.534470 0.700540 1.174709 1.827430 2.087094 1.876326 1.675594 1.536726 1.062388 0.361944 -0.017644 -0.008448 0.034985 0.003020 
-0.007478 -0.001553 0.012088 0.027412 0.056685 0.088414 0.108126 0.109245 0.090827 0.066729 0.058595 0.073335 0.138149 0.295177 0.470201 0.594873 0.893293 1.514870 2.028253 2.012204 1.756438 1.624053 1.350293 0.705452 0.113366 -0.041334 0.023492 0.023448 
0.005884 -0.008472 0.005561 0.018647 0.040581 0.073261 0.100346 0.111320 0.101954 0.077951 0.060258 0.062225 0.095349 0.207460 0.389402 0.529312 0.703006 1.181013 1.822862 2.080915 1.881919 1.681201 1.530581 1.057852 0.368255 -0.015196 -0.013632 0.034840 
0.025828 -0.006323 -0.003017 0.012202 0.027909 0.056427 0.088352 0.108289 0.109182 0.090562 0.067222 0.058711 0.071866 0.139295 0.297560 0.466541 0.592501 0.899531 1.516349 2.020623 2.011738 1.764363 1.623613 1.342698 0.706953 0.119596 -0.043731 0.019811 
0.034320 0.008543 -0.009026 0.004615 0.019238 0.040684 0.072996 0.100449 0.111423 0.101685 0.078047 0.060849 0.061279 0.094788 0.210114 0.388895 0.524758 0.705453 1.186701 1.818635 2.075110 1.887181 1.686477 1.524810 1.053657 0.373951 -0.012769 -0.018212 
0.016288 0.027742 -0.004990 -0.004301 0.012102 0.028452 0.056229 0.088240 0.108478 0.109070 0.090357 0.067760 0.058613 0.070578 0.140620 0.299478 0.463039 0.590598 0.905277 1.517631 2.013523 2.011291 1.771821 1.623191 1.335634 0.708256 0.125336 -0.045658 
-0.022304 0.033533 0.010996 -0.009279 0.003614 0.019704 0.040886 0.072721 0.100539 0.111514 0.101407 0.078242 0.061315 0.060277 0.094526 0.212563 0.388120 0.520691 0.707891 1.191864 1.814664 2.069699 1.892119 1.691429 1.519432 1.049717 0.379122 -0.010349 
-0.047205 0.012916 0.029278 -0.003553 -0.005404 0.011842 0.028994 0.056099 0.088101 0.108660 0.108930 0.090220 0.068299 0.058353 0.069470 0.142048 0.301017 0.459688 0.589077 0.910619 1.518709 2.006902 2.010889 1.778813 1.622815 1.329049 0.709356 0.130671 
-0.007934 -0.025989 0.032547 0.013253 -0.009296 0.002604 0.020048 0.041155 0.072467 0.100606 0.111581 0.101148 0.078505 0.061657 0.059266 0.094502 0.214815 0.387147 0.517032 0.710324 1.196568 1.810898 2.064672 1.896750 1.696074 1.514439 1.045982 0.383834 
0.135661 -0.048434 0.009687 0.030502 -0.002062 -0.006337 0.011463 0.029507 0.056037 0.087953 0.108812 0.108780 0.090152 0.068808 0.057975 0.068533 0.143532 0.302245 0.456480 0.587873 0.915616 1.519595 2.000716 2.010543 1.785357 1.622495 1.322899 0.710263 
0.388140 -0.005527 -0.029324 0.031412 0.015323 -0.009124 0.001615 0.020276 0.041466 0.072252 0.100644 0.111618 0.100929 0.078810 0.061884 0.058276 0.094665 0.216881 0.386025 0.513723 0.712749 1.200867 1.807307 2.060006 1.901096 1.700434 1.509806 1.042423 
0.710993 0.140348 -0.049393 0.006596 0.031463 -0.000548 -0.007111 0.010998 0.029973 0.056039 0.087807 0.108923 0.108632 0.090149 0.069271 0.057510 0.067754 0.145038 0.303209 0.453411 0.586939 0.920309 1.520304 1.994925 2.010254 1.791485 1.622232 1.317144 
1.039020 0.392086 -0.003133 -0.032353 0.030164 0.017219 -0.008802 0.000668 0.020399 0.041800 0.072084 0.100652 0.111625 0.100757 0.079139 0.062006 0.057327 0.094980 0.218773 0.384790 0.510720 0.715162 1.204805 1.803873 2.055674 1.905178 1.704530 1.505508 
1.311748 0.711564 0.144762 -0.050122 0.003638 0.032199 0.000966 -0.007741 0.010470 0.030383 0.056100 0.087671 0.108988 0.108493 0.090204 0.069677 0.056982 0.067120 0.146543 0.303948 0.450474 0.586236 0.924730 1.520853 1.989493 2.010019 1.797227 1.622024 
1.501516 1.035759 0.395709 -0.000758 -0.035109 0.028832 0.018952 -0.008358 -0.000228 0.020427 0.042144 0.071968 0.100630 0.111602 0.100637 0.079478 0.062034 0.056430 0.095417 0.220502 0.383470 0.507989 0.717556 1.208420 1.800580 2.051648 1.909019 1.708385 
