0.002202 0.007728 0.049260 -0.029582 0.648344 1.379364 1.446163 1.688197 1.856877 2.092106 1.490509 0.771267 0.693751 0.455554 0.274875 0.145258 0.067715 0.028658 0.013062 0.009512 0.010684 0.012255 0.012084 0.009808 0.006348 0.003073 0.001085 -0.000240 
0.001428 -0.002197 0.049499 -0.037190 0.229862 1.080416 1.449047 1.549653 1.762386 2.029790 1.880867 1.070134 0.695231 0.596165 0.352897 0.204071 0.100572 0.044372 0.018746 0.010325 0.009837 0.011599 0.012447 0.011173 0.008144 0.004580 0.001995 0.000067 
0.002283 -0.007804 0.035430 0.002473 0.010906 0.648801 1.336303 1.503138 1.632585 1.913818 2.049004 1.490919 0.811825 0.646888 0.483403 0.264835 0.147686 0.067253 0.028715 0.013059 0.009517 0.010685 0.012255 0.012081 0.009818 0.006303 0.003227 0.000509 
0.003186 -0.007507 0.014637 0.034615 -0.045741 0.267288 1.040617 1.466518 1.547688 1.760401 2.047225 1.841008 1.107590 0.686663 0.581317 0.369823 0.195023 0.103723 0.043531 0.018916 0.010302 0.009843 0.011599 0.012442 0.011187 0.008085 0.004798 0.001140 
0.003344 -0.003437 -0.001989 0.039757 -0.019252 0.035566 0.645874 1.318448 1.518842 1.623958 1.929495 2.031090 1.487982 0.836498 0.625156 0.487824 0.270629 0.141904 0.070137 0.027682 0.013344 0.009458 0.010699 0.012247 0.012101 0.009738 0.006595 0.002225 
0.003012 0.001048 -0.008912 0.024654 0.020392 -0.044466 0.285509 1.022582 1.467676 1.551630 1.764331 2.048332 1.822933 1.125822 0.687930 0.567145 0.379894 0.193551 0.101586 0.045422 0.017978 0.010643 0.009752 0.011614 0.012465 0.011087 0.008411 0.003893 
0.002960 0.003743 -0.007344 0.005153 0.037682 -0.030837 0.051348 0.645415 1.305858 1.524082 1.627443 1.934704 2.018446 1.487513 0.852281 0.613586 0.485821 0.277757 0.137949 0.070563 0.028405 0.012724 0.009769 0.010580 0.012312 0.011985 0.010029 0.005990 
0.003774 0.004414 -0.002029 -0.007073 0.029924 0.009404 -0.041786 0.297616 1.012061 1.463479 1.557381 1.770067 2.044086 1.812377 1.137929 0.690611 0.556210 0.385203 0.195341 0.098500 0.046839 0.017837 0.010407 0.009946 0.011551 0.012407 0.011269 0.008170 
0.005506 0.004160 0.002682 -0.009155 0.011156 0.033960 -0.038075 0.062773 0.646392 1.295156 1.525792 1.634761 1.936378 2.007696 1.488476 0.863704 0.606374 0.482159 0.283749 0.136098 0.069515 0.029600 0.012227 0.009808 0.010691 0.012184 0.012095 0.010055 
0.007715 0.004271 0.004924 -0.004691 -0.004165 0.032613 0.000772 -0.039065 0.307100 1.004680 1.457466 1.563596 1.776264 2.038025 1.804964 1.147407 0.693339 0.547629 0.387925 0.198211 0.095825 0.047362 0.018319 0.009953 0.010145 0.011510 0.012366 0.011457 
0.009857 0.005375 0.005203 0.001062 -0.009590 0.015908 0.029911 -0.043153 0.071886 0.647965 1.285516 1.526148 1.643229 1.936697 1.998011 1.490031 0.872816 0.601326 0.478164 0.288494 0.135626 0.067901 0.030642 0.012085 0.009620 0.010860 0.012065 0.012259 
0.011500 0.007333 0.005017 0.004765 -0.006701 -0.001023 0.033867 -0.006290 -0.036472 0.315132 0.998812 1.450973 1.569770 1.782416 2.031486 1.799064 1.155429 0.695944 0.540616 0.389206 0.201320 0.093799 0.047211 0.019054 0.009570 0.010198 0.011532 0.012387 
0.012360 0.009565 0.005552 0.005913 -0.000663 -0.009201 0.019660 0.025910 -0.046981 0.079641 0.649686 1.276665 1.525967 1.651840 1.936478 1.989118 1.491732 0.880569 0.597531 0.474211 0.292239 0.135984 0.066177 0.031353 0.012252 0.009334 0.010969 0.012057 
0.012461 0.011391 0.007124 0.005791 0.004182 -0.008115 0.002045 0.034267 -0.012274 -0.033973 0.322186 0.993766 1.444546 1.575702 1.788327 2.025014 1.793986 1.162473 0.698457 0.534681 0.389631 0.204360 0.092368 0.046635 0.019822 0.009358 0.010097 0.011609 
0.012159 0.012372 0.009264 0.005932 0.006291 -0.002297 -0.008320 0.022645 0.022052 -0.049986 0.086508 0.651341 1.268481 1.525588 1.660190 1.936061 1.980892 1.493365 0.887437 0.594561 0.470399 0.295220 0.136835 0.064541 0.031733 0.012626 0.009038 0.010989 
0.011716 0.012562 0.011174 0.007086 0.006490 0.003354 -0.009043 0.004934 0.034120 -0.017473 -0.031525 0.328493 0.989223 1.438408 1.581321 1.793924 2.018832 1.789410 1.168767 0.700923 0.529530 0.389508 0.207224 0.091422 0.045810 0.020517 0.009318 0.009889 
0.010934 0.012329 0.012310 0.009002 0.006426 0.006394 -0.003768 -0.007144 0.025040 0.018358 -0.052391 0.092739 0.652834 1.260886 1.525160 1.668124 1.935595 1.973256 1.494835 0.893669 0.592193 0.466748 0.297611 0.137983 0.063066 0.031837 0.013113 0.008779 
0.009628 0.011828 0.012669 0.010906 0.007186 0.007074 0.002396 -0.009589 0.007617 0.033600 -0.022067 -0.029099 0.334186 0.985021 1.432644 1.586609 1.799190 2.013025 1.785175 1.174447 0.703368 0.524983 0.389010 0.209884 0.090859 0.044854 0.021098 0.009415 
0.008579 0.010830 0.012524 0.012197 0.008800 0.006965 0.006282 -0.005057 -0.005791 0.026968 0.014824 -0.054327 0.098478 0.654130 1.253820 1.524749 1.675592 1.935147 1.966149 1.496107 0.899409 0.590294 0.463254 0.299535 0.139310 0.061771 0.031727 0.013647 
0.009611 0.009358 0.011927 0.012762 0.010629 0.007385 0.007533 0.001382 -0.009834 0.010092 0.032813 -0.026172 -0.026682 0.339353 0.981075 1.427273 1.591573 1.804133 2.007610 1.781194 1.179602 0.705805 0.520923 0.388244 0.212338 0.090595 0.043842 0.021555 
0.014181 0.008448 0.010700 0.012712 0.012058 0.008667 0.007503 0.006010 -0.006164 -0.004335 0.028518 0.011442 -0.055882 0.103812 0.655224 1.247235 1.524384 1.682593 1.934746 1.959522 1.497176 0.904746 0.588775 0.459912 0.301083 0.140741 0.060657 0.031456 
0.021888 0.009875 0.009108 0.012002 0.012832 0.010372 0.007651 0.007867 0.000361 -0.009842 0.012368 0.031828 -0.029869 -0.024271 0.344061 0.977335 1.422285 1.596230 1.808769 2.002579 1.777420 1.184298 0.708237 0.517271 0.387279 0.214595 0.090568 0.042821 
0.031067 0.014685 0.008385 0.010559 0.012870 0.011909 0.008602 0.008010 0.005619 -0.007099 -0.002825 0.029755 0.008205 -0.057120 0.108800 0.656126 1.241084 1.524075 1.689147 1.934400 1.953329 1.498053 0.909737 0.587575 0.456713 0.302318 0.142226 0.059713 
0.041821 0.022106 0.010180 0.008896 0.012048 0.012872 0.010155 0.007959 0.008086 -0.000637 -0.009662 0.014458 0.030694 -0.033215 -0.021869 0.348364 0.973771 1.417658 1.600602 1.813120 1.997909 1.773821 1.188588 0.710661 0.513968 0.386166 0.216667 0.090730 
0.058927 0.030590 0.015143 0.008387 0.010420 0.012987 0.011763 0.008603 0.008471 0.005142 -0.007876 -0.001294 0.030728 0.005107 -0.058088 0.113483 0.656851 1.235328 1.523822 1.695284 1.934112 1.947531 1.498752 0.914425 0.586644 0.453651 0.303290 0.143734 
0.091042 0.040862 0.022219 0.010509 0.008733 0.012063 0.012882 0.009986 0.008290 0.008199 -0.001594 -0.009330 0.016373 0.029449 -0.036255 -0.019481 0.352306 0.970364 1.413364 1.604710 1.817208 1.993573 1.770377 1.192518 0.713072 0.510972 0.384940 0.218564 
0.145242 0.058286 0.030052 0.015545 0.008447 0.010291 0.013057 0.011627 0.008661 0.008874 0.004602 -0.008507 0.000236 0.031477 0.002142 -0.058826 0.117894 0.657417 1.229932 1.523623 1.701036 1.933878 1.942093 1.499293 0.918840 0.585943 0.450723 0.304037 
0.220298 0.091477 0.039955 0.022237 0.010849 0.008620 0.012048 0.012863 0.009868 0.008631 0.008218 -0.002499 -0.008877 0.018124 0.028119 -0.039022 -0.017111 0.355925 0.967099 1.409377 1.608576 1.821055 1.989544 1.767076 1.196125 0.715464 0.508248 0.383629 
