0.793728 0.972648 0.996744 0.696460 1.017200 1.358166 1.086336 1.084341 1.123888 1.373134 0.969738 0.653284 1.137855 1.495756 1.777883 1.841366 1.646319 1.251568 0.788908 0.395303 0.147720 0.039558 0.010091 0.003282 0.012774 0.080369 0.250094 0.514042 
0.659999 0.895782 1.032421 0.822316 0.787979 1.252212 1.248528 1.054576 1.078235 1.283381 1.235639 0.726104 0.844567 1.344328 1.651304 1.842599 1.774649 1.466681 1.019416 0.576750 0.251857 0.079390 0.019275 0.005620 0.004097 0.035908 0.151312 0.373632 
0.516541 0.783661 1.000382 0.949765 0.736999 1.017710 1.315199 1.143334 1.028667 1.180737 1.329995 0.970197 0.693933 1.091052 1.523594 1.767776 1.843720 1.645815 1.251636 0.788965 0.395384 0.147765 0.039535 0.010011 0.003203 0.012751 0.080488 0.249738 
0.376882 0.650977 0.912630 1.017443 0.813671 0.825480 1.212485 1.266070 1.052587 1.076162 1.300742 1.195787 0.763639 0.836082 1.329504 1.668187 1.833474 1.777739 1.465824 1.019623 0.576800 0.251929 0.079402 0.019217 0.005535 0.004016 0.036100 0.150564 
0.252728 0.510830 0.789428 1.004688 0.927916 0.761653 1.014872 1.297419 1.159070 1.019975 1.196323 1.312043 0.967309 0.718697 1.069379 1.528003 1.773505 1.837864 1.648659 1.250614 0.789309 0.395402 0.147822 0.039507 0.009942 0.003062 0.013015 0.079518 
0.152548 0.374844 0.649532 0.922623 1.003141 0.814862 0.843757 1.194542 1.267286 1.056512 1.080003 1.301778 1.177720 0.781950 0.837433 1.315358 1.678215 1.831926 1.775540 1.467700 1.018723 0.577215 0.251903 0.079432 0.019178 0.005352 0.004298 0.035184 
0.080304 0.253260 0.506946 0.796529 1.002569 0.916230 0.777417 1.014501 1.284911 1.164335 1.023400 1.201439 1.299363 0.966889 0.734570 1.057868 1.525988 1.780567 1.833835 1.649043 1.251349 0.788750 0.395788 0.147749 0.039548 0.009743 0.003289 0.012374 
0.035065 0.154059 0.371857 0.651348 0.927855 0.992076 0.817466 0.855908 1.184117 1.263147 1.062245 1.085652 1.297458 1.167171 0.794135 0.840197 1.304448 1.683480 1.833640 1.772392 1.469101 1.018620 0.577052 0.252164 0.079382 0.019059 0.005456 0.004004 
0.011856 0.081562 0.252319 0.505166 0.802495 0.998792 0.908901 0.788822 1.015564 1.274295 1.166066 1.030658 1.203021 1.288577 0.967901 0.746084 1.050715 1.522315 1.786493 1.831909 1.647954 1.252556 0.788312 0.395903 0.147906 0.039393 0.009775 0.003245 
0.003491 0.035570 0.154674 0.369280 0.654244 0.930498 0.983366 0.820117 0.865430 1.176836 1.257193 1.068439 1.091762 1.291324 1.159765 0.803692 0.843007 1.295893 1.686158 1.836434 1.769655 1.469608 1.019141 0.576671 0.252430 0.079353 0.018960 0.005565 
0.002975 0.011693 0.082667 0.250811 0.504765 0.807212 0.994682 0.903738 0.797915 1.017218 1.264744 1.166443 1.039067 1.203249 1.278854 0.969505 0.755286 1.045727 1.518309 1.791172 1.831364 1.646298 1.253610 0.788229 0.395792 0.148120 0.039247 0.009864 
0.005529 0.003050 0.036327 0.154617 0.367353 0.657379 0.931701 0.976225 0.822646 0.873498 1.171066 1.250761 1.074590 1.097829 1.284711 1.153872 0.811793 0.845696 1.288905 1.687397 1.839467 1.767567 1.469441 1.019914 0.576361 0.252550 0.079386 0.018923 
0.009891 0.002607 0.011838 0.083441 0.249194 0.505193 0.810930 0.990614 0.899827 0.805650 1.019018 1.255984 1.166282 1.047617 1.202940 1.269923 0.971255 0.763130 1.041991 1.514344 1.794851 1.831647 1.644533 1.254333 0.788456 0.395582 0.148272 0.039213 
0.018941 0.005338 0.002780 0.037116 0.154134 0.366021 0.660444 0.932049 0.970160 0.825083 0.880585 1.166119 1.244396 1.080500 1.103655 1.278167 1.148801 0.818914 0.848292 1.282996 1.687779 1.842430 1.766074 1.468849 1.020719 0.576223 0.252517 0.079473 
0.039289 0.009829 0.002229 0.012190 0.083883 0.247664 0.506114 0.813883 0.986687 0.896742 0.812499 1.020749 1.247891 1.165924 1.055906 1.202433 1.261660 0.972936 0.770087 1.039080 1.510521 1.797766 1.832423 1.642855 1.254724 0.788889 0.395363 0.148335 
0.079589 0.018989 0.005040 0.002682 0.037833 0.153402 0.365174 0.663334 0.931847 0.964880 0.827473 0.886925 1.161672 1.238321 1.086095 1.109167 1.271913 1.144231 0.825287 0.850840 1.277870 1.687612 1.845218 1.765066 1.468009 1.021452 0.576256 0.252375 
0.148323 0.039435 0.009693 0.001888 0.012657 0.084050 0.246295 0.507333 0.816246 0.982920 0.894259 0.818713 1.022317 1.240388 1.165517 1.063778 1.201878 1.253986 0.974454 0.776409 1.036771 1.506859 1.800092 1.833497 1.641338 1.254840 0.789437 0.395181 
0.252180 0.079710 0.019041 0.004689 0.002721 0.038436 0.152539 0.364709 0.666019 0.931271 0.960205 0.829843 0.892649 1.157566 1.232621 1.091359 1.114348 1.266033 1.140002 0.831045 0.853368 1.273349 1.687072 1.847802 1.764440 1.467037 1.022072 0.576428 
0.395059 0.148261 0.039606 0.009506 0.001607 0.013170 0.084003 0.245107 0.508730 0.818144 0.979312 0.892244 0.824435 1.023686 1.233414 1.165129 1.071183 1.201342 1.246842 0.975774 0.782240 1.034931 1.503355 1.801951 1.834749 1.640002 1.254742 0.790031 
0.576698 0.251975 0.079819 0.019081 0.004328 0.002860 0.038914 0.151620 0.364544 0.668499 0.930427 0.956016 0.832204 0.897848 1.153715 1.227314 1.096300 1.119204 1.260547 1.136027 0.836277 0.855888 1.269314 1.686263 1.850180 1.764115 1.466009 1.022566 
0.790625 0.395004 0.148172 0.039770 0.009293 0.001394 0.013683 0.083795 0.244099 0.510231 0.819663 0.975855 0.890611 0.829753 1.024853 1.226920 1.164786 1.078122 1.200851 1.240178 0.976890 0.787666 1.033472 1.500002 1.803433 1.836105 1.638846 1.254483 
1.022938 0.577036 0.251791 0.079904 0.019098 0.003987 0.003067 0.039269 0.150692 0.364616 0.670781 0.929384 0.952235 0.834561 0.902588 1.150070 1.222391 1.100933 1.123755 1.255445 1.132259 0.841051 0.858402 1.265688 1.685256 1.852361 1.764026 1.464972 
1.254105 0.791190 0.395017 0.148073 0.039905 0.009070 0.001249 0.014167 0.083467 0.243261 0.511787 0.820870 0.972541 0.889296 0.834727 1.025826 1.220860 1.164499 1.084614 1.200417 1.233949 0.977814 0.792747 1.032331 1.496793 1.804602 1.837516 1.637860 
1.463956 1.023194 0.577416 0.251644 0.079961 0.019086 0.003685 0.003315 0.039509 0.149785 0.364876 0.672878 0.928192 0.948805 0.836910 0.906922 1.146600 1.217828 1.105282 1.128020 1.250704 1.128666 0.845418 0.860909 1.262411 1.684100 1.854356 1.764125 
1.637033 1.253640 0.791708 0.395096 0.147975 0.039999 0.008849 0.001169 0.014604 0.083054 0.242581 0.513365 0.821814 0.969365 0.888251 0.839397 1.026623 1.215195 1.164269 1.090689 1.200040 1.228114 0.978561 0.797525 1.031460 1.493721 1.805509 1.838949 
1.764375 1.462981 1.023346 0.577820 0.251545 0.079987 0.019043 0.003431 0.003587 0.039644 0.148919 0.365287 0.674800 0.926888 0.945680 0.839247 0.910896 1.143286 1.213600 1.109367 1.132022 1.246298 1.125229 0.849425 0.863403 1.259441 1.682831 1.856177 
1.840382 1.636350 1.253114 0.792171 0.395232 0.147888 0.040047 0.008637 0.001148 0.014986 0.082578 0.242047 0.514942 0.822534 0.966322 0.887437 0.843795 1.027260 1.209889 1.164094 1.096378 1.199717 1.222640 0.979148 0.802029 1.030819 1.490782 1.806191 
1.857835 1.764747 1.462057 1.023404 0.578233 0.251498 0.079982 0.018970 0.003228 0.003869 0.039685 0.148104 0.365820 0.676560 0.925499 0.942828 0.841565 0.914547 1.140113 1.209677 1.113211 1.135783 1.242197 1.121934 0.853109 0.865878 1.256743 1.681478 
