0.040735 0.171726 0.176520 0.960456 1.774562 1.852777 1.998796 1.972429 1.972406 1.176417 0.362204 0.297159 0.142934 0.067570 0.027670 0.010094 0.003968 0.003385 0.005358 0.007984 0.009759 0.009752 0.007937 0.005140 0.002500 0.000556 0.002032 -0.008064 
0.000641 0.125624 0.126267 0.487688 1.440190 1.861841 1.922417 1.985139 2.027671 1.654222 0.694379 0.280487 0.235795 0.093078 0.044973 0.016792 0.006072 0.003214 0.004183 0.006692 0.009054 0.010003 0.009035 0.006579 0.003832 0.000844 0.002872 -0.004823 
-0.016032 0.069216 0.122039 0.219797 0.959467 1.732034 1.909600 1.943135 2.029330 1.929341 1.176897 0.402795 0.250272 0.170741 0.057511 0.030107 0.009647 0.004032 0.003382 0.005359 0.007984 0.009758 0.009756 0.007898 0.005343 0.001741 0.002185 0.001429 
-0.014865 0.020006 0.108778 0.117798 0.526209 1.399456 1.879792 1.920232 1.983133 2.045098 1.614427 0.731893 0.271921 0.220905 0.109971 0.035921 0.019958 0.005244 0.003386 0.004158 0.006696 0.009051 0.010016 0.008967 0.006807 0.003314 0.001151 0.005338 
-0.005852 -0.009023 0.074016 0.098707 0.245583 0.956512 1.713807 1.925599 1.934284 2.045023 1.911450 1.174033 0.427499 0.228514 0.175120 0.063287 0.024333 0.012547 0.003006 0.003666 0.005299 0.007989 0.009777 0.009684 0.008056 0.005225 0.001003 0.005617 
0.002454 -0.016650 0.031439 0.093561 0.118756 0.545340 1.380968 1.880965 1.924256 1.986893 2.046255 1.596397 0.750188 0.273188 0.206694 0.120008 0.034446 0.017836 0.007147 0.002451 0.004498 0.006594 0.009095 0.009961 0.009005 0.007028 0.002180 0.003807 
0.006147 -0.010724 -0.001045 0.072279 0.086041 0.261927 0.956336 1.700828 1.930997 1.937696 2.050148 1.898878 1.173617 0.443320 0.216918 0.173074 0.070395 0.020386 0.012988 0.003736 0.003049 0.005597 0.007893 0.009797 0.009605 0.008424 0.004291 0.002163 
0.005716 -0.001270 -0.014961 0.037672 0.081946 0.121064 0.558138 1.370269 1.876619 1.930121 1.992500 2.042010 1.585919 0.762342 0.275876 0.195716 0.125284 0.036232 0.014765 0.008576 0.002316 0.004252 0.006800 0.009018 0.009877 0.009311 0.006586 0.002069 
0.003770 0.005038 -0.013201 0.005599 0.068820 0.078002 0.273659 0.957669 1.689823 1.932739 1.945018 2.051720 1.888188 1.174650 0.454770 0.209684 0.169368 0.076369 0.018544 0.011955 0.004942 0.002546 0.005637 0.008012 0.009623 0.009799 0.008419 0.003600 
0.002679 0.006560 -0.004482 -0.012103 0.041082 0.072873 0.123424 0.568156 1.362859 1.870407 1.936416 1.998620 2.035918 1.578592 0.771869 0.278606 0.187097 0.127970 0.039099 0.012103 0.009113 0.002799 0.003792 0.007011 0.008943 0.009857 0.009571 0.005929 
0.003356 0.005169 0.003294 -0.014128 0.010869 0.064987 0.072294 0.282946 0.959601 1.679965 1.933049 1.953516 2.051951 1.878542 1.176286 0.463906 0.204615 0.165330 0.081094 0.018081 0.010356 0.005993 0.002398 0.005458 0.008170 0.009481 0.010048 0.008136 
0.005374 0.003584 0.006622 -0.006960 -0.008963 0.042907 0.065477 0.125684 0.576610 1.357045 1.863713 1.942625 2.004735 2.029336 1.572771 0.779949 0.281208 0.180048 0.129217 0.042204 0.010092 0.008976 0.003534 0.003411 0.007069 0.008932 0.009923 0.009639 
0.007736 0.003484 0.006182 0.001413 -0.014117 0.015052 0.061166 0.067950 0.290795 0.961662 1.670963 1.932777 1.962157 2.051666 1.869669 1.178073 0.471685 0.200796 0.161336 0.084819 0.018446 0.008650 0.006709 0.002562 0.005181 0.008256 0.009472 0.010220 
0.009519 0.005023 0.004534 0.006186 -0.008777 -0.005872 0.043778 0.059230 0.127877 0.584006 1.352101 1.857099 1.948555 2.010630 2.022822 1.567763 0.787057 0.283717 0.174075 0.129609 0.045239 0.008677 0.008413 0.004300 0.003205 0.006963 0.008983 0.010051 
0.010283 0.007321 0.003861 0.006817 -0.000390 -0.013538 0.018408 0.057465 0.064513 0.297710 0.963633 1.662680 1.932282 1.970527 2.051204 1.861454 1.179791 0.478583 0.197799 0.157484 0.087779 0.019305 0.007032 0.007093 0.002937 0.004890 0.008250 0.009589 
0.010209 0.009270 0.004876 0.005411 0.005452 -0.010057 -0.002944 0.044030 0.053817 0.130046 0.590594 1.347685 1.850794 1.954141 2.016223 2.016606 1.563245 0.793420 0.286179 0.168885 0.129452 0.048098 0.007747 0.007601 0.004995 0.003172 0.006742 0.009073 
0.009785 0.010252 0.006948 0.004381 0.007136 -0.002033 -0.012608 0.021127 0.053908 0.061737 0.303958 0.965417 1.655025 1.931726 1.978466 2.050709 1.853824 1.181341 0.484850 0.195402 0.153793 0.090150 0.020462 0.005573 0.007202 0.003429 0.004631 0.008170 
0.009179 0.010366 0.008954 0.004892 0.006169 0.004552 -0.010912 -0.000215 0.043854 0.049044 0.132216 0.596521 1.343626 1.844883 1.959373 2.021490 2.010772 1.559061 0.799170 0.288623 0.164297 0.128922 0.050752 0.007200 0.006655 0.005579 0.003275 0.006463 
0.008044 0.010014 0.010156 0.006643 0.004966 0.007209 -0.003492 -0.011460 0.023341 0.050495 0.059477 0.309693 0.966981 1.647931 1.931182 1.985925 2.050245 1.846724 1.182687 0.490629 0.193475 0.150259 0.092055 0.021796 0.004295 0.007097 0.003969 0.004427 
0.006173 0.009281 0.010505 0.008619 0.005031 0.006793 0.003570 -0.011433 0.002311 0.043368 0.044785 0.134397 0.601888 1.339831 1.839383 1.964264 2.026432 2.005341 1.555126 0.804394 0.291062 0.160196 0.128123 0.053202 0.006952 0.005653 0.006040 0.003475 
0.004287 0.007896 0.010237 0.010020 0.006416 0.005564 0.007094 -0.004765 -0.010178 0.025148 0.047222 0.057634 0.315010 0.968322 1.641338 1.930684 1.992904 2.049835 1.840104 1.183826 0.496006 0.191929 0.146874 0.093583 0.023235 0.003195 0.006832 0.004510 
0.003740 0.005902 0.009366 0.010612 0.008300 0.005255 0.007284 0.002561 -0.011688 0.004641 0.042652 0.040955 0.136590 0.606768 1.336245 1.834285 1.968836 2.031066 2.000302 1.551392 0.809157 0.293498 0.156501 0.127125 0.055455 0.006939 0.004642 0.006381 
0.005021 0.004212 0.007743 0.010432 0.009863 0.006266 0.006140 0.006838 -0.005860 -0.008816 0.026617 0.044083 0.056140 0.319972 0.969452 1.635198 1.930243 1.999425 2.049487 1.833921 1.184767 0.501040 0.190703 0.143631 0.094799 0.024729 0.002265 0.006450 
0.006607 0.004044 0.005671 0.009427 0.010683 0.008018 0.005535 0.007649 0.001560 -0.011731 0.006786 0.041759 0.037492 0.138790 0.611220 1.332836 1.829562 1.973114 2.035411 1.995631 1.547832 0.813512 0.295930 0.153155 0.125978 0.057524 0.007115 0.003653 
0.005984 0.005484 0.004199 0.007597 0.010585 0.009701 0.006192 0.006675 0.006475 -0.006790 -0.007413 0.027802 0.041074 0.054941 0.324623 0.970388 1.629466 1.929863 2.005517 2.049200 1.828138 1.185527 0.505770 0.189748 0.140525 0.095753 0.026246 0.001492 
0.002705 0.006729 0.004369 0.005490 0.009461 0.010715 0.007784 0.005851 0.007899 0.000589 -0.011603 0.008755 0.040732 0.034349 0.140992 0.615292 1.329582 1.825187 1.977122 2.039489 1.991300 1.544427 0.817504 0.298350 0.150117 0.124717 0.059418 0.007440 
0.000864 0.005456 0.005891 0.004244 0.007465 0.010689 0.009542 0.006185 0.007157 0.006035 -0.007568 -0.005994 0.028745 0.038191 0.053993 0.328997 0.971151 1.624104 1.929542 2.011216 2.048969 1.822717 1.186124 0.510228 0.189025 0.137551 0.096482 0.027761 
0.007888 0.001810 0.006757 0.004702 0.005361 0.009468 0.010712 0.007603 0.006188 0.008045 -0.000337 -0.011335 0.010560 0.039600 0.031488 0.143186 0.619027 1.326468 1.821130 1.980884 2.043319 1.987280 1.541164 0.821170 0.300753 0.147351 0.123371 0.061150 
