0.020561 0.010002 0.003206 0.000476 0.000005 0.000005 0.000476 0.000765 0.031486 -0.077583 0.531749 1.137146 1.017517 1.036632 0.999077 1.108146 0.503206 -0.097669 0.021489 -0.002437 0.000476 0.003206 0.010002 0.020561 0.031749 0.039002 0.039002 0.031749 
0.026358 0.014949 0.006048 0.001418 0.000102 -0.000115 0.001142 -0.006181 0.038461 -0.066542 0.153686 0.908912 1.120442 1.011321 1.001544 1.095394 0.878825 0.128746 -0.081395 0.032410 -0.007504 0.002464 0.005937 0.014955 0.026358 0.036134 0.039996 0.036134 
0.031748 0.020564 0.010006 0.003202 0.000535 -0.000447 0.002443 -0.009570 0.028587 -0.015404 -0.037021 0.532197 1.094081 1.074458 0.980989 1.056024 1.065088 0.503657 -0.057110 -0.025408 0.025380 -0.009570 0.005650 0.009557 0.020624 0.031742 0.038999 0.038998 
0.036132 0.026358 0.014956 0.006024 0.001589 -0.000732 0.003048 -0.007902 0.010728 0.023581 -0.075125 0.191165 0.869096 1.137897 1.009317 0.999544 1.112857 0.839015 0.166226 -0.089984 0.017522 0.009403 -0.006576 0.009107 0.014126 0.026528 0.036105 0.039996 
0.039006 0.031744 0.020577 0.009948 0.003487 -0.000495 0.002447 -0.003328 -0.003781 0.032981 -0.037164 -0.012344 0.529298 1.076202 1.090136 0.972330 1.071707 1.047217 0.500761 -0.032436 -0.047175 0.029768 -0.003781 -0.000115 0.012459 0.019597 0.032023 0.038933 
0.039897 0.036147 0.026377 0.014864 0.006364 0.000651 0.001166 0.000924 -0.009370 0.020782 0.009378 -0.073873 0.209421 0.851063 1.139025 1.013227 1.003457 1.113992 0.820989 0.184481 -0.088737 0.003312 0.019453 -0.008041 0.006989 0.016030 0.025590 0.036439 
0.039236 0.038884 0.031808 0.020461 0.010257 0.002866 0.000231 0.002883 -0.007273 0.003341 0.030950 -0.048761 0.003442 0.528866 1.063595 1.095343 0.975786 1.076920 1.034617 0.500333 -0.016653 -0.058779 0.027732 0.003341 -0.004055 0.012901 0.020326 0.031399 
0.036196 0.040085 0.036083 0.026316 0.015059 0.006127 0.000510 0.002590 -0.002150 -0.007575 0.026074 -0.001589 -0.071207 0.221551 0.840550 1.134799 1.018945 1.009178 1.109773 0.810481 0.196611 -0.086076 -0.007662 0.024742 -0.006243 0.003923 0.017460 0.025450 
0.030897 0.039267 0.038993 0.031676 0.020575 0.010296 0.002368 0.001430 0.001846 -0.009113 0.009328 0.027261 -0.056001 0.014869 0.529867 1.052881 1.097017 0.983076 1.078600 1.023910 0.501337 -0.005229 -0.066026 0.024037 0.009328 -0.005889 0.011871 0.021528 
0.025932 0.035735 0.040278 0.036038 0.026274 0.015260 0.005671 0.000993 0.003119 -0.004814 -0.004701 0.028778 -0.010201 -0.068493 0.231052 0.833180 1.128757 1.025125 1.015361 1.103739 0.803116 0.206112 -0.083369 -0.016281 0.027443 -0.003366 0.001266 0.017994 
0.022576 0.030751 0.039072 0.039158 0.031553 0.020746 0.010108 0.002225 0.002475 0.000242 -0.009574 0.014067 0.023239 -0.061076 0.023985 0.531460 1.043232 1.097336 0.991517 1.078925 1.014268 0.502933 0.003884 -0.071108 0.020010 0.014067 -0.006344 0.010274 
0.017856 0.026668 0.035345 0.040326 0.036056 0.026296 0.015315 0.005287 0.001729 0.002975 -0.006827 -0.001587 0.030042 -0.017245 -0.065903 0.239097 0.827321 1.122238 1.031261 1.021501 1.097226 0.797264 0.214158 -0.080784 -0.023332 0.028704 -0.000249 -0.000740 
0.008568 0.023293 0.030914 0.038779 0.039262 0.031542 0.020856 0.009822 0.002390 0.003189 -0.001471 -0.009206 0.017806 0.019259 -0.064898 0.031742 0.533198 1.034373 1.097118 1.000099 1.078712 1.005416 0.504675 0.011638 -0.074937 0.016024 0.017806 -0.005971 
-0.002152 0.017293 0.027435 0.035127 0.040220 0.036129 0.026371 0.015215 0.005075 0.002496 0.002406 -0.008246 0.001456 0.030450 -0.023211 -0.063403 0.246164 0.822285 1.115786 1.037156 1.027398 1.090781 0.792233 0.221225 -0.078290 -0.029305 0.029109 0.002798 
-0.005104 0.006950 0.023679 0.031283 0.038477 0.039276 0.031641 0.020876 0.009527 0.002762 0.003572 -0.003096 -0.008345 0.020781 0.015420 -0.067894 0.038614 0.534868 1.026182 1.096703 1.008420 1.078302 0.997232 0.506348 0.018506 -0.077941 0.012179 0.020781 
0.005669 -0.003078 0.016481 0.028130 0.035080 0.040006 0.036231 0.026476 0.015008 0.005034 0.003191 0.001589 -0.009179 0.004325 0.030309 -0.028393 -0.060952 0.252482 0.817750 1.109624 1.042737 1.032982 1.084627 0.787703 0.227543 -0.075844 -0.034494 0.028964 
0.023166 -0.003940 0.005492 0.023789 0.031766 0.038211 0.039216 0.031810 0.020821 0.009269 0.003249 0.003679 -0.004561 -0.007186 0.023166 0.011741 -0.070289 0.044850 0.536375 1.018580 1.096239 1.016324 1.077844 0.989638 0.507858 0.024740 -0.080342 0.008495 
0.028446 0.008336 -0.003623 0.015538 0.028712 0.035170 0.039739 0.036337 0.026586 0.014748 0.005130 0.003773 0.000640 -0.009730 0.006988 0.029793 -0.032971 -0.058521 0.258185 0.813555 1.103837 1.047987 1.038236 1.078846 0.783515 0.233246 -0.073419 -0.039079 
0.004969 0.025085 -0.002597 0.004216 0.023686 0.032296 0.038005 0.039106 0.032004 0.020717 0.009070 0.003782 0.003572 -0.005845 -0.005849 0.025085 0.008221 -0.072215 0.050595 0.537683 1.011509 1.095793 1.023762 1.077404 0.982573 0.509169 0.030481 -0.082275 
-0.043177 0.027659 0.010797 -0.003867 0.014538 0.029168 0.035361 0.039462 0.036432 0.026684 0.014478 0.005326 0.004229 -0.000365 -0.009981 0.009446 0.029009 -0.037062 -0.056098 0.263362 0.809615 1.098443 1.052913 1.043165 1.073460 0.779581 0.238423 -0.071001 
-0.083827 0.001593 0.026626 -0.001151 0.003119 0.023421 0.032825 0.037867 0.038969 0.032192 0.020585 0.008939 0.004315 0.003305 -0.006948 -0.004408 0.026626 0.004851 -0.073760 0.055936 0.538788 1.004916 1.095394 1.030732 1.077010 0.975988 0.510278 0.035820 
-0.068588 -0.046867 0.026673 0.013061 -0.003874 0.013529 0.029502 0.035618 0.039205 0.036503 0.026758 0.014228 0.005589 0.004563 -0.001380 -0.009996 0.011707 0.028027 -0.040745 -0.053679 0.268081 0.805881 1.093433 1.057532 1.047787 1.068457 0.775852 0.243142 
0.040813 -0.085060 -0.001639 0.027854 0.000351 0.002193 0.023037 0.033326 0.037797 0.038822 0.032350 0.020444 0.008876 0.004819 0.002918 -0.007881 -0.002912 0.027854 0.001625 -0.074986 0.060932 0.539701 0.998758 1.095050 1.037257 1.076672 0.969837 0.511193 
0.247455 -0.066183 -0.050207 0.025539 0.015139 -0.003693 0.012543 0.029720 0.035918 0.038986 0.036545 0.026804 0.014017 0.005894 0.004781 -0.002372 -0.009822 0.013782 0.026896 -0.044078 -0.051268 0.272394 0.802323 1.088784 1.061866 1.052125 1.063815 0.772299 
0.511932 0.045502 -0.086024 -0.004733 0.028820 0.001875 0.001425 0.022567 0.033780 0.037792 0.038677 0.032467 0.020305 0.008878 0.005276 0.002445 -0.008657 -0.001394 0.028820 -0.001464 -0.075943 0.065624 0.540436 0.992996 1.094764 1.043364 1.076392 0.964081 
0.768902 0.251408 -0.063790 -0.053241 0.024292 0.017043 -0.003361 0.011596 0.029833 0.036241 0.038815 0.036557 0.026818 0.013853 0.006223 0.004895 -0.003324 -0.009497 0.015683 0.025652 -0.047105 -0.048870 0.276346 0.798920 1.084469 1.065937 1.056199 1.059507 
0.958685 0.512511 0.049919 -0.086757 -0.007694 0.029560 0.003398 0.000801 0.022035 0.034178 0.037845 0.038541 0.032538 0.020175 0.008938 0.005677 0.001910 -0.009287 0.000123 0.029560 -0.004420 -0.076669 0.070044 0.541012 0.987592 1.094531 1.049086 1.076165 
1.055505 0.765647 0.255037 -0.061416 -0.056003 0.022960 0.018785 -0.002907 0.010702 0.029852 0.036574 0.038695 0.036539 0.026803 0.013740 0.006562 0.004914 -0.004224 -0.009050 0.017421 0.024323 -0.049860 -0.046491 0.279976 0.795658 1.080460 1.069767 1.060032 
