0.006981 0.002446 0.001214 0.003169 0.009978 0.027999 0.069795 0.149761 0.310637 0.381751 1.198361 1.991553 1.984726 2.003324 1.851785 1.771648 0.958179 0.176732 0.166744 0.065457 0.029895 0.016921 0.017445 0.022932 0.027302 0.027131 0.022058 0.014274 
0.010386 0.004299 0.001433 0.001768 0.005715 0.016835 0.045959 0.097255 0.245821 0.297279 0.715735 1.675407 2.043731 1.993445 1.923759 1.859501 1.437077 0.487861 0.121533 0.133134 0.037314 0.022125 0.015982 0.020012 0.025540 0.027877 0.025116 0.018304 
0.014277 0.006984 0.002447 0.001211 0.003230 0.009529 0.030436 0.059739 0.177571 0.263750 0.422340 1.198839 1.948486 2.041630 1.947645 1.908730 1.728618 0.958657 0.217295 0.119835 0.093264 0.019848 0.019367 0.017001 0.022994 0.027293 0.027130 0.022055 
0.018303 0.010389 0.004304 0.001408 0.001938 0.004883 0.020000 0.036908 0.114150 0.230934 0.288712 0.753247 1.635609 2.061165 1.991399 1.921737 1.876979 1.397298 0.525356 0.112939 0.118233 0.054213 0.013086 0.019154 0.019183 0.025708 0.027848 0.025117 
0.022065 0.014275 0.006998 0.002386 0.001495 0.002201 0.012427 0.024663 0.065517 0.181952 0.241993 0.447044 1.195969 1.930606 2.057271 1.938948 1.924411 1.710775 0.955788 0.241973 0.098056 0.097641 0.025635 0.013604 0.019904 0.021965 0.027573 0.027066 
0.025020 0.018321 0.010410 0.004211 0.001746 0.001001 0.006784 0.017877 0.035435 0.124190 0.216724 0.289981 0.771535 1.617593 2.062272 1.995266 1.925628 1.878131 1.379304 0.543628 0.114179 0.104010 0.064258 0.011622 0.017038 0.021086 0.024768 0.028182 
0.027369 0.021945 0.014342 0.006882 0.002693 0.000873 0.002929 0.012865 0.020716 0.072628 0.179909 0.230400 0.462857 1.195566 1.917998 2.062442 1.942368 1.929622 1.698204 0.955386 0.257760 0.086440 0.095594 0.032755 0.009667 0.020347 0.022693 0.026949 
0.027940 0.025209 0.018259 0.010350 0.004404 0.001506 0.000861 0.008211 0.014804 0.037223 0.129469 0.205751 0.292663 0.783697 1.607097 2.058024 2.000942 1.931327 1.873928 1.368828 0.555775 0.116834 0.093023 0.069540 0.013420 0.013974 0.022516 0.024626 
0.026446 0.027402 0.022055 0.014212 0.006996 0.002730 0.000373 0.004130 0.011831 0.018874 0.078604 0.176207 0.223163 0.474311 1.196596 1.907282 2.064080 1.949622 1.931299 1.687525 0.956417 0.269189 0.079181 0.091889 0.038740 0.007835 0.019318 0.023893 
0.025107 0.027478 0.025404 0.018217 0.010310 0.004603 0.001048 0.001344 0.008743 0.012142 0.040091 0.132159 0.197132 0.295392 0.793230 1.599743 2.051961 2.007080 1.937489 1.867909 1.361495 0.565292 0.119536 0.084391 0.072235 0.016299 0.011320 0.023050 
0.024941 0.026298 0.027207 0.022223 0.014092 0.007167 0.002540 0.000229 0.005177 0.010230 0.018412 0.083332 0.172172 0.218093 0.483454 1.198217 1.897631 2.064363 1.958026 1.931622 1.677911 0.958040 0.278306 0.074088 0.087851 0.043476 0.007382 0.017722 
0.022912 0.025841 0.027088 0.025454 0.018238 0.010333 0.004657 0.000662 0.002080 0.008602 0.010130 0.043198 0.133409 0.190082 0.297999 0.801308 1.593901 2.045421 2.013175 1.943606 1.861413 1.355674 0.573355 0.122115 0.077327 0.073489 0.019417 0.009315 
0.016018 0.025656 0.026460 0.026915 0.022329 0.014083 0.007277 0.002252 0.000394 0.005893 0.008521 0.018777 0.087060 0.168179 0.214274 0.491238 1.199984 1.888771 2.064109 1.966572 1.931406 1.669087 0.959809 0.286065 0.070247 0.083854 0.047213 0.007758 
0.007906 0.022348 0.026607 0.026869 0.025349 0.018313 0.010410 0.004557 0.000448 0.002848 0.008036 0.008713 0.046235 0.133803 0.184109 0.300515 0.808406 1.588881 2.038947 2.019028 1.949483 1.854983 1.350674 0.580438 0.124603 0.071341 0.073887 0.022464 
0.008627 0.014400 0.026041 0.026828 0.026613 0.022346 0.014185 0.007298 0.001954 0.000765 0.006278 0.006898 0.019637 0.090023 0.164328 0.211282 0.498136 1.201682 1.880577 2.063658 1.974857 1.930994 1.660931 0.961509 0.292938 0.067232 0.079998 0.050186 
0.025337 0.006982 0.021536 0.027301 0.026822 0.025136 0.018417 0.010517 0.004349 0.000404 0.003543 0.007222 0.007781 0.049096 0.133648 0.178921 0.302982 0.814755 1.584362 2.032765 2.024568 1.955045 1.848844 1.346176 0.586773 0.127044 0.066138 0.073736 
0.052568 0.009794 0.012944 0.026150 0.027310 0.026349 0.022288 0.014355 0.007243 0.001694 0.001250 0.006387 0.005437 0.020794 0.092397 0.160637 0.208891 0.504400 1.203217 1.872974 2.063159 1.982725 1.930533 1.653364 0.963045 0.299176 0.064819 0.076303 
0.073210 0.028004 0.006440 0.020593 0.027880 0.026913 0.024871 0.018527 0.010628 0.004087 0.000499 0.004125 0.006276 0.007231 0.051753 0.133119 0.174337 0.305430 0.820490 1.580183 2.026956 2.029777 1.960276 1.843079 1.342019 0.592493 0.129464 0.061540 
0.072766 0.054484 0.011139 0.011668 0.026045 0.027838 0.026144 0.022180 0.014552 0.007139 0.001493 0.001782 0.006282 0.004156 0.022128 0.094304 0.157104 0.206970 0.510171 1.204553 1.865900 2.062678 1.990127 1.930090 1.646327 0.964384 0.304923 0.062874 
0.057429 0.072416 0.030466 0.006198 0.019593 0.028335 0.027103 0.024595 0.018624 0.010727 0.003816 0.000693 0.004582 0.005274 0.006981 0.054204 0.132321 0.170240 0.307870 0.825699 1.576259 2.021542 2.034662 1.965184 1.837707 1.338116 0.597687 0.131876 
0.061311 0.069379 0.056023 0.012587 0.010573 0.025779 0.028367 0.026006 0.022045 0.014742 0.007007 0.001360 0.002313 0.006016 0.003056 0.023567 0.095834 0.153722 0.205429 0.515539 1.205686 1.859305 2.062243 1.997062 1.929693 1.639768 0.965519 0.310266 
0.134284 0.053726 0.071424 0.032731 0.006193 0.018584 0.028667 0.027360 0.024340 0.018697 0.010803 0.003565 0.000954 0.004916 0.004263 0.006968 0.056459 0.131325 0.166551 0.310305 0.830449 1.572540 2.016510 2.039241 1.969785 1.832719 1.334419 0.602422 
0.315264 0.060066 0.066136 0.057249 0.014091 0.009648 0.025395 0.028867 0.025937 0.021901 0.014903 0.006866 0.001296 0.002816 0.005632 0.002126 0.025061 0.097051 0.150484 0.204208 0.520562 1.206626 1.853145 2.061864 2.003551 1.929353 1.633645 0.966462 
0.606753 0.136684 0.050372 0.070283 0.034810 0.006376 0.017597 0.028884 0.027659 0.024123 0.018742 0.010849 0.003352 0.001257 0.005134 0.003274 0.007144 0.058527 0.130180 0.163212 0.312732 0.834793 1.568997 2.011841 2.043535 1.974101 1.828092 1.330897 
0.967227 0.319959 0.059091 0.063031 0.058212 0.015617 0.008881 0.024923 0.029319 0.025932 0.021758 0.015022 0.006727 0.001295 0.003272 0.005161 0.001354 0.026577 0.098005 0.147383 0.203255 0.525281 1.207389 1.847380 2.061542 2.009623 1.929069 1.627916 
1.327530 0.610722 0.139072 0.047326 0.069029 0.036715 0.006710 0.016650 0.028996 0.027981 0.023954 0.018757 0.010866 0.003187 0.001584 0.005248 0.002325 0.007470 0.060421 0.128923 0.160179 0.315147 0.838777 1.565610 2.007505 2.047566 1.978154 1.823798 
1.622546 0.967833 0.324381 0.058346 0.060059 0.058950 0.017143 0.008259 0.024390 0.029716 0.025986 0.021625 0.015095 0.006597 0.001354 0.003672 0.004627 0.000727 0.028092 0.098734 0.144415 0.202534 0.529728 1.207992 1.841974 2.061275 2.015309 1.928839 
1.819811 1.324305 0.614369 0.141441 0.044551 0.067690 0.038457 0.007166 0.015756 0.029014 0.028314 0.023836 0.018741 0.010852 0.003074 0.001921 0.005267 0.001429 0.007918 0.062151 0.127580 0.157419 0.317544 0.842437 1.562364 2.003475 2.051355 1.981965 
