0.245961 0.253928 0.226059 0.193640 0.229253 0.196767 0.960821 1.769450 1.844869 1.992018 1.982716 2.026980 1.299785 0.558134 0.540118 0.386576 0.265998 0.156177 0.072487 0.023204 0.003857 0.000246 0.000076 0.002981 0.020039 0.062498 0.128604 0.198044 
0.226199 0.255269 0.243942 0.201002 0.226512 0.159334 0.496660 1.436690 1.855278 1.913977 1.984006 2.056438 1.741063 0.855379 0.504815 0.485416 0.318895 0.209711 0.110199 0.043518 0.010567 0.001045 0.000080 0.000619 0.008874 0.037767 0.093554 0.164478 
0.198180 0.245531 0.256232 0.216116 0.221402 0.182389 0.237342 0.961295 1.726398 1.901790 1.936332 2.039636 1.983939 1.300279 0.598718 0.493209 0.414362 0.255935 0.158629 0.072063 0.023282 0.003848 0.000227 0.000053 0.002986 0.020015 0.062614 0.128485 
0.164604 0.225459 0.258338 0.234886 0.217949 0.211595 0.150783 0.534156 1.396899 1.872731 1.911938 1.981965 2.073895 1.701288 0.892898 0.496233 0.470503 0.335773 0.200665 0.113386 0.042710 0.010744 0.001005 0.000057 0.000616 0.008847 0.037839 0.093523 
0.128717 0.197193 0.248434 0.250379 0.221939 0.225793 0.160619 0.262050 0.958416 1.708535 1.917447 1.927629 2.055292 1.966085 1.297426 0.623417 0.471429 0.418719 0.261706 0.152871 0.074987 0.022270 0.004128 0.000141 0.000054 0.002961 0.020050 0.062602 
0.093851 0.163653 0.227406 0.256159 0.233390 0.228034 0.197375 0.152047 0.552441 1.378885 1.873859 1.915813 1.985838 2.075024 1.683296 0.911192 0.497486 0.456267 0.345796 0.199195 0.111286 0.044635 0.009815 0.001325 -0.000055 0.000616 0.008860 0.037798 
0.062938 0.128068 0.197949 0.248871 0.246375 0.229073 0.223771 0.149012 0.277862 0.958010 1.695940 1.922637 1.931042 2.060479 1.953502 1.297040 0.639225 0.459813 0.416652 0.268810 0.148939 0.075450 0.023016 0.003500 0.000428 -0.000082 0.003006 0.019963 
0.038032 0.093606 0.163510 0.228860 0.253045 0.235155 0.233347 0.186402 0.154719 0.564601 1.368392 1.869631 1.921496 1.991518 2.070800 1.672823 0.923361 0.500153 0.445268 0.351057 0.200988 0.108235 0.046086 0.009681 0.001071 0.000119 0.000531 0.008802 
0.020106 0.062995 0.127554 0.199169 0.247832 0.244487 0.235061 0.220093 0.141766 0.289309 0.959040 1.685237 1.924292 1.938289 2.062131 1.942812 1.298086 0.650674 0.452553 0.412926 0.274779 0.147112 0.074442 0.024234 0.002994 0.000446 0.000008 0.002861 
0.008769 0.038264 0.093145 0.163993 0.229409 0.250349 0.238001 0.236065 0.177790 0.157437 0.574131 1.361044 1.863586 1.927642 1.997661 2.064760 1.665492 0.932900 0.502867 0.436623 0.353730 0.203860 0.105596 0.046642 0.010169 0.000599 0.000297 0.000466 
0.002728 0.020303 0.062822 0.127402 0.200232 0.246224 0.243985 0.239796 0.216083 0.136689 0.298443 0.960662 1.675598 1.924591 1.946687 2.062429 1.933186 1.299724 0.659812 0.447460 0.408868 0.279499 0.146664 0.072867 0.025297 0.002844 0.000238 0.000153 
0.000464 0.008801 0.038346 0.092759 0.164733 0.229280 0.248307 0.241087 0.237339 0.170750 0.160032 0.582204 1.355209 1.857063 1.933744 2.003760 2.058242 1.659674 0.940984 0.505458 0.429547 0.354964 0.206971 0.103606 0.046525 0.010911 0.000200 0.000327 
0.000235 0.002711 0.020438 0.062550 0.127564 0.200960 0.244505 0.244317 0.243528 0.212113 0.132867 0.306216 0.962430 1.666751 1.924352 1.955227 2.062190 1.924352 1.301508 0.667591 0.443618 0.404851 0.283220 0.147044 0.071183 0.026029 0.003004 -0.000069 
0.000201 0.000519 0.008888 0.038271 0.092548 0.165505 0.228720 0.246863 0.244105 0.237753 0.164789 0.162536 0.589296 1.350197 1.850606 1.939604 2.009619 2.051791 1.654677 0.948089 0.507958 0.423548 0.355340 0.210012 0.102212 0.045983 0.011684 -0.000027 
-0.000386 0.000228 0.002805 0.020481 0.062268 0.127935 0.201354 0.242873 0.245146 0.246494 0.208283 0.129873 0.313102 0.964130 1.658572 1.923916 1.963507 2.061754 1.916184 1.303223 0.674484 0.440603 0.400975 0.286177 0.147919 0.069587 0.026430 0.003371 
-0.000082 -0.000033 0.000604 0.009004 0.038086 0.092510 0.166205 0.227910 0.245905 0.246948 0.237616 0.159613 0.164993 0.595639 1.345686 1.844441 1.945150 2.015164 2.045630 1.650182 0.954445 0.510411 0.418334 0.355168 0.212878 0.101303 0.045191 0.012386 
0.003854 -0.000667 0.000145 0.002970 0.020447 0.062022 0.128423 0.201471 0.241401 0.246274 0.248868 0.204613 0.127482 0.319354 0.965665 1.650983 1.923431 1.971369 2.061270 1.908605 1.304774 0.680743 0.438190 0.397261 0.288543 0.149090 0.068151 0.026555 
0.012974 -0.000000 -0.000321 0.000695 0.009125 0.037846 0.092611 0.166793 0.226966 0.245332 0.249588 0.237102 0.155041 0.167431 0.601365 1.341517 1.838650 1.950364 2.020378 2.039844 1.646026 0.960187 0.512843 0.413724 0.354622 0.215539 0.100776 0.044269 
0.026466 0.004382 -0.000888 0.000013 0.003161 0.020363 0.061836 0.128959 0.201373 0.240109 0.247583 0.250776 0.201100 0.125561 0.325113 0.967001 1.643925 1.922964 1.978765 2.060805 1.901557 1.306127 0.686509 0.436245 0.393704 0.290443 0.150440 0.066896 
0.043289 0.013438 0.000181 -0.000620 0.000774 0.009234 0.037596 0.092813 0.167256 0.225963 0.245059 0.252023 0.236319 0.150957 0.169862 0.606566 1.337602 1.833252 1.955255 2.025269 2.034452 1.642126 0.965402 0.515267 0.409602 0.353807 0.217995 0.100549 
0.065821 0.026216 0.004911 -0.001043 -0.000145 0.003347 0.020250 0.061718 0.129496 0.201112 0.238996 0.248997 0.252305 0.197736 0.124022 0.330469 0.968134 1.637346 1.922543 1.985693 2.060385 1.894988 1.307277 0.691873 0.434682 0.390298 0.291965 0.151894 
0.100558 0.042301 0.013779 0.000430 -0.000898 0.000831 0.009318 0.037364 0.093083 0.167595 0.224951 0.245024 0.254261 0.235336 0.147281 0.172289 0.611307 1.333892 1.828238 1.959839 2.029853 2.029444 1.638430 0.970158 0.517687 0.405887 0.352793 0.220253 
0.153403 0.064916 0.025848 0.005411 -0.001130 -0.000313 0.003503 0.020126 0.061668 0.130006 0.200732 0.238054 0.250467 0.253521 0.194515 0.122803 0.335480 0.969073 1.631201 1.922178 1.992176 2.060022 1.888853 1.308234 0.696891 0.433438 0.387036 0.293175 
0.222326 0.100756 0.041334 0.014005 0.000720 -0.001138 0.000860 0.009374 0.037170 0.093397 0.167820 0.223959 0.245178 0.256315 0.234203 0.143955 0.174710 0.615643 1.330357 1.823586 1.964137 2.034152 2.024796 1.634910 0.974509 0.520099 0.402522 0.351631 
0.294122 0.154934 0.064169 0.025393 0.005865 -0.001152 -0.000479 0.003619 0.020004 0.061683 0.130469 0.200264 0.237269 0.251961 0.254475 0.191431 0.121853 0.340188 0.969835 1.625452 1.921870 1.998241 2.059716 1.883113 1.309013 0.701605 0.432463 0.383911 
0.350356 0.224224 0.101104 0.040408 0.014127 0.001033 -0.001331 0.000859 0.009399 0.037024 0.093734 0.167940 0.223007 0.245484 0.258194 0.232957 0.140935 0.177118 0.619618 1.326978 1.819268 1.968173 2.038188 2.020483 1.631546 0.978499 0.522499 0.399464 
0.380919 0.294845 0.156464 0.063567 0.024877 0.006262 -0.001117 -0.000634 0.003689 0.019890 0.061757 0.130878 0.199734 0.236629 0.253455 0.255203 0.188480 0.121135 0.344624 0.970437 1.620061 1.921617 2.003921 2.059465 1.877733 1.309632 0.706047 0.431718 
0.396677 0.348996 0.225960 0.101575 0.039534 0.014154 0.001356 -0.001472 0.000828 0.009393 0.036928 0.094083 0.167966 0.222106 0.245912 0.259912 0.231625 0.138187 0.179508 0.623269 1.323740 1.815256 1.971967 2.041982 2.016476 1.628323 0.982166 0.524880 
