0.000194 0.000049 -0.002222 0.022555 -0.093726 0.513882 1.133845 1.058486 1.165374 1.268624 1.568395 1.179309 0.772087 1.006899 0.981907 0.866326 0.671279 0.458034 0.276126 0.149164 0.075600 0.040071 0.025210 0.018401 0.013287 0.008249 0.003954 0.001260 
0.000447 0.001103 -0.007498 0.032897 -0.079235 0.135402 0.895496 1.134669 1.089955 1.193836 1.455027 1.446388 0.908022 0.859063 1.032922 0.930630 0.775899 0.563241 0.361026 0.205389 0.106493 0.054224 0.030994 0.021335 0.015817 0.010742 0.005942 0.002388 
0.000812 0.002635 -0.009998 0.025597 -0.024338 -0.053162 0.514334 1.090779 1.115417 1.109719 1.325573 1.525362 1.179789 0.812645 0.959967 1.009687 0.856277 0.673750 0.457615 0.276193 0.149146 0.075588 0.040066 0.025211 0.018403 0.013288 0.008245 0.004015 
0.001557 0.003614 -0.007940 0.009409 0.018013 -0.087819 0.172885 0.855683 1.152119 1.087938 1.191828 1.472503 1.406609 0.945520 0.850455 1.017993 0.947514 0.766874 0.566441 0.360213 0.205554 0.106452 0.054219 0.030993 0.021336 0.015822 0.010716 0.006113 
0.002987 0.003711 -0.003134 -0.004209 0.029988 -0.046100 -0.028484 0.511439 1.072901 1.131084 1.101046 1.341258 1.507516 1.176922 0.837319 0.938165 1.014039 0.862064 0.668011 0.460542 0.275170 0.149417 0.075514 0.040072 0.025208 0.018416 0.013227 0.008528 
0.005176 0.003459 0.001493 -0.009406 0.019461 0.003807 -0.086567 0.191144 0.837654 1.153243 1.091834 1.195733 1.473653 1.388614 0.963793 0.851682 1.003742 0.957543 0.765424 0.564354 0.362133 0.204611 0.106775 0.054115 0.031009 0.021356 0.015729 0.011054 
0.007906 0.003715 0.004150 -0.007076 0.002912 0.027954 -0.057700 -0.012695 0.511012 1.060293 1.136281 1.104489 1.346473 1.494942 1.176523 0.853102 0.926526 1.011967 0.869183 0.664099 0.461011 0.275903 0.148782 0.075807 0.039949 0.025274 0.018299 0.013535 
0.010815 0.005035 0.004886 -0.001577 -0.007611 0.024750 -0.007164 -0.083901 0.203278 0.827144 1.149011 1.097538 1.201446 1.469449 1.378138 0.975940 0.854323 0.992727 0.962810 0.767236 0.561318 0.363578 0.204466 0.106521 0.054297 0.030945 0.021295 0.015922 
0.013571 0.007406 0.004916 0.003117 -0.008913 0.008898 0.024261 -0.064942 -0.001267 0.512018 1.049579 1.137945 1.111766 1.348155 1.484261 1.177556 0.864525 0.919244 1.008236 0.875166 0.662291 0.460006 0.277109 0.148270 0.075830 0.040056 0.025143 0.018413 
0.016120 0.010357 0.005518 0.005418 -0.004237 -0.004735 0.027452 -0.015779 -0.081188 0.212783 0.819777 1.142964 1.103704 1.207622 1.463429 1.370805 0.985459 0.857011 0.984067 0.965489 0.770129 0.558691 0.364129 0.204943 0.106048 0.054485 0.030902 0.021255 
0.018584 0.013381 0.007262 0.005963 0.001517 -0.009371 0.013636 0.020236 -0.070019 0.007851 0.513615 1.039930 1.138253 1.120193 1.348482 1.474644 1.179180 0.873637 0.914127 1.004172 0.879902 0.661862 0.458435 0.278162 0.148113 0.075625 0.040220 0.025022 
0.021277 0.016174 0.009971 0.006254 0.005278 -0.006246 -0.001621 0.028714 -0.022826 -0.078598 0.220832 0.813921 1.136440 1.109827 1.213753 1.456932 1.364983 0.993522 0.859576 0.976976 0.966728 0.773260 0.556715 0.364007 0.205674 0.105646 0.054528 0.030921 
0.025013 0.018693 0.013093 0.007427 0.006679 -0.000192 -0.009001 0.017375 0.016252 -0.073843 0.015610 0.515358 1.031071 1.138025 1.128762 1.348272 1.465819 1.180951 0.881391 0.910264 1.000151 0.883638 0.662262 0.456755 0.278884 0.148265 0.075323 0.040322 
0.030994 0.021354 0.016073 0.009756 0.007022 0.004712 -0.007661 0.001424 0.029119 -0.028796 -0.076099 0.227902 0.808888 1.129982 1.115708 1.219644 1.450501 1.359984 1.000605 0.862050 0.970962 0.967110 0.776321 0.555333 0.363459 0.206436 0.105416 0.054416 
0.040335 0.025114 0.018713 0.012795 0.007798 0.007064 -0.001813 -0.008137 0.020349 0.012410 -0.076842 0.022484 0.517032 1.022879 1.137599 1.137070 1.347865 1.457660 1.182652 0.888259 0.907226 0.996270 0.886609 0.663155 0.455162 0.279275 0.148624 0.075011 
0.054197 0.031097 0.021460 0.015864 0.009713 0.007718 0.003898 -0.008591 0.004293 0.028975 -0.033981 -0.073648 0.234224 0.804356 1.123815 1.121275 1.225220 1.444362 1.355485 1.006940 0.864476 0.965733 0.966944 0.779206 0.554437 0.362664 0.207127 0.105358 
0.074736 0.040273 0.025284 0.018658 0.012534 0.008283 0.007173 -0.003274 -0.006975 0.022733 0.008728 -0.079239 0.028722 0.518543 1.015277 1.137124 1.144961 1.347410 1.450092 1.184190 0.894491 0.904790 0.992551 0.888990 0.664345 0.453730 0.279390 0.149097 
0.105437 0.053924 0.031205 0.021571 0.015603 0.009807 0.008299 0.002952 -0.009138 0.006958 0.028457 -0.038563 -0.071217 0.239931 0.800164 1.118022 1.126511 1.230466 1.438597 1.351328 1.012660 0.866882 0.961108 0.966404 0.781887 0.553922 0.361737 0.207704 
0.149616 0.074521 0.040161 0.025480 0.018553 0.012333 0.008815 0.007068 -0.004554 -0.005636 0.024651 0.005204 -0.081167 0.034469 0.519856 1.008205 1.136668 1.152386 1.346972 1.443053 1.185530 0.900232 0.902823 0.988989 0.890905 0.665714 0.452479 0.279291 
0.208156 0.105616 0.053641 0.031300 0.021670 0.015331 0.010001 0.008756 0.001950 -0.009386 0.009417 0.027671 -0.042657 -0.068794 0.245112 0.796228 1.112623 1.131423 1.235388 1.433225 1.347424 1.017853 0.869280 0.956970 0.965595 0.784362 0.553708 0.360754 
0.279032 0.150136 0.074373 0.040022 0.025669 0.018421 0.012200 0.009347 0.006802 -0.005654 -0.004192 0.026191 0.001831 -0.082714 0.039812 0.520966 1.001612 1.136258 1.159343 1.346581 1.436493 1.186666 0.905569 0.901238 0.985579 0.892443 0.667186 0.451408 
0.359761 0.208485 0.105862 0.053379 0.031372 0.021745 0.015079 0.010262 0.009090 0.000940 -0.009397 0.011679 0.026686 -0.046343 -0.066376 0.249835 0.792497 1.107607 1.136029 1.240003 1.428237 1.343727 1.022588 0.871673 0.953241 0.964588 0.786639 0.553730 
0.450508 0.278654 0.150626 0.074294 0.039873 0.025829 0.018280 0.012135 0.009849 0.006418 -0.006583 -0.002694 0.027418 -0.001399 -0.083943 0.044810 0.521883 0.995453 1.135903 1.165855 1.346247 1.430368 1.187609 0.910561 0.899970 0.982312 0.893667 0.668713 
0.553940 0.358791 0.208699 0.106150 0.053154 0.031415 0.021792 0.014866 0.010565 0.009309 -0.000050 -0.009219 0.013755 0.025553 -0.049680 -0.063966 0.254152 0.788941 1.102952 1.140349 1.244334 1.423610 1.340204 1.026918 0.874059 0.949861 0.963432 0.788731 
0.670262 0.449766 0.278189 0.151070 0.074279 0.039726 0.025948 0.018140 0.012134 0.010305 0.005946 -0.007354 -0.001173 0.028383 -0.004491 -0.084902 0.049504 0.522622 0.989690 1.135606 1.171949 1.345969 1.424638 1.188375 0.915249 0.898973 0.979183 0.894629 
0.790648 0.554301 0.357861 0.208808 0.106461 0.052977 0.031427 0.021808 0.014701 0.010891 0.009422 -0.000998 -0.008890 0.015657 0.024306 -0.052710 -0.061568 0.258108 0.785541 1.098631 1.144407 1.248401 1.419318 1.336838 1.030886 0.876432 0.946788 0.962163 
0.895366 0.671810 0.449168 0.277662 0.151459 0.074323 0.039589 0.026021 0.018010 0.012192 0.010705 0.005413 -0.007980 0.000347 0.029123 -0.007450 -0.085631 0.053926 0.523203 0.984285 1.135363 1.177658 1.345746 1.419267 1.188982 0.919665 0.898207 0.976187 
0.960810 0.792403 0.554784 0.356984 0.208823 0.106783 0.052852 0.031410 0.021794 0.014587 0.011228 0.009442 -0.001895 -0.008440 0.017396 0.022975 -0.055468 -0.059189 0.261741 0.782283 1.094616 1.148222 1.252227 1.415331 1.333613 1.034532 0.878787 0.943988 
