0.000631 0.003336 0.010766 0.030170 0.072709 0.153194 0.284624 0.467599 0.679214 0.871464 0.986663 0.984964 0.866443 0.671278 0.457849 0.274992 0.146058 0.070069 0.032809 0.017912 0.012917 0.010635 0.008155 0.005187 0.002509 0.000799 0.000146 -0.000107 
0.000094 0.001644 0.006113 0.018374 0.047669 0.107243 0.212061 0.370465 0.572348 0.781445 0.941929 1.001466 0.938547 0.774879 0.563313 0.360490 0.203381 0.102166 0.047665 0.023469 0.014745 0.011701 0.009480 0.006692 0.003759 0.001506 0.000389 -0.000047 
-0.000087 0.000643 0.003307 0.010798 0.030151 0.072701 0.153179 0.284629 0.467628 0.679245 0.871463 0.986625 0.984925 0.866440 0.671308 0.457878 0.274998 0.146046 0.070057 0.032805 0.017914 0.012919 0.010636 0.008154 0.005191 0.002499 0.000824 0.000111 
-0.000061 0.000122 0.001625 0.006116 0.018387 0.047650 0.107233 0.212052 0.370483 0.572382 0.781462 0.941907 1.001422 0.938523 0.774896 0.563347 0.360508 0.203376 0.102152 0.047657 0.023469 0.014748 0.011703 0.009479 0.006696 0.003751 0.001519 0.000383 
0.000093 -0.000075 0.000650 0.003292 0.010812 0.030147 0.072684 0.153170 0.284632 0.467657 0.679275 0.871461 0.986586 0.984886 0.866438 0.671338 0.457907 0.275003 0.146033 0.070044 0.032801 0.017916 0.012921 0.010636 0.008157 0.005186 0.002502 0.000832 
0.000375 -0.000067 0.000138 0.001618 0.006115 0.018396 0.047637 0.107218 0.212048 0.370500 0.572417 0.781479 0.941884 1.001377 0.938500 0.774913 0.563381 0.360527 0.203370 0.102137 0.047648 0.023468 0.014751 0.011703 0.009481 0.006695 0.003749 0.001529 
0.000834 0.000082 -0.000067 0.000655 0.003284 0.010820 0.030146 0.072667 0.153159 0.284637 0.467685 0.679305 0.871458 0.986548 0.984848 0.866435 0.671367 0.457936 0.275008 0.146021 0.070032 0.032797 0.017918 0.012923 0.010637 0.008158 0.005183 0.002507 
0.001535 0.000368 -0.000070 0.000148 0.001614 0.006114 0.018404 0.047626 0.107201 0.212043 0.370517 0.572450 0.781497 0.941861 1.001333 0.938477 0.774929 0.563415 0.360545 0.203365 0.102123 0.047640 0.023468 0.014753 0.011705 0.009483 0.006693 0.003749 
0.002512 0.000835 0.000074 -0.000061 0.000660 0.003278 0.010826 0.030146 0.072651 0.153146 0.284642 0.467714 0.679336 0.871456 0.986510 0.984809 0.866432 0.671397 0.457965 0.275014 0.146009 0.070019 0.032793 0.017920 0.012925 0.010639 0.008158 0.005181 
0.003750 0.001539 0.000362 -0.000072 0.000156 0.001611 0.006114 0.018409 0.047617 0.107184 0.212039 0.370535 0.572484 0.781514 0.941839 1.001289 0.938454 0.774945 0.563448 0.360563 0.203360 0.102109 0.047631 0.023468 0.014755 0.011706 0.009484 0.006690 
0.005179 0.002517 0.000834 0.000068 -0.000056 0.000664 0.003275 0.010830 0.030146 0.072635 0.153133 0.284649 0.467742 0.679366 0.871454 0.986472 0.984771 0.866429 0.671426 0.457994 0.275020 0.145997 0.070006 0.032789 0.017922 0.012927 0.010640 0.008157 
0.006689 0.003753 0.001543 0.000357 -0.000073 0.000163 0.001611 0.006113 0.018413 0.047609 0.107167 0.212033 0.370554 0.572517 0.781531 0.941816 1.001246 0.938431 0.774961 0.563482 0.360582 0.203354 0.102094 0.047623 0.023468 0.014758 0.011708 0.009485 
0.008156 0.005179 0.002521 0.000833 0.000063 -0.000052 0.000667 0.003273 0.010833 0.030146 0.072621 0.153119 0.284655 0.467771 0.679395 0.871452 0.986434 0.984733 0.866426 0.671455 0.458023 0.275026 0.145985 0.069994 0.032785 0.017923 0.012930 0.010642 
0.009485 0.006687 0.003755 0.001545 0.000353 -0.000074 0.000168 0.001610 0.006113 0.018417 0.047601 0.107150 0.212028 0.370572 0.572550 0.781548 0.941794 1.001202 0.938408 0.774977 0.563515 0.360600 0.203349 0.102080 0.047614 0.023467 0.014760 0.011711 
0.010644 0.008155 0.005179 0.002524 0.000832 0.000059 -0.000049 0.000670 0.003271 0.010836 0.030145 0.072606 0.153105 0.284661 0.467799 0.679424 0.871450 0.986396 0.984695 0.866423 0.671484 0.458052 0.275032 0.145972 0.069981 0.032781 0.017925 0.012932 
0.011713 0.009485 0.006686 0.003757 0.001547 0.000349 -0.000074 0.000172 0.001611 0.006114 0.018419 0.047593 0.107133 0.212022 0.370591 0.572584 0.781564 0.941772 1.001159 0.938385 0.774993 0.563548 0.360619 0.203344 0.102065 0.047605 0.023467 0.014763 
0.012935 0.010645 0.008154 0.005179 0.002527 0.000830 0.000056 -0.000046 0.000673 0.003271 0.010838 0.030144 0.072592 0.153092 0.284667 0.467828 0.679454 0.871448 0.986359 0.984657 0.866420 0.671513 0.458081 0.275038 0.145960 0.069968 0.032777 0.017927 
0.014765 0.011715 0.009485 0.006685 0.003759 0.001548 0.000345 -0.000075 0.000176 0.001611 0.006114 0.018422 0.047586 0.107117 0.212017 0.370610 0.572617 0.781581 0.941749 1.001116 0.938362 0.775009 0.563581 0.360637 0.203340 0.102051 0.047597 0.023466 
0.017928 0.012938 0.010646 0.008153 0.005180 0.002530 0.000829 0.000053 -0.000044 0.000676 0.003270 0.010840 0.030142 0.072579 0.153078 0.284674 0.467858 0.679482 0.871445 0.986322 0.984620 0.866416 0.671541 0.458110 0.275044 0.145948 0.069956 0.032773 
0.023465 0.014768 0.011718 0.009484 0.006684 0.003762 0.001550 0.000342 -0.000075 0.000180 0.001612 0.006115 0.018423 0.047578 0.107101 0.212011 0.370629 0.572650 0.781597 0.941727 1.001073 0.938339 0.775024 0.563614 0.360656 0.203335 0.102036 0.047588 
0.032769 0.017930 0.012941 0.010647 0.008152 0.005181 0.002532 0.000828 0.000050 -0.000042 0.000678 0.003271 0.010842 0.030140 0.072565 0.153064 0.284680 0.467887 0.679511 0.871442 0.986285 0.984582 0.866413 0.671570 0.458139 0.275051 0.145936 0.069943 
0.047579 0.023465 0.014771 0.011720 0.009484 0.006684 0.003764 0.001550 0.000340 -0.000075 0.000183 0.001613 0.006116 0.018425 0.047571 0.107084 0.212005 0.370648 0.572683 0.781613 0.941705 1.001030 0.938316 0.775039 0.563647 0.360675 0.203330 0.102022 
0.069930 0.032764 0.017932 0.012944 0.010648 0.008151 0.005182 0.002535 0.000826 0.000048 -0.000040 0.000681 0.003271 0.010844 0.030138 0.072552 0.153050 0.284686 0.467916 0.679540 0.871440 0.986248 0.984545 0.866409 0.671598 0.458168 0.275057 0.145925 
0.102008 0.047570 0.023464 0.014774 0.011722 0.009484 0.006683 0.003766 0.001551 0.000337 -0.000076 0.000185 0.001614 0.006118 0.018426 0.047563 0.107068 0.211999 0.370667 0.572716 0.781628 0.941683 1.000988 0.938293 0.775055 0.563680 0.360694 0.203325 
0.145913 0.069917 0.032760 0.017934 0.012946 0.010649 0.008150 0.005183 0.002537 0.000825 0.000046 -0.000039 0.000683 0.003272 0.010846 0.030136 0.072539 0.153037 0.284692 0.467945 0.679568 0.871437 0.986211 0.984508 0.866406 0.671626 0.458197 0.275064 
0.203321 0.101993 0.047561 0.023463 0.014777 0.011724 0.009483 0.006683 0.003768 0.001552 0.000335 -0.000076 0.000188 0.001616 0.006119 0.018427 0.047555 0.107053 0.211994 0.370686 0.572749 0.781644 0.941661 1.000946 0.938270 0.775070 0.563712 0.360713 
0.275070 0.145901 0.069904 0.032755 0.017935 0.012949 0.010649 0.008149 0.005184 0.002538 0.000824 0.000044 -0.000037 0.000685 0.003273 0.010848 0.030134 0.072526 0.153023 0.284698 0.467974 0.679596 0.871434 0.986174 0.984471 0.866402 0.671654 0.458225 
0.360732 0.203317 0.101979 0.047552 0.023463 0.014780 0.011726 0.009483 0.006683 0.003770 0.001552 0.000333 -0.000076 0.000190 0.001617 0.006121 0.018428 0.047547 0.107037 0.211988 0.370705 0.572782 0.781659 0.941639 1.000904 0.938248 0.775084 0.563745 
