0.793728 0.975050 0.975089 0.793937 0.514919 0.250771 0.111611 -0.058586 0.567684 1.243517 1.265279 1.542882 1.899839 2.478503 2.277883 1.861060 1.862851 1.462555 0.971883 0.524920 0.225408 0.079458 0.027785 0.010091 0.015056 0.081036 0.250264 0.514081 
0.658969 0.903365 0.999931 0.903353 0.660441 0.367825 0.189328 -0.029150 0.173651 0.973340 1.285868 1.371114 1.689703 2.229024 2.469919 2.030643 1.856606 1.710629 1.214664 0.735235 0.354119 0.136122 0.046323 0.016788 0.008107 0.037164 0.151649 0.373826 
0.514139 0.793699 0.975025 0.974555 0.796358 0.504933 0.278688 0.064778 -0.018050 0.568038 1.200360 1.322209 1.487330 1.956907 2.435496 2.278270 1.901495 1.815869 1.490384 0.961925 0.527461 0.225005 0.079486 0.027692 0.010011 0.015040 0.081096 0.250358 
0.373913 0.658961 0.903475 0.999004 0.906460 0.651420 0.384820 0.174531 -0.037715 0.211064 0.933420 1.303264 1.369154 1.687821 2.246583 2.430101 2.068017 1.847902 1.695703 1.231627 0.726296 0.357364 0.135296 0.046426 0.016669 0.008057 0.037187 0.151734 
0.250463 0.514134 0.793959 0.973909 0.977367 0.790568 0.510782 0.283176 0.043075 0.006600 0.565044 1.182389 1.337876 1.478759 1.972712 2.417675 2.275310 1.926045 1.794017 1.494784 0.967802 0.521791 0.227949 0.078424 0.027887 0.009869 0.015035 0.081153 
0.151837 0.373901 0.659317 0.902477 1.000809 0.904279 0.649976 0.394959 0.160412 -0.036445 0.229253 0.915283 1.304334 1.373106 1.691852 2.247816 2.412068 2.086167 1.849032 1.681455 1.241735 0.724933 0.355321 0.137203 0.045422 0.016913 0.007909 0.037230 
0.081279 0.250437 0.514497 0.793314 0.974551 0.977720 0.786605 0.517964 0.281239 0.031535 0.022361 0.564517 1.169691 1.343074 1.482305 1.978047 2.405126 2.274818 1.941704 1.782328 1.492760 0.975012 0.517948 0.228434 0.079118 0.027178 0.010095 0.014900 
0.037192 0.151860 0.374176 0.659096 0.902275 1.002140 0.901150 0.651793 0.400336 0.149529 -0.033761 0.241316 0.904666 1.300050 1.378867 1.697691 2.243694 2.401553 2.098191 1.851577 1.670442 1.247080 0.726831 0.352330 0.138636 0.045215 0.016581 0.008047 
0.014995 0.081208 0.250642 0.514588 0.792791 0.975664 0.976600 0.784746 0.524011 0.277643 0.024352 0.033761 0.565424 1.158886 1.344737 1.489685 1.979847 2.394471 2.275759 1.953004 1.774996 1.489077 0.981087 0.516210 0.227445 0.080284 0.026590 0.010050 
0.008191 0.037174 0.151902 0.374457 0.658656 0.902697 1.002577 0.898430 0.654690 0.403125 0.141001 -0.031030 0.250750 0.897191 1.293950 1.385090 1.703992 2.237757 2.394181 2.107587 1.854169 1.661784 1.249837 0.729810 0.349748 0.139174 0.045631 0.016030 
0.009778 0.015148 0.081146 0.250904 0.514454 0.792623 0.976625 0.974914 0.784267 0.528809 0.273715 0.019334 0.042851 0.566922 1.149145 1.345046 1.498214 1.980293 2.384879 2.277292 1.961994 1.769830 1.485060 0.985913 0.515852 0.225891 0.081298 0.026358 
0.015551 0.008190 0.037219 0.152008 0.374591 0.658288 0.903373 1.002341 0.896361 0.657826 0.404474 0.134041 -0.028421 0.258730 0.891229 1.287372 1.391270 1.710249 2.231341 2.388321 2.115529 1.856639 1.654694 1.251154 0.733028 0.347817 0.139039 0.046300 
0.026435 0.009409 0.015239 0.081197 0.251105 0.514221 0.792764 0.977254 0.973119 0.784616 0.532608 0.269828 0.015569 0.050582 0.568566 1.140195 1.344818 1.506886 1.980201 2.376078 2.278970 1.969625 1.765916 1.481086 0.989740 0.516321 0.224227 0.081979 
0.047001 0.015243 0.008034 0.037318 0.152168 0.374572 0.658092 0.904080 1.001679 0.894886 0.660893 0.404967 0.128159 -0.025904 0.265730 0.886088 1.280862 1.397207 1.716264 2.224992 2.383284 2.122491 1.859017 1.648682 1.251615 0.736177 0.346481 0.138479 
0.082330 0.026718 0.009030 0.015241 0.081357 0.251216 0.513979 0.793112 0.977552 0.971411 0.785459 0.535642 0.266083 0.012629 0.057427 0.570141 1.131912 1.344393 1.515296 1.979911 2.367944 2.280581 1.976370 1.762828 1.477252 0.992803 0.517285 0.222651 
0.137670 0.047629 0.015107 0.007771 0.037446 0.152357 0.374445 0.658066 0.904714 1.000769 0.893897 0.663784 0.404910 0.123061 -0.023435 0.271981 0.881449 1.274643 1.402832 1.721966 2.218934 2.378747 2.128704 1.861347 1.643453 1.251527 0.739150 0.345630 
0.221235 0.082405 0.027116 0.008688 0.015168 0.081587 0.251252 0.513773 0.793574 0.977575 0.969865 0.786599 0.538087 0.262498 0.010291 0.063637 0.571553 1.124220 1.343920 1.523289 1.979573 2.360400 2.282028 1.982481 1.760341 1.473579 0.995275 0.518546 
0.345161 0.136730 0.048144 0.015109 0.007454 0.037580 0.152551 0.374264 0.658179 0.905235 0.999728 0.893290 0.666470 0.404480 0.118566 -0.020986 0.277617 0.877151 1.268798 1.408125 1.727336 2.213250 2.374551 2.134303 1.863658 1.638829 1.251064 0.741918 
0.519985 0.220001 0.082266 0.027559 0.008406 0.015046 0.081842 0.251238 0.513628 0.794082 0.977383 0.968499 0.787918 0.540065 0.259071 0.008422 0.069356 0.572766 1.117057 1.343465 1.530816 1.979253 2.353386 2.283277 1.988100 1.758323 1.470063 0.997281 
0.744481 0.344992 0.135733 0.048534 0.015210 0.007128 0.037701 0.152732 0.374074 0.658391 0.905632 0.998630 0.892983 0.668951 0.403780 0.114559 -0.018545 0.282728 0.873107 1.263347 1.413094 1.732382 2.207958 2.370611 2.139377 1.865960 1.634691 1.250332 
0.998910 0.521528 0.218947 0.081966 0.028004 0.008191 0.014896 0.082091 0.251197 0.513550 0.794591 0.977031 0.967313 0.789340 0.541665 0.255795 0.006935 0.074670 0.573777 1.110374 1.343056 1.537876 1.978978 2.346850 2.284323 1.993316 1.756687 1.466698 
1.249403 0.746846 0.345060 0.134728 0.048801 0.015378 0.006822 0.037799 0.152890 0.373903 0.658670 0.905905 0.997524 0.892913 0.671235 0.402883 0.110960 -0.016109 0.287380 0.869269 1.258279 1.417757 1.737121 2.203051 2.366875 2.143992 1.868258 1.630961 
1.463477 1.000225 0.523127 0.218063 0.081547 0.028418 0.008045 0.014736 0.082310 0.251146 0.513540 0.795070 0.976560 0.966298 0.790818 0.542953 0.252662 0.005765 0.079640 0.574595 1.104125 1.342703 1.544489 1.978759 2.340750 2.285177 1.998187 1.755368 
1.627582 1.248324 0.749026 0.345317 0.133744 0.048952 0.015589 0.006554 0.037868 0.153019 0.373771 0.658991 0.906063 0.996440 0.893032 0.673332 0.401836 0.107710 -0.013681 0.291626 0.865607 1.253573 1.422134 1.741575 2.198504 2.363315 2.148202 1.870548 
1.754319 1.460393 1.001278 0.524747 0.217337 0.081042 0.028787 0.007964 0.014579 0.082488 0.251097 0.513594 0.795503 0.976003 0.965441 0.792318 0.543978 0.249667 0.004865 0.084306 0.575236 1.098272 1.342408 1.550685 1.978598 2.335044 2.285853 2.002754 
1.872826 1.624508 1.247132 0.751031 0.345724 0.132801 0.048999 0.015823 0.006334 0.037906 0.153118 0.373687 0.659335 0.906116 0.995396 0.893301 0.675256 0.400677 0.104767 -0.011265 0.295512 0.862101 1.249201 1.426249 1.745766 2.194291 2.359911 2.152051 
2.007050 1.753501 1.457442 1.002106 0.526368 0.216756 0.080474 0.029099 0.007941 0.014431 0.082620 0.251057 0.513708 0.795879 0.975383 0.964729 0.793817 0.544778 0.246805 0.004195 0.088699 0.575717 1.092778 1.342166 1.556496 1.978490 2.329697 2.286371 
2.155578 1.875086 1.621706 1.245855 0.752874 0.346254 0.131909 0.048951 0.016067 0.006166 0.037914 0.153186 0.373653 0.659690 0.906075 0.994404 0.893692 0.677016 0.399433 0.102096 -0.008868 0.299075 0.858736 1.245135 1.430122 1.749714 2.190384 2.356649 
