0.000186 0.000002 0.000002 0.000186 -0.001189 0.025391 -0.090113 0.512402 1.113380 0.993751 1.017285 0.986547 1.102052 0.501252 -0.097959 0.021486 -0.002440 0.000186 0.001252 0.003907 0.008032 0.012402 0.015235 0.015235 0.012402 0.008032 0.003907 0.001252 
0.000554 0.000043 -0.000112 0.001083 -0.007045 0.034776 -0.075652 0.137624 0.886892 1.096069 0.989301 0.985482 1.086285 0.875140 0.127882 -0.081454 0.032412 -0.007562 0.001600 0.002252 0.005845 0.010296 0.014115 0.015624 0.014115 0.010296 0.005839 0.002363 
0.001247 0.000246 -0.000448 0.002443 -0.009859 0.026632 -0.021501 -0.049552 0.512850 1.070316 1.050694 0.961643 1.043493 1.058991 0.501702 -0.057399 -0.025409 0.025379 -0.009859 0.003695 0.003460 0.008093 0.012396 0.015234 0.015234 0.012402 0.008033 0.003909 
0.002337 0.000724 -0.000789 0.003053 -0.007959 0.009864 0.019893 -0.084237 0.175103 0.847078 1.113526 0.987299 0.983482 1.103745 0.835328 0.165361 -0.090041 0.017527 0.009346 -0.007441 0.005420 0.005015 0.010466 0.014087 0.015626 0.014114 0.010296 0.005844 
0.003848 0.001530 -0.000784 0.002449 -0.003327 -0.004070 0.031025 -0.043263 -0.024877 0.509952 1.052440 1.066373 0.952984 1.059174 1.041117 0.498805 -0.032725 -0.047174 0.029770 -0.004070 -0.002072 0.006359 0.007064 0.012677 0.015171 0.015244 0.012398 0.008045 
0.005751 0.002675 -0.000214 0.001110 0.000930 -0.009425 0.019917 0.005688 -0.082986 0.193358 0.829047 1.114657 0.991211 0.987394 1.104879 0.817299 0.183616 -0.088793 0.003319 0.019398 -0.008906 0.003300 0.006916 0.009528 0.014423 0.015529 0.014131 0.010314 
0.007927 0.004156 0.000908 -0.000057 0.002886 -0.007270 0.003053 0.028992 -0.054863 -0.009092 0.509520 1.039835 1.071583 0.956441 1.064386 1.028515 0.498375 -0.016941 -0.058776 0.027735 0.003053 -0.006013 0.006800 0.007792 0.012054 0.015475 0.015124 0.012462 
0.010252 0.005943 0.002436 -0.000356 0.002535 -0.002141 -0.007630 0.025208 -0.005281 -0.080322 0.205487 0.818535 1.110433 0.996930 0.993115 1.100658 0.806789 0.195745 -0.086131 -0.007653 0.024688 -0.007109 0.000231 0.008344 0.009386 0.014181 0.015719 0.014067 
0.012331 0.008040 0.004192 0.000408 0.001142 0.001851 -0.009108 0.009041 0.025302 -0.062105 0.002334 0.510522 1.029123 1.073259 0.963731 1.066065 1.017806 0.499378 -0.005517 -0.066021 0.024042 0.009041 -0.007849 0.005767 0.008993 0.011553 0.015509 0.015234 
0.014025 0.010211 0.006142 0.001978 0.000126 0.003066 -0.004802 -0.004754 0.027912 -0.013895 -0.077611 0.214988 0.811166 1.104394 1.003111 0.999297 1.094621 0.799423 0.205246 -0.083422 -0.016270 0.027390 -0.004232 -0.002428 0.008877 0.009868 0.013721 0.015915 
0.015402 0.012209 0.008210 0.004002 0.000264 0.002188 0.000249 -0.009567 0.013780 0.021278 -0.067182 0.011448 0.512115 1.019476 1.073580 0.972173 1.066388 1.008161 0.500972 0.003596 -0.071101 0.020017 0.013780 -0.008305 0.004168 0.010040 0.011407 0.015316 
0.015965 0.014044 0.010231 0.006195 0.001591 0.000862 0.002924 -0.006814 -0.001639 0.029175 -0.020941 -0.075022 0.223033 0.805309 1.097877 1.009249 1.005436 1.088107 0.793568 0.213291 -0.080835 -0.023318 0.028653 -0.001116 -0.004436 0.008737 0.010604 0.013333 
0.015025 0.015508 0.012198 0.008318 0.003714 0.000428 0.002902 -0.001462 -0.009197 0.017519 0.017297 -0.071006 0.019204 0.513854 1.010619 1.073364 0.980755 1.066174 0.999308 0.502712 0.011351 -0.074928 0.016033 0.017519 -0.007933 0.002460 0.010755 0.011570 
0.013116 0.015861 0.014118 0.010307 0.006094 0.001377 0.001629 0.002356 -0.008230 0.001406 0.029583 -0.026909 -0.072525 0.230099 0.800274 1.091427 1.015145 1.011334 1.081659 0.788535 0.220357 -0.078340 -0.029289 0.029059 0.001930 -0.005850 0.008171 0.011371 
0.011939 0.014725 0.015524 0.012298 0.008337 0.003416 0.000799 0.003285 -0.003085 -0.008334 0.020495 0.013456 -0.074005 0.026074 0.515525 1.002430 1.072951 0.989077 1.065763 0.991121 0.504384 0.018220 -0.077929 0.012190 0.020495 -0.007068 0.000839 0.011140 
0.012065 0.013070 0.015649 0.014221 0.010411 0.005885 0.001334 0.002323 0.001540 -0.009161 0.004276 0.029441 -0.032093 -0.070076 0.236417 0.795740 1.085268 1.020728 1.016917 1.075503 0.784004 0.226675 -0.075893 -0.034476 0.028916 0.004801 -0.006778 0.007357 
0.011249 0.012423 0.014461 0.015466 0.012467 0.008281 0.003156 0.001284 0.003393 -0.004548 -0.007173 0.022880 0.009776 -0.076402 0.032309 0.517032 0.994830 1.072489 0.996981 1.065304 0.983525 0.505893 0.024454 -0.080329 0.008508 0.022880 -0.005905 -0.000621 
0.006412 0.012646 0.013163 0.015384 0.014330 0.010521 0.005623 0.001428 0.002904 0.000593 -0.009710 0.006941 0.028925 -0.036673 -0.067647 0.242119 0.791547 1.079483 1.025979 1.022170 1.069721 0.779813 0.232377 -0.073466 -0.039059 0.028398 0.007467 -0.007324 
-0.001900 0.011143 0.012953 0.014257 0.015358 0.012662 0.008175 0.002954 0.001815 0.003287 -0.005830 -0.005834 0.024799 0.006254 -0.078330 0.038053 0.518341 0.987761 1.072045 1.004420 1.064862 0.976458 0.507203 0.030196 -0.082260 0.004984 0.024799 -0.004564 
-0.007571 0.005410 0.013102 0.013354 0.015110 0.014426 0.010618 0.005351 0.001622 0.003360 -0.000411 -0.009959 0.009400 0.028140 -0.040766 -0.065225 0.247296 0.787609 1.074091 1.030906 1.027098 1.064332 0.775877 0.237554 -0.071047 -0.043155 0.027613 0.009928 
-0.003119 -0.002999 0.010877 0.013484 0.014121 0.015223 0.012850 0.008042 0.002821 0.002347 0.003019 -0.006931 -0.004391 0.026341 0.002883 -0.079877 0.043392 0.519447 0.981170 1.071648 1.011391 1.064467 0.969870 0.508310 0.035535 -0.083810 0.001610 0.026341 
0.012192 -0.007580 0.004400 0.013435 0.013613 0.014855 0.014498 0.010691 0.005099 0.001883 0.003693 -0.001424 -0.009971 0.011663 0.027158 -0.044451 -0.062809 0.252014 0.783876 1.069083 1.035527 1.031720 1.059327 0.772146 0.242272 -0.068633 -0.046843 0.026629 
0.027570 -0.001619 -0.003927 0.010493 0.013985 0.014054 0.015078 0.013009 0.007899 0.002756 0.002849 0.002633 -0.007862 -0.002893 0.027570 -0.000345 -0.081106 0.048387 0.520360 0.975015 1.071306 1.017916 1.064127 0.963717 0.509224 0.040528 -0.085041 -0.001620 
0.025496 0.014269 -0.007401 0.003411 0.013653 0.013914 0.014639 0.014542 0.010736 0.004885 0.002186 0.003911 -0.002415 -0.009795 0.013739 0.026026 -0.047786 -0.060400 0.256327 0.780319 1.064436 1.039863 1.036057 1.054683 0.768591 0.246585 -0.066226 -0.050180 
-0.004712 0.028535 -0.000096 -0.004697 0.010021 0.014439 0.014050 0.014935 0.013127 0.007758 0.002756 0.003305 0.002161 -0.008635 -0.001373 0.028535 -0.003435 -0.082065 0.053078 0.521095 0.969254 1.071022 1.024023 1.063845 0.957959 0.509961 0.045218 -0.086003 
-0.053212 0.024250 0.016173 -0.007071 0.002462 0.013765 0.014239 0.014470 0.014555 0.010751 0.004719 0.002513 0.004024 -0.003366 -0.009468 0.015641 0.024781 -0.050815 -0.058004 0.260278 0.776918 1.060124 1.043935 1.040131 1.050373 0.765192 0.250537 -0.063832 
-0.086734 -0.007671 0.029277 0.001426 -0.005323 0.009488 0.014838 0.014106 0.014802 0.013198 0.007627 0.002814 0.003705 0.001626 -0.009264 0.000147 0.029277 -0.006392 -0.082793 0.057497 0.521672 0.963852 1.070792 1.029746 1.063617 0.952560 0.510539 0.049635 
-0.061457 -0.055971 0.022919 0.017913 -0.006620 0.001566 0.013784 0.014573 0.014352 0.014538 0.010735 0.004604 0.002850 0.004043 -0.004264 -0.009019 0.017381 0.023452 -0.053572 -0.055627 0.263908 0.773658 1.056117 1.047766 1.043963 1.046369 0.761934 0.254166 
