0.794350 0.978259 0.982565 0.842874 0.483458 0.895303 1.453169 1.448254 1.676276 1.844956 2.094197 1.564314 1.018226 1.206795 1.249127 1.249916 1.120299 0.861288 0.541703 0.260022 0.083317 0.012774 0.000333 0.000163 0.011899 0.080149 0.250074 0.513926 
0.658934 0.906026 0.998064 0.952637 0.621390 0.601704 1.227007 1.476374 1.540896 1.749950 2.021033 1.908193 1.216722 1.067087 1.254677 1.256228 1.203978 1.003904 0.702883 0.390602 0.156914 0.037164 0.002841 0.000011 0.002417 0.035456 0.151237 0.373658 
0.513556 0.796782 0.968100 1.010332 0.795938 0.524067 0.895831 1.410172 1.505208 1.620583 1.901815 2.051076 1.564782 1.058877 1.159990 1.276955 1.239791 1.122642 0.860804 0.541816 0.260111 0.083380 0.012757 0.000251 0.000083 0.011868 0.080226 0.250193 
0.372896 0.662149 0.896908 1.014881 0.937705 0.612804 0.639256 1.187270 1.493873 1.538873 1.747875 2.038411 1.868356 1.254262 1.058602 1.239848 1.273096 1.194836 1.006996 0.702062 0.390855 0.156974 0.037192 0.002784 -0.000077 0.002355 0.035463 0.151484 
0.249239 0.516524 0.791000 0.973790 1.014651 0.774147 0.548782 0.893016 1.392359 1.520900 1.611872 1.917411 2.033142 1.561903 1.083642 1.138314 1.281354 1.245501 1.116776 0.863667 0.540840 0.260488 0.083380 0.012749 0.000168 0.000008 0.011789 0.080574 
0.150622 0.374875 0.660064 0.895376 1.024838 0.923448 0.614058 0.657579 1.169320 1.495045 1.542764 1.751713 2.039464 1.850303 1.272577 1.059951 1.225696 1.283108 1.193270 1.004800 0.703972 0.389999 0.157399 0.037120 0.002748 -0.000152 0.002201 0.035829 
0.080012 0.250047 0.517029 0.787043 0.980819 1.012540 0.762523 0.564605 0.892667 1.379820 1.526121 1.615278 1.922538 2.020480 1.561492 1.099516 1.126801 1.279329 1.252544 1.112736 0.864070 0.541619 0.259960 0.083747 0.012613 0.000152 -0.000197 0.012080 
0.035617 0.150557 0.376382 0.657025 0.897109 1.030033 0.912424 0.616729 0.669775 1.158890 1.490862 1.548462 1.757359 2.035162 1.839769 1.284767 1.062715 1.214779 1.288358 1.194966 1.001655 0.705409 0.389941 0.157246 0.037336 0.002632 -0.000308 0.002335 
0.012099 0.079569 0.251332 0.516059 0.785189 0.986717 1.008768 0.755256 0.576070 0.893750 1.369175 1.527808 1.622518 1.924130 2.009711 1.562513 1.111031 1.119645 1.275645 1.258452 1.110801 0.863001 0.542871 0.259555 0.083844 0.012708 -0.000061 -0.000170 
0.002477 0.035183 0.151117 0.376995 0.654394 0.899925 1.032641 0.903754 0.619449 0.679341 1.151601 1.484865 1.554622 1.763467 2.029044 1.832378 1.294328 1.065525 1.206218 1.291021 1.197743 0.998921 0.705951 0.390505 0.156873 0.037557 0.002535 -0.000444 
-0.000085 0.011892 0.079481 0.252465 0.514521 0.784714 0.991367 1.004662 0.750155 0.585225 0.895424 1.359594 1.528140 1.630907 1.924368 2.000006 1.564127 1.120235 1.114654 1.271628 1.263112 1.110245 0.861365 0.543970 0.259504 0.083714 0.012860 -0.000265 
-0.000516 0.002473 0.034819 0.151931 0.376937 0.652411 0.902981 1.033809 0.896651 0.622047 0.687452 1.145825 1.478390 1.560738 1.769531 2.022448 1.826499 1.302434 1.068212 1.199225 1.292244 1.200759 0.996836 0.705820 0.391323 0.156573 0.037634 0.002501 
-0.000358 -0.000061 0.011586 0.079702 0.253268 0.512873 0.785068 0.995020 1.000596 0.746305 0.593022 0.897242 1.350805 1.527936 1.639438 1.924069 1.991093 1.565886 1.128080 1.110915 1.267653 1.266773 1.110518 0.859620 0.544737 0.259762 0.083486 0.012951 
0.002520 -0.000534 0.002316 0.034627 0.152777 0.376453 0.651022 0.905968 1.034121 0.890625 0.624554 0.694584 1.140870 1.471983 1.566613 1.775354 2.015920 1.821442 1.309560 1.070807 1.193309 1.292610 1.203705 0.995347 0.705263 0.392172 0.156444 0.037556 
0.012952 -0.000341 -0.000125 0.011270 0.080128 0.253740 0.511312 0.785914 0.997909 0.996672 0.743282 0.599933 0.898992 1.342683 1.527534 1.647708 1.923572 1.982848 1.567577 1.135039 1.108001 1.263820 1.269670 1.111285 0.857962 0.545174 0.260226 0.083249 
0.037371 0.002568 -0.000522 0.002051 0.034605 0.153551 0.375721 0.650117 0.908780 1.033885 0.885382 0.627013 0.700967 1.136416 1.465867 1.572173 1.780862 2.009683 1.816887 1.315938 1.073355 1.188177 1.292428 1.206476 0.994342 0.704458 0.392949 0.156486 
0.083049 0.012878 -0.000254 -0.000264 0.010991 0.080669 0.253938 0.509911 0.787058 1.000209 0.992908 0.740859 0.606210 0.900579 1.335150 1.527084 1.655560 1.923027 1.975192 1.569104 1.141362 1.105690 1.260147 1.271977 1.112349 0.856465 0.545334 0.260805 
0.156667 0.037132 0.002622 -0.000505 0.001732 0.034720 0.154212 0.374857 0.649593 0.911388 1.033274 0.880742 0.629452 0.706736 1.132303 1.460125 1.577403 1.786040 2.003821 1.812672 1.321701 1.075882 1.183649 1.291872 1.209042 0.993720 0.703522 0.393612 
0.261430 0.082908 0.012754 -0.000142 -0.000453 0.010771 0.081256 0.253922 0.508691 0.788380 1.002044 0.989301 0.738905 0.611995 0.901967 1.328147 1.526653 1.662946 1.922500 1.968066 1.570434 1.147194 1.103846 1.256632 1.273818 1.113592 0.855149 0.545280 
0.394150 0.156946 0.036883 0.002663 -0.000500 0.001404 0.034935 0.154748 0.373937 0.649370 0.913790 1.032396 0.876590 0.631883 0.711979 1.128444 1.454776 1.582309 1.790893 1.998351 1.808713 1.326938 1.078401 1.179609 1.291047 1.211403 0.993398 0.702528 
0.545065 0.262055 0.082836 0.012602 -0.000036 -0.000668 0.010619 0.081843 0.253745 0.507651 0.789805 1.003501 0.985846 0.737332 0.617377 0.903152 1.321624 1.526267 1.669864 1.922018 1.961420 1.571561 1.152623 1.102384 1.253267 1.275281 1.114938 0.854013 
0.701526 0.394564 0.157293 0.036655 0.002680 -0.000518 0.001096 0.035216 0.155161 0.373009 0.649382 0.915996 1.031320 0.872845 0.634309 0.716763 1.124791 1.449812 1.586908 1.795440 1.993266 1.804959 1.331717 1.080915 1.175976 1.290024 1.213568 0.993313 
0.853048 0.544731 0.262651 0.082832 0.012441 0.000041 -0.000893 0.010534 0.082401 0.253450 0.506780 0.791286 1.004646 0.982534 0.736077 0.622414 0.904145 1.315535 1.525938 1.676337 1.921593 1.955208 1.572494 1.157706 1.101240 1.250047 1.276432 1.116340 
0.993416 0.700546 0.394864 0.157682 0.036465 0.002669 -0.000565 0.000826 0.035540 0.155459 0.372102 0.649583 0.918016 1.030095 0.869450 0.636728 0.721142 1.121313 1.445208 1.591222 1.799701 1.988541 1.801381 1.336090 1.083421 1.172692 1.288852 1.215546 
1.117764 0.852240 0.544311 0.263201 0.082892 0.012282 0.000077 -0.001116 0.010514 0.082913 0.253068 0.506068 0.792788 1.005529 0.979359 0.735091 0.627147 0.904960 1.309841 1.525665 1.682392 1.921225 1.949392 1.573251 1.162485 1.100365 1.246964 1.277320 
1.217351 0.993671 0.699606 0.395058 0.158095 0.036322 0.002627 -0.000642 0.000604 0.035886 0.155653 0.371235 0.649935 0.919862 1.028757 0.866361 0.639133 0.725161 1.117991 1.440938 1.595274 1.803699 1.984151 1.797959 1.340102 1.085914 1.169715 1.287568 
1.277984 1.119188 0.851578 0.543828 0.263694 0.083011 0.012132 0.000066 -0.001329 0.010552 0.083368 0.252624 0.505500 0.794290 1.006187 0.976318 0.734336 0.631608 0.905616 1.304506 1.525447 1.688061 1.920911 1.943935 1.573848 1.166991 1.099721 1.244013 
1.286199 1.218992 0.994047 0.698718 0.395159 0.158518 0.036231 0.002555 -0.000749 0.000433 0.036243 0.155753 0.370420 0.650408 0.921545 1.027335 0.863543 0.641520 0.728856 1.114810 1.436975 1.599083 1.807456 1.980067 1.794679 1.343791 1.088389 1.167010 
