0.009146 0.012394 0.027959 0.067576 0.145260 0.275204 0.457633 0.699707 0.782458 1.506210 2.109392 1.871924 1.698207 1.450643 1.379964 0.647483 -0.030246 0.049156 0.007537 0.003496 0.003111 0.007163 0.014326 0.022057 0.027086 0.027071 0.022143 0.013892 
0.010734 0.009604 0.018041 0.043936 0.100555 0.204137 0.353852 0.599928 0.703745 1.083824 1.897825 2.046413 1.775135 1.556805 1.451293 1.080004 0.228967 -0.037497 0.049290 -0.001821 0.003733 0.004535 0.010490 0.018324 0.025102 0.027741 0.025216 0.018044 
0.013975 0.009189 0.012273 0.028126 0.067052 0.147707 0.265159 0.485486 0.652846 0.823017 1.506619 2.066288 1.928864 1.642596 1.507618 1.336910 0.647920 0.010300 0.002256 0.035357 -0.006546 0.005556 0.006718 0.014385 0.022060 0.027045 0.027161 0.022015 
0.017997 0.010847 0.009505 0.018211 0.043137 0.103664 0.195107 0.370774 0.585083 0.695178 1.121280 1.857964 2.063845 1.773149 1.554839 1.468773 1.040187 0.266431 -0.046094 0.034403 0.015089 -0.005306 0.007706 0.009657 0.018506 0.025041 0.027790 0.025190 
0.021947 0.014037 0.009156 0.012493 0.027135 0.069933 0.141907 0.270967 0.489903 0.631118 0.847690 1.503681 2.048371 1.944540 1.633967 1.523331 1.319043 0.645011 0.034961 -0.019515 0.039748 -0.000753 -0.000207 0.009615 0.013367 0.022324 0.026990 0.027196 
0.025177 0.017998 0.010816 0.009809 0.017258 0.045062 0.101506 0.193635 0.380852 0.570909 0.696449 1.139511 1.839888 2.064952 1.777077 1.558786 1.469926 1.022154 0.284671 -0.044855 0.020194 0.025143 -0.006767 0.005585 0.011565 0.017564 0.025365 0.027725 
0.027082 0.021971 0.013954 0.009484 0.011831 0.027878 0.070367 0.137934 0.278103 0.487901 0.619548 0.863475 1.503210 2.035726 1.949746 1.637455 1.528573 1.306447 0.644569 0.050731 -0.031122 0.037714 0.006373 -0.004147 0.010058 0.014099 0.021686 0.027310 
0.027935 0.025087 0.017929 0.011052 0.009551 0.017100 0.046504 0.098410 0.195418 0.386169 0.559973 0.699131 1.151618 1.829330 2.060703 1.782813 1.564542 1.465725 1.011640 0.296785 -0.042203 0.009220 0.030436 -0.004968 0.002517 0.012999 0.017414 0.025123 
0.027359 0.027191 0.021811 0.014094 0.009538 0.011301 0.029082 0.069330 0.136069 0.284098 0.484244 0.612335 0.874899 1.504172 2.024974 1.951418 1.644775 1.530282 1.295745 0.645560 0.062142 -0.038373 0.034023 0.012364 -0.005983 0.009030 0.015299 0.021175 
0.024665 0.028144 0.025021 0.017885 0.011284 0.009082 0.017566 0.047044 0.095731 0.198280 0.388897 0.551394 0.701859 1.161096 1.821915 2.054640 1.789010 1.570759 1.459708 1.004268 0.306271 -0.039505 0.000602 0.033142 -0.002089 -0.000139 0.013536 0.017887 
0.021023 0.027179 0.027353 0.021668 0.014286 0.009363 0.011135 0.030129 0.067727 0.135587 0.288842 0.480255 0.607287 0.884012 1.505726 2.015286 1.951736 1.653246 1.530636 1.286108 0.647142 0.071241 -0.043459 0.029999 0.017106 -0.006438 0.007436 0.016343 
0.018615 0.024282 0.028203 0.025021 0.017906 0.011365 0.008688 0.018287 0.046907 0.093704 0.201381 0.390184 0.544384 0.704463 1.169119 1.816013 2.048098 1.795164 1.576932 1.453214 0.998409 0.314302 -0.036928 -0.006448 0.034407 0.001028 -0.002144 0.013398 
0.017055 0.021183 0.026900 0.027452 0.021642 0.014414 0.009088 0.011282 0.030840 0.066013 0.135936 0.292585 0.476307 0.603492 0.891765 1.507427 2.006390 1.951516 1.661859 1.530452 1.277261 0.648870 0.078982 -0.047292 0.026016 0.020848 -0.006064 0.005733 
0.012833 0.019376 0.024071 0.028104 0.025078 0.017982 0.011287 0.008469 0.019041 0.046341 0.092274 0.204413 0.390612 0.538453 0.706976 1.176162 1.810933 2.041623 1.801076 1.582864 1.446787 0.993372 0.321353 -0.034444 -0.012421 0.034816 0.004077 -0.003553 
0.004116 0.017435 0.021551 0.026608 0.027461 0.021728 0.014450 0.008803 0.011639 0.031219 0.064387 0.136781 0.295563 0.472501 0.600524 0.898632 1.509060 1.998161 1.951098 1.670210 1.530071 1.269082 0.650530 0.085837 -0.050299 0.022175 0.023825 -0.005196 
-0.004478 0.012019 0.020065 0.024031 0.027895 0.025166 0.018088 0.011099 0.008423 0.019723 0.045524 0.091331 0.207270 0.390491 0.533306 0.709442 1.182457 1.806355 2.035439 1.806674 1.588482 1.440651 0.988837 0.327655 -0.032007 -0.017609 0.034675 0.006950 
-0.004029 0.002659 0.017540 0.022035 0.026353 0.027395 0.021887 0.014409 0.008554 0.012112 0.031321 0.062919 0.137925 0.297951 0.468854 0.598158 0.904863 1.510529 1.990522 1.950632 1.678144 1.529642 1.261493 0.652027 0.092057 -0.052704 0.018494 0.026213 
0.009618 -0.005020 0.011073 0.020643 0.024129 0.027632 0.025261 0.018199 0.010855 0.008516 0.020293 0.044574 0.090770 0.209924 0.389994 0.528764 0.711887 1.188136 1.802118 2.029630 1.811941 1.593769 1.434889 0.984642 0.333343 -0.029590 -0.022193 0.034160 
0.028134 -0.002684 0.001382 0.017431 0.022566 0.026155 0.027280 0.022073 0.014317 0.008363 0.012634 0.031208 0.061632 0.139249 0.299872 0.465365 0.596261 0.910603 1.511799 1.983413 1.950184 1.685611 1.529231 1.254434 0.653325 0.097785 -0.054640 0.014971 
0.033376 0.012082 -0.005262 0.010070 0.021096 0.024327 0.027357 0.025345 0.018299 0.010599 0.008710 0.020739 0.043566 0.090509 0.212372 0.389228 0.524708 0.714325 1.193289 1.798135 2.024214 1.816883 1.598732 1.429520 0.980702 0.338504 -0.027181 -0.026290 
0.011599 0.029678 -0.001235 0.000285 0.017161 0.023098 0.026025 0.027137 0.022253 0.014196 0.008240 0.013158 0.030934 0.060524 0.140677 0.301416 0.462026 0.594746 0.915939 1.512867 1.976784 1.949782 1.692611 1.528867 1.247854 0.654420 0.103109 -0.056195 
-0.029980 0.032394 0.014349 -0.005268 0.009058 0.021426 0.024591 0.027102 0.025406 0.018375 0.010362 0.008971 0.021062 0.042548 0.090486 0.214625 0.388264 0.521060 0.716758 1.197984 1.794359 2.019182 1.821519 1.603388 1.424535 0.976967 0.343207 -0.024778 
-0.057433 0.008370 0.030909 0.000269 -0.000642 0.016773 0.023601 0.025961 0.026984 0.022405 0.014065 0.008185 0.013653 0.030540 0.059585 0.142162 0.302647 0.458830 0.593549 0.920930 1.513742 1.970590 1.949436 1.699165 1.528558 1.241709 0.655323 0.108089 
-0.022381 -0.033319 0.031263 0.016430 -0.005086 0.008067 0.021642 0.024896 0.026885 0.025440 0.018423 0.010163 0.009275 0.021271 0.041550 0.090650 0.216693 0.387150 0.517761 0.719183 1.202273 1.790758 2.014511 1.825870 1.607759 1.419912 0.973409 0.347505 
0.112764 -0.058400 0.005278 0.031878 0.001795 -0.001412 0.016299 0.024058 0.025962 0.026834 0.022517 0.013935 0.008194 0.014103 0.030060 0.058804 0.143669 0.303616 0.455771 0.592621 0.925618 1.514439 1.964791 1.949147 1.705301 1.528306 1.235959 0.656048 
0.351442 -0.019998 -0.036352 0.030019 0.018337 -0.004753 0.007117 0.021754 0.025225 0.026715 0.025444 0.018440 0.010010 0.009603 0.021375 0.040593 0.090966 0.218587 0.385924 0.514769 0.721596 1.206201 1.787313 2.010174 1.829957 1.611867 1.415623 0.970006 
0.656614 0.117168 -0.059137 0.002320 0.032622 0.003321 -0.002037 0.015763 0.024459 0.026020 0.026694 0.022583 0.013814 0.008261 0.014498 0.029517 0.058167 0.145176 0.304360 0.452845 0.591924 0.930033 1.514977 1.959351 1.948913 1.711052 1.528108 1.230568 
0.966745 0.355056 -0.017633 -0.039114 0.028691 0.020082 -0.004299 0.006219 0.021772 0.025564 0.026595 0.025419 0.018427 0.009908 0.009942 0.021386 0.039686 0.091403 0.220318 0.384612 0.512048 0.723990 1.209807 1.784010 2.006144 1.833802 1.615732 1.411639 
