0.020720 0.010898 0.006370 0.010451 0.027673 0.067573 0.143291 0.299564 0.369706 1.191838 1.996217 2.001680 2.028047 1.876588 1.789983 0.967850 0.179935 0.167217 0.065132 0.027673 0.010451 0.006372 0.010887 0.020779 0.031796 0.039009 0.039010 0.031722 
0.026380 0.015376 0.007761 0.007132 0.016865 0.044970 0.093150 0.236859 0.285023 0.705591 1.673990 2.054772 2.015137 1.949513 1.881659 1.451040 0.493842 0.122954 0.133163 0.036325 0.018021 0.007019 0.007756 0.015395 0.026461 0.036153 0.040008 0.036118 
0.031726 0.020725 0.010890 0.006443 0.010000 0.030109 0.057511 0.171097 0.252678 0.410299 1.192320 1.953152 2.058581 1.972363 1.933530 1.746954 0.968332 0.220502 0.120309 0.092935 0.017621 0.012894 0.005929 0.010952 0.020776 0.031792 0.039012 0.038998 
0.036112 0.026391 0.015348 0.007936 0.006307 0.020027 0.035917 0.110041 0.221970 0.276459 0.743108 1.634195 2.072205 2.013086 1.947486 1.899135 1.411265 0.531343 0.114363 0.118262 0.053220 0.008977 0.010190 0.006930 0.015569 0.026432 0.036156 0.040002 
0.038987 0.031739 0.020668 0.011173 0.005421 0.012899 0.024332 0.063286 0.175475 0.230922 0.435007 1.189455 1.935273 2.074219 1.963661 1.949207 1.729112 0.965468 0.245185 0.098532 0.097310 0.023403 0.007127 0.008832 0.009929 0.021060 0.031730 0.039021 
0.040014 0.036126 0.026301 0.015687 0.007002 0.008213 0.017901 0.034438 0.120077 0.207758 0.277730 0.761400 1.616183 2.073311 2.016950 1.951372 1.900286 1.393273 0.549620 0.115607 0.104038 0.063260 0.007509 0.008073 0.008836 0.014635 0.026769 0.036061 
0.038899 0.039045 0.031621 0.020977 0.010553 0.006155 0.013340 0.020382 0.070392 0.173428 0.219329 0.450824 1.189057 1.922666 2.079388 1.967076 1.954415 1.716541 0.965070 0.260977 0.086917 0.095260 0.030518 0.003187 0.009277 0.010661 0.020439 0.032036 
0.036251 0.039946 0.036060 0.026495 0.015449 0.006866 0.009645 0.014828 0.036222 0.125351 0.196783 0.280415 0.773567 1.605690 2.069063 2.022621 1.957067 1.896081 1.382800 0.561771 0.118265 0.093050 0.068539 0.009302 0.005006 0.010269 0.014497 0.026529 
0.032070 0.039007 0.038909 0.031733 0.021016 0.010056 0.007360 0.012308 0.018536 0.076364 0.169723 0.212093 0.462283 1.190091 1.911953 2.081023 1.974324 1.956088 1.705863 0.966106 0.272410 0.079660 0.091552 0.036498 0.001351 0.008249 0.011866 0.019939 
0.026071 0.036447 0.039899 0.036015 0.026695 0.014993 0.007352 0.010182 0.012165 0.039085 0.128037 0.188163 0.283147 0.783105 1.598339 2.063000 2.028755 1.963223 1.890061 1.375470 0.571293 0.120970 0.084417 0.071229 0.012176 0.002351 0.010806 0.014982 
0.019796 0.031879 0.039172 0.038782 0.031902 0.020827 0.009914 0.008412 0.010709 0.018070 0.081086 0.165686 0.207023 0.471430 1.191717 1.902303 2.081303 1.982724 1.956407 1.696249 0.967733 0.281532 0.074568 0.087511 0.041230 0.000895 0.006654 0.012917 
0.015721 0.025685 0.036496 0.039914 0.036033 0.026749 0.014609 0.008092 0.010046 0.010153 0.042187 0.129283 0.181112 0.285757 0.791188 1.592501 2.056458 2.034845 1.969336 1.883563 1.369651 0.579361 0.123553 0.077353 0.072479 0.015289 0.000345 0.010671 
0.013637 0.019962 0.031589 0.039276 0.038767 0.032010 0.020541 0.010082 0.009133 0.009002 0.018433 0.084809 0.161690 0.203206 0.479218 1.193489 1.893444 2.081046 1.991265 1.956189 1.687426 0.969506 0.289295 0.070728 0.083512 0.044962 0.001267 0.004950 
0.010110 0.016492 0.025470 0.036391 0.039984 0.036105 0.026648 0.014397 0.008864 0.009484 0.008735 0.045220 0.129672 0.175138 0.288275 0.798291 1.587484 2.049984 2.040694 1.975208 1.877132 1.364655 0.586449 0.126045 0.071366 0.072873 0.018332 -0.001066 
0.003334 0.014026 0.020334 0.031289 0.039290 0.038862 0.032027 0.020245 0.010456 0.009522 0.007382 0.019289 0.087768 0.157835 0.200214 0.486121 1.195192 1.885252 2.080592 1.999545 1.955773 1.679270 0.971210 0.296173 0.067715 0.079653 0.047929 0.002133 
-0.001991 0.009301 0.017190 0.025426 0.036179 0.040083 0.036206 0.026440 0.014356 0.009563 0.008673 0.007803 0.048077 0.129513 0.169948 0.290746 0.804646 1.582968 2.043801 2.046230 1.980765 1.870991 1.360159 0.592789 0.128488 0.066163 0.072718 0.021200 
0.003296 0.001878 0.014139 0.020821 0.031027 0.039229 0.039027 0.031970 0.019986 0.010945 0.009636 0.005923 0.020443 0.090136 0.154141 0.197824 0.492388 1.196731 1.877650 2.080090 2.007408 1.955309 1.671704 0.972751 0.302416 0.065303 0.075955 0.050307 
0.023863 -0.002534 0.008360 0.017774 0.025521 0.035913 0.040187 0.036313 0.026178 0.014453 0.010149 0.007732 0.007253 0.050729 0.128979 0.165362 0.293196 0.810386 1.578793 2.037992 2.051434 1.985992 1.865224 1.356005 0.598514 0.130912 0.061564 0.072188 
0.052218 0.004638 0.000603 0.014038 0.021354 0.030823 0.039118 0.039218 0.031863 0.019786 0.011480 0.009535 0.004644 0.021775 0.092038 0.150605 0.195903 0.498164 1.198072 1.870578 2.079606 2.014805 1.954862 1.664667 0.974093 0.308167 0.063360 0.072416 
0.071390 0.026320 -0.002777 0.007363 0.018234 0.025714 0.035637 0.040279 0.036407 0.025906 0.014650 0.010610 0.006733 0.007003 0.053176 0.128177 0.161264 0.295639 0.815599 1.574873 2.032576 2.056315 1.990895 1.859851 1.352104 0.603713 0.133328 0.057452 
0.069026 0.053752 0.006084 -0.000491 0.013776 0.021887 0.030688 0.038980 0.039402 0.031728 0.019655 0.012015 0.009274 0.003546 0.023211 0.093563 0.147219 0.194364 0.503536 1.199210 1.863984 2.079169 2.021735 1.954462 1.658110 0.975233 0.313515 0.061798 
0.053748 0.070393 0.028581 -0.002784 0.006357 0.018570 0.025975 0.035381 0.040348 0.036478 0.025654 0.014914 0.010948 0.005726 0.006989 0.055425 0.127176 0.157574 0.298077 0.820354 1.571157 2.027544 2.060890 1.995491 1.854861 1.348410 0.608453 0.135739 
0.060555 0.065781 0.054973 0.007584 -0.001415 0.013396 0.022392 0.030621 0.038832 0.039558 0.031584 0.019591 0.012521 0.008894 0.002618 0.024702 0.094775 0.143978 0.193143 0.508564 1.200154 1.857826 2.078787 2.028219 1.954118 1.651987 0.976180 0.318518 
0.138143 0.050394 0.069248 0.030655 -0.002602 0.005373 0.018792 0.026278 0.035164 0.040388 0.036520 0.025441 0.015220 0.011171 0.004740 0.007164 0.057489 0.126026 0.154234 0.300507 0.824703 1.567618 2.022874 2.065179 1.999802 1.850232 1.344890 0.612788 
0.323217 0.059581 0.062673 0.055931 0.009107 -0.002181 0.012929 0.022849 0.030618 0.038687 0.039672 0.031442 0.019592 0.012981 0.008427 0.001847 0.026215 0.095723 0.140874 0.192192 0.513287 1.200921 1.852062 2.078463 2.034286 1.953830 1.646258 0.976949 
0.616763 0.140534 0.047347 0.067989 0.032555 -0.002269 0.004429 0.018908 0.026604 0.034994 0.040398 0.036531 0.025275 0.015549 0.011289 0.003795 0.007490 0.059378 0.124764 0.151200 0.302925 0.828692 1.564234 2.018537 2.069206 2.003851 1.845938 1.341527 
0.977560 0.327644 0.058838 0.059697 0.056664 0.010630 -0.002803 0.012399 0.023251 0.030674 0.038551 0.039739 0.031309 0.019651 0.013385 0.007898 0.001222 0.027728 0.096448 0.137903 0.191471 0.517738 1.201529 1.846658 2.078193 2.039967 1.953597 1.640889 
1.338305 0.620415 0.142906 0.044571 0.066646 0.034293 -0.001814 0.003537 0.018931 0.026941 0.034875 0.040377 0.036513 0.025160 0.015889 0.011313 0.002902 0.007938 0.061105 0.123417 0.148438 0.305324 0.832357 1.560991 2.014506 2.072991 2.007657 1.841948 
