0.071092 -0.066017 0.515628 1.103154 0.979259 1.004890 0.978523 1.098888 0.505009 -0.082517 0.053612 0.047166 0.060940 0.060940 0.049607 0.032127 0.015628 0.005009 0.000743 0.000007 0.000007 0.000743 0.005009 0.015628 0.032127 0.049607 0.060940 0.058499 
0.088873 -0.040307 0.150685 0.882227 1.082662 0.975336 0.975180 1.080595 0.874994 0.136778 -0.058134 0.073598 0.048861 0.063540 0.056349 0.041190 0.023358 0.009450 0.002216 0.000150 -0.000006 0.000150 0.002216 0.009450 0.023364 0.041073 0.057506 0.054895 
0.086314 0.024197 -0.025454 0.516083 1.060096 1.036202 0.949244 1.035462 1.055824 0.505462 -0.041951 0.006721 0.074985 0.050890 0.063377 0.049157 0.032191 0.015628 0.005014 0.000742 0.000002 0.000002 0.000742 0.005007 0.015694 0.031682 0.052048 0.050890 
0.071797 0.073986 -0.048892 0.188169 0.842419 1.100122 0.973331 0.973174 1.098050 0.835182 0.174262 -0.066714 0.058715 0.065765 0.054492 0.059512 0.040360 0.023532 0.009428 0.002221 0.000146 -0.000012 0.000150 0.002191 0.009625 0.022537 0.044241 0.048461 
0.056675 0.090700 0.002432 -0.000776 0.513190 1.042224 1.051882 0.940579 1.051138 1.037948 0.502567 -0.017271 -0.015039 0.079375 0.056675 0.057603 0.052054 0.031165 0.015915 0.004955 0.000752 -0.000006 0.000008 0.000679 0.005293 0.014670 0.034584 0.046278 
0.046992 0.081844 0.059776 -0.047641 0.206429 0.824394 1.101256 0.977240 0.977080 1.099179 0.817153 0.192522 -0.065460 0.044510 0.075815 0.053021 0.057387 0.042261 0.022599 0.009770 0.002128 0.000160 0.000001 0.000051 0.002528 0.008692 0.024442 0.042121 
0.042336 0.063792 0.088661 -0.009171 0.015012 0.512765 1.029624 1.057091 0.944032 1.056344 1.025343 0.502140 -0.001481 -0.026636 0.077341 0.063792 0.053656 0.052492 0.031896 0.015299 0.005265 0.000632 0.000053 -0.000115 0.000984 0.004674 0.015403 0.035026 
0.039053 0.048784 0.087130 0.048802 -0.044977 0.218564 0.813889 1.097035 0.982957 0.982795 1.094953 0.806643 0.204656 -0.062792 0.033541 0.081102 0.054812 0.054313 0.043689 0.022463 0.009535 0.002321 0.000094 -0.000068 0.000239 0.002290 0.008555 0.025874 
0.033996 0.040497 0.069775 0.084965 -0.016416 0.026440 0.513773 1.018918 1.058768 0.951318 1.058016 1.014632 0.503146 0.009950 -0.033876 0.073648 0.069775 0.051814 0.051456 0.033099 0.014803 0.005303 0.000743 -0.000083 -0.000009 0.001018 0.004176 0.016608 
0.026411 0.036394 0.051657 0.089827 0.040183 -0.042266 0.228069 0.806526 1.090998 0.989136 0.988971 1.088912 0.799277 0.214162 -0.060077 0.024927 0.083802 0.057683 0.051650 0.044221 0.022950 0.009081 0.002519 0.000049 -0.000115 0.000433 0.001832 0.009042 
0.017660 0.032399 0.040039 0.074509 0.080935 -0.021496 0.035557 0.515372 1.009275 1.059089 0.959754 1.058333 1.004984 0.504743 0.019069 -0.038951 0.069622 0.074509 0.051351 0.049854 0.034148 0.014664 0.005115 0.000910 -0.000210 0.000155 0.000825 0.004035 
0.009782 0.026274 0.034385 0.054770 0.091084 0.033132 -0.039678 0.236119 0.800675 1.084484 0.995271 0.995104 1.082393 0.793422 0.222212 -0.057484 0.017881 0.085061 0.060793 0.049636 0.044081 0.023690 0.008699 0.002572 0.000066 -0.000100 0.000481 0.001445 
0.004202 0.018381 0.030693 0.040408 0.078244 0.076947 -0.025323 0.043316 0.517117 1.000424 1.058873 0.968332 1.058114 0.996128 0.506486 0.026830 -0.042773 0.065638 0.078244 0.051717 0.048143 0.034867 0.014833 0.004830 0.001017 -0.000225 0.000257 0.000534 
0.001231 0.010554 0.025713 0.032972 0.057812 0.091485 0.027158 -0.037181 0.243190 0.795646 1.078037 1.001164 1.000996 1.075941 0.788389 0.229283 -0.054983 0.011912 0.085464 0.063833 0.048218 0.043515 0.024462 0.008488 0.002471 0.000137 -0.000031 0.000375 
0.000234 0.004575 0.018770 0.029074 0.041271 0.081214 0.073100 -0.028324 0.050188 0.518794 0.992239 1.058460 0.976649 1.057696 0.987939 0.508161 0.033705 -0.045770 0.061795 0.081214 0.052576 0.046520 0.035254 0.015208 0.004534 0.001033 -0.000130 0.000270 
0.000161 0.001188 0.011254 0.024903 0.032043 0.060679 0.091337 0.021969 -0.034731 0.249512 0.791119 1.071880 1.006744 1.006573 1.069780 0.783858 0.235605 -0.052530 0.006728 0.085319 0.066697 0.047284 0.042702 0.025161 0.008449 0.002262 0.000238 0.000067 
0.000208 -0.000030 0.005063 0.018884 0.027616 0.042432 0.083594 0.069414 -0.030724 0.056426 0.520307 0.984645 1.057998 0.984549 1.057231 0.980339 0.509672 0.039945 -0.048165 0.058113 0.083594 0.053733 0.045057 0.035365 0.015699 0.004276 0.000975 0.000034 
0.000171 -0.000106 0.001282 0.011840 0.023962 0.031497 0.063341 0.090815 0.017384 -0.032302 0.255220 0.786932 1.066098 1.011993 1.011820 1.063992 0.779667 0.241313 -0.050097 0.002148 0.084798 0.069357 0.046733 0.041756 0.025747 0.008547 0.002000 0.000344 
0.000224 0.000096 -0.000233 0.005597 0.018784 0.026340 0.043771 0.085508 0.065886 -0.032655 0.062172 0.521622 0.977580 1.057555 0.991982 1.056783 0.973270 0.510984 0.045693 -0.050091 0.054589 0.085508 0.055068 0.043775 0.035263 0.016235 0.004077 0.000867 
0.000437 0.000262 -0.000383 0.001476 0.012300 0.022964 0.031250 0.065798 0.090024 0.013286 -0.029881 0.260402 0.783000 1.060709 1.016918 1.016743 1.058599 0.775731 0.246495 -0.047672 -0.001945 0.084010 0.071812 0.046482 0.040754 0.026208 0.008745 0.001728 
0.000732 0.000408 -0.000043 -0.000369 0.006131 0.018523 0.025243 0.045214 0.087045 0.062508 -0.034205 0.067515 0.522734 0.970995 1.057157 0.998948 1.056382 0.966680 0.512094 0.051038 -0.051636 0.051215 0.087045 0.056507 0.042674 0.035000 0.016771 0.003946 
0.001476 0.000507 0.000330 -0.000639 0.001737 0.012638 0.021957 0.031241 0.068057 0.089035 0.009596 -0.027465 0.265125 0.779273 1.055704 1.021536 1.021359 1.053589 0.772000 0.251218 -0.045252 -0.005630 0.083023 0.074069 0.046467 0.039744 0.026545 0.009010 
0.003883 0.000587 0.000562 -0.000192 -0.000437 0.006637 0.018143 0.024316 0.046711 0.088269 0.059274 -0.035437 0.072512 0.523653 0.964844 1.056816 1.005469 1.056037 0.960524 0.513011 0.056037 -0.052862 0.047985 0.088269 0.058001 0.041742 0.034617 0.017279 
0.009317 0.001262 0.000548 0.000369 -0.000858 0.002041 0.012861 0.020972 0.031420 0.070131 0.087897 0.006256 -0.025056 0.269442 0.775722 1.051060 1.025869 1.025690 1.048940 0.768446 0.255535 -0.042839 -0.008966 0.081887 0.076141 0.046641 0.038755 0.026768 
0.017739 0.003885 0.000445 0.000675 -0.000338 -0.000440 0.007095 0.017676 0.023548 0.048231 0.089229 0.056178 -0.036398 0.077206 0.524395 0.959088 1.056531 1.011571 1.055749 0.954763 0.513751 0.060733 -0.053819 0.044893 0.089229 0.059517 0.040969 0.034149 
0.026886 0.009648 0.001097 0.000558 0.000377 -0.001029 0.002367 0.012979 0.020027 0.031749 0.072030 0.086646 0.003222 -0.022660 0.273399 0.772327 1.046750 1.029939 1.029757 1.044625 0.765046 0.259492 -0.040439 -0.011994 0.080639 0.078038 0.046966 0.037806 
0.033618 0.018144 0.003945 0.000311 0.000742 -0.000475 -0.000385 0.007498 0.017147 0.022925 0.049751 0.089966 0.053215 -0.037130 0.081627 0.524978 0.953692 1.056301 1.017289 1.055515 0.949362 0.514332 0.065157 -0.054546 0.041934 0.089966 0.061032 0.040341 
0.036910 0.026909 0.009989 0.000982 0.000539 0.000356 -0.001148 0.002704 0.013002 0.019135 0.032201 0.073767 0.085311 0.000460 -0.020283 0.277033 0.769073 1.042746 1.033767 1.033584 1.040616 0.761789 0.263126 -0.038058 -0.014751 0.079305 0.079772 0.047413 
