0.129822 -0.009953 0.557115 1.125927 0.987421 1.006204 0.978529 1.098157 0.501321 -0.089239 0.049267 0.054674 0.088191 0.108338 0.108338 0.088191 0.057115 0.027783 0.008906 0.001321 0.000013 0.000013 0.001321 0.008906 0.027783 0.057115 0.088191 0.105897 
0.143514 0.018882 0.200544 0.914302 1.097246 0.979126 0.975452 1.080435 0.873043 0.131268 -0.064691 0.073938 0.065617 0.101419 0.110990 0.100379 0.073217 0.041525 0.016800 0.003940 0.000266 -0.000010 0.000266 0.003940 0.016806 0.041414 0.074262 0.092774 
0.133707 0.082919 0.030604 0.557570 1.082876 1.044372 0.950560 1.035464 1.055086 0.501768 -0.048673 0.002384 0.082500 0.078144 0.110771 0.107880 0.088249 0.057115 0.027794 0.008912 0.001319 0.000004 0.000004 0.001313 0.008973 0.027345 0.059563 0.078144 
0.109676 0.128620 0.010290 0.238025 0.874498 1.114714 0.977128 0.973445 1.097884 0.833224 0.168749 -0.073268 0.059064 0.082528 0.092371 0.114146 0.099541 0.073388 0.041507 0.016813 0.003942 0.000260 -0.000017 0.000233 0.004112 0.015984 0.044590 0.065223 
0.083931 0.138089 0.061146 0.055276 0.554678 1.065011 1.060060 0.941899 1.051135 1.037202 0.498867 -0.023991 -0.019370 0.086898 0.083931 0.104993 0.110768 0.087217 0.057404 0.027742 0.008930 0.001313 0.000006 -0.000067 0.001593 0.007950 0.030253 0.053801 
0.063760 0.119722 0.114403 0.011532 0.256282 0.856477 1.115856 0.981043 0.977351 1.099006 0.815187 0.187006 -0.072009 0.044866 0.092583 0.090899 0.112014 0.101434 0.072452 0.041853 0.016728 0.003963 0.000271 -0.000122 0.000563 0.003176 0.017893 0.042478 
0.049866 0.091052 0.136047 0.049536 0.071058 0.554254 1.052418 1.065277 0.945355 1.056337 1.024589 0.498434 -0.008201 -0.030960 0.084871 0.091052 0.101042 0.111198 0.087942 0.056787 0.028058 0.008818 0.001376 -0.000122 0.000230 0.000968 0.008683 0.030702 
0.039417 0.065559 0.125007 0.103422 0.014188 0.268413 0.845976 1.111643 0.986765 0.983065 1.094774 0.804670 0.199138 -0.069337 0.033905 0.097876 0.092689 0.108934 0.102854 0.072313 0.041622 0.016929 0.003903 0.000203 0.000060 0.000316 0.003037 0.019329 
0.029678 0.048036 0.097037 0.132346 0.042282 0.082480 0.555262 1.041718 1.066961 0.952643 1.058006 1.013870 0.499434 0.003230 -0.038194 0.081186 0.097037 0.099195 0.110154 0.089138 0.056293 0.028104 0.008936 0.001243 -0.000019 0.000256 0.000465 0.009889 
0.019870 0.036767 0.068437 0.127703 0.094796 0.016891 0.277916 0.838617 1.105614 0.992950 0.989241 1.088726 0.797296 0.208640 -0.066618 0.025299 0.100582 0.095559 0.106263 0.103379 0.072796 0.041172 0.017135 0.003863 0.000154 0.000247 -0.000149 0.003521 
0.010942 0.028088 0.047585 0.101774 0.128312 0.037194 0.091591 0.556862 1.032082 1.067290 0.961083 1.058319 1.004214 0.501025 0.012350 -0.043261 0.077168 0.101774 0.098728 0.108544 0.090182 0.056154 0.027922 0.009112 0.001119 0.000141 0.000055 0.000317 
0.004258 0.019738 0.034766 0.071556 0.128960 0.087738 0.019472 0.285963 0.832770 1.099108 0.999091 0.995373 1.082200 0.791433 0.216688 -0.064021 0.018261 0.101847 0.098668 0.104243 0.103231 0.073534 0.040793 0.017196 0.003886 0.000169 0.000288 -0.000543 
0.000478 0.011663 0.026389 0.047962 0.105512 0.124320 0.033359 0.099344 0.558608 1.023237 1.067082 0.969664 1.058095 0.995350 0.502763 0.020112 -0.047077 0.073192 0.105512 0.099090 0.106825 0.090894 0.056323 0.027643 0.009226 0.001107 0.000239 -0.000244 
-0.000765 0.005027 0.019180 0.033360 0.074604 0.129360 0.081758 0.021961 0.293031 0.827745 1.092669 1.004990 1.001264 1.075741 0.786393 0.223756 -0.061516 0.012301 0.102256 0.101708 0.102817 0.102658 0.074302 0.040587 0.017103 0.003963 0.000237 0.000175 
-0.000552 0.000846 0.012053 0.024777 0.048833 0.108485 0.120469 0.030349 0.106210 0.560285 1.015060 1.066676 0.977984 1.057674 0.987153 0.504431 0.026988 -0.050067 0.069357 0.108485 0.099945 0.105194 0.091276 0.056699 0.027354 0.009250 0.001205 0.000248 
-0.000045 -0.000816 0.005724 0.018374 0.032440 0.077477 0.129212 0.076562 0.024403 0.299350 0.823221 1.086520 1.010576 1.006841 1.069573 0.781854 0.230075 -0.059059 0.007125 0.102116 0.104572 0.101877 0.101836 0.074999 0.040551 0.016902 0.004070 0.000335 
0.000182 -0.000823 0.001328 0.012168 0.023326 0.050001 0.110868 0.116778 0.027941 0.112442 0.561799 1.007472 1.066222 0.985886 1.057205 0.979546 0.505937 0.033228 -0.052455 0.065682 0.110868 0.101098 0.103723 0.091381 0.057190 0.027102 0.009200 0.001372 
0.000438 -0.000319 -0.000729 0.006307 0.017437 0.031901 0.080145 0.128689 0.071970 0.026824 0.305055 0.819038 1.080746 1.015831 1.012087 1.063780 0.777656 0.235780 -0.056621 0.002553 0.101602 0.107231 0.101319 0.100883 0.075581 0.040654 0.016648 0.004182 
0.001565 0.000066 -0.001035 0.001856 0.012068 0.022056 0.051348 0.112785 0.113246 0.026002 0.118182 0.563114 1.000414 1.065787 0.993323 1.056753 0.972469 0.507244 0.038977 -0.054375 0.062166 0.112785 0.102429 0.102433 0.091273 0.057727 0.026910 0.009099 
0.004281 0.000529 -0.000602 -0.000542 0.006765 0.016443 0.031663 0.082607 0.127897 0.067866 0.029238 0.310233 0.815110 1.075365 1.020761 1.017009 1.058379 0.773712 0.240959 -0.054192 -0.001532 0.100819 0.109685 0.101061 0.099873 0.076039 0.040856 0.016384 
0.008972 0.001751 -0.000077 -0.001179 0.002385 0.011808 0.020966 0.052798 0.114324 0.109865 0.024445 0.123518 0.564227 0.993835 1.065397 1.000292 1.056348 0.965870 0.508348 0.044323 -0.055913 0.058800 0.114324 0.103863 0.101323 0.091003 0.058264 0.026786 
0.016140 0.004357 0.000596 -0.000865 -0.000289 0.007100 0.015441 0.031662 0.084872 0.126908 0.064169 0.031646 0.314953 0.811388 1.070368 1.025386 1.021625 1.053363 0.769974 0.245679 -0.051768 -0.005210 0.099838 0.111942 0.101040 0.098855 0.076374 0.041125 
0.026730 0.008835 0.001908 -0.000230 -0.001254 0.002884 0.011428 0.020046 0.054304 0.115551 0.106627 0.023205 0.128510 0.565146 0.987691 1.065063 1.006815 1.055999 0.959707 0.509259 0.049323 -0.057133 0.055578 0.115551 0.105353 0.100384 0.090615 0.058772 
0.041436 0.015934 0.004404 0.000634 -0.001090 0.000007 0.007320 0.014460 0.031848 0.086952 0.125769 0.060822 0.034047 0.319268 0.807841 1.065732 1.029725 1.025955 1.048708 0.766412 0.249994 -0.049351 -0.008537 0.098709 0.114012 0.101207 0.097858 0.076594 
0.059233 0.026738 0.008700 0.002024 -0.000380 -0.001265 0.003337 0.010962 0.019285 0.055831 0.116515 0.103526 0.022235 0.133197 0.565889 0.981941 1.064787 1.012921 1.055706 0.953938 0.509993 0.054019 -0.058083 0.052493 0.116515 0.106865 0.099603 0.090140 
0.076708 0.041770 0.015776 0.004420 0.000642 -0.001268 0.000326 0.007435 0.013520 0.032186 0.088857 0.124518 0.057781 0.036435 0.323221 0.804449 1.061430 1.033801 1.030023 1.044386 0.763005 0.253948 -0.046947 -0.011558 0.097466 0.115909 0.101525 0.096902 
0.089604 0.059638 0.026805 0.008574 0.002094 -0.000522 -0.001217 0.003734 0.010434 0.018668 0.057359 0.117254 0.100559 0.021496 0.137613 0.566472 0.976552 1.064564 1.018641 1.055469 0.948529 0.510568 0.058444 -0.058802 0.049541 0.117254 0.108376 0.098966 
0.095997 0.076729 0.042115 0.015670 0.004407 0.000620 -0.001394 0.000655 0.007456 0.012631 0.032646 0.090600 0.123181 0.055013 0.038805 0.326852 0.801200 1.057434 1.037635 1.033848 1.040371 0.759740 0.257579 -0.044562 -0.014307 0.096138 0.117643 0.101965 
