0.129830 -0.009906 0.557332 1.126812 0.990587 1.016179 1.006197 1.165726 0.646578 0.185635 0.507116 0.725950 0.954515 1.092501 1.092501 0.954515 0.728392 0.485631 0.283779 0.146578 0.067581 0.027682 0.011296 0.012072 0.028668 0.057332 0.088238 0.105904 
0.143518 0.018902 0.200647 0.914748 1.098948 0.984838 0.992332 1.124363 0.973697 0.334295 0.295775 0.637252 0.840472 1.039611 1.110944 1.038571 0.848072 0.604839 0.377267 0.206967 0.100920 0.043918 0.017146 0.009652 0.018508 0.041860 0.074365 0.092794 
0.133715 0.082927 0.030650 0.557788 1.083762 1.047542 0.960537 1.063128 1.122641 0.647011 0.226206 0.460262 0.753808 0.944466 1.094894 1.092003 0.954571 0.728423 0.485672 0.283791 0.146563 0.067559 0.027668 0.011290 0.012142 0.028231 0.059781 0.078191 
0.109695 0.128624 0.010309 0.238128 0.874945 1.116418 0.982842 0.990324 1.141803 0.933862 0.371770 0.287217 0.622413 0.857400 1.030540 1.114055 1.037709 0.848260 0.604856 0.377298 0.206963 0.100898 0.043902 0.017112 0.009827 0.017688 0.045037 0.065326 
0.083978 0.138097 0.061153 0.055322 0.554896 1.065899 1.063232 0.951878 1.078795 1.104744 0.644098 0.250893 0.438538 0.758236 0.950251 1.089077 1.094852 0.953536 0.728742 0.485650 0.283815 0.146544 0.067548 0.027593 0.011572 0.011122 0.031141 0.054020 
0.063863 0.119741 0.114406 0.011551 0.256385 0.856925 1.117562 0.986760 0.994229 1.142916 0.915811 0.390021 0.288494 0.608250 0.867473 1.029044 1.111878 1.039580 0.847341 0.605236 0.377231 0.206978 0.100895 0.043788 0.017441 0.008894 0.019600 0.042926 
0.050085 0.091098 0.136054 0.049543 0.071104 0.554472 1.053307 1.068453 0.955336 1.083993 1.092118 0.643652 0.266689 0.426978 0.756240 0.957369 1.085086 1.095242 0.954258 0.728156 0.485996 0.283708 0.146594 0.067407 0.027885 0.010949 0.011859 0.031592 
0.039866 0.065661 0.125026 0.103425 0.014207 0.268516 0.846424 1.113352 0.992486 0.999943 1.138674 0.905279 0.402147 0.291185 0.597324 0.872783 1.030811 1.108752 1.040976 0.847219 0.605040 0.377451 0.206912 0.100811 0.043960 0.017194 0.008758 0.021038 
0.030570 0.048255 0.097083 0.132353 0.042289 0.082525 0.555481 1.042609 1.070140 0.962627 1.085656 1.081385 0.644639 0.278126 0.419774 0.752585 0.963351 1.083201 1.094160 0.955452 0.727692 0.486071 0.283832 0.146448 0.067496 0.027906 0.010448 0.013068 
0.021582 0.037216 0.068540 0.127722 0.094799 0.016910 0.278018 0.839066 1.107326 0.998674 1.006118 1.132616 0.897889 0.411644 0.293924 0.588752 0.875505 1.033657 1.106037 1.041477 0.847720 0.604624 0.377677 0.206867 0.100747 0.044137 0.016728 0.009245 
0.014124 0.028981 0.047804 0.101820 0.128319 0.037201 0.091636 0.557081 1.032975 1.070472 0.971068 1.085965 1.071716 0.646218 0.287252 0.414736 0.748597 0.968085 1.082695 1.092511 0.956493 0.727583 0.485919 0.284014 0.146311 0.067642 0.027701 0.010302 
0.009986 0.021452 0.035217 0.071658 0.128978 0.087741 0.019490 0.286065 0.833220 1.100822 1.004818 1.012250 1.126081 0.892011 0.419686 0.296539 0.581748 0.876787 1.036743 1.103972 1.041306 0.848474 0.604280 0.377757 0.206885 0.100746 0.044170 0.016334 
0.010466 0.014848 0.027284 0.048181 0.105557 0.124326 0.033365 0.099389 0.558827 1.024132 1.070267 0.979651 1.085737 1.062838 0.647942 0.295020 0.410950 0.744651 0.971820 1.083018 1.090753 0.957202 0.727782 0.485670 0.284134 0.146286 0.067727 0.027398 
0.016111 0.010758 0.020897 0.033812 0.074706 0.129378 0.081761 0.021979 0.293133 0.828197 1.094386 1.010721 1.018140 1.119613 0.886956 0.426749 0.299064 0.575822 0.877213 1.039760 1.102502 1.040709 0.849259 0.604108 0.377682 0.206957 0.100800 0.044047 
0.027085 0.010835 0.015242 0.025674 0.049053 0.108530 0.120475 0.030355 0.106255 0.560505 1.015956 1.069865 0.987973 1.085311 1.054628 0.649598 0.301902 0.407990 0.740845 0.974790 1.083835 1.089083 0.957581 0.728188 0.485411 0.284164 0.146371 0.067722 
0.043817 0.016060 0.011458 0.020094 0.032892 0.077579 0.129229 0.076565 0.024420 0.299452 0.823674 1.088240 1.016310 1.023717 1.113436 0.882401 0.433064 0.301540 0.570680 0.877089 1.042600 1.101518 1.039864 0.849972 0.604107 0.377501 0.207058 0.100883 
0.067642 0.026809 0.011320 0.015359 0.024224 0.050221 0.110913 0.116784 0.027947 0.112486 0.562019 1.008370 1.069414 0.995878 1.084837 1.047007 0.651091 0.308149 0.405631 0.737200 0.977170 1.084949 1.087574 0.957683 0.728708 0.485189 0.284120 0.146526 
0.100970 0.043534 0.016146 0.012044 0.019159 0.032355 0.080247 0.128706 0.071973 0.026841 0.305157 0.819492 1.082468 1.021568 1.028962 1.107632 0.878188 0.438763 0.303997 0.566142 0.876591 1.045237 1.100916 1.038888 0.850571 0.604243 0.377266 0.207165 
0.146707 0.067513 0.026592 0.011850 0.015263 0.022956 0.051568 0.112829 0.113252 0.026008 0.118226 0.563334 1.001313 1.068982 1.003316 1.084380 1.039915 0.652385 0.313904 0.403742 0.733713 0.979084 1.086241 1.086246 0.957572 0.729275 0.485026 0.284026 
0.207259 0.101046 0.043241 0.016332 0.012506 0.018168 0.032117 0.082709 0.127914 0.067868 0.029255 0.310335 0.815565 1.077090 1.026502 1.033884 1.102222 0.874229 0.443937 0.306445 0.562091 0.875825 1.047667 1.100615 1.037855 0.851045 0.604479 0.377021 
0.283906 0.146880 0.067356 0.026444 0.012381 0.015006 0.021868 0.053019 0.114368 0.109870 0.024450 0.123562 0.564447 0.994736 1.068595 1.010288 1.083970 1.033303 0.653477 0.319256 0.402233 0.730377 0.980620 1.087638 1.085098 0.957299 0.729841 0.484932 
0.376797 0.207330 0.101098 0.042968 0.016585 0.012844 0.017168 0.032117 0.084974 0.126924 0.064170 0.031663 0.315055 0.811843 1.072096 1.031130 1.038499 1.097196 0.870476 0.448652 0.308889 0.558447 0.874860 1.049901 1.100550 1.036814 0.851395 0.604782 
0.484905 0.283775 0.147025 0.067189 0.026363 0.012882 0.014630 0.020950 0.054524 0.115595 0.106631 0.023210 0.128553 0.565367 0.988594 1.068265 1.016813 1.083616 1.027126 0.654376 0.324263 0.401043 0.727184 0.981844 1.089090 1.084121 0.956908 0.730378 
0.605126 0.376610 0.207372 0.101121 0.042733 0.016880 0.013067 0.016190 0.032304 0.087054 0.125785 0.060823 0.034063 0.319369 0.808297 1.067462 1.035472 1.042828 1.092531 0.866898 0.452962 0.311325 0.555154 0.873745 1.051949 1.100674 1.035794 0.851630 
0.730868 0.484943 0.283647 0.147129 0.067025 0.026347 0.013337 0.014168 0.020190 0.056052 0.116558 0.103531 0.022239 0.133241 0.566110 0.982846 1.067992 1.022921 1.083319 1.021344 0.655097 0.328966 0.400122 0.724128 0.982804 1.090564 1.083302 0.956430 
0.851761 0.605494 0.376472 0.207384 0.101113 0.042546 0.017198 0.013186 0.015253 0.032643 0.088959 0.124533 0.057783 0.036451 0.323323 0.804906 1.063163 1.039551 1.046895 1.088200 0.863476 0.456912 0.313749 0.552167 0.872518 1.053822 1.100949 1.034815 
0.955889 0.731302 0.485040 0.283528 0.147186 0.066870 0.026390 0.013736 0.013643 0.019575 0.057580 0.117297 0.100563 0.021500 0.137656 0.566693 0.977458 1.067773 1.028644 1.083076 1.015921 0.655660 0.333398 0.399433 0.721205 0.983540 1.092038 1.082628 
1.033888 0.851797 0.605873 0.376385 0.207366 0.101076 0.042410 0.017527 0.013210 0.014367 0.033103 0.090701 0.123197 0.055014 0.038820 0.326954 0.801657 1.059170 1.043389 1.050720 1.084175 0.860196 0.460538 0.316154 0.549451 0.871206 1.055533 1.101346 
