0.793878 0.975939 0.978206 0.803695 0.541703 0.317615 0.225408 0.286763 0.457964 0.671393 0.878214 1.064314 1.234209 1.380358 1.464997 1.432890 1.249916 0.938976 0.581603 0.277715 0.090126 0.015056 0.001001 0.000333 0.011937 0.080159 0.250055 0.514008 
0.658972 0.903788 1.001618 0.909069 0.675830 0.417651 0.251857 0.238489 0.362862 0.563223 0.777250 0.973654 1.151157 1.311915 1.433805 1.466675 1.360371 1.106388 0.759603 0.417651 0.168082 0.041173 0.004097 0.000355 0.002498 0.035480 0.151214 0.373706 
0.514070 0.793859 0.975847 0.978131 0.803671 0.541757 0.317695 0.225454 0.286749 0.457912 0.671341 0.878192 1.064333 1.234263 1.380413 1.465005 1.432835 1.249836 0.938941 0.581647 0.277804 0.090187 0.015040 0.000920 0.000252 0.011914 0.080224 0.250139 
0.373786 0.658998 0.903725 1.001525 0.909015 0.675846 0.417726 0.251925 0.238505 0.362824 0.563166 0.777211 0.973652 1.151196 1.311975 1.433842 1.466650 1.360295 1.106322 0.759608 0.417725 0.168166 0.041198 0.004043 0.000265 0.002440 0.035504 0.151297 
0.250228 0.514130 0.793839 0.975759 0.978051 0.803651 0.541809 0.317775 0.225499 0.286735 0.457859 0.671290 0.878170 1.064353 1.234317 1.380468 1.465014 1.432779 1.249756 0.938906 0.581691 0.277893 0.090248 0.015023 0.000840 0.000169 0.011895 0.080284 
0.151379 0.373868 0.659021 0.903664 1.001432 0.908961 0.675864 0.417800 0.251995 0.238520 0.362786 0.563109 0.777172 0.973650 1.151235 1.312035 1.433878 1.466626 1.360219 1.106257 0.759612 0.417799 0.168250 0.041223 0.003989 0.000174 0.002382 0.035528 
0.080343 0.250318 0.514189 0.793818 0.975673 0.977970 0.803632 0.541861 0.317855 0.225545 0.286722 0.457807 0.671238 0.878148 1.064372 1.234370 1.380523 1.465022 1.432723 1.249676 0.938872 0.581735 0.277981 0.090309 0.015007 0.000760 0.000086 0.011877 
0.035551 0.151461 0.373951 0.659043 0.903604 1.001339 0.908906 0.675883 0.417874 0.252064 0.238536 0.362748 0.563053 0.777132 0.973649 1.151274 1.312095 1.433915 1.466601 1.360143 1.106192 0.759617 0.417873 0.168333 0.041248 0.003936 0.000083 0.002326 
0.011858 0.080401 0.250409 0.514247 0.793798 0.975587 0.977888 0.803613 0.541913 0.317935 0.225591 0.286708 0.457755 0.671186 0.878126 1.064392 1.234424 1.380577 1.465031 1.432668 1.249596 0.938837 0.581778 0.278070 0.090369 0.014991 0.000679 0.000004 
0.002269 0.035573 0.151544 0.374033 0.659065 0.903544 1.001246 0.908851 0.675902 0.417948 0.252133 0.238553 0.362711 0.562996 0.777093 0.973647 1.151313 1.312155 1.433952 1.466576 1.360068 1.106127 0.759621 0.417947 0.168417 0.041273 0.003882 -0.000008 
-0.000078 0.011839 0.080459 0.250500 0.514305 0.793777 0.975502 0.977806 0.803594 0.541965 0.318014 0.225637 0.286694 0.457702 0.671134 0.878104 1.064412 1.234478 1.380632 1.465039 1.432612 1.249517 0.938802 0.581822 0.278158 0.090430 0.014975 0.000599 
-0.000098 0.002213 0.035595 0.151626 0.374116 0.659086 0.903485 1.001153 0.908796 0.675921 0.418021 0.252202 0.238569 0.362673 0.562939 0.777053 0.973645 1.151353 1.312215 1.433988 1.466551 1.359992 1.106062 0.759626 0.418021 0.168500 0.041298 0.003828 
0.000518 -0.000160 0.011820 0.080517 0.250592 0.514363 0.793756 0.975417 0.977725 0.803575 0.542017 0.318093 0.225683 0.286681 0.457650 0.671082 0.878082 1.064431 1.234532 1.380686 1.465047 1.432557 1.249438 0.938767 0.581866 0.278246 0.090491 0.014959 
0.003774 -0.000189 0.002157 0.035617 0.151709 0.374199 0.659106 0.903426 1.001060 0.908741 0.675940 0.418094 0.252271 0.238585 0.362636 0.562882 0.777013 0.973644 1.151393 1.312275 1.434024 1.466526 1.359917 1.105998 0.759630 0.418095 0.168583 0.041323 
0.014943 0.000438 -0.000242 0.011802 0.080575 0.250683 0.514421 0.793734 0.975333 0.977643 0.803556 0.542069 0.318172 0.225729 0.286668 0.457598 0.671030 0.878059 1.064452 1.234587 1.380740 1.465055 1.432501 1.249359 0.938733 0.581909 0.278334 0.090551 
0.041348 0.003721 -0.000280 0.002101 0.035639 0.151792 0.374282 0.659127 0.903367 1.000968 0.908685 0.675960 0.418167 0.252340 0.238602 0.362599 0.562825 0.776973 0.973642 1.151432 1.312335 1.434060 1.466500 1.359842 1.105933 0.759634 0.418169 0.168667 
0.090612 0.014927 0.000357 -0.000323 0.011783 0.080633 0.250775 0.514478 0.793713 0.975248 0.977561 0.803537 0.542121 0.318251 0.225776 0.286655 0.457546 0.670978 0.878037 1.064472 1.234641 1.380794 1.465062 1.432446 1.249280 0.938698 0.581953 0.278422 
0.168750 0.041373 0.003667 -0.000370 0.002045 0.035660 0.151874 0.374365 0.659147 0.903309 1.000876 0.908630 0.675979 0.418240 0.252409 0.238619 0.362562 0.562768 0.776933 0.973641 1.151472 1.312395 1.434096 1.466475 1.359767 1.105869 0.759639 0.418242 
0.278509 0.090673 0.014912 0.000277 -0.000405 0.011764 0.080691 0.250867 0.514536 0.793692 0.975164 0.977479 0.803517 0.542173 0.318329 0.225822 0.286642 0.457494 0.670925 0.878014 1.064492 1.234695 1.380848 1.465070 1.432391 1.249201 0.938664 0.581996 
0.418315 0.168833 0.041398 0.003613 -0.000460 0.001989 0.035682 0.151957 0.374447 0.659168 0.903250 1.000783 0.908574 0.675998 0.418314 0.252477 0.238636 0.362525 0.562711 0.776893 0.973639 1.151512 1.312455 1.434131 1.466450 1.359692 1.105805 0.759643 
0.582039 0.278597 0.090733 0.014896 0.000197 -0.000486 0.011744 0.080749 0.250958 0.514593 0.793671 0.975080 0.977397 0.803498 0.542225 0.318408 0.225868 0.286630 0.457442 0.670873 0.877992 1.064512 1.234750 1.380902 1.465077 1.432335 1.249123 0.938629 
0.759647 0.418389 0.168916 0.041423 0.003560 -0.000550 0.001934 0.035703 0.152040 0.374530 0.659188 0.903191 1.000691 0.908519 0.676017 0.418387 0.252545 0.238652 0.362488 0.562654 0.776853 0.973638 1.151553 1.312515 1.434167 1.466424 1.359617 1.105741 
0.938595 0.582082 0.278685 0.090794 0.014880 0.000116 -0.000568 0.011725 0.080806 0.251050 0.514650 0.793649 0.974996 0.977315 0.803479 0.542277 0.318486 0.225914 0.286617 0.457390 0.670820 0.877969 1.064533 1.234804 1.380955 1.465084 1.432280 1.249045 
1.105677 0.759652 0.418462 0.168999 0.041449 0.003506 -0.000640 0.001878 0.035725 0.152123 0.374613 0.659208 0.903133 1.000599 0.908463 0.676037 0.418459 0.252614 0.238669 0.362451 0.562597 0.776812 0.973637 1.151593 1.312574 1.434202 1.466399 1.359542 
1.248967 0.938561 0.582125 0.278772 0.090855 0.014864 0.000036 -0.000649 0.011706 0.080864 0.251142 0.514707 0.793628 0.974913 0.977234 0.803459 0.542329 0.318565 0.225960 0.286605 0.457338 0.670768 0.877947 1.064553 1.234859 1.381009 1.465091 1.432225 
1.359468 1.105613 0.759656 0.418534 0.169082 0.041474 0.003453 -0.000730 0.001822 0.035746 0.152206 0.374695 0.659228 0.903074 1.000507 0.908408 0.676056 0.418532 0.252682 0.238687 0.362415 0.562540 0.776772 0.973635 1.151633 1.312634 1.434237 1.466373 
1.432170 1.248889 0.938527 0.582168 0.278859 0.090915 0.014848 -0.000044 -0.000730 0.011687 0.080922 0.251233 0.514764 0.793607 0.974829 0.977152 0.803440 0.542381 0.318643 0.226006 0.286592 0.457286 0.670715 0.877924 1.064574 1.234914 1.381062 1.465098 
1.466348 1.359394 1.105549 0.759660 0.418607 0.169165 0.041499 0.003399 -0.000820 0.001766 0.035767 0.152288 0.374778 0.659248 0.903016 1.000416 0.908352 0.676075 0.418605 0.252750 0.238704 0.362379 0.562483 0.776731 0.973634 1.151674 1.312694 1.434272 
