0.006981 0.002446 0.001214 0.003169 0.009978 0.025558 0.091279 0.054058 0.789152 1.578041 1.676877 1.898291 1.984726 2.096586 1.373270 0.575359 0.479663 0.272435 0.145260 0.067899 0.029895 0.016921 0.017445 0.022932 0.027302 0.027131 0.022058 0.014274 
0.010386 0.004299 0.001439 0.001657 0.006755 0.009347 0.077326 0.023363 0.340736 1.251548 1.668853 1.777816 1.938472 2.098704 1.821350 0.906383 0.482808 0.392946 0.195425 0.101766 0.044802 0.021085 0.016093 0.020006 0.025540 0.027877 0.025116 0.018304 
0.014277 0.006978 0.002507 0.000768 0.005612 -0.000067 0.053373 0.044374 0.094607 0.789608 1.535008 1.733850 1.842645 2.041630 2.053486 1.373719 0.615951 0.432798 0.300259 0.135200 0.070327 0.029444 0.016986 0.017444 0.022934 0.027299 0.027130 0.022055 
0.018307 0.010362 0.004469 0.000609 0.004825 -0.002286 0.026253 0.062434 0.014764 0.378211 1.211753 1.686345 1.775830 1.936445 2.116118 1.781516 0.943881 0.474257 0.378079 0.212325 0.092708 0.047960 0.020255 0.016267 0.019982 0.025542 0.027875 0.025113 
0.022065 0.014217 0.007262 0.001479 0.003668 -0.000156 0.005723 0.057759 0.022598 0.119271 0.786717 1.517162 1.749559 1.833981 2.057271 2.035573 1.370821 0.640658 0.411064 0.304653 0.140975 0.064545 0.032339 0.015961 0.017730 0.022873 0.027309 0.027124 
0.025129 0.018212 0.010702 0.003533 0.002510 0.002705 -0.003751 0.036304 0.048219 0.016000 0.396462 1.193743 1.687510 1.779757 1.940333 2.117206 1.763465 0.962155 0.475542 0.363890 0.222370 0.091226 0.045830 0.022157 0.015335 0.020322 0.025446 0.027891 
0.027187 0.021945 0.014524 0.006642 0.002207 0.004108 -0.004096 0.012846 0.055721 0.010986 0.135045 0.786293 1.504587 1.754798 1.837434 2.062442 2.022932 1.370390 0.656474 0.399492 0.302624 0.148082 0.060589 0.032775 0.016692 0.017113 0.023180 0.027188 
0.027826 0.025064 0.018404 0.010464 0.003393 0.003938 -0.000364 -0.001954 0.041593 0.037240 0.018650 0.408588 1.183251 1.683321 1.785492 1.946028 2.112939 1.752933 0.974304 0.478240 0.352937 0.227653 0.093006 0.042751 0.023585 0.015199 0.020084 0.025637 
0.027298 0.027053 0.022055 0.014561 0.006144 0.003408 0.003075 -0.005932 0.018833 0.052025 0.003730 0.146460 0.787303 1.493906 1.756503 1.844720 2.064080 2.012184 1.371392 0.667930 0.392278 0.298936 0.154055 0.058738 0.031738 0.017896 0.016616 0.023216 
0.025833 0.027781 0.025020 0.018601 0.010007 0.003877 0.004471 -0.003022 0.000923 0.044294 0.028616 0.021347 0.418085 1.175903 1.677316 1.791688 1.952185 2.106857 1.745544 0.983823 0.480985 0.344339 0.230348 0.095866 0.040083 0.024119 0.015686 0.019628 
0.023025 0.027465 0.026928 0.022223 0.014371 0.006001 0.004456 0.001476 -0.006388 0.023572 0.047995 -0.001360 0.155563 0.788904 1.484289 1.756854 1.853156 2.064363 2.002500 1.372985 0.677076 0.387229 0.294915 0.158780 0.058267 0.030134 0.018947 0.016476 
0.019244 0.025884 0.027799 0.025038 0.018653 0.009622 0.004614 0.004331 -0.005031 0.004040 0.045555 0.021560 0.023921 0.426127 1.170066 1.670833 1.797841 1.958299 2.100297 1.739666 0.991887 0.483607 0.337309 0.231603 0.098965 0.038064 0.023979 0.016427 
0.016644 0.022737 0.027570 0.026916 0.022329 0.014083 0.006167 0.005172 -0.000232 -0.006016 0.027312 0.044007 -0.005198 0.163308 0.790651 1.475463 1.756666 1.861734 2.064109 1.993608 1.374724 0.684862 0.383432 0.290936 0.162505 0.058624 0.028422 0.019667 
0.017199 0.019031 0.025781 0.027872 0.025111 0.018551 0.009408 0.005383 0.003765 -0.006445 0.007087 0.045960 0.015581 0.026404 0.433190 1.165052 1.664417 1.803752 1.964171 2.093805 1.734611 0.998972 0.486138 0.331357 0.232002 0.101994 0.036640 0.023414 
0.020055 0.017018 0.022438 0.027586 0.027013 0.022346 0.013785 0.006539 0.005557 -0.001853 -0.005150 0.030287 0.040161 -0.008210 0.170167 0.792330 1.467304 1.756282 1.870051 2.063658 1.985384 1.376394 0.691763 0.380461 0.287099 0.165465 0.059474 0.026797 
0.022601 0.017899 0.018989 0.025570 0.027973 0.025213 0.018341 0.009366 0.006079 0.002951 -0.007374 0.009958 0.045815 0.010387 0.028840 0.439504 1.160539 1.658292 1.809349 1.969729 2.087604 1.730058 1.005308 0.488620 0.326190 0.231852 0.104848 0.035701 
0.025332 0.020168 0.017507 0.022177 0.027528 0.027180 0.022288 0.013524 0.007025 0.005667 -0.003314 -0.003987 0.032673 0.036474 -0.010621 0.176391 0.793845 1.459735 1.755848 1.877950 2.063159 1.977749 1.377901 0.698028 0.378092 0.283422 0.167836 0.060622 
0.035145 0.021656 0.018485 0.019085 0.025306 0.028080 0.025320 0.018077 0.009461 0.006662 0.002006 -0.007920 0.012625 0.045297 0.005796 0.031255 0.445203 1.156366 1.652540 1.814615 1.974957 2.081777 1.725845 1.011028 0.491083 0.321626 0.231328 0.107497 
0.061948 0.024048 0.020067 0.018043 0.021976 0.027419 0.027372 0.022180 0.013323 0.007558 0.005563 -0.004593 -0.002646 0.034592 0.032946 -0.012562 0.182123 0.795162 1.452696 1.755433 1.885383 2.062678 1.970644 1.379210 0.703802 0.376191 0.279903 0.169741 
0.109940 0.034888 0.020655 0.018946 0.019281 0.025032 0.028174 0.025415 0.017804 0.009656 0.007120 0.001004 -0.008166 0.015086 0.044510 0.001693 0.033662 0.450377 1.152449 1.647183 1.819556 1.979860 2.076343 1.721887 1.016223 0.493537 0.317549 0.230536 
0.171267 0.063378 0.022945 0.019804 0.018578 0.021842 0.027283 0.027558 0.022045 0.013190 0.008091 0.005297 -0.005692 -0.001201 0.036134 0.029568 -0.014123 0.187452 0.796277 1.446136 1.755064 1.892349 2.062243 1.964018 1.380316 0.709171 0.374672 0.276535 
0.229546 0.112187 0.034869 0.019644 0.019284 0.019544 0.024778 0.028245 0.025486 0.017551 0.009918 0.007455 -0.000006 -0.008176 0.017350 0.043524 -0.002002 0.036064 0.455092 1.148737 1.642208 1.824191 1.984457 2.071294 1.718134 1.020959 0.495987 0.313881 
0.273311 0.172482 0.064863 0.022012 0.019423 0.019085 0.021777 0.027137 0.027715 0.021901 0.013125 0.008595 0.004913 -0.006621 0.000300 0.037363 0.026334 -0.015365 0.192436 0.797198 1.440011 1.754750 1.898869 2.061864 1.957827 1.381228 0.714196 0.373471 
0.310562 0.228406 0.114247 0.035037 0.018656 0.019507 0.019849 0.024562 0.028286 0.025529 0.017337 0.010222 0.007674 -0.000995 -0.007997 0.019428 0.042390 -0.005348 0.038458 0.459402 1.145201 1.637595 1.828541 1.988769 2.066606 1.714557 1.025290 0.498428 
0.372540 0.270225 0.173434 0.066370 0.021237 0.018956 0.019545 0.021776 0.026994 0.027830 0.021758 0.013124 0.009053 0.004443 -0.007391 0.001822 0.038329 0.023238 -0.016338 0.197117 0.797942 1.434280 1.754494 1.904971 2.061542 1.952032 1.381964 0.718916 
0.500857 0.307550 0.227154 0.116134 0.035356 0.017708 0.019626 0.020178 0.024394 0.028298 0.025541 0.017170 0.010549 0.007789 -0.001943 -0.007667 0.021332 0.041143 -0.008387 0.040840 0.463352 1.141820 1.633316 1.832627 1.992818 2.062252 1.711136 1.029259 
0.723365 0.371839 0.267272 0.174161 0.067876 0.020606 0.018426 0.019949 0.021834 0.026860 0.027899 0.021625 0.013182 0.009454 0.003910 -0.008017 0.003345 0.039070 0.020274 -0.017080 0.201525 0.798528 1.428909 1.754291 1.910688 2.061275 1.946596 1.382540 
1.032906 0.503268 0.304810 0.225817 0.117857 0.035797 0.016812 0.019650 0.020517 0.024278 0.028279 0.025523 0.017054 0.010887 0.007810 -0.002840 -0.007216 0.023074 0.039811 -0.011155 0.043204 0.466978 1.138581 1.629342 1.836472 1.996626 2.058204 1.707856 
