0.025161 0.071682 0.145197 0.274918 0.457851 0.671607 0.868550 0.988667 1.019926 0.790227 1.198361 1.583077 1.275437 1.164418 1.053030 1.128040 0.510305 -0.094975 0.022372 -0.001894 0.002273 0.006955 0.014280 0.022048 0.027085 0.026977 0.022853 0.010936 
0.013664 0.045189 0.103347 0.202465 0.360609 0.563251 0.776888 0.934793 1.042749 0.875005 0.927276 1.463867 1.466005 1.196517 1.086221 1.128573 0.890642 0.133106 -0.079792 0.032926 -0.006512 0.005266 0.010274 0.018306 0.025134 0.027490 0.026177 0.015928 
0.011738 0.025457 0.070561 0.146243 0.274409 0.457625 0.674033 0.858513 1.016449 0.972994 0.830784 1.198839 1.540043 1.332386 1.108765 1.109964 1.084975 0.510756 -0.054415 -0.024522 0.025926 -0.007770 0.009401 0.013816 0.022195 0.026736 0.027818 0.021647 
0.015512 0.014646 0.044432 0.103339 0.203035 0.359419 0.566636 0.767802 0.951696 1.027819 0.866396 0.964771 1.424085 1.483481 1.194511 1.084207 1.146025 0.850828 0.170586 -0.088378 0.018042 0.010396 -0.003767 0.013414 0.017580 0.025020 0.027913 0.025919 
0.021057 0.012207 0.025651 0.069871 0.146939 0.273354 0.460399 0.668421 0.864243 1.020824 0.951187 0.855457 1.195968 1.522195 1.348072 1.100095 1.125634 1.067097 0.507859 -0.029739 -0.046286 0.030315 -0.001969 0.003601 0.016806 0.021004 0.027123 0.027980 
0.025531 0.015391 0.015218 0.043949 0.103538 0.202427 0.361144 0.564555 0.766408 0.961686 1.013589 0.867616 0.983043 1.406087 1.484630 1.198418 1.088107 1.147151 0.832798 0.188842 -0.087128 0.003831 0.020461 -0.005259 0.011348 0.019437 0.023994 0.028551 
0.028331 0.020567 0.012605 0.025666 0.069750 0.146513 0.274177 0.460706 0.664583 0.871364 1.018736 0.939562 0.871231 1.195568 1.509618 1.353288 1.103541 1.130834 1.054490 0.507429 -0.013953 -0.057891 0.028292 0.005138 -0.000322 0.017274 0.021603 0.026666 
0.028504 0.025469 0.015278 0.015536 0.043896 0.103138 0.202533 0.362503 0.561461 0.768289 0.966930 1.002576 0.870262 0.995183 1.395610 1.480424 1.204133 1.093814 1.142922 0.822287 0.200974 -0.084469 -0.007134 0.025747 -0.003470 0.008328 0.020784 0.023857 
0.026322 0.028343 0.020423 0.012730 0.025883 0.069466 0.146111 0.275501 0.459573 0.662800 0.877379 1.014983 0.932290 0.882652 1.196596 1.498937 1.354970 1.110821 1.132500 1.043777 0.508434 -0.002529 -0.065134 0.024603 0.011110 -0.002124 0.016227 0.022722 
0.024383 0.028171 0.025451 0.015223 0.015780 0.043920 0.102524 0.203201 0.363024 0.558758 0.771236 0.969607 0.993906 0.872958 1.004695 1.388274 1.474405 1.210310 1.099984 1.136876 0.814920 0.210475 -0.081760 -0.015744 0.028438 -0.000582 0.005697 0.021236 
0.023723 0.026313 0.028100 0.020403 0.012817 0.026139 0.069022 0.146011 0.276673 0.457906 0.662368 0.882155 1.010903 0.927175 0.891768 1.198214 1.489319 1.355298 1.119251 1.132812 1.034128 0.510029 0.006583 -0.070208 0.020574 0.015842 -0.002546 0.014593 
0.021027 0.025179 0.027867 0.025320 0.015248 0.016029 0.043840 0.101991 0.204079 0.362905 0.556704 0.774405 0.970858 0.986800 0.875530 1.012755 1.382447 1.467907 1.216444 1.106110 1.130353 0.809064 0.218521 -0.079171 -0.022789 0.029689 0.002554 0.003697 
0.012842 0.024419 0.026592 0.027747 0.020365 0.012982 0.026320 0.068524 0.146191 0.277507 0.456157 0.662745 0.885931 1.006872 0.923307 0.899526 1.199978 1.480491 1.355089 1.127823 1.132586 1.025270 0.511769 0.014338 -0.074030 0.016583 0.019584 -0.002146 
0.002280 0.020405 0.026013 0.027704 0.025060 0.015338 0.016294 0.043634 0.101641 0.204957 0.362378 0.555251 0.777489 0.971261 0.980772 0.878006 1.019838 1.377442 1.461477 1.222336 1.111993 1.123898 0.804031 0.225586 -0.076671 -0.028761 0.030087 0.005624 
-0.001259 0.011176 0.024801 0.027060 0.027380 0.020268 0.013233 0.026403 0.068048 0.146558 0.278001 0.454515 0.663607 0.888940 1.002991 0.920260 0.906398 1.201676 1.472329 1.354684 1.136134 1.132163 1.017080 0.513441 0.021209 -0.077027 0.012732 0.022568 
0.008518 0.001338 0.019548 0.026775 0.027694 0.024712 0.015462 0.016560 0.043339 0.101471 0.205740 0.361614 0.554290 0.780386 0.971120 0.975532 0.880431 1.026175 1.372939 1.455337 1.227915 1.117563 1.117734 0.799497 0.231904 -0.074219 -0.033951 0.029940 
0.024965 -0.000083 0.009672 0.024919 0.027626 0.027048 0.020118 0.013536 0.026403 0.067632 0.147028 0.278209 0.453049 0.664761 0.891352 0.999276 0.917814 0.912633 1.203211 1.464757 1.354230 1.144027 1.131691 1.009479 0.514948 0.027447 -0.079425 0.009042 
0.029423 0.011206 0.000774 0.018569 0.027422 0.027807 0.024327 0.015595 0.016810 0.043004 0.101449 0.206392 0.360725 0.553719 0.783069 0.970606 0.970899 0.882833 1.031897 1.368776 1.449571 1.233164 1.122802 1.111943 0.795304 0.237608 -0.071788 -0.038539 
0.005511 0.026899 0.001266 0.008352 0.024830 0.028226 0.026777 0.019934 0.013849 0.026347 0.067295 0.147536 0.278195 0.451776 0.666092 0.893293 0.995725 0.915836 0.918374 1.204550 1.457714 1.353794 1.151455 1.131238 1.002407 0.516258 0.033193 -0.081356 
-0.042641 0.028640 0.013686 0.000505 0.017542 0.027941 0.028009 0.023946 0.015717 0.017031 0.042670 0.101534 0.206905 0.359782 0.553456 0.785540 0.969823 0.966757 0.885225 1.037092 1.364870 1.444197 1.238088 1.127717 1.106546 0.791366 0.242787 -0.069365 
-0.082908 0.002132 0.028457 0.002713 0.007216 0.024586 0.028816 0.026575 0.019735 0.014145 0.026259 0.067040 0.148039 0.278011 0.450692 0.667526 0.894850 0.992327 0.914241 0.923710 1.205686 1.451150 1.353404 1.158416 1.130831 0.995815 0.517365 0.038536 
-0.066949 -0.046335 0.027662 0.015966 0.000471 0.016514 0.028333 0.028270 0.023596 0.015816 0.017215 0.042363 0.101692 0.207284 0.358832 0.553436 0.787809 0.968841 0.963026 0.887610 1.041828 1.361170 1.439207 1.242706 1.132327 1.101532 0.787633 0.247508 
0.043534 -0.084142 -0.001100 0.029702 0.004211 0.006254 0.024227 0.029367 0.026445 0.019536 0.014401 0.026158 0.066864 0.148510 0.277702 0.449785 0.669015 0.896090 0.989076 0.912965 0.928699 1.206630 1.445022 1.353069 1.164931 1.130480 0.989656 0.518280 
0.251825 -0.064541 -0.049679 0.026537 0.018057 0.000625 0.015514 0.028606 0.028568 0.023294 0.015887 0.017361 0.042101 0.101899 0.207540 0.357904 0.553610 0.789888 0.967709 0.959648 0.889988 1.046158 1.357646 1.434578 1.247039 1.136651 1.096879 0.784076 
0.519018 0.048227 -0.085108 -0.004194 0.030684 0.005728 0.005454 0.023783 0.029865 0.026381 0.019346 0.014609 0.026055 0.066763 0.148931 0.277300 0.449041 0.670529 0.897063 0.985964 0.911960 0.933383 1.207396 1.439289 1.352791 1.171029 1.130185 0.983892 
0.780674 0.255780 -0.062146 -0.052716 0.025300 0.019971 0.000930 0.014558 0.028770 0.028886 0.023047 0.015927 0.017466 0.041892 0.102135 0.207683 0.357016 0.553941 0.791790 0.966462 0.956579 0.892352 1.050125 1.354278 1.430283 1.251108 1.140712 1.092560 
0.978487 0.519597 0.052648 -0.085843 -0.007152 0.031441 0.007242 0.004802 0.023279 0.030300 0.026378 0.019173 0.014763 0.025959 0.066729 0.149295 0.276830 0.448447 0.672043 0.897808 0.982985 0.911188 0.937793 1.208003 1.433916 1.352567 1.176742 1.129945 
1.088546 0.777415 0.259414 -0.059772 -0.055480 0.023980 0.021719 0.001357 0.013659 0.028837 0.029210 0.022859 0.015938 0.017535 0.041737 0.102386 0.207727 0.356179 0.554398 0.793528 0.965128 0.953784 0.894698 1.053769 1.351053 1.426294 1.254936 1.144532 
