0.006755 0.028431 0.068238 0.147771 0.280014 0.465785 0.678586 0.897559 0.893955 1.489303 1.966969 1.650594 1.462850 1.253390 1.243402 0.567687 -0.069674 0.033960 0.005865 0.008822 0.009968 0.009797 0.007946 0.005142 0.002501 0.000760 0.000415 -0.001213 
0.001148 0.015888 0.044868 0.101958 0.206701 0.368095 0.564749 0.817267 0.865734 1.133871 1.814706 1.856813 1.538855 1.335676 1.283471 0.973455 0.171610 -0.063100 0.041862 0.000692 0.010525 0.009991 0.009060 0.006591 0.003753 0.001406 0.000745 -0.000815 
-0.000942 0.006869 0.028032 0.068653 0.147114 0.282528 0.455755 0.706439 0.850662 0.934475 1.489713 1.923905 1.707570 1.407238 1.310339 1.200326 0.568123 -0.029118 -0.012931 0.033689 -0.001221 0.012409 0.009348 0.008000 0.005168 0.002378 0.001060 -0.000003 
-0.000966 0.001495 0.015603 0.045035 0.101254 0.209733 0.359136 0.581671 0.802405 0.857123 1.171305 1.774870 1.874290 1.536889 1.333693 1.300923 0.933626 0.209080 -0.071686 0.026982 0.017603 0.001484 0.013159 0.008217 0.006799 0.003626 0.001568 0.000660 
-0.000216 -0.000770 0.006878 0.028095 0.067756 0.149992 0.276713 0.461617 0.710840 0.828901 0.959108 1.486776 1.906029 1.723282 1.398609 1.326025 1.182437 0.565211 -0.004448 -0.034692 0.038084 0.004569 0.006644 0.012233 0.007002 0.005394 0.002352 0.001155 
0.000580 -0.001001 0.001595 0.015811 0.044042 0.103257 0.207542 0.357691 0.591776 0.788201 0.858355 1.189513 1.756818 1.875440 1.540836 1.337624 1.302049 0.915580 0.227326 -0.070436 0.012780 0.027658 0.000023 0.011026 0.010135 0.005846 0.003931 0.001580 
0.001057 -0.000281 -0.000776 0.007236 0.027324 0.068540 0.150453 0.272723 0.468795 0.708836 0.817291 0.974858 1.486304 1.893424 1.728524 1.402096 1.331241 1.169820 0.564766 0.011332 -0.046289 0.036054 0.011697 0.002696 0.012676 0.007739 0.004726 0.002715 
0.001842 0.000433 -0.001084 0.001920 0.015490 0.043840 0.104756 0.204440 0.359487 0.597124 0.777238 0.860994 1.201599 1.746283 1.871236 1.546591 1.343362 1.297820 0.905054 0.239445 -0.067773 0.001813 0.032954 0.001818 0.007952 0.011578 0.005677 0.003691 
0.002806 0.001165 -0.000502 -0.000576 0.007312 0.026713 0.069763 0.149449 0.270849 0.474820 0.705184 0.810035 0.986246 1.487268 1.882711 1.730232 1.409416 1.332923 1.159096 0.565755 0.022753 -0.053531 0.032367 0.017687 0.000852 0.011652 0.008934 0.004197 
0.003247 0.002087 0.000318 -0.001133 0.002219 0.014975 0.044262 0.105339 0.201767 0.362356 0.599879 0.768637 0.863675 1.211058 1.738892 1.865216 1.552808 1.349563 1.291776 0.897669 0.248937 -0.065063 -0.006799 0.035662 0.004690 0.005293 0.012118 0.006131 
0.004035 0.002663 0.001319 -0.000690 -0.000336 0.007155 0.026480 0.070815 0.147879 0.270367 0.479587 0.701202 0.804946 0.995321 1.488825 1.873062 1.730586 1.417887 1.333251 1.149436 0.567334 0.031863 -0.058607 0.028348 0.022427 0.000391 0.010063 0.009968 
0.006841 0.002880 0.002170 0.000277 -0.001113 0.002351 0.014546 0.044942 0.105234 0.199755 0.365465 0.601188 0.761609 0.866233 1.219061 1.733013 1.858717 1.558982 1.355720 1.285254 0.891798 0.256973 -0.062476 -0.013841 0.036929 0.007802 0.003289 0.011980 
0.010667 0.004191 0.002416 0.001407 -0.000751 -0.000169 0.006895 0.026571 0.071526 0.146198 0.270722 0.483349 0.697261 0.801112 1.003035 1.490529 1.864204 1.730402 1.426500 1.333041 1.140568 0.569060 0.039614 -0.062430 0.024371 0.026166 0.000761 0.008362 
0.011411 0.007588 0.002688 0.002089 0.000298 -0.001035 0.002316 0.014297 0.045657 0.104693 0.198345 0.368506 0.601636 0.755660 0.868700 1.226084 1.727958 1.852285 1.564914 1.361636 1.278799 0.886748 0.264029 -0.059980 -0.019806 0.037338 0.010845 0.001880 
0.006746 0.011035 0.004560 0.002152 0.001404 -0.000691 -0.000099 0.006622 0.026880 0.071899 0.144601 0.271578 0.486343 0.693460 0.798107 1.009862 1.492164 1.856014 1.730019 1.434852 1.332634 1.132366 0.570718 0.046478 -0.065427 0.020534 0.029139 0.001627 
0.000957 0.010590 0.008267 0.002668 0.001893 0.000356 -0.000925 0.002164 0.014226 0.046303 0.103895 0.197423 0.371374 0.601530 0.750498 0.871119 1.232357 1.723404 1.846144 1.570531 1.367238 1.272635 0.882199 0.270337 -0.057532 -0.024986 0.037197 0.013714 
0.002792 0.005288 0.011127 0.005047 0.001920 0.001326 -0.000555 -0.000110 0.006383 0.027311 0.071992 0.143161 0.272736 0.488745 0.689818 0.795706 1.016054 1.493635 1.848414 1.729589 1.442787 1.332179 1.124755 0.572211 0.052708 -0.067822 0.016858 0.031523 
0.016379 0.000416 0.009637 0.008835 0.002784 0.001639 0.000425 -0.000809 0.001951 0.014298 0.046839 0.102960 0.196886 0.374040 0.601047 0.745940 0.873520 1.238014 1.719191 1.840377 1.575817 1.372509 1.266845 0.877992 0.276029 -0.055104 -0.029562 0.036682 
0.033441 0.004137 0.004009 0.011007 0.005583 0.001744 0.001198 -0.000386 -0.000176 0.006202 0.027795 0.071868 0.141899 0.274077 0.490680 0.686331 0.793775 1.021754 1.494907 1.841344 1.729176 1.450255 1.331743 1.117673 0.573507 0.058446 -0.069747 0.013338 
0.035897 0.018840 0.000174 0.008625 0.009282 0.003000 0.001372 0.000485 -0.000704 0.001723 0.014472 0.047252 0.101964 0.196650 0.376504 0.600293 0.741868 0.875914 1.243145 1.715233 1.835003 1.580779 1.377456 1.261449 0.874039 0.281196 -0.052684 -0.033651 
0.009969 0.034982 0.005585 0.002908 0.010726 0.006122 0.001631 0.001043 -0.000221 -0.000273 0.006086 0.028284 0.071582 0.140814 0.275525 0.492238 0.682993 0.792226 1.027051 1.495976 1.834754 1.728809 1.457256 1.331353 1.111071 0.574599 0.063780 -0.071291 
-0.037333 0.034915 0.021105 0.000167 0.007604 0.009608 0.003281 0.001122 0.000526 -0.000622 0.001510 0.014716 0.047545 0.100955 0.196651 0.378773 0.599339 0.738204 0.878305 1.247817 1.711481 1.830014 1.585435 1.382097 1.256437 0.870291 0.285904 -0.050268 
-0.072517 0.006744 0.036212 0.007089 0.001976 0.010328 0.006632 0.001584 0.000879 -0.000081 -0.000383 0.006037 0.028748 0.071176 0.139897 0.277030 0.493484 0.679797 0.790996 1.032004 1.496852 1.828599 1.728498 1.463811 1.331018 1.104903 0.575498 0.068769 
-0.047860 -0.040665 0.033783 0.023185 0.000348 0.006604 0.009821 0.003603 0.000908 0.000541 -0.000569 0.001332 0.015004 0.047725 0.099965 0.196840 0.380858 0.598235 0.734890 0.880688 1.252084 1.707903 1.825385 1.589805 1.386453 1.251787 0.866719 0.290206 
0.073455 -0.073474 0.003655 0.037178 0.008614 0.001201 0.009845 0.007097 0.001599 0.000718 0.000020 -0.000493 0.006052 0.029168 0.070683 0.139136 0.278560 0.494467 0.676737 0.790036 1.036653 1.497550 1.822838 1.728244 1.469948 1.330742 1.099131 0.576219 
0.294148 -0.045464 -0.043690 0.032539 0.025091 0.000679 0.005645 0.009931 0.003947 0.000741 0.000528 -0.000547 0.001198 0.015318 0.047802 0.099013 0.197180 0.382771 0.597017 0.731880 0.883060 1.255990 1.704481 1.821091 1.593911 1.390545 1.247470 0.863302 
0.576782 0.077869 -0.074200 0.000699 0.037921 0.010140 0.000571 0.009300 0.007506 0.001670 0.000567 0.000077 -0.000596 0.006124 0.029535 0.070127 0.138518 0.280091 0.495226 0.673808 0.789307 1.041031 1.498089 1.817437 1.728044 1.475699 1.330519 1.093718 
0.860027 0.297767 -0.043087 -0.046445 0.031210 0.026834 0.001131 0.004737 0.009948 0.004300 0.000623 0.000488 -0.000554 0.001113 0.015642 0.047787 0.098111 0.197642 0.384523 0.595714 0.729142 0.885414 1.259573 1.701201 1.817103 1.597776 1.394396 1.243460 
