0.018217 0.069574 0.145668 0.277415 0.462989 0.676773 0.897559 0.895769 1.492100 1.969609 1.652293 1.463533 1.253508 1.243402 0.567570 -0.070357 0.032261 0.003225 0.006025 0.008155 0.009797 0.009759 0.007939 0.005141 0.002500 0.000694 0.000924 -0.003342 
0.003282 0.041013 0.102723 0.203800 0.365389 0.562286 0.816304 0.866700 1.136316 1.817559 1.859038 1.540012 1.336007 1.283496 0.973430 0.171279 -0.064257 0.039637 -0.002160 0.008081 0.009025 0.010026 0.009037 0.006585 0.003778 0.001227 0.001438 -0.002352 
-0.002542 0.018503 0.068511 0.146272 0.279291 0.453169 0.704577 0.850670 0.936287 1.492509 1.926545 1.709269 1.407922 1.310458 1.200326 0.568004 -0.029802 -0.014630 0.031050 -0.004018 0.010597 0.009347 0.009821 0.007916 0.005229 0.002161 0.001538 -0.000281 
-0.002765 0.004234 0.040418 0.101909 0.207370 0.355992 0.579414 0.801375 0.858105 1.173745 1.777723 1.876515 1.538047 1.334025 1.300949 0.933601 0.208748 -0.072844 0.024757 0.014751 -0.000959 0.012190 0.009199 0.009177 0.006664 0.003501 0.001680 0.001178 
-0.000871 -0.002134 0.018964 0.066852 0.149586 0.273501 0.458838 0.709125 0.828844 0.960941 1.489566 1.908669 1.724981 1.399293 1.326144 1.182437 0.565092 -0.005132 -0.036391 0.035445 0.001775 0.004826 0.012254 0.008756 0.008287 0.005007 0.002281 0.001761 
0.000905 -0.003000 0.005122 0.039090 0.103672 0.205581 0.354356 0.589509 0.787239 0.859288 1.191973 1.759663 1.877667 1.541994 1.337956 1.302075 0.915555 0.226993 -0.071595 0.010555 0.024809 -0.002426 0.010080 0.011069 0.008291 0.006957 0.003321 0.002003 
0.001874 -0.001361 -0.001497 0.018472 0.067151 0.150223 0.269659 0.465831 0.707196 0.817238 0.976667 1.489109 1.896057 1.730226 1.402780 1.331361 1.169820 0.564647 0.010648 -0.047990 0.033417 0.008897 0.000894 0.012674 0.009498 0.007692 0.005185 0.002331 
0.002138 0.000591 -0.002860 0.005258 0.038700 0.104938 0.202760 0.356088 0.594778 0.776351 0.861901 1.204057 1.749135 1.873458 1.547752 1.343695 1.297846 0.905028 0.239113 -0.068933 -0.000411 0.030100 -0.000623 0.007004 0.012485 0.008196 0.006637 0.003519 
0.002603 0.001723 -0.001505 -0.001208 0.018072 0.068029 0.149288 0.267949 0.471723 0.703559 0.810019 0.988027 1.490081 1.885345 1.731933 1.410103 1.333043 1.159096 0.565635 0.022067 -0.055230 0.029728 0.014888 -0.000939 0.011622 0.010729 0.007176 0.005141 
0.003763 0.002225 0.000336 -0.002678 0.005082 0.039006 0.105314 0.200289 0.358958 0.597440 0.767805 0.864580 1.213500 1.741753 1.867435 1.553970 1.349897 1.291802 0.897644 0.248603 -0.066223 -0.009022 0.032806 0.002261 0.004330 0.013023 0.008704 0.006098 
0.004906 0.002912 0.001553 -0.001524 -0.001194 0.018011 0.068821 0.147735 0.267621 0.476399 0.699560 0.804975 0.997081 1.491636 1.875701 1.732283 1.418576 1.333371 1.149437 0.567214 0.031176 -0.060305 0.025706 0.019635 -0.001401 0.010012 0.011807 0.006996 
0.005642 0.003878 0.002332 0.000175 -0.002622 0.004920 0.039607 0.105027 0.198425 0.362099 0.598661 0.760810 0.867152 1.221483 1.735881 1.860937 1.560142 1.356056 1.285280 0.891771 0.256638 -0.063635 -0.016067 0.034074 0.005380 0.002307 0.012899 0.009447 
0.007116 0.004599 0.003139 0.001483 -0.001561 -0.001310 0.018245 0.069325 0.146043 0.268114 0.480102 0.695584 0.801183 1.004785 1.493331 1.866850 1.732096 1.427189 1.333163 1.140568 0.568939 0.038927 -0.064129 0.021726 0.023382 -0.001038 0.008302 0.012548 
0.010208 0.005371 0.003846 0.002464 0.000094 -0.002711 0.004890 0.040267 0.104325 0.197125 0.365189 0.599031 0.754877 0.869641 1.228488 1.730827 1.854508 1.566071 1.361973 1.278826 0.886721 0.263694 -0.061139 -0.022034 0.034488 0.008426 0.000882 0.012352 
0.012950 0.007440 0.004299 0.003258 0.001517 -0.001658 -0.001461 0.018675 0.069530 0.144419 0.269092 0.483061 0.691740 0.798213 1.011610 1.494954 1.858666 1.731714 1.435540 1.332758 1.132366 0.570595 0.045792 -0.067128 0.017890 0.026363 -0.000183 0.006685 
0.011558 0.010887 0.005284 0.003706 0.002606 0.000063 -0.002902 0.005004 0.040873 0.103385 0.196286 0.368114 0.598860 0.749717 0.872087 1.234747 1.726270 1.848372 1.571687 1.367576 1.272663 0.882171 0.270001 -0.058692 -0.027217 0.034353 0.011294 -0.000054 
0.005233 0.013069 0.007880 0.004048 0.003286 0.001620 -0.001808 -0.001592 0.019213 0.069483 0.142945 0.270358 0.485445 0.688052 0.795839 1.017808 1.496411 1.851070 1.731285 1.443473 1.332305 1.124754 0.572088 0.052021 -0.069525 0.014216 0.028752 0.000970 
-0.000604 0.010631 0.011448 0.005344 0.003511 0.002738 0.000053 -0.003144 0.005235 0.041379 0.102322 0.195812 0.370840 0.598322 0.745152 0.874514 1.240395 1.722052 1.842611 1.576973 1.372847 1.266874 0.877963 0.275694 -0.056265 -0.031794 0.033843 0.013955 
0.002303 0.003965 0.012967 0.008369 0.003864 0.003252 0.001750 -0.001991 -0.001679 0.019792 0.069240 0.141643 0.271793 0.487375 0.684519 0.793928 1.023518 1.497671 1.844002 1.730876 1.450940 1.331869 1.117672 0.573382 0.057759 -0.071453 0.010700 0.030673 
0.016409 -0.000850 0.009644 0.011879 0.005513 0.003304 0.002848 0.000044 -0.003393 0.005548 0.041771 0.101211 0.195624 0.373364 0.597523 0.741067 0.876933 1.245520 1.718086 1.837242 1.581935 1.377794 1.261479 0.874009 0.280860 -0.053847 -0.035883 0.033064 
0.032214 0.003741 0.002878 0.012700 0.008862 0.003754 0.003181 0.001874 -0.002190 -0.001709 0.020365 0.068851 0.140516 0.273324 0.488935 0.681137 0.792393 1.028828 1.498728 1.837412 1.730513 1.457941 1.331479 1.111071 0.574474 0.063092 -0.073000 0.007335 
0.032086 0.018666 -0.000857 0.008645 0.012186 0.005756 0.003112 0.002927 0.000022 -0.003621 0.005916 0.042047 0.100098 0.195663 0.375692 0.596532 0.737384 0.879346 1.250191 1.714324 1.832256 1.586592 1.382434 1.256468 0.870262 0.285568 -0.051433 -0.039564 
0.004113 0.033442 0.005236 0.001962 0.012310 0.009329 0.003715 0.003090 0.001972 -0.002389 -0.001680 0.020905 0.068354 0.139556 0.274903 0.490190 0.677899 0.791171 1.033796 1.499594 1.831254 1.730206 1.464495 1.331145 1.104904 0.575373 0.068080 -0.074227 
-0.042894 0.030958 0.020738 -0.000674 0.007666 0.012377 0.006047 0.002955 0.002971 -0.000019 -0.003811 0.006315 0.042215 0.099012 0.195880 0.377835 0.595399 0.734048 0.881750 1.254459 1.710737 1.827631 1.590965 1.386788 1.251817 0.866690 0.289869 -0.049027 
-0.075185 0.001029 0.034406 0.006756 0.001203 0.011830 0.009754 0.003743 0.002994 0.002031 -0.002577 -0.001595 0.021396 0.067781 0.138752 0.276498 0.491188 0.674801 0.790215 1.038461 1.500284 1.825489 1.729956 1.470632 1.330867 1.099132 0.576095 0.072764 
-0.046634 -0.045917 0.029716 0.022636 -0.000338 0.006723 0.012463 0.006367 0.002842 0.002980 -0.000082 -0.003953 0.006729 0.042282 0.097973 0.196242 0.379803 0.594157 0.731016 0.884139 1.258369 1.707306 1.823338 1.595074 1.390880 1.247501 0.863274 0.293810 
0.077175 -0.075911 -0.001922 0.035145 0.008276 0.000589 0.011285 0.010127 0.003830 0.002902 0.002046 -0.002750 -0.001458 0.021827 0.067154 0.138091 0.278086 0.491965 0.671837 0.789486 1.042854 1.500817 1.820083 1.729761 1.476385 1.330644 1.093719 0.576657 
0.297427 -0.044259 -0.048669 0.028388 0.024372 0.000121 0.005831 0.012455 0.006701 0.002777 0.002957 -0.000169 -0.004044 0.007146 0.042260 0.096990 0.196720 0.381607 0.592836 0.728254 0.886508 1.261958 1.704017 1.819350 1.598943 1.394730 1.243490 0.860000 
