0.013699 0.030538 0.067766 0.145274 0.274877 0.458179 0.673503 0.870828 1.019926 0.908066 1.393409 1.796506 1.458412 1.294035 1.130718 1.167939 0.527999 -0.088166 0.024654 -0.001226 0.002444 0.006993 0.014288 0.022049 0.027085 0.027043 0.022344 0.013065 
0.011530 0.020064 0.045499 0.100506 0.203078 0.360416 0.565346 0.771456 0.980986 0.936767 1.090613 1.675407 1.668853 1.353957 1.188594 1.185299 0.917690 0.144274 -0.075782 0.034182 -0.006168 0.005348 0.010291 0.018312 0.025109 0.027670 0.025484 0.017465 
0.013338 0.013817 0.030148 0.068114 0.145123 0.274498 0.460634 0.663494 0.898648 0.972994 0.948585 1.393853 1.753472 1.515385 1.238401 1.187652 1.124866 0.528443 -0.047607 -0.022239 0.026595 -0.007599 0.009438 0.013834 0.022141 0.026953 0.027340 0.021925 
0.017315 0.011877 0.019813 0.045470 0.100801 0.202108 0.363663 0.556318 0.788389 0.966080 0.928136 1.128067 1.635609 1.686345 1.351975 1.186590 1.202745 0.877868 0.181750 -0.084368 0.019299 0.010741 -0.003688 0.013449 0.017519 0.025176 0.027797 0.025401 
0.021727 0.013498 0.013902 0.029869 0.068528 0.144070 0.277346 0.454938 0.669296 0.903047 0.951191 0.973220 1.390949 1.735625 1.531095 1.229749 1.203322 1.106979 0.525540 -0.022933 -0.044002 0.030987 -0.001804 0.003660 0.016766 0.021054 0.027267 0.027359 
0.025206 0.017282 0.012093 0.019592 0.045752 0.099963 0.203936 0.361560 0.554907 0.798448 0.951860 0.929339 1.146297 1.617593 1.687510 1.355906 1.190499 1.203865 0.859829 0.200003 -0.083118 0.005092 0.020800 -0.005162 0.011349 0.019405 0.024203 0.028237 
0.027682 0.021478 0.013678 0.013839 0.030029 0.067961 0.144815 0.277733 0.451051 0.676451 0.901008 0.939557 0.988963 1.390514 1.723050 1.536336 1.233214 1.208523 1.094363 0.525103 -0.007148 -0.055603 0.028958 0.005315 -0.000274 0.017216 0.021735 0.026698 
0.028064 0.025311 0.017199 0.012167 0.019706 0.045451 0.099892 0.205326 0.358487 0.556761 0.803749 0.940868 0.931959 1.158399 1.607097 1.683321 1.361646 1.196215 1.199630 0.849310 0.212130 -0.080455 -0.005875 0.026091 -0.003367 0.008298 0.020804 0.024060 
0.026250 0.027710 0.021500 0.013637 0.013996 0.029955 0.067483 0.146042 0.276660 0.449251 0.682480 0.897307 0.932279 1.000348 1.391510 1.712368 1.538042 1.240512 1.210190 1.083641 0.526101 0.004276 -0.062845 0.025269 0.011299 -0.002097 0.016180 0.022904 
0.024554 0.027648 0.025433 0.017151 0.012230 0.019850 0.044933 0.100423 0.205841 0.355819 0.559691 0.806470 0.932228 0.934628 1.167873 1.599744 1.677316 1.367848 1.202395 1.193579 0.841933 0.221628 -0.077745 -0.014487 0.028791 -0.000485 0.005650 0.021308 
0.023933 0.026150 0.027501 0.021602 0.013588 0.014202 0.029678 0.067342 0.147116 0.275031 0.448821 0.687264 0.893276 0.927163 1.009423 1.393098 1.702750 1.538393 1.248961 1.210503 1.073983 0.527689 0.013388 -0.067921 0.021245 0.016037 -0.002541 0.014569 
0.021143 0.025308 0.027289 0.025422 0.017173 0.012334 0.019863 0.044490 0.101192 0.205695 0.353800 0.562854 0.807755 0.925154 0.937174 1.175894 1.593901 1.670833 1.374006 1.208530 1.187050 0.836068 0.229671 -0.075156 -0.021532 0.030051 0.002639 0.003646 
0.012846 0.024639 0.026352 0.027190 0.021658 0.013641 0.014343 0.029318 0.067500 0.147855 0.273303 0.449213 0.691049 0.889289 0.923298 1.017141 1.394831 1.693922 1.538208 1.257552 1.210278 1.065116 0.529423 0.021143 -0.071744 0.017260 0.019779 -0.002158 
0.002232 0.020556 0.026096 0.027091 0.025264 0.017252 0.012480 0.019731 0.044223 0.101982 0.205129 0.352378 0.565942 0.808187 0.919158 0.939627 1.182935 1.588880 1.664418 1.379923 1.214424 1.180589 0.831025 0.236733 -0.072659 -0.027501 0.030456 0.005695 
-0.001283 0.011210 0.025021 0.026754 0.026867 0.021635 0.013795 0.014390 0.028959 0.067858 0.148261 0.271669 0.450096 0.694067 0.885446 0.920258 1.023974 1.396496 1.685761 1.537825 1.265881 1.209856 1.056917 0.531088 0.028012 -0.074742 0.013416 0.022758 
0.008576 0.001300 0.019726 0.026811 0.027058 0.025005 0.017363 0.012645 0.019497 0.044131 0.102691 0.204319 0.351444 0.568850 0.808071 0.913947 0.942031 1.189229 1.584360 1.658292 1.385526 1.220004 1.174419 0.826484 0.243048 -0.070209 -0.032687 0.030313 
0.025149 -0.000114 0.009734 0.025131 0.027265 0.026581 0.021545 0.014013 0.014360 0.028646 0.068326 0.148387 0.270201 0.451274 0.696494 0.881765 0.917819 1.030170 1.397999 1.678189 1.537395 1.273794 1.209385 1.049307 0.532590 0.034247 -0.077139 0.009733 
0.029797 0.011251 0.000748 0.018768 0.027413 0.027157 0.024699 0.017480 0.012808 0.019215 0.044180 0.103281 0.203379 0.350895 0.571550 0.807581 0.909341 0.944414 1.194908 1.580181 1.652541 1.390798 1.225254 1.168622 0.822282 0.248748 -0.067779 -0.037270 
0.006209 0.027075 0.001231 0.008441 0.025029 0.027818 0.026354 0.021410 0.014251 0.014277 0.028399 0.068838 0.148296 0.268919 0.452630 0.698452 0.878245 0.915849 1.035875 1.399303 1.671147 1.536982 1.281241 1.208933 1.042226 0.533893 0.039990 -0.079068 
-0.041365 0.029014 0.013720 0.000495 0.017756 0.027889 0.027352 0.024388 0.017586 0.012953 0.018926 0.044331 0.103741 0.202384 0.350649 0.574043 0.806823 0.905224 0.946789 1.200062 1.576257 1.647183 1.395746 1.230179 1.163219 0.818335 0.253923 -0.065357 
-0.080616 0.002836 0.028624 0.002678 0.007329 0.024769 0.028368 0.026195 0.021253 0.014479 0.014166 0.028224 0.069348 0.148041 0.267819 0.454090 0.700030 0.874875 0.914260 1.041175 1.400405 1.664585 1.536614 1.288221 1.208527 1.035625 0.534994 0.045330 
-0.062940 -0.045053 0.028034 0.015991 0.000478 0.016738 0.028240 0.027612 0.024100 0.017669 0.013070 0.018660 0.044552 0.104074 0.201380 0.350643 0.576336 0.805865 0.901516 0.949159 1.204756 1.572538 1.642208 1.400388 1.234799 1.158200 0.814594 0.258639 
0.050324 -0.081847 -0.000393 0.029860 0.004178 0.006388 0.024391 0.028886 0.026105 0.021089 0.014675 0.014044 0.028122 0.069828 0.147666 0.266893 0.455605 0.701294 0.871650 0.912991 1.046130 1.401314 1.658456 1.536303 1.294754 1.208177 1.029458 0.535902 
0.262950 -0.060532 -0.048391 0.026906 0.018075 0.000648 0.015744 0.028476 0.027911 0.023854 0.017723 0.013155 0.018434 0.044816 0.104289 0.200398 0.350826 0.578443 0.804758 0.898158 0.951521 1.209045 1.568996 1.637594 1.404745 1.239133 1.153542 0.811028 
0.536633 0.055015 -0.082807 -0.003484 0.030833 0.005700 0.005607 0.023927 0.029354 0.026081 0.020931 0.014827 0.013922 0.028087 0.070261 0.147201 0.266126 0.457143 0.702294 0.868564 0.911991 1.050781 1.402046 1.652723 1.536049 1.300871 1.207884 1.023686 
0.807618 0.266900 -0.058136 -0.051422 0.025665 0.019983 0.000970 0.014792 0.028605 0.028233 0.023658 0.017747 0.013206 0.018258 0.045106 0.104397 0.199457 0.351163 0.580374 0.803537 0.895109 0.953871 1.212973 1.565609 1.633314 1.408839 1.243205 1.149217 
1.018273 0.537204 0.059434 -0.083538 -0.006441 0.031581 0.007220 0.004973 0.023402 0.029764 0.026116 0.020784 0.014930 0.013809 0.028114 0.070637 0.146672 0.265506 0.458682 0.703067 0.865610 0.911223 1.055160 1.402618 1.647349 1.535849 1.306602 1.207646 
1.145199 0.804350 0.270527 -0.055760 -0.054181 0.024340 0.021728 0.001414 0.013893 0.028638 0.028563 0.023516 0.017741 0.013224 0.018134 0.045408 0.104409 0.198568 0.351623 0.582142 0.802231 0.892331 0.956202 1.216577 1.562363 1.629340 1.412691 1.247035 
