0.050238 0.035344 0.025592 0.032679 0.065870 0.166748 0.176736 0.958591 1.774431 1.860468 2.021173 2.012286 2.025409 1.232217 0.409311 0.328485 0.158443 0.072578 0.028412 0.009982 0.003173 0.001628 0.005227 0.015675 0.032136 0.049605 0.060967 0.060832 
0.056555 0.042810 0.029005 0.027358 0.038549 0.133216 0.121530 0.487944 1.438308 1.864751 1.936736 2.016325 2.075098 1.710126 0.747102 0.320159 0.258798 0.102505 0.047190 0.016918 0.005712 0.001851 0.002663 0.009553 0.023380 0.041178 0.056494 0.062423 
0.060842 0.050309 0.034870 0.028072 0.022618 0.093681 0.119835 0.217296 0.959069 1.731403 1.917415 1.965495 2.069189 1.982339 1.232691 0.449899 0.281600 0.186256 0.062524 0.030848 0.009530 0.003232 0.001622 0.005231 0.015683 0.032128 0.049628 0.060928 
0.062377 0.056749 0.041962 0.032180 0.018333 0.055439 0.118319 0.112931 0.525438 1.398530 1.882232 1.934717 2.014280 2.092529 1.670324 0.784612 0.311593 0.243913 0.119403 0.038141 0.020081 0.004877 0.002020 0.002637 0.009565 0.023376 0.041192 0.056488 
0.060843 0.061131 0.049286 0.037757 0.022323 0.028407 0.098054 0.098057 0.241970 0.956200 1.713562 1.933100 1.956801 2.084829 1.964456 1.229818 0.474602 0.259846 0.190641 0.068304 0.025074 0.012425 0.002201 0.001904 0.005175 0.015696 0.032131 0.049645 
0.056381 0.062702 0.055824 0.043856 0.030063 0.016882 0.065479 0.104094 0.114170 0.543707 1.380537 1.883387 1.938611 2.018148 2.093634 1.652306 0.802897 0.312862 0.229706 0.129446 0.036667 0.017955 0.006775 0.001080 0.002977 0.009474 0.023396 0.041219 
0.049527 0.061132 0.060512 0.050018 0.038191 0.018395 0.035532 0.096002 0.086440 0.257754 0.955797 1.700993 1.938314 1.960222 2.090000 1.951844 1.229412 0.490415 0.248254 0.188600 0.075417 0.021127 0.012861 0.002925 0.001282 0.005486 0.015579 0.032203 
0.041164 0.056562 0.062453 0.055690 0.045280 0.026997 0.018690 0.070760 0.093103 0.116823 0.555850 1.370062 1.879187 1.944313 2.023824 2.089385 1.641806 0.815057 0.315545 0.218736 0.134728 0.038456 0.014882 0.008199 0.000937 0.002740 0.009669 0.023338 
0.032080 0.049637 0.061154 0.060012 0.051221 0.037156 0.016568 0.041522 0.092292 0.079179 0.269181 0.956827 1.690317 1.939994 1.967478 2.091637 1.941126 1.230439 0.501868 0.241020 0.184902 0.081395 0.019284 0.011824 0.004122 0.000782 0.005525 0.015694 
0.023302 0.041127 0.056749 0.061987 0.056177 0.045811 0.024341 0.021577 0.073455 0.084467 0.119523 0.565366 1.362729 1.873171 1.950477 2.029963 2.083320 1.634449 0.824588 0.318275 0.210120 0.137421 0.041325 0.012218 0.008728 0.001418 0.002284 0.009869 
0.015867 0.031965 0.049804 0.060951 0.059867 0.052271 0.035555 0.016120 0.046264 0.088251 0.074082 0.278296 0.958448 1.680705 1.940320 1.975884 2.091919 1.931472 1.232058 0.511010 0.235951 0.180871 0.086125 0.018821 0.010221 0.005166 0.000638 0.005336 
0.009924 0.023329 0.041151 0.056792 0.061593 0.056916 0.045671 0.022336 0.024702 0.074710 0.077399 0.122100 0.573427 1.356908 1.866678 1.956597 2.036059 2.076777 1.628603 0.832664 0.320883 0.203073 0.138674 0.044432 0.010204 0.008583 0.002152 0.001899 
0.005050 0.015979 0.031962 0.049908 0.060652 0.060030 0.052988 0.033848 0.016499 0.050007 0.084251 0.070238 0.286053 0.960216 1.671883 1.940108 1.984432 2.091664 1.922608 1.233822 0.518793 0.232135 0.176881 0.089855 0.019186 0.008508 0.005879 0.000803 
0.001686 0.009824 0.023410 0.041228 0.056681 0.061371 0.057685 0.045105 0.020926 0.027755 0.075110 0.071409 0.124586 0.580508 1.351910 1.860251 1.962476 2.041912 2.070302 1.623580 0.839760 0.323399 0.197103 0.139071 0.047470 0.008785 0.008014 0.002918 
0.001174 0.004753 0.016002 0.032068 0.049923 0.060343 0.060398 0.053374 0.032228 0.017372 0.052984 0.080394 0.067219 0.292924 0.961915 1.663728 1.939699 1.992719 2.091212 1.914412 1.235517 0.525691 0.229144 0.173033 0.092820 0.020045 0.006883 0.006261 
0.003612 0.001643 0.009618 0.023521 0.041335 0.056463 0.061320 0.058381 0.044292 0.020001 0.030633 0.074961 0.066203 0.127023 0.586842 1.347412 1.854115 1.968042 2.047453 2.064117 1.619058 0.846108 0.325867 0.191918 0.138919 0.050333 0.007851 0.007196 
0.006367 0.001659 0.004494 0.015951 0.032243 0.049863 0.060073 0.060881 0.053485 0.030769 0.018542 0.055371 0.076697 0.064802 0.299160 0.963451 1.656163 1.939242 2.000589 2.090712 1.906806 1.237049 0.531953 0.226756 0.169345 0.095196 0.021201 0.005418 
0.006247 0.004193 0.001738 0.009359 0.023637 0.041446 0.056192 0.061408 0.058962 0.043348 0.019460 0.033306 0.074437 0.061601 0.129440 0.592561 1.343255 1.848353 1.973276 2.052662 2.058307 1.614876 0.851840 0.328316 0.187336 0.138392 0.052991 0.007299 
0.004134 0.006260 0.002190 0.004294 0.015850 0.032444 0.049752 0.059862 0.061409 0.053381 0.029493 0.019889 0.057292 0.073159 0.062853 0.304905 0.964789 1.649127 1.938802 2.007993 2.090230 1.899729 1.238382 0.537724 0.224836 0.165815 0.097105 0.022536 
0.007047 0.005242 0.004648 0.001932 0.009090 0.023740 0.041544 0.055912 0.061595 0.059418 0.042348 0.019218 0.035772 0.073645 0.057487 0.131849 0.597754 1.339352 1.842984 1.978187 2.057548 2.052890 1.610948 0.857047 0.330756 0.183242 0.137597 0.055443 
0.023974 0.003031 0.005991 0.002721 0.004162 0.015722 0.032637 0.049615 0.059720 0.061937 0.053116 0.028396 0.021341 0.058835 0.069772 0.061286 0.310246 0.965924 1.642571 1.938408 2.014930 2.089795 1.893131 1.239512 0.543091 0.223298 0.162436 0.098637 
0.057698 0.007032 0.004228 0.004980 0.002194 0.008841 0.023820 0.041619 0.055652 0.061849 0.059751 0.041339 0.019213 0.038041 0.072655 0.053780 0.134253 0.602488 1.335656 1.837998 1.982791 2.062128 2.047856 1.607227 0.861795 0.333192 0.179556 0.136604 
0.099856 0.025466 0.002098 0.005604 0.003223 0.004099 0.015584 0.032801 0.049468 0.059646 0.062436 0.052732 0.027471 0.022847 0.060064 0.066528 0.060037 0.315241 0.966866 1.636449 1.938071 2.021421 2.089415 1.886968 1.240449 0.548114 0.222078 0.159201 
0.135462 0.059767 0.007205 0.003235 0.005197 0.002497 0.008631 0.023871 0.041665 0.055431 0.062145 0.059969 0.040351 0.019397 0.040124 0.071516 0.050424 0.136650 0.606817 1.332135 1.833374 1.987109 2.066422 2.043184 1.603680 0.866137 0.335620 0.176220 
0.156104 0.100812 0.026982 0.001323 0.005131 0.003679 0.004100 0.015449 0.032924 0.049324 0.059637 0.062888 0.052261 0.026704 0.024376 0.061031 0.063422 0.059058 0.319933 0.967631 1.630722 1.937790 2.027495 2.089093 1.881200 1.241209 0.552832 0.221128 
0.173191 0.134208 0.061661 0.007529 0.002284 0.005309 0.002824 0.008468 0.023892 0.041680 0.055257 0.062465 0.060081 0.039405 0.019732 0.042033 0.070264 0.047375 0.139034 0.610785 1.328769 1.829083 1.991165 2.070454 2.038847 1.600289 0.870119 0.338036 
0.220408 0.153139 0.101544 0.028496 0.000693 0.004595 0.004078 0.004160 0.015323 0.033000 0.049188 0.059687 0.063284 0.051728 0.026082 0.025904 0.061773 0.060449 0.058310 0.324353 0.968237 1.625354 1.937563 2.033184 2.088825 1.875791 1.241809 0.557278 
0.340433 0.170433 0.132868 0.063393 0.007975 0.001384 0.005327 0.003161 0.008357 0.023882 0.041665 0.055135 0.062795 0.060099 0.038511 0.020189 0.043778 0.068926 0.044597 0.141399 0.614430 1.325545 1.825098 1.994979 2.074244 2.034815 1.597040 0.873777 
