0.067823 0.101583 0.160495 0.279924 0.458591 0.671284 0.866331 0.982464 1.010657 0.783807 1.203404 1.605600 1.314329 1.211079 1.095692 1.157940 0.525603 -0.089969 0.023112 -0.002217 0.000054 0.000752 0.005011 0.015628 0.032127 0.049500 0.061746 0.057597 
0.059743 0.082173 0.125720 0.211849 0.362828 0.563334 0.775897 0.930742 1.034584 0.866151 0.925540 1.477276 1.497372 1.240707 1.132300 1.165558 0.913014 0.142489 -0.077573 0.033009 -0.007502 0.001216 0.002109 0.009452 0.023398 0.040899 0.057544 0.060118 
0.058392 0.068114 0.100463 0.161547 0.279421 0.458366 0.673706 0.856287 1.010243 0.963727 0.824371 1.203887 1.562567 1.371274 1.155420 1.152621 1.114877 0.526060 -0.049402 -0.023781 0.025599 -0.009996 0.003195 0.004549 0.015781 0.031784 0.050342 0.060535 
0.059696 0.060719 0.081415 0.125716 0.212426 0.361641 0.566717 0.766805 0.947640 1.019653 0.857547 0.963042 1.437498 1.514846 1.238694 1.130280 1.183008 0.873206 0.179977 -0.086155 0.018123 0.009399 -0.007823 0.005248 0.008731 0.023291 0.041326 0.057284 
0.059940 0.058854 0.068305 0.099775 0.162249 0.278373 0.461141 0.668089 0.862010 1.014614 0.941922 0.849050 1.201023 1.544720 1.386955 1.146743 1.168287 1.097001 0.523169 -0.024721 -0.045544 0.029983 -0.004202 -0.002609 0.007540 0.014597 0.032178 0.050505 
0.056894 0.059568 0.061285 0.080931 0.125920 0.211824 0.363371 0.564634 0.765405 0.957624 1.005422 0.858771 0.981321 1.419504 1.515993 1.242595 1.134174 1.184133 0.855180 0.198239 -0.084902 0.003910 0.019458 -0.009321 0.003181 0.010592 0.022273 0.041968 
0.050857 0.059445 0.059245 0.068316 0.099657 0.161830 0.279202 0.461449 0.664246 0.869124 1.012522 0.930299 0.864831 1.200628 1.532144 1.392166 1.150182 1.173484 1.084397 0.522746 -0.008929 -0.057148 0.027955 0.002898 -0.006536 0.008011 0.015202 0.031726 
0.041925 0.056829 0.059449 0.061597 0.080877 0.125525 0.211937 0.364733 0.561538 0.767279 0.962862 0.994408 0.861422 0.993468 1.409031 1.511785 1.248304 1.139875 1.179902 0.844674 0.210378 -0.082238 -0.007057 0.024738 -0.007538 0.000160 0.011944 0.022142 
0.031388 0.050870 0.059296 0.059364 0.068529 0.099375 0.161434 0.280531 0.460317 0.662459 0.875132 1.008765 0.923029 0.876258 1.201662 1.521464 1.393844 1.157455 1.175146 1.073685 0.523757 0.002501 -0.064390 0.024261 0.008864 -0.008342 0.006966 0.016327 
0.022674 0.041596 0.056810 0.059387 0.061835 0.080899 0.124915 0.212611 0.365259 0.558833 0.770220 0.965533 0.985738 0.864123 1.002987 1.401698 1.505763 1.254474 1.146039 1.173856 0.837311 0.219886 -0.079525 -0.015669 0.027422 -0.004656 -0.002472 0.012401 
0.017336 0.031385 0.050628 0.059272 0.059444 0.068781 0.098932 0.161341 0.281709 0.458651 0.662022 0.879902 1.004681 0.917917 0.885380 1.203286 1.511847 1.394167 1.165878 1.175454 1.064038 0.525359 0.011619 -0.069463 0.020228 0.013589 -0.008768 0.005334 
0.012197 0.023478 0.041295 0.056676 0.059406 0.062078 0.080819 0.124387 0.213497 0.365143 0.556778 0.773383 0.966778 0.978631 0.866700 1.011054 1.395876 1.499264 1.260601 1.152158 1.167332 0.831460 0.227938 -0.076932 -0.022716 0.028667 -0.001526 -0.004472 
0.003585 0.018038 0.031671 0.050276 0.059229 0.059602 0.068958 0.098436 0.161527 0.282549 0.456903 0.662395 0.883672 1.000647 0.914050 0.893145 1.205056 1.503020 1.393953 1.174443 1.175224 1.055183 0.527105 0.019380 -0.073284 0.016232 0.017324 -0.008371 
-0.005891 0.011580 0.024318 0.041137 0.056414 0.059489 0.062337 0.080612 0.124041 0.214382 0.364621 0.555322 0.776461 0.967175 0.972602 0.869181 1.018144 1.390875 1.492832 1.266487 1.158036 1.160876 0.826431 0.235011 -0.074429 -0.028689 0.029059 0.001538 
-0.007488 0.001921 0.018426 0.032144 0.049910 0.059128 0.059846 0.069037 0.097962 0.161900 0.283048 0.455262 0.663252 0.886673 0.996761 0.911005 0.900023 1.206760 1.494859 1.393543 1.182747 1.174797 1.046994 0.528783 0.026257 -0.076280 0.012377 0.020301 
0.004427 -0.006833 0.010726 0.025088 0.041130 0.056064 0.059607 0.062596 0.080315 0.123876 0.215172 0.363861 0.554359 0.779351 0.967028 0.967360 0.871610 1.024487 1.386375 1.486689 1.272060 1.163600 1.154710 0.821902 0.241336 -0.071973 -0.033882 0.028905 
0.022692 -0.006316 0.000420 0.018550 0.032717 0.049579 0.058973 0.060142 0.069033 0.097549 0.162376 0.283263 0.453797 0.664401 0.889079 0.993043 0.908561 0.906264 1.208301 1.487287 1.393085 1.190633 1.174321 1.039395 0.530296 0.032500 -0.078677 0.008682 
0.028381 0.007109 -0.007399 0.009752 0.025741 0.041247 0.055677 0.059733 0.062840 0.079979 0.123858 0.215830 0.362975 0.553787 0.782028 0.966508 0.962726 0.874017 1.030216 1.382217 1.480921 1.277302 1.168833 1.148919 0.817714 0.247046 -0.069538 -0.038472 
0.005146 0.024619 -0.004971 -0.000898 0.018468 0.033323 0.049309 0.058784 0.060449 0.068973 0.097213 0.162891 0.283254 0.452525 0.665727 0.891013 0.989488 0.906586 0.912012 1.209646 1.480246 1.392644 1.198054 1.173864 1.032326 0.531612 0.038253 -0.080607 
-0.042576 0.027593 0.009583 -0.007668 0.008730 0.026267 0.041453 0.055294 0.059848 0.063055 0.079644 0.123948 0.216350 0.362036 0.553521 0.784493 0.965720 0.958583 0.876413 1.035418 1.378314 1.475545 1.282220 1.173742 1.143521 0.813780 0.252232 -0.067111 
-0.082157 0.001763 0.026170 -0.003528 -0.002032 0.018231 0.033918 0.049108 0.058580 0.060737 0.068882 0.096960 0.163400 0.283077 0.451442 0.667157 0.892563 0.986087 0.904992 0.917355 1.210788 1.473683 1.392249 1.205008 1.173453 1.025735 0.532726 0.043602 
-0.064691 -0.046272 0.026608 0.011857 -0.007703 0.007707 0.026666 0.041718 0.054942 0.059941 0.063234 0.079336 0.124111 0.216736 0.361090 0.553499 0.786755 0.964732 0.954851 0.878803 1.040161 1.374617 1.470553 1.286831 1.178345 1.138505 0.810052 0.256960 
0.048605 -0.083390 -0.001474 0.027409 -0.002033 -0.002992 0.017878 0.034475 0.048978 0.058376 0.060987 0.068776 0.096786 0.163877 0.282774 0.450536 0.668642 0.893797 0.982832 0.903718 0.922350 1.211738 1.467556 1.391909 1.211516 1.173098 1.019578 0.533647 
0.261283 -0.062279 -0.049617 0.025477 0.013942 -0.007550 0.006711 0.026946 0.042020 0.054638 0.060006 0.063373 0.079073 0.124322 0.216998 0.360165 0.553672 0.788828 0.963594 0.951473 0.881185 1.044497 1.371097 1.465922 1.291158 1.182664 1.133851 0.806499 
0.534392 0.053305 -0.084355 -0.004572 0.028384 -0.000520 -0.003790 0.017440 0.034978 0.048916 0.058182 0.061187 0.068670 0.096687 0.164304 0.282378 0.449794 0.670151 0.894763 0.979716 0.902716 0.927040 1.212510 1.461824 1.391627 1.217607 1.172800 1.013816 
0.803102 0.265246 -0.059881 -0.052656 0.024234 0.015850 -0.007246 0.005761 0.027117 0.042341 0.054389 0.060040 0.063473 0.078863 0.124563 0.217148 0.359281 0.554000 0.790724 0.962341 0.948403 0.883555 1.048472 1.367734 1.461625 1.295221 1.186719 1.129531 
1.008413 0.534977 0.057732 -0.085089 -0.007535 0.029134 0.000990 -0.004440 0.016942 0.035419 0.048914 0.058004 0.061335 0.068570 0.096655 0.164674 0.281914 0.449201 0.671661 0.895501 0.976733 0.901946 0.931457 1.213123 1.456452 1.391398 1.223313 1.172556 
1.125516 0.799847 0.268886 -0.057502 -0.055422 0.022908 0.017593 -0.006820 0.004867 0.027190 0.042669 0.054199 0.060044 0.063536 0.078707 0.124818 0.217199 0.358448 0.554455 0.792455 0.961001 0.945607 0.885905 1.052122 1.364512 1.457634 1.299042 1.190533 
