0.286935 0.393883 0.472293 0.586464 0.733788 0.886362 0.987135 0.984192 0.866353 0.674249 0.477886 0.337385 0.273765 0.265998 0.271429 0.253736 0.201596 0.129393 0.062729 0.020085 0.002981 0.000030 0.000029 0.002972 0.020038 0.062266 0.130421 0.190365 
0.234081 0.343163 0.433244 0.523585 0.657106 0.812607 0.947063 1.000553 0.938169 0.775454 0.572180 0.398267 0.296458 0.265391 0.269768 0.266856 0.231552 0.166439 0.093877 0.037903 0.008886 0.000602 -0.000022 0.000588 0.008960 0.037126 0.096059 0.158845 
0.192437 0.287576 0.391069 0.475004 0.585040 0.734345 0.886255 0.987112 0.984129 0.866330 0.674275 0.477931 0.337414 0.273767 0.265980 0.271403 0.253716 0.201594 0.129409 0.062753 0.020099 0.002976 0.000015 -0.000031 0.003176 0.019232 0.064367 0.127391 
0.157850 0.236524 0.341178 0.433346 0.524632 0.656206 0.813120 0.946885 1.000534 0.938115 0.775458 0.572220 0.398307 0.296473 0.265381 0.269744 0.266831 0.231540 0.166447 0.093899 0.037925 0.008889 0.000603 -0.000115 0.000830 0.008278 0.038286 0.095379 
0.125893 0.193651 0.287963 0.389480 0.476110 0.584996 0.734017 0.886589 0.986915 0.984121 0.866293 0.674304 0.477974 0.337443 0.273768 0.265961 0.271378 0.253697 0.201591 0.129425 0.062777 0.020108 0.002994 -0.000088 0.000168 0.002771 0.019537 0.064923 
0.094637 0.157535 0.237890 0.340144 0.433040 0.525512 0.655768 0.813182 0.947002 1.000369 0.938118 0.775444 0.572265 0.398345 0.296488 0.265371 0.269720 0.266807 0.231528 0.166454 0.093922 0.037938 0.008921 0.000517 -0.000005 0.000700 0.008086 0.039062 
0.065037 0.124977 0.194502 0.288239 0.388393 0.476664 0.585265 0.733664 0.886791 0.986866 0.984015 0.866305 0.674314 0.478025 0.337470 0.273770 0.265942 0.271352 0.253678 0.201588 0.129444 0.062792 0.020146 0.002945 -0.000068 0.000211 0.002453 0.019984 
0.039565 0.094003 0.157433 0.238818 0.339477 0.432670 0.526186 0.655599 0.813078 0.947153 1.000242 0.938073 0.775462 0.572293 0.398391 0.296501 0.265361 0.269696 0.266783 0.231516 0.166464 0.093937 0.037973 0.008912 0.000482 0.000088 0.000483 0.008122 
0.020405 0.064984 0.124352 0.195153 0.288452 0.387576 0.476965 0.585609 0.733392 0.886870 0.986893 0.983891 0.866305 0.674339 0.478064 0.337503 0.273770 0.265923 0.271326 0.253658 0.201589 0.129455 0.062820 0.020168 0.002899 -0.000006 0.000150 0.002258 
0.008255 0.039898 0.093472 0.157420 0.239511 0.338995 0.432305 0.526707 0.655578 0.812925 0.947272 1.000167 0.937996 0.775489 0.572325 0.398431 0.296518 0.265349 0.269672 0.266758 0.231506 0.166470 0.093956 0.038009 0.008886 0.000491 0.000128 0.000271 
0.002154 0.020771 0.064864 0.123897 0.195678 0.288622 0.386926 0.477132 0.585961 0.733202 0.886873 0.986946 0.983780 0.866285 0.674376 0.478100 0.337535 0.273771 0.265904 0.271300 0.253639 0.201587 0.129466 0.062855 0.020171 0.002874 0.000055 0.000039 
0.000089 0.008429 0.040121 0.093025 0.157449 0.240059 0.338623 0.431962 0.527121 0.655640 0.812768 0.947349 1.000130 0.937908 0.775510 0.572365 0.398466 0.296537 0.265338 0.269648 0.266734 0.231496 0.166473 0.093982 0.038035 0.008860 0.000523 0.000122 
-0.000093 0.002113 0.021084 0.064715 0.123551 0.196117 0.288764 0.386387 0.477220 0.586296 0.733078 0.886830 0.986999 0.983690 0.866247 0.674418 0.478138 0.337564 0.273774 0.265884 0.271274 0.253621 0.201583 0.129480 0.062890 0.020165 0.002871 0.000099 
0.000083 -0.000059 0.008617 0.040272 0.092643 0.157500 0.240509 0.338323 0.431644 0.527455 0.655750 0.812623 0.947387 1.000115 0.937820 0.775522 0.572412 0.398499 0.296554 0.265328 0.269622 0.266711 0.231485 0.166477 0.094012 0.038052 0.008842 0.000563 
0.000125 -0.000228 0.002115 0.021349 0.064557 0.123279 0.196493 0.288884 0.385929 0.477259 0.586610 0.733006 0.886762 0.987043 0.983620 0.866200 0.674459 0.478180 0.337590 0.273779 0.265864 0.271247 0.253603 0.201578 0.129499 0.062921 0.020156 0.002884 
0.000604 0.000022 -0.000177 0.008805 0.040373 0.092314 0.157563 0.240889 0.338073 0.431350 0.527729 0.655887 0.812496 0.947396 1.000112 0.937739 0.775523 0.572462 0.398534 0.296570 0.265319 0.269597 0.266688 0.231472 0.166482 0.094043 0.038062 0.008835 
0.002907 0.000132 -0.000359 0.002145 0.021574 0.064397 0.123062 0.196821 0.288987 0.385530 0.477267 0.586900 0.732972 0.886681 0.987074 0.983566 0.866148 0.674497 0.478227 0.337614 0.273782 0.265844 0.271221 0.253585 0.201572 0.129520 0.062947 0.020148 
0.008837 0.000639 -0.000053 -0.000268 0.008987 0.040440 0.092026 0.157631 0.241215 0.337858 0.431077 0.527959 0.656040 0.812389 0.947382 1.000113 0.937667 0.775516 0.572515 0.398570 0.296585 0.265311 0.269571 0.266665 0.231458 0.166489 0.094073 0.038068 
0.020144 0.002936 0.000123 -0.000482 0.002194 0.021767 0.064242 0.122884 0.197112 0.289076 0.385179 0.477254 0.587168 0.732968 0.886594 0.987090 0.983524 0.866095 0.674529 0.478277 0.337639 0.273785 0.265826 0.271196 0.253566 0.201567 0.129543 0.062968 
0.038072 0.008848 0.000667 -0.000137 -0.000336 0.009159 0.040481 0.091774 0.157703 0.241501 0.337670 0.430823 0.528153 0.656202 0.812301 0.947351 1.000114 0.937604 0.775504 0.572566 0.398609 0.296598 0.265302 0.269547 0.266641 0.231444 0.166499 0.094101 
0.062985 0.020144 0.002968 0.000101 -0.000595 0.002256 0.021932 0.064092 0.122737 0.197372 0.289155 0.384864 0.477226 0.587416 0.732987 0.886507 0.987094 0.983491 0.866044 0.674556 0.478329 0.337664 0.273787 0.265807 0.271170 0.253545 0.201563 0.129566 
0.094126 0.038075 0.008866 0.000688 -0.000224 -0.000386 0.009322 0.040504 0.091550 0.157775 0.241753 0.337504 0.430586 0.528319 0.656368 0.812229 0.947307 1.000113 0.937549 0.775488 0.572616 0.398650 0.296610 0.265293 0.269523 0.266617 0.231430 0.166511 
0.129589 0.062999 0.020150 0.003000 0.000068 -0.000698 0.002326 0.022075 0.063949 0.122614 0.197607 0.289224 0.384579 0.477188 0.587645 0.733024 0.886421 0.987085 0.983464 0.865996 0.674578 0.478383 0.337691 0.273787 0.265790 0.271144 0.253524 0.201561 
0.166524 0.094148 0.038080 0.008888 0.000701 -0.000314 -0.000422 0.009474 0.040513 0.091350 0.157848 0.241979 0.337354 0.430364 0.528462 0.656535 0.812173 0.947254 1.000109 0.937501 0.775470 0.572663 0.398694 0.296621 0.265283 0.269500 0.266592 0.231416 
0.201561 0.129611 0.063010 0.020160 0.003030 0.000028 -0.000791 0.002401 0.022199 0.063813 0.122510 0.197822 0.289286 0.384318 0.477143 0.587859 0.733074 0.886339 0.987066 0.983440 0.865952 0.674596 0.478437 0.337718 0.273786 0.265772 0.271119 0.253502 
0.231403 0.166537 0.094167 0.038086 0.008914 0.000707 -0.000402 -0.000445 0.009616 0.040512 0.091170 0.157919 0.242183 0.337218 0.430156 0.528587 0.656701 0.812130 0.947194 1.000099 0.937460 0.775452 0.572708 0.398739 0.296633 0.265273 0.269478 0.266566 
0.253480 0.201561 0.129631 0.063021 0.020174 0.003059 -0.000019 -0.000875 0.002478 0.022307 0.063684 0.122422 0.198018 0.289340 0.384079 0.477093 0.588058 0.733135 0.886262 0.987038 0.983419 0.865911 0.674612 0.478490 0.337748 0.273785 0.265755 0.271093 
0.266540 0.231391 0.166551 0.094184 0.038095 0.008942 0.000706 -0.000490 -0.000458 0.009749 0.040504 0.091008 0.157990 0.242367 0.337093 0.429959 0.528697 0.656866 0.812098 0.947130 1.000085 0.937423 0.775433 0.572750 0.398786 0.296646 0.265262 0.269455 
