0.000344 0.000898 0.003166 0.010161 0.028921 0.069034 0.174773 0.189131 0.973083 1.784656 1.857242 1.997077 1.966585 1.965721 1.171462 0.359706 0.296360 0.143001 0.068821 0.031576 0.018007 0.015568 0.016120 0.015452 0.012449 0.008040 0.003915 0.001226 
0.000576 0.000464 0.001717 0.005634 0.018480 0.038691 0.138906 0.131832 0.501909 1.451715 1.869416 1.923674 1.980980 2.021000 1.648186 0.690679 0.278974 0.235478 0.093609 0.047336 0.022608 0.016014 0.015817 0.016070 0.014218 0.010314 0.005851 0.002346 
0.001232 0.000341 0.000951 0.002726 0.012601 0.018874 0.096842 0.127867 0.229696 0.973561 1.741624 1.914183 1.941397 2.023492 1.922657 1.171942 0.400294 0.249470 0.170808 0.058764 0.034015 0.017561 0.015631 0.016114 0.015453 0.012446 0.008046 0.003908 
0.002347 0.000556 0.000629 0.000886 0.008806 0.009436 0.055593 0.124008 0.123240 0.539405 1.411935 1.886891 1.921650 1.978935 2.038437 1.608391 0.728192 0.270405 0.220587 0.110502 0.038287 0.025775 0.015185 0.015987 0.016043 0.014218 0.010317 0.005850 
0.003916 0.001173 0.000624 -0.000082 0.005628 0.006835 0.024659 0.101223 0.106091 0.254376 0.970691 1.723778 1.929861 1.932700 2.039134 1.904781 1.169074 0.424997 0.227710 0.175186 0.064541 0.028243 0.020462 0.014604 0.016397 0.015388 0.012457 0.008045 
0.005868 0.002252 0.000897 -0.000312 0.002787 0.006689 0.007969 0.065638 0.109789 0.124484 0.557678 1.393938 1.888039 1.925539 1.982803 2.039547 1.590378 0.746480 0.271671 0.206374 0.120540 0.036813 0.023655 0.017089 0.015051 0.016378 0.014122 0.010337 
0.008111 0.003796 0.001482 0.000003 0.000643 0.006070 0.002896 0.031778 0.099178 0.094478 0.270165 0.970288 1.711203 1.935069 1.936119 2.044308 1.892175 1.168673 0.440809 0.216114 0.173140 0.071652 0.024299 0.020904 0.015334 0.015775 0.015692 0.012339 
0.010276 0.005805 0.002444 0.000659 -0.000455 0.004213 0.003623 0.009765 0.070921 0.098805 0.127141 0.569825 1.383460 1.883833 1.931236 1.988480 2.035302 1.579885 0.758643 0.274351 0.195397 0.125817 0.038602 0.020586 0.018518 0.014911 0.016137 0.014312 
0.012451 0.007981 0.003908 0.001519 -0.000497 0.001841 0.005039 0.001061 0.037761 0.095475 0.087222 0.281595 0.971319 1.700522 1.936744 1.943372 2.045948 1.881463 1.169705 0.452263 0.208875 0.169435 0.077627 0.022459 0.019873 0.016537 0.015274 0.015726 
0.014509 0.010235 0.005762 0.002642 0.000202 0.000026 0.004745 0.000967 0.012642 0.073615 0.090176 0.129845 0.579343 1.376125 1.877811 1.937396 1.994619 2.029243 1.572534 0.768177 0.277079 0.186776 0.128505 0.041471 0.017927 0.019053 0.015395 0.015677 
0.015533 0.012620 0.007859 0.004076 0.001329 -0.000642 0.002886 0.003440 0.000606 0.042496 0.091438 0.082132 0.290714 0.972941 1.690905 1.937063 1.951775 2.046233 1.871815 1.171328 0.461405 0.203801 0.165398 0.082354 0.021998 0.018275 0.017586 0.015129 
0.015288 0.014560 0.010256 0.005783 0.002694 -0.000184 0.000761 0.004603 -0.001040 0.015757 0.074870 0.083115 0.132428 0.587406 1.370302 1.871311 1.943511 2.000714 2.022705 1.566695 0.776256 0.279684 0.179722 0.129753 0.044579 0.015917 0.018916 0.016132 
0.015292 0.015242 0.012728 0.007850 0.004184 0.001041 -0.000478 0.003599 0.001733 0.000980 0.046232 0.087443 0.078295 0.298475 0.974709 1.682078 1.936845 1.960321 2.045981 1.862958 1.173098 0.469188 0.199980 0.161402 0.086081 0.022366 0.016568 0.018304 
0.016900 0.015071 0.014456 0.010332 0.005857 0.002593 -0.000398 0.001527 0.004037 -0.002452 0.018803 0.075268 0.077132 0.134919 0.594490 1.365301 1.864878 1.949385 2.006568 2.016234 1.561677 0.783354 0.282197 0.173746 0.130145 0.047616 0.014503 0.018353 
0.018690 0.015662 0.014942 0.012746 0.007950 0.004202 0.000744 -0.000108 0.003983 0.000113 0.001847 0.049204 0.083589 0.075283 0.305350 0.976408 1.673919 1.936430 1.968605 2.045532 1.854768 1.174798 0.476086 0.196985 0.157548 0.089044 0.023227 0.014949 
0.017541 0.017596 0.015026 0.014246 0.010436 0.005962 0.002384 -0.000442 0.002220 0.003222 -0.003379 0.021674 0.075117 0.071932 0.137362 0.600825 1.360800 1.858736 1.954946 2.012109 2.010055 1.557161 0.789705 0.284663 0.168555 0.129988 0.050479 0.013574 
0.013491 0.018801 0.016146 0.014678 0.012689 0.008119 0.004145 0.000483 0.000377 0.004090 -0.001347 0.003011 0.051585 0.079896 0.072873 0.311590 0.977944 1.666349 1.935966 1.976472 2.045034 1.847168 1.176334 0.482348 0.194591 0.153854 0.091417 0.024386 
0.013027 0.016599 0.018178 0.015118 0.013982 0.010545 0.006071 0.002121 -0.000347 0.002801 0.002276 -0.003923 0.024340 0.074592 0.067337 0.139785 0.606546 1.356641 1.852968 1.960175 2.017318 2.004249 1.552986 0.795440 0.287109 0.163967 0.129457 0.053136 
0.025723 0.012214 0.018698 0.016677 0.014475 0.012582 0.008315 0.004039 0.000282 0.000908 0.003984 -0.002625 0.004354 0.053501 0.076361 0.070932 0.317338 0.979281 1.659309 1.935520 1.983874 2.044555 1.840097 1.177673 0.488119 0.192667 0.150318 0.093324 
0.055588 0.012780 0.015599 0.018635 0.015310 0.013708 0.010642 0.006168 0.001849 -0.000153 0.003256 0.001274 -0.004168 0.026800 0.073799 0.063229 0.142201 0.611741 1.352736 1.847593 1.965081 2.022204 1.998837 1.549065 0.800650 0.289547 0.159867 0.128657 
0.094852 0.027163 0.011116 0.018435 0.017208 0.014339 0.012448 0.008503 0.003906 0.000148 0.001439 0.003717 -0.003724 0.005801 0.055038 0.072976 0.069372 0.322684 0.980416 1.652747 1.935120 1.990808 2.044122 1.833506 1.178808 0.493487 0.191124 0.146933 
0.127659 0.057843 0.012770 0.014591 0.018969 0.015569 0.013454 0.010716 0.006242 0.001597 0.000107 0.003588 0.000262 -0.004176 0.029063 0.072807 0.059528 0.144611 0.616477 1.349036 1.842601 1.969680 2.026784 1.993809 1.545349 0.805400 0.291980 0.156175 
0.143692 0.096069 0.028659 0.010190 0.018052 0.017709 0.014272 0.012304 0.008663 0.003763 0.000083 0.001940 0.003331 -0.004652 0.007302 0.056264 0.069735 0.068131 0.327684 0.981357 1.646621 1.934777 1.997296 2.043746 1.827349 1.179750 0.498509 0.189899 
0.152833 0.126512 0.059912 0.012948 0.013605 0.019188 0.015870 0.013238 0.010761 0.006287 0.001383 0.000410 0.003806 -0.000727 -0.003996 0.031141 0.071666 0.056178 0.147015 0.620808 1.345512 1.837971 1.973994 2.031078 1.989142 1.541809 0.809746 0.294405 
0.188944 0.140589 0.097022 0.030177 0.009421 0.017583 0.018164 0.014269 0.012162 0.008781 0.003622 0.000082 0.002396 0.002858 -0.005421 0.008826 0.057226 0.066631 0.067159 0.332380 0.982122 1.640889 1.934490 2.003367 2.043426 1.821587 1.180515 0.503227 
0.296818 0.149797 0.125253 0.061806 0.013277 0.012659 0.019303 0.016194 0.013070 0.010775 0.006302 0.001217 0.000736 0.003918 -0.001676 -0.003664 0.033044 0.070413 0.053134 0.149405 0.624778 1.342144 1.833674 1.978044 2.035110 1.984809 1.538424 0.813730 
0.507673 0.188220 0.137618 0.097751 0.031694 0.008797 0.017051 0.018564 0.014325 0.012030 0.008853 0.003491 0.000140 0.002795 0.002324 -0.006046 0.010349 0.057963 0.063660 0.066417 0.336805 0.982727 1.635516 1.934257 2.009053 2.043161 1.816185 1.181120 
0.817391 0.299212 0.147034 0.123908 0.063538 0.013729 0.011765 0.019323 0.016529 0.012954 0.010759 0.006286 0.001102 0.001072 0.003936 -0.002573 -0.003211 0.034784 0.069074 0.050361 0.151777 0.628426 1.338917 1.829683 1.981854 2.038900 1.980782 1.535181 
