0.108346 0.088199 0.057162 0.028000 0.009790 0.004487 0.009988 0.025240 0.090374 0.056018 0.802656 1.613108 1.737983 1.979545 2.071016 2.170498 1.423439 0.600915 0.488238 0.273753 0.145269 0.067581 0.028990 0.018881 0.030949 0.058000 0.088408 0.108385 
0.111121 0.100378 0.073237 0.041628 0.017252 0.005531 0.007023 0.009270 0.076607 0.023103 0.347155 1.274768 1.716976 1.850415 2.024479 2.180773 1.884186 0.943707 0.498623 0.396820 0.195694 0.101689 0.044083 0.020826 0.022512 0.043227 0.073663 0.100476 
0.108375 0.108336 0.088197 0.057162 0.028072 0.009350 0.006930 -0.000064 0.053047 0.043465 0.096571 0.803121 1.570082 1.794956 1.923892 2.127912 2.127394 1.423892 0.641516 0.441381 0.301577 0.135203 0.070001 0.028534 0.018950 0.030957 0.058008 0.088407 
0.100469 0.111109 0.100374 0.073211 0.041806 0.016431 0.008703 -0.002021 0.026168 0.061708 0.014504 0.384637 1.234983 1.734472 1.848424 2.022444 2.198180 1.844351 0.981213 0.490081 0.381957 0.212590 0.092623 0.047234 0.019995 0.022694 0.043211 0.073669 
0.088416 0.108362 0.108338 0.088132 0.057450 0.027053 0.012256 0.001163 0.005719 0.057425 0.021685 0.121239 0.800239 1.552243 1.810665 1.915221 2.143544 2.109477 1.420997 0.666232 0.419653 0.305972 0.140971 0.064210 0.031426 0.017929 0.031252 0.057954 
0.073578 0.100481 0.111116 0.100273 0.073550 0.040877 0.018341 0.006586 -0.003490 0.036210 0.047486 0.015740 0.402895 1.216981 1.735641 1.852347 2.026322 2.199261 1.826300 0.999494 0.491374 0.367772 0.222631 0.091132 0.045098 0.021898 0.021768 0.043559 
0.058268 0.088295 0.108417 0.108209 0.088435 0.056833 0.027790 0.012703 -0.002777 0.012835 0.055378 0.010069 0.137017 0.799824 1.539675 1.815904 1.918666 2.148706 2.096832 1.420570 0.682057 0.408089 0.303942 0.148072 0.060246 0.031858 0.018664 0.030643 
0.043331 0.073772 0.100412 0.111043 0.100457 0.073311 0.040745 0.019778 0.003521 -0.001696 0.041491 0.036500 0.018390 0.415028 1.206498 1.731456 1.858078 2.032008 2.194987 1.815768 1.011650 0.494081 0.356823 0.227910 0.092903 0.042012 0.023326 0.021639 
0.030155 0.058311 0.088405 0.108276 0.108311 0.088467 0.056338 0.029000 0.011677 -0.004614 0.018816 0.051673 0.002810 0.148435 0.800842 1.529001 1.817610 1.925945 2.150335 2.086080 1.421576 0.693522 0.400881 0.300254 0.154037 0.058387 0.030817 0.019872 
0.022133 0.042883 0.073972 0.100363 0.110990 0.100648 0.072854 0.041235 0.020320 0.000866 0.001178 0.044183 0.027869 0.021087 0.424532 1.199158 1.725454 1.864271 2.038157 2.188897 1.808378 1.021176 0.496835 0.348229 0.230602 0.095755 0.039336 0.023859 
0.020927 0.030023 0.058127 0.088571 0.108144 0.108470 0.088273 0.056199 0.030057 0.010085 -0.005070 0.023548 0.047635 -0.002284 0.157543 0.802452 1.519391 1.817960 1.934374 2.150609 2.076393 1.423173 0.702676 0.395839 0.296234 0.158755 0.057907 0.029210 
0.023720 0.022881 0.042508 0.074027 0.100377 0.111000 0.100693 0.072468 0.041980 0.020188 -0.001139 0.004290 0.045436 0.020806 0.023662 0.432581 1.193330 1.718975 1.870419 2.044262 2.182331 1.802501 1.029247 0.499466 0.341203 0.231853 0.098845 0.037311 
0.027494 0.021650 0.030200 0.057846 0.088677 0.108125 0.108568 0.087981 0.056368 0.030782 0.008384 -0.004698 0.027281 0.043638 -0.006126 0.165292 0.804208 1.510572 1.817773 1.942945 2.150346 2.067497 1.424916 0.710471 0.392050 0.292255 0.162473 0.058255 
0.035880 0.023155 0.023660 0.042304 0.073928 0.100445 0.111064 0.100583 0.072254 0.042755 0.019632 -0.002548 0.007333 0.045832 0.014821 0.026145 0.439651 1.188325 1.712563 1.876326 2.050125 2.175831 1.797446 1.036338 0.502005 0.335255 0.232248 0.101866 
0.059097 0.025865 0.022043 0.030584 0.057555 0.088692 0.108215 0.108576 0.087679 0.056744 0.031177 0.006770 -0.003832 0.030250 0.039783 -0.009142 0.172155 0.805895 1.502420 1.817388 1.951254 2.149886 2.059268 1.426590 0.717380 0.389086 0.288417 0.165427 
0.104711 0.034934 0.022341 0.024367 0.042271 0.073721 0.100542 0.111157 0.100366 0.072211 0.043459 0.018827 -0.003473 0.010201 0.045679 0.009620 0.028580 0.445972 1.183820 1.706442 1.881919 2.055675 2.169623 1.792892 1.042681 0.504497 0.330091 0.232095 
0.167791 0.060236 0.024396 0.022159 0.031082 0.057301 0.088633 0.108375 0.108510 0.087414 0.057234 0.031295 0.005317 -0.002669 0.032628 0.036088 -0.011556 0.178383 0.807419 1.494858 1.816955 1.959147 2.149378 2.051629 1.428101 0.723654 0.386724 0.284741 
0.231567 0.107352 0.034371 0.021397 0.024960 0.042376 0.073460 0.100645 0.111256 0.100096 0.072306 0.044048 0.017891 -0.004016 0.012864 0.045152 0.005022 0.030995 0.451679 1.179656 1.700694 1.887181 2.060893 2.163789 1.788679 1.048409 0.506968 0.325531 
0.281222 0.169689 0.061553 0.023109 0.022062 0.031626 0.057106 0.088524 0.108560 0.108393 0.087209 0.057771 0.031200 0.004044 -0.001327 0.034541 0.032552 -0.013502 0.184119 0.808745 1.487826 1.816539 1.966573 2.148888 2.044520 1.429413 0.729436 0.384830 
0.321459 0.230771 0.109787 0.034108 0.020395 0.025428 0.042581 0.073190 0.100735 0.111342 0.099815 0.072501 0.044513 0.016898 -0.004258 0.015321 0.044356 0.000912 0.033402 0.456860 1.175748 1.695340 1.892119 2.065788 2.158348 1.784721 1.053610 0.509431 
0.383318 0.277854 0.171209 0.062975 0.022002 0.021803 0.032170 0.056980 0.088388 0.108739 0.108250 0.087071 0.058308 0.030943 0.002952 0.000118 0.036075 0.029165 -0.015066 0.189452 0.809868 1.481273 1.816170 1.973532 2.148444 2.037890 1.430523 0.734815 
0.511889 0.317794 0.229777 0.112024 0.034081 0.019385 0.025773 0.042852 0.072940 0.100802 0.111405 0.099555 0.072763 0.044855 0.015896 -0.004264 0.017582 0.043362 -0.002790 0.035805 0.461582 1.172045 1.690370 1.896750 2.070376 2.153292 1.780968 1.058353 
0.739848 0.382124 0.274630 0.172417 0.064451 0.021065 0.021426 0.032685 0.056921 0.088242 0.108888 0.108096 0.087002 0.058815 0.030568 0.002031 0.001618 0.037298 0.025923 -0.016312 0.194440 0.810798 1.475155 1.815856 1.980044 2.148057 2.031695 1.431439 
1.062690 0.514340 0.314480 0.228634 0.114076 0.034242 0.018397 0.026004 0.043166 0.072728 0.100840 0.111438 0.099334 0.073066 0.045081 0.014916 -0.004081 0.019656 0.042219 -0.006143 0.038199 0.465899 1.168517 1.685760 1.901096 2.074679 2.148597 1.777391 
1.432178 0.744577 0.381200 0.271544 0.173361 0.065949 0.020286 0.020963 0.033154 0.056927 0.088099 0.108997 0.107945 0.086998 0.059276 0.030106 0.001267 0.003141 0.038257 0.022818 -0.017289 0.199124 0.811551 1.469431 1.815599 1.986139 2.147726 2.025896 
1.773970 1.066667 0.516777 0.311472 0.227378 0.115954 0.034555 0.017449 0.026129 0.043503 0.072563 0.100847 0.111442 0.099160 0.073393 0.045203 0.013976 -0.003748 0.021557 0.040964 -0.009189 0.040581 0.469855 1.165145 1.681485 1.905178 2.078719 2.144236 
2.020456 1.432758 0.749034 0.380506 0.268591 0.174081 0.067447 0.019652 0.020437 0.033566 0.056992 0.087964 0.109059 0.107803 0.087052 0.059681 0.029582 0.000648 0.004663 0.038992 0.019846 -0.018035 0.203536 0.812145 1.464067 1.815397 1.991849 2.147451 
2.140181 1.770690 1.070320 0.519196 0.308735 0.226038 0.117669 0.034989 0.016553 0.026160 0.043851 0.072451 0.100824 0.111415 0.099037 0.073731 0.045230 0.013089 -0.003292 0.023294 0.039623 -0.011963 0.042945 0.473488 1.161915 1.677515 1.909019 2.082518 
