0.029873 -0.069590 0.567438 1.243417 1.253632 1.464367 1.654895 1.974959 1.500361 0.905917 0.907707 0.685034 0.468339 0.279976 0.146892 0.067811 0.027671 0.009977 0.003409 0.002520 0.005320 0.010537 0.016207 0.019900 0.019899 0.016157 0.010787 0.001448 
0.036648 -0.064904 0.171890 0.973215 1.283569 1.336370 1.541587 1.862928 1.824417 1.145718 0.877107 0.825704 0.569163 0.369139 0.206002 0.101383 0.043977 0.016878 0.005760 0.002425 0.003532 0.007730 0.013469 0.018438 0.020428 0.018219 0.014884 -0.000811 
0.029542 -0.016904 -0.029423 0.568240 1.200144 1.310648 1.408741 1.711875 1.931895 1.500770 0.946435 0.860809 0.712884 0.458325 0.282426 0.146432 0.067858 0.027659 0.009978 0.003412 0.002523 0.005323 0.010540 0.016194 0.019991 0.019325 0.018898 0.000325 
0.015949 0.022111 -0.073746 0.209365 0.933527 1.300891 1.334451 1.539601 1.880411 1.784580 1.183150 0.868496 0.810837 0.586106 0.360118 0.209164 0.100537 0.044136 0.016848 0.005766 0.002428 0.003534 0.007737 0.013431 0.018644 0.019493 0.021542 0.005758 
0.005907 0.034096 -0.038595 -0.004968 0.565472 1.182247 1.326281 1.400156 1.727568 1.914026 1.497830 0.971069 0.839041 0.717306 0.464146 0.276665 0.149318 0.066815 0.027935 0.009916 0.003426 0.002522 0.005340 0.010466 0.016508 0.018903 0.022256 0.013212 
0.004195 0.025951 0.008101 -0.072625 0.227564 0.915597 1.301952 1.338385 1.543569 1.881548 1.766533 1.201356 0.869720 0.796646 0.596195 0.358673 0.207039 0.102422 0.043187 0.017182 0.005673 0.002448 0.003558 0.007633 0.013786 0.017690 0.021359 0.019526 
0.009290 0.012901 0.032179 -0.050142 0.010668 0.565096 1.169662 1.331442 1.403669 1.732812 1.901414 1.497364 0.986810 0.827437 0.715303 0.471300 0.272731 0.149745 0.067528 0.027306 0.010223 0.003309 0.002593 0.005217 0.010778 0.015895 0.019583 0.022750 
0.016525 0.005907 0.031224 -0.002733 -0.070042 0.239631 0.905156 1.297695 1.344104 1.549348 1.877335 1.755999 1.213441 0.872356 0.785692 0.601520 0.360490 0.203965 0.103834 0.043035 0.016940 0.005866 0.002391 0.003497 0.007823 0.013563 0.017519 0.022783 
0.021768 0.007448 0.018801 0.028578 -0.057342 0.021982 0.566120 1.158980 1.333082 1.410999 1.734531 1.890694 1.498330 0.998194 0.820188 0.711642 0.477318 0.270902 0.148700 0.068713 0.026799 0.010258 0.003424 0.002466 0.005325 0.010826 0.015389 0.020751 
0.023327 0.013910 0.008711 0.033922 -0.011244 -0.067387 0.249070 0.897837 1.291642 1.350279 1.555584 1.871314 1.748604 1.222899 0.875039 0.777093 0.604259 0.363387 0.201302 0.104351 0.043506 0.016478 0.006065 0.002354 0.003453 0.008025 0.013114 0.017971 
0.021779 0.020214 0.006975 0.023476 0.024627 -0.062384 0.031008 0.567717 1.149362 1.333378 1.419470 1.734899 1.881039 1.499884 1.007269 0.815104 0.707647 0.482089 0.270452 0.147088 0.069745 0.026647 0.010066 0.003597 0.002346 0.005493 0.010647 0.015231 
0.018681 0.023204 0.011929 0.011765 0.035187 -0.018207 -0.064840 0.257059 0.892015 1.285123 1.356411 1.561771 1.864820 1.742719 1.230900 0.877601 0.770060 0.605557 0.366524 0.199288 0.104194 0.044231 0.016087 0.006119 0.002378 0.003472 0.008084 0.012730 
0.015379 0.022484 0.018544 0.007326 0.027166 0.020707 -0.066179 0.038691 0.569449 1.140532 1.333147 1.428076 1.734729 1.872179 1.501582 1.014986 0.811272 0.703694 0.485860 0.270831 0.145367 0.070446 0.026804 0.009777 0.003709 0.002336 0.005602 0.010368 
0.012514 0.019426 0.022658 0.010534 0.014758 0.035600 -0.024107 -0.062376 0.264071 0.887004 1.278677 1.362303 1.567711 1.858396 1.737657 1.237922 0.880073 0.764105 0.605999 0.369591 0.197869 0.103613 0.044987 0.015868 0.006020 0.002456 0.003545 0.007991 
0.010077 0.015733 0.022864 0.016955 0.008169 0.030103 0.016920 -0.069151 0.045499 0.571107 1.132367 1.332725 1.436417 1.734360 1.863988 1.503211 1.021817 0.808267 0.699881 0.488867 0.271704 0.143733 0.070816 0.027167 0.009478 0.003731 0.002435 0.005624 
0.007790 0.012465 0.020103 0.021864 0.009617 0.017583 0.035466 -0.029232 -0.059953 0.270339 0.882486 1.272526 1.367884 1.573333 1.852264 1.733097 1.244193 0.882498 0.758934 0.605891 0.372482 0.196936 0.102783 0.045670 0.015821 0.005813 0.002562 0.003650 
0.005573 0.009820 0.016201 0.022973 0.015521 0.009308 0.032457 0.013288 -0.071524 0.051680 0.572598 1.124787 1.332260 1.444340 1.733940 1.856389 1.504676 1.028012 0.805864 0.696229 0.491284 0.272874 0.142260 0.070910 0.027644 0.009217 0.003678 0.002604 
0.003761 0.007535 0.012552 0.020671 0.020938 0.009077 0.020208 0.034958 -0.033760 -0.057546 0.275995 0.878302 1.266750 1.373137 1.578621 1.846506 1.728878 1.249849 0.884902 0.754367 0.605409 0.375169 0.196385 0.101822 0.046240 0.015912 0.005553 0.002672 
0.002800 0.005473 0.009621 0.016717 0.022870 0.014264 0.010626 0.034350 0.009809 -0.073431 0.057375 0.573887 1.117735 1.331817 1.451796 1.733537 1.849321 1.505942 1.033716 0.803931 0.692734 0.493234 0.274223 0.140968 0.070790 0.028168 0.009016 0.003574 
0.002769 0.003861 0.007270 0.012737 0.021116 0.019955 0.008833 0.022632 0.034184 -0.037807 -0.055143 0.281128 0.874369 1.261369 1.378069 1.583582 1.841141 1.724916 1.254979 0.887299 0.750287 0.604658 0.377651 0.196134 0.100804 0.046684 0.016102 0.005283 
0.003442 0.002989 0.005346 0.009488 0.017234 0.022609 0.013183 0.012048 0.035870 0.006476 -0.074958 0.062672 0.574972 1.111159 1.331424 1.458785 1.733178 1.842733 1.507007 1.039015 0.802379 0.689390 0.494807 0.275675 0.139857 0.070509 0.028692 0.008883 
0.005032 0.002843 0.003938 0.007023 0.012988 0.021441 0.018962 0.008823 0.024863 0.033211 -0.041450 -0.052743 0.285805 0.870638 1.256372 1.382697 1.588236 1.836160 1.721161 1.259650 0.889690 0.746616 0.603709 0.379935 0.196120 0.099778 0.047005 0.016360 
0.008818 0.003300 0.003149 0.005210 0.009422 0.017723 0.022229 0.012270 0.013526 0.037081 0.003284 -0.076168 0.067628 0.575863 1.105015 1.331089 1.465328 1.732873 1.836581 1.507878 1.043969 0.801145 0.686190 0.496067 0.277183 0.138916 0.070109 0.029187 
0.016660 0.004820 0.002889 0.003988 0.006814 0.013282 0.021652 0.017989 0.009000 0.026911 0.032090 -0.044747 -0.050348 0.290079 0.867079 1.251737 1.387042 1.592602 1.831539 1.717582 1.263915 0.892074 0.743294 0.602610 0.382034 0.196295 0.098772 0.047212 
0.029635 0.008817 0.003160 0.003270 0.005076 0.009419 0.018166 0.021765 0.011512 0.015027 0.038032 0.000227 -0.077110 0.072284 0.576576 1.099263 1.330813 1.471455 1.732623 1.830824 1.508574 1.048619 0.800180 0.683127 0.497063 0.278714 0.138133 0.069622 
0.047313 0.016984 0.004655 0.002904 0.004007 0.006652 0.013598 0.021761 0.017056 0.009326 0.028788 0.030856 -0.047741 -0.047964 0.293993 0.863673 1.247436 1.391125 1.596705 1.827251 1.714159 1.267819 0.894444 0.740279 0.601399 0.383958 0.196621 0.097808 
0.069072 0.030028 0.008875 0.003029 0.003344 0.004950 0.009473 0.018555 0.021238 0.010897 0.016528 0.038760 -0.002699 -0.077823 0.076669 0.577128 1.093870 1.330593 1.477197 1.732426 1.825427 1.509110 1.052996 0.799447 0.680198 0.497835 0.280244 0.137495 
0.096895 0.047320 0.017318 0.004541 0.002889 0.003997 0.006540 0.013925 0.021776 0.016173 0.009773 0.030504 0.029537 -0.050466 -0.045598 0.297587 0.860407 1.243440 1.394969 1.600566 1.823269 1.710879 1.271401 0.896796 0.737536 0.600102 0.385720 0.197069 
