0.043176 0.147683 0.295495 0.360800 1.174364 1.970815 1.972477 2.001083 1.856877 1.779220 0.964194 0.179816 0.167730 0.065274 0.027670 0.009976 0.003313 0.001874 0.003304 0.006393 0.009808 0.012039 0.012038 0.009799 0.006346 0.002841 0.002902 -0.007918 
0.009316 0.085587 0.239846 0.277794 0.692870 1.652197 2.026778 1.986293 1.925723 1.866453 1.444227 0.492408 0.123402 0.133505 0.036358 0.017924 0.005630 0.002146 0.002313 0.004717 0.008156 0.011156 0.012346 0.011142 0.008230 0.003940 0.004501 -0.005565 
-0.003399 0.033792 0.172709 0.251316 0.399922 1.175347 1.927632 2.029403 1.945398 1.913818 1.736189 0.964674 0.220382 0.120825 0.093081 0.017620 0.012419 0.002867 0.001937 0.003300 0.006394 0.009807 0.012043 0.011997 0.010007 0.005520 0.004980 -0.000591 
-0.003398 0.002731 0.100532 0.225079 0.270251 0.729429 1.612877 2.044053 1.984286 1.923689 1.883930 1.404448 0.529906 0.114811 0.118606 0.053257 0.008881 0.008799 0.001316 0.002484 0.004691 0.008157 0.011170 0.012274 0.011400 0.007515 0.005248 0.002969 
0.000796 -0.007948 0.039990 0.175532 0.230664 0.424540 1.172098 1.910077 2.044892 1.936751 1.929482 1.718347 0.961805 0.245064 0.099048 0.097459 0.023404 0.006652 0.005768 0.000910 0.003584 0.006327 0.009841 0.011956 0.012227 0.009545 0.006094 0.004485 
0.004108 -0.005839 0.002647 0.109574 0.210580 0.272375 0.747225 1.594889 2.045298 1.988047 1.927626 1.885062 1.386458 0.548180 0.116056 0.104385 0.063300 0.007414 0.006681 0.003219 0.001549 0.005020 0.008089 0.011115 0.012424 0.011189 0.007655 0.005066 
0.005303 0.000305 -0.011033 0.047410 0.172432 0.219622 0.440579 1.171292 1.897660 2.050059 1.940122 1.934724 1.705758 0.961410 0.260853 0.087436 0.095412 0.030522 0.002712 0.006209 0.001642 0.002954 0.006657 0.009678 0.012061 0.012171 0.009538 0.005903 
0.005408 0.004880 -0.009016 0.005385 0.114220 0.199254 0.275707 0.759166 1.584254 2.041222 1.993654 1.933323 1.880871 1.375970 0.560334 0.118712 0.093400 0.068581 0.009209 0.003612 0.004651 0.001402 0.004795 0.008267 0.011031 0.012475 0.011177 0.007445 
0.005809 0.006428 -0.001368 -0.012214 0.053630 0.167944 0.212685 0.452335 1.172001 1.887016 2.051767 1.947308 1.936421 1.695077 0.962438 0.272288 0.080178 0.091707 0.036504 0.000875 0.005181 0.002839 0.002459 0.006699 0.009748 0.012011 0.012241 0.009382 
0.007114 0.006202 0.004861 -0.011693 0.008969 0.116464 0.190289 0.278934 0.768625 1.576713 2.035298 1.999775 1.939450 1.874873 1.368629 0.569854 0.121419 0.084769 0.071275 0.012083 0.000957 0.005184 0.001884 0.004352 0.008432 0.011011 0.012495 0.011176 
0.009091 0.006017 0.007332 -0.003437 -0.012141 0.058560 0.163290 0.207779 0.461786 1.173382 1.877358 2.052147 1.955658 1.936743 1.685473 0.964053 0.281412 0.075088 0.087669 0.041238 0.000419 0.003584 0.003882 0.002327 0.006497 0.009897 0.011969 0.012318 
0.011059 0.006895 0.007140 0.004252 -0.013679 0.012647 0.117378 0.182913 0.281930 0.776713 1.570680 2.028853 2.005889 1.945522 1.868392 1.362807 0.577915 0.124005 0.077706 0.072528 0.015197 -0.001049 0.005041 0.002625 0.003971 0.008453 0.011077 0.012531 
0.012313 0.008765 0.006478 0.007876 -0.005506 -0.011325 0.062462 0.158789 0.204046 0.469863 1.174976 1.868447 2.051990 1.964171 1.936510 1.676665 0.965817 0.289174 0.071252 0.083671 0.044972 0.000793 0.001876 0.004598 0.002503 0.006188 0.010006 0.012023 
0.012589 0.010821 0.006862 0.008038 0.003284 -0.015047 0.016158 0.117507 0.176639 0.284755 0.783868 1.565481 2.022438 2.011785 1.951353 1.861968 1.357815 0.584994 0.126499 0.071722 0.072923 0.018243 -0.002461 0.004473 0.003402 0.003752 0.008327 0.011206 
0.012168 0.012215 0.008472 0.007099 0.008079 -0.007413 -0.010079 0.065578 0.154509 0.201091 0.477032 1.176552 1.860177 2.051627 1.972442 1.936070 1.668522 0.967516 0.296047 0.068242 0.079815 0.047942 0.001660 0.000253 0.004986 0.002882 0.005865 0.010041 
0.011364 0.012654 0.010507 0.007000 0.008813 0.002120 -0.015919 0.019422 0.117137 0.171174 0.287473 0.790303 1.560801 2.016284 2.017378 1.956877 1.855825 1.353328 0.591325 0.128943 0.066523 0.072769 0.021113 -0.003390 0.003659 0.004108 0.003698 0.008104 
0.010012 0.012364 0.012047 0.008245 0.007795 0.008006 -0.009105 -0.008584 0.068087 0.150450 0.198705 0.483542 1.178003 1.852483 2.051202 1.980313 1.935577 1.660966 0.969056 0.302284 0.065834 0.076120 0.050322 0.002824 -0.001209 0.005102 0.003370 0.005581 
0.007838 0.011522 0.012709 0.010166 0.007270 0.009440 0.000866 -0.016403 0.022428 0.116429 0.166333 0.290126 0.796138 1.556482 2.010481 2.022645 1.962079 1.850048 1.349183 0.597044 0.131366 0.061928 0.072242 0.023778 -0.003937 0.002715 0.004698 0.003776 
0.005361 0.009939 0.012570 0.011837 0.008097 0.008504 0.007722 -0.010577 -0.006948 0.070116 0.146596 0.196767 0.489539 1.179287 1.845315 2.050780 1.987729 1.935101 1.653934 0.970402 0.308028 0.063894 0.072583 0.052235 0.004165 -0.002489 0.005005 0.003899 
0.003953 0.007571 0.011660 0.012744 0.009837 0.007630 0.009917 -0.000409 -0.016584 0.025188 0.115479 0.162000 0.292735 0.801457 1.552437 2.005054 2.027588 1.966965 1.844659 1.345292 0.602239 0.133779 0.057820 0.071447 0.026237 -0.004184 0.001717 0.005162 
0.004425 0.005213 0.009841 0.012755 0.011609 0.008028 0.009186 0.007283 -0.011838 -0.005239 0.071756 0.142929 0.195196 0.495113 1.180390 1.838624 2.050392 1.994687 1.934673 1.647377 0.971546 0.313371 0.062333 0.069198 0.053772 0.005609 -0.003588 0.004748 
0.005500 0.004196 0.007330 0.011768 0.012752 0.009547 0.008047 0.010253 -0.001665 -0.016526 0.027718 0.114352 0.158090 0.295312 0.806321 1.548613 1.999999 2.032222 1.971554 1.839650 1.341604 0.606978 0.136186 0.054120 0.070454 0.028498 -0.004195 0.000712 
0.004372 0.004918 0.005138 0.009734 0.012902 0.011382 0.008036 0.009817 0.006733 -0.012904 -0.003499 0.073075 0.139436 0.193933 0.500323 1.181318 1.832371 2.050048 2.001204 1.934304 1.641249 0.972499 0.318369 0.061090 0.065957 0.054995 0.007107 -0.004514 
-0.000270 0.005719 0.004483 0.007132 0.011838 0.012729 0.009310 0.008496 0.010460 -0.002875 -0.016281 0.030035 0.113092 0.154546 0.297858 0.810781 1.544981 1.995296 2.036567 1.975864 1.835000 1.338090 0.611315 0.138586 0.050769 0.069313 0.030573 -0.004017 
-0.005282 0.003908 0.005363 0.005132 0.009628 0.012999 0.011167 0.008114 0.010381 0.006102 -0.013793 -0.001758 0.074123 0.136105 0.192933 0.505213 1.182082 1.826515 2.049750 2.007308 1.933996 1.635512 0.973275 0.323065 0.060115 0.062854 0.055956 0.008627 
-0.003688 -0.001211 0.005831 0.004795 0.006986 0.011872 0.012675 0.009133 0.008959 0.010552 -0.004024 -0.015885 0.032156 0.111733 0.151321 0.300373 0.814879 1.541517 1.990920 2.040645 1.979918 1.830684 1.334729 0.615292 0.140973 0.047724 0.068060 0.032473 
0.010146 -0.005903 0.003380 0.005751 0.005190 0.009529 0.013043 0.010970 0.008252 0.010874 0.005417 -0.014522 -0.000035 0.074940 0.132928 0.192159 0.509817 1.182699 1.821024 2.049498 2.013028 1.933746 1.630132 0.973892 0.327490 0.059371 0.059884 0.056692 
0.034209 -0.003235 -0.002099 0.005847 0.005119 0.006893 0.011868 0.012593 0.009017 0.009422 0.010542 -0.005103 -0.015369 0.034095 0.110301 0.148380 0.302854 0.818653 1.538207 1.986845 2.044476 1.983735 1.826673 1.331508 0.618947 0.143342 0.044951 0.066722 
