0.000244 0.000029 0.000066 0.000478 0.002254 0.007250 0.018343 0.537288 1.087173 1.161395 1.287354 1.464333 1.697955 1.357984 0.969404 0.976855 0.869235 0.674065 0.457435 0.278836 0.154293 0.081088 0.043670 0.025558 0.015645 0.008903 0.004132 0.001350 
0.000686 0.000110 0.000043 0.000225 0.001195 0.004350 0.012035 0.214334 0.867821 1.124284 1.217907 1.369466 1.603266 1.570466 1.121198 0.973129 0.936497 0.782594 0.563679 0.361379 0.210148 0.113217 0.059966 0.033589 0.020205 0.012027 0.006269 0.002531 
0.001450 0.000334 0.000068 0.000111 0.000612 0.002500 0.007626 0.088858 0.534307 1.016408 1.171095 1.286444 1.505311 1.590966 1.360240 1.033234 0.954813 0.874205 0.679186 0.456145 0.278975 0.156223 0.083233 0.045154 0.026247 0.015814 0.008896 0.004164 
0.002607 0.000786 0.000168 0.000084 0.000304 0.001382 0.004658 0.038729 0.266055 0.811702 1.098669 1.228770 1.399589 1.558845 1.504444 1.177699 0.994024 0.914783 0.790997 0.565434 0.360758 0.211379 0.115364 0.061797 0.034641 0.020591 0.012081 0.006277 
0.004211 0.001546 0.000410 0.000115 0.000167 0.000736 0.002745 0.017844 0.128235 0.531424 0.974794 1.163719 1.310535 1.499124 1.538445 1.357231 1.072807 0.954403 0.858458 0.688327 0.456184 0.279398 0.158065 0.085279 0.046581 0.026923 0.015998 0.008913 
0.006307 0.002687 0.000873 0.000226 0.000135 0.000387 0.001561 0.008659 0.061128 0.293230 0.779892 1.074520 1.237127 1.418267 1.523700 1.470489 1.207167 1.010798 0.906430 0.782665 0.573087 0.360859 0.212663 0.117411 0.063550 0.035660 0.020981 0.012157 
0.008954 0.004272 0.001634 0.000480 0.000169 0.000229 0.000858 0.004369 0.029222 0.154725 0.528745 0.943709 1.155824 1.334844 1.484162 1.503746 1.356723 1.097482 0.958614 0.846973 0.688603 0.459301 0.280143 0.159863 0.087234 0.047954 0.027588 0.016197 
0.012255 0.006357 0.002768 0.000952 0.000285 0.000191 0.000473 0.002254 0.014128 0.079392 0.310670 0.756465 1.053903 1.249046 1.425720 1.496402 1.448612 1.226084 1.024645 0.902793 0.773629 0.576550 0.362362 0.214047 0.119380 0.065229 0.036649 0.021375 
0.016412 0.009018 0.004341 0.001716 0.000547 0.000227 0.000297 0.001176 0.006929 0.040086 0.174279 0.525297 0.917971 1.153784 1.350632 1.469896 1.478481 1.356554 1.115416 0.963719 0.839125 0.683579 0.463361 0.281499 0.161649 0.089108 0.049276 0.028242 
0.021773 0.012375 0.006423 0.002846 0.001025 0.000347 0.000253 0.000635 0.003443 0.020082 0.094553 0.322685 0.736035 1.040748 1.261906 1.424099 1.475262 1.432758 1.239706 1.036180 0.901422 0.765221 0.576759 0.364678 0.215660 0.121290 0.066842 0.037609 
0.028886 0.016643 0.009102 0.004415 0.001793 0.000613 0.000288 0.000396 0.001736 0.010034 0.050089 0.189412 0.519787 0.898836 1.158697 1.356881 1.456076 1.459323 1.355051 1.130656 0.968801 0.833502 0.677523 0.465788 0.283338 0.163485 0.090915 0.050551 
0.038541 0.022177 0.012516 0.006500 0.002924 0.001096 0.000410 0.000329 0.000912 0.005015 0.026092 0.107342 0.330718 0.718126 1.036476 1.270163 1.418472 1.458105 1.420221 1.250051 1.046409 0.901151 0.758097 0.574964 0.366739 0.217501 0.123174 0.068395 
0.051782 0.029521 0.016891 0.009203 0.004493 0.001867 0.000677 0.000359 0.000548 0.002524 0.013432 0.059195 0.201264 0.512550 0.887884 1.163992 1.357902 1.443243 1.443899 1.351672 1.145116 0.973505 0.829624 0.671541 0.466615 0.285256 0.165394 0.092669 
0.069897 0.039448 0.022588 0.012675 0.006588 0.003001 0.001163 0.000479 0.000430 0.001312 0.006861 0.031956 0.118191 0.335755 0.704614 1.036213 1.274518 1.411158 1.443653 1.409314 1.258317 1.055844 0.901565 0.752358 0.571987 0.368248 0.219433 0.125052 
0.094386 0.052974 0.030150 0.017153 0.009319 0.004576 0.001938 0.000741 0.000448 0.000761 0.003503 0.016965 0.067431 0.210557 0.505930 0.882075 1.168074 1.355856 1.431467 1.430776 1.348397 1.157491 0.978070 0.826961 0.666068 0.466173 0.287036 0.167339 
0.126920 0.071356 0.040333 0.023006 0.012850 0.006684 0.003077 0.001227 0.000558 0.000565 0.001828 0.008894 0.037573 0.127412 0.339213 0.695175 1.037351 1.275986 1.403113 1.431208 1.399797 1.265075 1.064242 0.902516 0.747738 0.568401 0.369175 0.221344 
0.169275 0.096071 0.054133 0.030773 0.017429 0.009447 0.004661 0.002004 0.000809 0.000561 0.001040 0.004636 0.020532 0.074847 0.218067 0.500897 0.879206 1.170607 1.351929 1.420672 1.419429 1.345350 1.168033 0.982510 0.825127 0.661139 0.464850 0.288584 
0.223166 0.128764 0.072779 0.041201 0.023431 0.013039 0.006788 0.003150 0.001288 0.000654 0.000740 0.002448 0.011046 0.042887 0.135344 0.342031 0.688980 1.038667 1.275340 1.394893 1.420206 1.391494 1.269596 1.072780 0.903818 0.743959 0.564529 0.369597 
0.289878 0.171163 0.097721 0.055264 0.031394 0.017717 0.009586 0.004747 0.002065 0.000892 0.000686 0.001392 0.005886 0.024062 0.081539 0.224409 0.497972 0.877608 1.171643 1.346897 1.410714 1.409439 1.342193 1.177071 0.987162 0.823889 0.656690 0.462938 
0.369615 0.224862 0.130569 0.074169 0.042055 0.023862 0.013240 0.006897 0.003218 0.001358 0.000763 0.000951 0.003165 0.013264 0.047887 0.142300 0.344854 0.685231 1.039473 1.273200 1.386782 1.410236 1.384062 1.271867 1.081885 0.905525 0.740780 0.560547 
0.460646 0.290931 0.172979 0.099334 0.056372 0.032012 0.018017 0.009735 0.004830 0.002129 0.000986 0.000834 0.001805 0.007229 0.027510 0.087620 0.230059 0.497814 0.875683 1.171355 1.341257 1.401441 1.400421 1.338717 1.184897 0.992253 0.823153 0.652599 
0.556518 0.369318 0.226416 0.132321 0.075527 0.042896 0.024300 0.013454 0.007007 0.003285 0.001434 0.000891 0.001198 0.003960 0.015512 0.052586 0.148548 0.348272 0.683259 1.039240 1.270021 1.378872 1.401058 1.377155 1.273322 1.090485 0.907703 0.738058 
0.648775 0.458088 0.291766 0.174706 0.100904 0.057458 0.032629 0.018327 0.009890 0.004912 0.002196 0.001094 0.001006 0.002272 0.008638 0.030859 0.093206 0.235440 0.498858 0.874276 1.169872 1.335279 1.392738 1.392094 1.335229 1.191772 0.997452 0.822880 
0.735827 0.552458 0.368770 0.227829 0.134010 0.076853 0.043728 0.024745 0.013676 0.007118 0.003352 0.001519 0.001039 0.001481 0.004817 0.017766 0.057017 0.154337 0.352001 0.682544 1.038347 1.266069 1.371191 1.392497 1.370689 1.274325 1.098501 0.910108 
0.822968 0.645279 0.455311 0.292409 0.176337 0.102428 0.058523 0.033247 0.018647 0.010048 0.004994 0.002266 0.001219 0.001205 0.002787 0.010090 0.034104 0.098418 0.240626 0.500663 0.873298 1.167533 1.329107 1.384507 1.384319 1.331827 1.196345 1.004112 
0.913108 0.734123 0.548446 0.368006 0.229102 0.135632 0.078147 0.044551 0.025197 0.013904 0.007230 0.003420 0.001613 0.001210 0.001798 0.005724 0.020008 0.061224 0.159786 0.355916 0.682706 1.036998 1.261592 1.363732 1.384437 1.364611 1.274460 1.105936 
1.010830 0.823615 0.641467 0.453034 0.292875 0.177869 0.103903 0.059568 0.033866 0.018973 0.010209 0.005074 0.002341 0.001361 0.001431 0.003344 0.011571 0.037250 0.103336 0.245655 0.502978 0.872627 1.164602 1.322842 1.376673 1.377002 1.328326 1.199994 
1.112772 0.916589 0.732541 0.544502 0.367310 0.230242 0.137182 0.079407 0.045366 0.025654 0.014138 0.007342 0.003489 0.001729 0.001387 0.002157 0.006668 0.022229 0.065242 0.164967 0.359941 0.683471 1.035331 1.256773 1.356445 1.376878 1.358749 1.274117 
