0.000058 0.000251 0.500673 1.004855 1.013473 1.034700 1.078301 1.171069 0.793490 0.446531 0.680330 0.872300 0.977804 0.977116 0.869194 0.673951 0.456293 0.275846 0.149289 0.075030 0.038295 0.022446 0.015337 0.010665 0.006518 0.003128 0.001035 0.000185 
0.000105 0.000130 0.187934 0.814240 1.009164 1.022510 1.053703 1.130135 1.025649 0.576641 0.539434 0.787123 0.938240 0.977546 0.936559 0.782487 0.563272 0.359333 0.206030 0.107469 0.054052 0.029278 0.018587 0.012936 0.008497 0.004661 0.001926 0.000519 
0.000261 0.000115 0.070560 0.500197 0.934399 1.015837 1.035876 1.095818 1.090953 0.792735 0.553387 0.644389 0.876658 0.962806 0.962176 0.873659 0.679113 0.454973 0.275839 0.151107 0.077180 0.039905 0.023303 0.015610 0.010641 0.006442 0.003127 0.001098 
0.000593 0.000169 0.026532 0.240479 0.760823 0.982793 1.025857 1.068352 1.093994 0.971154 0.643142 0.587513 0.761130 0.930501 0.962570 0.928903 0.789639 0.565117 0.358606 0.207122 0.109562 0.055958 0.030490 0.019116 0.013029 0.008431 0.004624 0.001964 
0.001160 0.000328 0.010055 0.110057 0.499648 0.894171 1.004396 1.049211 1.084378 1.047929 0.798747 0.608374 0.653150 0.862978 0.950544 0.949945 0.872471 0.685784 0.454983 0.276123 0.152848 0.079243 0.041463 0.024142 0.015887 0.010631 0.006384 0.003133 
0.002004 0.000640 0.003976 0.048772 0.268654 0.731831 0.957460 1.028010 1.071190 1.070710 0.942579 0.679764 0.625165 0.752716 0.917707 0.950319 0.920817 0.792779 0.569405 0.358605 0.208277 0.111567 0.057795 0.031669 0.019639 0.013133 0.008383 0.004599 
0.003147 0.001152 0.001891 0.021191 0.136827 0.499524 0.864030 0.996156 1.054998 1.071010 1.022600 0.801980 0.645639 0.672996 0.847078 0.938089 0.939256 0.869115 0.691437 0.456446 0.276738 0.154555 0.081226 0.042970 0.024964 0.016167 0.010637 0.006342 
0.004595 0.001900 0.001429 0.009221 0.066967 0.287293 0.710598 0.939253 1.030930 1.065005 1.052857 0.925781 0.704267 0.655898 0.752081 0.903815 0.938818 0.912953 0.793718 0.574195 0.359402 0.209540 0.113506 0.059567 0.032816 0.020157 0.013248 0.008352 
0.006341 0.002969 0.001606 0.004351 0.031850 0.156808 0.497905 0.842048 0.992292 1.052227 1.060450 1.003685 0.805186 0.674037 0.691967 0.835595 0.925692 0.929119 0.865007 0.695902 0.458682 0.277742 0.156261 0.083138 0.044430 0.025767 0.016450 0.010658 
0.008381 0.004404 0.002117 0.002635 0.015006 0.082147 0.300339 0.693833 0.928459 1.028724 1.057366 1.039163 0.913733 0.723218 0.680760 0.754760 0.891477 0.927834 0.905077 0.793578 0.578771 0.360780 0.210957 0.115398 0.061278 0.033930 0.020668 0.013370 
0.010749 0.006181 0.002975 0.002311 0.007339 0.041730 0.172361 0.495032 0.827941 0.987544 1.046625 1.050540 0.989851 0.808104 0.696682 0.708510 0.827824 0.914200 0.919300 0.860420 0.699088 0.461652 0.279086 0.157997 0.084991 0.045844 0.026554 0.016730 
0.013563 0.008295 0.004260 0.002560 0.004197 0.020864 0.095016 0.309691 0.681870 0.920308 1.023981 1.049072 1.027782 0.905319 0.738465 0.701117 0.758849 0.881172 0.917388 0.897220 0.792561 0.583025 0.362684 0.212531 0.117262 0.062935 0.035016 0.021162 
0.017071 0.010775 0.005986 0.003198 0.003174 0.010652 0.050755 0.184788 0.492810 0.817934 0.981967 1.039663 1.041088 0.979197 0.811253 0.715123 0.722767 0.822699 0.903807 0.909825 0.855452 0.700902 0.465432 0.280747 0.159779 0.086798 0.047217 0.027307 
0.021696 0.013734 0.008130 0.004246 0.003183 0.005978 0.026625 0.106030 0.317051 0.673371 0.913243 1.017849 1.040554 1.017879 0.899505 0.751172 0.717989 0.763550 0.872639 0.907568 0.889435 0.790699 0.586934 0.365125 0.214265 0.119113 0.064549 0.036053 
0.028075 0.017421 0.010717 0.005835 0.003581 0.004231 0.014070 0.058983 0.195088 0.491605 0.810215 0.975783 1.032039 1.032051 0.970654 0.814689 0.730433 0.735075 0.819424 0.894470 0.900768 0.850142 0.701945 0.469416 0.282731 0.161616 0.088572 0.048533 
0.037079 0.022254 0.013841 0.007948 0.004427 0.003825 0.008002 0.032142 0.115636 0.323295 0.667278 0.906663 1.010942 1.032046 1.009027 0.895529 0.762029 0.732173 0.768449 0.865540 0.898406 0.881783 0.788240 0.590492 0.367877 0.216164 0.120968 0.066105 
0.049817 0.028865 0.017733 0.010598 0.005822 0.004051 0.005391 0.017577 0.066470 0.203945 0.491321 0.803859 0.969199 1.024132 1.023414 0.963588 0.818324 0.743369 0.745777 0.817420 0.886081 0.892173 0.844627 0.702392 0.473430 0.284956 0.163525 0.090307 
0.067620 0.038113 0.022799 0.013870 0.007835 0.004715 0.004553 0.010128 0.037435 0.124135 0.328896 0.662844 0.900330 1.003532 1.023863 1.000890 0.892847 0.771477 0.744272 0.773317 0.859572 0.889888 0.874343 0.785346 0.593691 0.370813 0.218214 0.122825 
0.092010 0.051093 0.029658 0.017973 0.010488 0.005905 0.004614 0.006644 0.021065 0.073361 0.211758 0.491779 0.798373 0.962290 1.016239 1.015248 0.957502 0.822057 0.754474 0.755164 0.816286 0.878520 0.884059 0.839026 0.702350 0.477370 0.287362 0.165497 
0.124682 0.069116 0.039157 0.023291 0.013868 0.007785 0.005098 0.005375 0.012306 0.042479 0.131796 0.334065 0.659589 0.894078 0.996008 1.015867 0.993469 0.891009 0.779818 0.754733 0.778171 0.854351 0.881982 0.867171 0.782143 0.596527 0.373848 0.220382 
0.167515 0.093698 0.052375 0.030418 0.018162 0.010402 0.006106 0.005202 0.008009 0.024487 0.079744 0.218812 0.492800 0.793403 0.955302 1.008420 1.007468 0.952247 0.825742 0.764140 0.763522 0.815736 0.871620 0.876428 0.833435 0.701909 0.481169 0.289894 
0.222635 0.126545 0.070616 0.040184 0.023728 0.013849 0.007830 0.005541 0.006255 0.014539 0.047268 0.138802 0.338941 0.657113 0.887950 0.988501 1.008063 0.986641 0.889792 0.787318 0.763754 0.783102 0.849604 0.874625 0.860305 0.778738 0.599007 0.376919 
0.292503 0.169570 0.095393 0.053653 0.031134 0.018306 0.010373 0.006399 0.005809 0.009450 0.027848 0.085684 0.225296 0.494189 0.788817 0.948349 1.000727 1.000030 0.947645 0.829394 0.772590 0.771009 0.815644 0.865242 0.869255 0.827928 0.701143 0.484783 
0.379974 0.224942 0.128427 0.072120 0.041182 0.024108 0.013845 0.007963 0.006030 0.007174 0.016805 0.051836 0.145268 0.343582 0.655173 0.881977 0.981085 1.000466 0.980298 0.889072 0.794089 0.771602 0.787747 0.845521 0.867750 0.853757 0.775218 0.601150 
0.488183 0.295143 0.171658 0.097103 0.054918 0.031794 0.018429 0.010410 0.006755 0.006459 0.010929 0.031145 0.091252 0.231315 0.495817 0.784537 0.941497 0.993198 0.992903 0.943568 0.832988 0.780035 0.777657 0.815874 0.859414 0.862503 0.822556 0.700125 
0.602980 0.382969 0.227285 0.130334 0.073628 0.042136 0.024443 0.013874 0.008163 0.006570 0.008135 0.019069 0.056213 0.151289 0.348011 0.653620 0.876175 0.973810 0.993087 0.974365 0.888730 0.800190 0.778548 0.791988 0.842035 0.861345 0.847523 0.771651 
0.698915 0.491351 0.297785 0.173779 0.098829 0.056157 0.032399 0.018551 0.010504 0.007167 0.007157 0.012431 0.034364 0.096509 0.236944 0.497586 0.780512 0.934787 0.985858 0.986067 0.939912 0.836461 0.786664 0.783588 0.816278 0.854104 0.856161 0.817343 
0.768080 0.604525 0.385873 0.229650 0.132269 0.075129 0.043039 0.024750 0.013939 0.008420 0.007161 0.009135 0.021315 0.060410 0.156941 0.352240 0.652345 0.870550 0.966681 0.985989 0.968759 0.888641 0.805722 0.784742 0.795847 0.839020 0.855390 0.841605 
