0.050616 0.034616 0.027351 0.033760 0.069132 0.145985 0.274897 0.457132 0.678339 0.885134 1.011327 1.023744 0.929863 0.736072 0.505393 0.306636 0.161711 0.073777 0.029368 0.010437 0.003298 0.002155 0.005344 0.015593 0.032099 0.049981 0.060237 0.060236 
0.056629 0.042322 0.030075 0.029754 0.047825 0.102373 0.203934 0.359349 0.564666 0.791812 0.962453 1.019088 0.988539 0.845456 0.621353 0.399286 0.227050 0.112304 0.048388 0.018429 0.006118 0.002584 0.003351 0.009586 0.023064 0.041821 0.056391 0.060237 
0.058884 0.050555 0.034708 0.029875 0.036531 0.070540 0.147277 0.274910 0.455770 0.682573 0.891383 0.997850 1.007632 0.931064 0.743278 0.504091 0.305981 0.163323 0.076101 0.031202 0.011177 0.003909 0.002872 0.005785 0.015420 0.032306 0.050446 0.058794 
0.058850 0.055760 0.042195 0.031687 0.032371 0.050116 0.103567 0.204731 0.358686 0.565678 0.799771 0.956702 1.003964 0.978919 0.851073 0.624975 0.398105 0.227722 0.114422 0.050543 0.019595 0.006764 0.003261 0.003964 0.009762 0.022956 0.042443 0.055653 
0.057651 0.057692 0.049905 0.035627 0.031943 0.039111 0.072379 0.148185 0.275110 0.455553 0.688982 0.891945 0.986241 0.994572 0.927846 0.750306 0.504575 0.305778 0.164894 0.078366 0.032804 0.012014 0.004575 0.003525 0.006226 0.015435 0.032698 0.050300 
0.054889 0.057676 0.054772 0.042253 0.033325 0.034631 0.052482 0.104964 0.205258 0.358641 0.569452 0.804047 0.949838 0.991448 0.969550 0.852928 0.630097 0.397938 0.228542 0.116509 0.052488 0.020740 0.007495 0.003918 0.004538 0.010017 0.023059 0.042738 
0.049984 0.056631 0.056587 0.049265 0.036673 0.033815 0.041489 0.074394 0.149135 0.275313 0.456868 0.694877 0.889965 0.975844 0.983236 0.923079 0.754789 0.507338 0.306069 0.166524 0.080465 0.034301 0.012909 0.005260 0.004151 0.006670 0.015593 0.033010 
0.042788 0.054139 0.056615 0.053836 0.042411 0.034887 0.036692 0.054787 0.106535 0.205794 0.359169 0.574181 0.806072 0.942716 0.980464 0.960677 0.852451 0.635186 0.398988 0.229611 0.118508 0.054286 0.021887 0.008267 0.004567 0.005095 0.010331 0.023295 
0.033243 0.049572 0.055686 0.055573 0.048717 0.037708 0.035564 0.043704 0.076455 0.150226 0.275717 0.458970 0.699923 0.886756 0.966308 0.973044 0.917619 0.757448 0.511101 0.307016 0.168199 0.082419 0.035740 0.013837 0.005954 0.004765 0.007125 0.015847 
0.023594 0.042685 0.053394 0.055644 0.052987 0.042624 0.036368 0.038616 0.057003 0.108213 0.206506 0.360123 0.578999 0.806749 0.935634 0.970518 0.952260 0.850627 0.639764 0.400900 0.230978 0.120422 0.055982 0.023036 0.009059 0.005211 0.005650 0.010691 
0.016160 0.033414 0.049096 0.054800 0.054648 0.048256 0.038714 0.037211 0.045792 0.078505 0.151474 0.276399 0.461404 0.704123 0.882942 0.957437 0.963671 0.911865 0.758849 0.515214 0.308518 0.169935 0.084265 0.037138 0.014781 0.006654 0.005376 0.007595 
0.011084 0.023897 0.042503 0.052661 0.054743 0.052231 0.042874 0.037775 0.040429 0.059132 0.109957 0.207442 0.361392 0.583537 0.806573 0.928722 0.961333 0.944244 0.848008 0.643742 0.403352 0.232612 0.122282 0.057605 0.024181 0.009862 0.005855 0.006208 
0.008081 0.016498 0.033531 0.048591 0.053962 0.053801 0.047876 0.039687 0.038770 0.047775 0.080530 0.152867 0.277359 0.463940 0.707554 0.878840 0.949104 0.954925 0.906019 0.759379 0.519356 0.310431 0.171741 0.086037 0.038505 0.015732 0.007357 0.005987 
0.006772 0.011499 0.024185 0.042273 0.051948 0.053902 0.051559 0.043155 0.039114 0.042147 0.061183 0.111751 0.208594 0.362888 0.587659 0.805825 0.922027 0.952742 0.936585 0.844916 0.647153 0.406114 0.234463 0.124118 0.059176 0.025319 0.010669 0.006501 
0.006603 0.008579 0.016847 0.033605 0.048076 0.053169 0.053023 0.047569 0.040629 0.040251 0.049665 0.082526 0.154388 0.278560 0.467290 0.709487 0.874612 0.941224 0.946683 0.900190 0.759296 0.523370 0.312625 0.173615 0.087761 0.039847 0.016684 0.008064 
0.007151 0.007344 0.011926 0.024451 0.042012 0.051259 0.053114 0.050960 0.043465 0.040393 0.043781 0.063164 0.113582 0.209935 0.364855 0.591339 0.804364 0.915562 0.944636 0.929248 0.841543 0.650064 0.409031 0.236475 0.125946 0.060710 0.026447 0.011479 
0.008774 0.007223 0.009086 0.017196 0.033641 0.047560 0.052419 0.052306 0.047327 0.041545 0.041664 0.051473 0.084494 0.156016 0.280074 0.470834 0.710580 0.870228 0.933733 0.938866 0.894435 0.758775 0.527182 0.315000 0.175549 0.089456 0.041167 0.017633 
0.012290 0.007805 0.007922 0.012360 0.024692 0.041733 0.050596 0.052377 0.050425 0.043814 0.041589 0.045357 0.065082 0.115442 0.211478 0.367116 0.594596 0.802422 0.909277 0.936941 0.922204 0.838009 0.652544 0.411999 0.238604 0.127777 0.062217 0.027566 
0.018579 0.009487 0.007849 0.009601 0.017540 0.033646 0.047050 0.051709 0.051645 0.047153 0.042424 0.043002 0.053225 0.086433 0.157751 0.281847 0.474333 0.711130 0.865749 0.926567 0.931415 0.888789 0.757935 0.530763 0.317481 0.177532 0.091133 0.042469 
0.028675 0.013101 0.008463 0.008506 0.012797 0.024910 0.041441 0.049962 0.051685 0.049952 0.044227 0.042641 0.046908 0.066956 0.117328 0.213202 0.369541 0.597465 0.800164 0.903154 0.929597 0.915430 0.834391 0.654653 0.414955 0.240813 0.129616 0.063705 
0.043758 0.019521 0.010202 0.008479 0.010120 0.017876 0.033625 0.046551 0.051039 0.051035 0.047072 0.043236 0.044241 0.054959 0.088351 0.159577 0.283813 0.477708 0.711278 0.861228 0.919681 0.924284 0.883269 0.756859 0.534104 0.320016 0.179554 0.092800 
0.065178 0.029774 0.013912 0.009125 0.009094 0.013234 0.025104 0.041143 0.049356 0.051037 0.049532 0.044674 0.043613 0.048386 0.068821 0.119235 0.215069 0.372053 0.599986 0.797690 0.897186 0.922558 0.908904 0.830739 0.656441 0.417857 0.243071 0.131463 
0.094460 0.045034 0.020459 0.010924 0.009106 0.010647 0.018202 0.033580 0.046066 0.050407 0.050473 0.047048 0.044011 0.045403 0.056646 0.090281 0.161474 0.285917 0.480930 0.711114 0.856703 0.913043 0.917438 0.877885 0.755606 0.537210 0.322567 0.181602 
0.133317 0.066641 0.030866 0.014727 0.009788 0.009684 0.013673 0.025275 0.040841 0.048771 0.050448 0.049140 0.045150 0.044533 0.049793 0.070664 0.121183 0.217040 0.374602 0.602200 0.795065 0.891366 0.915790 0.902605 0.827086 0.657954 0.420679 0.245356 
0.183666 0.096116 0.046299 0.021397 0.011653 0.009723 0.011180 0.018522 0.033517 0.045587 0.049819 0.049958 0.047058 0.044764 0.046505 0.058277 0.092218 0.163444 0.288108 0.483988 0.710703 0.852200 0.906631 0.910846 0.872638 0.754222 0.540090 0.325107 
0.247650 0.135174 0.068093 0.031953 0.015548 0.010447 0.010269 0.014115 0.025429 0.040532 0.048215 0.049906 0.048795 0.045624 0.045417 0.051137 0.072476 0.123170 0.219096 0.377146 0.604143 0.792335 0.885693 0.909265 0.896518 0.823456 0.659120 0.423512 
0.327658 0.185738 0.097766 0.047556 0.022338 0.012382 0.010336 0.011711 0.018839 0.033434 0.045123 0.049272 0.049489 0.047097 0.045495 0.047562 0.059855 0.094154 0.165479 0.290356 0.486877 0.710093 0.847737 0.900425 0.904485 0.867526 0.752697 0.542757 
0.426705 0.249955 0.137032 0.069537 0.033039 0.016371 0.011103 0.010852 0.014556 0.025566 0.040221 0.047689 0.049408 0.048493 0.046095 0.046270 0.052430 0.074253 0.125188 0.221223 0.379661 0.605845 0.789535 0.880160 0.902963 0.890625 0.819845 0.659616 
