0.006917 0.002304 0.000420 0.000026 0.000026 0.000420 0.002304 0.006917 0.514265 1.022213 1.026772 1.026772 1.022213 1.014483 0.506699 0.002304 0.000420 0.000026 0.000026 0.000420 0.002304 0.006917 0.014265 0.022213 0.026772 0.026772 0.022213 0.014265 
0.010249 0.004269 0.001176 0.000174 0.000026 0.000174 0.001176 0.004269 0.197749 0.831088 1.025062 1.026772 1.025062 1.018744 0.822674 0.191688 0.001176 0.000174 0.000026 0.000174 0.001176 0.004269 0.010249 0.018588 0.025062 0.026772 0.025062 0.018588 
0.014357 0.006899 0.002461 0.000568 0.000081 0.000081 0.000568 0.002461 0.077211 0.514357 0.952108 1.026131 1.026131 1.022479 0.944428 0.506486 0.072743 0.000568 0.000081 0.000081 0.000568 0.002461 0.006899 0.014357 0.022420 0.026131 0.026131 0.022420 
0.018857 0.010250 0.004362 0.001339 0.000264 0.000081 0.000264 0.001339 0.030729 0.250484 0.778623 0.998372 1.026131 1.024761 0.992754 0.769919 0.244419 0.027695 0.000264 0.000081 0.000264 0.001339 0.004362 0.010250 0.018857 0.024739 0.026131 0.024739 
0.022360 0.014554 0.006948 0.002607 0.000690 0.000150 0.000150 0.000690 0.012495 0.116811 0.514554 0.912496 1.015721 1.025617 1.012587 0.905190 0.506405 0.112395 0.010573 0.000150 0.000150 0.000690 0.002607 0.006948 0.014554 0.022360 0.025609 0.025609 
0.024390 0.019002 0.010343 0.004474 0.001476 0.000352 0.000150 0.000352 0.005184 0.053089 0.279004 0.750340 0.975775 1.021906 1.020731 0.970685 0.741624 0.272876 0.050059 0.004058 0.000150 0.000352 0.001476 0.004474 0.010343 0.019002 0.024390 0.025609 
0.025152 0.022217 0.014732 0.007050 0.002741 0.000799 0.000225 0.000225 0.002189 0.023752 0.143795 0.514732 0.885470 1.004607 1.021465 1.001817 0.878531 0.506470 0.139366 0.021797 0.001615 0.000225 0.000799 0.002741 0.007050 0.014732 0.022217 0.025152 
0.025152 0.024051 0.019043 0.010494 0.004600 0.001599 0.000441 0.000225 0.000962 0.010521 0.071464 0.297927 0.731552 0.957823 1.015144 1.014097 0.953128 0.722978 0.291726 0.068408 0.009357 0.000747 0.000441 0.001599 0.004600 0.010494 0.019043 0.024051 
0.024739 0.024739 0.022036 0.014880 0.007185 0.002869 0.000902 0.000306 0.000502 0.004639 0.034569 0.164005 0.514763 0.865806 0.993648 1.014751 0.991103 0.859201 0.506498 0.159534 0.032578 0.004014 0.000555 0.000875 0.002869 0.007185 0.014880 0.022036 
0.023726 0.024739 0.023726 0.019014 0.010677 0.004733 0.001714 0.000529 0.000379 0.002077 0.016380 0.086849 0.311719 0.718149 0.943070 1.006838 1.005883 0.938684 0.709732 0.305515 0.083757 0.015158 0.001852 0.000675 0.001663 0.004737 0.010677 0.019014 
0.021832 0.024359 0.024359 0.021832 0.015000 0.007340 0.002994 0.000992 0.000436 0.001016 0.007653 0.044594 0.179984 0.514928 0.850754 0.982925 1.006480 0.980564 0.844427 0.506724 0.175491 0.042545 0.006989 0.001117 0.001045 0.002939 0.007349 0.014999 
0.018954 0.023411 0.024359 0.023411 0.018954 0.010859 0.004874 0.001813 0.000644 0.000653 0.003578 0.022335 0.099983 0.322512 0.708187 0.930416 0.997647 0.996761 0.926273 0.699962 0.316321 0.096845 0.021057 0.003328 0.001072 0.001755 0.004829 0.010871 
0.015111 0.021621 0.024004 0.024004 0.021622 0.015098 0.007501 0.003107 0.001083 0.000648 0.001751 0.010977 0.053798 0.193137 0.515387 0.838677 0.972435 0.997315 0.970218 0.832596 0.507288 0.188622 0.051693 0.010258 0.001918 0.001328 0.002994 0.007479 
0.011042 0.018882 0.023110 0.024004 0.023110 0.018877 0.011033 0.005008 0.001896 0.000811 0.001062 0.005349 0.028188 0.111403 0.331398 0.700593 0.919166 0.987985 0.987153 0.915222 0.692572 0.325238 0.108221 0.026839 0.005119 0.001549 0.001953 0.004884 
0.007559 0.015203 0.021413 0.023669 0.023669 0.021411 0.015179 0.007656 0.003198 0.001218 0.000905 0.002701 0.014450 0.062249 0.204303 0.516174 0.828599 0.962178 0.987673 0.960075 0.822737 0.508201 0.199775 0.060072 0.013710 0.002888 0.001701 0.003102 
0.004949 0.011162 0.018802 0.022823 0.023669 0.022822 0.018792 0.011196 0.005118 0.002000 0.001022 0.001578 0.007331 0.033843 0.121494 0.339011 0.694673 0.908899 0.978112 0.977324 0.905124 0.686855 0.332897 0.118256 0.032449 0.007095 0.002146 0.002226 
0.003257 0.007619 0.015256 0.021209 0.023352 0.023351 0.021205 0.015250 0.007787 0.003291 0.001389 0.001231 0.003805 0.017992 0.070026 0.214019 0.517253 0.819912 0.952157 0.977817 0.950150 0.814248 0.509423 0.209472 0.067796 0.017221 0.004002 0.002176 
0.002582 0.005028 0.011239 0.018709 0.022548 0.023351 0.022546 0.018704 0.011336 0.005215 0.002122 0.001290 0.002196 0.009447 0.039278 0.130528 0.345803 0.689884 0.899358 0.968194 0.967442 0.895728 0.682341 0.339663 0.127246 0.037839 0.009187 0.002861 
0.002686 0.003499 0.007663 0.015271 0.021008 0.023050 0.023050 0.021005 0.015305 0.007897 0.003386 0.001602 0.001630 0.005028 0.021540 0.077226 0.222662 0.518569 0.812201 0.942381 0.967912 0.940455 0.806744 0.510881 0.218078 0.074948 0.020722 0.005268 
0.003654 0.002991 0.005162 0.011270 0.018601 0.022285 0.023050 0.022283 0.018612 0.011452 0.005300 0.002271 0.001612 0.002908 0.011645 0.044486 0.138725 0.352091 0.685816 0.890372 0.958338 0.957616 0.886881 0.678699 0.345771 0.135400 0.042989 0.011386 
0.006637 0.003240 0.003805 0.007724 0.015239 0.020808 0.022763 0.022762 0.020810 0.015342 0.007986 0.003489 0.001859 0.002098 0.006346 0.025053 0.083931 0.230517 0.520055 0.805168 0.932851 0.958067 0.931000 0.799971 0.512508 0.225841 0.081593 0.024204 
0.013649 0.004514 0.003452 0.005345 0.011275 0.018475 0.022030 0.022763 0.022030 0.018516 0.011543 0.005379 0.002471 0.001949 0.003721 0.013892 0.049470 0.146260 0.357970 0.682290 0.881817 0.948611 0.947917 0.878481 0.675695 0.351372 0.142860 0.047921 
0.027643 0.008072 0.003850 0.004162 0.007806 0.015172 0.020605 0.022488 0.022488 0.020621 0.015360 0.008054 0.003627 0.002144 0.002613 0.007757 0.028505 0.090214 0.237750 0.521653 0.798646 0.923563 0.948351 0.921792 0.793757 0.514249 0.232919 0.087807 
0.052651 0.015939 0.005433 0.003967 0.005567 0.011265 0.018332 0.021782 0.022488 0.021788 0.018414 0.011603 0.005472 0.002700 0.002320 0.004601 0.016180 0.054240 0.153254 0.363520 0.679159 0.873621 0.939055 0.938391 0.870459 0.672937 0.356785 0.149744 
0.093650 0.031019 0.009556 0.004517 0.004567 0.007904 0.015080 0.020400 0.022223 0.022225 0.020435 0.015353 0.008118 0.003787 0.002463 0.003175 0.009228 0.031900 0.096127 0.244480 0.523315 0.792518 0.914517 0.938806 0.912833 0.787896 0.516051 0.239521 
0.156180 0.057188 0.018235 0.006407 0.004536 0.005825 0.011244 0.018177 0.021539 0.022225 0.021554 0.018306 0.011642 0.005577 0.002959 0.002730 0.005534 0.018487 0.058819 0.159788 0.368791 0.676317 0.865732 0.929698 0.929066 0.862735 0.670337 0.362039 
0.245751 0.099180 0.034321 0.011076 0.005237 0.005019 0.008018 0.014968 0.020193 0.021968 0.021973 0.020252 0.015326 0.008178 0.003970 0.002816 0.003782 0.010742 0.035230 0.101724 0.250785 0.525003 0.786705 0.905711 0.929461 0.904113 0.782295 0.517871 
0.367080 0.162251 0.061548 0.020523 0.007454 0.005101 0.006144 0.011215 0.018011 0.021301 0.021971 0.021328 0.018190 0.011662 0.005692 0.003249 0.003178 0.006512 0.020795 0.063227 0.165934 0.373814 0.673691 0.858115 0.920555 0.919956 0.855263 0.667908 
