0.000019 0.000205 0.001071 0.003449 0.008444 0.018262 0.038125 0.078352 0.154143 0.280073 0.957507 1.675910 1.869377 1.976840 1.976840 1.869377 1.174686 0.458732 0.280073 0.154143 0.078352 0.038125 0.018262 0.008444 0.003449 0.001071 0.000205 0.000019 
0.000019 0.000089 0.000553 0.002071 0.005619 0.012750 0.026937 0.055693 0.111802 0.210841 0.549852 1.377205 1.783394 1.936541 1.976840 1.936541 1.595435 0.752205 0.362811 0.210841 0.111802 0.055693 0.026937 0.012750 0.005619 0.002071 0.000553 0.000089 
0.000045 0.000045 0.000272 0.001180 0.003591 0.008737 0.018962 0.039494 0.080328 0.155955 0.350350 0.955131 1.611930 1.874074 1.961728 1.961728 1.803589 1.179856 0.527830 0.280210 0.155955 0.080328 0.039494 0.018962 0.008737 0.003591 0.001180 0.000272 
0.000130 0.000045 0.000130 0.000641 0.002198 0.005822 0.013214 0.027939 0.057374 0.113793 0.238307 0.601442 1.326360 1.764813 1.928858 1.961728 1.902426 1.549922 0.806829 0.388599 0.212004 0.113793 0.057374 0.027939 0.013214 0.005822 0.002198 0.000641 
0.000332 0.000077 0.000077 0.000332 0.001288 0.003751 0.009047 0.019660 0.040818 0.082210 0.167538 0.390047 0.954486 1.579888 1.863232 1.949402 1.939490 1.762824 1.186591 0.567510 0.290504 0.157674 0.082210 0.040818 0.019660 0.009047 0.003751 0.001288 
0.000723 0.000173 0.000077 0.000173 0.000723 0.002331 0.006045 0.013689 0.028921 0.058985 0.119382 0.261645 0.629525 1.302324 1.746207 1.917088 1.945685 1.872001 1.524654 0.839647 0.410984 0.216918 0.115683 0.058985 0.028921 0.013689 0.006045 0.002331 
0.001395 0.000391 0.000113 0.000113 0.000391 0.001395 0.003925 0.009376 0.020356 0.042099 0.085392 0.180280 0.417383 0.956424 1.558391 1.849433 1.934961 1.918053 1.732535 1.192315 0.595991 0.302348 0.160734 0.084005 0.042099 0.020356 0.009376 0.003925 
0.002469 0.000802 0.000217 0.000113 0.000217 0.000802 0.002469 0.006286 0.014175 0.029882 0.061051 0.126386 0.281055 0.649161 1.288407 1.729601 1.902888 1.928621 1.846371 1.506763 0.863331 0.430166 0.223430 0.118016 0.060531 0.029882 0.014175 0.006286 
0.004109 0.001500 0.000450 0.000152 0.000152 0.000450 0.001500 0.004109 0.009721 0.021051 0.043534 0.089448 0.192554 0.438428 0.959648 1.542493 1.834689 1.918971 1.897777 1.708736 1.196741 0.618444 0.314133 0.164732 0.085919 0.043339 0.021051 0.009721 
0.006539 0.002610 0.000881 0.000264 0.000152 0.000264 0.000881 0.002610 0.006539 0.014672 0.030899 0.063562 0.133852 0.297645 0.664620 1.279698 1.714580 1.887365 1.911023 1.824237 1.493108 0.881633 0.446925 0.230609 0.120797 0.062093 0.030826 0.014672 
0.010080 0.004299 0.001606 0.000509 0.000194 0.000194 0.000509 0.001606 0.004299 0.010080 0.021773 0.045176 0.094004 0.204061 0.455735 0.963671 1.529901 1.819613 1.902151 1.878479 1.689216 1.200318 0.636980 0.325454 0.169314 0.088015 0.044570 0.021746 
0.015177 0.006804 0.002753 0.000960 0.000312 0.000194 0.000312 0.000960 0.002753 0.006804 0.015188 0.032011 0.066412 0.141379 0.312196 0.677670 1.274064 1.700654 1.871200 1.893274 1.804546 1.482221 0.896477 0.461793 0.238029 0.123933 0.063715 0.031763 
0.022444 0.010450 0.004497 0.001713 0.000570 0.000238 0.000238 0.000570 0.001713 0.004497 0.010454 0.022544 0.047014 0.098825 0.214806 0.470601 0.968228 1.519365 1.804486 1.884996 1.860001 1.672583 1.203394 0.652770 0.336203 0.174246 0.090291 0.045818 
0.032708 0.015692 0.007077 0.002900 0.001040 0.000363 0.000238 0.000363 0.001040 0.002900 0.007079 0.015733 0.033232 0.069502 0.148794 0.325227 0.689185 1.270359 1.687502 1.854805 1.875623 1.786595 1.473210 0.909005 0.475160 0.245474 0.127333 0.065417 
0.047101 0.023150 0.010830 0.004699 0.001822 0.000632 0.000285 0.000285 0.000632 0.001822 0.004699 0.010846 0.023377 0.049020 0.103770 0.224868 0.483765 0.973124 1.510160 1.789464 1.867816 1.842237 1.657947 1.206165 0.666563 0.346374 0.179375 0.092724 
0.067204 0.033672 0.016216 0.007358 0.003050 0.001122 0.000415 0.000285 0.000415 0.001122 0.003050 0.007364 0.016313 0.034559 0.072757 0.156025 0.337091 0.699637 1.267899 1.674931 1.838434 1.858224 1.769931 1.465492 0.919914 0.487320 0.252831 0.130921 
0.095289 0.048428 0.023869 0.011218 0.004906 0.001933 0.000696 0.000334 0.000334 0.000696 0.001933 0.004909 0.011259 0.024274 0.051164 0.108757 0.234334 0.495679 0.978207 1.501856 1.774647 1.850803 1.825114 1.644730 1.208723 0.678854 0.356003 0.184602 
0.134639 0.069071 0.034660 0.016751 0.007645 0.003203 0.001206 0.000470 0.000334 0.000470 0.001206 0.003204 0.007662 0.016934 0.035985 0.076123 0.163048 0.348035 0.709295 1.266249 1.662831 1.822244 1.841170 1.754259 1.458679 0.929644 0.498497 0.260042 
0.189861 0.097960 0.049803 0.024605 0.011615 0.005118 0.002046 0.000763 0.000385 0.000385 0.000763 0.002047 0.005125 0.011696 0.025237 0.053418 0.113737 0.243284 0.506631 0.983357 1.494186 1.760098 1.834073 1.808578 1.632553 1.211107 0.689984 0.365138 
0.267078 0.138443 0.071012 0.035678 0.017299 0.007938 0.003359 0.001291 0.000527 0.000385 0.000527 0.001292 0.003362 0.007974 0.017595 0.037497 0.079560 0.169857 0.358232 0.718322 1.265123 1.651134 1.806332 1.824512 1.739382 1.452508 0.938471 0.508865 
0.373827 0.195110 0.100715 0.051226 0.025361 0.012021 0.005335 0.002162 0.000831 0.000438 0.000438 0.000831 0.002164 0.005350 0.012159 0.026261 0.055759 0.118679 0.251785 0.516813 0.988482 1.486980 1.745861 1.817695 1.792588 1.621163 1.213331 0.700190 
0.518553 0.273928 0.142299 0.073017 0.036728 0.017859 0.008238 0.003518 0.001379 0.000585 0.000438 0.000585 0.001380 0.003525 0.008302 0.018298 0.039086 0.083041 0.176459 0.367808 0.726817 1.264330 1.639801 1.790757 1.808280 1.725165 1.446798 0.946577 
0.709640 0.382116 0.200320 0.103534 0.052695 0.026138 0.012436 0.005556 0.002281 0.000902 0.000493 0.000493 0.000902 0.002284 0.005585 0.012648 0.027343 0.058167 0.123567 0.259892 0.526355 0.993516 1.480130 1.731958 1.801709 1.777112 1.610388 1.215394 
0.954083 0.527662 0.280592 0.146184 0.075079 0.037809 0.018434 0.008545 0.003681 0.001470 0.000646 0.000493 0.000646 0.001471 0.003694 0.008646 0.019041 0.040739 0.086545 0.182864 0.376856 0.734849 1.263740 1.628804 1.775552 1.792485 1.711516 1.441425 
1.217296 0.718454 0.390044 0.205475 0.106402 0.054207 0.026936 0.012862 0.005782 0.002402 0.000974 0.000551 0.000551 0.000975 0.002408 0.005829 0.013163 0.028477 0.060629 0.128391 0.267651 0.535353 0.998410 1.473561 1.718405 1.786135 1.762122 1.600111 
1.436304 0.961074 0.536269 0.287073 0.150079 0.077189 0.038922 0.019025 0.008859 0.003848 0.001563 0.000710 0.000551 0.000710 0.001565 0.003870 0.009007 0.019823 0.042448 0.090058 0.189084 0.385447 0.742462 1.263262 1.618122 1.760736 1.777130 1.698366 
1.590247 1.219032 0.726720 0.397645 0.210563 0.109306 0.055760 0.027757 0.013298 0.006013 0.002526 0.001049 0.000610 0.000610 0.001050 0.002536 0.006084 0.013705 0.029659 0.063130 0.133144 0.275098 0.543873 1.003131 1.467223 1.705207 1.770982 1.747593 
1.685665 1.431373 0.967608 0.544434 0.293376 0.153971 0.079340 0.040065 0.019630 0.009180 0.004018 0.001658 0.000775 0.000610 0.000775 0.001663 0.004053 0.009386 0.020640 0.044205 0.093569 0.195128 0.393633 0.749692 1.262837 1.607741 1.746317 1.762212 
