0.000246 0.000075 0.000251 0.001195 0.004655 0.014290 0.036367 0.080879 0.161306 0.784718 1.474069 1.682014 1.873117 1.978062 1.977191 1.375198 0.667927 0.456321 0.276108 0.150124 0.076740 0.040917 0.025647 0.018519 0.013244 0.008186 0.003945 0.001304 
0.000664 0.000139 0.000141 0.000627 0.002610 0.008701 0.023773 0.055819 0.116603 0.405139 1.181327 1.580147 1.788335 1.938708 1.977736 1.751335 0.972764 0.558200 0.359436 0.206541 0.108737 0.056260 0.032264 0.021851 0.015854 0.010613 0.005865 0.002426 
0.001391 0.000336 0.000140 0.000324 0.001431 0.005142 0.015114 0.037674 0.082619 0.232402 0.779448 1.404566 1.691468 1.877439 1.963100 1.892835 1.385570 0.738507 0.453084 0.276102 0.151973 0.078938 0.042564 0.026506 0.018758 0.013172 0.008075 0.003936 
0.002477 0.000756 0.000214 0.000209 0.000762 0.002961 0.009346 0.024821 0.057348 0.144406 0.456267 1.124525 1.560633 1.796993 1.930977 1.936751 1.693828 1.034308 0.582241 0.357986 0.207651 0.110873 0.058212 0.033496 0.022362 0.015904 0.010504 0.005807 
0.003941 0.001469 0.000418 0.000211 0.000416 0.001656 0.005630 0.015947 0.038953 0.094061 0.272236 0.774865 1.367548 1.691610 1.880011 1.934586 1.845655 1.390211 0.779798 0.460874 0.276124 0.153747 0.081049 0.044156 0.027344 0.019000 0.013116 0.007984 
0.005766 0.002527 0.000838 0.000288 0.000288 0.000907 0.003301 0.009996 0.025864 0.062494 0.167765 0.482994 1.093527 1.546536 1.802539 1.914120 1.901237 1.663747 1.067939 0.603564 0.360702 0.208726 0.112923 0.060093 0.034692 0.022865 0.015964 0.010414 
0.007914 0.003953 0.001540 0.000494 0.000288 0.000520 0.001882 0.006111 0.016783 0.041584 0.106550 0.299135 0.771038 1.344658 1.692590 1.872277 1.909289 1.810568 1.394204 0.808062 0.470772 0.277692 0.155453 0.083079 0.045695 0.028163 0.019246 0.013076 
0.010345 0.005740 0.002576 0.000912 0.000365 0.000375 0.001060 0.003638 0.010642 0.027417 0.069046 0.186890 0.500172 1.073344 1.539655 1.800268 1.895410 1.872269 1.642091 1.091249 0.621391 0.365377 0.210339 0.114892 0.061906 0.035852 0.023361 0.016035 
0.013054 0.007862 0.003970 0.001605 0.000571 0.000369 0.000633 0.002112 0.006587 0.017808 0.045125 0.118441 0.319101 0.767629 1.332212 1.690646 1.859732 1.886732 1.783059 1.396630 0.829590 0.480762 0.280409 0.157308 0.085032 0.047184 0.028961 0.019494 
0.016118 0.010296 0.005726 0.002621 0.000983 0.000445 0.000468 0.001221 0.003975 0.011354 0.029455 0.076033 0.202853 0.512382 1.061182 1.535097 1.792949 1.876607 1.847855 1.625189 1.108410 0.636617 0.370929 0.212505 0.116867 0.063655 0.036978 0.023849 
0.019745 0.013051 0.007827 0.003990 0.001665 0.000647 0.000453 0.000753 0.002348 0.007087 0.019064 0.049184 0.129413 0.334779 0.766234 1.325147 1.685798 1.845235 1.865825 1.760761 1.397940 0.846750 0.490365 0.283869 0.159383 0.086944 0.048623 0.029738 
0.024329 0.016214 0.010266 0.005720 0.002664 0.001053 0.000526 0.000566 0.001389 0.004324 0.012171 0.031856 0.083035 0.216454 0.522245 1.054541 1.530624 1.782872 1.858104 1.826426 1.611570 1.121541 0.649821 0.376866 0.215120 0.118899 0.065354 0.038069 
0.030496 0.020001 0.013065 0.007806 0.004011 0.001723 0.000723 0.000541 0.000879 0.002592 0.007633 0.020534 0.053509 0.139464 0.347803 0.767107 1.320562 1.678875 1.829892 1.846224 1.741895 1.398664 0.860835 0.499442 0.287802 0.161675 0.088844 0.050018 
0.039129 0.024803 0.016323 0.010253 0.005721 0.002706 0.001121 0.000609 0.000668 0.001564 0.004697 0.013101 0.034512 0.089864 0.228335 0.531084 1.051458 1.525631 1.771219 1.840100 1.807101 1.600142 1.132020 0.661420 0.382933 0.218077 0.121008 0.067018 
0.051378 0.031235 0.020262 0.013095 0.007797 0.004034 0.001779 0.000801 0.000631 0.001011 0.002851 0.008240 0.022181 0.057945 0.148710 0.359175 0.769843 1.317117 1.670513 1.814270 1.827725 1.725367 1.398726 0.873015 0.507973 0.292031 0.164158 0.090751 
0.068661 0.040161 0.025273 0.016445 0.010254 0.005727 0.002747 0.001189 0.000695 0.000774 0.001749 0.005102 0.014141 0.037335 0.096453 0.238980 0.539484 1.050639 1.520020 1.758679 1.822679 1.789341 1.590082 1.140671 0.671856 0.388994 0.221286 0.123200 
0.092675 0.052709 0.031959 0.020529 0.013142 0.007797 0.004060 0.001835 0.000880 0.000724 0.001149 0.003128 0.008911 0.023969 0.062403 0.157290 0.369485 0.773952 1.314170 1.661182 1.798679 1.810177 1.710451 1.396645 0.885445 0.516031 0.296437 0.166800 
0.125468 0.070290 0.041169 0.025739 0.016580 0.010269 0.005739 0.002789 0.001258 0.000783 0.000884 0.001944 0.005544 0.015281 0.040264 0.102790 0.248724 0.547684 1.051243 1.513865 1.745681 1.805866 1.772780 1.580308 1.147996 0.682010 0.394990 0.224679 
0.169569 0.094622 0.054018 0.032670 0.020804 0.013202 0.007807 0.004087 0.001891 0.000961 0.000821 0.001294 0.003427 0.009645 0.025866 0.066834 0.165331 0.379076 0.779006 1.311405 1.651227 1.783296 1.793459 1.696468 1.394132 0.896842 0.523911 0.300947 
0.228204 0.127803 0.071913 0.042159 0.026204 0.016727 0.010295 0.005756 0.002831 0.001327 0.000873 0.000998 0.002153 0.006025 0.016505 0.043257 0.108892 0.257797 0.555768 1.052719 1.507285 1.732500 1.789648 1.757087 1.570968 1.154312 0.691631 0.400981 
0.305546 0.172439 0.096591 0.055311 0.033372 0.021085 0.013274 0.007824 0.004116 0.001948 0.001044 0.000920 0.001447 0.003749 0.010439 0.027847 0.071214 0.172936 0.388149 0.784669 1.308671 1.640901 1.768217 1.777437 1.683222 1.391457 0.907220 0.531572 
0.406944 0.231835 0.130194 0.073534 0.043135 0.026669 0.016884 0.010331 0.005777 0.002874 0.001398 0.000966 0.001118 0.002376 0.006546 0.017803 0.046286 0.114780 0.266356 0.563746 1.054706 1.500400 1.719321 1.773980 1.742107 1.562033 1.159824 0.700693 
0.538988 0.310206 0.175392 0.098581 0.056593 0.034066 0.021373 0.013358 0.007848 0.004147 0.002006 0.001128 0.001023 0.001608 0.004097 0.011289 0.029892 0.075532 0.180183 0.396824 0.790688 1.305900 1.630393 1.753483 1.762027 1.670595 1.388696 0.916701 
0.709228 0.412851 0.235549 0.132634 0.075154 0.044101 0.027135 0.017052 0.010377 0.005803 0.002918 0.001470 0.001063 0.001243 0.002615 0.007105 0.019164 0.049332 0.120481 0.274505 0.571603 1.056965 1.493322 1.706256 1.758823 1.727740 1.553454 1.164675 
0.925402 0.546155 0.314902 0.178412 0.100591 0.057866 0.034757 0.021667 0.013452 0.007878 0.004181 0.002064 0.001216 0.001130 0.001780 0.004470 0.012188 0.031984 0.079784 0.187134 0.405170 0.796877 1.303071 1.619835 1.739111 1.747167 1.658497 1.385876 
1.168967 0.717279 0.418683 0.239323 0.135114 0.076777 0.045059 0.027603 0.017229 0.010431 0.005832 0.002964 0.001545 0.001162 0.001374 0.002870 0.007701 0.020576 0.052383 0.126015 0.282316 0.579314 1.059342 1.486139 1.693375 1.744146 1.713916 1.545181 
1.383009 0.933421 0.553077 0.319609 0.181485 0.102618 0.059135 0.035446 0.021969 0.013555 0.007915 0.004217 0.002125 0.001306 0.001242 0.001961 0.004868 0.013133 0.034114 0.083971 0.193832 0.413228 0.803103 1.300186 1.609315 1.725107 1.732810 1.646861 
1.537173 1.172776 0.724889 0.424425 0.243140 0.137628 0.078402 0.046014 0.028075 0.017415 0.010492 0.005865 0.003012 0.001621 0.001266 0.001511 0.003141 0.008331 0.022034 0.055433 0.131401 0.289838 0.586856 1.061738 1.478918 1.680722 1.729921 1.700579 
