0.107097 0.088905 0.057187 0.028397 0.012963 0.012461 0.028135 0.068662 0.147828 0.284075 0.483856 0.731050 0.958077 1.083918 1.083918 0.958077 0.731050 0.483856 0.284075 0.147828 0.068662 0.028135 0.012461 0.012963 0.028397 0.057187 0.088905 0.107097 
0.107097 0.100275 0.074371 0.041123 0.018813 0.012649 0.018339 0.045292 0.103415 0.208816 0.376024 0.604047 0.857212 1.036728 1.083918 1.036728 0.857212 0.604047 0.376024 0.208816 0.103415 0.045292 0.018339 0.012649 0.018813 0.041123 0.074371 0.100275 
0.104539 0.104539 0.089708 0.057298 0.027950 0.014961 0.014783 0.029157 0.070457 0.150206 0.284694 0.482433 0.736693 0.963510 1.066221 1.066221 0.963510 0.736693 0.482433 0.284694 0.150206 0.070457 0.029157 0.014783 0.014961 0.027950 0.057298 0.089708 
0.098977 0.104539 0.098977 0.075318 0.040579 0.019854 0.014849 0.020173 0.046441 0.105525 0.210607 0.375657 0.605928 0.865615 1.027705 1.066221 1.027705 0.865615 0.605928 0.375657 0.210607 0.105525 0.046441 0.020173 0.014849 0.019854 0.040579 0.075318 
0.089410 0.102453 0.102453 0.089410 0.057581 0.028251 0.016726 0.016846 0.030689 0.071881 0.152317 0.285636 0.482640 0.744294 0.962107 1.051778 1.051778 0.962107 0.744294 0.482640 0.285636 0.152317 0.071881 0.030689 0.016846 0.016726 0.028251 0.057581 
0.075531 0.097562 0.102453 0.097562 0.075531 0.040691 0.021048 0.016771 0.022052 0.047867 0.107194 0.212366 0.376178 0.610866 0.869218 1.018151 1.051778 1.018151 0.869218 0.610866 0.376178 0.212366 0.107194 0.047867 0.022052 0.016771 0.021048 0.040691 
0.057813 0.088689 0.100619 0.100619 0.088689 0.057813 0.028949 0.018375 0.018751 0.032393 0.073341 0.154049 0.286942 0.484662 0.750762 0.958098 1.039168 1.039168 0.958098 0.750762 0.484662 0.286942 0.154049 0.073341 0.032393 0.018751 0.018375 0.028949 
0.041094 0.075368 0.096145 0.100619 0.096145 0.075368 0.041094 0.022340 0.018516 0.023914 0.049453 0.108725 0.213972 0.377699 0.616510 0.870213 1.008767 1.039168 1.008767 0.870213 0.616510 0.377699 0.213972 0.108725 0.049453 0.023914 0.018516 0.022340 
0.029851 0.057978 0.087795 0.098941 0.098941 0.087795 0.057978 0.029851 0.019950 0.020540 0.034166 0.074873 0.155602 0.288526 0.487719 0.755894 0.953009 1.027767 1.027767 0.953009 0.755894 0.487719 0.288526 0.155602 0.074873 0.034166 0.020540 0.019950 
0.023663 0.041636 0.075009 0.094761 0.098941 0.094761 0.075009 0.041636 0.023663 0.020171 0.025724 0.051134 0.110235 0.215539 0.379839 0.622066 0.869746 0.999733 1.027767 0.999733 0.869746 0.622066 0.379839 0.215539 0.110235 0.051134 0.025724 0.020171 
0.021481 0.030839 0.058100 0.086832 0.097374 0.097374 0.086832 0.058100 0.030839 0.021481 0.022254 0.035947 0.076473 0.157111 0.290315 0.491211 0.759936 0.947483 1.017254 1.017254 0.947483 0.759936 0.491211 0.290315 0.157111 0.076473 0.035947 0.022254 
0.021771 0.024990 0.042232 0.074556 0.093421 0.097374 0.093421 0.074556 0.042232 0.024990 0.021771 0.027485 0.052856 0.111778 0.217142 0.382301 0.627242 0.868432 0.991090 1.017254 0.991090 0.868432 0.627242 0.382301 0.217142 0.111778 0.052856 0.027485 
0.023913 0.022978 0.031858 0.058191 0.085852 0.095891 0.095891 0.085852 0.058191 0.031858 0.022978 0.023913 0.037713 0.078123 0.158655 0.292248 0.495268 0.762653 0.941823 1.007443 1.007443 0.941823 0.762653 0.495268 0.292248 0.158655 0.078123 0.037713 
0.029205 0.023329 0.026308 0.042843 0.074058 0.092127 0.095891 0.092127 0.074058 0.042843 0.026308 0.023329 0.029205 0.054592 0.113374 0.218819 0.385079 0.631942 0.866432 0.982835 1.007443 0.982835 0.866432 0.631942 0.385079 0.218819 0.113374 0.054592 
0.039460 0.025532 0.024446 0.032881 0.058259 0.084880 0.094480 0.094480 0.084880 0.058259 0.032881 0.024446 0.025532 0.039460 0.079809 0.160263 0.294347 0.499982 0.763948 0.936108 0.998215 0.998215 0.936108 0.763948 0.499982 0.294347 0.160263 0.079809 
0.056332 0.030891 0.024853 0.027609 0.043452 0.073542 0.090880 0.094480 0.090880 0.073542 0.043452 0.027609 0.024853 0.030891 0.056332 0.115023 0.220602 0.388221 0.636149 0.863785 0.974925 0.998215 0.974925 0.863785 0.636149 0.388221 0.220602 0.115023 
0.081521 0.041186 0.027118 0.025887 0.033895 0.058310 0.083928 0.093130 0.093130 0.083928 0.058310 0.033895 0.025887 0.027118 0.041186 0.081521 0.161951 0.296656 0.504683 0.764529 0.930336 0.989481 0.989481 0.930336 0.764529 0.504683 0.296656 0.161951 
0.116724 0.058070 0.032547 0.026348 0.028890 0.044052 0.073021 0.089679 0.093130 0.089679 0.073021 0.044052 0.028890 0.026348 0.032547 0.058070 0.116724 0.222519 0.391504 0.639883 0.860765 0.967302 0.989481 0.967302 0.860765 0.639883 0.391504 0.222519 
0.163729 0.083256 0.042893 0.028673 0.027301 0.034893 0.058349 0.083001 0.091836 0.091836 0.083001 0.058349 0.034893 0.027301 0.028673 0.042893 0.083256 0.163729 0.299113 0.509207 0.764617 0.924578 0.981164 0.981164 0.924578 0.764617 0.509207 0.299113 
0.224557 0.118479 0.059807 0.034177 0.027816 0.030148 0.044638 0.072503 0.088523 0.091836 0.088523 0.072503 0.044638 0.030148 0.027816 0.034177 0.059807 0.118479 0.224557 0.394821 0.643179 0.857520 0.959944 0.981164 0.959944 0.857520 0.643179 0.394821 
0.301666 0.165592 0.085012 0.044583 0.030201 0.028690 0.035874 0.058379 0.082101 0.090593 0.090593 0.082101 0.058379 0.035874 0.028690 0.030201 0.044583 0.085012 0.165592 0.301666 0.513490 0.764339 0.918883 0.973207 0.973207 0.918883 0.764339 0.513490 
0.398109 0.226692 0.120283 0.061542 0.035783 0.029257 0.031384 0.045211 0.071992 0.087409 0.090593 0.087409 0.071992 0.045211 0.031384 0.029257 0.035783 0.061542 0.120283 0.226692 0.398109 0.646074 0.854138 0.952835 0.973207 0.952835 0.854138 0.646074 
0.517511 0.304275 0.167529 0.086790 0.046258 0.031704 0.030055 0.036835 0.058403 0.081229 0.089399 0.089399 0.081229 0.058403 0.036835 0.030055 0.031704 0.046258 0.086790 0.167529 0.304275 0.517511 0.763777 0.913277 0.965567 0.965567 0.913277 0.763777 
0.648611 0.401332 0.228901 0.122133 0.063277 0.037368 0.030673 0.032597 0.045771 0.071491 0.086335 0.089399 0.086335 0.071491 0.045771 0.032597 0.030673 0.037368 0.063277 0.122133 0.228901 0.401332 0.648611 0.850678 0.945959 0.965567 0.945959 0.850678 
0.762993 0.521267 0.306909 0.169529 0.088587 0.047921 0.033184 0.031395 0.037778 0.058422 0.080386 0.088250 0.088250 0.080386 0.058422 0.037778 0.031395 0.033184 0.047921 0.088587 0.169529 0.306909 0.521267 0.762993 0.907777 0.958214 0.958214 0.907777 
0.847179 0.650827 0.404465 0.231164 0.124023 0.065013 0.038934 0.032066 0.033788 0.046317 0.071001 0.085301 0.088250 0.085301 0.071001 0.046317 0.033788 0.032066 0.038934 0.065013 0.124023 0.231164 0.404465 0.650827 0.847179 0.939300 0.958214 0.939300 
0.902390 0.762032 0.524765 0.309545 0.171577 0.090402 0.049572 0.034641 0.032712 0.038702 0.058438 0.079570 0.087144 0.087144 0.079570 0.058438 0.038702 0.032712 0.034641 0.049572 0.090402 0.171577 0.309545 0.524765 0.762032 0.902390 0.951121 0.951121 
0.932847 0.843665 0.652756 0.407498 0.233462 0.125946 0.066749 0.040482 0.033435 0.034958 0.046852 0.070524 0.084304 0.087144 0.084304 0.070524 0.046852 0.034958 0.033435 0.040482 0.066749 0.125946 0.233462 0.407498 0.652756 0.843665 0.932847 0.951121 
