0.241224 0.239000 0.698998 1.143937 1.092431 1.092146 1.148299 1.293811 0.962170 0.649758 0.889207 1.048187 1.099371 1.064602 0.917631 0.703682 0.471428 0.273256 0.130849 0.049158 0.014181 0.003513 0.001299 0.004022 0.020765 0.062260 0.128385 0.199861 
0.225713 0.240112 0.413381 0.977085 1.118220 1.092253 1.113204 1.228074 1.167042 0.766912 0.749610 0.982171 1.080177 1.086333 1.005142 0.819028 0.585582 0.365372 0.194463 0.084165 0.028631 0.007790 0.002129 0.002320 0.010641 0.038418 0.092244 0.167218 
0.201977 0.232912 0.306888 0.699250 1.065294 1.105237 1.100110 1.173258 1.205187 0.961511 0.756098 0.853640 1.042656 1.084024 1.055886 0.925200 0.706568 0.469314 0.272341 0.132468 0.052061 0.016313 0.004252 0.002201 0.005464 0.022098 0.062075 0.129147 
0.170079 0.217445 0.264520 0.466560 0.923035 1.090258 1.102673 1.132692 1.193214 1.109026 0.833128 0.792676 0.955169 1.068511 1.073473 1.003362 0.826877 0.585233 0.363690 0.194972 0.086683 0.031226 0.009031 0.002970 0.003425 0.012110 0.039169 0.092224 
0.131863 0.193798 0.240982 0.346170 0.699150 1.025998 1.096466 1.115482 1.166706 1.161643 0.965610 0.807846 0.859755 1.025388 1.071612 1.047181 0.928416 0.711688 0.467859 0.271777 0.134223 0.054797 0.018112 0.005243 0.003140 0.006738 0.023343 0.062447 
0.094301 0.164675 0.217390 0.286326 0.494952 0.894621 1.067663 1.105974 1.143471 1.164807 1.082714 0.867007 0.827312 0.943282 1.054278 1.062450 0.999590 0.832297 0.587192 0.362502 0.195734 0.089167 0.033478 0.010332 0.003929 0.004490 0.013415 0.040082 
0.063748 0.129676 0.191032 0.249831 0.373177 0.699235 0.997983 1.086920 1.126743 1.156806 1.134022 0.969561 0.842198 0.871422 1.011633 1.059386 1.038878 0.928998 0.716920 0.467607 0.271593 0.136091 0.057254 0.019812 0.006330 0.004139 0.007907 0.024531 
0.041315 0.093944 0.160674 0.220432 0.303435 0.514281 0.874835 1.048591 1.108051 1.145532 1.148262 1.064864 0.889959 0.853157 0.939212 1.041478 1.051695 0.995109 0.835734 0.590255 0.362036 0.196759 0.091498 0.035538 0.011659 0.004961 0.005552 0.014612 
0.025758 0.064389 0.126418 0.190553 0.259028 0.392878 0.699194 0.976000 1.081069 1.131136 1.147239 1.116988 0.971587 0.866958 0.885427 0.999825 1.047864 1.030476 0.928270 0.721600 0.468278 0.271895 0.137966 0.059508 0.021451 0.007473 0.005182 0.009023 
0.015779 0.042336 0.092479 0.158222 0.224248 0.317781 0.528167 0.859064 1.035410 1.110348 1.141200 1.135895 1.053585 0.906194 0.873884 0.938930 1.029849 1.041343 0.989975 0.837993 0.593653 0.362280 0.197997 0.093687 0.037470 0.013001 0.006041 0.006623 
0.010129 0.026882 0.064459 0.123400 0.191200 0.267576 0.408367 0.697871 0.959913 1.078389 1.129630 1.139210 1.104365 0.973639 0.886000 0.898276 0.991084 1.037033 1.022080 0.926561 0.725747 0.469580 0.272642 0.139830 0.061610 0.023047 0.008651 0.006259 
0.007710 0.016895 0.043068 0.091259 0.156193 0.228316 0.329920 0.537963 0.846837 1.027555 1.109217 1.135618 1.126143 1.045602 0.918865 0.890604 0.940471 1.019802 1.031426 0.984391 0.839316 0.597179 0.363095 0.199412 0.095763 0.039307 0.014348 0.007156 
0.007364 0.011224 0.027858 0.064411 0.121633 0.191355 0.275432 0.420636 0.695816 0.949578 1.075294 1.125718 1.132065 1.094756 0.975698 0.901201 0.909304 0.984917 1.027067 1.013788 0.924109 0.729373 0.471337 0.273749 0.141688 0.063598 0.024607 0.009853 
0.008297 0.008811 0.017944 0.043645 0.090439 0.154932 0.231600 0.340393 0.544656 0.838703 1.021848 1.106015 1.129685 1.118074 1.039875 0.929138 0.904240 0.942854 1.011261 1.022087 0.978498 0.839873 0.600712 0.364352 0.200972 0.097756 0.041073 0.015697 
0.011072 0.008490 0.012301 0.028724 0.064405 0.120473 0.191744 0.281981 0.430591 0.694319 0.942648 1.071494 1.120809 1.125331 1.087298 0.977844 0.913577 0.918720 0.980531 1.018027 1.005741 0.921065 0.732509 0.473410 0.275142 0.143547 0.065501 0.026138 
0.017045 0.009459 0.009919 0.018935 0.044157 0.089891 0.154208 0.234492 0.348989 0.549990 0.833419 1.017012 1.101750 1.123635 1.111069 1.035850 0.937677 0.915505 0.945581 1.003966 1.013420 0.972452 0.839772 0.604173 0.365942 0.202651 0.099689 0.042782 
0.027645 0.012303 0.009631 0.013358 0.029521 0.064460 0.119726 0.192354 0.287464 0.438677 0.693880 0.937572 1.067238 1.115428 1.118923 1.081291 0.980133 0.923820 0.926784 0.977352 1.009875 0.998057 0.917576 0.734838 0.476019 0.276755 0.145413 0.067339 
0.044448 0.018390 0.010633 0.011029 0.019885 0.044643 0.089552 0.153870 0.237099 0.356057 0.554719 0.829980 1.012590 1.096920 1.117612 1.104811 1.033047 0.944937 0.924931 0.948373 0.997679 1.005443 0.966399 0.838989 0.607494 0.367897 0.204426 0.101579 
0.069129 0.029131 0.013542 0.010782 0.014399 0.030276 0.064579 0.119285 0.193120 0.292112 0.445425 0.694356 0.933570 1.062710 1.109853 1.112812 1.076299 0.982522 0.932433 0.933722 0.974985 1.002531 0.990802 0.913740 0.736252 0.479193 0.278583 0.147288 
0.103438 0.046079 0.019733 0.011817 0.012138 0.020805 0.045124 0.089381 0.153812 0.239472 0.361978 0.559153 0.827722 1.008389 1.091804 1.111702 1.099119 1.031108 0.951217 0.932917 0.951071 0.992202 0.998133 0.960437 0.837549 0.610612 0.370224 0.206293 
0.149179 0.070882 0.030603 0.014785 0.011937 0.015428 0.031008 0.064761 0.119075 0.193988 0.296119 0.451232 0.695501 0.930212 1.058036 1.104240 1.106984 1.072042 0.984948 0.939779 0.939725 0.973164 0.995909 0.983997 0.909643 0.737087 0.482542 0.280624 
0.208258 0.105278 0.047685 0.021073 0.013005 0.013246 0.021707 0.045613 0.089348 0.153957 0.241651 0.367053 0.563417 0.826217 1.004327 1.086571 1.105955 1.093881 1.029774 0.956724 0.939745 0.953602 0.987380 0.991442 0.954625 0.835640 0.613485 0.372774 
0.282824 0.151095 0.072609 0.032061 0.016031 0.013096 0.016449 0.031729 0.065002 0.119043 0.194918 0.299639 0.456364 0.697099 0.927255 1.053306 1.098686 1.101427 1.068331 0.987358 0.946112 0.944941 0.971715 0.989918 0.977636 0.905404 0.737459 0.485925 
0.375453 0.210304 0.107110 0.049270 0.022409 0.014196 0.014353 0.022599 0.046116 0.089426 0.154251 0.243673 0.371501 0.567553 0.825190 1.000365 1.081326 1.100399 1.089016 1.028864 0.961726 0.945380 0.956053 0.983092 0.985312 0.949013 0.833395 0.616086 
0.489249 0.285134 0.153037 0.074317 0.033508 0.017276 0.014255 0.017465 0.032448 0.065297 0.119149 0.195887 0.302786 0.460999 0.698981 0.924554 1.048581 1.093247 1.096130 1.065036 0.989819 0.951510 0.949382 0.970629 0.984480 0.971700 0.901119 0.737452 
0.618407 0.378189 0.212414 0.108939 0.050841 0.023741 0.015388 0.015459 0.023485 0.046640 0.089598 0.154657 0.245567 0.375478 0.571570 0.824461 0.996488 1.076137 1.095049 1.084470 1.028329 0.966142 0.950180 0.958274 0.979286 0.979687 0.943635 0.830921 
0.737139 0.492456 0.287514 0.155004 0.076015 0.034947 0.018520 0.015415 0.018478 0.033171 0.065643 0.119365 0.196881 0.305647 0.465252 0.701024 0.922022 1.043904 1.087957 1.091082 1.062095 0.992213 0.956166 0.953216 0.969742 0.979537 0.966168 0.896861 
0.828302 0.620450 0.380931 0.214569 0.110769 0.052401 0.025069 0.016579 0.016563 0.024371 0.047185 0.089848 0.155149 0.247358 0.379095 0.575463 0.823912 0.992692 1.071047 1.089910 1.080212 1.028036 0.970052 0.954322 0.960254 0.975864 0.974523 0.938506 
