0.020541 0.009990 0.003478 0.001822 0.003264 0.010423 0.029028 0.071911 0.156108 0.295196 0.487638 0.713764 0.908034 1.006855 0.998909 0.879407 0.676774 0.456792 0.274883 0.146043 0.068938 0.031620 0.021505 0.023430 0.032805 0.038782 0.038623 0.031991 
0.026756 0.014761 0.006127 0.002443 0.002363 0.006129 0.018295 0.047435 0.108845 0.218791 0.384748 0.600472 0.822830 0.969797 1.003875 0.953102 0.788482 0.564192 0.359204 0.203996 0.102517 0.046878 0.025298 0.022227 0.027611 0.036541 0.038723 0.036116 
0.032280 0.020668 0.009825 0.003834 0.002393 0.003775 0.011162 0.030743 0.074106 0.157751 0.294768 0.486389 0.720246 0.910425 0.991096 0.984835 0.885023 0.681383 0.455475 0.274884 0.147527 0.070440 0.033775 0.023379 0.024246 0.032476 0.037905 0.037745 
0.035676 0.027146 0.014640 0.006261 0.002933 0.002911 0.006718 0.019428 0.049452 0.110893 0.219588 0.383753 0.603498 0.829024 0.960844 0.988748 0.946623 0.796181 0.565548 0.358526 0.204922 0.103931 0.048824 0.027277 0.023704 0.027791 0.035869 0.037845 
0.037032 0.032206 0.020874 0.009819 0.004184 0.002919 0.004339 0.011960 0.032276 0.076245 0.159334 0.294737 0.486678 0.727251 0.907924 0.978284 0.972951 0.884942 0.687937 0.455360 0.275147 0.148691 0.072182 0.035804 0.025044 0.025236 0.032094 0.037104 
0.037077 0.035213 0.027319 0.014669 0.006455 0.003394 0.003452 0.007374 0.020531 0.051304 0.112900 0.220496 0.383640 0.608373 0.831376 0.951899 0.976284 0.939281 0.800064 0.569549 0.358534 0.205675 0.105420 0.050791 0.029079 0.025116 0.028063 0.035225 
0.036382 0.036378 0.032020 0.021034 0.009918 0.004542 0.003415 0.004930 0.012798 0.033716 0.078249 0.160948 0.295125 0.488524 0.732685 0.903655 0.967140 0.962408 0.882449 0.693781 0.456772 0.275529 0.149845 0.073991 0.037716 0.026602 0.026221 0.031781 
0.034657 0.036381 0.034743 0.027355 0.014775 0.006699 0.003838 0.003983 0.008070 0.021626 0.053030 0.114828 0.221602 0.384421 0.613408 0.831605 0.943333 0.965366 0.931832 0.801704 0.574348 0.359206 0.206458 0.106970 0.052708 0.030818 0.026364 0.028426 
0.031583 0.035734 0.035767 0.031768 0.021151 0.010085 0.004911 0.003892 0.005534 0.013664 0.035097 0.080130 0.162593 0.296006 0.491993 0.735815 0.898681 0.957103 0.952791 0.878842 0.698653 0.458978 0.276174 0.151061 0.075793 0.039583 0.028034 0.027137 
0.028841 0.034174 0.035754 0.034267 0.027287 0.014938 0.006978 0.004274 0.004508 0.008788 0.022718 0.054664 0.116683 0.222930 0.386177 0.618044 0.830304 0.935195 0.955486 0.924521 0.802028 0.579142 0.360365 0.207387 0.108545 0.054606 0.032477 0.027474 
0.027987 0.031481 0.035162 0.035197 0.031464 0.021235 0.010301 0.005288 0.004362 0.006142 0.014547 0.036439 0.081914 0.164278 0.297429 0.495984 0.737595 0.893324 0.947877 0.943874 0.874715 0.702621 0.461529 0.277109 0.152353 0.077599 0.041401 0.029350 
0.028498 0.029297 0.033754 0.035183 0.033797 0.027161 0.015116 0.007284 0.004709 0.005030 0.009516 0.023807 0.056228 0.118485 0.224505 0.388531 0.622143 0.828107 0.927420 0.946376 0.917439 0.801535 0.583615 0.361861 0.208481 0.110156 0.056481 0.034039 
0.030576 0.028797 0.031446 0.034647 0.034663 0.031135 0.021288 0.010543 0.005675 0.004829 0.006752 0.015436 0.037751 0.083627 0.166024 0.299267 0.500095 0.738456 0.887808 0.939267 0.935525 0.870358 0.705327 0.464671 0.278289 0.153737 0.079415 0.043148 
0.035513 0.029464 0.029791 0.033376 0.034657 0.033340 0.027001 0.015293 0.007606 0.005146 0.005550 0.010249 0.024890 0.057744 0.120261 0.226290 0.391233 0.625710 0.825369 0.919970 0.937864 0.910619 0.800326 0.587668 0.363751 0.209735 0.111819 0.058319 
0.044821 0.031732 0.029587 0.031464 0.034177 0.034163 0.030799 0.021316 0.010796 0.006069 0.005298 0.007363 0.016327 0.039040 0.085295 0.167836 0.301397 0.504132 0.738671 0.882258 0.931154 0.927647 0.865854 0.706792 0.468379 0.279730 0.155225 0.081233 
0.060112 0.036909 0.030391 0.030291 0.033055 0.034172 0.032900 0.026822 0.015461 0.007938 0.005587 0.006072 0.010982 0.025965 0.059225 0.122030 0.228239 0.394118 0.628795 0.822301 0.912818 0.929839 0.904036 0.798481 0.591284 0.366037 0.211163 0.113531 
0.083044 0.046425 0.032848 0.030329 0.031533 0.033753 0.033695 0.030462 0.021322 0.011053 0.006469 0.005769 0.007974 0.017215 0.040310 0.086934 0.169709 0.303720 0.508003 0.738422 0.876746 0.923456 0.920163 0.861228 0.707588 0.472120 0.281445 0.156821 
0.115288 0.061854 0.038254 0.031273 0.030780 0.032794 0.033731 0.032475 0.026630 0.015618 0.008275 0.006031 0.006596 0.011715 0.027030 0.060681 0.123803 0.230310 0.397078 0.631457 0.819036 0.905940 0.922221 0.897651 0.796246 0.594483 0.368526 0.212777 
0.158525 0.084842 0.047977 0.033953 0.030965 0.031670 0.033380 0.033260 0.030126 0.021312 0.011309 0.006873 0.006243 0.008586 0.018098 0.041564 0.088558 0.171633 0.306161 0.511666 0.737831 0.871316 0.916115 0.913007 0.856553 0.707909 0.475753 0.283369 
0.214552 0.117081 0.063554 0.039585 0.032086 0.031229 0.032613 0.033335 0.032070 0.026429 0.015763 0.008615 0.006479 0.007122 0.012446 0.028087 0.062120 0.125585 0.232466 0.400042 0.633751 0.815659 0.899316 0.914950 0.891448 0.793755 0.597299 0.371118 
0.285448 0.160324 0.086623 0.049511 0.035005 0.031551 0.031831 0.033064 0.032861 0.029797 0.021284 0.011563 0.007280 0.006720 0.009199 0.018977 0.042804 0.090174 0.173599 0.308667 0.515105 0.736986 0.865990 0.909087 0.906137 0.851875 0.707872 0.479222 
0.373754 0.216458 0.118900 0.065241 0.040877 0.032846 0.031656 0.032483 0.032988 0.031686 0.026222 0.015895 0.008956 0.006930 0.007650 0.013175 0.029134 0.063546 0.127379 0.234677 0.402964 0.635725 0.812226 0.892926 0.907981 0.885420 0.791091 0.599768 
0.482508 0.287639 0.162191 0.088409 0.051017 0.036006 0.032102 0.032006 0.032798 0.032500 0.029474 0.021242 0.011811 0.007690 0.007200 0.009812 0.019851 0.044034 0.091785 0.175595 0.311197 0.518318 0.735951 0.860782 0.902335 0.899520 0.847227 0.707554 
0.601931 0.376396 0.218457 0.120751 0.066915 0.042123 0.033578 0.032042 0.032402 0.032686 0.031328 0.026009 0.016013 0.009297 0.007384 0.008179 0.013903 0.030174 0.064963 0.129183 0.236922 0.405818 0.637421 0.808776 0.886752 0.901279 0.879558 0.788313 
0.707014 0.485608 0.289897 0.164120 0.090203 0.052489 0.036975 0.032618 0.032187 0.032580 0.032177 0.029163 0.021186 0.012055 0.008101 0.007682 0.010425 0.020720 0.045254 0.093394 0.177612 0.313725 0.521312 0.734771 0.855695 0.895832 0.893134 0.842626 
0.785458 0.603823 0.379011 0.220526 0.122636 0.068571 0.043337 0.034306 0.032348 0.032383 0.032429 0.030997 0.025795 0.016117 0.009636 0.007839 0.008711 0.014629 0.031207 0.066373 0.130994 0.239182 0.408584 0.638874 0.805332 0.880781 0.894820 0.873856 
0.838086 0.706295 0.488523 0.292194 0.166103 0.091999 0.053928 0.037937 0.033082 0.032361 0.032410 0.031892 0.028867 0.021116 0.012291 0.008513 0.008166 0.011039 0.021585 0.046467 0.095002 0.179642 0.316231 0.524097 0.733479 0.850732 0.889555 0.886959 
0.868307 0.782556 0.605476 0.381579 0.222650 0.124547 0.070204 0.044541 0.034993 0.032632 0.032386 0.032216 0.030693 0.025582 0.016207 0.009973 0.008296 0.009243 0.015353 0.032234 0.067778 0.132809 0.241443 0.411255 0.640115 0.801909 0.874997 0.888582 
