0.050017 0.032226 0.016292 0.009131 0.011340 0.028261 0.068632 0.147092 0.773531 1.478262 1.706086 1.919205 2.037067 2.037067 1.425546 0.699745 0.471750 0.280043 0.147092 0.068632 0.028261 0.011340 0.009131 0.016292 0.032224 0.050033 0.060247 0.060239 
0.056405 0.041836 0.023162 0.011816 0.009959 0.017961 0.045515 0.103101 0.391814 1.175723 1.594012 1.824552 1.992869 2.037067 1.807747 1.014705 0.581212 0.368552 0.206756 0.103101 0.045515 0.017961 0.009959 0.011816 0.023161 0.041843 0.056416 0.060244 
0.058804 0.050462 0.032096 0.016303 0.010656 0.012960 0.029294 0.070554 0.218567 0.767572 1.408337 1.717060 1.924225 2.020493 1.951072 1.436747 0.770354 0.468524 0.280387 0.149170 0.070554 0.029294 0.012960 0.010656 0.016303 0.032099 0.050473 0.058808 
0.058807 0.055675 0.042210 0.022932 0.012774 0.011520 0.019373 0.046808 0.131216 0.442945 1.117989 1.575393 1.834505 1.984393 1.994460 1.749523 1.076989 0.605227 0.367340 0.208203 0.105193 0.046808 0.019373 0.011520 0.012773 0.022932 0.042218 0.055683 
0.057635 0.057632 0.050234 0.032158 0.016740 0.011990 0.014465 0.030643 0.081891 0.258666 0.762258 1.371478 1.718602 1.926926 1.990685 1.902609 1.441609 0.811874 0.476440 0.280756 0.151120 0.072132 0.030643 0.014465 0.011990 0.016740 0.032162 0.050243 
0.054863 0.057634 0.054858 0.042198 0.023115 0.013771 0.012918 0.020841 0.051883 0.154587 0.469610 1.086426 1.562390 1.840835 1.966775 1.957656 1.718724 1.111046 0.626688 0.370342 0.209607 0.106938 0.048224 0.020841 0.012918 0.013771 0.023117 0.042206 
0.049770 0.056595 0.056593 0.049764 0.032242 0.017382 0.013238 0.015889 0.033472 0.094277 0.285559 0.757900 1.349098 1.720676 1.919548 1.963356 1.866917 1.445563 0.840366 0.486564 0.282716 0.152778 0.073664 0.032100 0.015889 0.013238 0.017382 0.032248 
0.042014 0.054036 0.056594 0.054032 0.042007 0.023472 0.014792 0.014232 0.022814 0.058472 0.173609 0.486597 1.066095 1.556475 1.839495 1.946928 1.927191 1.696854 1.134520 0.644720 0.375401 0.211394 0.108528 0.049713 0.022300 0.014232 0.014792 0.023475 
0.032327 0.049208 0.055635 0.055633 0.049202 0.032322 0.018117 0.014442 0.017450 0.037259 0.106106 0.305371 0.754172 1.337205 1.719933 1.906640 1.939526 1.838348 1.448120 0.862060 0.496897 0.285755 0.154454 0.075195 0.033588 0.017257 0.014442 0.018118 
0.023906 0.041740 0.053225 0.055634 0.053221 0.041733 0.023903 0.015820 0.015570 0.025255 0.065552 0.189436 0.498580 1.053948 1.553072 1.832514 1.927194 1.901584 1.679365 1.151957 0.660226 0.381346 0.213600 0.110118 0.051232 0.023733 0.015498 0.015821 
0.018893 0.032398 0.048617 0.054731 0.054729 0.048612 0.032393 0.018882 0.015664 0.019202 0.041577 0.117046 0.320850 0.752516 1.330970 1.715888 1.891689 1.917590 1.815051 1.449350 0.879485 0.506894 0.289440 0.156285 0.076752 0.035075 0.018586 0.015619 
0.016847 0.024367 0.041431 0.052438 0.054730 0.052435 0.041426 0.024351 0.016871 0.016991 0.028035 0.072675 0.202906 0.508201 1.047586 1.549569 1.822526 1.907878 1.879138 1.665096 1.165279 0.673797 0.387629 0.216159 0.111786 0.052765 0.025140 0.016732 
0.016775 0.019681 0.032463 0.048024 0.053871 0.053870 0.048020 0.032448 0.019676 0.016916 0.021147 0.046155 0.127091 0.333671 0.753307 1.327206 1.709498 1.875871 1.897100 1.795280 1.449867 0.893874 0.516376 0.293507 0.158304 0.078351 0.036551 0.019885 
0.017941 0.017865 0.024838 0.041111 0.051678 0.053870 0.051676 0.041099 0.024810 0.017951 0.018503 0.031054 0.079632 0.214676 0.516857 1.044925 1.545342 1.810827 1.889139 1.858918 1.653022 1.175881 0.685796 0.393983 0.218999 0.113558 0.054309 0.026523 
0.021169 0.017893 0.020480 0.032525 0.047441 0.053048 0.053047 0.047435 0.032490 0.020523 0.018158 0.023278 0.050840 0.136346 0.344874 0.756111 1.324500 1.701481 1.859772 1.877806 1.777929 1.448358 0.907673 0.525286 0.297798 0.160505 0.080001 0.038016 
0.027896 0.019122 0.018863 0.025320 0.040788 0.050946 0.053048 0.050943 0.040757 0.025306 0.019045 0.020078 0.034254 0.086350 0.225232 0.525154 1.044587 1.540327 1.798159 1.871043 1.840352 1.641855 1.184617 0.697117 0.400268 0.222053 0.115438 0.055866 
0.039481 0.022444 0.018960 0.021284 0.032591 0.046874 0.052260 0.052258 0.046860 0.032541 0.021393 0.019432 0.025523 0.055562 0.144943 0.355063 0.760394 1.322196 1.692361 1.843712 1.859534 1.762079 1.445579 0.920819 0.533863 0.302210 0.162865 0.081702 
0.057444 0.029269 0.020267 0.019832 0.025815 0.040473 0.050240 0.052259 0.050234 0.040419 0.025819 0.020167 0.021716 0.037549 0.092834 0.234910 0.533327 1.045690 1.534630 1.784978 1.853601 1.822989 1.631210 1.192005 0.707928 0.406499 0.225265 0.117415 
0.083455 0.040960 0.023697 0.019995 0.022075 0.032671 0.046325 0.051502 0.051500 0.046300 0.032599 0.022287 0.020748 0.027847 0.060260 0.153024 0.364576 0.765693 1.319984 1.682520 1.827867 1.842121 1.747245 1.442536 0.932745 0.542189 0.306709 0.165355 
0.119479 0.059053 0.030633 0.021383 0.020775 0.026309 0.040175 0.049560 0.051501 0.049550 0.040088 0.026346 0.021325 0.023410 0.040889 0.099098 0.243951 0.541439 1.047662 1.528400 1.771580 1.836776 1.806543 1.621120 1.198371 0.718082 0.412683 0.228600 
0.167953 0.085265 0.042447 0.024928 0.021003 0.022850 0.032760 0.045798 0.050773 0.050769 0.045758 0.032662 0.023208 0.022107 0.030226 0.064903 0.160694 0.373616 0.771644 1.317726 1.672238 1.812327 1.825438 1.733230 1.439411 0.943558 0.550218 0.311272 
0.232033 0.121626 0.060694 0.031988 0.022475 0.021696 0.026797 0.039896 0.048908 0.050772 0.048889 0.039765 0.026891 0.022520 0.025152 0.044244 0.105159 0.252514 0.549492 1.050124 1.521785 1.758155 1.820522 1.790860 1.611522 1.203925 0.727589 0.418791 
0.315869 0.170645 0.087131 0.043942 0.026140 0.021988 0.023609 0.032858 0.045295 0.050073 0.050066 0.045233 0.032734 0.024159 0.023507 0.032640 0.069474 0.168031 0.382300 0.777973 1.315366 1.661720 1.797134 1.809399 1.719901 1.436256 0.953407 0.557935 
0.424796 0.235543 0.123848 0.062363 0.033334 0.023545 0.022596 0.027280 0.039636 0.048281 0.050070 0.048253 0.039451 0.027456 0.023751 0.026932 0.047595 0.111037 0.260702 0.557461 1.052834 1.514911 1.744821 1.804800 1.775837 1.602347 1.208810 0.736495 
0.565340 0.320475 0.173419 0.089048 0.045444 0.027335 0.022952 0.024352 0.032963 0.044816 0.049399 0.049389 0.044725 0.032816 0.025141 0.024944 0.035078 0.073968 0.175092 0.390694 0.784483 1.312893 1.651107 1.782308 1.793939 1.707158 1.433084 0.962423 
0.744854 0.430682 0.239111 0.126138 0.064059 0.034673 0.024595 0.023477 0.027756 0.039392 0.047680 0.049395 0.047638 0.039147 0.028044 0.025018 0.028744 0.050929 0.116751 0.268583 0.565315 1.055635 1.507877 1.731654 1.789577 1.761396 1.593532 1.213129 
0.970713 0.572443 0.325072 0.176263 0.091012 0.046953 0.028514 0.023896 0.025082 0.033073 0.044358 0.048752 0.048736 0.044234 0.032912 0.026152 0.026415 0.037529 0.078385 0.181916 0.398837 0.791036 1.310314 1.640497 1.767856 1.779009 1.694924 1.429898 
1.216961 0.752715 0.436437 0.242723 0.128489 0.065780 0.036006 0.025628 0.024341 0.028227 0.039165 0.047104 0.048746 0.047046 0.038856 0.028687 0.026251 0.030616 0.054239 0.122316 0.276202 0.573027 1.058427 1.500759 1.718702 1.774827 1.747477 1.585029 
