0.000048 0.000395 0.001788 0.005850 0.015483 0.036285 0.078296 0.155905 0.282856 0.960231 1.677571 1.870055 1.976979 1.976846 1.869232 1.174038 0.456986 0.277404 0.151361 0.076590 0.038181 0.020101 0.011222 0.006043 0.002732 0.000883 0.000162 0.000011 
0.000025 0.000183 0.000961 0.003485 0.009970 0.024488 0.054640 0.112651 0.213213 0.552740 1.379513 1.784508 1.936883 1.976929 1.936474 1.595082 0.751060 0.360503 0.207973 0.109430 0.054845 0.027991 0.015199 0.008399 0.004204 0.001666 0.000451 0.000068 
0.000041 0.000084 0.000494 0.002005 0.006232 0.016225 0.037610 0.080163 0.157613 0.353106 0.957943 1.613588 1.874736 1.961912 1.961759 1.803395 1.179217 0.526028 0.277490 0.153207 0.078671 0.039660 0.020846 0.011473 0.006095 0.002770 0.000955 0.000217 
0.000107 0.000057 0.000243 0.001112 0.003779 0.010508 0.025493 0.056240 0.114525 0.240604 0.604356 1.328726 1.765909 1.929221 1.961854 1.902353 1.549533 0.805668 0.386227 0.209130 0.111498 0.056641 0.029073 0.015660 0.008527 0.004244 0.001728 0.000516 
0.000266 0.000076 0.000127 0.000592 0.002221 0.006636 0.016969 0.038897 0.081941 0.169091 0.392771 0.957363 1.581551 1.863900 1.949617 1.939541 1.762608 1.185928 0.565654 0.287745 0.154967 0.080658 0.041087 0.021582 0.011738 0.006164 0.002823 0.001021 
0.000573 0.000147 0.000095 0.000308 0.001261 0.004080 0.011062 0.026483 0.057779 0.120002 0.263864 0.632453 1.304737 1.747304 1.917473 1.945839 1.871932 1.524236 0.838445 0.408558 0.214048 0.113471 0.058365 0.030127 0.016126 0.008672 0.004301 0.001791 
0.001083 0.000313 0.000115 0.000175 0.000692 0.002437 0.007051 0.017718 0.040147 0.085025 0.181729 0.420068 0.959348 1.560071 1.850114 1.935201 1.918124 1.732308 1.191614 0.594080 0.299561 0.158075 0.082559 0.042466 0.022308 0.012014 0.006254 0.002885 
0.001855 0.000627 0.000189 0.000137 0.000376 0.001411 0.004385 0.011628 0.027462 0.059780 0.126898 0.283194 0.652090 1.290864 1.730712 1.903294 1.928797 1.846308 1.506321 0.862075 0.427692 0.220572 0.115889 0.060021 0.031154 0.016594 0.008835 0.004373 
0.002953 0.001142 0.000360 0.000157 0.000227 0.000794 0.002656 0.007473 0.018471 0.041561 0.088989 0.193899 0.441067 0.962608 1.544196 1.835388 1.919233 1.897864 1.708502 1.195997 0.616475 0.311327 0.162129 0.084580 0.043799 0.023024 0.012302 0.006361 
0.004457 0.001919 0.000679 0.000233 0.000183 0.000448 0.001563 0.004695 0.012199 0.028504 0.062232 0.134259 0.299701 0.667541 1.282196 1.715710 1.887791 1.911220 1.824182 1.492642 0.880317 0.444408 0.227772 0.118758 0.061689 0.032155 0.017065 0.009015 
0.006484 0.003026 0.001199 0.000406 0.000202 0.000282 0.000900 0.002877 0.007901 0.019252 0.043190 0.093458 0.205303 0.458321 0.966659 1.531632 1.820332 1.902434 1.878581 1.688975 1.199526 0.634953 0.322637 0.166772 0.086782 0.045116 0.023730 0.012604 
0.009211 0.004551 0.001984 0.000729 0.000278 0.000232 0.000524 0.001718 0.005008 0.012785 0.029648 0.065033 0.141683 0.314165 0.680575 1.276600 1.701807 1.871646 1.893489 1.804497 1.481731 0.895098 0.459239 0.235220 0.121986 0.063414 0.033141 0.017541 
0.012917 0.006619 0.003103 0.001256 0.000453 0.000249 0.000341 0.001008 0.003101 0.008336 0.020081 0.045025 0.098200 0.215945 0.473129 0.971238 1.521125 1.805226 1.885298 1.860117 1.672335 1.202551 0.650688 0.333381 0.171771 0.089163 0.046443 0.024432 
0.018023 0.009421 0.004653 0.002049 0.000780 0.000326 0.000284 0.000603 0.001877 0.005326 0.013394 0.030903 0.068084 0.149002 0.327107 0.692068 1.272932 1.688679 1.855271 1.875855 1.786551 1.472693 0.907560 0.472573 0.242701 0.125481 0.065214 0.034126 
0.025137 0.013242 0.006766 0.003184 0.001312 0.000501 0.000300 0.000404 0.001121 0.003329 0.008783 0.020969 0.047034 0.103076 0.225906 0.486231 0.976152 1.511950 1.790226 1.868136 1.842366 1.657692 1.205268 0.664427 0.343555 0.176971 0.091700 0.047797 
0.035121 0.018512 0.009642 0.004761 0.002116 0.000831 0.000375 0.000339 0.000685 0.002038 0.005650 0.014034 0.032267 0.071308 0.156142 0.338882 0.702492 1.270507 1.676134 1.838920 1.858472 1.769892 1.464948 0.918403 0.484705 0.250099 0.129165 0.067093 
0.049187 0.025849 0.013579 0.006922 0.003268 0.001370 0.000551 0.000352 0.000469 0.001236 0.003562 0.009246 0.021919 0.049186 0.108001 0.235274 0.498078 0.981247 1.503675 1.775431 1.851140 1.825255 1.644465 1.207770 0.676668 0.353193 0.182274 0.094367 
0.069046 0.036135 0.019012 0.009875 0.004876 0.002184 0.000882 0.000427 0.000396 0.000771 0.002204 0.005984 0.014709 0.033729 0.074650 0.163080 0.349734 0.712117 1.268888 1.664059 1.822749 1.841433 1.754223 1.458106 0.928066 0.495861 0.257357 0.132979 
0.097135 0.050617 0.026575 0.013927 0.007087 0.003356 0.001428 0.000601 0.000408 0.000537 0.001355 0.003801 0.009728 0.022932 0.051452 0.112927 0.244129 0.508960 0.986404 1.496033 1.760905 1.834426 1.808729 1.632278 1.210097 0.687751 0.362343 0.187613 
0.136879 0.071066 0.037172 0.019525 0.010118 0.004996 0.002254 0.000935 0.000480 0.000456 0.000860 0.002375 0.006329 0.015421 0.035277 0.078070 0.169812 0.359841 0.721105 1.267790 1.652388 1.806856 1.824790 1.739348 1.451904 0.936827 0.506213 0.264447 
0.192943 0.099983 0.052088 0.027318 0.014286 0.007260 0.003447 0.001487 0.000654 0.000465 0.000607 0.001478 0.004047 0.010233 0.024003 0.053806 0.117822 0.252541 0.519069 0.991531 1.488855 1.746689 1.818065 1.792749 1.620876 1.212262 0.697914 0.371055 
0.271355 0.140830 0.073145 0.038236 0.020051 0.010371 0.005122 0.002326 0.000990 0.000536 0.000518 0.000952 0.002551 0.006688 0.016170 0.036901 0.081538 0.176343 0.369328 0.729558 1.267022 1.641079 1.791299 1.808571 1.725132 1.446162 0.944869 0.515891 
0.379372 0.198238 0.102891 0.053600 0.028081 0.014657 0.007440 0.003542 0.001548 0.000708 0.000525 0.000681 0.001606 0.004302 0.010761 0.025129 0.056231 0.122669 0.260563 0.528538 0.996561 1.482030 1.732807 1.802094 1.777282 1.610088 1.214266 0.707324 
0.524996 0.278081 0.144807 0.075274 0.039328 0.020593 0.010634 0.005253 0.002400 0.001046 0.000594 0.000583 0.001047 0.002732 0.007061 0.016956 0.038588 0.085033 0.182685 0.378291 0.737543 1.266452 1.630105 1.776112 1.792789 1.711483 1.440756 0.952311 
0.716103 0.387333 0.203476 0.105842 0.055150 0.028864 0.015041 0.007627 0.003639 0.001610 0.000765 0.000587 0.000757 0.001737 0.004566 0.011313 0.026305 0.058709 0.127458 0.268243 0.537461 1.001447 1.475484 1.719274 1.786535 1.762299 1.599797 1.216107 
0.959240 0.533604 0.284627 0.148791 0.077445 0.040449 0.021152 0.010906 0.005388 0.002477 0.001104 0.000654 0.000651 0.001146 0.002920 0.007450 0.017778 0.040331 0.088540 0.188846 0.386798 0.745108 1.265990 1.619445 1.761312 1.777447 1.698331 1.435600 
1.217783 0.724340 0.394973 0.208648 0.108824 0.056735 0.029669 0.015438 0.007821 0.003740 0.001675 0.000823 0.000652 0.000837 0.001873 0.004841 0.011889 0.027527 0.061228 0.132181 0.275616 0.545908 1.006156 1.469166 1.706095 1.771396 1.747779 1.589918 
1.430635 0.965716 0.541776 0.290998 0.152770 0.079652 0.041597 0.021726 0.011188 0.005529 0.002556 0.001164 0.000716 0.000721 0.001248 0.003116 0.007855 0.018634 0.042119 0.092049 0.194838 0.394905 0.752288 1.265576 1.609084 1.746909 1.762540 1.685629 
