0.001701 0.000317 0.000083 0.000254 0.001267 0.005052 0.015481 0.038799 0.084640 0.165947 0.294774 0.472506 0.684470 0.874308 0.978439 0.977302 0.869173 0.673925 0.456362 0.276490 0.151341 0.079234 0.044742 0.030314 0.023126 0.017038 0.010618 0.005136 
0.003162 0.000865 0.000171 0.000147 0.000655 0.002813 0.009436 0.025529 0.058904 0.120860 0.224421 0.377527 0.576975 0.790102 0.939390 0.978013 0.936611 0.782439 0.563221 0.359586 0.207286 0.110586 0.059480 0.036623 0.026583 0.020082 0.013752 0.007621 
0.005121 0.001813 0.000434 0.000156 0.000338 0.001528 0.005566 0.016299 0.040056 0.086310 0.167440 0.294781 0.471459 0.689809 0.878579 0.963529 0.962487 0.873621 0.679013 0.454987 0.276486 0.153236 0.081502 0.046450 0.031161 0.023311 0.016892 0.010477 
0.007543 0.003226 0.000986 0.000260 0.000224 0.000807 0.003191 0.010096 0.026549 0.060371 0.122515 0.225334 0.376952 0.579122 0.797172 0.931673 0.963138 0.929032 0.789535 0.564986 0.358830 0.208422 0.112784 0.061505 0.037875 0.027057 0.020101 0.013552 
0.010336 0.005125 0.001917 0.000537 0.000238 0.000443 0.001774 0.006079 0.017129 0.041289 0.087903 0.168840 0.295043 0.471718 0.696605 0.877302 0.951339 0.950349 0.872457 0.685593 0.454939 0.276779 0.155058 0.083689 0.048089 0.031983 0.023528 0.016759 
0.013396 0.007480 0.003292 0.001092 0.000350 0.000314 0.000967 0.003554 0.010761 0.027570 0.061789 0.124081 0.226283 0.377072 0.583659 0.800286 0.923575 0.950968 0.921016 0.792647 0.569178 0.358805 0.209625 0.114902 0.063452 0.039080 0.027545 0.020101 
0.016650 0.010222 0.005138 0.002010 0.000632 0.000328 0.000559 0.002019 0.006580 0.017965 0.042504 0.089426 0.170193 0.295604 0.473391 0.702385 0.873918 0.940695 0.939736 0.869133 0.691163 0.456342 0.277407 0.156854 0.085792 0.049661 0.032801 0.023730 
0.020108 0.013268 0.007436 0.003355 0.001187 0.000442 0.000415 0.001136 0.003912 0.011420 0.028590 0.063167 0.125579 0.227318 0.377951 0.588669 0.801246 0.915654 0.940335 0.913140 0.793569 0.573873 0.359577 0.210944 0.116957 0.065318 0.040258 0.028017 
0.023929 0.016562 0.010133 0.005156 0.002093 0.000725 0.000425 0.000685 0.002267 0.007074 0.018797 0.043703 0.090893 0.171533 0.296523 0.475799 0.706996 0.869665 0.931080 0.930137 0.864901 0.695562 0.458517 0.278430 0.158657 0.087815 0.051185 0.033596 
0.028475 0.020129 0.013166 0.007405 0.003413 0.001275 0.000537 0.000522 0.001311 0.004267 0.012071 0.029602 0.064512 0.127032 0.228484 0.379375 0.593474 0.800988 0.908049 0.930726 0.905556 0.793245 0.578383 0.360934 0.212427 0.118960 0.067120 0.041400 
0.034365 0.024129 0.016497 0.010065 0.005177 0.002169 0.000816 0.000528 0.000818 0.002518 0.007563 0.019621 0.044885 0.092321 0.172891 0.297750 0.479347 0.709787 0.865067 0.922222 0.921287 0.860293 0.698633 0.461364 0.279801 0.160490 0.089775 0.052661 
0.042506 0.028921 0.020163 0.013088 0.007386 0.003466 0.001359 0.000636 0.000637 0.001492 0.004623 0.012716 0.030602 0.065831 0.128465 0.229785 0.381456 0.597857 0.799692 0.900789 0.921872 0.898298 0.792046 0.582486 0.362801 0.214071 0.120932 0.068866 
0.054089 0.035110 0.024332 0.016454 0.010014 0.005200 0.002240 0.000907 0.000636 0.000957 0.002773 0.008049 0.020435 0.046049 0.093722 0.174289 0.299326 0.483386 0.711367 0.860242 0.913966 0.913031 0.855506 0.700180 0.465040 0.281487 0.162368 0.091686 
0.070560 0.043574 0.029359 0.020213 0.013031 0.007375 0.003516 0.001441 0.000738 0.000757 0.001678 0.004978 0.013353 0.031588 0.067128 0.129894 0.231249 0.383978 0.601774 0.797699 0.893820 0.913615 0.891343 0.790068 0.586138 0.365209 0.215873 0.122891 
0.093557 0.055471 0.035833 0.024540 0.016431 0.009978 0.005223 0.002307 0.001002 0.000745 0.001105 0.003031 0.008531 0.021238 0.047195 0.095108 0.175748 0.301192 0.487477 0.712212 0.855300 0.906192 0.905263 0.850581 0.700935 0.468850 0.283497 0.164300 
0.124847 0.072208 0.044609 0.029789 0.020279 0.012992 0.007371 0.003564 0.001523 0.000841 0.000880 0.001872 0.005334 0.013984 0.032560 0.068407 0.131337 0.232869 0.386729 0.605244 0.795280 0.887107 0.905844 0.884641 0.787628 0.589356 0.367903 0.217842 
0.166300 0.095397 0.056811 0.036535 0.024756 0.016428 0.009955 0.005246 0.002374 0.001097 0.000856 0.001257 0.003294 0.009011 0.022031 0.048325 0.096487 0.177278 0.303258 0.491465 0.712538 0.850330 0.898818 0.897893 0.845611 0.701150 0.472603 0.285739 
0.219952 0.126809 0.073815 0.045611 0.030214 0.020360 0.012970 0.007371 0.003610 0.001606 0.000946 0.001006 0.002071 0.005693 0.014608 0.033519 0.069672 0.132803 0.234619 0.389583 0.608303 0.792597 0.880635 0.898471 0.878171 0.784903 0.592177 0.370743 
0.288142 0.168362 0.097214 0.058112 0.037219 0.024979 0.016441 0.009941 0.005271 0.002440 0.001194 0.000969 0.001413 0.003562 0.009489 0.022814 0.049440 0.097866 0.178876 0.305458 0.495277 0.712482 0.845391 0.891782 0.890859 0.840658 0.700972 0.476218 
0.373643 0.222173 0.128782 0.075387 0.046584 0.030636 0.020455 0.012962 0.007376 0.003658 0.001689 0.001053 0.001135 0.002274 0.006053 0.015226 0.034464 0.070928 0.134298 0.236470 0.392463 0.610993 0.789752 0.874386 0.891436 0.871918 0.782001 0.594644 
0.479657 0.290648 0.170478 0.099010 0.059379 0.037889 0.025210 0.016470 0.009936 0.005298 0.002507 0.001291 0.001084 0.001573 0.003834 0.009966 0.023587 0.050543 0.099250 0.180534 0.307739 0.498882 0.712138 0.840517 0.885042 0.884117 0.835759 0.700502 
0.596799 0.376548 0.224475 0.130765 0.076927 0.047533 0.031057 0.020565 0.012966 0.007386 0.003705 0.001773 0.001162 0.001267 0.002482 0.006416 0.015840 0.035398 0.072177 0.135819 0.238396 0.395318 0.613356 0.786809 0.868345 0.884695 0.865867 0.778993 
0.699811 0.482908 0.293216 0.172636 0.100790 0.060615 0.038547 0.025449 0.016513 0.009939 0.005327 0.002574 0.001391 0.001201 0.001736 0.004109 0.010442 0.024353 0.051635 0.100641 0.182241 0.310064 0.502271 0.711572 0.835725 0.878564 0.877634 0.830936 
0.775927 0.598681 0.379423 0.226834 0.132754 0.078439 0.048460 0.031478 0.020686 0.012980 0.007401 0.003754 0.001858 0.001272 0.001402 0.002693 0.006780 0.016450 0.036322 0.073423 0.137366 0.240375 0.398119 0.615428 0.783813 0.862499 0.878215 0.860006 
0.826200 0.698950 0.485970 0.295815 0.174824 0.102555 0.061825 0.039195 0.025696 0.016567 0.009949 0.005359 0.002643 0.001492 0.001321 0.001902 0.004387 0.010917 0.025111 0.052719 0.102039 0.183987 0.312405 0.505444 0.710833 0.831027 0.872322 0.871387 
0.854325 0.772833 0.600323 0.382247 0.229229 0.134747 0.079927 0.049369 0.031899 0.020818 0.013005 0.007420 0.003805 0.001945 0.001385 0.001539 0.002906 0.007146 0.017056 0.037238 0.074665 0.138935 0.242388 0.400847 0.617244 0.780793 0.856836 0.871971 
0.865354 0.821560 0.697955 0.488848 0.298421 0.177030 0.104304 0.063012 0.039835 0.025950 0.016633 0.009966 0.005393 0.002713 0.001595 0.001443 0.002071 0.004667 0.011393 0.025863 0.053796 0.103445 0.185763 0.314741 0.508409 0.709956 0.826428 0.866296 
0.865942 0.848813 0.769734 0.601755 0.385005 0.231642 0.136738 0.081394 0.050262 0.032322 0.020960 0.013037 0.007443 0.003857 0.002033 0.001500 0.001678 0.003123 0.007514 0.017660 0.038147 0.075906 0.140520 0.244420 0.403489 0.618832 0.777768 0.851345 
