0.028408 0.039318 0.071791 0.146491 0.274755 0.456211 0.674182 0.860258 1.500604 1.996056 1.900677 1.713764 1.494994 1.312987 0.659807 0.078554 0.031740 0.011004 0.003384 0.000977 0.000910 0.003347 0.009965 0.020542 0.031987 0.038551 0.038551 0.030764 
0.029291 0.032499 0.052859 0.103862 0.203928 0.358834 0.564619 0.767220 1.141759 1.810261 1.960289 1.818662 1.603766 1.403991 1.036303 0.302376 0.051888 0.019733 0.006542 0.001888 0.000935 0.001824 0.006133 0.014759 0.026766 0.036090 0.038551 0.034952 
0.031672 0.030494 0.040535 0.074530 0.147762 0.274526 0.455765 0.665919 0.932997 1.504074 1.904028 1.907179 1.718483 1.503878 1.241136 0.654689 0.149840 0.033440 0.012071 0.003752 0.001292 0.001268 0.003551 0.009907 0.020675 0.032285 0.037628 0.037202 
0.034531 0.030936 0.034259 0.054538 0.106242 0.204453 0.358336 0.557228 0.792343 1.201926 1.753652 1.905997 1.836418 1.614419 1.378524 0.978176 0.353709 0.079761 0.021124 0.007179 0.002218 0.001277 0.002124 0.006220 0.014739 0.027158 0.035625 0.037468 
0.036367 0.032366 0.032182 0.042279 0.076462 0.149534 0.274435 0.452156 0.670257 0.975326 1.509943 1.848868 1.879905 1.744471 1.498209 1.198907 0.650142 0.189821 0.044856 0.013029 0.004196 0.001630 0.001595 0.003766 0.009926 0.020955 0.032219 0.036777 
0.036623 0.034338 0.032251 0.035969 0.056360 0.108136 0.205506 0.356693 0.556159 0.811921 1.238403 1.717891 1.868266 1.829117 1.635193 1.355188 0.944652 0.380562 0.103196 0.026068 0.007829 0.002597 0.001608 0.002409 0.006347 0.014832 0.027396 0.035068 
0.036040 0.035741 0.033034 0.033645 0.044080 0.078325 0.151122 0.274372 0.450391 0.677003 1.003822 1.512660 1.811875 1.853585 1.751502 1.505951 1.166236 0.645961 0.216849 0.057271 0.015323 0.004682 0.001979 0.001908 0.003986 0.010022 0.021216 0.031997 
0.034524 0.035928 0.034350 0.033263 0.037635 0.058226 0.109905 0.206441 0.355786 0.557373 0.827886 1.261691 1.694456 1.837944 1.815304 1.646660 1.347864 0.917273 0.397714 0.122356 0.032383 0.009010 0.003001 0.001935 0.002687 0.006509 0.015026 0.027448 
0.031695 0.035401 0.035275 0.033671 0.034902 0.045903 0.080180 0.152565 0.274512 0.450049 0.684014 1.024507 1.514233 1.784136 1.829454 1.749232 1.513531 1.149043 0.638089 0.236862 0.069045 0.018526 0.005388 0.002335 0.002217 0.004215 0.010180 0.021417 
0.027377 0.034011 0.035354 0.034457 0.034133 0.039182 0.060132 0.111609 0.207344 0.355582 0.559728 0.840944 1.278194 1.677258 1.812460 1.799371 1.650817 1.347385 0.898158 0.408299 0.138291 0.039113 0.010697 0.003494 0.002261 0.002966 0.006702 0.015260 
0.021559 0.031356 0.034851 0.034946 0.034254 0.036026 0.047669 0.082054 0.153944 0.274900 0.450666 0.690702 1.044839 1.510709 1.761759 1.807551 1.742027 1.518461 1.140996 0.630827 0.251941 0.079857 0.022253 0.006349 0.002724 0.002526 0.004455 0.010378 
0.015484 0.027245 0.033528 0.034910 0.034600 0.034919 0.040614 0.062019 0.113311 0.208289 0.355932 0.562651 0.853508 1.290659 1.661891 1.790379 1.782980 1.649999 1.348966 0.886089 0.415534 0.151589 0.045842 0.012766 0.004108 0.002600 0.003249 0.006917 
0.010588 0.021650 0.030999 0.034392 0.034755 0.034720 0.037094 0.049352 0.083929 0.155339 0.275527 0.451907 0.697562 1.062037 1.506618 1.742196 1.787604 1.732187 1.520489 1.137758 0.625945 0.263787 0.089632 0.026252 0.007543 0.003165 0.002843 0.004706 
0.007145 0.015686 0.027069 0.033074 0.034619 0.034737 0.035610 0.041988 0.063851 0.115030 0.209336 0.356693 0.566075 0.864947 1.300440 1.648178 1.770576 1.766823 1.645873 1.350502 0.879280 0.421365 0.162862 0.052358 0.015107 0.004847 0.002964 0.003542 
0.004965 0.010798 0.021695 0.030629 0.034025 0.034678 0.035079 0.038111 0.050984 0.085776 0.156792 0.276383 0.453631 0.704325 1.076585 1.502477 1.724677 1.769169 1.720998 1.519990 1.135209 0.625396 0.273614 0.098454 0.030358 0.008930 0.003670 0.003181 
0.003850 0.007375 0.015859 0.026854 0.032670 0.034383 0.034879 0.036266 0.043317 0.065640 0.116756 0.210516 0.357800 0.569797 0.875259 1.308288 1.635791 1.752484 1.751105 1.639598 1.350571 0.876178 0.427427 0.172651 0.058573 0.017623 0.005704 0.003364 
0.003546 0.005233 0.010997 0.021690 0.030275 0.033679 0.034631 0.035461 0.039084 0.052569 0.087599 0.158305 0.277467 0.455709 0.710845 1.089019 1.498390 1.708724 1.751967 1.709117 1.517275 1.133340 0.627556 0.282452 0.106471 0.034469 0.010466 0.004242 
0.003807 0.004179 0.007605 0.015991 0.026630 0.032283 0.034170 0.035046 0.036923 0.044594 0.067391 0.118493 0.211829 0.359203 0.573665 0.884552 1.314685 1.624444 1.735751 1.735898 1.631820 1.349319 0.875594 0.433863 0.181464 0.064470 0.020245 0.006663 
0.004878 0.003946 0.005510 0.011178 0.021652 0.029927 0.033353 0.034608 0.035860 0.040034 0.054102 0.089404 0.159882 0.278762 0.458048 0.717056 1.099759 1.494371 1.693992 1.735843 1.696869 1.512873 1.132360 0.631062 0.290738 0.113871 0.038527 0.012113 
0.007708 0.004296 0.004533 0.007831 0.016089 0.026396 0.031912 0.033981 0.035234 0.037582 0.045832 0.069098 0.120246 0.213271 0.360854 0.577587 0.892945 1.319950 1.613903 1.720149 1.721228 1.622999 1.347181 0.876688 0.440468 0.189614 0.070083 0.022923 
0.013840 0.005575 0.004385 0.005799 0.011340 0.021586 0.029585 0.033048 0.034607 0.036271 0.040969 0.055588 0.091187 0.161524 0.280243 0.460577 0.722938 1.109124 1.490390 1.680172 1.720823 1.684392 1.507288 1.131985 0.635407 0.298625 0.120802 0.042510 
0.025624 0.008823 0.004831 0.004915 0.008054 0.016156 0.026152 0.031555 0.033828 0.035426 0.038241 0.047038 0.070765 0.122013 0.214836 0.362708 0.581504 0.901168 1.323692 1.603922 1.705579 1.707161 1.613424 1.344411 0.878881 0.447147 0.197272 0.075453 
0.046410 0.015623 0.006328 0.004863 0.006103 0.011484 0.021491 0.029244 0.032776 0.034627 0.036681 0.041891 0.057035 0.092949 0.163228 0.281891 0.463240 0.728727 1.117359 1.486129 1.667260 1.706568 1.672010 1.500827 1.131986 0.640281 0.306203 0.127364 
0.080616 0.028330 0.009997 0.005412 0.005328 0.008276 0.016191 0.025896 0.031220 0.033701 0.035629 0.038892 0.048222 0.072396 0.123793 0.216511 0.364730 0.585467 0.910133 1.325199 1.594422 1.691827 1.693609 1.603497 1.341114 0.881788 0.453837 0.204548 
0.133626 0.050229 0.017445 0.007142 0.005359 0.006433 0.011613 0.021367 0.028913 0.032530 0.034665 0.037093 0.042798 0.058453 0.094691 0.164987 0.283683 0.466033 0.734809 1.124596 1.481288 1.655078 1.692941 1.659817 1.493839 1.132147 0.645480 0.313523 
0.211512 0.085601 0.031027 0.011228 0.006028 0.005762 0.008510 0.016194 0.025631 0.030907 0.033597 0.035843 0.039536 0.049382 0.073999 0.125582 0.218285 0.366901 0.589618 0.918713 1.325805 1.585174 1.678742 1.680519 1.593435 1.337458 0.885097 0.460494 
0.320619 0.139639 0.053967 0.019303 0.008011 0.005862 0.006792 0.011735 0.021214 0.028592 0.032308 0.034720 0.037508 0.043690 0.059844 0.096420 0.166793 0.285604 0.468997 0.740868 1.130974 1.476214 1.643432 1.679853 1.647863 1.486558 1.132355 0.650842 
0.467075 0.218216 0.090427 0.033713 0.012514 0.006668 0.006211 0.008762 0.016170 0.025361 0.030613 0.033514 0.036067 0.040175 0.050521 0.075579 0.127382 0.220144 0.369228 0.593873 0.926750 1.325847 1.576173 1.666195 1.667856 1.583374 1.333569 0.888602 
