0.020550 0.010121 0.004382 0.004125 0.010295 0.028447 0.069199 0.149465 0.778829 1.482515 1.706181 1.908260 2.014416 2.009300 1.395790 0.677929 0.459504 0.275464 0.146171 0.068490 0.028767 0.014207 0.013588 0.021155 0.032228 0.038603 0.038566 0.031987 
0.026750 0.014749 0.006566 0.004222 0.006439 0.017873 0.045998 0.104392 0.395509 1.181384 1.597046 1.819211 1.974608 2.012498 1.778594 0.987473 0.564418 0.360641 0.204366 0.102586 0.045483 0.019745 0.013820 0.016426 0.026841 0.036212 0.038589 0.036094 
0.032278 0.020604 0.009928 0.005101 0.005053 0.011004 0.029849 0.071411 0.220861 0.772879 1.413402 1.716474 1.911598 1.998289 1.924784 1.406678 0.748536 0.456592 0.275692 0.147891 0.070114 0.030137 0.016042 0.014797 0.020787 0.032401 0.037698 0.037653 
0.035632 0.027104 0.014535 0.006917 0.005071 0.007285 0.018815 0.047791 0.132650 0.446549 1.124259 1.578432 1.827590 1.965780 1.970725 1.721306 1.049337 0.588683 0.359504 0.205539 0.104278 0.046890 0.021483 0.015264 0.017043 0.026681 0.035711 0.037681 
0.036913 0.032178 0.020706 0.010004 0.005763 0.005901 0.011885 0.031122 0.083235 0.260969 0.767869 1.376972 1.716882 1.913340 1.968870 1.877193 1.411726 0.790076 0.464692 0.275933 0.149424 0.071586 0.031788 0.017596 0.015931 0.020956 0.032079 0.036942 
0.036931 0.035133 0.027188 0.014547 0.007354 0.005815 0.008162 0.019847 0.053069 0.156400 0.473274 1.093295 1.564858 1.832727 1.948047 1.934491 1.691183 1.083390 0.610306 0.362532 0.206595 0.105750 0.048487 0.023126 0.016555 0.017815 0.026537 0.035119 
0.036252 0.036257 0.031929 0.020774 0.010244 0.006392 0.006695 0.012838 0.033766 0.095971 0.288144 0.763948 1.354538 1.717862 1.904802 1.942963 1.841556 1.416009 0.818684 0.474939 0.277677 0.150725 0.073131 0.033458 0.019020 0.017028 0.021261 0.031674 
0.034534 0.036255 0.034634 0.027126 0.014674 0.007836 0.006506 0.009037 0.021454 0.059709 0.175811 0.490592 1.073303 1.558248 1.829929 1.928653 1.904936 1.669300 1.107121 0.628501 0.367519 0.208031 0.107188 0.050140 0.024683 0.017775 0.018615 0.026425 
0.031240 0.035610 0.035647 0.031616 0.020816 0.010567 0.007005 0.007455 0.014009 0.037351 0.108029 0.308367 0.760677 1.342433 1.715708 1.891631 1.919759 1.813608 1.418584 0.840607 0.485323 0.280444 0.152135 0.074715 0.035093 0.020365 0.018090 0.021649 
0.026343 0.033967 0.035633 0.034136 0.026994 0.014856 0.008340 0.007173 0.009969 0.023582 0.066773 0.191990 0.503025 1.061435 1.553740 1.822144 1.909211 1.879952 1.652205 1.124627 0.644164 0.373313 0.209928 0.108700 0.051792 0.026172 0.018943 0.019425 
0.022079 0.030812 0.035008 0.035072 0.031270 0.020846 0.010930 0.007611 0.008222 0.015423 0.041480 0.119129 0.324281 0.759571 1.335575 1.710609 1.876561 1.898239 1.790889 1.420006 0.858195 0.495305 0.283851 0.153774 0.076335 0.036683 0.021654 0.019124 
0.020232 0.026290 0.033427 0.035048 0.033646 0.026823 0.015063 0.008855 0.007840 0.010999 0.026095 0.073856 0.205767 0.513159 1.055105 1.549227 1.811619 1.890110 1.857983 1.638389 1.138101 0.657820 0.379406 0.212233 0.110331 0.053431 0.027606 0.020073 
0.020132 0.022524 0.030413 0.034440 0.034522 0.030912 0.020866 0.011310 0.008221 0.009025 0.017055 0.045892 0.129292 0.337528 0.760791 1.331132 1.703411 1.860676 1.878062 1.771619 1.420831 0.872727 0.504708 0.287661 0.155657 0.077997 0.038233 0.022898 
0.021169 0.021029 0.026264 0.032919 0.034491 0.033168 0.026632 0.015280 0.009379 0.008522 0.012136 0.028872 0.080772 0.217806 0.522281 1.052335 1.544148 1.799528 1.871542 1.838146 1.626768 1.148933 0.669846 0.385554 0.214866 0.112090 0.055061 0.028994 
0.024121 0.021082 0.022992 0.030050 0.033902 0.033995 0.030552 0.020876 0.011699 0.008844 0.009878 0.018864 0.050427 0.138647 0.349113 0.763890 1.327796 1.694759 1.844537 1.859019 1.754705 1.421158 0.885197 0.513499 0.291721 0.157759 0.079705 0.039747 
0.030361 0.022222 0.021798 0.026278 0.032446 0.033960 0.032704 0.026431 0.015498 0.009915 0.009231 0.013377 0.031823 0.087455 0.228599 0.530963 1.051820 1.538426 1.786560 1.853588 1.819901 1.616586 1.157946 0.680608 0.391633 0.217752 0.113970 0.056685 
0.041250 0.025327 0.021957 0.023478 0.029733 0.033392 0.033489 0.030194 0.020878 0.012094 0.009488 0.010786 0.020812 0.054991 0.147338 0.359629 0.768361 1.324932 1.685131 1.828453 1.840955 1.739447 1.419181 0.898069 0.521734 0.295930 0.160049 0.081457 
0.058318 0.031719 0.023221 0.022527 0.026338 0.032008 0.033453 0.032254 0.026222 0.015713 0.010465 0.009974 0.014708 0.034883 0.093893 0.238490 0.539440 1.052713 1.532141 1.773144 1.836267 1.802890 1.606659 1.165634 0.691085 0.397591 0.220828 0.115955 
0.083257 0.042756 0.026494 0.022787 0.023956 0.029469 0.032911 0.033003 0.029842 0.020870 0.012494 0.010158 0.011750 0.022865 0.059534 0.155494 0.369421 0.773766 1.322230 1.674878 1.812596 1.823750 1.725131 1.416746 0.909918 0.529747 0.300224 0.162487 
0.118031 0.059976 0.033056 0.024177 0.023226 0.026428 0.031608 0.032968 0.031818 0.026008 0.015927 0.011034 0.010755 0.016117 0.038005 0.100102 0.247711 0.547791 1.054460 1.525420 1.759557 1.819567 1.786768 1.597159 1.172305 0.701002 0.403512 0.224042 
0.165042 0.085112 0.044261 0.027626 0.023583 0.024427 0.029249 0.032458 0.032537 0.029495 0.020853 0.012904 0.010860 0.012766 0.024995 0.064028 0.163218 0.378692 0.779766 1.319543 1.664255 1.797064 1.807268 1.711565 1.414138 0.920733 0.537504 0.304595 
0.227365 0.120192 0.061659 0.034369 0.025099 0.023899 0.026542 0.031245 0.032508 0.031396 0.025788 0.016140 0.011626 0.011575 0.017590 0.041161 0.106103 0.256419 0.556029 1.056700 1.518387 1.745985 1.803441 1.771379 1.588067 1.178160 0.710329 0.409380 
0.309018 0.167699 0.087020 0.045762 0.028725 0.024349 0.024890 0.029066 0.032034 0.032091 0.029154 0.020827 0.013326 0.011594 0.013830 0.027181 0.068461 0.170589 0.387563 0.786105 1.316804 1.653453 1.781895 1.791418 1.698629 1.411438 0.930625 0.544987 
0.415171 0.230778 0.122432 0.063363 0.035661 0.025990 0.024552 0.026675 0.030914 0.032070 0.030990 0.025561 0.016355 0.012243 0.012433 0.019116 0.044330 0.111919 0.264720 0.564138 1.059191 1.511155 1.732539 1.787847 1.756622 1.579334 1.183337 0.719098 
0.552193 0.313469 0.170445 0.088977 0.047258 0.029796 0.025091 0.025348 0.028915 0.031636 0.031665 0.028819 0.020794 0.013785 0.012314 0.014963 0.029407 0.072827 0.177668 0.396102 0.792596 1.313995 1.642606 1.767106 1.776138 1.686236 1.408674 0.939709 
0.727352 0.420868 0.234263 0.124742 0.065085 0.036933 0.026856 0.025188 0.026824 0.030612 0.031654 0.030597 0.025327 0.016597 0.012866 0.013307 0.020710 0.047495 0.117570 0.272686 0.572092 1.061781 1.503815 1.719290 1.772751 1.742424 1.570913 1.187936 
0.948082 0.559125 0.317930 0.173270 0.090976 0.048750 0.030843 0.025813 0.025801 0.028792 0.031263 0.031258 0.028489 0.020770 0.014265 0.013032 0.016139 0.031680 0.077121 0.184498 0.404353 0.799108 1.311118 1.631804 1.752703 1.761378 1.674317 1.405857 
1.192032 0.735133 0.426461 0.237804 0.127114 0.066823 0.038187 0.027701 0.025806 0.026988 0.030337 0.031261 0.030219 0.025096 0.016859 0.013494 0.014197 0.022355 0.050663 0.123068 0.280366 0.579868 1.064371 1.496434 1.706282 1.758125 1.728730 1.562762 
