0.109228 0.098044 0.087193 0.097455 0.155027 0.275816 0.455899 0.673634 0.870182 0.988802 1.002893 0.925719 0.762445 0.565578 0.382659 0.233511 0.125087 0.056092 0.019615 0.005040 0.001026 0.000401 0.001719 0.009220 0.027670 0.057060 0.088852 0.107087 
0.108425 0.104992 0.091262 0.091041 0.120327 0.207519 0.358445 0.562708 0.781649 0.942558 0.997609 0.973953 0.854844 0.666467 0.469897 0.302994 0.174370 0.086525 0.035115 0.011008 0.002610 0.000636 0.000895 0.004697 0.017076 0.040997 0.074350 0.099981 
0.105258 0.107138 0.097726 0.091124 0.102024 0.156685 0.275016 0.453910 0.677598 0.875336 0.976965 0.988738 0.926330 0.769314 0.565498 0.381661 0.233585 0.125893 0.057407 0.021098 0.006006 0.001376 0.000733 0.002353 0.009814 0.027594 0.057460 0.089314 
0.099044 0.106433 0.103257 0.093600 0.095211 0.123884 0.207892 0.356892 0.563398 0.788481 0.937382 0.984323 0.965335 0.859648 0.670759 0.469109 0.302575 0.174838 0.087628 0.036600 0.012244 0.003193 0.000974 0.001341 0.005354 0.017414 0.041016 0.075127 
0.089152 0.103662 0.105242 0.098031 0.094204 0.106165 0.158971 0.274268 0.452957 0.683140 0.875677 0.966720 0.977203 0.923329 0.775604 0.567140 0.380992 0.233641 0.126710 0.058780 0.022509 0.006864 0.001806 0.001112 0.002891 0.010378 0.027773 0.058032 
0.075561 0.098023 0.104649 0.102115 0.095639 0.098690 0.127463 0.208808 0.355688 0.566318 0.792095 0.931269 0.973272 0.957000 0.861198 0.676175 0.469217 0.302264 0.175300 0.088788 0.038066 0.013363 0.003790 0.001372 0.001779 0.005921 0.017837 0.041294 
0.058552 0.088772 0.102165 0.103699 0.098560 0.096783 0.109861 0.161564 0.274056 0.453034 0.688138 0.873828 0.957521 0.967170 0.919040 0.779839 0.570437 0.380741 0.233726 0.127570 0.060175 0.023824 0.007682 0.002279 0.001525 0.003383 0.010907 0.028123 
0.041712 0.075765 0.096950 0.103124 0.101352 0.097450 0.101687 0.130884 0.210211 0.355235 0.569747 0.793733 0.924930 0.963551 0.949121 0.860824 0.681450 0.470254 0.302126 0.175803 0.089992 0.039473 0.014410 0.004399 0.001807 0.002222 0.006437 0.018304 
0.028565 0.059016 0.088234 0.100809 0.102459 0.099179 0.099039 0.113166 0.164281 0.274511 0.453805 0.692154 0.870903 0.949068 0.958140 0.914206 0.782521 0.574446 0.380964 0.233901 0.128486 0.061551 0.025060 0.008477 0.002779 0.001963 0.003854 0.011414 
0.018791 0.042282 0.075706 0.095887 0.101840 0.100837 0.099091 0.104336 0.134100 0.212007 0.355525 0.573048 0.794102 0.918622 0.954738 0.941665 0.859332 0.686208 0.471903 0.302226 0.176383 0.091213 0.040817 0.015408 0.005018 0.002269 0.002672 0.006926 
0.011907 0.029083 0.059408 0.087575 0.099608 0.101464 0.099839 0.101058 0.116153 0.167036 0.275565 0.455036 0.695200 0.867413 0.941195 0.949836 0.909156 0.784119 0.578625 0.381585 0.234221 0.129451 0.062891 0.026235 0.009258 0.003300 0.002420 0.004318 
0.007401 0.019296 0.042872 0.075508 0.094863 0.100768 0.100651 0.100296 0.106871 0.137121 0.214094 0.356432 0.576025 0.793610 0.912446 0.946595 0.934581 0.857182 0.690372 0.473896 0.302579 0.177060 0.092433 0.042104 0.016369 0.005644 0.002750 0.003132 
0.004780 0.012395 0.029624 0.059717 0.086867 0.098554 0.100724 0.100459 0.102762 0.119037 0.169767 0.277093 0.456823 0.697161 0.863614 0.933789 0.942090 0.904054 0.784954 0.582697 0.382513 0.234708 0.130460 0.064194 0.027360 0.010028 0.003835 0.002893 
0.003601 0.007872 0.019808 0.043431 0.075225 0.093900 0.099910 0.100592 0.101323 0.109153 0.140095 0.216356 0.357907 0.578652 0.792422 0.906436 0.938977 0.927827 0.854637 0.693961 0.476057 0.303166 0.177836 0.093648 0.043339 0.017302 0.006275 0.003247 
0.003379 0.005247 0.012882 0.030158 0.059946 0.086146 0.097571 0.100251 0.100951 0.104350 0.121735 0.172561 0.278970 0.459252 0.698007 0.859613 0.926774 0.934796 0.898987 0.785235 0.586536 0.383666 0.235358 0.131507 0.065460 0.028444 0.010789 0.004382 
0.003755 0.004080 0.008343 0.020315 0.043937 0.074893 0.092952 0.099159 0.100601 0.102313 0.111294 0.142968 0.218817 0.359877 0.580964 0.790616 0.900586 0.931788 0.921367 0.851854 0.696504 0.478802 0.303955 0.178707 0.094854 0.044532 0.018210 0.006910 
0.004938 0.003877 0.005719 0.013366 0.030670 0.060110 0.085404 0.096651 0.099880 0.101423 0.105895 0.124295 0.175370 0.281196 0.461846 0.698250 0.855447 0.920087 0.927880 0.893997 0.784908 0.590090 0.385179 0.236156 0.132589 0.066693 0.029493 0.011542 
0.007547 0.004275 0.004568 0.008817 0.020810 0.044391 0.074513 0.092029 0.098476 0.100652 0.103293 0.113354 0.145748 0.221439 0.362168 0.582980 0.788418 0.894873 0.924958 0.915174 0.848854 0.698216 0.481910 0.304986 0.179664 0.096054 0.045687 0.019099 
0.012288 0.005502 0.004385 0.006198 0.013845 0.031152 0.060210 0.084655 0.095786 0.099564 0.101914 0.107396 0.126759 0.178182 0.283674 0.464485 0.698072 0.851192 0.913676 0.921289 0.889081 0.784074 0.593349 0.386998 0.237111 0.133704 0.067898 0.030514 
0.019971 0.008187 0.004804 0.005065 0.009292 0.021292 0.044789 0.074097 0.091140 0.097853 0.100739 0.104264 0.115343 0.148463 0.224169 0.364665 0.584740 0.785961 0.889293 0.918434 0.909211 0.845677 0.699426 0.485068 0.306244 0.180707 0.097248 0.046811 
0.031509 0.013029 0.006072 0.004902 0.006683 0.014320 0.031603 0.060250 0.083910 0.094975 0.099296 0.102421 0.108859 0.129148 0.180993 0.286318 0.467112 0.697587 0.846901 0.907506 0.914975 0.884233 0.782892 0.596319 0.388995 0.238216 0.134850 0.069080 
0.047908 0.020828 0.008827 0.005341 0.005570 0.009769 0.021756 0.045129 0.073654 0.090285 0.097285 0.100859 0.105226 0.117272 0.151126 0.226970 0.367281 0.586284 0.783333 0.883846 0.912174 0.903447 0.842387 0.700259 0.488183 0.307679 0.181834 0.098440 
0.070243 0.032484 0.013764 0.006648 0.005427 0.007173 0.014789 0.032019 0.060234 0.083174 0.094214 0.099072 0.102943 0.110289 0.131473 0.183799 0.289068 0.469691 0.696875 0.842612 0.901551 0.908902 0.879459 0.781457 0.599018 0.391099 0.239450 0.136029 
0.099633 0.048983 0.021673 0.009469 0.005885 0.006081 0.010248 0.022203 0.045413 0.073191 0.089466 0.096766 0.101008 0.106182 0.119151 0.153743 0.229816 0.369960 0.587644 0.780593 0.878530 0.906145 0.897860 0.839027 0.700792 0.491210 0.309246 0.183035 
0.137240 0.071391 0.033440 0.014494 0.007229 0.005958 0.007668 0.015251 0.032401 0.060169 0.082451 0.093499 0.098887 0.103478 0.111692 0.133744 0.186594 0.291879 0.472201 0.695995 0.838352 0.895790 0.903038 0.874762 0.779835 0.601467 0.393258 0.240789 
0.184302 0.100828 0.050040 0.022507 0.010112 0.006435 0.006600 0.010726 0.022630 0.045644 0.072714 0.088682 0.096292 0.101182 0.107132 0.120988 0.156320 0.232682 0.372660 0.588844 0.777789 0.873344 0.900320 0.892435 0.835630 0.701081 0.494125 0.310909 
0.242214 0.138479 0.072527 0.034381 0.015220 0.007814 0.006497 0.008168 0.015706 0.032748 0.060059 0.081743 0.092827 0.098737 0.104025 0.113072 0.135970 0.189372 0.294719 0.474631 0.694990 0.834139 0.890204 0.897363 0.870148 0.778074 0.603687 0.395441 
0.312641 0.185624 0.102027 0.051081 0.023331 0.010756 0.006991 0.007123 0.011203 0.023039 0.045824 0.072226 0.087932 0.095860 0.101381 0.108079 0.122790 0.158858 0.235553 0.375355 0.589906 0.774950 0.868285 0.894679 0.887157 0.832218 0.701169 0.496919 
