0.022793 0.021505 0.031620 0.068938 0.146043 0.274883 0.456792 0.671285 1.384895 1.998909 2.006855 1.908034 1.713764 1.493111 0.789723 0.156108 0.071911 0.029028 0.010423 0.003264 0.001822 0.003478 0.009990 0.020544 0.031988 0.038552 0.038551 0.031477 
0.026411 0.021988 0.025298 0.046878 0.102517 0.203996 0.359204 0.559965 0.978150 1.767660 2.003875 1.969797 1.822830 1.606735 1.193037 0.404238 0.108845 0.047435 0.018295 0.006129 0.002363 0.002443 0.006127 0.014762 0.026765 0.036090 0.038551 0.035898 
0.031376 0.023647 0.023229 0.033805 0.070440 0.147527 0.274884 0.453890 0.741880 1.395652 1.915295 1.991096 1.910425 1.723423 1.424587 0.783850 0.227294 0.074106 0.030743 0.011162 0.003775 0.002393 0.003834 0.009826 0.020677 0.032286 0.037629 0.037557 
0.035230 0.026791 0.023386 0.027195 0.048865 0.103927 0.204922 0.357931 0.584262 1.039809 1.710953 1.962671 1.960844 1.830215 1.587984 1.136433 0.455151 0.136972 0.049452 0.019428 0.006718 0.002911 0.002933 0.006261 0.014644 0.027170 0.035625 0.037602 
0.036712 0.031140 0.024663 0.024814 0.035797 0.072222 0.148683 0.274925 0.461932 0.783384 1.400860 1.868277 1.961986 1.911630 1.723050 1.388374 0.779120 0.267229 0.086025 0.032276 0.011960 0.004339 0.002919 0.004184 0.009821 0.020898 0.032207 0.036860 
0.036805 0.034604 0.027205 0.024720 0.028952 0.050830 0.105448 0.205581 0.360832 0.605852 1.073876 1.681282 1.926845 1.943102 1.834618 1.573974 1.105899 0.481839 0.160695 0.054971 0.020531 0.007374 0.003452 0.003394 0.006456 0.014679 0.027356 0.035115 
0.036171 0.035980 0.030940 0.025652 0.026307 0.037685 0.074046 0.149825 0.276317 0.472121 0.811989 1.405387 1.832726 1.937006 1.902421 1.723316 1.365865 0.775502 0.294339 0.098923 0.035091 0.012798 0.004930 0.003415 0.004542 0.009922 0.021075 0.031994 
0.034605 0.036099 0.034066 0.027666 0.025897 0.030656 0.052743 0.107008 0.206732 0.365555 0.624047 1.097753 1.659439 1.897901 1.924036 1.830933 1.566884 1.086148 0.499203 0.180183 0.061814 0.022142 0.008070 0.003983 0.003838 0.006701 0.014807 0.027378 
0.031708 0.035539 0.035337 0.030833 0.026561 0.027682 0.039533 0.075853 0.151188 0.278756 0.482342 0.833998 1.408002 1.805211 1.914236 1.889123 1.720277 1.353602 0.772461 0.314611 0.111162 0.038778 0.013858 0.005534 0.003892 0.004911 0.010098 0.021202 
0.027289 0.034102 0.035463 0.033593 0.028163 0.026981 0.032266 0.054635 0.108644 0.208443 0.371047 0.639662 1.115306 1.642629 1.873351 1.904818 1.822666 1.561668 1.074428 0.511736 0.196503 0.069037 0.024243 0.008861 0.004508 0.004275 0.006984 0.014985 
0.021286 0.031377 0.034953 0.034762 0.030792 0.027424 0.028963 0.041315 0.077684 0.152820 0.281894 0.492103 0.851605 1.409583 1.782897 1.893018 1.874011 1.714523 1.346328 0.771581 0.330649 0.122436 0.042964 0.015173 0.006169 0.004362 0.005291 0.010323 
0.015172 0.027146 0.033612 0.034881 0.033174 0.028687 0.028001 0.033787 0.056497 0.110406 0.210615 0.376857 0.653192 1.128868 1.629139 1.851723 1.885891 1.811827 1.556514 1.068047 0.522025 0.210450 0.076240 0.026720 0.009772 0.005040 0.004710 0.007294 
0.010571 0.021335 0.031029 0.034405 0.034241 0.030803 0.028258 0.030171 0.043027 0.079552 0.154723 0.285481 0.501263 0.866112 1.410640 1.763983 1.873078 1.858117 1.706827 1.341425 0.772925 0.344067 0.132758 0.047408 0.016719 0.006855 0.004834 0.005679 
0.007619 0.015353 0.026972 0.033139 0.034344 0.032820 0.029213 0.028976 0.035231 0.058331 0.112307 0.213154 0.382744 0.665054 1.139814 1.617843 1.832167 1.867467 1.799513 1.550890 1.065106 0.531302 0.222668 0.083251 0.029460 0.010807 0.005592 0.005151 
0.006076 0.010828 0.021358 0.030676 0.033892 0.033772 0.030855 0.029064 0.031321 0.044675 0.081459 0.156871 0.289356 0.509809 0.878378 1.411383 1.747383 1.854230 1.841985 1.697785 1.337643 0.776061 0.355833 0.142256 0.051963 0.018454 0.007603 0.005316 
0.005601 0.007953 0.015522 0.026780 0.032686 0.033847 0.032523 0.029736 0.029911 0.036611 0.060138 0.114337 0.215980 0.388587 0.675579 1.148952 1.608027 1.814162 1.849638 1.786379 1.544707 1.064363 0.540115 0.233634 0.090012 0.032376 0.011958 0.006174 
0.005816 0.006483 0.011086 0.021359 0.030326 0.033412 0.033350 0.030964 0.029802 0.032445 0.046271 0.083404 0.159228 0.293413 0.517785 0.890755 1.410107 1.732427 1.836335 1.825916 1.687845 1.334369 0.780506 0.366517 0.151075 0.056542 0.020338 0.008414 
0.006790 0.006066 0.008293 0.015677 0.026577 0.032254 0.033389 0.032295 0.030237 0.030793 0.037961 0.061924 0.116479 0.219025 0.394325 0.685695 1.156762 1.598569 1.797369 1.832428 1.772837 1.538032 1.065002 0.548693 0.243682 0.096517 0.035405 0.013210 
0.009288 0.006338 0.006901 0.011340 0.021340 0.029984 0.032963 0.032978 0.031129 0.030446 0.033550 0.047843 0.085378 0.161753 0.297581 0.525502 0.902424 1.408041 1.718437 1.819281 1.810081 1.677336 1.331295 0.785845 0.376457 0.159343 0.061096 0.022336 
0.014550 0.007444 0.006549 0.008636 0.015815 0.026370 0.031844 0.032973 0.032139 0.030702 0.031610 0.039298 0.063705 0.118710 0.222235 0.400030 0.695338 1.163549 1.589433 1.781464 1.815831 1.759152 1.530978 1.066489 0.557117 0.253042 0.102784 0.038502 
0.024420 0.010221 0.006885 0.007332 0.011589 0.021305 0.029650 0.032550 0.032660 0.031316 0.031042 0.034606 0.049412 0.087383 0.164408 0.301849 0.532994 0.913121 1.405722 1.705157 1.802943 1.794576 1.666502 1.328273 0.791751 0.385852 0.167166 0.065602 
0.041638 0.015962 0.008136 0.007052 0.008984 0.015936 0.026159 0.031448 0.032619 0.032023 0.031145 0.032379 0.040604 0.065502 0.121014 0.225576 0.405708 0.704435 1.169508 1.580645 1.766273 1.799806 1.745502 1.523656 1.068470 0.565400 0.261869 0.108836 
0.070047 0.026569 0.011206 0.007459 0.007777 0.011833 0.021255 0.029318 0.032180 0.032395 0.031509 0.031608 0.035618 0.050969 0.089431 0.167164 0.306196 0.540247 0.922920 1.403265 1.692471 1.787231 1.779442 1.655522 1.325231 0.797978 0.394822 0.174623 
0.114697 0.044794 0.017436 0.008864 0.007578 0.009337 0.016043 0.025937 0.031080 0.032314 0.031952 0.031546 0.033124 0.041875 0.067311 0.123388 0.229018 0.411345 0.713006 1.174776 1.572174 1.751696 1.784310 1.731998 1.516173 1.070713 0.573530 0.270270 
0.181775 0.074427 0.028766 0.012239 0.008060 0.008238 0.012072 0.021185 0.028997 0.031851 0.032179 0.031704 0.032138 0.036603 0.052508 0.091519 0.170009 0.310594 0.547259 0.931924 1.400710 1.680299 1.772080 1.764693 1.644525 1.322147 0.804347 0.403439 
0.278317 0.120390 0.047955 0.018959 0.009627 0.008127 0.009698 0.016131 0.025711 0.030740 0.032056 0.031941 0.031867 0.033866 0.043125 0.069125 0.125830 0.232540 0.416916 0.721091 1.179452 1.563980 1.737662 1.769310 1.718707 1.508612 1.073063 0.581487 
0.411747 0.188667 0.078743 0.030999 0.013314 0.008689 0.008716 0.012307 0.021097 0.028690 0.031563 0.032008 0.031895 0.032617 0.037588 0.054033 0.093639 0.172934 0.315020 0.554029 0.940227 1.398072 1.668575 1.757442 1.750334 1.633596 1.319020 0.810728 
0.589250 0.286063 0.125932 0.051114 0.020524 0.010424 0.008699 0.010066 0.016201 0.025483 0.030430 0.031841 0.031951 0.032165 0.034571 0.044377 0.070941 0.128326 0.236128 0.422409 0.728729 1.183611 1.556028 1.724117 1.754776 1.705669 1.501038 1.075424 
