0.240946 0.240946 0.199916 0.128385 0.062256 0.019705 0.504736 1.000306 1.000230 1.003782 1.020736 1.069210 0.629071 0.192276 0.240946 0.240946 0.199916 0.128385 0.062256 0.020736 0.003782 0.000230 0.000230 0.003782 0.020736 0.062256 0.128385 0.199916 
0.225560 0.240946 0.225560 0.167288 0.092373 0.035661 0.201592 0.813150 1.000268 1.001562 1.010584 1.047092 0.903740 0.356074 0.216611 0.240946 0.225560 0.167288 0.092244 0.038425 0.010584 0.001562 0.000230 0.001562 0.010584 0.038425 0.092244 0.167288 
0.201784 0.235176 0.235176 0.201784 0.129635 0.056928 0.097885 0.504723 0.929937 1.000915 1.005107 1.029966 0.993335 0.629421 0.268909 0.228778 0.235176 0.201784 0.129209 0.062087 0.022152 0.005112 0.000729 0.000729 0.005112 0.022152 0.062087 0.129209 
0.169713 0.222654 0.235176 0.222654 0.170555 0.084263 0.072287 0.255569 0.759312 0.973774 1.003011 1.018060 1.016229 0.851863 0.409118 0.243827 0.231977 0.222654 0.169713 0.092250 0.039258 0.012050 0.002373 0.000729 0.002373 0.012050 0.039258 0.092250 
0.130988 0.201236 0.230480 0.230480 0.201552 0.122393 0.076778 0.141018 0.503543 0.889697 0.990166 1.012417 1.017374 0.954363 0.630606 0.307293 0.237586 0.227316 0.201636 0.130988 0.062531 0.023462 0.006207 0.001346 0.001346 0.006207 0.023462 0.062531 
0.093086 0.171014 0.219514 0.230480 0.219632 0.164058 0.093884 0.100868 0.284995 0.729377 0.949709 1.003453 1.015515 0.993745 0.825022 0.437248 0.265010 0.232451 0.216402 0.171659 0.093086 0.040270 0.013285 0.003169 0.001346 0.003169 0.013285 0.040270 
0.063449 0.132589 0.199955 0.226368 0.226412 0.197436 0.122024 0.096503 0.170789 0.502660 0.860366 0.981791 1.010992 1.007351 0.927752 0.631575 0.333669 0.246667 0.224426 0.197617 0.133382 0.063449 0.024669 0.007190 0.002029 0.002029 0.007190 0.024669 
0.041396 0.094446 0.171391 0.216458 0.226395 0.215546 0.159298 0.106073 0.124360 0.304526 0.707819 0.932607 1.000042 1.009626 0.977046 0.806736 0.456475 0.282073 0.235547 0.211593 0.170178 0.095233 0.041396 0.014390 0.003965 0.002029 0.003965 0.014390 
0.025821 0.064666 0.133917 0.198316 0.222669 0.222327 0.192719 0.126033 0.112931 0.194208 0.500595 0.839882 0.973555 1.006032 0.997409 0.909107 0.632117 0.353289 0.255988 0.223570 0.193068 0.134258 0.064961 0.025821 0.008116 0.002755 0.002755 0.008116 
0.015425 0.042601 0.096097 0.171122 0.213536 0.222541 0.211181 0.157313 0.117844 0.143410 0.319263 0.691828 0.919368 0.993853 1.002798 0.963218 0.794198 0.470242 0.296528 0.239539 0.208319 0.167202 0.097151 0.042711 0.015425 0.004765 0.002755 0.004765 
0.009014 0.026949 0.066059 0.134995 0.196505 0.219164 0.218281 0.187761 0.132645 0.127431 0.212550 0.499084 0.824730 0.964803 0.999444 0.987956 0.894888 0.632807 0.368795 0.264813 0.223929 0.188997 0.133842 0.066537 0.026990 0.009014 0.003509 0.003509 
0.005573 0.016428 0.043857 0.097727 0.170606 0.210667 0.218833 0.206725 0.157039 0.129386 0.159351 0.330641 0.680215 0.907946 0.986454 0.995136 0.951619 0.784974 0.481038 0.308916 0.243627 0.206463 0.163947 0.098238 0.044067 0.016443 0.005573 0.003509 
0.004283 0.009902 0.028070 0.067486 0.135893 0.194624 0.215771 0.214292 0.183826 0.139756 0.140623 0.227330 0.498372 0.812733 0.955928 0.991880 0.978817 0.883688 0.633691 0.381623 0.272756 0.225045 0.185874 0.132550 0.067834 0.028161 0.009908 0.004283 
0.004283 0.006390 0.017417 0.045122 0.099275 0.169956 0.207840 0.215216 0.202683 0.157983 0.140081 0.173247 0.339809 0.671534 0.897736 0.978398 0.986981 0.941511 0.778048 0.490016 0.319545 0.247833 0.205460 0.160981 0.098486 0.045320 0.017456 0.006392 
0.005074 0.005073 0.010789 0.029185 0.068893 0.136649 0.192712 0.212450 0.210516 0.181004 0.146794 0.152518 0.239853 0.498217 0.802827 0.947077 0.983763 0.969930 0.874528 0.634908 0.392436 0.280022 0.226646 0.183484 0.130819 0.068740 0.029288 0.010805 
0.007223 0.005074 0.007217 0.018402 0.046375 0.100727 0.169221 0.205048 0.211725 0.199207 0.160210 0.148941 0.185984 0.347656 0.664786 0.888397 0.970005 0.978575 0.932425 0.772745 0.497771 0.328849 0.252057 0.205065 0.158339 0.098128 0.046393 0.018452 
0.011703 0.005880 0.005877 0.011679 0.030290 0.070254 0.137289 0.190779 0.209221 0.207031 0.179552 0.153167 0.162832 0.251242 0.498479 0.794342 0.938331 0.975362 0.961269 0.866777 0.636413 0.401794 0.286728 0.228528 0.181702 0.128860 0.069286 0.030334 
0.019417 0.008064 0.005878 0.008053 0.019383 0.047603 0.102081 0.168415 0.202305 0.208400 0.196316 0.163061 0.156791 0.197194 0.355007 0.659317 0.879707 0.961475 0.970077 0.924073 0.768579 0.504691 0.337153 0.256206 0.205115 0.156033 0.097337 0.047270 
0.031281 0.012594 0.006698 0.006694 0.012574 0.031382 0.071559 0.137821 0.188835 0.206114 0.203868 0.178962 0.159143 0.171942 0.261424 0.499340 0.786839 0.929737 0.966851 0.952825 0.860012 0.638141 0.410098 0.292948 0.230409 0.180574 0.126808 0.069526 
0.047959 0.020339 0.008909 0.006695 0.008899 0.020362 0.048800 0.103336 0.167545 0.199634 0.205272 0.193612 0.166575 0.163942 0.207098 0.361828 0.654967 0.871511 0.952933 0.961592 0.916267 0.765209 0.511029 0.344696 0.260091 0.205492 0.154182 0.096227 
0.069512 0.032125 0.013472 0.007526 0.007521 0.013473 0.032459 0.072805 0.138246 0.186896 0.203158 0.200900 0.178965 0.164930 0.180126 0.270516 0.500670 0.780129 0.921318 0.958345 0.944595 0.853955 0.640028 0.417647 0.298643 0.232380 0.179837 0.124825 
0.094965 0.048477 0.021211 0.009756 0.007523 0.009753 0.021336 0.049962 0.104488 0.166620 0.197060 0.202311 0.191404 0.170193 0.170628 0.215922 0.368123 0.651520 0.863744 0.944460 0.953189 0.908886 0.762402 0.516972 0.351552 0.263796 0.206109 0.152640 
0.122930 0.069318 0.032867 0.014331 0.008360 0.008359 0.014376 0.033519 0.073987 0.138564 0.184988 0.200342 0.198221 0.179435 0.170356 0.187668 0.278659 0.502319 0.774070 0.913100 0.949915 0.936575 0.848417 0.642054 0.424554 0.303916 0.234425 0.179374 
0.150972 0.093979 0.048853 0.022028 0.010599 0.008360 0.010615 0.022306 0.051087 0.105531 0.165660 0.194584 0.199547 0.189698 0.173761 0.176848 0.223953 0.373905 0.648773 0.856362 0.936109 0.944913 0.901848 0.760011 0.522589 0.357841 0.267365 0.206900 
0.178936 0.121125 0.069129 0.033516 0.015165 0.009200 0.009206 0.015282 0.034561 0.075102 0.138786 0.183117 0.197686 0.195853 0.180498 0.174918 0.194898 0.286073 0.504135 0.768548 0.905104 0.941611 0.928764 0.843276 0.644164 0.430931 0.308852 0.236565 
0.207750 0.149326 0.093079 0.049165 0.022792 0.011437 0.009202 0.011485 0.023271 0.052173 0.106470 0.164672 0.192223 0.196999 0.188644 0.177011 0.182411 0.231586 0.379243 0.646529 0.849332 0.927921 0.936794 0.895100 0.757923 0.527918 0.363668 0.270877 
0.238726 0.178266 0.119661 0.068929 0.034102 0.015974 0.010040 0.010058 0.016190 0.035582 0.076147 0.138914 0.181294 0.195208 0.193866 0.181783 0.179036 0.201527 0.293105 0.505993 0.763457 0.897341 0.933466 0.921158 0.838447 0.646305 0.436860 0.313564 
0.274348 0.208264 0.147979 0.092307 0.049428 0.023514 0.012265 0.010047 0.012360 0.024229 0.053218 0.107304 0.163662 0.189990 0.194704 0.188000 0.180066 0.187470 0.238680 0.384385 0.644601 0.842619 0.919919 0.928851 0.888603 0.756055 0.532977 0.369155 
