0.050616 0.034274 0.525214 1.036238 1.069132 1.145985 1.274897 1.482744 1.174888 0.862973 1.011327 1.023744 0.929863 0.736072 0.505393 0.306636 0.161711 0.073777 0.029368 0.010437 0.003298 0.002155 0.005344 0.015593 0.032099 0.049981 0.060237 0.060236 
0.056629 0.041243 0.218377 0.837982 1.052685 1.102063 1.203934 1.394935 1.367298 0.980449 0.935598 1.019088 0.988539 0.845456 0.621353 0.399286 0.227050 0.112304 0.048388 0.018429 0.006118 0.002584 0.003351 0.009586 0.023064 0.041821 0.056391 0.060237 
0.058884 0.048485 0.107668 0.523483 0.965999 1.077374 1.146437 1.312168 1.384571 1.176025 0.952417 0.977343 1.007632 0.931064 0.743278 0.504091 0.305981 0.163323 0.076101 0.031202 0.011177 0.003909 0.002872 0.005785 0.015420 0.032306 0.050446 0.058794 
0.058850 0.053684 0.070678 0.270997 0.782796 1.026976 1.111906 1.228885 1.357420 1.306366 1.038153 0.961764 0.995603 0.978919 0.851073 0.624975 0.398105 0.227722 0.114422 0.050543 0.019595 0.006764 0.003261 0.003964 0.009762 0.022956 0.042443 0.055653 
0.057651 0.056267 0.060057 0.147922 0.521414 0.924792 1.069441 1.166389 1.307775 1.338275 1.175426 0.990410 0.978684 0.989347 0.928891 0.750306 0.504575 0.305778 0.164894 0.078366 0.032804 0.012014 0.004575 0.003525 0.006226 0.015435 0.032698 0.050300 
0.054894 0.056959 0.057688 0.093480 0.298965 0.751708 1.003079 1.117915 1.245388 1.326837 1.277207 1.064028 0.983081 0.984015 0.966676 0.854365 0.629967 0.397938 0.228542 0.116509 0.052488 0.020740 0.007495 0.003918 0.004538 0.010017 0.023059 0.042738 
0.050077 0.056094 0.057324 0.071201 0.175011 0.519601 0.894460 1.060497 1.185825 1.296294 1.308226 1.174532 1.013436 0.983548 0.977513 0.922392 0.756177 0.507077 0.306069 0.166524 0.080465 0.034301 0.012909 0.005260 0.004151 0.006670 0.015593 0.033009 
0.042925 0.053684 0.056709 0.062682 0.111865 0.317208 0.729350 0.982567 1.125018 1.253376 1.303751 1.258091 1.081008 0.995511 0.980531 0.956088 0.853171 0.635976 0.398890 0.229611 0.118508 0.054286 0.021887 0.008267 0.004567 0.005095 0.010331 0.023283 
0.033378 0.049271 0.055196 0.059327 0.081872 0.195016 0.517295 0.869804 1.055554 1.198945 1.284861 1.286628 1.174529 1.029445 0.988021 0.969492 0.914439 0.758858 0.511444 0.306979 0.168199 0.082419 0.035740 0.013837 0.005954 0.004765 0.007125 0.015842 
0.023713 0.042571 0.052458 0.057262 0.068297 0.127119 0.330014 0.710616 0.967974 1.134434 1.252421 1.285966 1.244591 1.093153 1.005871 0.978756 0.946531 0.849215 0.641261 0.401001 0.230964 0.120422 0.055982 0.023036 0.009059 0.005211 0.005650 0.010689 
0.016203 0.033534 0.048150 0.054860 0.062000 0.091735 0.210557 0.513507 0.850657 1.057263 1.203983 1.273386 1.270450 1.174610 1.041991 0.992314 0.963283 0.906009 0.759068 0.516391 0.308545 0.169930 0.084265 0.037138 0.014781 0.006654 0.005376 0.007594 
0.011100 0.024118 0.041830 0.051505 0.058376 0.074044 0.140010 0.339016 0.694125 0.961446 1.140288 1.247360 1.272285 1.234143 1.102530 1.014571 0.977798 0.938176 0.843747 0.645343 0.403815 0.232619 0.122280 0.057605 0.024181 0.009862 0.005855 0.006208 
0.008086 0.016593 0.033392 0.047018 0.054941 0.065110 0.100739 0.222883 0.508031 0.838845 1.059838 1.204092 1.262938 1.257982 1.174564 1.052153 0.996185 0.958343 0.897813 0.757542 0.521178 0.310610 0.171742 0.086036 0.038505 0.015732 0.007357 0.005987 
0.006774 0.011539 0.024353 0.040918 0.050979 0.059745 0.079743 0.150997 0.345082 0.681458 0.958934 1.142641 1.240871 1.261080 1.226081 1.109927 1.021903 0.977264 0.930914 0.837645 0.648147 0.406931 0.234530 0.124117 0.059176 0.025319 0.010669 0.006501 
0.006604 0.008595 0.016939 0.032979 0.046110 0.055362 0.068339 0.108963 0.232686 0.502846 0.831917 1.061472 1.201509 1.253502 1.247955 1.174632 1.060492 0.999583 0.954303 0.890144 0.754924 0.525402 0.312982 0.173640 0.087761 0.039846 0.016684 0.008064 
0.007151 0.007350 0.011973 0.024361 0.040030 0.050736 0.061385 0.085195 0.160437 0.349461 0.672457 0.957884 1.142496 1.234004 1.251422 1.219766 1.116010 1.028084 0.976943 0.924583 0.831417 0.649813 0.410057 0.236628 0.125955 0.060710 0.026447 0.011479 
0.008774 0.007226 0.009109 0.017197 0.032406 0.045390 0.056061 0.071645 0.116387 0.240726 0.498909 0.827773 1.061828 1.197512 1.244890 1.239551 1.174921 1.067449 1.002514 0.950916 0.883101 0.751670 0.528913 0.315498 0.175613 0.089460 0.041167 0.017633 
0.012290 0.007807 0.007932 0.012377 0.024189 0.039187 0.050725 0.063238 0.090371 0.168607 0.353087 0.666357 0.957097 1.140708 1.227123 1.242888 1.214647 1.121223 1.033314 0.976715 0.919035 0.825337 0.650539 0.413014 0.238839 0.127804 0.062218 0.027566 
0.018579 0.009488 0.007854 0.009615 0.017362 0.031722 0.044956 0.056860 0.074977 0.123101 0.247566 0.496439 0.825118 1.061052 1.192747 1.236976 1.232298 1.175394 1.073355 1.005014 0.948010 0.876689 0.748076 0.531699 0.318034 0.177640 0.091144 0.042470 
0.028674 0.013101 0.008466 0.008514 0.012740 0.023856 0.038506 0.050908 0.065142 0.095289 0.175791 0.356452 0.662396 0.956115 1.137833 1.220390 1.235222 1.210374 1.125804 1.037768 0.976512 0.914139 0.819544 0.650519 0.415708 0.241100 0.129665 0.063709 
0.043759 0.019520 0.010204 0.008484 0.010105 0.017437 0.031020 0.044707 0.057796 0.078226 0.129245 0.253602 0.495292 0.823255 1.059369 1.187577 1.229660 1.225904 1.175554 1.078872 1.007140 0.945465 0.870869 0.744335 0.533811 0.320507 0.179697 0.092822 
0.065187 0.029774 0.013913 0.009129 0.009092 0.013057 0.023447 0.037925 0.051252 0.067094 0.099912 0.182256 0.359780 0.659971 0.954800 1.134239 1.213879 1.228251 1.206553 1.129886 1.041749 0.976303 0.909782 0.814094 0.649572 0.418445 0.243361 0.131533 
0.094494 0.045037 0.020459 0.010928 0.009106 0.010579 0.017449 0.030319 0.044588 0.058858 0.081381 0.134894 0.259121 0.495212 0.821809 1.056994 1.182217 1.222862 1.220114 1.175091 1.084415 1.009026 0.943177 0.865584 0.740437 0.535329 0.322996 0.181762 
0.133401 0.066655 0.030867 0.014730 0.009789 0.009658 0.013339 0.023134 0.037279 0.051723 0.069088 0.104263 0.188168 0.363183 0.658624 0.953147 1.130178 1.207620 1.221831 1.202887 1.133548 1.045528 0.976101 0.905849 0.808955 0.647878 0.421178 0.245633 
0.183831 0.096159 0.046305 0.021399 0.011658 0.009707 0.011039 0.017472 0.029663 0.044464 0.060040 0.084449 0.140125 0.264287 0.495965 0.820572 1.054111 1.176803 1.216502 1.214727 1.174517 1.089549 1.010814 0.941078 0.860732 0.736440 0.536337 0.325491 
0.247913 0.135268 0.068113 0.031956 0.015555 0.010439 0.010207 0.013618 0.022848 0.036737 0.052155 0.071141 0.108379 0.193645 0.366686 0.658036 0.951198 1.125831 1.201615 1.215837 1.199427 1.136848 1.049057 0.975946 0.902231 0.804079 0.645865 0.423609 
0.327879 0.185904 0.097816 0.047565 0.022345 0.012386 0.010294 0.011486 0.017505 0.029210 0.044255 0.061202 0.087478 0.145008 0.269194 0.497573 0.819206 1.050870 1.171418 1.210503 1.209683 1.173909 1.094269 1.012502 0.939164 0.856210 0.732480 0.536922 
0.425703 0.250156 0.137130 0.069562 0.033047 0.016382 0.011078 0.010741 0.013892 0.022647 0.036315 0.052491 0.073174 0.112336 0.198769 0.370359 0.657979 0.948928 1.121327 1.195846 1.210196 1.196165 1.139572 1.052598 0.975833 0.898889 0.799442 0.643679 
