0.000009 0.000151 0.000829 0.002490 0.005135 0.007997 0.009638 0.009638 0.007997 0.005135 0.002490 0.000829 0.000151 0.000009 0.000009 0.000151 0.000829 0.002490 0.005135 0.007997 0.009638 0.009638 0.007997 0.005135 0.002490 0.000829 0.000151 0.000009 
0.000009 0.000062 0.000423 0.001537 0.003690 0.006692 0.009022 0.009638 0.009022 0.006692 0.003690 0.001537 0.000423 0.000062 0.000009 0.000062 0.000423 0.001537 0.003690 0.006692 0.009022 0.009638 0.009022 0.006692 0.003690 0.001537 0.000423 0.000062 
0.000029 0.000029 0.000204 0.000886 0.002483 0.005168 0.008071 0.009407 0.009407 0.008071 0.005168 0.002483 0.000886 0.000204 0.000029 0.000029 0.000204 0.000886 0.002483 0.005168 0.008071 0.009407 0.009407 0.008071 0.005168 0.002483 0.000886 0.000204 
0.000095 0.000029 0.000095 0.000482 0.001570 0.003690 0.006789 0.008906 0.009407 0.008906 0.006789 0.003690 0.001570 0.000482 0.000095 0.000029 0.000095 0.000482 0.001570 0.003690 0.006789 0.008906 0.009407 0.008906 0.006789 0.003690 0.001570 0.000482 
0.000248 0.000054 0.000054 0.000248 0.000938 0.002501 0.005240 0.008049 0.009219 0.009219 0.008049 0.005240 0.002501 0.000938 0.000248 0.000054 0.000054 0.000248 0.000938 0.002501 0.005240 0.008049 0.009219 0.009219 0.008049 0.005240 0.002501 0.000938 
0.000531 0.000127 0.000054 0.000127 0.000531 0.001611 0.003723 0.006841 0.008781 0.009219 0.008781 0.006841 0.003723 0.001611 0.000531 0.000127 0.000054 0.000127 0.000531 0.001611 0.003723 0.006841 0.008781 0.009219 0.008781 0.006841 0.003723 0.001611 
0.000987 0.000288 0.000081 0.000081 0.000288 0.000987 0.002538 0.005304 0.007998 0.009055 0.009055 0.007998 0.005304 0.002538 0.000987 0.000288 0.000081 0.000081 0.000288 0.000987 0.002538 0.005304 0.007998 0.009055 0.009055 0.007998 0.005304 0.002538 
0.001656 0.000576 0.000159 0.000081 0.000159 0.000576 0.001656 0.003778 0.006856 0.008659 0.009055 0.008659 0.006856 0.003778 0.001656 0.000576 0.000159 0.000081 0.000159 0.000576 0.001656 0.003778 0.006856 0.008659 0.009055 0.008659 0.006856 0.003778 
0.002587 0.001033 0.000325 0.000110 0.000110 0.000325 0.001033 0.002587 0.005357 0.007933 0.008906 0.008906 0.007933 0.005357 0.002587 0.001033 0.000325 0.000110 0.000110 0.000325 0.001033 0.002587 0.005357 0.007933 0.008906 0.008906 0.007933 0.005357 
0.003844 0.001704 0.000617 0.000191 0.000110 0.000191 0.000617 0.001704 0.003844 0.006845 0.008541 0.008906 0.008541 0.006845 0.003844 0.001704 0.000617 0.000191 0.000110 0.000191 0.000617 0.001704 0.003844 0.006845 0.008541 0.008906 0.008541 0.006845 
0.005400 0.002642 0.001078 0.000361 0.000140 0.000140 0.000361 0.001078 0.002642 0.005400 0.007860 0.008769 0.008769 0.007860 0.005400 0.002642 0.001078 0.000361 0.000140 0.000140 0.000361 0.001078 0.002642 0.005400 0.007860 0.008769 0.008769 0.007860 
0.006823 0.003909 0.001754 0.000657 0.000223 0.000140 0.000223 0.000657 0.001754 0.003909 0.006823 0.008428 0.008769 0.008428 0.006823 0.003909 0.001754 0.000657 0.000223 0.000140 0.000223 0.000657 0.001754 0.003909 0.006823 0.008428 0.008769 0.008428 
0.007784 0.005435 0.002700 0.001123 0.000396 0.000171 0.000171 0.000396 0.001123 0.002700 0.005435 0.007784 0.008641 0.008641 0.007784 0.005435 0.002700 0.001123 0.000396 0.000171 0.000171 0.000396 0.001123 0.002700 0.005435 0.007784 0.008641 0.008641 
0.008320 0.006796 0.003971 0.001805 0.000697 0.000256 0.000171 0.000256 0.000697 0.001805 0.003971 0.006796 0.008320 0.008641 0.008320 0.006796 0.003971 0.001805 0.000697 0.000256 0.000171 0.000256 0.000697 0.001805 0.003971 0.006796 0.008320 0.008641 
0.008521 0.007708 0.005464 0.002756 0.001167 0.000432 0.000203 0.000203 0.000432 0.001167 0.002756 0.005464 0.007708 0.008521 0.008521 0.007708 0.005464 0.002756 0.001167 0.000432 0.000203 0.000203 0.000432 0.001167 0.002756 0.005464 0.007708 0.008521 
0.008521 0.008216 0.006765 0.004028 0.001855 0.000736 0.000289 0.000203 0.000289 0.000736 0.001855 0.004028 0.006765 0.008216 0.008521 0.008216 0.006765 0.004028 0.001855 0.000736 0.000289 0.000203 0.000289 0.000736 0.001855 0.004028 0.006765 0.008216 
0.008406 0.008406 0.007634 0.005486 0.002810 0.001212 0.000467 0.000235 0.000235 0.000467 0.001212 0.002810 0.005486 0.007634 0.008406 0.008406 0.007634 0.005486 0.002810 0.001212 0.000467 0.000235 0.000235 0.000467 0.001212 0.002810 0.005486 0.007634 
0.008117 0.008406 0.008117 0.006732 0.004079 0.001904 0.000775 0.000322 0.000235 0.000322 0.000775 0.001904 0.004079 0.006732 0.008117 0.008406 0.008117 0.006732 0.004079 0.001904 0.000775 0.000322 0.000235 0.000322 0.000775 0.001904 0.004079 0.006732 
0.007561 0.008298 0.008298 0.007561 0.005504 0.002861 0.001255 0.000503 0.000268 0.000268 0.000503 0.001255 0.002861 0.005504 0.007561 0.008298 0.008298 0.007561 0.005504 0.002861 0.001255 0.000503 0.000268 0.000268 0.000503 0.001255 0.002861 0.005504 
0.006698 0.008022 0.008298 0.008022 0.006698 0.004126 0.001951 0.000814 0.000356 0.000268 0.000356 0.000814 0.001951 0.004126 0.006698 0.008022 0.008298 0.008022 0.006698 0.004126 0.001951 0.000814 0.000356 0.000268 0.000356 0.000814 0.001951 0.004126 
0.005518 0.007491 0.008194 0.008194 0.007491 0.005518 0.002909 0.001298 0.000539 0.000301 0.000301 0.000539 0.001298 0.002909 0.005518 0.007491 0.008194 0.008194 0.007491 0.005518 0.002909 0.001298 0.000539 0.000301 0.000301 0.000539 0.001298 0.002909 
0.004169 0.006663 0.007930 0.008194 0.007930 0.006663 0.004169 0.001997 0.000853 0.000390 0.000301 0.000390 0.000853 0.001997 0.004169 0.006663 0.007930 0.008194 0.007930 0.006663 0.004169 0.001997 0.000853 0.000390 0.000301 0.000390 0.000853 0.001997 
0.002954 0.005529 0.007422 0.008095 0.008095 0.007422 0.005529 0.002954 0.001340 0.000575 0.000334 0.000334 0.000575 0.001340 0.002954 0.005529 0.007422 0.008095 0.008095 0.007422 0.005529 0.002954 0.001340 0.000575 0.000334 0.000334 0.000575 0.001340 
0.002041 0.004207 0.006628 0.007843 0.008095 0.007843 0.006628 0.004207 0.002041 0.000892 0.000425 0.000334 0.000425 0.000892 0.002041 0.004207 0.006628 0.007843 0.008095 0.007843 0.006628 0.004207 0.002041 0.000892 0.000425 0.000334 0.000425 0.000892 
0.001381 0.002997 0.005536 0.007356 0.008001 0.008001 0.007356 0.005536 0.002997 0.001381 0.000611 0.000368 0.000368 0.000611 0.001381 0.002997 0.005536 0.007356 0.008001 0.008001 0.007356 0.005536 0.002997 0.001381 0.000611 0.000368 0.000368 0.000611 
0.000930 0.002083 0.004241 0.006593 0.007759 0.008001 0.007759 0.006593 0.004241 0.002083 0.000930 0.000459 0.000368 0.000459 0.000930 0.002083 0.004241 0.006593 0.007759 0.008001 0.007759 0.006593 0.004241 0.002083 0.000930 0.000459 0.000368 0.000459 
0.000647 0.001422 0.003037 0.005541 0.007291 0.007910 0.007910 0.007291 0.005541 0.003037 0.001422 0.000647 0.000402 0.000402 0.000647 0.001422 0.003037 0.005541 0.007291 0.007910 0.007910 0.007291 0.005541 0.003037 0.001422 0.000647 0.000402 0.000402 
0.000494 0.000968 0.002124 0.004272 0.006558 0.007678 0.007910 0.007678 0.006558 0.004272 0.002124 0.000968 0.000494 0.000402 0.000494 0.000968 0.002124 0.004272 0.006558 0.007678 0.007910 0.007678 0.006558 0.004272 0.002124 0.000968 0.000494 0.000402 
