0.107724 0.091938 0.066093 0.059270 0.077474 0.147103 0.274571 0.456255 0.674523 0.866891 1.520290 2.030233 1.956590 1.782881 1.565578 1.368538 0.696325 0.096263 0.037639 0.012080 0.003428 0.001086 0.001964 0.009245 0.027673 0.057060 0.088852 0.107087 
0.107485 0.101804 0.077895 0.061829 0.066097 0.105861 0.203607 0.358636 0.564053 0.770707 1.153893 1.839005 2.002617 1.882243 1.677146 1.467058 1.082809 0.328614 0.062818 0.022746 0.006965 0.001964 0.001415 0.004804 0.017066 0.040997 0.074350 0.100169 
0.104742 0.105355 0.091148 0.067854 0.063429 0.081542 0.147486 0.273961 0.455046 0.667225 0.940233 1.523896 1.941262 1.957477 1.790285 1.572726 1.296704 0.690905 0.167500 0.039745 0.013508 0.003908 0.001621 0.002686 0.009826 0.027573 0.057437 0.089572 
0.098977 0.105125 0.100027 0.078278 0.065088 0.070221 0.108535 0.203157 0.357678 0.557249 0.796126 1.214020 1.782723 1.951396 1.894780 1.687801 1.442023 1.024727 0.379746 0.090933 0.024547 0.007794 0.002479 0.002020 0.005496 0.017373 0.040990 0.075342 
0.089345 0.102819 0.103213 0.090164 0.070034 0.067013 0.085230 0.148807 0.272930 0.451832 0.671774 0.982696 1.529524 1.888144 1.930165 1.810086 1.569762 1.254814 0.686177 0.207536 0.051536 0.014741 0.004529 0.002192 0.003324 0.010385 0.027714 0.058164 
0.075876 0.097717 0.103066 0.098320 0.078846 0.068146 0.073845 0.111349 0.203301 0.355534 0.556673 0.815862 1.250148 1.748409 1.914407 1.885136 1.704955 1.421616 0.990957 0.406527 0.114636 0.029815 0.008650 0.003068 0.002616 0.006113 0.017766 0.041299 
0.058799 0.088858 0.101060 0.101286 0.089327 0.072159 0.070283 0.088621 0.150519 0.271882 0.449990 0.679011 1.011118 1.532814 1.852158 1.903430 1.813909 1.576180 1.224702 0.681396 0.234697 0.064268 0.017285 0.005218 0.002786 0.003928 0.010920 0.028048 
0.041807 0.076061 0.096456 0.101201 0.096801 0.079482 0.070986 0.077160 0.114125 0.203767 0.353843 0.558136 0.832179 1.273561 1.725995 1.884203 1.869860 1.713570 1.414660 0.964951 0.423513 0.134052 0.036412 0.010047 0.003698 0.003214 0.006693 0.018217 
0.028504 0.059333 0.088215 0.099422 0.099551 0.088654 0.074172 0.073301 0.091793 0.152362 0.271251 0.449212 0.686439 1.031953 1.535175 1.824875 1.878824 1.809458 1.581943 1.208655 0.674201 0.254805 0.076323 0.020728 0.006140 0.003396 0.004519 0.011449 
0.018711 0.042440 0.075983 0.095203 0.099503 0.095465 0.080160 0.073628 0.080236 0.116818 0.204516 0.352848 0.560418 0.845660 1.290541 1.709494 1.858593 1.852812 1.715469 1.413520 0.947192 0.434389 0.150203 0.043399 0.011953 0.004425 0.003817 0.007258 
0.011983 0.029041 0.059775 0.087458 0.097890 0.097988 0.088124 0.076077 0.076106 0.094780 0.154278 0.271103 0.449228 0.693330 1.051386 1.533749 1.802681 1.856425 1.800586 1.585070 1.200904 0.668022 0.270123 0.087382 0.024687 0.007324 0.004045 0.005107 
0.007818 0.019239 0.043080 0.075773 0.093966 0.097952 0.094289 0.080868 0.076088 0.083112 0.119426 0.205524 0.352503 0.563032 0.858114 1.303708 1.695113 1.836271 1.835486 1.712788 1.414068 0.936180 0.442178 0.163747 0.050368 0.014245 0.005274 0.004443 
0.005709 0.012523 0.029607 0.060133 0.086645 0.096457 0.096578 0.087718 0.077881 0.078722 0.097608 0.156252 0.271403 0.449823 0.700004 1.068871 1.530692 1.783337 1.835977 1.789376 1.585431 1.197520 0.664247 0.282331 0.097400 0.028912 0.008742 0.004755 
0.005113 0.008383 0.019781 0.043691 0.075477 0.092763 0.096533 0.093256 0.081692 0.078196 0.085910 0.121960 0.206764 0.352705 0.565943 0.869601 1.314309 1.682015 1.816237 1.818501 1.707071 1.414471 0.930134 0.448665 0.175310 0.057116 0.016804 0.006250 
0.005539 0.006339 0.013066 0.030172 0.060412 0.085809 0.095119 0.095304 0.087501 0.079507 0.081089 0.100393 0.158268 0.272092 0.450912 0.706470 1.083949 1.527348 1.765621 1.817652 1.776715 1.583417 1.195911 0.663386 0.292593 0.106478 0.033241 0.010350 
0.007343 0.005839 0.008962 0.020322 0.044256 0.075121 0.091605 0.095235 0.092378 0.082529 0.080100 0.088525 0.124509 0.208187 0.353378 0.569099 0.879969 1.323049 1.669764 1.798140 1.802301 1.699111 1.413940 0.927559 0.454904 0.185426 0.063566 0.019535 
0.012103 0.006403 0.007010 0.013612 0.030717 0.060620 0.084970 0.093873 0.094163 0.087400 0.081011 0.083260 0.103072 0.160386 0.273093 0.452422 0.712640 1.097029 1.523699 1.749479 1.800741 1.763605 1.579273 1.194185 0.665835 0.301713 0.114767 0.037571 
0.022366 0.008541 0.006631 0.009562 0.020852 0.044763 0.074726 0.090498 0.094055 0.091580 0.083407 0.081854 0.090971 0.127042 0.209815 0.354430 0.572420 0.889313 1.330190 1.658404 1.781518 1.786815 1.689838 1.411824 0.927389 0.461627 0.194521 0.069703 
0.041846 0.013964 0.007347 0.007730 0.014162 0.031230 0.060762 0.084139 0.092721 0.093127 0.087378 0.082436 0.085273 0.105637 0.162591 0.274392 0.454253 0.718504 1.108336 1.519935 1.734688 1.784828 1.750449 1.573461 1.193075 0.669676 0.310288 0.122427 
0.075549 0.025247 0.009828 0.007491 0.010190 0.021366 0.045207 0.074300 0.089452 0.092975 0.090870 0.084290 0.083500 0.093264 0.129540 0.211636 0.355815 0.575829 0.897722 1.336020 1.647888 1.766026 1.771936 1.679781 1.408693 0.928751 0.468541 0.202947 
0.129611 0.046037 0.015902 0.008367 0.008503 0.014718 0.031704 0.060839 0.083330 0.091654 0.092185 0.087416 0.083796 0.087161 0.108088 0.164860 0.275965 0.456343 0.724041 1.118125 1.516170 1.720985 1.769719 1.737378 1.566603 1.192362 0.674319 0.318470 
0.210880 0.081144 0.028145 0.011193 0.008418 0.010851 0.021865 0.045583 0.073855 0.088466 0.091986 0.090253 0.085153 0.085058 0.095430 0.131993 0.213621 0.357495 0.579277 0.905285 1.340806 1.638088 1.751444 1.757591 1.669295 1.404916 0.931041 0.475521 
0.326337 0.136420 0.050139 0.017897 0.009459 0.009330 0.015285 0.032136 0.060858 0.082547 0.090666 0.091336 0.087498 0.085094 0.088947 0.110437 0.167174 0.277777 0.458647 0.729253 1.126636 1.512438 1.708167 1.755286 1.724480 1.559116 1.191872 0.679421 
0.482483 0.218424 0.086524 0.031042 0.012639 0.009378 0.011563 0.022349 0.045892 0.073398 0.087537 0.091085 0.089718 0.085996 0.086539 0.097488 0.134400 0.215742 0.359429 0.582733 0.913545 1.343296 1.628879 1.737616 1.743734 1.658618 1.400729 0.933876 
0.684763 0.333934 0.142922 0.054148 0.019948 0.010601 0.010198 0.015881 0.032526 0.060821 0.081792 0.089754 0.090572 0.087686 0.086199 0.090713 0.112699 0.169517 0.279793 0.461129 0.734701 1.134074 1.508193 1.696075 1.741440 1.711815 1.551270 1.191490 
0.937008 0.489371 0.225648 0.091714 0.033941 0.014157 0.010349 0.012329 0.022833 0.046133 0.072932 0.086666 0.090265 0.089315 0.086757 0.087892 0.099522 0.136754 0.217973 0.361578 0.586385 0.921819 1.344413 1.619949 1.724428 1.730331 1.647908 1.396284 
1.191148 0.690200 0.341286 0.149161 0.058079 0.022052 0.011777 0.011092 0.016515 0.032883 0.060728 0.081066 0.088916 0.089909 0.087917 0.087182 0.092395 0.114937 0.171865 0.281977 0.463831 0.740274 1.140603 1.503563 1.684510 1.728117 1.699422 1.543246 
1.391687 0.940276 0.496145 0.232593 0.096738 0.036846 0.015716 0.011349 0.013125 0.023331 0.046310 0.072458 0.085848 0.089537 0.089005 0.087458 0.089137 0.101500 0.139103 0.220273 0.363937 0.590229 0.929624 1.344835 1.611204 1.711765 1.717356 1.637269 
