0.000510 0.000939 0.003369 0.010635 0.029719 0.072485 0.647290 1.293946 1.471346 1.689527 1.881511 1.984341 1.493856 0.857984 0.674065 0.456196 0.274818 0.146281 0.069842 0.032400 0.018545 0.015886 0.015943 0.015376 0.012524 0.008026 0.003893 0.001241 
0.000784 0.000671 0.001904 0.006398 0.018700 0.048141 0.293382 1.020293 1.382646 1.578613 1.796663 1.945780 1.800409 1.137599 0.766024 0.564813 0.358902 0.204038 0.103187 0.048173 0.024073 0.016883 0.015914 0.015730 0.014236 0.010435 0.005774 0.002327 
0.001377 0.000713 0.001133 0.003743 0.011573 0.031278 0.143787 0.642199 1.222268 1.480630 1.693495 1.889861 1.891266 1.497279 0.930516 0.665419 0.456064 0.274718 0.147883 0.071815 0.034009 0.019701 0.016301 0.015822 0.015147 0.012624 0.008061 0.003812 
0.002373 0.000962 0.000871 0.002165 0.007006 0.019941 0.075932 0.344755 0.962240 1.357136 1.589124 1.816048 1.890739 1.743521 1.197787 0.791000 0.557240 0.358577 0.204955 0.105067 0.049975 0.025491 0.017636 0.016062 0.015509 0.014116 0.010558 0.005710 
0.003801 0.001502 0.000905 0.001356 0.004142 0.012461 0.042554 0.183740 0.637738 1.180051 1.473763 1.721615 1.862730 1.835532 1.503100 0.972765 0.669733 0.452279 0.275049 0.149411 0.073695 0.035655 0.020778 0.016721 0.015785 0.014918 0.012608 0.008106 
0.005703 0.002439 0.001129 0.001074 0.002457 0.007610 0.024786 0.099261 0.371637 0.928930 1.332640 1.611032 1.809812 1.852531 1.707470 1.234257 0.810552 0.555978 0.357215 0.205990 0.106843 0.051779 0.026864 0.018359 0.016245 0.015352 0.013943 0.010607 
0.008145 0.003827 0.001627 0.001095 0.001593 0.004562 0.014695 0.054861 0.210711 0.633867 1.146450 1.481787 1.729929 1.836511 1.798133 1.505694 1.001263 0.676288 0.450654 0.275093 0.150906 0.075543 0.037270 0.021813 0.017149 0.015798 0.014712 0.012516 
0.010596 0.005721 0.002518 0.001294 0.001282 0.002769 0.008733 0.031024 0.118326 0.388876 0.901136 1.325018 1.623553 1.796543 1.822119 1.683671 1.257546 0.826358 0.557212 0.356451 0.206897 0.108588 0.053555 0.028192 0.019067 0.016441 0.015255 0.013752 
0.012381 0.008164 0.003872 0.001755 0.001286 0.001839 0.005191 0.017838 0.066548 0.230695 0.625839 1.128745 1.489979 1.728475 1.812528 1.770201 1.506568 1.022329 0.683237 0.450431 0.275268 0.152333 0.077363 0.038844 0.022817 0.017574 0.015848 0.014543 
0.013569 0.010529 0.005756 0.002608 0.001462 0.001494 0.003165 0.010353 0.037685 0.134192 0.399392 0.881531 1.324704 1.628532 1.781008 1.796656 1.666048 1.273881 0.839497 0.559629 0.356321 0.207805 0.110291 0.055292 0.029483 0.019756 0.016658 0.015195 
0.014403 0.012226 0.008156 0.003931 0.001892 0.001474 0.002124 0.006070 0.021501 0.077292 0.245706 0.618215 1.120536 1.495537 1.721874 1.790788 1.747678 1.502660 1.042652 0.689993 0.451126 0.275688 0.153734 0.079143 0.040377 0.023791 0.018003 0.015927 
0.015165 0.013396 0.010428 0.005790 0.002709 0.001631 0.001718 0.003685 0.012349 0.044351 0.147421 0.406448 0.869064 1.326620 1.628383 1.764945 1.774622 1.650407 1.286111 0.852098 0.562631 0.356721 0.208791 0.111960 0.056988 0.030734 0.020433 0.016896 
0.016030 0.014285 0.012062 0.008123 0.003999 0.002035 0.001663 0.002467 0.007180 0.025433 0.087003 0.257440 0.612940 1.117316 1.498152 1.712525 1.770993 1.728041 1.498269 1.059751 0.696920 0.452429 0.276368 0.155143 0.080884 0.041867 0.024738 0.018438 
0.017151 0.015158 0.013233 0.010307 0.005814 0.002818 0.001803 0.001965 0.004335 0.014614 0.050803 0.158613 0.412057 0.861961 1.328542 1.624826 1.749067 1.754886 1.636508 1.295643 0.863543 0.566120 0.357544 0.209885 0.113608 0.058639 0.031949 0.021102 
0.018882 0.016146 0.014195 0.011895 0.008069 0.004068 0.002183 0.001863 0.002874 0.008486 0.029470 0.095755 0.267131 0.612452 1.114454 1.498189 1.701750 1.752704 1.710494 1.493886 1.074162 0.703726 0.454218 0.277292 0.156583 0.082589 0.043313 0.025663 
0.021767 0.017416 0.015171 0.013089 0.010173 0.005826 0.002930 0.001983 0.002242 0.005104 0.017056 0.056950 0.168307 0.418048 0.858651 1.328843 1.619045 1.733596 1.736875 1.623990 1.303253 0.873828 0.569899 0.358728 0.211098 0.115246 0.060248 0.033130 
0.026572 0.019328 0.016273 0.014130 0.011735 0.007997 0.004135 0.002338 0.002080 0.003348 0.009944 0.033511 0.103696 0.275879 0.614492 1.112547 1.495901 1.690230 1.735646 1.694543 1.489603 1.086439 0.710269 0.456371 0.278441 0.158066 0.084262 0.044719 
0.034283 0.022426 0.017686 0.015201 0.012964 0.010034 0.005823 0.003044 0.002177 0.002556 0.005980 0.019606 0.062776 0.177038 0.424382 0.857927 1.327852 1.611679 1.718615 1.720232 1.612553 1.309425 0.883070 0.573824 0.360211 0.212432 0.116881 0.061816 
0.046090 0.027465 0.019774 0.016413 0.014083 0.011586 0.007910 0.004195 0.002502 0.002319 0.003887 0.011518 0.037498 0.111020 0.284074 0.617879 1.111604 1.491877 1.678312 1.719626 1.679852 1.485420 1.097012 0.716493 0.458788 0.279793 0.159596 0.085907 
0.063350 0.035411 0.023079 0.017965 0.015248 0.012855 0.009895 0.005804 0.003160 0.002388 0.002907 0.006945 0.022214 0.068316 0.185106 0.430883 0.858933 1.325970 1.603234 1.704133 1.704711 1.601969 1.314477 0.891401 0.577802 0.361941 0.213881 0.118518 
0.087530 0.047429 0.028342 0.020222 0.016566 0.014051 0.011446 0.007810 0.004248 0.002677 0.002583 0.004486 0.013175 0.041411 0.117875 0.291871 0.622124 1.111300 1.486648 1.666224 1.704494 1.666182 1.481316 1.106202 0.722384 0.461396 0.281324 0.161175 
0.120159 0.064853 0.036515 0.023724 0.018251 0.015309 0.012760 0.009748 0.005780 0.003278 0.002618 0.003296 0.007982 0.024850 0.073615 0.192682 0.437465 0.861075 1.323446 1.594099 1.690143 1.690127 1.592069 1.317540 0.900027 0.581776 0.363869 0.215436 
0.162802 0.089135 0.048740 0.029205 0.020671 0.016731 0.014034 0.011312 0.007700 0.004299 0.002866 0.002872 0.005138 0.014894 0.045245 0.124360 0.299359 0.626917 1.111380 1.480599 1.654126 1.690137 1.653353 1.476863 1.114249 0.728358 0.464138 0.283008 
0.217087 0.121809 0.066330 0.037597 0.024364 0.018545 0.015382 0.012676 0.009591 0.005754 0.003403 0.002868 0.003723 0.009080 0.027495 0.078707 0.199874 0.444068 0.863941 1.320451 1.584552 1.676633 1.676343 1.582572 1.318822 0.909005 0.585862 0.365958 
0.284824 0.164474 0.090727 0.050026 0.030054 0.021123 0.016907 0.014029 0.011181 0.007580 0.004351 0.003069 0.003189 0.005839 0.016655 0.049001 0.130546 0.306593 0.632045 1.111667 1.474004 1.642103 1.676524 1.641143 1.471944 1.121337 0.734529 0.467031 
0.368195 0.218823 0.123469 0.067786 0.038660 0.024999 0.018847 0.015465 0.012605 0.009428 0.005723 0.003550 0.003114 0.004198 0.010226 0.030137 0.083624 0.206757 0.450643 0.867245 1.317115 1.574763 1.663616 1.663256 1.573270 1.319317 0.917544 0.590118 
0.470088 0.286757 0.166187 0.092308 0.051290 0.030891 0.021577 0.017091 0.014035 0.011057 0.007450 0.004419 0.003277 0.003520 0.006594 0.018446 0.052683 0.136485 0.313606 0.637355 1.112050 1.467038 1.630296 1.663481 1.629466 1.466790 1.127615 0.740644 
0.594463 0.370577 0.220636 0.125140 0.069221 0.039705 0.025631 0.019155 0.015553 0.012546 0.009260 0.005698 0.003705 0.003368 0.004703 0.011423 0.032767 0.088389 0.213380 0.457152 0.870797 1.313510 1.564926 1.651037 1.650726 1.564211 1.319264 0.925552 
