0.806832 0.997573 1.028994 0.944030 0.782040 1.212258 1.762338 1.880041 1.977750 1.977750 1.884355 1.246039 0.721781 0.784502 0.944030 1.028994 0.997573 0.808973 0.516002 0.249982 0.083184 0.015183 0.000930 0.000922 0.015129 0.082943 0.249024 0.511428 
0.668088 0.922118 1.017211 0.997132 0.852414 0.943372 1.526362 1.823688 1.941109 1.977750 1.942727 1.619054 0.918378 0.745301 0.861485 0.997132 1.017211 0.922920 0.672165 0.370589 0.154234 0.042465 0.006275 0.000925 0.006250 0.042335 0.153700 0.368185 
0.513194 0.814970 0.981551 1.009682 0.922264 0.886523 1.209071 1.697513 1.892496 1.964010 1.964616 1.816972 1.249892 0.810205 0.788870 0.941322 1.009682 0.981852 0.817101 0.517077 0.249338 0.088902 0.020515 0.002931 0.002922 0.020447 0.088608 0.248053 
0.367411 0.676402 0.915567 0.999133 0.970440 0.899926 1.007479 1.469238 1.810438 1.937116 1.964389 1.909250 1.569937 0.977754 0.796871 0.856551 0.984047 0.999246 0.916592 0.679962 0.369795 0.157614 0.048358 0.009526 0.002925 0.009494 0.048198 0.156919 
0.249444 0.518322 0.815434 0.967796 0.988373 0.931597 0.940258 1.209152 1.666653 1.886203 1.954162 1.943712 1.775115 1.254042 0.864702 0.819251 0.925859 0.993546 0.968250 0.817524 0.521823 0.250839 0.094183 0.024914 0.005401 0.005388 0.024829 0.093807 
0.160793 0.369728 0.681443 0.908088 0.980657 0.959985 0.934845 1.042176 1.444071 1.795377 1.928677 1.950243 1.879182 1.542171 1.016386 0.836295 0.864094 0.968163 0.984060 0.908566 0.684706 0.372040 0.161588 0.053329 0.012720 0.005393 0.012679 0.053126 
0.098557 0.252602 0.523372 0.814025 0.953443 0.972905 0.944831 0.975094 1.212627 1.646975 1.875994 1.942156 1.923595 1.743920 1.259664 0.903829 0.846720 0.917617 0.978099 0.955750 0.815182 0.526696 0.254039 0.099002 0.028864 0.008140 0.008125 0.028757 
0.057511 0.165049 0.373396 0.685117 0.898729 0.965607 0.958868 0.956179 1.067952 1.430865 1.781842 1.917345 1.935196 1.853897 1.523812 1.044406 0.868136 0.874608 0.955418 0.969718 0.900243 0.687450 0.375665 0.165908 0.057756 0.015914 0.008131 0.015862 
0.032447 0.103044 0.256621 0.528599 0.810265 0.940527 0.962573 0.957188 0.998094 1.219508 1.633287 1.864300 1.928502 1.904709 1.719953 1.264882 0.934237 0.870563 0.914034 0.964356 0.943665 0.811761 0.531178 0.258086 0.103543 0.032577 0.011049 0.011030 
0.019061 0.061598 0.169460 0.377810 0.687146 0.888923 0.954306 0.959880 0.972527 1.086237 1.425198 1.769645 1.904426 1.919579 1.832451 1.510654 1.066188 0.894441 0.886865 0.944629 0.956597 0.891615 0.689118 0.379814 0.170368 0.061881 0.019125 0.011037 
0.014046 0.036015 0.107363 0.261074 0.533300 0.805084 0.929091 0.957093 0.965320 1.016750 1.227561 1.622944 1.851989 1.913897 1.886906 1.700886 1.269665 0.959793 0.889706 0.914251 0.952109 0.932228 0.807556 0.535335 0.262471 0.107908 0.036169 0.014070 
0.014055 0.022285 0.065517 0.173923 0.382428 0.687664 0.879088 0.945564 0.961207 0.985634 1.102233 1.422973 1.758359 1.890681 1.903775 1.813775 1.500757 1.084756 0.915988 0.898910 0.936248 0.944654 0.882991 0.689889 0.384195 0.174836 0.065834 0.022360 
0.017170 0.017141 0.039525 0.111573 0.265663 0.537181 0.798994 0.918680 0.953385 0.972322 1.032412 1.237085 1.614218 1.839424 1.898865 1.870025 1.685143 1.274725 0.981411 0.905315 0.916528 0.941502 0.921530 0.802870 0.539074 0.266971 0.112144 0.039701 
0.025622 0.017152 0.025535 0.069341 0.178363 0.387957 0.685854 0.869460 0.938004 0.962854 0.997223 1.116676 1.423085 1.747541 1.876575 1.888050 1.797089 1.493488 1.100916 0.933851 0.909520 0.930417 0.934012 0.874536 0.689114 0.389402 0.179259 0.069683 
0.043204 0.020328 0.020296 0.043011 0.115700 0.270588 0.540154 0.792039 0.909193 0.950429 0.978849 1.046314 1.246511 1.607485 1.826753 1.883747 1.853940 1.671869 1.280135 0.999541 0.918644 0.919519 0.932664 0.911709 0.797568 0.542348 0.271760 0.116282 
0.073468 0.028911 0.020308 0.028814 0.073109 0.182869 0.393246 0.682938 0.860106 0.931413 0.964639 1.007701 1.129821 1.424614 1.737403 1.862374 1.872569 1.781937 1.488317 1.114876 0.948980 0.918972 0.926201 0.924806 0.866287 0.687593 0.394586 0.183721 
0.120382 0.046695 0.023534 0.023498 0.046488 0.119806 0.275481 0.542243 0.784755 0.900520 0.948026 0.984940 1.058878 1.255634 1.602236 1.814235 1.868746 1.838582 1.660501 1.285631 1.014942 0.930225 0.922586 0.925678 0.902687 0.791962 0.545111 0.276577 
0.188166 0.077223 0.032224 0.023511 0.032119 0.076856 0.187349 0.398007 0.679342 0.851170 0.925597 0.966483 1.017281 1.141904 1.427030 1.727922 1.848305 1.857435 1.768031 1.484642 1.127040 0.962949 0.925451 0.924132 0.917056 0.858291 0.685552 0.399512 
0.281289 0.124451 0.050188 0.026779 0.026739 0.049971 0.123883 0.280157 0.543529 0.777431 0.892576 0.946040 0.990643 1.070365 1.264404 1.598069 1.802020 1.854011 1.823908 1.650585 1.290929 1.029170 0.939677 0.924791 0.921314 0.894135 0.786168 0.547358 
0.404077 0.192548 0.080963 0.035562 0.026754 0.035451 0.080592 0.191725 0.402140 0.675325 0.842714 0.920415 0.968341 1.026114 1.153094 1.429997 1.719039 1.834514 1.842722 1.755149 1.481811 1.138516 0.975098 0.930808 0.923052 0.910687 0.850250 0.683119 
0.549147 0.285820 0.128482 0.053688 0.030057 0.030015 0.053466 0.127909 0.284522 0.544110 0.770230 0.885286 0.944378 0.995997 1.080953 1.272806 1.594697 1.790185 1.839644 1.809882 1.641701 1.296424 1.041916 0.948387 0.926930 0.917446 0.886477 0.780021 
0.680136 0.408292 0.196833 0.084690 0.038924 0.030031 0.038809 0.084314 0.195944 0.405628 0.671053 0.834754 0.915767 0.970188 1.034308 1.163517 1.433297 1.710695 1.821097 1.828484 1.743094 1.479853 1.149048 0.986142 0.936162 0.922188 0.904647 0.842685 
0.773984 0.550328 0.290148 0.132464 0.057198 0.033366 0.033323 0.056971 0.131863 0.288529 0.544088 0.763239 0.878584 0.942977 1.001035 1.090776 1.280836 1.591918 1.778773 1.825714 1.796462 1.633705 1.301908 1.053479 0.956651 0.929175 0.913864 0.879219 
0.835425 0.676959 0.411991 0.201004 0.088402 0.042308 0.033339 0.042191 0.088011 0.199975 0.408498 0.666640 0.827281 0.911573 0.972006 1.041946 1.173266 1.436777 1.702835 1.808111 1.814744 1.731772 1.478516 1.158744 0.996396 0.941393 0.921519 0.898958 
0.872313 0.768059 0.551040 0.294200 0.136389 0.060714 0.036702 0.036658 0.060480 0.135725 0.292166 0.543554 0.756504 0.872409 0.941789 1.005788 1.099933 1.288498 1.589585 1.767803 1.812257 1.783630 1.626429 1.307266 1.064152 0.964503 0.931456 0.910575 
0.893616 0.828435 0.673645 0.415219 0.205028 0.092094 0.045712 0.036675 0.045591 0.091675 0.203796 0.410797 0.662160 0.820272 0.907772 0.973789 1.049092 1.182413 1.440335 1.695415 1.795587 1.801522 1.721101 1.477587 1.167776 1.006002 0.946459 0.921015 
0.907560 0.865748 0.762241 0.551357 0.297966 0.140242 0.064235 0.040064 0.040019 0.063987 0.139481 0.295437 0.542589 0.750042 0.866707 0.940780 1.010279 1.108500 1.296154 1.587238 1.757280 1.799296 1.771364 1.619731 1.312464 1.074110 0.971968 0.933737 
0.920649 0.888609 0.821707 0.670221 0.418017 0.208889 0.095759 0.049134 0.040036 0.049007 0.095293 0.207401 0.412576 0.657664 0.813699 0.904315 0.975530 1.055800 1.191148 1.443898 1.688263 1.783540 1.788822 1.711010 1.476937 1.176261 1.015050 0.951346 
