0.050146 0.032723 0.018865 0.016631 0.028961 0.562689 1.151927 1.275804 1.461370 1.689064 1.911445 1.524900 1.028590 0.930217 0.724288 0.487964 0.290423 0.151331 0.069539 0.028461 0.010237 0.004645 0.006155 0.015724 0.032117 0.049990 0.060238 0.060237 
0.056453 0.041905 0.024341 0.017469 0.021255 0.230650 0.908540 1.213866 1.360876 1.570615 1.828052 1.766491 1.240723 0.979403 0.840697 0.605077 0.381887 0.213714 0.105346 0.046143 0.017770 0.006742 0.005211 0.009932 0.023068 0.041821 0.056395 0.060238 
0.058818 0.050524 0.032164 0.020046 0.018889 0.100251 0.557604 1.080992 1.287371 1.457905 1.725551 1.804967 1.528577 1.094736 0.910050 0.733448 0.486605 0.290325 0.153384 0.071891 0.029789 0.011069 0.005785 0.006982 0.015448 0.032265 0.050450 0.058797 
0.058810 0.055708 0.041822 0.024735 0.019323 0.049400 0.281929 0.850670 1.188662 1.372638 1.603118 1.775186 1.701320 1.300194 1.001383 0.821749 0.612486 0.381048 0.214924 0.107714 0.047917 0.018749 0.007766 0.006234 0.010306 0.022813 0.042416 0.055664 
0.057630 0.057647 0.050113 0.032219 0.021352 0.030602 0.140358 0.553116 1.038918 1.280650 1.489366 1.710660 1.747486 1.528875 1.135891 0.911566 0.720821 0.491375 0.290622 0.155392 0.073987 0.031060 0.012076 0.006808 0.007761 0.015505 0.032522 0.050303 
0.054880 0.057641 0.054822 0.041583 0.025427 0.024821 0.072916 0.308862 0.817396 1.163911 1.385008 1.621499 1.733677 1.665507 1.333097 1.019531 0.816193 0.607349 0.382808 0.216279 0.109880 0.049530 0.019854 0.008784 0.007166 0.010784 0.022854 0.042623 
0.049939 0.056606 0.056584 0.049505 0.031926 0.025048 0.042857 0.167408 0.549307 1.006331 1.274460 1.516869 1.691610 1.708113 1.529977 1.162536 0.917862 0.712459 0.489789 0.292027 0.157323 0.075871 0.032366 0.013137 0.007773 0.008523 0.015763 0.032715 
0.042613 0.054105 0.056597 0.053926 0.040690 0.027627 0.031726 0.091789 0.326189 0.792040 1.143610 1.404123 1.624019 1.701924 1.641312 1.354573 1.035290 0.815161 0.600169 0.383026 0.218018 0.111853 0.051084 0.021019 0.009784 0.008054 0.011331 0.023025 
0.032844 0.049484 0.055663 0.055596 0.048607 0.032526 0.029165 0.054762 0.187197 0.544468 0.979207 1.278943 1.531820 1.672710 1.679195 1.526208 1.186606 0.924583 0.707665 0.485349 0.293167 0.159262 0.077631 0.033698 0.014214 0.008703 0.009283 0.016126 
0.023260 0.042472 0.053346 0.055638 0.052967 0.040113 0.030425 0.038764 0.107625 0.337728 0.769030 1.134933 1.419380 1.619066 1.676763 1.621825 1.370037 1.049956 0.816124 0.593415 0.381973 0.219680 0.113734 0.052608 0.022209 0.010769 0.008920 0.011922 
0.016549 0.032924 0.048982 0.054778 0.054636 0.047417 0.034058 0.033552 0.065629 0.202521 0.536404 0.962163 1.287752 1.536971 1.655126 1.656161 1.520537 1.207752 0.931650 0.703361 0.481551 0.293783 0.161104 0.079330 0.035039 0.015290 0.009614 0.010046 
0.012538 0.023542 0.042236 0.052605 0.054725 0.051911 0.039898 0.033742 0.045581 0.120973 0.344839 0.750320 1.134504 1.428745 1.610689 1.655773 1.605302 1.381704 1.063724 0.816696 0.588201 0.380781 0.221081 0.115532 0.054116 0.023405 0.011742 0.009776 
0.010812 0.017010 0.032968 0.048451 0.053930 0.053670 0.046323 0.036051 0.038182 0.075333 0.214347 0.527540 0.953655 1.295661 1.536824 1.638867 1.636847 1.515144 1.225643 0.937893 0.699814 0.478526 0.294162 0.162790 0.080986 0.036380 0.016362 0.010513 
0.010625 0.013173 0.023829 0.041960 0.051875 0.053832 0.050882 0.040268 0.036850 0.052380 0.132107 0.349171 0.736996 1.137263 1.433633 1.600601 1.638109 1.590956 1.391149 1.075559 0.816755 0.584554 0.379720 0.222280 0.117238 0.055610 0.024600 0.012706 
0.011406 0.011581 0.017488 0.032987 0.047913 0.053098 0.052726 0.045634 0.038132 0.042673 0.084219 0.223472 0.521738 0.948561 1.301623 1.533299 1.624043 1.620427 1.510134 1.240729 0.942831 0.697234 0.476213 0.294450 0.164332 0.082596 0.037715 0.017427 
0.013664 0.011471 0.013818 0.024110 0.041667 0.051154 0.052959 0.050020 0.040996 0.039835 0.058821 0.141632 0.352729 0.728300 1.140266 1.435078 1.590014 1.622687 1.578615 1.395321 1.088804 0.816960 0.581816 0.378876 0.223343 0.118858 0.057082 0.025787 
0.018484 0.012293 0.012351 0.017971 0.032989 0.047371 0.052282 0.051857 0.045286 0.040270 0.046954 0.092248 0.231145 0.519955 0.944378 1.305156 1.527829 1.610435 1.606160 1.504370 1.253131 0.948295 0.695363 0.474420 0.294729 0.165762 0.084159 0.039038 
0.026966 0.014615 0.012315 0.014466 0.024385 0.041364 0.050440 0.052122 0.049145 0.042151 0.042777 0.064775 0.149996 0.356811 0.723171 1.142030 1.434001 1.579458 1.608832 1.567455 1.397432 1.100925 0.817830 0.579735 0.378234 0.224325 0.120400 0.058528 
0.040345 0.019534 0.013178 0.013122 0.018454 0.032980 0.046826 0.051492 0.051006 0.045276 0.042386 0.051104 0.099483 0.238204 0.520047 0.941899 1.306330 1.521240 1.597816 1.593315 1.498524 1.263312 0.953753 0.694208 0.473035 0.295031 0.167106 0.085675 
0.059946 0.028133 0.015568 0.013143 0.015121 0.024653 0.041051 0.049742 0.051309 0.048441 0.043470 0.045655 0.070336 0.157551 0.361236 0.720650 1.142805 1.431076 1.569100 1.596129 1.557206 1.398471 1.111574 0.819184 0.578226 0.377773 0.225257 0.121878 
0.087147 0.041633 0.020583 0.014052 0.013885 0.018943 0.032957 0.046287 0.050722 0.050234 0.045597 0.044289 0.055184 0.106127 0.244834 0.521477 0.940620 1.305721 1.513963 1.585993 1.581533 1.492815 1.271043 0.959637 0.693642 0.472008 0.295373 0.168387 
0.123301 0.061332 0.029293 0.016522 0.013947 0.015781 0.024916 0.040734 0.049059 0.050539 0.048018 0.044780 0.048375 0.075649 0.164510 0.365914 0.719991 1.142778 1.426868 1.558982 1.584320 1.547706 1.398561 1.120868 0.821094 0.577200 0.377484 0.226162 
0.169620 0.088575 0.042904 0.021633 0.014913 0.014635 0.019436 0.032926 0.045752 0.049984 0.049593 0.046084 0.046128 0.059052 0.112381 0.251144 0.523868 0.940133 1.303820 1.506272 1.574818 1.570590 1.487200 1.275783 0.966756 0.693624 0.471293 0.295765 
0.227055 0.124676 0.062690 0.030450 0.017468 0.014739 0.016436 0.025178 0.040413 0.048397 0.049837 0.047790 0.046100 0.050980 0.080666 0.171083 0.370761 0.720630 1.142131 1.421784 1.549113 1.573233 1.538790 1.397494 1.128984 0.823840 0.576608 0.377356 
0.296215 0.170816 0.089965 0.044163 0.022677 0.015763 0.015375 0.019926 0.032890 0.045223 0.049297 0.049025 0.046734 0.047930 0.062722 0.118283 0.257265 0.526921 0.940158 1.300998 1.498350 1.564188 1.560317 1.481499 1.279141 0.973752 0.694227 0.470863 
0.377383 0.227947 0.126009 0.064024 0.031598 0.018404 0.015521 0.017082 0.025435 0.040089 0.047769 0.049195 0.047845 0.047182 0.053627 0.085407 0.177346 0.375758 0.722142 1.141014 1.416113 1.539499 1.562736 1.530276 1.395762 1.136092 0.826969 0.576456 
0.470715 0.296728 0.171984 0.091322 0.045407 0.023712 0.016602 0.016106 0.020410 0.032846 0.044711 0.048660 0.048603 0.047431 0.049599 0.066350 0.123856 0.263243 0.530454 0.940488 1.297528 1.490324 1.554022 1.550564 1.475776 1.281572 0.980386 0.695282 
0.576676 0.377566 0.228846 0.127309 0.065337 0.032737 0.019330 0.016292 0.017720 0.025683 0.039768 0.047179 0.048639 0.048010 0.048244 0.056151 0.090009 0.183315 0.380871 0.724242 1.139538 1.410064 1.530135 1.552725 1.522086 1.393601 1.142342 0.830267 
