0.000019 0.000205 0.001071 0.003449 0.008444 0.516461 1.039926 1.078352 1.154143 1.280073 1.483808 1.169991 0.848996 0.976840 0.976840 0.869377 0.674686 0.458732 0.280073 0.154143 0.078352 0.038125 0.018262 0.008444 0.003449 0.001071 0.000205 0.000019 
0.000019 0.000089 0.000553 0.002071 0.005619 0.199575 0.836892 1.059139 1.111577 1.210841 1.397681 1.366126 0.970267 0.912918 0.976840 0.936541 0.782935 0.564705 0.362811 0.210841 0.111802 0.055693 0.026937 0.012750 0.005619 0.002071 0.000553 0.000089 
0.000045 0.000045 0.000272 0.001180 0.003591 0.078796 0.514697 0.969241 1.085358 1.155356 1.316669 1.385848 1.171421 0.934424 0.944879 0.961728 0.873902 0.679856 0.457518 0.280210 0.155955 0.080328 0.039494 0.018962 0.008737 0.003591 0.001180 0.000272 
0.000130 0.000045 0.000130 0.000641 0.002198 0.032094 0.251659 0.781942 1.033065 1.120357 1.236115 1.359906 1.305438 1.026119 0.938344 0.954610 0.928793 0.790156 0.566594 0.362232 0.212004 0.113793 0.057374 0.027939 0.013214 0.005822 0.002198 0.000641 
0.000332 0.000077 0.000077 0.000332 0.001288 0.013604 0.118168 0.512856 0.927982 1.076711 1.174678 1.312480 1.339481 1.169942 0.971260 0.946477 0.944929 0.873577 0.686591 0.457646 0.280616 0.157674 0.082210 0.040818 0.019660 0.009047 0.003751 0.001288 
0.000723 0.000173 0.000077 0.000173 0.000723 0.006026 0.054355 0.279247 0.751164 1.008692 1.125694 1.252450 1.329355 1.275903 1.052506 0.955964 0.945703 0.917978 0.794538 0.570874 0.362370 0.213211 0.115683 0.058985 0.028921 0.013689 0.006045 0.002331 
0.001395 0.000391 0.000113 0.000113 0.000391 0.002780 0.024812 0.144730 0.511126 0.897493 1.067193 1.194084 1.300516 1.309311 1.169591 0.993450 0.950834 0.934024 0.868223 0.693339 0.459204 0.281336 0.159343 0.084005 0.042099 0.020356 0.009376 0.003925 
0.002469 0.000802 0.000217 0.000113 0.000217 0.001322 0.011341 0.072536 0.297118 0.728897 0.987694 1.133196 1.259505 1.306013 1.256916 1.069383 0.968916 0.942429 0.907247 0.794416 0.576645 0.363286 0.214508 0.117495 0.060531 0.029882 0.014175 0.006286 
0.004109 0.001500 0.000450 0.000152 0.000152 0.000644 0.005217 0.035541 0.164403 0.508731 0.872457 1.062844 1.206325 1.288572 1.287601 1.169571 1.009902 0.955673 0.925925 0.860538 0.698097 0.461893 0.282426 0.160995 0.085724 0.043339 0.021051 0.009721 
0.006539 0.002610 0.000881 0.000264 0.000152 0.000337 0.002421 0.017160 0.087655 0.309634 0.709837 0.973514 1.142239 1.257730 1.288208 1.243218 1.081761 0.979727 0.940799 0.897686 0.791449 0.582123 0.364905 0.215941 0.119249 0.062019 0.030826 0.014672 
0.010080 0.004299 0.001606 0.000509 0.000194 0.000221 0.001141 0.008208 0.045438 0.179709 0.504523 0.853544 1.064531 1.210611 1.276779 1.271337 1.169620 1.022856 0.960263 0.919765 0.852458 0.699672 0.465969 0.283889 0.162662 0.087380 0.044543 0.021746 
0.015177 0.006804 0.002753 0.000960 0.000312 0.000204 0.000570 0.003906 0.023053 0.100443 0.318298 0.693262 0.967151 1.147560 1.251966 1.274738 1.232513 1.091348 0.988797 0.940014 0.889463 0.786750 0.586482 0.367322 0.217532 0.120965 0.063456 0.031753 
0.022440 0.010450 0.004497 0.001713 0.000569 0.000245 0.000341 0.001867 0.011503 0.054468 0.191813 0.498776 0.841892 1.066856 1.209967 1.266198 1.258904 1.169471 1.033352 0.964406 0.914960 0.844627 0.698810 0.470592 0.285774 0.164366 0.088985 0.045713 
0.032666 0.015691 0.007077 0.002900 0.001038 0.000366 0.000281 0.000925 0.005671 0.028820 0.111343 0.324092 0.680584 0.964605 1.149271 1.245112 1.263463 1.224455 1.098850 0.996441 0.939683 0.882404 0.781154 0.589577 0.370257 0.219317 0.122662 0.064849 
0.046857 0.023133 0.010829 0.004699 0.001821 0.000629 0.000313 0.000523 0.002786 0.014945 0.062659 0.201439 0.493429 0.835014 1.068042 1.206878 1.256581 1.248835 1.169578 1.041940 0.968062 0.911108 0.837275 0.696656 0.474837 0.288001 0.166134 0.090552 
0.066208 0.033567 0.016209 0.007358 0.003049 0.001115 0.000431 0.000392 0.001397 0.007628 0.034358 0.120666 0.328283 0.671592 0.963302 1.148601 1.237942 1.253676 1.218145 1.105086 1.002885 0.939585 0.876302 0.775314 0.591524 0.373298 0.221282 0.124357 
0.092094 0.047977 0.023825 0.011216 0.004907 0.001926 0.000693 0.000407 0.000769 0.003860 0.018431 0.070065 0.209311 0.489425 0.830748 1.067946 1.202473 1.247776 1.240352 1.169949 1.049123 0.971233 0.907943 0.830521 0.693769 0.478439 0.290404 0.167973 
0.126063 0.067540 0.034458 0.016733 0.007645 0.003198 0.001191 0.000514 0.000542 0.001973 0.009710 0.039615 0.128736 0.331760 0.665451 0.962181 1.146362 1.230787 1.244992 1.213023 1.110472 1.008353 0.939588 0.870999 0.769561 0.592515 0.376221 0.223369 
0.169868 0.093621 0.049080 0.024516 0.011609 0.005116 0.002028 0.000768 0.000525 0.001082 0.005053 0.021892 0.076773 0.216010 0.486892 0.827885 1.066741 1.197352 1.239665 1.233004 1.170516 1.055243 0.973949 0.905294 0.824386 0.690489 0.481343 0.292852 
0.225518 0.127782 0.068853 0.035341 0.017261 0.007937 0.003344 0.001271 0.000616 0.000734 0.002641 0.011864 0.044577 0.135847 0.334995 0.661392 0.960844 1.143084 1.223798 1.237167 1.208738 1.115231 1.013016 0.939621 0.866371 0.764061 0.592741 0.378909 
0.295257 0.171799 0.095141 0.050168 0.025206 0.012008 0.005325 0.002130 0.000861 0.000660 0.001464 0.006338 0.025284 0.082893 0.221937 0.485656 0.825769 1.064655 1.191859 1.232154 1.226506 1.170119 1.061609 0.976301 0.902996 0.818849 0.687027 0.483584 
0.381312 0.227678 0.129509 0.070153 0.036217 0.017792 0.008231 0.003487 0.001362 0.000736 0.000961 0.003392 0.014052 0.049256 0.142235 0.338212 0.658816 0.959172 1.139121 1.217043 1.230036 1.204655 1.119480 1.017454 0.939648 0.862278 0.758897 0.592369 
0.485228 0.297562 0.173742 0.096653 0.051246 0.025897 0.012409 0.005531 0.002237 0.000971 0.000820 0.001901 0.007694 0.028586 0.088523 0.227349 0.485467 0.824045 1.061900 1.186198 1.225164 1.220518 1.169542 1.067546 0.978497 0.900963 0.813839 0.683527 
0.591547 0.383414 0.229810 0.131238 0.071442 0.037088 0.018327 0.008522 0.003631 0.001464 0.000877 0.001226 0.004209 0.016252 0.053674 0.148075 0.341496 0.657289 0.957167 1.134715 1.210552 1.223422 1.200821 1.123303 1.021582 0.939730 0.858600 0.754081 
0.680066 0.486364 0.299733 0.175677 0.098160 0.052316 0.026588 0.012810 0.005736 0.002350 0.001097 0.001008 0.002388 0.009098 0.031791 0.093752 0.232408 0.486085 0.822519 1.058655 1.180504 1.218595 1.214947 1.168927 1.072984 0.980566 0.899165 0.809264 
0.749577 0.590394 0.385227 0.231888 0.132959 0.072724 0.037958 0.018861 0.008812 0.003777 0.001578 0.001041 0.001525 0.005077 0.018447 0.057863 0.153493 0.344869 0.656495 0.954873 1.130049 1.204311 1.217227 1.197233 1.126755 1.025398 0.939865 0.855277 
0.805066 0.676671 0.487080 0.301756 0.177587 0.099658 0.053382 0.027279 0.013210 0.005940 0.002470 0.001243 0.001223 0.002917 0.010534 0.034899 0.098652 0.237213 0.487307 0.821084 1.055076 1.174849 1.212384 1.209729 1.168305 1.077958 0.982514 0.897571 
0.852264 0.745355 0.588992 0.386774 0.233891 0.134665 0.073999 0.038826 0.019395 0.009100 0.003924 0.001705 0.001230 0.001858 0.005986 0.020623 0.061852 0.158581 0.348318 0.656208 0.952357 1.125242 1.198308 1.211388 1.193863 1.129247 1.029560 0.940042 
