0.022793 0.021505 0.031620 0.068938 0.146043 0.274883 0.955287 1.678278 1.879407 1.998909 2.006855 1.908034 1.213764 0.487638 0.295196 0.156108 0.071911 0.029028 0.010423 0.003264 0.001822 0.003478 0.009990 0.020544 0.031988 0.038552 0.038551 0.031477 
0.026411 0.021988 0.025298 0.046878 0.102517 0.203996 0.546140 1.376692 1.789046 1.953102 2.003875 1.969797 1.635330 0.787972 0.384748 0.218791 0.108845 0.047435 0.018295 0.006129 0.002363 0.002443 0.006127 0.014762 0.026765 0.036090 0.038551 0.035898 
0.031376 0.023647 0.023229 0.033805 0.070440 0.147527 0.344985 0.952640 1.613906 1.885234 1.984835 1.991096 1.840112 1.220246 0.556702 0.294768 0.157751 0.074106 0.030743 0.011162 0.003775 0.002393 0.003834 0.009826 0.020677 0.032286 0.037629 0.037557 
0.035230 0.026791 0.023386 0.027195 0.048865 0.103927 0.231209 0.597538 1.325314 1.771036 1.946702 1.988748 1.934477 1.588789 0.843732 0.410120 0.219588 0.110893 0.049452 0.019428 0.006718 0.002911 0.002933 0.006261 0.014644 0.027170 0.035625 0.037602 
0.036712 0.031140 0.024663 0.024814 0.035797 0.072222 0.158541 0.384493 0.951502 1.581932 1.875572 1.972981 1.968397 1.798060 1.227251 0.596541 0.304624 0.159334 0.076245 0.032276 0.011960 0.004339 0.002919 0.004184 0.009821 0.020898 0.032207 0.036860 
0.036805 0.034604 0.027205 0.024720 0.028952 0.050830 0.109145 0.254063 0.625365 1.300888 1.753281 1.936453 1.971262 1.903947 1.562715 0.877034 0.432254 0.224204 0.112900 0.051304 0.020531 0.007374 0.003452 0.003394 0.006456 0.014679 0.027356 0.035115 
0.036171 0.035980 0.030940 0.025652 0.026307 0.037685 0.075432 0.170778 0.411416 0.952990 1.560737 1.863412 1.958208 1.946019 1.767571 1.232818 0.625053 0.316136 0.162338 0.078249 0.033716 0.012798 0.004930 0.003415 0.004542 0.009922 0.021075 0.031994 
0.034605 0.036099 0.034066 0.027666 0.025897 0.030656 0.053263 0.115906 0.272936 0.644586 1.286726 1.738059 1.922660 1.953637 1.877577 1.544733 0.900706 0.451205 0.230524 0.115349 0.053030 0.021626 0.008070 0.003983 0.003838 0.006701 0.014807 0.027378 
0.031708 0.035539 0.035337 0.030833 0.026561 0.027682 0.039728 0.079580 0.182622 0.431933 0.955696 1.545734 1.849562 1.942021 1.925115 1.743253 1.237301 0.647353 0.327676 0.166329 0.080325 0.035097 0.013664 0.005534 0.003892 0.004911 0.010098 0.021202 
0.027289 0.034102 0.035463 0.033593 0.028163 0.026981 0.032339 0.056178 0.123202 0.288994 0.659508 1.278207 1.724070 1.907349 1.935681 1.854803 1.530788 0.919043 0.467723 0.237585 0.118231 0.054737 0.022718 0.008788 0.004508 0.004275 0.006984 0.014985 
0.021286 0.031377 0.034953 0.034762 0.030792 0.027424 0.028990 0.041949 0.084292 0.193752 0.448661 0.959439 1.533961 1.835078 1.925057 1.905352 1.723188 1.240829 0.665735 0.338806 0.170925 0.082549 0.036466 0.014547 0.006142 0.004362 0.005291 0.010323 
0.015172 0.027146 0.033612 0.034881 0.033174 0.028687 0.028011 0.034045 0.059447 0.130632 0.303025 0.672066 1.272908 1.710912 1.891314 1.917667 1.834577 1.519533 0.933853 0.482390 0.244927 0.121451 0.056487 0.023817 0.009516 0.005030 0.004710 0.007294 
0.010571 0.021335 0.031029 0.034405 0.034241 0.030802 0.028265 0.030274 0.044325 0.089317 0.204178 0.462965 0.963866 1.524110 1.820369 1.907785 1.886509 1.706049 1.243745 0.681371 0.349410 0.175875 0.084932 0.037856 0.015440 0.006752 0.004830 0.005679 
0.007620 0.015353 0.026972 0.033139 0.034344 0.032818 0.029216 0.029018 0.035795 0.062954 0.138014 0.315581 0.683151 1.269568 1.698345 1.875004 1.899806 1.816177 1.510128 0.946265 0.495588 0.252318 0.124920 0.058312 0.024932 0.010250 0.005551 0.005148 
0.006075 0.010829 0.021358 0.030676 0.033892 0.033772 0.030851 0.029092 0.031559 0.046826 0.094496 0.213984 0.475616 0.968709 1.515471 1.805657 1.890506 1.868445 1.690955 1.246275 0.695000 0.359469 0.181021 0.087462 0.039285 0.016343 0.007363 0.005299 
0.005590 0.007955 0.015523 0.026780 0.032686 0.033847 0.032516 0.029752 0.030018 0.037593 0.066611 0.145263 0.327032 0.693230 1.267454 1.686231 1.858687 1.882233 1.799129 1.502014 0.956994 0.507599 0.259634 0.128569 0.060219 0.026069 0.010989 0.006073 
0.005771 0.006477 0.011088 0.021359 0.030326 0.033411 0.033348 0.030968 0.029852 0.032891 0.049421 0.099732 0.223258 0.487077 0.973769 1.507633 1.791073 1.873403 1.851069 1.677323 1.248539 0.707118 0.369004 0.186262 0.090119 0.040760 0.017258 0.007977 
0.006599 0.006036 0.008294 0.015679 0.026578 0.032254 0.033388 0.032289 0.030270 0.030992 0.039470 0.070354 0.152343 0.337630 0.702564 1.266107 1.674491 1.842529 1.865028 1.783122 1.494811 0.966495 0.518640 0.266808 0.132342 0.062207 0.027232 0.011733 
0.008594 0.006247 0.006883 0.011346 0.021342 0.029984 0.032963 0.032976 0.031142 0.030541 0.034261 0.052112 0.104961 0.232075 0.497641 0.978904 1.500343 1.776703 1.856591 1.834313 1.664767 1.250596 0.718064 0.378053 0.191534 0.092880 0.042285 0.018187 
0.012485 0.007127 0.006485 0.008636 0.015822 0.026371 0.031844 0.032971 0.032134 0.030766 0.031936 0.041420 0.074161 0.159234 0.347551 0.711311 1.265236 1.663082 1.826633 1.848237 1.767949 1.488260 0.975060 0.528872 0.273810 0.136200 0.064270 0.028423 
0.019131 0.009217 0.006726 0.007292 0.011599 0.021310 0.029651 0.032548 0.032657 0.031346 0.031205 0.035639 0.054884 0.110156 0.240487 0.507501 0.984013 1.493446 1.762601 1.840135 1.818129 1.653029 1.252472 0.728075 0.386660 0.196795 0.095725 0.043858 
0.029643 0.013246 0.007660 0.006938 0.008978 0.015951 0.026161 0.031448 0.032616 0.032019 0.031258 0.032868 0.043410 0.078017 0.165940 0.356909 0.719570 1.264649 1.651976 1.811060 1.831883 1.753466 1.482183 0.982881 0.538424 0.280628 0.140109 0.066399 
0.045476 0.020093 0.009845 0.007209 0.007703 0.011848 0.021266 0.029319 0.032178 0.032392 0.031564 0.031861 0.037022 0.057705 0.115314 0.248543 0.516778 0.989026 1.486843 1.748800 1.824074 1.802476 1.641933 1.254179 0.737320 0.394866 0.202018 0.098635 
0.068583 0.030893 0.014018 0.008197 0.007394 0.009319 0.016069 0.025942 0.031079 0.032312 0.031978 0.031675 0.033834 0.045423 0.081894 0.172476 0.365785 0.727400 1.264221 1.641157 1.795847 1.815975 1.739573 1.476457 0.990087 0.547392 0.287259 0.144048 
0.101594 0.047136 0.021073 0.010480 0.007695 0.008116 0.012091 0.021207 0.028999 0.031850 0.032183 0.031789 0.032485 0.038450 0.060548 0.120421 0.256290 0.525554 0.993895 1.480470 1.735322 1.808427 1.787324 1.631354 1.255719 0.745919 0.402710 0.207185 
0.147998 0.070816 0.032171 0.014801 0.008740 0.007853 0.009659 0.016172 0.025720 0.030739 0.032058 0.031986 0.032050 0.034809 0.047482 0.085763 0.178856 0.374247 0.734840 1.263869 1.630614 1.781013 1.800513 1.726198 1.470995 0.996766 0.555854 0.293706 
0.212286 0.104590 0.048834 0.022072 0.011124 0.008186 0.008530 0.012327 0.021133 0.028692 0.031563 0.032022 0.032010 0.033092 0.039906 0.063422 0.125458 0.263764 0.533894 0.998585 1.474285 1.722176 1.793201 1.772645 1.621207 1.257094 0.753965 0.410225 
0.299975 0.151945 0.073088 0.033477 0.015597 0.009287 0.008315 0.009997 0.016260 0.025499 0.030429 0.031850 0.032016 0.032416 0.035783 0.049576 0.089625 0.185077 0.382351 0.741919 1.263535 1.620338 1.766566 1.785492 1.713286 1.465735 1.002983 0.563870 
