0.000646 0.003566 0.011228 0.030913 0.073678 0.154010 0.779125 1.471381 1.682038 1.874310 1.979176 1.977908 1.375296 0.667974 0.456161 0.274945 0.146946 0.071139 0.033637 0.018395 0.013118 0.010589 0.008157 0.005156 0.002501 0.000831 0.000152 0.000009 
0.000248 0.001821 0.006805 0.019568 0.049410 0.109148 0.398469 1.177060 1.579007 1.789100 1.939852 1.978701 1.751770 0.972785 0.558242 0.358901 0.204422 0.104254 0.049605 0.024771 0.015413 0.011842 0.009373 0.006684 0.003705 0.001542 0.000424 0.000063 
0.000132 0.000861 0.003887 0.012214 0.032354 0.075542 0.225111 0.773687 1.402016 1.691471 1.878463 1.964132 1.893602 1.385729 0.738614 0.452964 0.274872 0.148648 0.073203 0.035253 0.019369 0.013490 0.010607 0.008056 0.005129 0.002493 0.000889 0.000198 
0.000157 0.000406 0.002087 0.007387 0.020807 0.051067 0.137029 0.449523 1.120241 1.559551 1.797633 1.932007 1.937683 1.694333 1.034394 0.582344 0.357434 0.205413 0.106239 0.051470 0.026060 0.016054 0.012007 0.009332 0.006603 0.003682 0.001577 0.000465 
0.000273 0.000250 0.001067 0.004285 0.013082 0.033832 0.087085 0.264959 0.769030 1.365050 1.691555 1.880907 1.935555 1.846427 1.390451 0.779976 0.460778 0.274818 0.150275 0.075184 0.036840 0.020313 0.013859 0.010669 0.007974 0.005065 0.002505 0.000921 
0.000518 0.000259 0.000557 0.002376 0.007986 0.021963 0.056396 0.160445 0.476220 1.089235 1.545447 1.803069 1.915062 1.902132 1.664295 1.068116 0.603723 0.360121 0.206365 0.108136 0.053285 0.027317 0.016678 0.012203 0.009322 0.006503 0.003663 0.001596 
0.000955 0.000356 0.000370 0.001276 0.004707 0.013929 0.036623 0.099718 0.291867 0.765173 1.342165 1.692462 1.873064 1.910213 1.811327 1.394525 0.808320 0.470691 0.276302 0.151829 0.077100 0.038385 0.021227 0.014241 0.010754 0.007912 0.004989 0.002506 
0.001611 0.000581 0.000361 0.000712 0.002676 0.008594 0.023592 0.063120 0.179661 0.493375 1.069045 1.538525 1.800695 1.896282 1.873131 1.642665 1.091526 0.621601 0.364757 0.207847 0.109963 0.055048 0.028534 0.017296 0.012417 0.009333 0.006406 0.003631 
0.002498 0.000995 0.000444 0.000493 0.001492 0.005141 0.014958 0.040290 0.111764 0.311871 0.761740 1.329699 1.690433 1.860437 1.887600 1.783812 1.397028 0.829928 0.480687 0.278924 0.153534 0.078955 0.039882 0.022121 0.014632 0.010856 0.007850 0.004924 
0.003595 0.001627 0.000650 0.000462 0.000874 0.002985 0.009278 0.025685 0.070259 0.195739 0.505585 1.056861 1.533907 1.793290 1.877414 1.848680 1.625795 1.108785 0.636873 0.370259 0.209877 0.111806 0.056754 0.029717 0.017913 0.012648 0.009343 0.006325 
0.004865 0.002487 0.001040 0.000533 0.000616 0.001717 0.005609 0.016217 0.044451 0.122886 0.327616 0.760323 1.322592 1.685506 1.845868 1.866639 1.761506 1.398419 0.847167 0.490287 0.282279 0.155464 0.080778 0.041332 0.022997 0.015035 0.010960 0.007798 
0.006262 0.003560 0.001646 0.000723 0.000564 0.001040 0.003314 0.010074 0.028131 0.077393 0.209464 0.515473 1.050182 1.529368 1.783135 1.858850 1.827214 1.612207 1.122017 0.650118 0.376134 0.212356 0.113716 0.058416 0.030868 0.018530 0.012883 0.009350 
0.007758 0.004812 0.002479 0.001089 0.000624 0.000742 0.001952 0.006133 0.017690 0.048861 0.133077 0.340726 0.761180 1.317952 1.678508 1.830457 1.846986 1.742632 1.399223 0.861328 0.499350 0.286103 0.157619 0.082597 0.042741 0.023863 0.015443 0.011061 
0.009365 0.006208 0.003528 0.001668 0.000798 0.000668 0.001211 0.003671 0.010990 0.030824 0.084339 0.221473 0.524352 1.047053 1.524306 1.771410 1.840788 1.807853 1.600809 1.132597 0.661748 0.382131 0.215178 0.115712 0.060047 0.031995 0.019148 0.013117 
0.011166 0.007727 0.004765 0.002475 0.001141 0.000717 0.000872 0.002201 0.006723 0.019342 0.053371 0.142453 0.352194 0.763906 1.314448 1.670074 1.814771 1.828437 1.726095 1.399349 0.873598 0.507856 0.290218 0.159970 0.084428 0.044120 0.024719 0.015848 
0.013352 0.009387 0.006162 0.003500 0.001694 0.000876 0.000775 0.001390 0.004063 0.012021 0.033681 0.091031 0.232241 0.532804 1.046188 1.518627 1.758801 1.823312 1.790059 1.590773 1.141348 0.672214 0.388114 0.218256 0.117795 0.061660 0.033103 0.019760 
0.016250 0.011277 0.007704 0.004724 0.002474 0.001195 0.000813 0.001005 0.002469 0.007381 0.021138 0.057894 0.151153 0.362604 0.768011 1.311441 1.660672 1.799121 1.810842 1.711170 1.397327 0.886115 0.515884 0.294510 0.162484 0.086280 0.045480 0.025565 
0.020365 0.013588 0.009417 0.006123 0.003477 0.001722 0.000956 0.000885 0.001578 0.004494 0.013154 0.036641 0.097461 0.242105 0.541063 1.046748 1.512404 1.745737 1.806447 1.773465 1.581020 1.148770 0.682392 0.394029 0.221520 0.119957 0.063270 0.034197 
0.026399 0.016651 0.011393 0.007689 0.004689 0.002476 0.001252 0.000912 0.001145 0.002758 0.008106 0.023044 0.062384 0.159305 0.372294 0.773068 1.308617 1.650649 1.783681 1.794079 1.697176 1.394871 0.897595 0.523729 0.298906 0.165129 0.088161 0.046828 
0.035279 0.020964 0.013828 0.009453 0.006091 0.003459 0.001754 0.001039 0.000999 0.001779 0.004965 0.014376 0.039664 0.103647 0.251291 0.549208 1.048185 1.505758 1.732494 1.790179 1.757740 1.571698 1.155178 0.692031 0.399936 0.224916 0.122191 0.064882 
0.048169 0.027224 0.017050 0.011514 0.007680 0.004659 0.002483 0.001312 0.001014 0.001292 0.003072 0.008893 0.025036 0.066819 0.167011 0.381466 0.778740 1.305826 1.640257 1.768547 1.778015 1.683919 1.392248 0.908052 0.531350 0.303389 0.167876 0.090073 
0.066501 0.036350 0.021558 0.014069 0.009496 0.006064 0.003445 0.001789 0.001126 0.001118 0.001994 0.005477 0.015674 0.042722 0.109614 0.259956 0.557250 1.050138 1.498809 1.719255 1.774464 1.742729 1.562781 1.160779 0.701108 0.405814 0.228419 0.124487 
0.092015 0.049506 0.028041 0.017449 0.011640 0.007678 0.004634 0.002493 0.001376 0.001121 0.001447 0.003409 0.009736 0.027092 0.071187 0.174354 0.390234 0.784772 1.303002 1.629687 1.753761 1.762564 1.671281 1.389536 0.917605 0.538723 0.307934 0.170710 
0.126839 0.068130 0.037414 0.022147 0.014313 0.009544 0.006043 0.003435 0.001826 0.001217 0.001243 0.002223 0.006027 0.017035 0.045797 0.115387 0.268204 0.565171 1.052369 1.491671 1.706133 1.759263 1.728333 1.554217 1.165713 0.709653 0.411633 0.232006 
0.173615 0.093985 0.050841 0.028851 0.017847 0.011770 0.007682 0.004615 0.002506 0.001445 0.001227 0.001614 0.003772 0.010631 0.029197 0.075488 0.181392 0.398669 0.790978 1.300125 1.619068 1.739339 1.747664 1.659173 1.386763 0.926372 0.545843 0.312512 
0.235655 0.129240 0.069769 0.038473 0.022733 0.014560 0.009599 0.006029 0.003429 0.001870 0.001309 0.001372 0.002472 0.006614 0.018450 0.048877 0.120989 0.276109 0.572944 1.054722 1.484431 1.693197 1.744542 1.714480 1.545958 1.170083 0.717708 0.417373 
0.317101 0.176579 0.095982 0.052176 0.029657 0.018245 0.011905 0.007692 0.004599 0.002525 0.001519 0.001332 0.001792 0.004163 0.011571 0.031340 0.079722 0.188173 0.406812 0.797224 1.297194 1.608491 1.725288 1.733269 1.647526 1.383940 0.934453 0.552713 
0.423021 0.239350 0.131682 0.071419 0.039529 0.023317 0.014810 0.009659 0.006018 0.003428 0.001920 0.001402 0.001505 0.002739 0.007237 0.019910 0.051954 0.126439 0.283719 0.580547 1.057098 1.477155 1.680491 1.730276 1.701115 1.537964 1.173965 0.725317 
