0.020541 0.009965 0.003347 0.000910 0.000977 0.003384 0.011004 0.031740 0.078554 0.166484 0.306310 0.494994 0.713764 0.900677 0.996056 0.988439 0.872423 0.674182 0.456211 0.274755 0.146491 0.071791 0.038634 0.031916 0.034655 0.039467 0.038868 0.032016 
0.026744 0.014759 0.006133 0.001824 0.000935 0.001888 0.006542 0.019733 0.051888 0.117380 0.229910 0.394545 0.604601 0.818662 0.960289 0.993199 0.943980 0.783580 0.563098 0.358834 0.203928 0.103948 0.051908 0.034435 0.032943 0.037403 0.039242 0.036224 
0.032291 0.020645 0.009907 0.003551 0.001268 0.001292 0.003752 0.012071 0.033440 0.080467 0.167765 0.305714 0.493895 0.720185 0.903065 0.980858 0.974742 0.877678 0.678822 0.454796 0.274515 0.147945 0.073607 0.041174 0.033502 0.034943 0.038553 0.038110 
0.035873 0.027083 0.014728 0.006220 0.002124 0.001277 0.002218 0.007179 0.021124 0.053746 0.119082 0.230409 0.393526 0.607703 0.824761 0.951685 0.978564 0.937579 0.790974 0.564488 0.357942 0.204701 0.105538 0.054295 0.036379 0.034043 0.036928 0.038387 
0.037444 0.032262 0.020870 0.009922 0.003766 0.001595 0.001630 0.004196 0.013029 0.035100 0.082325 0.168997 0.305493 0.494232 0.727138 0.900729 0.968485 0.963195 0.877479 0.685223 0.454552 0.274562 0.149130 0.075751 0.043390 0.034919 0.035303 0.037840 
0.037691 0.035452 0.027287 0.014797 0.006346 0.002409 0.001608 0.002597 0.007829 0.022409 0.055568 0.120730 0.231017 0.393332 0.612578 0.827163 0.943076 0.966501 0.930390 0.794669 0.568354 0.357737 0.205339 0.107313 0.056584 0.038095 0.035063 0.036619 
0.037289 0.036851 0.032110 0.021078 0.010007 0.003985 0.001908 0.001979 0.004682 0.013951 0.036667 0.084149 0.170233 0.305671 0.496422 0.732204 0.896681 0.957717 0.952959 0.874981 0.690873 0.455768 0.274742 0.150414 0.077918 0.045408 0.036200 0.035707 
0.036498 0.037125 0.035019 0.027380 0.014916 0.006503 0.002687 0.001935 0.003001 0.008496 0.023628 0.057312 0.122365 0.231782 0.394132 0.617597 0.827373 0.934828 0.955933 0.923123 0.796193 0.572936 0.358168 0.206099 0.109168 0.058750 0.039714 0.035892 
0.036119 0.036887 0.036335 0.031891 0.021245 0.010135 0.004212 0.002217 0.002335 0.005195 0.014857 0.038151 0.085917 0.171529 0.306341 0.499937 0.735275 0.891894 0.948019 0.943629 0.871423 0.695544 0.457714 0.275241 0.151819 0.080036 0.047331 0.037325 
0.036572 0.036503 0.036680 0.034600 0.027343 0.015100 0.006683 0.002965 0.002261 0.003422 0.009176 0.024800 0.058975 0.123992 0.232785 0.395791 0.622228 0.826147 0.926972 0.946373 0.916003 0.796443 0.577454 0.359096 0.207075 0.111043 0.060846 0.041228 
0.038326 0.036529 0.036592 0.035900 0.031618 0.021367 0.010304 0.004447 0.002525 0.002696 0.005725 0.015754 0.039569 0.087628 0.172917 0.307511 0.503895 0.737074 0.886737 0.939097 0.934984 0.867372 0.699298 0.459983 0.276087 0.153330 0.082122 0.049167 
0.042616 0.037203 0.036560 0.036332 0.034208 0.027239 0.015286 0.006884 0.003246 0.002589 0.003854 0.009864 0.025938 0.060568 0.125619 0.234051 0.397979 0.626325 0.824069 0.919462 0.937555 0.909115 0.795892 0.581618 0.360393 0.208265 0.112944 0.062880 
0.050892 0.039313 0.036830 0.036446 0.035507 0.031329 0.021441 0.010489 0.004692 0.002836 0.003063 0.006266 0.016643 0.040934 0.089291 0.174412 0.309078 0.507925 0.737990 0.881428 0.930770 0.926890 0.863102 0.701387 0.463237 0.277228 0.154947 0.084187 
0.064825 0.043966 0.037809 0.036638 0.036046 0.033823 0.027099 0.015454 0.007098 0.003532 0.002921 0.004293 0.010558 0.027050 0.062104 0.127256 0.235552 0.400479 0.629884 0.821471 0.912267 0.929315 0.902484 0.794485 0.585349 0.362266 0.209648 0.114884 
0.086205 0.052557 0.040264 0.037151 0.036342 0.035139 0.031023 0.021480 0.010677 0.004946 0.003150 0.003435 0.006814 0.017525 0.042256 0.090918 0.176011 0.310937 0.511849 0.738277 0.876087 0.922922 0.919254 0.858631 0.702559 0.466743 0.278725 0.156678 
0.116838 0.066712 0.045263 0.038420 0.036747 0.035790 0.033445 0.026930 0.015602 0.007319 0.003823 0.003257 0.004738 0.011253 0.028138 0.063596 0.128910 0.237245 0.403144 0.632950 0.818554 0.905359 0.921546 0.896061 0.792526 0.588644 0.364488 0.211255 
0.158510 0.088190 0.054162 0.041195 0.037494 0.036268 0.034791 0.030709 0.021487 0.010863 0.005205 0.003469 0.003812 0.007366 0.018399 0.043546 0.092521 0.177700 0.312999 0.515584 0.738102 0.870784 0.915476 0.911989 0.854050 0.703128 0.470235 0.280519 
0.213053 0.118814 0.068543 0.046520 0.039035 0.036881 0.035561 0.033075 0.026741 0.015729 0.007544 0.004120 0.003598 0.005188 0.011948 0.029208 0.065055 0.130585 0.239084 0.405881 0.635581 0.815442 0.898716 0.914169 0.889826 0.790212 0.591531 0.366914 
0.282531 0.160437 0.090148 0.055715 0.042111 0.037854 0.036221 0.034464 0.030389 0.021466 0.011041 0.005469 0.003794 0.004194 0.007922 0.019265 0.044808 0.094109 0.179464 0.315196 0.519098 0.737585 0.865557 0.908374 0.905040 0.849428 0.703255 0.473620 
0.369451 0.215009 0.120810 0.070327 0.047745 0.039654 0.037037 0.035358 0.032716 0.026534 0.015835 0.007768 0.004422 0.003944 0.005642 0.012641 0.030262 0.066489 0.132280 0.241032 0.408625 0.637833 0.812215 0.892318 0.907124 0.883769 0.787662 0.594052 
0.476855 0.284699 0.162445 0.092081 0.057224 0.043015 0.038229 0.036198 0.034157 0.030068 0.021420 0.011212 0.005737 0.004123 0.004581 0.008479 0.020124 0.046050 0.095689 0.181286 0.317474 0.522380 0.736809 0.860428 0.901572 0.898366 0.844809 0.703044 
0.596249 0.372040 0.217086 0.122825 0.072072 0.048942 0.040278 0.037213 0.035179 0.032369 0.026313 0.015919 0.007991 0.004728 0.004295 0.006100 0.013333 0.031302 0.067905 0.133993 0.243056 0.411337 0.639755 0.808928 0.886143 0.900369 0.877881 0.784953 
0.702573 0.479925 0.286976 0.164517 0.093996 0.058699 0.043910 0.038617 0.036196 0.033871 0.029747 0.021350 0.011372 0.006006 0.004457 0.004972 0.009038 0.020976 0.047274 0.097263 0.183152 0.319794 0.525435 0.735837 0.855409 0.895034 0.891936 0.840222 
0.782139 0.598162 0.374639 0.219254 0.124853 0.073784 0.050117 0.040904 0.037394 0.035033 0.032034 0.026083 0.015982 0.008212 0.005038 0.004650 0.006561 0.014023 0.032330 0.069307 0.135720 0.245129 0.413990 0.641394 0.805616 0.880175 0.893873 0.872156 
0.835685 0.701896 0.482826 0.289324 0.166637 0.095893 0.060144 0.044798 0.039006 0.036214 0.033613 0.029427 0.021260 0.011523 0.006277 0.004796 0.005367 0.009598 0.021821 0.048485 0.098834 0.185050 0.322128 0.528272 0.734713 0.850503 0.888736 0.885729 
0.866587 0.779259 0.599825 0.377223 0.221488 0.126891 0.075468 0.051277 0.041527 0.037586 0.034914 0.031718 0.025841 0.016026 0.008429 0.005351 0.005010 0.007025 0.014710 0.033347 0.070699 0.137459 0.247231 0.416567 0.642787 0.802303 0.874399 0.887608 
0.879725 0.831211 0.701055 0.485562 0.291713 0.168792 0.097776 0.061567 0.045676 0.039398 0.036250 0.033381 0.029115 0.021149 0.011663 0.006548 0.005138 0.005765 0.010159 0.022660 0.049684 0.100403 0.186969 0.324454 0.530904 0.733472 0.845712 0.882655 
0.881556 0.861166 0.776338 0.601270 0.379771 0.223765 0.128933 0.077132 0.052420 0.042145 0.037789 0.034815 0.031423 0.025594 0.016049 0.008642 0.005667 0.005373 0.007491 0.015396 0.034357 0.072081 0.139205 0.249346 0.419544 0.643479 0.799004 0.868801 
