0.010083 0.012890 0.028662 0.068522 0.146164 0.275279 0.458490 1.180689 1.883709 1.999379 2.002932 1.896333 1.697294 0.969361 0.281776 0.148451 0.069014 0.028440 0.010327 0.003844 0.003418 0.007077 0.014286 0.022223 0.026774 0.026772 0.022213 0.013551 
0.011384 0.011136 0.019156 0.045581 0.102620 0.204287 0.360123 0.754614 1.605618 1.955559 2.001600 1.962957 1.808368 1.394395 0.556286 0.208377 0.103874 0.045919 0.017930 0.006328 0.003578 0.004791 0.010238 0.018587 0.025067 0.026773 0.025062 0.017746 
0.013801 0.011229 0.014143 0.030067 0.070274 0.147875 0.275434 0.527536 1.185685 1.818576 1.984334 1.987109 1.900156 1.633805 0.967083 0.351906 0.150307 0.071151 0.029876 0.011022 0.004609 0.004033 0.006985 0.014283 0.022424 0.026133 0.026131 0.021985 
0.017696 0.012193 0.012322 0.020479 0.047135 0.104400 0.205410 0.385917 0.809012 1.560522 1.921828 1.986068 1.954501 1.789405 1.344047 0.607797 0.235802 0.105994 0.047711 0.018894 0.007086 0.004249 0.005140 0.010091 0.018802 0.024742 0.026133 0.024576 
0.021630 0.014257 0.012242 0.015397 0.031495 0.071941 0.149437 0.285726 0.567141 1.192490 1.778308 1.961978 1.974231 1.888645 1.601759 0.966752 0.391526 0.161957 0.073169 0.031176 0.011869 0.005313 0.004583 0.007108 0.014323 0.022341 0.025611 0.025549 
0.024072 0.017705 0.012997 0.013425 0.021828 0.048675 0.106058 0.210232 0.408293 0.841765 1.535668 1.891570 1.969636 1.942136 1.770364 1.320298 0.635932 0.259144 0.111714 0.049337 0.019929 0.007863 0.004857 0.005530 0.010129 0.018825 0.024385 0.025588 
0.025019 0.021287 0.014763 0.013158 0.016629 0.032946 0.073549 0.152296 0.297527 0.595603 1.198413 1.748349 1.940361 1.959323 1.874284 1.580118 0.968955 0.418868 0.174797 0.076404 0.032465 0.012763 0.005984 0.005109 0.007339 0.014357 0.022150 0.025137 
0.025093 0.023605 0.017759 0.013760 0.014460 0.023182 0.050212 0.108155 0.216601 0.427459 0.865525 1.518121 1.865986 1.952213 1.927434 1.753342 1.306526 0.655660 0.278623 0.118794 0.051405 0.020999 0.008635 0.005437 0.005945 0.010249 0.018757 0.024017 
0.024689 0.024535 0.020996 0.015259 0.014022 0.017818 0.034409 0.075319 0.156065 0.309229 0.618091 1.203098 1.724759 1.919878 1.942921 1.859052 1.564024 0.972371 0.439990 0.187154 0.080477 0.033946 0.013671 0.006636 0.005628 0.007623 0.014384 0.021910 
0.023647 0.024631 0.023189 0.017840 0.014486 0.015446 0.024514 0.051824 0.110713 0.223595 0.444198 0.883995 1.504746 1.843828 1.934280 1.911470 1.737933 1.297867 0.671237 0.295302 0.126297 0.053930 0.022154 0.009401 0.006006 0.006376 0.010408 0.018645 
0.021648 0.024262 0.024090 0.020753 0.015744 0.014846 0.018966 0.035889 0.077321 0.160404 0.320431 0.636697 1.206960 1.705366 1.900360 1.925726 1.843542 1.551216 0.976536 0.457403 0.198720 0.085039 0.035664 0.014607 0.007279 0.006145 0.007934 0.014405 
0.018508 0.023282 0.024198 0.022817 0.017944 0.015183 0.016391 0.025827 0.053541 0.113656 0.230800 0.459034 0.899061 1.494089 1.824066 1.916214 1.894907 1.723647 1.292227 0.684413 0.309936 0.133841 0.056812 0.023420 0.010169 0.006570 0.006816 0.010584 
0.014421 0.021377 0.023854 0.023680 0.020553 0.016218 0.015636 0.020081 0.037399 0.079549 0.165100 0.331031 0.652574 1.210331 1.688807 1.881658 1.908224 1.828021 1.540457 0.981202 0.472377 0.209506 0.089872 0.037598 0.015588 0.007920 0.006662 0.008259 
0.010770 0.018360 0.022925 0.023789 0.022486 0.018067 0.015854 0.017303 0.027131 0.055370 0.116899 0.238018 0.472351 0.911836 1.485272 1.806018 1.898262 1.878148 1.710159 1.288487 0.696045 0.323037 0.141269 0.059952 0.024800 0.010952 0.007134 0.007261 
0.008593 0.014432 0.021105 0.023465 0.023300 0.020390 0.016684 0.016397 0.021169 0.038949 0.081973 0.170009 0.341032 0.666449 1.213396 1.674208 1.863670 1.890719 1.812638 1.531034 0.986183 0.485636 0.219596 0.094840 0.039713 0.016623 0.008566 0.007181 
0.007711 0.010959 0.018204 0.022580 0.023403 0.022188 0.018209 0.016505 0.018187 0.028433 0.057306 0.120365 0.245148 0.484442 0.922998 1.477721 1.789241 1.880576 1.861439 1.697276 1.285976 0.706596 0.334956 0.148514 0.063272 0.026289 0.011760 0.007701 
0.007704 0.008930 0.014440 0.020836 0.023095 0.022948 0.020260 0.017144 0.017136 0.022239 0.040541 0.084562 0.175041 0.350481 0.678812 1.216239 1.661004 1.846325 1.873399 1.797485 1.522518 0.991329 0.497626 0.229085 0.099861 0.041974 0.017716 0.009223 
0.008274 0.008164 0.011150 0.018045 0.022248 0.023040 0.021922 0.018367 0.017139 0.019049 0.029741 0.059337 0.123994 0.252141 0.495535 0.932971 1.471052 1.773446 1.863247 1.844932 1.684884 1.284266 0.716332 0.345941 0.155556 0.066713 0.027874 0.012598 
0.009909 0.008205 0.009284 0.014445 0.020573 0.022743 0.022620 0.020158 0.017599 0.017855 0.023297 0.042175 0.087283 0.180131 0.359432 0.689998 1.218892 1.648823 1.829571 1.856378 1.782624 1.514646 0.996520 0.508636 0.238056 0.104884 0.044348 0.018867 
0.013481 0.008844 0.008610 0.011354 0.017883 0.021929 0.022697 0.021682 0.018571 0.017695 0.019928 0.031057 0.061450 0.127739 0.258975 0.505807 0.942024 1.465005 1.758440 1.846326 1.828721 1.672913 1.283071 0.725415 0.356170 0.162390 0.070235 0.029542 
0.020084 0.010612 0.008698 0.009639 0.014456 0.020316 0.022409 0.022316 0.020109 0.018024 0.018533 0.024381 0.043846 0.090108 0.185239 0.367941 0.700242 1.221363 1.637416 1.813368 1.839724 1.768092 1.507247 1.001669 0.518859 0.246577 0.109880 0.046809 
0.031290 0.014403 0.009416 0.009050 0.011563 0.017726 0.021624 0.022374 0.021462 0.018806 0.018215 0.020789 0.032411 0.063627 0.131565 0.265644 0.515392 0.950334 1.459402 1.744092 1.829841 1.812862 1.661321 1.282203 0.733948 0.365770 0.169025 0.073801 
0.049342 0.021359 0.011332 0.009187 0.009993 0.014471 0.020068 0.022093 0.022032 0.020093 0.018436 0.019180 0.025469 0.045570 0.093006 0.190337 0.376059 0.709714 1.223649 1.626615 1.797685 1.823474 1.753912 1.500209 1.006708 0.528430 0.254707 0.114824 
0.077396 0.033106 0.015360 0.009991 0.009489 0.011773 0.017577 0.021334 0.022070 0.021262 0.019058 0.018715 0.021631 0.033793 0.065871 0.135434 0.272149 0.524395 0.958018 1.454119 1.730310 1.813803 1.797388 1.650078 1.281531 0.741999 0.374839 0.175466 
0.119708 0.051933 0.022686 0.012067 0.009678 0.010346 0.014490 0.019833 0.021794 0.021767 0.020102 0.018844 0.019809 0.026557 0.047342 0.095967 0.195398 0.383830 0.718534 1.225747 1.616302 1.782493 1.807647 1.740095 1.493459 1.011592 0.537446 0.262489 
0.181723 0.081005 0.034981 0.016348 0.010574 0.009928 0.011983 0.017435 0.021058 0.021784 0.021088 0.019315 0.019206 0.022460 0.035195 0.068175 0.139331 0.278489 0.532898 0.965159 1.449070 1.717027 1.798214 1.782315 1.639162 1.280964 0.749620 0.383445 
0.269959 0.124527 0.054569 0.024057 0.012820 0.010170 0.010699 0.014513 0.019609 0.021512 0.021523 0.020129 0.019247 0.020426 0.027642 0.049154 0.098981 0.200410 0.391287 0.726797 1.227652 1.606395 1.767769 1.792252 1.726645 1.486944 1.016289 0.545976 
0.391644 0.187809 0.084617 0.036904 0.017365 0.011164 0.010368 0.012195 0.017300 0.020797 0.021519 0.020936 0.019577 0.019689 0.023279 0.036611 0.070528 0.143245 0.284668 0.540963 0.971821 1.444194 1.704193 1.783071 1.767650 1.628557 1.280443 0.756846 
