0.049979 0.032096 0.015564 0.005184 0.000946 0.000057 0.000057 0.000946 0.005184 0.015564 0.532096 1.049979 1.060236 1.060236 1.049979 1.032587 0.515074 0.005184 0.000946 0.000057 0.000057 0.000946 0.005184 0.015564 0.032096 0.049979 0.060236 0.060236 
0.056390 0.041822 0.023061 0.009606 0.002646 0.000390 0.000057 0.000390 0.002646 0.009606 0.210561 0.854322 1.056390 1.060236 1.056390 1.042175 0.835392 0.196922 0.002646 0.000390 0.000057 0.000390 0.002646 0.009606 0.023061 0.041822 0.056390 0.060236 
0.058794 0.050446 0.032302 0.015522 0.005538 0.001278 0.000182 0.000182 0.001278 0.005538 0.085834 0.532302 0.980134 1.058794 1.058794 1.050578 0.962854 0.514594 0.075782 0.001278 0.000182 0.000182 0.001278 0.005538 0.015522 0.032302 0.050446 0.058794 
0.058794 0.055664 0.042428 0.023062 0.009814 0.003012 0.000593 0.000182 0.000593 0.003012 0.036182 0.263297 0.802194 1.029296 1.058794 1.055713 1.016655 0.782610 0.249649 0.029354 0.000593 0.000182 0.000593 0.003012 0.009814 0.023062 0.042428 0.055664 
0.057620 0.057620 0.050309 0.032747 0.015633 0.005866 0.001552 0.000336 0.000336 0.001552 0.015753 0.125496 0.532747 0.940446 1.047732 1.057639 1.040681 0.924006 0.514411 0.115560 0.011430 0.000336 0.000336 0.001552 0.005866 0.015633 0.032747 0.050309 
0.054878 0.057620 0.054878 0.042753 0.023271 0.010067 0.003321 0.000792 0.000336 0.000792 0.007029 0.058682 0.291933 0.774092 1.006262 1.053924 1.051280 0.994808 0.754480 0.278145 0.051865 0.004496 0.000336 0.000792 0.003321 0.010067 0.023271 0.042753 
0.049989 0.056592 0.056592 0.049989 0.033147 0.015862 0.006167 0.001798 0.000507 0.000507 0.003188 0.027179 0.152608 0.533148 0.913240 1.036050 1.052932 1.029772 0.897626 0.514557 0.142641 0.022780 0.001896 0.000507 0.001798 0.006167 0.015862 0.033147 
0.042848 0.054116 0.056592 0.054116 0.042848 0.023611 0.010349 0.003598 0.000991 0.000507 0.001513 0.012520 0.077213 0.311045 0.755354 0.987886 1.046602 1.044247 0.977323 0.736063 0.297092 0.070338 0.009901 0.001028 0.000991 0.003598 0.010349 0.023611 
0.033479 0.049581 0.055663 0.055663 0.049581 0.033479 0.016166 0.006455 0.002029 0.000689 0.000884 0.005766 0.038156 0.172987 0.533362 0.893347 1.024583 1.045719 1.018856 0.878485 0.514764 0.162926 0.033674 0.004360 0.001005 0.001969 0.006455 0.016166 
0.024024 0.042782 0.053382 0.055663 0.053382 0.042782 0.024024 0.010650 0.003856 0.001191 0.000762 0.002739 0.018522 0.092766 0.325030 0.741948 0.972728 1.037793 1.035645 0.962859 0.723058 0.311022 0.085808 0.015772 0.002263 0.001366 0.003771 0.010658 
0.016531 0.033749 0.049122 0.054808 0.054808 0.049122 0.033750 0.016515 0.006737 0.002244 0.000923 0.001504 0.008905 0.048337 0.189146 0.533675 0.878052 1.013394 1.036988 1.008082 0.863835 0.515216 0.179017 0.043724 0.007441 0.001703 0.002268 0.006654 
0.010906 0.024453 0.042646 0.052676 0.054808 0.052676 0.042647 0.024433 0.010965 0.004094 0.001419 0.001141 0.004352 0.024617 0.106069 0.335964 0.731993 0.959691 1.028140 1.026148 0.950376 0.713520 0.322004 0.098995 0.021765 0.003855 0.001915 0.003984 
0.006838 0.016852 0.033989 0.048648 0.054008 0.054008 0.048648 0.033970 0.016874 0.007005 0.002457 0.001245 0.002345 0.012353 0.057695 0.202461 0.534253 0.865749 1.002472 1.027393 0.997485 0.852084 0.516031 0.192277 0.052965 0.010813 0.002642 0.002691 
0.004252 0.011112 0.024840 0.042481 0.051998 0.054008 0.051998 0.042474 0.024821 0.011275 0.004314 0.001699 0.001657 0.006235 0.030607 0.117650 0.345016 0.724347 0.948085 1.018047 1.016177 0.939221 0.706351 0.331098 0.110476 0.027642 0.005706 0.002660 
0.003257 0.007023 0.017117 0.034187 0.048178 0.053255 0.053255 0.048175 0.034150 0.017225 0.007251 0.002685 0.001673 0.003374 0.015947 0.066294 0.213792 0.535135 0.855438 0.991812 1.017346 0.987085 0.842275 0.517194 0.203563 0.061446 0.014313 0.003803 
0.003462 0.004670 0.011279 0.025165 0.042297 0.051351 0.053255 0.051350 0.042281 0.025181 0.011562 0.004524 0.002053 0.002311 0.008301 0.036399 0.127900 0.352863 0.718278 0.937480 1.007771 1.005998 0.928999 0.700837 0.338940 0.120632 0.033302 0.007812 
0.005093 0.003915 0.007299 0.017313 0.034335 0.047718 0.052541 0.052540 0.047711 0.034300 0.017549 0.007472 0.002979 0.002149 0.004590 0.019587 0.074224 0.223699 0.536291 0.846493 0.981412 1.007106 0.976902 0.833813 0.518657 0.213413 0.069237 0.017915 
0.010048 0.004357 0.005184 0.011477 0.025402 0.042096 0.050732 0.052541 0.050729 0.042078 0.025507 0.011812 0.004768 0.002461 0.003065 0.010519 0.041950 0.137106 0.359904 0.713302 0.927605 0.997471 0.995779 0.919468 0.696504 0.345902 0.129718 0.038763 
0.021528 0.006491 0.004667 0.007647 0.017486 0.034410 0.047268 0.051862 0.051861 0.047259 0.034423 0.017829 0.007698 0.003326 0.002687 0.005935 0.023237 0.081563 0.232550 0.537665 0.838508 0.971271 0.996836 0.966951 0.826318 0.520355 0.222156 0.076461 
0.044007 0.012358 0.005351 0.005785 0.011709 0.025571 0.041872 0.050139 0.051862 0.050135 0.041870 0.025788 0.012043 0.005045 0.002927 0.003905 0.012830 0.047272 0.145474 0.366375 0.709097 0.918289 0.987249 0.985629 0.910478 0.693032 0.352193 0.137963 
0.083197 0.025102 0.007979 0.005514 0.008061 0.017648 0.034421 0.046824 0.051216 0.051215 0.046820 0.034514 0.018072 0.007934 0.003721 0.003294 0.007374 0.026861 0.088403 0.240587 0.539200 0.831222 0.961389 0.986642 0.957245 0.819542 0.522211 0.230044 
0.145526 0.049028 0.014708 0.006438 0.006469 0.011974 0.025682 0.041623 0.049569 0.051215 0.049566 0.041656 0.026022 0.012263 0.005355 0.003454 0.004824 0.015192 0.052375 0.153165 0.372414 0.705443 0.909420 0.977172 0.975618 0.901932 0.690184 0.357962 
0.237252 0.089505 0.028612 0.009539 0.006449 0.008537 0.017803 0.034373 0.046384 0.050598 0.050597 0.046394 0.034570 0.018286 0.008183 0.004167 0.003968 0.008883 0.030432 0.094819 0.247982 0.540837 0.824460 0.951765 0.976589 0.947791 0.813316 0.524159 
0.363311 0.152522 0.053831 0.017078 0.007608 0.007232 0.012273 0.025745 0.041353 0.049018 0.050598 0.049021 0.041435 0.026213 0.012473 0.005698 0.004042 0.005811 0.017578 0.057270 0.160304 0.378102 0.702188 0.900923 0.967280 0.965790 0.893763 0.687791 
0.526153 0.243904 0.095434 0.032044 0.011206 0.007373 0.009122 0.017955 0.034275 0.045946 0.050005 0.050006 0.045979 0.034593 0.018473 0.008445 0.004663 0.004706 0.010445 0.033934 0.100869 0.254857 0.542528 0.818102 0.942396 0.966722 0.938594 0.807521 
0.685624 0.368416 0.159034 0.058420 0.019499 0.008811 0.008029 0.012653 0.025760 0.041062 0.048483 0.050006 0.048496 0.041206 0.026363 0.012678 0.006081 0.004679 0.006863 0.019970 0.061971 0.166982 0.383494 0.699225 0.892745 0.957600 0.956174 0.885925 
0.802031 0.528155 0.250129 0.101015 0.035431 0.012917 0.008322 0.009763 0.018146 0.034122 0.045510 0.049435 0.049440 0.045573 0.034584 0.018635 0.008731 0.005205 0.005498 0.012051 0.037359 0.106600 0.261300 0.544234 0.812069 0.933279 0.957065 0.929652 
0.878368 0.683375 0.373547 0.165131 0.062839 0.021934 0.010045 0.008863 0.013087 0.025758 0.040748 0.047962 0.049438 0.047990 0.040969 0.026474 0.012885 0.006527 0.005315 0.007992 0.022361 0.066488 0.173268 0.388625 0.696479 0.884852 0.948145 0.946785 
