0.007039 0.003418 0.003844 0.010327 0.524624 1.072829 1.148451 1.281776 1.470310 1.717102 1.382963 0.995544 0.999379 0.883709 0.680689 0.458490 0.275279 0.146164 0.068522 0.028662 0.012890 0.010721 0.014879 0.022454 0.026823 0.026786 0.022213 0.014209 
0.010180 0.004776 0.003578 0.006328 0.203999 0.853561 1.110640 1.207901 1.369142 1.617273 1.591800 1.147486 0.997462 0.956003 0.793118 0.567114 0.360123 0.204287 0.102620 0.045581 0.019076 0.011534 0.012280 0.018640 0.025185 0.026809 0.025067 0.018536 
0.014217 0.006952 0.004027 0.004609 0.080798 0.521354 1.002078 1.159270 1.280524 1.513363 1.607720 1.385212 1.058903 0.976732 0.889738 0.685629 0.457224 0.275434 0.147875 0.070283 0.029958 0.014362 0.011814 0.014758 0.022505 0.026200 0.026156 0.022400 
0.018747 0.010042 0.005124 0.004245 0.033253 0.255530 0.797136 1.085166 1.219897 1.400305 1.572336 1.524280 1.204515 1.017818 0.933838 0.802323 0.568637 0.359550 0.205409 0.104421 0.047029 0.020529 0.012770 0.012918 0.018538 0.024814 0.026184 0.024742 
0.022314 0.014260 0.007078 0.004575 0.015123 0.120233 0.518114 0.960314 1.152532 1.305438 1.507825 1.554315 1.381728 1.098327 0.975828 0.874023 0.695176 0.457225 0.275835 0.149465 0.071864 0.031437 0.015680 0.012825 0.015044 0.022207 0.025670 0.025643 
0.024391 0.018769 0.010085 0.005514 0.008531 0.055858 0.282577 0.764922 1.061337 1.228985 1.419933 1.536881 1.489595 1.233766 1.034491 0.924925 0.794230 0.576519 0.359653 0.206554 0.106018 0.048567 0.021945 0.013896 0.013657 0.018470 0.024372 0.025660 
0.025184 0.022124 0.014295 0.007228 0.006645 0.026655 0.146793 0.515038 0.929225 1.145161 1.330797 1.493026 1.519149 1.380679 1.122915 0.979708 0.862219 0.696145 0.460115 0.276533 0.150900 0.073438 0.032934 0.016944 0.013747 0.015462 0.021861 0.025177 
0.025181 0.024037 0.018710 0.009951 0.006864 0.014149 0.074208 0.299902 0.741170 1.040980 1.240905 1.428925 1.509353 1.467223 1.252389 1.048097 0.920963 0.785255 0.580319 0.361080 0.207695 0.107550 0.050122 0.023340 0.014946 0.014390 0.018462 0.023933 
0.024713 0.024752 0.021896 0.014051 0.008021 0.009596 0.037582 0.166351 0.511272 0.903561 1.142431 1.348364 1.479192 1.493554 1.380076 1.140598 0.984530 0.854181 0.691440 0.464256 0.277733 0.152283 0.075005 0.034433 0.018163 0.014598 0.015917 0.021550 
0.023522 0.024737 0.023681 0.018370 0.010282 0.008612 0.020287 0.089369 0.311792 0.720673 1.027113 1.254785 1.428336 1.488168 1.451000 1.265661 1.059349 0.919356 0.776860 0.580821 0.363360 0.208986 0.109056 0.051681 0.024710 0.015935 0.015093 0.018503 
0.021287 0.024282 0.024341 0.021557 0.013871 0.009238 0.012990 0.047652 0.181413 0.505730 0.883739 1.147714 1.355776 1.465731 1.474230 1.376852 1.156837 0.989352 0.848420 0.685533 0.466882 0.279368 0.153702 0.076568 0.035921 0.019331 0.015409 0.016372 
0.018575 0.023151 0.024319 0.023297 0.017945 0.010976 0.010645 0.026457 0.102145 0.319752 0.702277 1.022716 1.264008 1.423435 1.471043 1.437713 1.275607 1.069775 0.918886 0.769721 0.579286 0.365394 0.210468 0.110574 0.053237 0.026042 0.016879 0.015770 
0.016822 0.021068 0.023881 0.023936 0.021163 0.013833 0.010769 0.016575 0.056817 0.193209 0.498161 0.872390 1.153595 1.357699 1.453190 1.458544 1.372757 1.171289 0.994115 0.844304 0.679662 0.467901 0.281052 0.155201 0.078138 0.037386 0.020454 0.016186 
0.016424 0.018673 0.022819 0.023915 0.022896 0.017534 0.011918 0.012946 0.032391 0.112994 0.324615 0.688244 1.022630 1.269224 1.416712 1.456536 1.426374 1.283447 1.079282 0.919210 0.763837 0.576558 0.366852 0.212028 0.112131 0.054784 0.027337 0.017787 
0.016935 0.017267 0.020890 0.023504 0.023533 0.020758 0.014056 0.012304 0.020367 0.065048 0.202427 0.491083 0.866411 1.158315 1.356426 1.441602 1.445226 1.369006 1.183508 0.998658 0.841523 0.674186 0.467648 0.282574 0.156761 0.079720 0.038824 0.021538 
0.018661 0.017060 0.018793 0.022520 0.023522 0.022492 0.017279 0.012961 0.015327 0.038130 0.122150 0.327846 0.678341 1.024087 1.271487 1.409208 1.443867 1.416643 1.289836 1.087619 0.920091 0.759130 0.573134 0.367704 0.213571 0.113722 0.056321 0.028596 
0.022587 0.017660 0.017710 0.020748 0.023146 0.023136 0.020297 0.014580 0.013848 0.024174 0.072488 0.209789 0.485587 0.863507 1.161497 1.353230 1.430870 1.433658 1.365687 1.193817 1.003034 0.839610 0.669261 0.466436 0.283852 0.158341 0.081312 0.040234 
0.029821 0.019508 0.017679 0.018936 0.022247 0.023143 0.022070 0.017175 0.014123 0.017720 0.043582 0.130015 0.330376 0.671773 1.025784 1.271626 1.401407 1.432612 1.408169 1.292740 1.097370 0.921322 0.755301 0.569378 0.368010 0.215036 0.115332 0.057844 
0.041619 0.023604 0.018365 0.018150 0.020637 0.022807 0.022740 0.019870 0.015267 0.015472 0.027868 0.079227 0.215954 0.483445 0.860723 1.163212 1.348838 1.420910 1.423446 1.361828 1.202632 1.008093 0.838312 0.664827 0.464575 0.284864 0.159907 0.082905 
0.059353 0.031014 0.020356 0.018231 0.019122 0.021993 0.022782 0.021656 0.017210 0.015344 0.020146 0.048678 0.136920 0.333354 0.667709 1.026576 1.270219 1.393566 1.422495 1.400339 1.294427 1.106685 0.923202 0.752033 0.565480 0.367875 0.216391 0.116942 
0.084491 0.042973 0.024619 0.019028 0.018565 0.020570 0.022486 0.022360 0.019525 0.016044 0.017145 0.031446 0.085335 0.221613 0.483292 0.858482 1.163435 1.343695 1.411647 1.414187 1.357853 1.210253 1.013405 0.837617 0.660679 0.462294 0.285629 0.161434 
0.118534 0.060837 0.032201 0.021182 0.018738 0.019328 0.021768 0.022439 0.021281 0.017430 0.016456 0.022645 0.053442 0.143175 0.336777 0.665477 1.026545 1.267603 1.385847 1.413234 1.393061 1.295461 1.115352 0.925511 0.749292 0.561452 0.367403 0.217625 
0.162906 0.086053 0.044317 0.025620 0.019655 0.018960 0.020538 0.022187 0.022004 0.019332 0.016822 0.018777 0.034967 0.090941 0.226993 0.484240 0.856966 1.162426 1.338083 1.402964 1.405669 1.353940 1.215720 1.019945 0.837401 0.656825 0.459670 0.286178 
0.218739 0.120090 0.062305 0.033376 0.021979 0.019220 0.019551 0.021560 0.022119 0.020959 0.017763 0.017555 0.025093 0.057981 0.148957 0.340467 0.664577 1.025921 1.264101 1.378295 1.404655 1.386271 1.295641 1.123373 0.928427 0.747113 0.557362 0.366646 
0.286536 0.164307 0.087590 0.045649 0.026598 0.020255 0.019344 0.020527 0.021909 0.021684 0.019242 0.017633 0.020382 0.038368 0.096208 0.232145 0.485947 0.855990 1.160509 1.332178 1.394770 1.397761 1.349987 1.219712 1.027031 0.837770 0.653292 0.456773 
0.365653 0.219732 0.121601 0.063759 0.034535 0.022747 0.019686 0.019788 0.021366 0.021825 0.020636 0.018237 0.018664 0.027470 0.062307 0.154415 0.344313 0.664629 1.024856 1.259978 1.370924 1.396639 1.379846 1.295162 1.130745 0.931803 0.745531 0.553253 
0.454243 0.286719 0.165631 0.089103 0.046967 0.027550 0.020834 0.019724 0.020532 0.021653 0.021379 0.019288 0.018397 0.022020 0.041635 0.101202 0.237140 0.488169 0.855392 1.157939 1.326105 1.386996 1.390342 1.345990 1.222920 1.034006 0.838667 0.649558 
0.549202 0.364677 0.220605 0.123068 0.065195 0.035671 0.023491 0.020140 0.020027 0.021193 0.021550 0.020411 0.018731 0.019755 0.029828 0.066424 0.159625 0.348268 0.665340 1.023463 1.255431 1.363744 1.389087 1.373710 1.294295 1.136693 0.936361 0.744112 
