0.244513 0.250843 0.225904 0.199550 0.211604 0.294840 0.956294 1.675234 1.868578 1.982598 1.996536 1.931482 1.302375 0.656103 0.518823 0.388697 0.265162 0.155532 0.072655 0.024095 0.004741 0.000461 0.000302 0.003786 0.020736 0.062256 0.128385 0.199202 
0.226731 0.248470 0.241491 0.209610 0.204070 0.244324 0.553290 1.374278 1.781821 1.938098 1.991309 1.972140 1.687435 0.917760 0.586568 0.452936 0.325191 0.207003 0.109804 0.044724 0.012533 0.002086 0.000362 0.001609 0.010578 0.038425 0.092244 0.166396 
0.201388 0.240318 0.245853 0.225371 0.206148 0.219165 0.365218 0.951461 1.609458 1.872843 1.971355 1.984121 1.862980 1.308408 0.727469 0.519016 0.387869 0.263474 0.154389 0.073153 0.025911 0.006219 0.001008 0.000829 0.005128 0.022142 0.062088 0.128505 
0.168383 0.225027 0.243777 0.238015 0.213356 0.211029 0.275562 0.603316 1.320817 1.761760 1.932817 1.979334 1.938693 1.639873 0.974674 0.613579 0.452599 0.323758 0.205450 0.109522 0.046088 0.014255 0.002985 0.000896 0.002441 0.012046 0.039248 0.091988 
0.129697 0.201441 0.236746 0.241616 0.225256 0.211902 0.235229 0.406536 0.947918 1.575024 1.862856 1.961890 1.964093 1.821555 1.315058 0.769112 0.529072 0.386861 0.261806 0.153424 0.073855 0.027601 0.007472 0.001679 0.001476 0.006236 0.023447 0.062426 
0.092525 0.169565 0.222898 0.239790 0.235105 0.216910 0.220650 0.302385 0.630968 1.293164 1.742540 1.924477 1.963267 1.910642 1.613801 1.008778 0.636863 0.455822 0.322250 0.204013 0.109475 0.047463 0.015745 0.003877 0.001552 0.003261 0.013285 0.040216 
0.063198 0.130917 0.200787 0.233455 0.238033 0.225422 0.218312 0.251768 0.435821 0.946967 1.551282 1.851402 1.948721 1.943533 1.792748 1.320674 0.798961 0.540409 0.387119 0.260169 0.152678 0.074682 0.029122 0.008618 0.002424 0.002193 0.007234 0.024637 
0.041273 0.093413 0.170233 0.220632 0.236316 0.232616 0.220978 0.230858 0.324970 0.650507 1.275503 1.726692 1.912226 1.946775 1.886340 1.596872 1.033127 0.656527 0.460471 0.321212 0.202737 0.109626 0.048770 0.017081 0.004776 0.002280 0.004083 0.014390 
0.025759 0.064186 0.132041 0.199772 0.230435 0.234929 0.226335 0.224683 0.267385 0.458810 0.947299 1.534304 1.838332 1.933819 1.924112 1.770235 1.325892 0.822259 0.551400 0.388244 0.258804 0.152149 0.075552 0.030503 0.009702 0.003216 0.002956 0.008174 
0.015421 0.042367 0.094450 0.170540 0.218375 0.233244 0.230838 0.225303 0.240696 0.344507 0.665922 1.263859 1.712386 1.898012 1.930179 1.865195 1.584372 1.052390 0.673367 0.465607 0.320676 0.201720 0.109907 0.049996 0.018313 0.005681 0.003053 0.004913 
0.009085 0.026839 0.065267 0.133026 0.198578 0.227668 0.232342 0.227770 0.231075 0.281550 0.478014 0.949001 1.520985 1.824381 1.918116 1.905810 1.751763 1.330656 0.841470 0.561633 0.389895 0.257805 0.151826 0.076423 0.031774 0.010746 0.004038 0.003750 
0.005751 0.016410 0.043469 0.095756 0.170360 0.216175 0.230589 0.230056 0.229009 0.250416 0.361533 0.679192 1.255942 1.698891 1.882966 1.913501 1.846504 1.574592 1.068404 0.688040 0.470808 0.320586 0.200993 0.110280 0.051146 0.019470 0.006590 0.003858 
0.004568 0.009985 0.027889 0.066459 0.133867 0.197192 0.225184 0.230389 0.229466 0.237037 0.294761 0.494545 0.951906 1.509776 1.810121 1.902051 1.888377 1.736162 1.335055 0.857830 0.571048 0.391868 0.257179 0.151689 0.077281 0.032958 0.011761 0.004883 
0.004686 0.006599 0.017376 0.044591 0.097068 0.169946 0.214036 0.228437 0.229927 0.232305 0.259630 0.376895 0.691028 1.250468 1.686000 1.867577 1.896923 1.829588 1.566720 1.082152 0.700989 0.475896 0.320874 0.200549 0.110724 0.052229 0.020570 0.007502 
0.005742 0.005404 0.010880 0.028929 0.067672 0.134556 0.195702 0.222850 0.229182 0.231005 0.242849 0.307020 0.509353 0.955573 1.499978 1.795817 1.885918 1.871672 1.722595 1.339223 0.872061 0.579684 0.394048 0.256899 0.151721 0.078122 0.034076 0.012754 
0.008414 0.005530 0.007457 0.018333 0.045713 0.098313 0.169379 0.211878 0.226580 0.230094 0.235675 0.268394 0.390916 0.701977 1.246573 1.673615 1.852130 1.880576 1.813988 1.560196 1.094268 0.712530 0.480805 0.321477 0.200362 0.111227 0.053258 0.021626 
0.013729 0.006612 0.006253 0.011776 0.029960 0.068861 0.135109 0.194103 0.220628 0.228337 0.232626 0.248642 0.318430 0.522880 0.959778 1.491160 1.781631 1.869909 1.855605 1.710492 1.343225 0.884647 0.587618 0.396365 0.256922 0.151899 0.078951 0.035140 
0.022648 0.009326 0.006388 0.008324 0.019286 0.046821 0.099473 0.168665 0.209717 0.224910 0.230481 0.239168 0.276814 0.403822 0.712273 1.243772 1.661670 1.836805 1.864545 1.799400 1.554628 1.105157 0.722910 0.485515 0.322341 0.200401 0.111783 0.054245 
0.036162 0.014689 0.007489 0.007114 0.012677 0.030981 0.070007 0.135519 0.192424 0.218516 0.227696 0.234435 0.254371 0.329148 0.535367 0.964342 1.483066 1.767662 1.854142 1.840116 1.699467 1.347077 0.895927 0.594935 0.398774 0.257206 0.152207 0.079771 
0.055200 0.023641 0.010236 0.007255 0.009200 0.020236 0.047904 0.100528 0.167823 0.207584 0.223411 0.231065 0.242754 0.284904 0.415827 0.722010 1.241751 1.650128 1.821712 1.848882 1.785619 1.549740 1.115077 0.732327 0.490030 0.323419 0.200636 0.112386 
0.080589 0.037151 0.015636 0.008373 0.007984 0.013582 0.031991 0.071097 0.135783 0.190695 0.216519 0.227238 0.236405 0.260021 0.339269 0.547011 0.969106 1.475539 1.753972 1.838694 1.825159 1.689257 1.350767 0.906146 0.601718 0.401246 0.257711 0.152628 
0.113034 0.056130 0.024612 0.011145 0.008130 0.010083 0.021185 0.048957 0.101464 0.166875 0.205495 0.222073 0.231822 0.246407 0.292691 0.427078 0.731264 1.240280 1.638969 1.806923 1.833618 1.772504 1.545335 1.124199 0.740937 0.494365 0.324672 0.201039 
0.153149 0.081409 0.038114 0.016572 0.009260 0.008862 0.014491 0.032987 0.072119 0.135906 0.188941 0.214637 0.226947 0.238510 0.265587 0.348872 0.557947 0.973960 1.468467 1.740604 1.823607 1.810700 1.679676 1.354279 0.915482 0.608041 0.403761 0.258402 
0.201586 0.113723 0.057043 0.025564 0.012052 0.009012 0.010973 0.022130 0.049974 0.102274 0.165840 0.203462 0.220886 0.232729 0.250109 0.300203 0.437686 0.740086 1.239198 1.628177 1.792481 1.818767 1.759953 1.541274 1.132636 0.748866 0.498536 0.326068 
0.259250 0.153757 0.082232 0.039058 0.017499 0.010152 0.009747 0.015402 0.033966 0.073067 0.135892 0.187176 0.212872 0.226807 0.240727 0.271067 0.358021 0.568271 0.978819 1.461772 1.727581 1.808910 1.796712 1.670596 1.357591 0.924071 0.613968 0.406304 
0.327582 0.202257 0.114451 0.057943 0.026502 0.012958 0.009899 0.011868 0.023071 0.050950 0.102957 0.164733 0.201494 0.219841 0.233767 0.253844 0.307467 0.447734 0.748508 1.238388 1.617736 1.778412 1.804336 1.747894 1.537455 1.140468 0.756215 0.502560 
0.408864 0.260230 0.154442 0.083064 0.039985 0.018419 0.011046 0.010637 0.016315 0.034926 0.073937 0.135750 0.185415 0.211220 0.226804 0.243037 0.276463 0.366770 0.578057 0.983626 1.455396 1.714918 1.794614 1.783170 1.661924 1.360689 0.932017 0.619553 
0.506452 0.329191 0.203034 0.115215 0.058836 0.027428 0.013862 0.010790 0.012766 0.024004 0.051881 0.103512 0.163565 0.199595 0.219012 0.234839 0.257600 0.314506 0.457291 0.756557 1.237767 1.607635 1.764728 1.790322 1.736272 1.533805 1.147756 0.763063 
