0.000998 0.003375 0.010408 0.028659 0.069890 0.150038 0.777206 1.474069 1.689527 1.884385 1.988559 1.985455 1.379017 0.669264 0.456423 0.274868 0.146106 0.068728 0.029672 0.014432 0.011715 0.013188 0.015290 0.015131 0.012499 0.008024 0.003891 0.001232 
0.001085 0.001889 0.006309 0.018132 0.046402 0.105099 0.395244 1.177101 1.584373 1.798291 1.949494 1.987395 1.757653 0.974940 0.558932 0.359047 0.204064 0.102627 0.046223 0.020486 0.012734 0.012267 0.014424 0.015231 0.014124 0.010449 0.005774 0.002258 
0.001525 0.001387 0.003647 0.011295 0.030211 0.071947 0.221241 0.771532 1.404906 1.699172 1.888055 1.973182 1.901242 1.389580 0.739921 0.453377 0.274862 0.147717 0.070591 0.031107 0.015699 0.012442 0.013245 0.014928 0.014816 0.012608 0.008091 0.003723 
0.002367 0.001439 0.002234 0.006798 0.019345 0.048226 0.133149 0.446262 1.120223 1.565212 1.806583 1.941260 1.946204 1.700376 1.036611 0.583145 0.357698 0.205037 0.104449 0.047839 0.021884 0.013664 0.012743 0.014187 0.014886 0.013974 0.010620 0.005636 
0.003709 0.001787 0.001737 0.004045 0.012073 0.031744 0.083683 0.261182 0.766758 1.368169 1.699234 1.890138 1.944350 1.854019 1.394448 0.781376 0.461324 0.274859 0.149246 0.072312 0.032645 0.016861 0.013088 0.013377 0.014624 0.014544 0.012602 0.008117 
0.005602 0.002514 0.001756 0.002603 0.007344 0.020453 0.053680 0.156737 0.472960 1.089277 1.551222 1.811772 1.924021 1.910476 1.670388 1.070472 0.604651 0.360485 0.205967 0.106121 0.049493 0.023252 0.014503 0.013197 0.014037 0.014594 0.013806 0.010668 
0.008129 0.003767 0.002040 0.002073 0.004487 0.012853 0.034552 0.096479 0.288203 0.762903 1.345424 1.700035 1.881927 1.918941 1.818750 1.398647 0.809855 0.471362 0.276392 0.150642 0.074009 0.034186 0.017947 0.013687 0.013547 0.014385 0.014298 0.012530 
0.010654 0.005618 0.002687 0.002052 0.002982 0.007926 0.022036 0.060487 0.176117 0.490181 1.069175 1.544319 1.809091 1.905061 1.881370 1.648687 1.094049 0.622668 0.365224 0.207377 0.107724 0.051149 0.024569 0.015302 0.013599 0.013966 0.014352 0.013624 
0.012419 0.008131 0.003866 0.002291 0.002401 0.004952 0.013835 0.038219 0.108655 0.308345 0.759543 1.333044 1.697805 1.869072 1.896177 1.791152 1.401206 0.831616 0.481497 0.279026 0.152166 0.075687 0.035695 0.018990 0.014238 0.013737 0.014205 0.014079 
0.013441 0.010601 0.005662 0.002881 0.002332 0.003372 0.008602 0.024089 0.067680 0.192343 0.502505 1.057098 1.539611 1.801459 1.886013 1.856793 1.631794 1.111433 0.638100 0.370810 0.209298 0.109366 0.052780 0.025848 0.016082 0.013925 0.013971 0.014158 
0.013889 0.012287 0.008124 0.003993 0.002538 0.002722 0.005463 0.015063 0.042371 0.119877 0.324237 0.758258 1.325938 1.692697 1.854305 1.875055 1.768766 1.402655 0.849011 0.491233 0.282357 0.153913 0.077366 0.037169 0.020014 0.014734 0.013942 0.014070 
0.014002 0.013265 0.010521 0.005724 0.003084 0.002607 0.003773 0.009406 0.026504 0.074850 0.206200 0.512539 1.050505 1.534961 1.791108 1.867274 1.835197 1.618188 1.124792 0.651509 0.376741 0.211648 0.111096 0.054387 0.027107 0.016813 0.014239 0.014006 
0.014004 0.013725 0.012144 0.008110 0.004133 0.002786 0.003044 0.006031 0.016522 0.046771 0.130149 0.337496 0.759258 1.321272 1.685533 1.838712 1.855245 1.749809 1.403524 0.863336 0.500416 0.286127 0.155892 0.079063 0.038624 0.020995 0.015233 0.014094 
0.014049 0.013888 0.013098 0.010426 0.005793 0.003291 0.002883 0.004197 0.010338 0.029177 0.081819 0.218327 0.521575 1.047453 1.529787 1.779203 1.849045 1.815706 1.606772 1.135510 0.663297 0.382765 0.214334 0.112929 0.055992 0.028326 0.017536 0.014532 
0.014250 0.013969 0.013572 0.011997 0.008089 0.004280 0.003036 0.003375 0.006664 0.018170 0.051272 0.139590 0.349108 0.762128 1.317735 1.676942 1.822854 1.836543 1.733189 1.403932 0.875562 0.509018 0.290171 0.158073 0.080802 0.040050 0.021958 0.015719 
0.014836 0.014110 0.013785 0.012932 0.010322 0.005864 0.003502 0.003163 0.004651 0.011390 0.032022 0.088529 0.229199 0.530181 1.046658 1.524000 1.766426 1.831410 1.797785 1.596798 1.144408 0.673828 0.388751 0.217268 0.114872 0.057593 0.029522 0.018243 
0.016205 0.014423 0.013947 0.013424 0.011846 0.008062 0.004430 0.003290 0.003721 0.007364 0.019969 0.055791 0.148344 0.359651 0.766374 1.314694 1.667393 1.807041 1.818800 1.718212 1.402029 0.888204 0.517090 0.294374 0.160431 0.082582 0.041459 0.022898 
0.018937 0.015150 0.014185 0.013692 0.012767 0.010211 0.005935 0.003718 0.003452 0.005141 0.012546 0.034978 0.094976 0.239153 0.538586 1.047287 1.517675 1.753203 1.814391 1.781080 1.587070 1.151983 0.684097 0.394635 0.220390 0.116915 0.059200 0.030695 
0.023820 0.016691 0.014609 0.013938 0.013283 0.011693 0.008030 0.004582 0.003552 0.004085 0.008129 0.021884 0.060281 0.156542 0.369462 0.771567 1.311839 1.657232 1.791445 1.801899 1.704162 1.399661 0.899837 0.524964 0.298667 0.162933 0.084406 0.042854 
0.031849 0.019625 0.015473 0.014272 0.013611 0.012605 0.010094 0.006004 0.003938 0.003752 0.005668 0.013793 0.038002 0.101179 0.248420 0.546866 1.048792 1.510932 1.739808 1.797979 1.765248 1.577757 1.158545 0.693829 0.400495 0.223649 0.119048 0.060816 
0.044239 0.024728 0.017180 0.014805 0.013941 0.013151 0.011538 0.007994 0.004736 0.003822 0.004471 0.008955 0.023887 0.064720 0.164291 0.378742 0.777367 1.309020 1.646709 1.776165 1.785705 1.690847 1.397116 0.910452 0.532601 0.303041 0.165552 0.086273 
0.062441 0.032988 0.020308 0.015804 0.014364 0.013546 0.012447 0.009971 0.006072 0.004165 0.004065 0.006233 0.015115 0.041066 0.107163 0.257157 0.555033 1.050811 1.503893 1.726426 1.782127 1.750133 1.568841 1.164299 0.702990 0.406312 0.227021 0.121257 
0.088179 0.045618 0.025626 0.017673 0.015006 0.013955 0.013032 0.011381 0.007950 0.004892 0.004102 0.004878 0.009835 0.025957 0.069096 0.171673 0.387610 0.783521 1.306171 1.636014 1.761239 1.770129 1.678149 1.394476 0.920162 0.539978 0.307475 0.168271 
0.123533 0.064077 0.034117 0.020988 0.016137 0.014464 0.013493 0.012298 0.009842 0.006138 0.004399 0.004393 0.006834 0.016500 0.044149 0.112955 0.265471 0.563069 1.053105 1.496670 1.713169 1.766796 1.735637 1.560274 1.169383 0.711610 0.412064 0.230484 
0.171072 0.090118 0.046993 0.026518 0.018166 0.015213 0.013979 0.012924 0.011227 0.007900 0.005052 0.004395 0.005308 0.010764 0.028077 0.073407 0.178749 0.396135 0.789841 1.303270 1.625278 1.746686 1.755111 1.665981 1.391770 0.929078 0.547091 0.311945 
0.234019 0.125867 0.065725 0.035240 0.021667 0.016475 0.014574 0.013451 0.012155 0.009708 0.006202 0.004641 0.004738 0.007468 0.017938 0.047240 0.118577 0.273437 0.570948 1.055518 1.489349 1.700105 1.751952 1.721687 1.552011 1.173896 0.719730 0.417734 
0.316431 0.173941 0.092088 0.048369 0.027406 0.018659 0.015427 0.014012 0.012825 0.011076 0.007844 0.005227 0.004677 0.005774 0.011736 0.030235 0.077654 0.185566 0.404361 0.796193 1.300318 1.614590 1.732509 1.740603 1.654276 1.389008 0.937298 0.553947 
0.423311 0.237607 0.128248 0.067384 0.036360 0.022343 0.016816 0.014691 0.013419 0.012021 0.009568 0.006277 0.004883 0.005089 0.008147 0.019418 0.050329 0.124049 0.281103 0.578647 1.057950 1.481998 1.687278 1.737567 1.708230 1.544009 1.177913 0.727393 
