0.020550 0.010121 0.004382 0.004125 0.508285 1.030457 1.069199 1.149465 1.284820 1.503304 1.200305 0.887355 1.014416 1.009300 0.890081 0.683637 0.459504 0.275464 0.146171 0.068490 0.028767 0.014207 0.013588 0.021155 0.032228 0.038603 0.038566 0.031987 
0.026750 0.014749 0.006566 0.004222 0.193185 0.827548 1.049828 1.104141 1.210256 1.410982 1.389680 1.005955 0.950886 1.012498 0.963954 0.797762 0.568770 0.360641 0.204366 0.102586 0.045483 0.019745 0.013820 0.016426 0.026841 0.036212 0.038589 0.036094 
0.032278 0.020604 0.009928 0.005101 0.075083 0.506202 0.959684 1.076985 1.150723 1.323883 1.402993 1.202038 0.971537 0.981692 0.994294 0.895564 0.688508 0.458224 0.275692 0.147891 0.070114 0.030137 0.016042 0.014797 0.020787 0.032401 0.037698 0.037653 
0.035632 0.027104 0.014535 0.006911 0.031344 0.245501 0.772171 1.023780 1.113854 1.236632 1.373327 1.327635 1.061668 0.975345 0.989262 0.957270 0.805577 0.570301 0.360116 0.205539 0.104278 0.046890 0.021483 0.015264 0.017043 0.026681 0.035711 0.037681 
0.036913 0.032178 0.020706 0.009770 0.016073 0.114707 0.504154 0.918167 1.068817 1.171155 1.320327 1.356193 1.199731 1.007716 0.982303 0.977265 0.896386 0.695250 0.458258 0.276163 0.149424 0.071586 0.031788 0.017596 0.015931 0.020956 0.032079 0.036942 
0.036931 0.035133 0.027217 0.013871 0.012134 0.053849 0.273079 0.741010 0.999531 1.119986 1.254050 1.342743 1.297519 1.087342 0.992463 0.979784 0.946306 0.810850 0.574374 0.360291 0.206681 0.105750 0.048487 0.023126 0.016555 0.017815 0.026537 0.035119 
0.036252 0.036257 0.031940 0.019772 0.012785 0.027777 0.141274 0.502133 0.887529 1.059758 1.190988 1.309483 1.325784 1.198638 1.029628 0.986124 0.965645 0.891325 0.702440 0.459773 0.276901 0.150757 0.073131 0.033458 0.019020 0.017028 0.021261 0.031674 
0.034534 0.036255 0.034638 0.026190 0.015405 0.018407 0.072212 0.290784 0.718410 0.978768 1.126965 1.263010 1.319671 1.278104 1.103677 1.004997 0.975884 0.935215 0.811203 0.580355 0.361246 0.207764 0.107200 0.050140 0.024683 0.017775 0.018615 0.026425 
0.031240 0.035610 0.035649 0.031268 0.019741 0.016531 0.038959 0.160902 0.499373 0.862609 1.054386 1.204910 1.298423 1.304084 1.198030 1.045642 0.990441 0.956994 0.883627 0.707666 0.462597 0.277890 0.152044 0.074719 0.035093 0.020365 0.018090 0.021649 
0.026343 0.033966 0.035634 0.034006 0.025358 0.017735 0.024942 0.087492 0.303072 0.699328 0.963654 1.136774 1.262648 1.301961 1.264313 1.115479 1.015322 0.973718 0.925301 0.808471 0.586225 0.362886 0.208902 0.108669 0.051794 0.026172 0.018943 0.019425 
0.022079 0.030811 0.035009 0.035024 0.030432 0.020594 0.020437 0.049299 0.176153 0.495107 0.842892 1.056120 1.210532 1.287219 1.287843 1.197710 1.058081 0.994520 0.950361 0.875437 0.710525 0.466023 0.279175 0.153366 0.076325 0.036684 0.021654 0.019124 
0.020232 0.026290 0.033433 0.035018 0.033302 0.024958 0.020496 0.031260 0.100477 0.311617 0.682215 0.956858 1.143041 1.258383 1.287609 1.254043 1.124574 1.023875 0.972440 0.916745 0.804230 0.591016 0.364969 0.210175 0.110170 0.053428 0.027607 0.020073 
0.020132 0.022524 0.030421 0.034424 0.034374 0.029473 0.022169 0.024533 0.058562 0.188306 0.488978 0.830594 1.058805 1.211477 1.276649 1.275022 1.197700 1.068067 0.998158 0.945125 0.867590 0.710210 0.470690 0.280723 0.154765 0.077934 0.038231 0.022898 
0.021170 0.021029 0.026271 0.032922 0.034405 0.032530 0.025209 0.023056 0.037589 0.111470 0.317276 0.668844 0.954142 1.146078 1.252209 1.276039 1.245823 1.131957 1.031003 0.971641 0.909420 0.798880 0.594524 0.367706 0.211603 0.111708 0.055037 0.028994 
0.024121 0.021082 0.022995 0.030066 0.033849 0.033702 0.028904 0.023863 0.028506 0.067111 0.197882 0.483124 0.823163 1.060836 1.209432 1.267103 1.264708 1.197732 1.076281 1.001322 0.940888 0.860190 0.708429 0.475083 0.282628 0.156253 0.079544 0.039738 
0.030357 0.022222 0.021799 0.026297 0.032431 0.033794 0.031884 0.025784 0.025604 0.043563 0.120976 0.321194 0.659089 0.953134 1.146499 1.245476 1.266205 1.239293 1.138004 1.036986 0.971105 0.903072 0.793192 0.596843 0.370596 0.213232 0.113285 0.056617 
0.041222 0.025325 0.021958 0.023486 0.029756 0.033283 0.033078 0.028618 0.025671 0.032339 0.074838 0.205734 0.478414 0.818697 1.061615 1.205769 1.258432 1.256113 1.197912 1.083103 1.004045 0.937358 0.853363 0.705826 0.478846 0.284737 0.157849 0.081150 
0.058182 0.031707 0.023220 0.022531 0.026371 0.031960 0.033206 0.031191 0.026776 0.028172 0.049109 0.129236 0.324351 0.652275 0.952501 1.145128 1.238683 1.257562 1.233998 1.143114 1.042028 0.970702 0.897524 0.787538 0.598158 0.373389 0.215019 0.114903 
0.082762 0.042696 0.026489 0.022789 0.023971 0.029490 0.032739 0.032450 0.028732 0.027300 0.036198 0.081774 0.212420 0.475174 0.815838 1.061199 1.201240 1.250482 1.248725 1.196971 1.090127 1.006365 0.934344 0.847132 0.702772 0.481897 0.286922 0.159537 
0.116561 0.059747 0.033029 0.024177 0.023232 0.026472 0.031520 0.032630 0.030734 0.027837 0.030636 0.054401 0.136463 0.327284 0.647680 0.951683 1.142569 1.232016 1.249823 1.229098 1.147550 1.046778 0.970354 0.892637 0.782095 0.598661 0.375961 0.216903 
0.161291 0.084392 0.044155 0.027615 0.023587 0.024447 0.029262 0.032214 0.031919 0.029048 0.028886 0.039898 0.088145 0.218279 0.473334 0.813822 1.059806 1.196248 1.243146 1.242051 1.195926 1.096523 1.008566 0.931657 0.841469 0.699490 0.484264 0.289093 
0.218829 0.118258 0.061311 0.034321 0.025097 0.023909 0.026593 0.031107 0.032104 0.030467 0.028947 0.033016 0.059367 0.142976 0.330191 0.644712 0.950507 1.139220 1.225559 1.242735 1.224618 1.151454 1.051164 0.970112 0.888223 0.776953 0.598526 0.378257 
0.291186 0.163091 0.086040 0.045595 0.028704 0.024355 0.024916 0.029061 0.031730 0.031475 0.029517 0.030473 0.043406 0.094014 0.223633 0.472629 0.812244 1.057660 1.191035 1.236294 1.235941 1.194917 1.102295 1.010638 0.929272 0.836261 0.696134 0.486017 
0.380259 0.220758 0.119990 0.062873 0.035582 0.025986 0.024565 0.026725 0.030729 0.031634 0.030464 0.029875 0.035442 0.064001 0.148947 0.333209 0.642884 0.948957 1.135362 1.219322 1.236162 1.220513 1.154935 1.055180 0.969955 0.884222 0.772087 0.597913 
0.487252 0.293167 0.164917 0.087703 0.047016 0.029762 0.025098 0.025375 0.028884 0.031295 0.031123 0.030096 0.031963 0.046848 0.099426 0.228664 0.472820 0.810879 1.054965 1.185732 1.229847 1.230294 1.193965 1.107513 1.012567 0.927152 0.831455 0.692755 
0.596927 0.381980 0.222663 0.121745 0.064430 0.036815 0.026847 0.025202 0.026863 0.030391 0.031230 0.030588 0.030796 0.037778 0.068425 0.154462 0.336377 0.641859 0.947087 1.131180 1.213248 1.230126 1.216670 1.157004 1.059911 0.969860 0.880589 0.767480 
0.689384 0.488049 0.295022 0.166753 0.089375 0.048417 0.030791 0.025819 0.025825 0.028729 0.030916 0.030909 0.030666 0.033441 0.050143 0.104520 0.233435 0.473704 0.809615 1.051887 1.180363 1.223797 1.225080 1.192614 1.112256 1.014788 0.925224 0.827014 
0.763127 0.595641 0.383440 0.224526 0.123512 0.065980 0.038022 0.027683 0.025821 0.027005 0.030096 0.030913 0.030787 0.031707 0.040051 0.072622 0.159660 0.339650 0.641409 0.944975 1.126755 1.207349 1.224599 1.212905 1.158421 1.064672 0.970006 0.877200 
