0.006349 0.029144 0.068780 0.147171 0.772159 1.468237 1.683925 1.881273 1.988431 1.986852 1.381588 0.671042 0.457210 0.275046 0.146154 0.068562 0.028529 0.011386 0.006785 0.007163 0.010063 0.011950 0.011913 0.009873 0.006340 0.003074 0.001024 0.000183 
0.002495 0.015668 0.046857 0.103131 0.391340 1.171361 1.578374 1.793873 1.948247 1.987839 1.759681 0.977386 0.560168 0.359469 0.204188 0.102663 0.045684 0.018389 0.008510 0.006927 0.008424 0.011242 0.011936 0.011143 0.008260 0.004555 0.001898 0.000498 
0.001247 0.007684 0.029010 0.071858 0.218244 0.766500 1.398807 1.693764 1.885408 1.972992 1.902280 1.392166 0.741712 0.454141 0.275109 0.147857 0.070463 0.029860 0.012413 0.007521 0.007488 0.009934 0.011676 0.011639 0.009963 0.006379 0.003069 0.001023 
0.001107 0.003689 0.016486 0.047744 0.132109 0.442138 1.114316 1.559200 1.802593 1.940148 1.946475 1.702148 1.039121 0.584359 0.358152 0.205251 0.104561 0.047267 0.019567 0.009359 0.007500 0.008493 0.011023 0.011662 0.011006 0.008375 0.004566 0.001791 
0.001363 0.002075 0.008811 0.029808 0.083288 0.258916 0.761370 1.361944 1.694126 1.887774 1.944102 1.854852 1.396939 0.783171 0.462093 0.275175 0.149482 0.072215 0.031230 0.013420 0.008198 0.007873 0.009802 0.011422 0.011416 0.009937 0.006489 0.002917 
0.001946 0.001630 0.004690 0.017527 0.052487 0.155834 0.469290 1.082941 1.545352 1.808115 1.922979 1.910634 1.671979 1.072950 0.605862 0.360981 0.206275 0.106313 0.048826 0.020751 0.010196 0.007994 0.008635 0.010815 0.011420 0.010861 0.008459 0.004466 
0.002930 0.001749 0.002778 0.009886 0.032241 0.095612 0.286298 0.757496 1.339103 1.695221 1.879905 1.918350 1.819595 1.401019 0.811630 0.472149 0.276785 0.150985 0.073893 0.032599 0.014430 0.008820 0.008235 0.009729 0.011193 0.011210 0.009890 0.006477 
0.004425 0.002192 0.002135 0.005572 0.019158 0.058800 0.175041 0.486833 1.062684 1.538591 1.805843 1.903933 1.881317 1.650284 1.096438 0.623875 0.365772 0.207796 0.107964 0.050355 0.021944 0.010997 0.008454 0.008799 0.010642 0.011204 0.010715 0.008445 
0.006431 0.003037 0.002156 0.003424 0.011097 0.035722 0.107345 0.306493 0.754244 1.326719 1.693362 1.867149 1.895452 1.791852 1.403552 0.833349 0.482307 0.279516 0.152602 0.075510 0.033967 0.015420 0.009408 0.008583 0.009693 0.010993 0.011020 0.009803 
0.008386 0.004422 0.002486 0.002632 0.006459 0.021290 0.065659 0.190979 0.499293 1.050620 1.534148 1.798441 1.884838 1.856602 1.633290 1.113793 0.639297 0.371427 0.209831 0.109612 0.051864 0.023127 0.011765 0.008893 0.009000 0.010478 0.011010 0.010564 
0.009691 0.006374 0.003212 0.002541 0.004085 0.012500 0.039782 0.118200 0.322261 0.753055 1.319788 1.688532 1.852440 1.874250 1.769331 1.404940 0.850717 0.492078 0.282957 0.154413 0.077112 0.035323 0.016385 0.009970 0.008933 0.009686 0.010811 0.010843 
0.010411 0.008284 0.004482 0.002793 0.003120 0.007434 0.023782 0.072599 0.204525 0.509317 1.044178 1.529764 1.788248 1.866071 1.834905 1.619569 1.127109 0.652707 0.377445 0.212280 0.111323 0.053361 0.024289 0.012505 0.009322 0.009215 0.010338 0.010831 
0.010673 0.009561 0.006328 0.003426 0.002915 0.004778 0.014104 0.044132 0.128174 0.335313 0.754148 1.315359 1.681589 1.836887 1.854384 1.750258 1.405722 0.865016 0.501314 0.286836 0.156427 0.078731 0.036664 0.017322 0.010529 0.009255 0.009715 0.010646 
0.010663 0.010256 0.008168 0.004578 0.003107 0.003614 0.008508 0.026530 0.079401 0.216356 0.518268 1.041329 1.524840 1.776463 1.847823 1.815337 1.608042 1.137765 0.664512 0.383567 0.215043 0.113125 0.054857 0.025424 0.013235 0.009733 0.009428 0.010235 
0.010503 0.010511 0.009422 0.006296 0.003659 0.003297 0.005513 0.015878 0.048609 0.137368 0.346692 0.757099 1.312071 1.673185 1.821063 1.835640 1.733540 1.405776 0.877472 0.509987 0.290979 0.158628 0.080387 0.037985 0.018244 0.011084 0.009542 0.009778 
0.010169 0.010508 0.010102 0.008053 0.004693 0.003433 0.004128 0.009677 0.029448 0.085985 0.226960 0.526760 1.040746 1.519282 1.763786 1.830174 1.797353 1.597866 1.146589 0.675170 0.389651 0.218040 0.115027 0.056353 0.026542 0.013962 0.010120 0.009630 
0.009857 0.010380 0.010356 0.009283 0.006274 0.003905 0.003693 0.006296 0.017785 0.053121 0.145918 0.357007 0.761412 1.309268 1.663799 1.805278 1.817866 1.718443 1.403701 0.890160 0.518172 0.295270 0.160991 0.082082 0.039294 0.019160 0.011622 0.009814 
0.009830 0.010124 0.010371 0.009950 0.007941 0.004820 0.003773 0.004669 0.010929 0.032472 0.092337 0.236676 0.535045 1.041574 1.513165 1.750650 1.813146 1.780582 1.587987 1.154086 0.685530 0.395643 0.221209 0.117022 0.057856 0.027652 0.014675 0.010492 
0.010079 0.009946 0.010279 0.010213 0.009144 0.006260 0.004165 0.004109 0.007129 0.019790 0.057614 0.153947 0.366607 0.766657 1.306633 1.653781 1.789710 1.800934 1.704289 1.401200 0.901806 0.526155 0.299646 0.163488 0.083819 0.040601 0.020064 0.012143 
0.010869 0.009996 0.010112 0.010254 0.009804 0.007830 0.004958 0.004130 0.005241 0.012254 0.035557 0.098467 0.245736 0.543208 1.043257 1.506610 1.737334 1.796725 1.764692 1.578550 1.160573 0.695338 0.401606 0.224506 0.119097 0.059375 0.028755 0.015372 
0.012667 0.010323 0.010040 0.010198 0.010085 0.009008 0.006251 0.004441 0.004547 0.008010 0.021869 0.062061 0.161557 0.375697 0.772498 1.304012 1.643388 1.774453 1.784713 1.690885 1.398541 0.912425 0.533893 0.304095 0.166091 0.085598 0.041911 0.020954 
0.016067 0.011238 0.010146 0.010119 0.010156 0.009667 0.007721 0.005119 0.004480 0.005859 0.013640 0.038674 0.104396 0.254296 0.551264 1.045433 1.499739 1.724021 1.780866 1.749527 1.569527 1.166256 0.704568 0.407520 0.227904 0.121244 0.060913 0.029848 
0.021839 0.013185 0.010559 0.010129 0.010137 0.009973 0.008876 0.006257 0.004720 0.004997 0.008949 0.024000 0.066449 0.168824 0.384397 0.778681 1.301339 1.632810 1.759549 1.769114 1.678110 1.395801 0.922134 0.541365 0.308592 0.168782 0.087420 0.043220 
0.030939 0.016759 0.011598 0.010290 0.010133 0.010075 0.009541 0.007622 0.005296 0.004824 0.006514 0.015087 0.041800 0.110145 0.262460 0.559200 1.047862 1.492666 1.710826 1.765527 1.734987 1.560868 1.171275 0.713250 0.413358 0.231381 0.123456 0.062468 
0.044534 0.022721 0.013696 0.010800 0.010199 0.010104 0.009868 0.008754 0.006278 0.005001 0.005458 0.009940 0.026176 0.070769 0.175807 0.392777 0.785023 1.298594 1.622179 1.745014 1.754075 1.665875 1.393006 0.931050 0.548564 0.313113 0.171551 0.089279 
0.064040 0.032029 0.017443 0.011961 0.010436 0.010152 0.010004 0.009421 0.007537 0.005480 0.005172 0.007196 0.016589 0.044928 0.115732 0.270300 0.566991 1.050391 1.485480 1.697818 1.750677 1.721000 1.552524 1.175730 0.721428 0.419103 0.234921 0.125725 
0.091173 0.045857 0.023598 0.014207 0.011044 0.010277 0.010078 0.009767 0.008641 0.006311 0.005288 0.005931 0.010971 0.028390 0.075022 0.182546 0.400880 0.791391 1.295780 1.611584 1.730855 1.739548 1.654112 1.390167 0.939270 0.555497 0.317639 0.174384 
0.128042 0.065633 0.033119 0.018124 0.012326 0.010589 0.010177 0.009936 0.009306 0.007464 0.005672 0.005529 0.007902 0.018133 0.048054 0.121172 0.277862 0.574614 1.052924 1.478249 1.685042 1.736288 1.707509 1.544453 1.179697 0.729144 0.424743 0.238506 
