0.240946 0.240946 0.199916 0.128385 0.062256 0.020736 0.003782 0.000230 0.000230 0.003782 0.517397 1.065595 1.128385 1.199916 1.240946 1.240946 0.701191 0.127110 0.062256 0.020736 0.003782 0.000230 0.000230 0.003782 0.020736 0.062256 0.128385 0.199916 
0.225560 0.240946 0.225560 0.167288 0.092244 0.038425 0.010584 0.001562 0.000230 0.001562 0.196832 0.847849 1.096990 1.166870 1.225560 1.240946 1.038538 0.354788 0.091766 0.038425 0.010584 0.001562 0.000230 0.001562 0.010584 0.038425 0.092244 0.167288 
0.201784 0.235176 0.235176 0.201784 0.129209 0.062087 0.022152 0.005112 0.000729 0.000729 0.074955 0.515606 0.994827 1.133329 1.201628 1.235176 1.165043 0.704239 0.197067 0.061908 0.022152 0.005112 0.000729 0.000729 0.005112 0.022152 0.062087 0.129209 
0.169713 0.222654 0.235176 0.222654 0.169713 0.092250 0.039258 0.012050 0.002373 0.000729 0.028564 0.249477 0.792985 1.072853 1.171822 1.222595 1.208876 0.983475 0.409948 0.117562 0.039191 0.012050 0.002373 0.000729 0.002373 0.012050 0.039258 0.092250 
0.130988 0.201236 0.230480 0.230480 0.201236 0.130988 0.062531 0.023462 0.006207 0.001346 0.011167 0.114886 0.513862 0.955532 1.128362 1.203555 1.217451 1.122636 0.705084 0.237003 0.071972 0.023437 0.006207 0.001346 0.001346 0.006207 0.023462 0.062531 
0.093086 0.171014 0.219514 0.230480 0.219514 0.171014 0.093086 0.040270 0.013285 0.003169 0.005029 0.051289 0.277467 0.762965 1.054152 1.173621 1.212240 1.181895 0.954202 0.439479 0.139926 0.043792 0.013276 0.003169 0.001346 0.003169 0.013285 0.040270 
0.063449 0.132589 0.199955 0.226368 0.226368 0.199955 0.132589 0.063449 0.024669 0.006962 0.003866 0.022609 0.141888 0.512090 0.930023 1.123993 1.197758 1.200861 1.092717 0.705823 0.264275 0.083656 0.025983 0.007187 0.002029 0.002029 0.007190 0.024669 
0.041396 0.094446 0.171391 0.216463 0.226368 0.216463 0.171391 0.094446 0.041425 0.013989 0.005027 0.010895 0.069682 0.295624 0.743085 1.042033 1.169708 1.199697 1.160307 0.934114 0.459264 0.158598 0.049960 0.014880 0.003963 0.002029 0.003965 0.014390 
0.025821 0.064666 0.133916 0.198323 0.222653 0.222653 0.198323 0.133912 0.064737 0.025398 0.008388 0.007228 0.033673 0.161758 0.510229 0.913969 1.118081 1.188451 1.184926 1.070561 0.705998 0.284927 0.095084 0.029399 0.008299 0.002755 0.002755 0.008116 
0.015425 0.042601 0.096096 0.171129 0.213530 0.222653 0.213530 0.171128 0.096191 0.042276 0.014912 0.007663 0.017145 0.085011 0.308445 0.730143 1.032743 1.162063 1.187129 1.141598 0.919554 0.473623 0.174486 0.056669 0.016905 0.004834 0.002755 0.004766 
0.009014 0.026949 0.066058 0.134999 0.196489 0.219232 0.219232 0.196488 0.135098 0.065915 0.026080 0.010381 0.011219 0.043780 0.177282 0.509399 0.903103 1.110434 1.177729 1.170055 1.052640 0.706225 0.301389 0.105821 0.033325 0.009620 0.003534 0.003509 
0.005573 0.016428 0.043856 0.097731 0.170587 0.210703 0.219232 0.210703 0.170624 0.097812 0.042980 0.016268 0.010695 0.023534 0.097913 0.318514 0.721849 1.024273 1.152494 1.174851 1.125065 0.908058 0.484951 0.188221 0.063474 0.019270 0.005820 0.003518 
0.004289 0.009901 0.028070 0.067488 0.135879 0.194594 0.216034 0.216034 0.194607 0.136062 0.066881 0.026982 0.012785 0.015510 0.053031 0.189936 0.509953 0.894837 1.101616 1.166467 1.156182 1.037464 0.706470 0.315088 0.115780 0.037528 0.011151 0.004381 
0.004324 0.006393 0.017416 0.045123 0.099271 0.169896 0.207994 0.216034 0.207999 0.169975 0.099141 0.043719 0.018109 0.013807 0.029921 0.109060 0.327056 0.716550 1.015968 1.142148 1.162610 1.110377 0.898502 0.494318 0.200302 0.070169 0.021889 0.006932 
0.005302 0.005100 0.010785 0.029184 0.068892 0.136590 0.192702 0.213019 0.213021 0.192735 0.136733 0.067703 0.028250 0.015420 0.019849 0.061612 0.200701 0.511625 0.887913 1.092273 1.154937 1.143023 1.024394 0.706678 0.326825 0.125004 0.041864 0.012867 
0.008164 0.005175 0.007232 0.018396 0.046374 0.100691 0.169120 0.205400 0.213020 0.205414 0.169199 0.100149 0.044649 0.020231 0.017081 0.036064 0.118991 0.334684 0.713090 1.007805 1.131438 1.150469 1.097048 0.890422 0.502264 0.211079 0.076666 0.024686 
0.014733 0.006296 0.005947 0.011675 0.030283 0.070240 0.137160 0.190842 0.210162 0.210168 0.190882 0.137085 0.068514 0.029782 0.018262 0.024200 0.069535 0.210242 0.514009 0.881833 1.082697 1.143332 1.130436 1.012885 0.706913 0.337075 0.133568 0.046244 
0.027604 0.009504 0.006078 0.008095 0.019369 0.047593 0.101984 0.168297 0.202917 0.210166 0.202936 0.168298 0.100916 0.045746 0.022582 0.020489 0.041942 0.127967 0.341743 0.710784 0.999793 1.120594 1.138496 1.084743 0.883452 0.509186 0.220799 0.082929 
0.050614 0.016720 0.007362 0.006834 0.012575 0.031362 0.071518 0.137612 0.189028 0.207447 0.207454 0.189043 0.137173 0.069330 0.031530 0.021274 0.028534 0.076883 0.218886 0.516859 0.876314 1.073056 1.131783 1.118339 1.002539 0.707206 0.346178 0.141546 
0.088950 0.030600 0.010937 0.007032 0.008987 0.020338 0.048769 0.103157 0.167445 0.200539 0.207452 0.200550 0.167290 0.101493 0.046987 0.025120 0.023996 0.047572 0.136178 0.348376 0.709241 0.991937 1.109760 1.126741 1.073233 0.877314 0.515354 0.229650 
0.149006 0.054939 0.018799 0.008497 0.007765 0.013488 0.032418 0.072719 0.137963 0.187265 0.204860 0.204864 0.187215 0.137047 0.070161 0.033461 0.024418 0.032837 0.083746 0.226828 0.519996 0.871198 1.063454 1.120373 1.106676 0.993075 0.707558 0.354376 
0.237778 0.094732 0.033639 0.012451 0.008040 0.009911 0.021302 0.049897 0.104215 0.166577 0.198261 0.204862 0.198245 0.166196 0.101920 0.048354 0.027809 0.027575 0.052981 0.143766 0.354651 0.708211 0.984243 1.099028 1.115237 1.062363 0.871806 0.520948 
0.361848 0.156011 0.059197 0.020948 0.009694 0.008741 0.014417 0.033449 0.073841 0.138225 0.185554 0.202387 0.202381 0.185400 0.136748 0.071009 0.035542 0.027663 0.037102 0.090201 0.234196 0.523288 0.866383 1.053958 1.109159 1.095409 0.984295 0.707954 
0.526088 0.245301 0.100283 0.036698 0.014033 0.009099 0.010870 0.022263 0.050975 0.105166 0.165702 0.196075 0.202384 0.196012 0.165033 0.102230 0.049827 0.030618 0.031203 0.058194 0.150836 0.360605 0.707525 0.976717 1.088458 1.104003 1.052023 0.866778 
0.708376 0.368724 0.162613 0.063376 0.023150 0.010949 0.009763 0.015364 0.034455 0.074886 0.138411 0.183896 0.200018 0.199995 0.183598 0.136310 0.071880 0.037821 0.030837 0.041398 0.096309 0.241080 0.526637 0.861802 1.044612 1.098174 1.084510 0.976058 
0.862121 0.530853 0.252309 0.105618 0.039760 0.015673 0.010208 0.011863 0.023223 0.052003 0.106017 0.164824 0.193972 0.200009 0.193843 0.163815 0.102441 0.051466 0.033456 0.034797 0.063309 0.157462 0.366260 0.707063 0.969363 1.078088 1.093050 1.042133 
0.968264 0.708803 0.375100 0.168860 0.067467 0.025388 0.012257 0.010828 0.016330 0.035435 0.075855 0.138529 0.182287 0.197746 0.197697 0.181812 0.135746 0.072833 0.040210 0.033959 0.045657 0.102181 0.247530 0.529974 0.857410 1.035446 1.087439 1.073956 
1.032636 0.857755 0.535299 0.258874 0.110749 0.042809 0.017360 0.011364 0.012892 0.024182 0.052981 0.106775 0.163945 0.191949 0.197727 0.191734 0.162552 0.102609 0.053225 0.036303 0.038346 0.068316 0.163752 0.371615 0.706743 0.962184 1.067942 1.082383 
