0.006690 0.029096 0.068603 0.146383 0.770269 1.465963 1.682014 1.881720 1.991890 1.991890 1.387823 0.675912 0.460077 0.276155 0.146383 0.068603 0.028382 0.010533 0.004886 0.004894 0.008152 0.012548 0.015069 0.015062 0.012495 0.008024 0.003891 0.001232 
0.003279 0.015775 0.046712 0.102709 0.390063 1.169096 1.576032 1.793059 1.950576 1.991890 1.765365 0.983338 0.564006 0.361347 0.204770 0.102798 0.045696 0.017933 0.007004 0.004889 0.006117 0.010442 0.014124 0.015066 0.014098 0.010455 0.005773 0.002229 
0.002623 0.008096 0.028938 0.071578 0.217466 0.764631 1.396302 1.691984 1.886343 1.976397 1.906943 1.398452 0.746588 0.456916 0.276233 0.148175 0.070580 0.029710 0.011366 0.005682 0.005349 0.007973 0.012625 0.014713 0.014703 0.012611 0.008102 0.003558 
0.002973 0.004675 0.016596 0.047533 0.131616 0.440889 1.111902 1.556809 1.802202 1.942627 1.950352 1.707577 1.045168 0.588129 0.359996 0.205897 0.104787 0.047329 0.018956 0.007855 0.005474 0.006333 0.010366 0.013930 0.014709 0.013917 0.010659 0.005383 
0.003877 0.003611 0.009358 0.029688 0.082932 0.258104 0.759442 1.359295 1.692626 1.889002 1.947455 1.859311 1.403155 0.788035 0.464809 0.276323 0.149885 0.072423 0.030983 0.012316 0.006367 0.005796 0.008011 0.012496 0.014417 0.014412 0.012596 0.007915 
0.005424 0.003711 0.005766 0.017700 0.052195 0.155277 0.468002 1.080369 1.543080 1.808055 1.925535 1.914401 1.677235 1.078979 0.609579 0.362810 0.206982 0.106651 0.048857 0.020060 0.008669 0.006010 0.006627 0.010291 0.013697 0.014415 0.013731 0.010533 
0.007793 0.004354 0.004482 0.010498 0.032127 0.095163 0.285434 0.755437 1.336442 1.694004 1.881480 1.921360 1.824072 1.407136 0.816450 0.474827 0.277959 0.151499 0.074129 0.032282 0.013273 0.007007 0.006242 0.008110 0.012330 0.014146 0.014159 0.012446 
0.010336 0.005643 0.004402 0.006754 0.019361 0.058469 0.174394 0.485469 1.059995 1.536484 1.806191 1.906405 1.884877 1.655560 1.102379 0.627544 0.367592 0.208593 0.108374 0.050351 0.021185 0.009453 0.006529 0.006942 0.010226 0.013463 0.014154 0.013516 
0.012244 0.007747 0.004867 0.005284 0.011776 0.035603 0.106829 0.305538 0.752055 1.324087 1.692524 1.868825 1.898332 1.796192 1.409659 0.838101 0.484949 0.280745 0.153209 0.075755 0.033589 0.014218 0.007625 0.006684 0.008231 0.012163 0.013895 0.013915 
0.013288 0.010147 0.005947 0.005024 0.007770 0.021522 0.065291 0.190248 0.497820 1.047831 1.532323 1.799024 1.887267 1.860030 1.638475 1.119708 0.642906 0.373263 0.210717 0.110071 0.051822 0.022306 0.010215 0.007037 0.007264 0.010174 0.013243 0.013907 
0.013675 0.012033 0.007770 0.005370 0.006054 0.013271 0.039655 0.117621 0.321207 0.750711 1.317301 1.687980 1.854176 1.877053 1.773542 1.410997 0.855412 0.494698 0.284252 0.155094 0.077355 0.034886 0.015146 0.008229 0.007122 0.008384 0.011989 0.013658 
0.013669 0.013059 0.009996 0.006270 0.005626 0.008846 0.024067 0.072190 0.203712 0.507719 1.041358 1.528201 1.788993 1.868474 1.838236 1.624649 1.132976 0.656271 0.379314 0.213246 0.111816 0.053279 0.023413 0.010961 0.007537 0.007595 0.010136 0.013030 
0.013429 0.013440 0.011834 0.007830 0.005868 0.006834 0.014956 0.044016 0.127526 0.334155 0.751685 1.313036 1.681261 1.838669 1.857135 1.754361 1.411702 0.869655 0.503932 0.288200 0.157169 0.078964 0.036170 0.016059 0.008821 0.007559 0.008555 0.011821 
0.012825 0.013436 0.012838 0.009877 0.006604 0.006230 0.010000 0.026869 0.078965 0.215451 0.516557 1.038523 1.523501 1.777332 1.850210 1.818595 1.613017 1.143562 0.668044 0.385478 0.216082 0.113640 0.054731 0.024505 0.011693 0.008032 0.007932 0.010111 
0.011664 0.013207 0.013212 0.011653 0.007917 0.006370 0.007644 0.016797 0.048513 0.136659 0.345426 0.754556 1.309905 1.673036 1.822881 1.838354 1.737551 1.411274 0.882442 0.512615 0.292411 0.159419 0.080600 0.037441 0.016955 0.009417 0.007970 0.008750 
0.010111 0.012628 0.013210 0.012627 0.009783 0.006950 0.006848 0.011235 0.029835 0.085532 0.225965 0.524946 1.037981 1.518131 1.764755 1.832552 1.800553 1.602597 1.152302 0.678826 0.391611 0.219143 0.115552 0.056187 0.025580 0.012425 0.008513 0.008262 
0.008956 0.011528 0.012992 0.012991 0.011487 0.008025 0.006886 0.008493 0.018759 0.053046 0.145157 0.355637 0.758817 1.307247 1.663796 1.807128 1.820552 1.722320 1.408992 0.895179 0.520875 0.296768 0.161820 0.082275 0.038702 0.017847 0.010011 0.008356 
0.008581 0.010134 0.012443 0.012992 0.012427 0.009710 0.007313 0.007489 0.012544 0.032900 0.091874 0.235601 0.533140 1.038861 1.512174 1.751700 1.815518 1.783715 1.592543 1.159707 0.689252 0.397676 0.222368 0.117551 0.057648 0.026647 0.013156 0.008977 
0.008729 0.009163 0.011414 0.012786 0.012780 0.011298 0.008212 0.007379 0.009406 0.020809 0.057560 0.153143 0.365144 0.764028 1.304741 1.653901 1.791587 1.803592 1.708050 1.406333 0.906822 0.528931 0.301211 0.164345 0.083987 0.039959 0.018738 0.010594 
0.009429 0.008892 0.010171 0.012271 0.012784 0.012223 0.009674 0.007692 0.008139 0.013936 0.036016 0.097997 0.244591 0.541225 1.040600 1.505755 1.738454 1.799090 1.767764 1.582963 1.166099 0.699105 0.403714 0.225715 0.119625 0.059122 0.027714 0.013881 
0.011165 0.009093 0.009372 0.011317 0.012591 0.012573 0.011126 0.008435 0.007859 0.010369 0.022940 0.062019 0.160718 0.374153 0.769848 1.302235 1.643612 1.776351 1.787343 1.694548 1.403539 0.917418 0.536736 0.305726 0.166971 0.085737 0.041221 0.019625 
0.014596 0.009870 0.009198 0.010220 0.012114 0.012585 0.012029 0.009672 0.008075 0.008800 0.015397 0.039166 0.103916 0.253093 0.549218 1.042831 1.499003 1.725200 1.783221 1.752545 1.573820 1.171688 0.708368 0.409699 0.229159 0.121764 0.060614 0.028781 
0.020506 0.011727 0.009450 0.009581 0.011236 0.012408 0.012376 0.010980 0.008674 0.008347 0.011365 0.025135 0.066418 0.167951 0.382787 0.776019 1.299664 1.633124 1.761463 1.771717 1.681688 1.400680 0.927095 0.544267 0.310286 0.169681 0.087524 0.042491 
0.029848 0.015304 0.010304 0.009499 0.010278 0.011968 0.012396 0.011849 0.009693 0.008470 0.009479 0.016906 0.042337 0.109654 0.261206 0.557104 1.045313 1.492034 1.712054 1.767872 1.737956 1.565057 1.176615 0.717075 0.415604 0.232677 0.123962 0.062127 
0.043771 0.021383 0.012279 0.009801 0.009791 0.011167 0.012236 0.012191 0.010856 0.008929 0.008848 0.012390 0.027371 0.070760 0.174900 0.391112 0.782355 1.297011 1.622569 1.746940 1.756654 1.669380 1.397779 0.935974 0.551522 0.314864 0.172460 0.089350 
0.063661 0.030916 0.016003 0.010731 0.009795 0.010346 0.011835 0.012219 0.011684 0.009735 0.008878 0.010176 0.018451 0.045514 0.115236 0.268997 0.564854 1.047894 1.484939 1.699087 1.753011 1.723926 1.556620 1.180983 0.725274 0.421411 0.236250 0.126214 
0.091212 0.045060 0.022254 0.012825 0.010146 0.010001 0.011111 0.012075 0.012018 0.010750 0.009200 0.009365 0.013441 0.029634 0.075043 0.181612 0.399164 0.788726 1.294278 1.612041 1.732790 1.742104 1.657551 1.394843 0.944156 0.558505 0.319440 0.175296 
0.128512 0.065217 0.031985 0.016696 0.011169 0.010056 0.010436 0.011714 0.012054 0.011536 0.009816 0.009262 0.010914 0.020023 0.048686 0.120683 0.276515 0.572443 1.050477 1.477786 1.686344 1.738611 1.710397 1.548466 1.184867 0.733007 0.427107 0.239861 
