0.801835 0.976473 0.990809 0.867654 0.653408 0.535981 0.544249 0.678783 0.869839 0.978363 0.991653 0.946206 0.930067 0.969211 1.073223 1.104284 1.042454 0.826363 0.521951 0.252383 0.083901 0.015370 0.000971 0.000934 0.015129 0.082943 0.249024 0.512825 
0.668476 0.909192 0.985433 0.944626 0.759815 0.580016 0.539081 0.595732 0.777562 0.936005 0.986669 0.970947 0.936119 0.944746 1.022227 1.092636 1.081098 0.953691 0.680842 0.374531 0.155648 0.042869 0.006375 0.000948 0.006257 0.042334 0.153700 0.368709 
0.515379 0.809393 0.956843 0.970130 0.869594 0.652557 0.554432 0.560325 0.673923 0.870256 0.967670 0.980774 0.951568 0.939354 0.975764 1.066233 1.088309 1.031878 0.835447 0.520941 0.251827 0.089723 0.020739 0.002983 0.002939 0.020450 0.088606 0.248249 
0.368378 0.677346 0.899888 0.965148 0.932429 0.760774 0.591229 0.556642 0.603661 0.774112 0.929502 0.975860 0.967697 0.943934 0.953008 1.022790 1.080031 1.067148 0.951163 0.687279 0.373008 0.159135 0.048828 0.009647 0.002955 0.009505 0.048197 0.156991 
0.249861 0.521468 0.808278 0.940675 0.952878 0.863705 0.659132 0.569612 0.574274 0.675341 0.865436 0.958476 0.972799 0.954796 0.947337 0.981878 1.058565 1.075200 1.022043 0.837708 0.523892 0.253126 0.095090 0.025176 0.005465 0.005412 0.024833 0.093831 
0.160967 0.371217 0.682274 0.889501 0.948302 0.919438 0.761462 0.603182 0.571360 0.612757 0.771392 0.921795 0.967428 0.964730 0.950134 0.960290 1.022460 1.068962 1.055266 0.946273 0.691604 0.374418 0.163093 0.053858 0.012863 0.005432 0.012695 0.053135 
0.098627 0.253290 0.527123 0.804441 0.926252 0.937478 0.856589 0.666553 0.583293 0.586884 0.678448 0.859690 0.950316 0.966416 0.957094 0.953942 0.986832 1.051524 1.063826 1.012681 0.837148 0.527593 0.255994 0.099945 0.029165 0.008218 0.008155 0.028768 
0.057542 0.165358 0.375310 0.684785 0.879169 0.933268 0.907145 0.761867 0.614516 0.584640 0.621669 0.769187 0.914319 0.960378 0.962149 0.955124 0.966276 1.021751 1.059212 1.044647 0.940463 0.694379 0.377350 0.167311 0.058326 0.016081 0.008179 0.015885 
0.032470 0.103180 0.257567 0.531993 0.799513 0.912981 0.923472 0.849400 0.673766 0.595843 0.598526 0.681915 0.854137 0.942885 0.961485 0.958637 0.959306 0.990725 1.045164 1.053750 1.003757 0.835159 0.531358 0.259699 0.104476 0.032911 0.011142 0.011069 
0.019094 0.061661 0.169914 0.380639 0.685009 0.869119 0.919538 0.895695 0.762065 0.625064 0.596849 0.630132 0.767356 0.907279 0.954510 0.960061 0.958888 0.971172 1.020799 1.050531 1.035003 0.934284 0.696141 0.380974 0.171630 0.062469 0.019315 0.011096 
0.014095 0.036056 0.107577 0.262467 0.536151 0.793776 0.900631 0.910597 0.842603 0.680388 0.607430 0.609330 0.685752 0.848567 0.936104 0.957979 0.959474 0.963494 0.993804 1.039381 1.044708 0.995292 0.832390 0.534958 0.263779 0.108799 0.036525 0.014178 
0.014127 0.022331 0.065622 0.174601 0.386467 0.683809 0.859314 0.906860 0.885099 0.762116 0.634789 0.608143 0.638226 0.765769 0.900543 0.949589 0.958727 0.961169 0.975363 1.019716 1.042710 1.026177 0.928027 0.697208 0.384844 0.175951 0.066421 0.022569 
0.017292 0.017203 0.039590 0.111900 0.267673 0.539684 0.787557 0.889030 0.898699 0.836260 0.686410 0.618135 0.619424 0.689815 0.842969 0.930055 0.954995 0.959948 0.966797 0.996439 1.034087 1.036510 0.987304 0.829201 0.538285 0.267977 0.112976 0.040068 
0.025845 0.017237 0.025598 0.069505 0.179354 0.392166 0.681920 0.849769 0.895073 0.875285 0.762065 0.643738 0.618618 0.645982 0.764305 0.894280 0.945023 0.957471 0.963135 0.978769 1.018666 1.035602 1.018058 0.921865 0.697769 0.388718 0.180215 0.070256 
0.043575 0.020465 0.020372 0.043109 0.116187 0.272889 0.542664 0.781163 0.878084 0.887653 0.830354 0.691889 0.628038 0.628880 0.693773 0.837740 0.924439 0.952095 0.960303 0.969706 0.998555 1.029251 1.029023 0.979792 0.825805 0.541294 0.272148 0.117042 
0.074014 0.029142 0.020407 0.028898 0.073355 0.184085 0.397552 0.679610 0.840543 0.884065 0.866166 0.761940 0.651982 0.628354 0.653320 0.763031 0.888470 0.940698 0.956199 0.964855 0.981699 1.017509 1.029165 1.010533 0.915893 0.697944 0.392466 0.184390 
0.121014 0.047061 0.023683 0.023591 0.046631 0.120436 0.277976 0.545148 0.774753 0.867744 0.877352 0.824844 0.696887 0.637215 0.637716 0.697582 0.832936 0.919175 0.949304 0.960527 0.972254 1.000253 1.024794 1.022178 0.972714 0.822332 0.543971 0.276216 
0.188459 0.077716 0.032461 0.023625 0.032231 0.077188 0.188739 0.402554 0.677027 0.831671 0.873749 0.857662 0.761761 0.659592 0.637403 0.660229 0.761962 0.883069 0.936603 0.954916 0.966328 0.984651 1.015591 1.023813 1.003302 0.910138 0.697824 0.396024 
0.280139 0.124901 0.050536 0.026939 0.026853 0.050166 0.124639 0.282864 0.547187 0.768420 0.857970 0.867716 0.819688 0.701462 0.645724 0.645962 0.701232 0.828541 0.914239 0.946622 0.960622 0.974626 1.001384 1.020730 1.016121 0.965802 0.818875 0.546330 
0.399365 0.192411 0.081373 0.035799 0.026885 0.035595 0.081007 0.193282 0.407149 0.674264 0.823170 0.864061 0.849706 0.761539 0.666626 0.645813 0.666718 0.761083 0.878054 0.932728 0.953622 0.967623 0.987337 1.013475 1.019002 0.996675 0.904414 0.697510 
0.548444 0.283898 0.128709 0.054003 0.030228 0.030151 0.053713 0.128787 0.287517 0.548827 0.762219 0.848727 0.858678 0.814849 0.705663 0.653618 0.653653 0.704718 0.824530 0.909614 0.944037 0.960623 0.976766 1.002179 1.016929 1.010629 0.959287 0.815292 
0.696937 0.402502 0.196243 0.084990 0.039153 0.030180 0.038987 0.084811 0.197695 0.411339 0.671383 0.815043 0.854947 0.842242 0.761283 0.673135 0.653631 0.672807 0.760372 0.873404 0.929055 0.952385 0.968694 0.989647 1.011398 1.014567 0.990588 0.898871 
0.811681 0.550260 0.287497 0.132439 0.057463 0.033545 0.033483 0.057272 0.132871 0.291922 0.550109 0.756183 0.839983 0.850182 0.810294 0.709527 0.660945 0.660822 0.708040 0.820877 0.905270 0.941597 0.960540 0.978590 1.002745 1.013378 1.005575 0.953197 
0.893581 0.695959 0.405583 0.199958 0.088569 0.042522 0.033506 0.042404 0.088595 0.201965 0.415138 0.668430 0.807283 0.846357 0.835224 0.760997 0.679178 0.660868 0.678529 0.759812 0.869081 0.925607 0.951180 0.969565 0.991595 1.009391 1.010452 0.984958 
0.947505 0.808051 0.551771 0.290991 0.136096 0.060917 0.036887 0.036842 0.060838 0.136883 0.296076 0.551074 0.750329 0.831704 0.842183 0.805998 0.713098 0.667734 0.667491 0.711218 0.817542 0.901213 0.939292 0.960372 0.980654 1.002585 1.010054 1.000892 
0.979726 0.888536 0.694514 0.408708 0.203579 0.092112 0.045904 0.036859 0.045841 0.092354 0.206086 0.418567 0.665436 0.799879 0.838253 0.828613 0.760695 0.684776 0.667582 0.683888 0.759387 0.865076 0.922377 0.949932 0.970513 0.993221 1.007253 1.006618 
0.996454 0.942169 0.804379 0.553000 0.294436 0.139688 0.064362 0.040251 0.040227 0.064406 0.140817 0.299983 0.551756 0.744666 0.823863 0.834638 0.801939 0.716395 0.674030 0.673697 0.714238 0.814506 0.897445 0.937026 0.960223 0.982685 1.001991 1.007015 
1.003055 0.974777 0.883712 0.692888 0.411638 0.207134 0.095624 0.049296 0.040236 0.049294 0.096083 0.210056 0.421652 0.662425 0.792817 0.830597 0.822376 0.760375 0.689959 0.673822 0.688900 0.759073 0.861395 0.919284 0.948716 0.971849 0.994123 1.005131 
