0.800225 0.967988 0.973680 0.828087 0.576428 0.399210 0.369802 0.464796 0.665376 1.372044 1.993164 2.062387 2.118249 2.187528 2.248246 1.758319 1.103561 0.866263 0.538252 0.259422 0.086302 0.016087 0.001151 0.000991 0.015133 0.082943 0.249024 0.513326 
0.668843 0.904365 0.971546 0.919083 0.706210 0.469343 0.380830 0.405425 0.551888 0.966143 1.751591 2.029445 2.090318 2.152282 2.225477 2.064523 1.399361 0.984912 0.707449 0.385623 0.159999 0.044285 0.006772 0.001051 0.006295 0.042330 0.153700 0.368897 
0.516329 0.807647 0.946353 0.951872 0.832698 0.572232 0.414022 0.390053 0.463423 0.725541 1.375917 1.917641 2.059882 2.121164 2.196625 2.165119 1.763629 1.175013 0.846180 0.540056 0.259073 0.092367 0.021554 0.003196 0.003017 0.020463 0.088598 0.248320 
0.368789 0.678151 0.893648 0.949802 0.907182 0.707344 0.476347 0.399042 0.417567 0.570889 1.015778 1.696714 1.998881 2.090523 2.166555 2.184810 2.010622 1.460239 1.007758 0.689976 0.385280 0.163733 0.050404 0.010103 0.003084 0.009560 0.048194 0.157010 
0.250029 0.523005 0.805817 0.928745 0.933820 0.826915 0.576529 0.428031 0.405989 0.477378 0.756887 1.374087 1.874113 2.046653 2.135761 2.177964 2.119490 1.770217 1.217161 0.847231 0.527234 0.260979 0.097940 0.026093 0.005716 0.005513 0.024857 0.093830 
0.161026 0.371920 0.683167 0.882013 0.931917 0.893730 0.706921 0.486473 0.414255 0.432760 0.591118 1.037922 1.665036 1.970812 2.097070 2.162138 2.156036 1.981203 1.496272 1.025955 0.680515 0.381205 0.168061 0.055583 0.013383 0.005589 0.012767 0.053140 
0.098644 0.253597 0.529050 0.801208 0.913203 0.917597 0.818904 0.582373 0.441337 0.421194 0.494457 0.778464 1.369108 1.840364 2.041590 2.137737 2.159850 2.089711 1.775673 1.245504 0.847469 0.520089 0.262049 0.103037 0.030182 0.008512 0.008281 0.028804 
0.057559 0.165481 0.376673 0.685149 0.870655 0.915949 0.880587 0.705931 0.496743 0.428748 0.448668 0.610118 1.050380 1.638490 1.954112 2.098918 2.151558 2.133548 1.963180 1.521088 1.037654 0.675111 0.378691 0.171773 0.060211 0.016667 0.008367 0.015977 
0.032521 0.103228 0.258168 0.534122 0.795429 0.898964 0.902688 0.810671 0.588005 0.454246 0.436218 0.511702 0.795397 1.360015 1.817653 2.038036 2.131818 2.144804 2.067409 1.776099 1.269427 0.848117 0.515713 0.263313 0.107490 0.034034 0.011480 0.011221 
0.019209 0.061699 0.170169 0.382849 0.684497 0.859673 0.901292 0.868182 0.704556 0.506659 0.442978 0.464524 0.627523 1.055963 1.618491 1.943669 2.095026 2.139934 2.115781 1.948493 1.539013 1.047659 0.671915 0.377441 0.175106 0.064399 0.019970 0.011318 
0.014277 0.036129 0.107686 0.263483 0.538361 0.788779 0.885684 0.888875 0.802683 0.593114 0.466859 0.451058 0.528342 0.808563 1.350135 1.802808 2.032654 2.123094 2.130877 2.050029 1.774027 1.289119 0.849628 0.513160 0.264820 0.111468 0.037712 0.014562 
0.014384 0.022471 0.065694 0.175055 0.389094 0.682759 0.848946 0.887679 0.856553 0.702907 0.516179 0.456983 0.480039 0.643085 1.057792 1.604324 1.935157 2.088206 2.127958 2.100559 1.936422 1.552009 1.056496 0.670378 0.377116 0.178194 0.068264 0.023279 
0.017720 0.017417 0.039691 0.112107 0.268990 0.541908 0.781784 0.873154 0.876007 0.795045 0.597737 0.479182 0.465629 0.544064 0.818981 1.341543 1.791963 2.025843 2.113051 2.117683 2.035583 1.771750 1.304466 0.851830 0.511955 0.266531 0.115111 0.041261 
0.026585 0.017530 0.025770 0.069631 0.179990 0.395075 0.680410 0.838534 0.874937 0.845646 0.701090 0.525334 0.470711 0.495042 0.656962 1.058324 1.593821 1.927237 2.079769 2.115946 2.086896 1.926383 1.561708 1.064053 0.670086 0.377493 0.181125 0.071897 
0.044709 0.020926 0.020620 0.043248 0.116499 0.274442 0.544862 0.774687 0.861286 0.863953 0.787776 0.601970 0.491195 0.479835 0.558803 0.827713 1.334565 1.783140 2.018048 2.102380 2.105052 2.023072 1.769566 1.316542 0.854398 0.511761 0.268416 0.118522 
0.075362 0.029883 0.020735 0.029105 0.073545 0.184884 0.400667 0.677678 0.828478 0.862953 0.835387 0.699198 0.534156 0.484095 0.509448 0.669515 1.058681 1.585561 1.919416 2.070421 2.104050 2.074310 1.917760 1.567994 1.071672 0.670668 0.378407 0.183959 
0.121770 0.048081 0.024165 0.023874 0.046817 0.120852 0.279720 0.547295 0.767618 0.850025 0.852615 0.780870 0.605911 0.502868 0.493603 0.572643 0.835461 1.329035 1.775344 2.009590 2.091439 2.092897 2.011886 1.767029 1.326237 0.857577 0.512311 0.270452 
0.186737 0.078704 0.033170 0.023983 0.032477 0.077448 0.189682 0.405825 0.674696 0.818798 0.851644 0.825711 0.697303 0.542667 0.497077 0.523243 0.681080 1.059311 1.578697 1.911517 2.060564 2.092351 2.062518 1.909938 1.571125 1.079967 0.672018 0.379734 
0.272615 0.124908 0.051394 0.027428 0.027169 0.050403 0.125157 0.284765 0.549266 0.760655 0.839327 0.841919 0.774316 0.609633 0.514173 0.506889 0.585702 0.842646 1.324681 1.768079 2.000698 2.080430 2.081163 2.001571 1.763811 1.334188 0.861534 0.513465 
0.381397 0.189488 0.081957 0.036448 0.027266 0.035881 0.081340 0.194354 0.410543 0.671550 0.809501 0.840947 0.816568 0.695457 0.550881 0.509621 0.536444 0.691908 1.060357 1.572727 1.903499 2.050439 2.080889 2.051316 1.902462 1.572982 1.087667 0.674098 
0.515149 0.274895 0.127970 0.054662 0.030709 0.030497 0.054005 0.129403 0.289552 0.550826 0.753838 0.829155 0.831805 0.768104 0.613187 0.525093 0.519680 0.598096 0.849509 1.321252 1.761092 1.991530 2.069470 2.069799 1.991800 1.760300 1.340835 0.865774 
0.676665 0.383356 0.192230 0.085146 0.039718 0.030576 0.039313 0.085218 0.198883 0.414831 0.668294 0.800580 0.830811 0.807917 0.693695 0.558805 0.521710 0.549086 0.702178 1.061827 1.567347 1.895374 2.040202 2.069676 2.040549 1.895237 1.574064 1.094699 
0.870091 0.517237 0.277288 0.130981 0.057896 0.034004 0.033852 0.057619 0.133581 0.294072 0.552020 0.747194 0.819474 0.822226 0.762222 0.616609 0.535621 0.531976 0.609917 0.856183 1.318540 1.754260 1.982207 2.058623 2.058753 1.982416 1.756633 1.346489 
1.101129 0.679551 0.385557 0.194982 0.088290 0.042983 0.033909 0.042765 0.089075 0.203260 0.418711 0.664969 0.792025 0.821194 0.799724 0.692039 0.566447 0.533343 0.561204 0.712010 1.063680 1.562372 1.887175 2.029951 2.058704 2.030127 1.888206 1.574606 
1.351365 0.874392 0.519627 0.279784 0.133963 0.061107 0.037312 0.037230 0.061238 0.137684 0.298327 0.552889 0.740733 0.810256 0.813143 0.756658 0.619920 0.545757 0.543791 0.621239 0.862737 1.316384 1.747527 1.972815 2.047922 2.047988 1.973334 1.752866 
1.574744 1.107037 0.682644 0.387953 0.197753 0.091402 0.046245 0.037261 0.046233 0.092906 0.207481 0.422208 0.661601 0.783824 0.812060 0.791961 0.690499 0.573814 0.544528 0.572834 0.721481 1.065855 1.557687 1.878944 2.019749 2.047963 2.019993 1.881327 
1.749025 1.355617 0.878628 0.522237 0.282371 0.136928 0.064302 0.040630 0.040626 0.064857 0.141706 0.302325 0.553468 0.734461 0.801471 0.804523 0.751401 0.623134 0.555510 0.555142 0.632115 0.869202 1.314661 1.740872 1.963420 2.037383 2.037474 1.964497 
1.874573 1.574563 1.112495 0.685867 0.390502 0.200548 0.094496 0.049508 0.040627 0.049712 0.096704 0.211544 0.425350 0.658212 0.775961 0.803379 0.784602 0.689080 0.580915 0.555280 0.584007 0.730644 1.068291 1.553224 1.870719 2.009635 2.037440 2.010108 
