0.016837 0.070663 0.146156 0.275095 0.956183 1.679058 1.877372 1.989514 1.991513 1.884473 1.186565 0.464131 0.278750 0.147443 0.068830 0.028432 0.010358 0.003563 0.002461 0.004051 0.008045 0.012505 0.015061 0.015060 0.012495 0.008024 0.003891 0.001232 
0.007084 0.038972 0.105701 0.203945 0.546621 1.377967 1.788987 1.947211 1.990763 1.951373 1.609378 0.761282 0.364681 0.206510 0.103359 0.045841 0.017985 0.006249 0.002874 0.003057 0.005748 0.010455 0.014103 0.015060 0.014098 0.010455 0.005773 0.002229 
0.004049 0.019649 0.067982 0.150884 0.344729 0.953751 1.615076 1.882433 1.974431 1.975992 1.818201 1.192155 0.533178 0.278718 0.149231 0.070892 0.029898 0.011072 0.004140 0.002943 0.004089 0.007982 0.012615 0.014701 0.014699 0.012611 0.008102 0.003558 
0.003742 0.009961 0.039723 0.105112 0.233939 0.597343 1.327122 1.770674 1.939737 1.975407 1.916820 1.563710 0.816218 0.390326 0.207581 0.105393 0.047624 0.018999 0.006889 0.003392 0.003372 0.005692 0.010524 0.013919 0.014700 0.013916 0.010659 0.005266 
0.004314 0.006074 0.021899 0.067964 0.161595 0.386318 0.952214 1.583209 1.871880 1.962030 1.953437 1.777081 1.199062 0.572879 0.288884 0.150935 0.072866 0.031247 0.011867 0.004705 0.003380 0.004242 0.007974 0.012548 0.014407 0.014406 0.012597 0.007746 
0.005601 0.004974 0.012228 0.041152 0.108834 0.257570 0.626620 1.302365 1.752360 1.928224 1.958808 1.886229 1.538279 0.849217 0.412625 0.212424 0.107344 0.049276 0.020030 0.007557 0.003877 0.003703 0.005749 0.010495 0.013710 0.014407 0.013728 0.010374 
0.007647 0.005209 0.007694 0.023981 0.070148 0.173071 0.414556 0.954374 1.561628 1.858452 1.947339 1.931591 1.746675 1.204829 0.601373 0.300635 0.154007 0.074708 0.032556 0.012694 0.005279 0.003768 0.004470 0.007976 0.012417 0.014146 0.014152 0.012385 
0.010100 0.006123 0.006141 0.014113 0.043330 0.114515 0.276493 0.647173 1.288375 1.736032 1.914006 1.941433 1.860279 1.520368 0.872962 0.431740 0.218905 0.109714 0.050846 0.021070 0.008248 0.004335 0.004032 0.005873 0.010419 0.013497 0.014150 0.013490 
0.012136 0.007688 0.006130 0.009133 0.026066 0.073676 0.184155 0.435745 0.958152 1.545914 1.843838 1.931148 1.911000 1.722668 1.209329 0.623802 0.312367 0.158019 0.076643 0.033838 0.013545 0.005840 0.004145 0.004722 0.007991 0.012261 0.013905 0.013902 
0.013240 0.009886 0.006714 0.007256 0.015858 0.046036 0.121057 0.292311 0.663097 1.280094 1.721202 1.898407 1.923593 1.837857 1.506625 0.891328 0.448449 0.226072 0.112510 0.052427 0.022118 0.008941 0.004781 0.004362 0.006020 0.010329 0.013288 0.013904 
0.013655 0.011876 0.007904 0.006917 0.010549 0.028250 0.077941 0.194655 0.452762 0.962805 1.533636 1.828807 1.914148 1.891442 1.702928 1.212932 0.642326 0.323658 0.162606 0.078747 0.035131 0.014403 0.006393 0.004519 0.004984 0.008012 0.012102 0.013673 
0.013666 0.012985 0.009791 0.007287 0.008279 0.017641 0.049097 0.127920 0.306034 0.676292 1.275079 1.707450 1.882145 1.905633 1.817911 1.495615 0.906213 0.463290 0.233483 0.115646 0.054078 0.023177 0.009631 0.005222 0.004693 0.006177 0.010239 0.013084 
0.013448 0.013411 0.011616 0.008226 0.007659 0.011914 0.030607 0.082588 0.204566 0.467145 0.967921 1.523474 1.813698 1.896825 1.872737 1.686085 1.215992 0.658112 0.334390 0.167531 0.081028 0.036458 0.015262 0.006941 0.004891 0.005250 0.008038 0.011944 
0.012884 0.013434 0.012733 0.009768 0.007872 0.009255 0.019456 0.052436 0.134827 0.318281 0.687759 1.272017 1.694474 1.865653 1.887792 1.799732 1.486469 0.918756 0.476643 0.240916 0.119038 0.055822 0.024251 0.010318 0.005660 0.005026 0.006340 0.010152 
0.011791 0.013228 0.013171 0.011400 0.008583 0.008390 0.013253 0.033099 0.087456 0.213921 0.479766 0.973265 1.514655 1.798693 1.879490 1.854770 1.671251 1.218718 0.671901 0.344548 0.172644 0.083474 0.037831 0.016125 0.007486 0.005264 0.005519 0.008069 
0.010069 0.012689 0.013207 0.012500 0.009794 0.008463 0.010214 0.021303 0.055963 0.141675 0.329421 0.698059 1.270143 1.682079 1.849191 1.870220 1.782860 1.478611 0.929663 0.488794 0.248255 0.122618 0.057661 0.025345 0.011004 0.006097 0.005359 0.006507 
0.008104 0.011642 0.013012 0.012942 0.011225 0.008962 0.009119 0.014591 0.035687 0.092438 0.222794 0.491129 0.978689 1.506714 1.783896 1.862334 1.837460 1.657847 1.221214 0.684187 0.354161 0.177852 0.086059 0.039256 0.016995 0.008029 0.005636 0.005790 
0.006677 0.009991 0.012498 0.012986 0.012289 0.009879 0.009021 0.011191 0.023186 0.059605 0.148415 0.339714 0.707506 1.268999 1.670148 1.832920 1.853006 1.766996 1.471658 0.939375 0.499960 0.255442 0.126332 0.059590 0.026463 0.011690 0.006533 0.005694 
0.006062 0.008143 0.011497 0.012803 0.012724 0.011104 0.009343 0.009835 0.015960 0.038343 0.097461 0.231253 0.501548 0.984083 1.499370 1.769369 1.845474 1.820752 1.645493 1.223526 0.695305 0.363275 0.183091 0.088759 0.040732 0.017875 0.008572 0.006008 
0.006029 0.006849 0.009917 0.012313 0.012774 0.012107 0.010021 0.009527 0.012193 0.025119 0.063310 0.155023 0.349338 0.716285 1.268293 1.658607 1.816935 1.836203 1.751940 1.465348 0.948173 0.510309 0.262451 0.130137 0.061600 0.027609 0.012381 0.006970 
0.006382 0.006336 0.008186 0.011357 0.012601 0.012524 0.011042 0.009712 0.010527 0.017374 0.041057 0.102476 0.239355 0.511232 0.989369 1.492448 1.755153 1.828977 1.804604 1.633935 1.225670 0.705490 0.371937 0.188322 0.091550 0.042259 0.018768 0.009117 
0.007413 0.006353 0.007030 0.009847 0.012135 0.012572 0.011940 0.010211 0.010018 0.013196 0.027111 0.067049 0.161483 0.358419 0.724518 1.267837 1.647411 1.801293 1.819838 1.737557 1.459502 0.956241 0.519972 0.269274 0.134001 0.063680 0.028784 0.013078 
0.009670 0.006751 0.006607 0.008237 0.011222 0.012408 0.012335 0.011020 0.010090 0.011210 0.018812 0.043827 0.107454 0.247138 0.520323 0.994493 1.485835 1.741269 1.812883 1.788982 1.623001 1.227648 0.714910 0.380195 0.193518 0.094412 0.043833 0.019676 
0.013787 0.007863 0.006661 0.007218 0.009785 0.011963 0.012380 0.011785 0.010439 0.010510 0.014200 0.029143 0.070814 0.167789 0.367043 0.732285 1.267506 1.636530 1.786028 1.803920 1.723752 1.453996 0.963699 0.529048 0.275910 0.137899 0.065820 0.029985 
0.020602 0.010235 0.007112 0.006870 0.008299 0.011094 0.012224 0.012157 0.011037 0.010466 0.011903 0.020265 0.046637 0.112389 0.254631 0.528916 0.999423 1.479459 1.727730 1.797211 1.773857 1.612572 1.229460 0.723684 0.388088 0.198663 0.097329 0.045448 
0.031215 0.014513 0.008313 0.006961 0.007406 0.009734 0.011800 0.012199 0.011660 0.010680 0.011005 0.015218 0.031200 0.074591 0.173949 0.375268 0.739642 1.267220 1.625943 1.771155 1.788453 1.710456 1.448744 0.970632 0.537615 0.282364 0.141814 0.068009 
0.047101 0.021551 0.010807 0.007468 0.007128 0.008368 0.010976 0.012049 0.011997 0.011103 0.010802 0.012625 0.021738 0.049469 0.117274 0.261863 0.537073 1.004137 1.473270 1.714539 1.781967 1.759204 1.602564 1.231102 0.731903 0.395652 0.203746 0.100285 
0.070239 0.032475 0.015254 0.008763 0.007255 0.007593 0.009692 0.011647 0.012030 0.011581 0.010915 0.011486 0.016271 0.033276 0.078362 0.179970 0.383141 0.746623 1.266928 1.615634 1.756681 1.773431 1.697619 1.443686 0.977101 0.545734 0.288644 0.145731 
