0.806832 0.997573 1.028994 0.944030 0.784502 0.721781 1.246039 1.884355 1.977750 1.977750 1.880041 1.762338 1.212258 0.782040 0.944030 1.028994 0.997573 0.808973 0.516002 0.249982 0.083184 0.015183 0.000930 0.000922 0.015129 0.082943 0.249024 0.511428 
0.668088 0.922118 1.017211 0.997132 0.861485 0.745301 0.918378 1.619054 1.942727 1.977750 1.941109 1.823688 1.526362 0.943372 0.852414 0.997132 1.017211 0.922920 0.672165 0.370589 0.154234 0.042465 0.006275 0.000925 0.006250 0.042335 0.153700 0.368185 
0.513194 0.814970 0.981551 1.009682 0.941322 0.788870 0.810205 1.249892 1.816972 1.964616 1.964010 1.892496 1.697513 1.209071 0.886523 0.922264 1.009682 0.981852 0.817101 0.517077 0.249338 0.088902 0.020515 0.002931 0.002922 0.020447 0.088608 0.248053 
0.367411 0.676402 0.915567 0.999133 0.984047 0.856551 0.796871 0.977754 1.569937 1.909250 1.964389 1.937116 1.810438 1.469238 1.007479 0.899926 0.970440 0.999246 0.916592 0.679962 0.369795 0.157614 0.048358 0.009526 0.002925 0.009494 0.048198 0.156919 
0.249444 0.518322 0.815434 0.967796 0.993476 0.925873 0.819251 0.864702 1.254042 1.775115 1.943712 1.954162 1.886203 1.666653 1.209152 0.940258 0.931582 0.988444 0.968250 0.817524 0.521823 0.250839 0.094183 0.024914 0.005401 0.005388 0.024829 0.093807 
0.160793 0.369728 0.681443 0.907450 0.983846 0.968125 0.864112 0.836295 1.016386 1.542171 1.879182 1.950243 1.928677 1.795377 1.444071 1.042178 0.934836 0.960013 0.980871 0.909204 0.684706 0.372040 0.161588 0.053329 0.012720 0.005393 0.012679 0.053126 
0.098557 0.252602 0.523451 0.813148 0.955197 0.977950 0.917630 0.846726 0.903829 1.259664 1.743920 1.923595 1.942156 1.875994 1.646975 1.212629 0.975089 0.944817 0.973049 0.953996 0.816059 0.526617 0.254039 0.099002 0.028864 0.008140 0.008125 0.028757 
0.057511 0.165049 0.373426 0.684400 0.899085 0.969418 0.955330 0.874638 0.868140 1.044405 1.523812 1.853897 1.935196 1.917345 1.781842 1.430867 1.067950 0.956169 0.958933 0.965904 0.899888 0.688168 0.375636 0.165908 0.057756 0.015914 0.008131 0.015862 
0.032447 0.103044 0.256632 0.528125 0.809786 0.943043 0.964135 0.914036 0.870577 0.934239 1.264881 1.719953 1.904709 1.928502 1.864300 1.633288 1.219509 0.998087 0.957206 0.962764 0.941148 0.812241 0.531653 0.258075 0.103543 0.032577 0.011049 0.011030 
0.019061 0.061598 0.169464 0.377641 0.686235 0.890435 0.956225 0.944518 0.886874 0.894450 1.066188 1.510653 1.832451 1.919579 1.904426 1.769645 1.425200 1.086231 0.972536 0.959985 0.954658 0.890106 0.690030 0.379983 0.170363 0.061881 0.019125 0.011037 
0.014046 0.036015 0.107365 0.261014 0.532435 0.805636 0.931554 0.951835 0.914232 0.889715 0.959799 1.269663 1.700886 1.886906 1.913897 1.851989 1.622946 1.227556 1.016741 0.965358 0.957322 0.929785 0.807008 0.536200 0.262531 0.107906 0.036169 0.014070 
0.014055 0.022285 0.065517 0.173902 0.382003 0.687223 0.881800 0.944230 0.936098 0.898909 0.915996 1.084758 1.500754 1.813775 1.903775 1.890681 1.758360 1.422973 1.102219 0.985631 0.961340 0.945991 0.880302 0.690108 0.384842 0.174858 0.065833 0.022360 
0.017170 0.017141 0.039526 0.111566 0.265487 0.536304 0.801030 0.920818 0.941180 0.916487 0.905317 0.981418 1.274724 1.685142 1.870025 1.898865 1.839424 1.614220 1.237075 1.032388 0.972367 0.953665 0.919439 0.800768 0.539949 0.267230 0.112151 0.039701 
0.025622 0.017152 0.025535 0.069339 0.178291 0.387045 0.686784 0.873352 0.933545 0.930230 0.909506 0.933855 1.100920 1.493486 1.797089 1.888050 1.876575 1.747542 1.423083 1.116648 0.997213 0.963016 0.938493 0.870659 0.688127 0.390372 0.179362 0.069686 
0.043205 0.020328 0.020296 0.043010 0.115671 0.270193 0.539688 0.795865 0.910973 0.932302 0.919454 0.918637 0.999548 1.280136 1.671868 1.853940 1.883747 1.826753 1.607488 1.246491 1.046276 0.978905 0.950754 0.909990 0.793730 0.542809 0.272200 0.116323 
0.073484 0.028911 0.020308 0.028813 0.073097 0.182700 0.392233 0.685410 0.865141 0.924303 0.925980 0.918943 0.948978 1.114882 1.488316 1.781937 1.872569 1.862374 1.737405 1.424608 1.129778 1.007688 0.964830 0.931949 0.861297 0.685103 0.395624 0.183916 
0.120467 0.046701 0.023534 0.023497 0.046483 0.119733 0.274975 0.542547 0.790347 0.901908 0.925351 0.922461 0.930206 1.014947 1.285635 1.660500 1.838582 1.868746 1.814236 1.602239 1.255600 1.058829 0.985012 0.948389 0.901344 0.786393 0.544803 0.277111 
0.188430 0.077259 0.032226 0.023511 0.032117 0.076825 0.187105 0.397191 0.683477 0.857142 0.916560 0.923906 0.925366 0.962952 1.127047 1.484643 1.768031 1.857435 1.848305 1.727924 1.427016 1.141845 1.017271 0.966701 0.926170 0.852357 0.681427 0.400339 
0.281792 0.124577 0.050203 0.026779 0.026738 0.049958 0.123769 0.279673 0.544887 0.784590 0.893360 0.920969 0.924636 0.939643 1.029186 1.290934 1.650585 1.823908 1.854011 1.802021 1.598069 1.264356 1.070308 0.990731 0.946435 0.893423 0.779032 0.546005 
0.404422 0.192830 0.081021 0.035568 0.026754 0.035446 0.080540 0.191459 0.401805 0.681105 0.849120 0.910157 0.922802 0.930722 0.975098 1.138534 1.481812 1.755149 1.842722 1.834515 1.719040 1.429975 1.153023 1.026109 0.968583 0.921019 0.843900 0.677348 
0.546515 0.286153 0.128631 0.053715 0.030059 0.030013 0.053443 0.127771 0.284204 0.546746 0.778485 0.885688 0.917071 0.926762 0.948353 1.041933 1.296436 1.641701 1.809882 1.839644 1.790186 1.594692 1.272744 1.080893 0.996101 0.944801 0.886154 0.771803 
0.673026 0.407863 0.197066 0.084766 0.038936 0.030031 0.038799 0.084244 0.195724 0.406062 0.678183 0.841564 0.904091 0.921916 0.936070 0.986144 1.149069 1.479859 1.743094 1.828484 1.821097 1.710693 1.433263 1.163436 1.034310 0.970451 0.916396 0.835941 
0.764791 0.546430 0.290153 0.132607 0.057235 0.033370 0.033319 0.056937 0.131730 0.288536 0.547992 0.772480 0.878415 0.913462 0.928993 0.956617 1.053500 1.301925 1.633707 1.796463 1.825714 1.778772 1.591906 1.280762 1.090715 1.001155 0.943423 0.879468 
0.828470 0.668571 0.410689 0.201108 0.088483 0.042326 0.033338 0.042176 0.087937 0.199881 0.409803 0.675055 0.834308 0.898378 0.921228 0.941294 0.996401 1.158770 1.478525 1.731773 1.814745 1.808111 1.702830 1.436731 1.173177 1.041956 0.972289 0.912224 
0.873308 0.758039 0.545841 0.293779 0.136487 0.060758 0.036709 0.036652 0.060441 0.135636 0.292595 0.548763 0.766580 0.871496 0.910151 0.931261 0.964467 1.064178 1.307288 1.626433 1.783630 1.812257 1.767801 1.589565 1.288413 1.099873 1.005923 0.942256 
0.908442 0.821463 0.664056 0.412947 0.204938 0.092163 0.045734 0.036673 0.045573 0.091613 0.203895 0.413072 0.671784 0.827320 0.893017 0.920706 0.946352 1.006010 1.167808 1.477600 1.721103 1.801522 1.795586 1.695405 1.440276 1.182319 1.049112 0.974090 
0.941266 0.867619 0.751563 0.544826 0.297038 0.140257 0.064278 0.040071 0.040011 0.063950 0.139474 0.296372 0.549133 0.760782 0.864919 0.907117 0.933529 0.971929 1.074141 1.312491 1.619737 1.771365 1.799296 1.757276 1.587210 1.296057 1.108443 1.010429 
0.975847 0.905003 0.814893 0.659530 0.414688 0.208547 0.095796 0.049156 0.040033 0.048988 0.095264 0.207751 0.415908 0.668396 0.820593 0.887991 0.920323 0.951231 1.015059 1.176299 1.476954 1.711013 1.788822 1.783539 1.688249 1.443827 1.191050 1.055829 
