0.001714 0.000619 0.000947 0.003372 0.010708 0.030115 0.073676 0.649746 1.297683 1.475986 1.694283 1.885272 1.986639 1.495180 0.858430 0.674088 0.456199 0.274806 0.146323 0.070225 0.033617 0.021162 0.019557 0.020585 0.019986 0.016349 0.010483 0.005071 
0.003110 0.001030 0.000742 0.001897 0.006426 0.018902 0.048876 0.295147 1.023435 1.386835 1.583549 1.800980 1.948627 1.802342 1.138415 0.766259 0.564775 0.358889 0.204016 0.103337 0.048902 0.026033 0.020159 0.020071 0.020360 0.018547 0.013638 0.007520 
0.005024 0.001846 0.000850 0.001175 0.003740 0.011671 0.031702 0.144975 0.644650 1.225970 1.485192 1.698398 1.893259 1.893770 1.498613 0.931003 0.665517 0.456005 0.274678 0.147896 0.072174 0.035343 0.022373 0.020104 0.020215 0.019680 0.016479 0.010516 
0.007481 0.003162 0.001223 0.000972 0.002178 0.007035 0.020174 0.076683 0.346512 0.965367 1.361333 1.594088 1.820123 1.893578 1.745586 1.198599 0.791263 0.557238 0.358524 0.204905 0.105174 0.050776 0.027520 0.020954 0.020159 0.020015 0.018413 0.013784 
0.010594 0.005024 0.001982 0.001066 0.001424 0.004150 0.012569 0.043007 0.184933 0.640172 1.183751 1.478551 1.726178 1.866032 1.838081 1.504510 0.973267 0.669837 0.452244 0.274978 0.149372 0.074082 0.037062 0.023516 0.020476 0.020087 0.019396 0.016477 
0.013867 0.007493 0.003237 0.001410 0.001200 0.002491 0.007648 0.025036 0.100034 0.373388 0.932017 1.337047 1.615836 1.813587 1.855551 1.709498 1.235121 0.810822 0.555999 0.357154 0.205886 0.106944 0.052638 0.028976 0.021664 0.020281 0.019779 0.018215 
0.016389 0.010668 0.005061 0.002121 0.001279 0.001684 0.004586 0.014813 0.055334 0.211917 0.636243 1.150312 1.486571 1.734185 1.839814 1.800781 1.507091 1.001787 0.676414 0.450629 0.274979 0.150835 0.075960 0.038763 0.024579 0.020863 0.020030 0.019130 
0.017990 0.013887 0.007532 0.003329 0.001595 0.001431 0.002823 0.008784 0.031286 0.119117 0.390612 0.904286 1.329522 1.628126 1.800203 1.825177 1.685768 1.258399 0.826652 0.557255 0.356366 0.206748 0.108688 0.054485 0.030363 0.022360 0.020447 0.019589 
0.018882 0.016251 0.010722 0.005122 0.002266 0.001492 0.001953 0.005232 0.017967 0.067036 0.231907 0.628231 1.132733 1.494640 1.732553 1.815812 1.772899 1.508079 1.022779 0.683390 0.450401 0.275113 0.152236 0.077826 0.040409 0.025600 0.021271 0.020018 
0.019450 0.017753 0.013849 0.007588 0.003433 0.001782 0.001665 0.003240 0.010418 0.037960 0.134996 0.401137 0.884785 1.329186 1.632928 1.784590 1.799719 1.668227 1.274750 0.839784 0.559683 0.356205 0.207616 0.110407 0.056291 0.031695 0.023052 0.020630 
0.020040 0.018666 0.016077 0.010749 0.005198 0.002416 0.001709 0.002256 0.006129 0.021643 0.077791 0.246929 0.620678 1.124568 1.500067 1.725825 1.794046 1.750410 1.504237 1.043095 0.690156 0.451083 0.275488 0.153625 0.079659 0.041999 0.026595 0.021685 
0.020829 0.019353 0.017523 0.013756 0.007655 0.003548 0.001974 0.001914 0.003777 0.012431 0.044638 0.148236 0.408227 0.872404 1.331035 1.632638 1.768463 1.777682 1.652640 1.287012 0.852392 0.562685 0.356569 0.208569 0.112104 0.058047 0.032985 0.023732 
0.022102 0.020091 0.018482 0.015882 0.010748 0.005285 0.002572 0.001937 0.002613 0.007255 0.025590 0.087513 0.258683 0.615486 1.121348 1.502559 1.716376 1.774225 1.730791 1.499899 1.060212 0.697090 0.452363 0.276127 0.155036 0.081451 0.043540 0.027565 
0.024402 0.021046 0.019287 0.017306 0.013632 0.007714 0.003668 0.002175 0.002190 0.004438 0.014711 0.051103 0.159442 0.413880 0.865366 1.332878 1.628964 1.752532 1.757937 1.638778 1.296584 0.863851 0.566165 0.357352 0.209643 0.113784 0.059754 0.034239 
0.028510 0.022524 0.020166 0.018324 0.015681 0.010719 0.005372 0.002735 0.002181 0.003035 0.008571 0.029642 0.096280 0.268399 0.614992 1.118547 1.502485 1.705518 1.755910 1.713253 1.495560 1.074654 0.703899 0.454120 0.277016 0.156485 0.083204 0.045036 
0.035456 0.025064 0.021281 0.019245 0.017102 0.013490 0.007755 0.003793 0.002388 0.002501 0.005218 0.017165 0.057265 0.169154 0.419886 0.862101 1.333129 1.623082 1.737013 1.739914 1.626286 1.304240 0.874154 0.569925 0.358497 0.210844 0.115456 0.061415 
0.046490 0.029434 0.022954 0.020263 0.018187 0.015480 0.010666 0.005454 0.002915 0.002431 0.003534 0.010038 0.033696 0.104236 0.277164 0.617058 1.116648 1.500108 1.693926 1.738826 1.697303 1.491315 1.086970 0.710440 0.456239 0.278138 0.157981 0.084925 
0.063035 0.036640 0.025720 0.021532 0.019225 0.016912 0.013336 0.007776 0.003928 0.002612 0.002844 0.006111 0.019722 0.063106 0.177902 0.426241 0.861407 1.332083 1.615632 1.721989 1.723255 1.614867 1.310461 0.883414 0.573827 0.359945 0.212172 0.117126 
0.086618 0.047903 0.030339 0.023391 0.020378 0.018069 0.015282 0.010590 0.005535 0.003106 0.002699 0.004098 0.011623 0.037693 0.111577 0.285378 0.620471 1.115698 1.496007 1.681947 1.722780 1.682610 1.487166 1.097585 0.716657 0.458622 0.279468 0.159530 
0.118800 0.064617 0.037794 0.026373 0.021797 0.019224 0.016736 0.013174 0.007780 0.004068 0.002852 0.003224 0.007095 0.022340 0.068658 0.185988 0.432763 0.862432 1.330148 1.607115 1.707468 1.707716 1.604297 1.315561 0.891759 0.577780 0.361643 0.213620 
0.161130 0.088288 0.049280 0.031228 0.023834 0.020500 0.017980 0.015089 0.010496 0.005612 0.003308 0.002991 0.004722 0.013296 0.041615 0.118446 0.293195 0.624736 1.115378 1.490708 1.669804 1.707623 1.668934 1.483094 1.106816 0.722539 0.461197 0.280981 
0.215180 0.120480 0.066165 0.038921 0.027024 0.022065 0.019240 0.016581 0.013005 0.007768 0.004211 0.003110 0.003640 0.008154 0.024987 0.073967 0.193581 0.439366 0.864583 1.327573 1.597916 1.693441 1.693115 1.594408 1.318759 0.900310 0.581727 0.363544 
0.282654 0.162782 0.089938 0.050625 0.032105 0.024278 0.020632 0.017910 0.014908 0.010384 0.005683 0.003523 0.003309 0.005399 0.015030 0.045459 0.124944 0.300702 0.629546 1.115437 1.484597 1.657619 1.693319 1.656059 1.478701 1.114902 0.728469 0.463908 
0.365608 0.216839 0.122169 0.067682 0.040028 0.027669 0.022339 0.019271 0.016444 0.012836 0.007738 0.004360 0.003389 0.004093 0.009272 0.027645 0.079069 0.200789 0.445988 0.867452 1.324534 1.588273 1.679931 1.679346 1.584892 1.320107 0.909281 0.585775 
0.466767 0.284461 0.164481 0.091571 0.051944 0.032970 0.024721 0.020775 0.017857 0.014738 0.010258 0.005748 0.003753 0.003653 0.006123 0.016809 0.049226 0.131142 0.307954 0.634687 1.115708 1.477914 1.645559 1.679712 1.643853 1.473791 1.122034 0.734611 
0.589997 0.367823 0.218587 0.123866 0.069176 0.041116 0.028308 0.022619 0.019316 0.016323 0.012668 0.007692 0.004514 0.003690 0.004579 0.010439 0.030301 0.083996 0.207686 0.452580 0.870764 1.321131 1.578423 1.666905 1.666265 1.575597 1.320624 0.917833 
0.740707 0.469793 0.286391 0.166223 0.093192 0.053239 0.033822 0.025165 0.020929 0.017820 0.014578 0.010120 0.005808 0.003999 0.004024 0.006888 0.018620 0.052920 0.137092 0.314983 0.640011 1.116059 1.470879 1.633724 1.666665 1.632184 1.468649 1.128337 
0.925847 0.594311 0.370188 0.220415 0.125573 0.070649 0.042186 0.028941 0.022906 0.019374 0.016215 0.012483 0.007652 0.004678 0.004008 0.005101 0.011645 0.032949 0.088772 0.214323 0.459105 0.874311 1.317465 1.568539 1.654312 1.653735 1.566548 1.320590 
