0.109228 0.097464 0.583772 1.101456 1.155027 1.275816 1.455899 1.694514 1.358632 0.979472 1.002893 0.925719 0.762445 0.565578 0.382659 0.233511 0.125087 0.056092 0.019615 0.005040 0.001026 0.000401 0.001719 0.009220 0.027670 0.057060 0.088852 0.107087 
0.108425 0.103346 0.279829 0.896706 1.128242 1.207019 1.358445 1.597717 1.568558 1.127067 0.991183 0.973953 0.854844 0.666467 0.469897 0.302994 0.174370 0.086525 0.035115 0.011008 0.002610 0.000636 0.000895 0.004697 0.017076 0.040997 0.074350 0.099981 
0.105258 0.105885 0.169527 0.581387 1.031569 1.167630 1.273651 1.497009 1.586782 1.361153 1.044293 0.982568 0.927134 0.769314 0.565498 0.381661 0.233585 0.125893 0.057407 0.021098 0.006006 0.001376 0.000733 0.002353 0.009814 0.027594 0.057460 0.089314 
0.099201 0.105572 0.129829 0.331930 0.840952 1.103355 1.220641 1.387361 1.553118 1.502171 1.182235 1.012644 0.954851 0.861022 0.670658 0.469109 0.302575 0.174838 0.087628 0.036600 0.012244 0.003193 0.000974 0.001341 0.005354 0.017414 0.041016 0.075127 
0.089377 0.102386 0.115465 0.208649 0.578903 0.990293 1.161998 1.297942 1.490959 1.534013 1.357034 1.083465 0.983747 0.912441 0.777907 0.566905 0.380992 0.233641 0.126710 0.058780 0.022509 0.006864 0.001806 0.001112 0.002891 0.010378 0.027773 0.058013 
0.075849 0.095882 0.108917 0.152044 0.359142 0.809417 1.080615 1.229970 1.406062 1.517868 1.467646 1.210592 1.030055 0.948094 0.853077 0.678828 0.469129 0.302264 0.175300 0.088788 0.038066 0.013363 0.003790 0.001372 0.001779 0.005921 0.017837 0.041287 
0.058995 0.086740 0.102399 0.126719 0.235097 0.576267 0.960247 1.155293 1.322710 1.475940 1.499034 1.355408 1.108001 0.989074 0.902218 0.775857 0.573056 0.380709 0.233726 0.127570 0.060175 0.023824 0.007682 0.002279 0.001525 0.003383 0.010907 0.028120 
0.042241 0.074378 0.094570 0.113477 0.170400 0.376583 0.786522 1.061223 1.240774 1.415592 1.490374 1.445174 1.228617 1.044529 0.945646 0.843975 0.682705 0.471212 0.302114 0.175803 0.089992 0.039473 0.014410 0.004399 0.001807 0.002222 0.006437 0.018303 
0.028763 0.058778 0.084634 0.104023 0.137186 0.254834 0.572988 0.935767 1.151591 1.340688 1.462331 1.473424 1.354257 1.125922 0.995088 0.895159 0.770790 0.577936 0.381314 0.233896 0.128486 0.061551 0.025060 0.008477 0.002779 0.001963 0.003854 0.011414 
0.018864 0.042707 0.072515 0.094329 0.118883 0.185450 0.388848 0.767168 1.047019 1.254571 1.415328 1.469264 1.428736 1.241548 1.056642 0.945123 0.836030 0.682924 0.473946 0.302354 0.176382 0.091213 0.040817 0.015408 0.005018 0.002269 0.002672 0.006925 
0.011934 0.029298 0.057864 0.083422 0.106263 0.146915 0.270045 0.568451 0.916131 1.156644 1.348302 1.449038 1.454066 1.353190 1.139921 1.000579 0.890577 0.764978 0.580746 0.382447 0.234267 0.129450 0.062891 0.026235 0.009258 0.003300 0.002420 0.004317 
0.007411 0.019398 0.042557 0.070982 0.094842 0.124363 0.198170 0.397339 0.749528 1.042495 1.263838 1.410634 1.452181 1.416238 1.251364 1.066583 0.945578 0.829727 0.680191 0.477090 0.302937 0.177077 0.092433 0.042104 0.016369 0.005644 0.002750 0.003132 
0.004784 0.012441 0.029581 0.056682 0.082912 0.108895 0.155731 0.282084 0.561709 0.904964 1.162485 1.350392 1.436601 1.438702 1.349917 1.153490 1.005436 0.887652 0.759170 0.581718 0.383977 0.234855 0.130466 0.064194 0.027360 0.010028 0.003835 0.002893 
0.003602 0.007892 0.019825 0.041995 0.069828 0.095904 0.129706 0.208968 0.402738 0.736099 1.042427 1.269151 1.404010 1.437914 1.405408 1.259112 1.075679 0.946544 0.824748 0.676565 0.479306 0.303824 0.177896 0.093650 0.043339 0.017302 0.006275 0.003247 
0.003380 0.005255 0.012903 0.029631 0.055423 0.082866 0.111839 0.163655 0.291539 0.555349 0.899213 1.167272 1.349200 1.425200 1.425724 1.346483 1.165251 1.010194 0.885646 0.753955 0.581348 0.385371 0.235650 0.131531 0.065461 0.028444 0.010789 0.004382 
0.003756 0.004083 0.008358 0.020132 0.041394 0.068938 0.097161 0.134892 0.218088 0.406453 0.726750 1.044009 1.271477 1.396634 1.425528 1.396009 1.265344 1.083909 0.947920 0.820694 0.672766 0.480499 0.304810 0.178834 0.094864 0.044532 0.018210 0.006910 
0.004939 0.003879 0.005727 0.013307 0.029577 0.054381 0.082965 0.114838 0.170807 0.299125 0.550490 0.896603 1.170532 1.346089 1.414693 1.414458 1.343320 1.175292 1.014819 0.884307 0.749317 0.580102 0.386440 0.236571 0.132644 0.066697 0.029494 0.011542 
0.007547 0.004276 0.004572 0.008801 0.020356 0.040912 0.068200 0.098490 0.139810 0.225922 0.409426 0.720726 1.045864 1.271679 1.388966 1.414605 1.387752 1.270473 1.091311 0.949563 0.817372 0.668988 0.480853 0.305763 0.179860 0.096078 0.045689 0.019099 
0.012288 0.005503 0.004387 0.006195 0.013663 0.029509 0.053715 0.082970 0.117772 0.177267 0.305500 0.549102 0.893981 1.172338 1.341779 1.404990 1.404535 1.340416 1.183950 1.019242 0.883467 0.745204 0.578259 0.387160 0.237547 0.133795 0.067908 0.030514 
0.019971 0.008187 0.004805 0.005065 0.009221 0.020538 0.040567 0.067711 0.099678 0.144433 0.232791 0.412880 0.717197 1.046774 1.270337 1.381286 1.404819 1.380433 1.273726 1.099010 0.951355 0.814647 0.665317 0.480543 0.306621 0.180938 0.097290 0.046815 
0.031511 0.013029 0.006073 0.004903 0.006656 0.013985 0.029464 0.053250 0.083092 0.120457 0.183162 0.311369 0.549510 0.892079 1.172632 1.336738 1.395994 1.395675 1.337370 1.191487 1.023814 0.883001 0.741559 0.576004 0.387552 0.238525 0.134967 0.069099 
0.047917 0.020829 0.008828 0.005342 0.005560 0.009623 0.020705 0.040318 0.067414 0.100834 0.148642 0.239078 0.416698 0.715493 1.046912 1.267791 1.373773 1.395874 1.373770 1.275375 1.107017 0.953408 0.812359 0.661796 0.479712 0.307354 0.182035 0.098498 
0.070271 0.032487 0.013764 0.006649 0.005424 0.007111 0.014287 0.029445 0.052931 0.083333 0.122939 0.188531 0.316990 0.550949 0.890942 1.171714 1.331267 1.387586 1.387585 1.334109 1.198098 1.028642 0.882883 0.738266 0.573478 0.387653 0.239472 0.136147 
0.099697 0.048996 0.021674 0.009470 0.005883 0.006056 0.010013 0.020868 0.040147 0.067267 0.101986 0.152487 0.244902 0.420782 0.715094 1.046480 1.264395 1.366467 1.387586 1.367532 1.276420 1.114588 0.955620 0.810575 0.658394 0.478490 0.307955 0.183128 
0.137321 0.071424 0.033446 0.014495 0.007228 0.005948 0.007562 0.014578 0.029455 0.052727 0.083677 0.125263 0.193455 0.322409 0.553134 0.890336 1.169918 1.325550 1.379666 1.380066 1.330858 1.203987 1.033364 0.883097 0.735376 0.570736 0.387509 0.240367 
0.184201 0.100883 0.050056 0.022510 0.010114 0.006428 0.006553 0.010395 0.021034 0.040042 0.067242 0.103140 0.156034 0.250337 0.425050 0.715628 1.045621 1.260423 1.359323 1.379916 1.361613 1.277130 1.121599 0.957912 0.809237 0.655171 0.476935 0.308426 
0.241200 0.138480 0.072560 0.034389 0.015223 0.007810 0.006475 0.008009 0.014865 0.029492 0.052618 0.084104 0.127463 0.198009 0.327642 0.555856 0.890096 1.167510 1.319661 1.372194 1.373052 1.327644 1.208246 1.038899 0.883575 0.732878 0.567859 0.387145 
0.308770 0.185240 0.102051 0.051099 0.023337 0.010757 0.006976 0.007050 0.010772 0.021207 0.039992 0.067316 0.104299 0.159337 0.255440 0.429426 0.716826 1.044461 1.256038 1.352387 1.372730 1.356024 1.277194 1.128063 0.960658 0.808226 0.652158 0.475118 
