0.000058 0.000251 0.001145 0.004383 0.013473 0.034700 0.572825 1.163600 1.286907 1.466059 1.680330 1.879845 1.478033 0.969342 0.869194 0.673951 0.456293 0.275846 0.149289 0.075030 0.038295 0.022446 0.015337 0.010665 0.006518 0.003128 0.001035 0.000185 
0.000105 0.000130 0.000611 0.002471 0.008197 0.022569 0.239150 0.920065 1.225253 1.369502 1.570649 1.805027 1.729165 1.185980 0.919268 0.783459 0.563272 0.359333 0.206030 0.107469 0.054052 0.029278 0.018587 0.012936 0.008497 0.004661 0.001926 0.000519 
0.000261 0.000115 0.000314 0.001369 0.004851 0.014302 0.105584 0.568532 1.092777 1.297378 1.462963 1.712981 1.776579 1.481429 1.036261 0.851363 0.681882 0.454973 0.275839 0.151107 0.077180 0.039905 0.023303 0.015610 0.010641 0.006442 0.003127 0.001098 
0.000593 0.000169 0.000189 0.000734 0.002806 0.008830 0.049714 0.290599 0.862947 1.199954 1.380170 1.600721 1.752730 1.665897 1.245063 0.941885 0.766623 0.569634 0.358606 0.207122 0.109562 0.055958 0.030490 0.019116 0.013029 0.008431 0.004624 0.001964 
0.001160 0.000328 0.000177 0.000396 0.001579 0.005324 0.024915 0.145157 0.564758 1.051050 1.290062 1.493972 1.695726 1.720168 1.482524 1.077485 0.854254 0.670844 0.458432 0.276123 0.152848 0.079243 0.041463 0.024142 0.015887 0.010631 0.006384 0.003133 
0.002004 0.000659 0.000234 0.000259 0.000867 0.003132 0.013139 0.072454 0.317537 0.830478 1.174944 1.392286 1.617013 1.711002 1.631051 1.278203 0.960892 0.762549 0.564500 0.359899 0.208277 0.111567 0.057795 0.031669 0.019639 0.013133 0.008383 0.004599 
0.003145 0.001217 0.000393 0.000243 0.000490 0.001792 0.007167 0.036633 0.171775 0.561585 1.018601 1.283615 1.520069 1.675756 1.681021 1.484297 1.104676 0.861684 0.663525 0.456396 0.277223 0.154555 0.081226 0.042970 0.024964 0.016167 0.010637 0.006342 
0.004585 0.002043 0.000721 0.000299 0.000336 0.001009 0.003971 0.018889 0.090995 0.334846 0.805692 1.154678 1.411938 1.616715 1.679046 1.607249 1.300270 0.977576 0.762604 0.557587 0.359747 0.209722 0.113506 0.059567 0.032816 0.020157 0.013248 0.008352 
0.006316 0.003161 0.001269 0.000457 0.000313 0.000593 0.002204 0.009935 0.047793 0.191452 0.557128 0.991651 1.289868 1.532132 1.655672 1.652122 1.483157 1.127422 0.868846 0.659198 0.452690 0.278008 0.156329 0.083138 0.044430 0.025767 0.016450 0.010659 
0.008339 0.004581 0.002080 0.000780 0.000367 0.000418 0.001232 0.005305 0.025098 0.106398 0.346538 0.782822 1.147754 1.425841 1.609345 1.654341 1.588317 1.316491 0.992018 0.763630 0.551966 0.358724 0.211108 0.115423 0.061278 0.033930 0.020668 0.013374 
0.010697 0.006302 0.003180 0.001319 0.000522 0.000386 0.000730 0.002861 0.013236 0.058060 0.206613 0.549081 0.976143 1.298620 1.534906 1.637468 1.629582 1.478129 1.148825 0.875733 0.655495 0.449641 0.278424 0.158073 0.085001 0.045844 0.026553 0.016739 
0.013512 0.008340 0.004584 0.002117 0.000838 0.000437 0.000515 0.001572 0.007018 0.031342 0.119370 0.353607 0.765111 1.148156 1.433479 1.599007 1.634510 1.571801 1.328682 1.005672 0.763816 0.548239 0.357675 0.212339 0.117298 0.062939 0.035014 0.021174 
0.017032 0.010749 0.006301 0.003202 0.001367 0.000587 0.000466 0.000921 0.003746 0.016820 0.067393 0.218212 0.540758 0.968848 1.305792 1.532496 1.621197 1.610995 1.472793 1.167019 0.881459 0.652901 0.447303 0.278720 0.159733 0.086814 0.047216 0.027322 
0.021676 0.013661 0.008356 0.004593 0.002153 0.000895 0.000512 0.000637 0.002037 0.009002 0.037419 0.130272 0.358019 0.753004 1.151100 1.436394 1.587934 1.617371 1.557894 1.338326 1.017114 0.764310 0.545475 0.356812 0.213468 0.119108 0.064552 0.036069 
0.028075 0.017330 0.010816 0.006309 0.003225 0.001415 0.000656 0.000559 0.001178 0.004824 0.020529 0.075791 0.227284 0.534607 0.965763 1.310466 1.527427 1.606332 1.595067 1.468121 1.181874 0.886466 0.651121 0.445479 0.279017 0.161313 0.088571 0.048549 
0.037096 0.022173 0.013822 0.008385 0.004608 0.002188 0.000952 0.000595 0.000791 0.002623 0.011170 0.043216 0.139509 0.361467 0.745512 1.154083 1.436204 1.576743 1.602108 1.546054 1.344910 1.027807 0.765081 0.543402 0.356153 0.214545 0.120852 0.066116 
0.049844 0.028813 0.017633 0.010896 0.006327 0.003250 0.001461 0.000729 0.000668 0.001502 0.006057 0.024255 0.083331 0.234779 0.533228 0.962538 1.312841 1.520870 1.592596 1.581088 1.463618 1.194057 0.891313 0.649938 0.444073 0.279359 0.162829 0.090270 
0.067632 0.038097 0.022668 0.013994 0.008425 0.004628 0.002223 0.001011 0.000691 0.000981 0.003314 0.013450 0.048684 0.147509 0.365629 0.741402 1.155474 1.433893 1.565699 1.588280 1.535598 1.347849 1.039161 0.766187 0.541861 0.355693 0.215597 0.122533 
0.091912 0.051102 0.029538 0.017943 0.010988 0.006352 0.003276 0.001505 0.000811 0.000800 0.001892 0.007407 0.027930 0.090147 0.241657 0.533809 0.960607 1.313010 1.513449 1.579812 1.568524 1.458607 1.204158 0.896593 0.649254 0.443018 0.279766 0.164294 
0.124157 0.069101 0.039074 0.023160 0.014175 0.008475 0.004651 0.002256 0.001073 0.000804 0.001210 0.004097 0.015792 0.053827 0.154741 0.370153 0.739676 1.155804 1.429989 1.554926 1.575579 1.525894 1.349449 1.049487 0.767786 0.540763 0.355420 0.216644 
0.165722 0.093500 0.052323 0.030251 0.018257 0.011091 0.006385 0.003302 0.001550 0.000905 0.000956 0.002343 0.008844 0.031517 0.096424 0.248134 0.535650 0.959657 1.311553 1.505493 1.567834 1.556947 1.453517 1.212625 0.901801 0.649064 0.442270 0.280246 
0.217696 0.125730 0.070524 0.040027 0.023651 0.014366 0.008535 0.004677 0.002288 0.001147 0.000924 0.001483 0.004954 0.018159 0.058691 0.161428 0.374917 0.739607 1.155349 1.424973 1.544456 1.563752 1.516800 1.350254 1.058694 0.769690 0.540071 0.355321 
0.280801 0.167118 0.095038 0.053511 0.030953 0.018577 0.011204 0.006422 0.003327 0.001603 0.001008 0.001134 0.002854 0.010340 0.035009 0.102284 0.254329 0.538361 0.959361 1.308928 1.497238 1.556516 1.546145 1.448476 1.219781 0.906769 0.649272 0.441805 
0.355388 0.218759 0.127259 0.071903 0.040959 0.024139 0.014566 0.008602 0.004703 0.002324 0.001231 0.001055 0.001795 0.005876 0.020527 0.063321 0.167710 0.379847 0.740670 1.154302 1.419212 1.534287 1.552627 1.508223 1.350507 1.066875 0.771767 0.539731 
0.441595 0.281433 0.168491 0.096530 0.054665 0.031643 0.018902 0.011326 0.006463 0.003352 0.001663 0.001121 0.001332 0.003418 0.011880 0.038406 0.107816 0.260310 0.541672 0.959475 1.305487 1.488841 1.545749 1.535975 1.443529 1.224430 0.912871 0.649787 
0.539688 0.355611 0.219839 0.128748 0.073242 0.041869 0.024627 0.014775 0.008675 0.004730 0.002364 0.001324 0.001200 0.002141 0.006852 0.022885 0.067750 0.173678 0.384883 0.742492 1.152813 1.412970 1.524409 1.542084 1.500086 1.349811 1.074149 0.774468 
0.650740 0.441611 0.282140 0.169846 0.097979 0.055789 0.032324 0.019232 0.011456 0.006505 0.003381 0.001729 0.001247 0.001553 0.004025 0.013453 0.041714 0.113081 0.266121 0.545387 0.959834 1.301481 1.480410 1.535456 1.526335 1.438483 1.227654 0.919198 
0.777553 0.539968 0.355979 0.220940 0.130202 0.074544 0.042760 0.025114 0.014991 0.008752 0.004759 0.002409 0.001428 0.001361 0.002518 0.007870 0.025230 0.072009 0.179392 0.389975 0.744813 1.150997 1.406431 1.514813 1.532035 1.492250 1.348441 1.080630 
