0.002501 0.010571 0.028432 0.068830 0.147443 0.278750 0.464131 1.186565 1.884473 1.991513 1.989514 1.877372 1.679058 0.956183 0.275095 0.146156 0.068553 0.028557 0.011648 0.007737 0.008739 0.012702 0.015111 0.015074 0.012495 0.008024 0.003891 0.001232 
0.001708 0.005686 0.018278 0.045814 0.103359 0.206510 0.364681 0.761282 1.609378 1.951373 1.990763 1.947211 1.788987 1.377967 0.546621 0.204209 0.102654 0.045669 0.018478 0.009203 0.008113 0.010544 0.014207 0.015097 0.014102 0.010454 0.005773 0.002229 
0.001903 0.003199 0.010905 0.030178 0.070836 0.149234 0.278718 0.533178 1.192155 1.818201 1.975992 1.974431 1.882433 1.615076 0.953718 0.345308 0.147860 0.070438 0.029834 0.012818 0.008522 0.009025 0.012569 0.014763 0.014724 0.012610 0.008101 0.003623 
0.002548 0.002389 0.006251 0.019096 0.047834 0.105317 0.207590 0.390326 0.816218 1.563710 1.916820 1.975407 1.939737 1.770674 1.327029 0.598142 0.231581 0.104546 0.047187 0.019736 0.010133 0.008710 0.010585 0.013940 0.014748 0.013926 0.010651 0.005517 
0.003681 0.002449 0.003837 0.011551 0.031478 0.072982 0.150855 0.288900 0.572877 1.199062 1.777081 1.953437 1.962030 1.871880 1.583175 0.952950 0.384921 0.159354 0.072128 0.031230 0.013912 0.009244 0.009413 0.012396 0.014445 0.014440 0.012595 0.008046 
0.005472 0.002911 0.002970 0.006903 0.019987 0.049533 0.107373 0.212356 0.412647 0.849215 1.538279 1.886229 1.958808 1.928224 1.752346 1.302978 0.626127 0.254845 0.109950 0.048732 0.020990 0.010994 0.009307 0.010670 0.013677 0.014443 0.013747 0.010635 
0.007985 0.003871 0.002933 0.004452 0.012302 0.032702 0.074916 0.153971 0.300588 0.601396 1.204824 1.746675 1.931591 1.947339 1.858447 1.561849 0.954792 0.412188 0.171938 0.075157 0.032642 0.014953 0.009940 0.009818 0.012248 0.014156 0.014182 0.012493 
0.010542 0.005531 0.003285 0.003503 0.007586 0.020933 0.051083 0.109838 0.218835 0.431718 0.872980 1.520367 1.860279 1.941433 1.914004 1.736111 1.289071 0.645695 0.274129 0.116764 0.050796 0.022213 0.011835 0.009864 0.010795 0.013437 0.014172 0.013549 
0.012343 0.007942 0.004127 0.003367 0.005061 0.013101 0.033908 0.076885 0.158056 0.312291 0.623802 1.209342 1.722668 1.911000 1.931147 1.843866 1.546234 0.957949 0.433137 0.184022 0.079107 0.034229 0.015973 0.010603 0.010213 0.012140 0.013897 0.013939 
0.013340 0.010420 0.005653 0.003652 0.004002 0.008288 0.021909 0.052625 0.112696 0.226041 0.448387 0.891345 1.506629 1.837857 1.923592 1.898417 1.721344 1.280489 0.661081 0.290555 0.124060 0.053340 0.023491 0.012666 0.010359 0.010957 0.013233 0.013923 
0.013704 0.012172 0.007921 0.004402 0.003783 0.005653 0.013931 0.035130 0.078991 0.162709 0.323588 0.642289 1.212953 1.702930 1.891442 1.914152 1.828867 1.533889 0.961994 0.450314 0.195335 0.083591 0.036037 0.017013 0.011224 0.010583 0.012083 0.013664 
0.013689 0.013130 0.010295 0.005799 0.004015 0.004484 0.008991 0.022916 0.054228 0.115868 0.233504 0.463211 0.906212 1.495625 1.817911 1.905635 1.882170 1.707590 1.275029 0.674066 0.304920 0.131440 0.056248 0.024871 0.013475 0.010824 0.011146 0.013056 
0.013452 0.013480 0.011997 0.007916 0.004684 0.004191 0.006233 0.014776 0.036398 0.081257 0.167687 0.334348 0.658050 1.216007 1.686088 1.872739 1.896836 1.813769 1.523557 0.966621 0.465035 0.205894 0.088367 0.038062 0.018080 0.011818 0.010944 0.012062 
0.012893 0.013469 0.012924 0.010175 0.005958 0.004376 0.004957 0.009692 0.023952 0.055923 0.119275 0.240988 0.476569 0.918731 1.486476 1.799733 1.887799 1.865686 1.694557 1.271511 0.685522 0.317763 0.138728 0.059424 0.026356 0.014275 0.011272 0.011364 
0.012068 0.013253 0.013265 0.011825 0.007921 0.004969 0.004594 0.006805 0.015631 0.037724 0.083676 0.172837 0.344545 0.671828 1.218717 1.671253 1.854774 1.879507 1.798748 1.514523 0.971606 0.478052 0.215779 0.093297 0.040267 0.019181 0.012398 0.011306 
0.011592 0.012754 0.013260 0.012725 0.010062 0.006123 0.004735 0.005423 0.010391 0.025019 0.057718 0.122856 0.248373 0.488740 0.929616 1.478612 1.782862 1.870232 1.849222 1.682069 1.269231 0.695919 0.329441 0.145856 0.062789 0.027936 0.015078 0.011716 
0.011638 0.012110 0.013071 0.013059 0.011659 0.007933 0.005255 0.004993 0.007372 0.016498 0.039110 0.086232 0.178067 0.354200 0.684114 1.221192 1.657847 1.837468 1.862353 1.783914 1.506361 0.976780 0.489819 0.225084 0.098295 0.042613 0.020320 0.012992 
0.012146 0.011815 0.012649 0.013066 0.012533 0.009956 0.006292 0.005091 0.005885 0.011092 0.026118 0.059607 0.126560 0.255596 0.499934 0.939310 1.471649 1.767000 1.853022 1.832939 1.670026 1.267746 0.705521 0.340208 0.152801 0.066280 0.029596 0.015910 
0.013599 0.011939 0.012180 0.012910 0.012866 0.011500 0.007952 0.005542 0.005389 0.007937 0.017377 0.040555 0.088900 0.183318 0.363352 0.695243 1.223483 1.645491 1.820763 1.845490 1.769336 1.498807 0.982013 0.500626 0.233894 0.103311 0.045064 0.021512 
0.016774 0.012562 0.012030 0.012575 0.012894 0.012348 0.009856 0.006464 0.005446 0.006344 0.011796 0.027249 0.061581 0.130350 0.262633 0.510316 0.948098 1.465328 1.751945 1.836218 1.816933 1.658368 1.266767 0.714488 0.350241 0.159561 0.069850 0.031333 
0.022760 0.014208 0.012229 0.012263 0.012774 0.012689 0.011346 0.007976 0.005828 0.005783 0.008501 0.018272 0.042055 0.091661 0.188552 0.372049 0.705444 1.225609 1.633930 1.804616 1.828986 1.755060 1.491697 0.987208 0.510669 0.242280 0.108306 0.047597 
0.033143 0.017662 0.012971 0.012242 0.012523 0.012742 0.012175 0.009762 0.006639 0.005800 0.006802 0.012505 0.028412 0.063630 0.134196 0.269475 0.520010 0.956161 1.459474 1.737562 1.819847 1.801264 1.647059 1.266100 0.722920 0.359672 0.166135 0.073468 
0.050200 0.024054 0.014821 0.012515 0.012355 0.012660 0.012529 0.011199 0.008004 0.006115 0.006176 0.009066 0.019183 0.043607 0.094495 0.193746 0.380335 0.714883 1.227575 1.622993 1.788990 1.812878 1.741114 1.484923 0.992296 0.520082 0.250295 0.113259 
0.077115 0.035013 0.018572 0.013400 0.012415 0.012507 0.012611 0.012014 0.009671 0.006823 0.006138 0.007267 0.013221 0.029607 0.065743 0.138075 0.276124 0.529114 0.963620 1.453962 1.723755 1.803920 1.785967 1.636072 1.265612 0.730886 0.368595 0.172530 
0.118158 0.052856 0.025384 0.015463 0.012784 0.012449 0.012571 0.012387 0.011061 0.008040 0.006395 0.006561 0.009641 0.020110 0.045206 0.097385 0.198885 0.388251 0.723678 1.229380 1.612562 1.773858 1.797188 1.727512 1.478413 0.997228 0.528962 0.257981 
0.178755 0.080779 0.036926 0.019518 0.013831 0.012575 0.012510 0.012502 0.011867 0.009590 0.007012 0.006457 0.007737 0.013952 0.030830 0.067910 0.141970 0.282585 0.537707 0.970560 1.448707 1.710456 1.788439 1.771059 1.625390 1.265216 0.738434 0.377077 
0.265372 0.123001 0.055547 0.026757 0.016120 0.013054 0.012535 0.012506 0.012263 0.010934 0.008086 0.006665 0.006937 0.010228 0.021058 0.046845 0.100318 0.203958 0.395832 0.731917 1.231021 1.602552 1.759196 1.781922 1.714261 1.472116 1.001973 0.537376 
0.385170 0.184822 0.084441 0.038883 0.020492 0.014269 0.012734 0.012521 0.012411 0.011734 0.009521 0.007198 0.006767 0.008205 0.014700 0.032082 0.070120 0.145867 0.288866 0.545849 0.977038 1.443648 1.697614 1.773399 1.756549 1.614999 1.264851 0.745600 
