0.002150 0.010763 0.029252 0.071084 0.151231 0.282722 0.465888 1.183934 1.877088 1.981637 1.979733 1.870025 1.675167 0.955064 0.274833 0.146233 0.069393 0.030968 0.015613 0.011356 0.010589 0.009919 0.008026 0.005138 0.002492 0.000830 0.000151 0.000009 
0.000812 0.005647 0.018773 0.047250 0.106368 0.210559 0.367846 0.761162 1.604087 1.942431 1.980923 1.938354 1.783240 1.375787 0.545994 0.204063 0.103011 0.047297 0.021903 0.013048 0.010961 0.010254 0.009125 0.006676 0.003692 0.001538 0.000423 0.000062 
0.000344 0.002719 0.011174 0.031092 0.072979 0.152829 0.282565 0.535000 1.189496 1.810741 1.966489 1.964960 1.874865 1.611056 0.952701 0.344919 0.147870 0.071364 0.032533 0.016630 0.011832 0.010607 0.009742 0.008065 0.005147 0.002485 0.000887 0.000198 
0.000252 0.001252 0.006186 0.019700 0.049290 0.108159 0.211461 0.393445 0.816147 1.558306 1.908083 1.965915 1.930983 1.764675 1.324875 0.597468 0.231326 0.104907 0.049082 0.023193 0.013784 0.011175 0.010175 0.009005 0.006729 0.003683 0.001572 0.000456 
0.000329 0.000627 0.003228 0.011871 0.032485 0.075064 0.154256 0.292618 0.574706 1.196342 1.769688 1.944228 1.952816 1.864251 1.578961 0.951964 0.384432 0.159293 0.073253 0.034077 0.017639 0.012278 0.010675 0.009611 0.008006 0.005186 0.002503 0.000900 
0.000543 0.000441 0.001640 0.006794 0.020682 0.051029 0.110084 0.216041 0.415697 0.849117 1.532865 1.877702 1.949595 1.919604 1.746197 1.300743 0.625399 0.254475 0.110415 0.050823 0.024473 0.014489 0.011409 0.010143 0.008876 0.006730 0.003710 0.001573 
0.000942 0.000479 0.000890 0.003722 0.012646 0.033798 0.076968 0.157199 0.304156 0.603186 1.202064 1.739402 1.922635 1.938349 1.850827 1.557476 0.953755 0.411579 0.171886 0.076464 0.035602 0.018618 0.012722 0.010776 0.009510 0.007913 0.005219 0.002503 
0.001585 0.000653 0.000633 0.002004 0.007423 0.021693 0.052631 0.112451 0.222337 0.434662 0.872837 1.514996 1.851959 1.932456 1.905528 1.729880 1.286718 0.644856 0.273699 0.117355 0.053048 0.025724 0.015176 0.011664 0.010143 0.008753 0.006703 0.003719 
0.002502 0.001005 0.000641 0.001147 0.004207 0.013452 0.035079 0.078931 0.161136 0.315695 0.625518 1.206568 1.715535 1.902270 1.922358 1.836294 1.541739 0.956787 0.432426 0.184022 0.080579 0.037289 0.019571 0.013171 0.010887 0.009448 0.007810 0.005222 
0.003725 0.001612 0.000777 0.000831 0.002358 0.008056 0.022717 0.054227 0.115239 0.229371 0.451198 0.891150 1.501331 1.829733 1.914825 1.890084 1.715078 1.277988 0.660112 0.290104 0.124781 0.055738 0.027015 0.015857 0.011924 0.010167 0.008654 0.006635 
0.005192 0.002509 0.001090 0.000797 0.001410 0.004686 0.014267 0.036366 0.081045 0.165665 0.326823 0.643909 1.210184 1.695946 1.882916 1.905547 1.821364 1.529293 0.960665 0.449522 0.195408 0.085219 0.039181 0.020533 0.013618 0.011015 0.009411 0.007708 
0.006551 0.003713 0.001659 0.000907 0.001027 0.002715 0.008688 0.023751 0.055883 0.118362 0.236677 0.465875 0.905962 1.490414 1.809973 1.897060 1.873979 1.701315 1.272363 0.672965 0.304474 0.132295 0.058776 0.028390 0.016536 0.012192 0.010213 0.008571 
0.007609 0.005137 0.002523 0.001189 0.000952 0.001675 0.005166 0.015083 0.037684 0.083329 0.170540 0.337415 0.659557 1.213254 1.679252 1.864403 1.888405 1.806344 1.518875 0.965106 0.464181 0.206052 0.090144 0.041267 0.021525 0.014068 0.011160 0.009392 
0.008502 0.006459 0.003687 0.001719 0.001041 0.001223 0.003075 0.009321 0.024798 0.057626 0.121739 0.244020 0.479078 0.918423 1.481359 1.791971 1.879404 1.857632 1.688286 1.268673 0.684294 0.317339 0.139719 0.062063 0.029860 0.017228 0.012472 0.010276 
0.009389 0.007514 0.005064 0.002542 0.001295 0.001109 0.001940 0.005649 0.015906 0.039043 0.085772 0.175608 0.347452 0.673215 1.215983 1.664562 1.846617 1.871239 1.791406 1.509763 0.969901 0.477149 0.216033 0.095210 0.043515 0.022559 0.014530 0.011321 
0.010348 0.008452 0.006361 0.003652 0.001786 0.001179 0.001421 0.003435 0.009959 0.025865 0.059458 0.125301 0.251279 0.491093 0.929247 1.473588 1.775268 1.862006 1.841302 1.675810 1.266220 0.694571 0.329055 0.146980 0.065520 0.031422 0.017942 0.012766 
0.011492 0.009400 0.007431 0.004979 0.002562 0.001407 0.001270 0.002206 0.006133 0.016739 0.040451 0.088349 0.180774 0.356957 0.685377 1.218477 1.651296 1.829479 1.854242 1.776655 1.501528 0.974886 0.488883 0.225441 0.100330 0.045893 0.023644 0.015009 
0.013072 0.010431 0.008415 0.006261 0.003612 0.001857 0.001321 0.001621 0.003796 0.010601 0.026957 0.061376 0.128995 0.258395 0.502137 0.938877 1.466716 1.759565 1.844956 1.825147 1.663784 1.264567 0.704064 0.339870 0.154051 0.069088 0.033067 0.018687 
0.015508 0.011673 0.009423 0.007355 0.004887 0.002582 0.001522 0.001433 0.002474 0.006620 0.017585 0.041908 0.091036 0.185973 0.365974 0.696383 1.220783 1.639073 1.812934 1.837527 1.762159 1.493907 0.979937 0.499670 0.234354 0.105452 0.048372 0.024781 
0.019465 0.013393 0.010525 0.008389 0.006151 0.003579 0.001931 0.001467 0.001824 0.004159 0.011250 0.028077 0.063372 0.132778 0.265340 0.512377 0.947598 1.460482 1.744662 1.828305 1.809264 1.652144 1.263424 0.712935 0.349960 0.160925 0.072726 0.034787 
0.025970 0.016028 0.011867 0.009457 0.007283 0.004791 0.002607 0.001641 0.001601 0.002744 0.007110 0.018446 0.043416 0.093811 0.191165 0.374549 0.706464 1.222920 1.627639 1.796939 1.821165 1.747964 1.486734 0.984961 0.509705 0.242838 0.110543 0.050929 
0.036572 0.020276 0.013729 0.010633 0.008370 0.006038 0.003546 0.002008 0.001616 0.002029 0.004524 0.011907 0.029227 0.065435 0.136618 0.272103 0.521940 0.955591 1.454707 1.730423 1.812080 1.793714 1.640853 1.262601 0.721285 0.359450 0.167606 0.076405 
0.053546 0.027206 0.016571 0.012077 0.009501 0.007213 0.004693 0.002634 0.001763 0.001771 0.003017 0.007604 0.019325 0.044970 0.096655 0.196323 0.382728 0.715789 1.224891 1.616823 1.781459 1.805193 1.734096 1.479900 0.989891 0.519119 0.250947 0.115584 
0.080103 0.038413 0.021121 0.014084 0.010753 0.008357 0.005924 0.003515 0.002089 0.001766 0.002239 0.004893 0.012573 0.030407 0.067558 0.140491 0.278683 0.530926 0.962981 1.449269 1.716753 1.796293 1.778531 1.629885 1.261968 0.729180 0.368432 0.174100 
0.120563 0.056208 0.028485 0.017139 0.012302 0.009555 0.007142 0.004597 0.002664 0.001887 0.001943 0.003293 0.008105 0.020221 0.046568 0.099551 0.201430 0.390548 0.724477 1.226696 1.606504 1.766465 1.789632 1.720569 1.473335 0.994677 0.528004 0.258724 
0.180418 0.083807 0.040299 0.021999 0.014459 0.010887 0.008349 0.005809 0.003486 0.002179 0.001908 0.002456 0.005266 0.013250 0.031615 0.069730 0.144379 0.285084 0.539412 0.969852 1.444081 1.703584 1.780945 1.763733 1.619223 1.261436 0.736666 0.376974 
0.266203 0.125474 0.058902 0.029804 0.017733 0.012544 0.009618 0.007052 0.004521 0.002703 0.002010 0.002114 0.003579 0.008611 0.021135 0.048204 0.102487 0.206474 0.398045 0.732618 1.228334 1.596600 1.751934 1.774490 1.707391 1.466989 0.999289 0.536428 
0.385128 0.186569 0.087504 0.042225 0.022908 0.014855 0.011036 0.008331 0.005697 0.003471 0.002269 0.002049 0.002676 0.005649 0.013937 0.032851 0.071944 0.148268 0.291312 0.547456 0.976264 1.439084 1.690865 1.766032 1.749328 1.608853 1.260947 0.743779 
