0.007578 0.006195 0.010638 0.028351 0.068611 0.146567 0.277163 0.463104 0.688255 0.891439 1.003603 1.003603 0.891439 0.688255 0.463104 0.277163 0.146567 0.068611 0.028351 0.010638 0.006195 0.007745 0.014392 0.022267 0.026782 0.026774 0.022213 0.014053 
0.010179 0.006714 0.007861 0.017836 0.045662 0.102877 0.205285 0.363215 0.573524 0.801224 0.961541 1.003603 0.961541 0.801224 0.573524 0.363215 0.205285 0.102877 0.045662 0.017836 0.007861 0.006776 0.010431 0.018596 0.025089 0.026779 0.025063 0.018372 
0.013872 0.008013 0.007144 0.011745 0.029517 0.070596 0.148432 0.277310 0.461822 0.693623 0.896165 0.987830 0.987830 0.896165 0.693623 0.461822 0.277310 0.148432 0.070596 0.029517 0.011737 0.007183 0.008147 0.014159 0.022443 0.026145 0.026135 0.022339 
0.018363 0.010319 0.007470 0.008870 0.018985 0.047143 0.104919 0.206490 0.362612 0.575469 0.808753 0.953455 0.987830 0.953455 0.808753 0.575469 0.362612 0.206490 0.104919 0.047144 0.018974 0.008891 0.007545 0.010522 0.018589 0.024757 0.026142 0.024711 
0.022152 0.013904 0.008538 0.007995 0.012838 0.030809 0.072329 0.150230 0.277732 0.461948 0.700631 0.894895 0.974939 0.974939 0.894895 0.700631 0.461948 0.277732 0.150230 0.072331 0.030798 0.012841 0.008050 0.008661 0.014157 0.022271 0.025622 0.025605 
0.024308 0.018267 0.010618 0.008199 0.009811 0.020182 0.048625 0.106732 0.207781 0.362751 0.580034 0.812041 0.944923 0.974939 0.944923 0.812041 0.580034 0.362751 0.207781 0.106735 0.048618 0.020174 0.009846 0.008279 0.010799 0.018482 0.024365 0.025616 
0.025125 0.021879 0.013990 0.009106 0.008803 0.013902 0.032145 0.073971 0.151889 0.278526 0.463603 0.706587 0.891340 0.963683 0.963683 0.891340 0.706587 0.463603 0.278526 0.151892 0.073967 0.032131 0.013915 0.008867 0.009224 0.014220 0.022003 0.025147 
0.025139 0.023905 0.018139 0.010975 0.008917 0.010715 0.021380 0.050110 0.108418 0.209118 0.363760 0.585136 0.813015 0.936554 0.963683 0.936554 0.813015 0.585136 0.363759 0.209120 0.108419 0.050097 0.021377 0.010760 0.009001 0.011142 0.018343 0.023968 
0.024700 0.024676 0.021589 0.014094 0.009689 0.009591 0.014939 0.033487 0.075567 0.153469 0.279696 0.466106 0.711305 0.886836 0.953510 0.953510 0.886836 0.711305 0.466105 0.279697 0.153472 0.075557 0.033474 0.014961 0.009660 0.009804 0.014307 0.021712 
0.023579 0.024691 0.023515 0.018006 0.011353 0.009628 0.011597 0.022563 0.051585 0.110040 0.210542 0.365378 0.590065 0.812677 0.928507 0.953510 0.928507 0.812678 0.590065 0.365378 0.210546 0.110036 0.051569 0.022566 0.011648 0.009714 0.011510 0.018199 
0.021423 0.024274 0.024250 0.021302 0.014206 0.010275 0.010366 0.015955 0.034817 0.077134 0.155035 0.281168 0.469250 0.714719 0.881946 0.944134 0.944134 0.881946 0.714719 0.469249 0.281172 0.155035 0.077120 0.034807 0.015984 0.010439 0.010388 0.014407 
0.018061 0.023205 0.024265 0.023142 0.017877 0.011749 0.010309 0.012473 0.023727 0.053044 0.111636 0.212073 0.367465 0.594591 0.811462 0.920813 0.944134 0.920813 0.811462 0.594590 0.367468 0.212076 0.111627 0.053027 0.023736 0.012525 0.010407 0.011895 
0.014521 0.021143 0.023867 0.023844 0.021027 0.014335 0.010849 0.011121 0.016964 0.036128 0.078680 0.156624 0.282900 0.473344 0.716467 0.876891 0.935389 0.935389 0.876891 0.716466 0.473344 0.282904 0.156620 0.078664 0.036121 0.016994 0.011201 0.010965 
0.012298 0.017936 0.022846 0.023859 0.022785 0.017765 0.012156 0.010951 0.013346 0.024881 0.054480 0.113228 0.213720 0.370100 0.598658 0.809420 0.913452 0.935389 0.913452 0.809420 0.598657 0.370104 0.213721 0.113215 0.054466 0.024891 0.013403 0.011053 
0.011520 0.014659 0.020878 0.023479 0.023456 0.020768 0.014484 0.011403 0.011849 0.017971 0.037423 0.080211 0.158256 0.284924 0.477581 0.717380 0.871698 0.927162 0.927162 0.871698 0.717380 0.477583 0.284928 0.158249 0.080194 0.037417 0.018005 0.011935 
0.011676 0.012697 0.017836 0.022504 0.023470 0.022445 0.017675 0.012558 0.011570 0.014200 0.026031 0.055900 0.114826 0.215513 0.373004 0.602273 0.806896 0.906363 0.927162 0.906363 0.806896 0.602274 0.373009 0.215510 0.114811 0.055885 0.026043 0.014263 
0.012646 0.012059 0.014811 0.020632 0.023108 0.023086 0.020528 0.014644 0.011941 0.012557 0.018966 0.038710 0.081731 0.159950 0.287158 0.481747 0.717729 0.866463 0.919363 0.919363 0.866463 0.717729 0.481751 0.287160 0.159939 0.081713 0.038706 0.019004 
0.015103 0.012279 0.013091 0.017756 0.022179 0.023099 0.022124 0.017604 0.012954 0.012172 0.015037 0.027171 0.057311 0.116440 0.217430 0.376030 0.605470 0.804075 0.899525 0.919363 0.899525 0.804075 0.605472 0.376034 0.217425 0.116423 0.057297 0.027187 
0.019988 0.013338 0.012583 0.014972 0.020406 0.022754 0.022734 0.020307 0.014812 0.012465 0.013246 0.019945 0.039990 0.083252 0.161703 0.289529 0.485749 0.717667 0.861252 0.911924 0.911924 0.861252 0.717668 0.485754 0.289529 0.161690 0.083233 0.039988 
0.028319 0.015926 0.012866 0.013479 0.017694 0.021874 0.022747 0.021821 0.017550 0.013345 0.012758 0.015856 0.028300 0.058719 0.118079 0.219444 0.379090 0.608288 0.801074 0.892922 0.911924 0.892922 0.801074 0.608291 0.379093 0.219437 0.118060 0.058705 
0.041263 0.020956 0.014014 0.013096 0.015141 0.020197 0.022419 0.022400 0.020095 0.014995 0.012978 0.013920 0.020910 0.041262 0.084781 0.163511 0.291982 0.489546 0.717298 0.856103 0.904798 0.904798 0.856104 0.717299 0.489551 0.291980 0.163495 0.084761 
0.060113 0.029439 0.016732 0.013440 0.013863 0.017647 0.021586 0.022412 0.021533 0.017509 0.013735 0.013331 0.016659 0.029416 0.060126 0.119745 0.221528 0.382127 0.610767 0.797965 0.886538 0.904798 0.886538 0.797965 0.610771 0.382130 0.221519 0.119724 
0.086302 0.042530 0.021908 0.014675 0.013599 0.015335 0.019986 0.022102 0.022082 0.019883 0.015201 0.013483 0.014579 0.021858 0.042527 0.086322 0.165366 0.294476 0.493122 0.716694 0.851040 0.897950 0.897950 0.851040 0.716696 0.493127 0.294472 0.165348 
0.121416 0.061522 0.030546 0.017522 0.014002 0.014250 0.017613 0.021309 0.022095 0.021255 0.017482 0.014127 0.013894 0.017446 0.030519 0.061533 0.121438 0.223663 0.385107 0.612945 0.794796 0.880359 0.897950 0.880359 0.794797 0.612950 0.385108 0.223651 
0.167240 0.087854 0.043790 0.022846 0.015322 0.014095 0.015542 0.019783 0.021800 0.021780 0.019683 0.015414 0.013981 0.015226 0.022792 0.043783 0.087874 0.167260 0.296982 0.496475 0.715907 0.846074 0.891354 0.891354 0.846075 0.715910 0.496481 0.296977 
0.225815 0.123132 0.062932 0.031640 0.018297 0.014555 0.014637 0.017591 0.021043 0.021792 0.020991 0.017465 0.014518 0.014448 0.018219 0.031610 0.062941 0.123155 0.225829 0.388007 0.614857 0.791601 0.874374 0.891354 0.874374 0.791603 0.614863 0.388008 
0.299472 0.169163 0.089419 0.045043 0.023768 0.015958 0.014586 0.015755 0.019593 0.021512 0.021492 0.019496 0.015632 0.014474 0.015862 0.023712 0.045033 0.089438 0.169185 0.299480 0.499611 0.714976 0.841212 0.884986 0.884986 0.841212 0.714979 0.499617 
0.390815 0.227997 0.124870 0.064343 0.032722 0.019059 0.015101 0.015024 0.017580 0.020792 0.021504 0.020741 0.017460 0.014909 0.014995 0.018979 0.032688 0.064350 0.124894 0.228014 0.390816 0.616530 0.788401 0.868571 0.884986 0.868571 0.788403 0.616537 
