0.000656 0.003423 0.010586 0.525572 1.075542 1.152424 1.284566 1.468164 1.706311 1.366171 0.975482 0.980413 0.870212 0.674049 0.456194 0.274827 0.146253 0.069580 0.031565 0.016836 0.013232 0.012822 0.012208 0.009902 0.006342 0.003076 0.001024 0.000183 
0.000360 0.001753 0.006455 0.204601 0.855320 1.113983 1.211587 1.369933 1.610187 1.578758 1.128309 0.977948 0.939088 0.782876 0.563272 0.358911 0.204052 0.103084 0.047662 0.022810 0.014635 0.013027 0.012540 0.011266 0.008242 0.004558 0.001899 0.000498 
0.000412 0.000883 0.003690 0.081347 0.522396 1.004784 1.162785 1.283168 1.509853 1.598401 1.368400 1.039190 0.958518 0.875651 0.679093 0.454904 0.274745 0.147875 0.071552 0.033151 0.017901 0.013691 0.012784 0.012002 0.009973 0.006354 0.003071 0.001041 
0.000648 0.000589 0.001994 0.033162 0.256448 0.798971 1.088487 1.222976 1.400490 1.565196 1.512151 1.185129 0.998854 0.917359 0.791583 0.564948 0.358164 0.204992 0.104973 0.049458 0.024146 0.015383 0.013221 0.012393 0.011143 0.008320 0.004556 0.001881 
0.001118 0.000611 0.001116 0.013858 0.120790 0.519431 0.963107 1.155732 1.307956 1.503431 1.545304 1.365294 1.078894 0.958106 0.860006 0.688392 0.454854 0.274934 0.149420 0.073440 0.034733 0.018939 0.014136 0.012807 0.011820 0.009928 0.006420 0.003038 
0.001901 0.000801 0.000800 0.005957 0.055550 0.283647 0.767021 1.064470 1.231844 1.419488 1.529602 1.477800 1.214691 1.015664 0.909056 0.783388 0.572662 0.358093 0.205985 0.106771 0.051223 0.025463 0.016103 0.013429 0.012314 0.010988 0.008360 0.004546 
0.003031 0.001214 0.000800 0.002734 0.025199 0.147286 0.516665 0.932005 1.148157 1.332823 1.488309 1.510176 1.364649 1.103625 0.962360 0.848605 0.688657 0.458050 0.275427 0.150920 0.075273 0.036293 0.019947 0.014571 0.012871 0.011677 0.009837 0.006455 
0.004547 0.001947 0.000955 0.001526 0.011400 0.073790 0.301064 0.743488 1.044016 1.244138 1.427268 1.501976 1.455603 1.233604 1.029554 0.905483 0.774405 0.576188 0.359474 0.207066 0.108513 0.052954 0.026749 0.016799 0.013658 0.012274 0.010838 0.008339 
0.006456 0.003046 0.001327 0.001169 0.005300 0.036031 0.166816 0.513119 0.906303 1.146201 1.349256 1.473961 1.484586 1.364314 1.121582 0.967518 0.840820 0.683689 0.462105 0.276538 0.152415 0.077064 0.037819 0.020923 0.015009 0.012966 0.011562 0.009721 
0.008266 0.004557 0.001991 0.001228 0.002718 0.017340 0.088917 0.313028 0.723012 1.030857 1.257522 1.425868 1.480602 1.439484 1.247172 1.041130 0.904169 0.766058 0.576452 0.361641 0.208380 0.110226 0.054648 0.027998 0.017482 0.013907 0.012264 0.010696 
0.009589 0.006429 0.003049 0.001515 0.001787 0.008388 0.046009 0.181905 0.507553 0.887082 1.151480 1.355897 1.460077 1.465182 1.362227 1.137232 0.972649 0.835257 0.677692 0.464503 0.278122 0.153981 0.078821 0.039307 0.021873 0.015453 0.013076 0.011480 
0.010572 0.008168 0.004536 0.002090 0.001617 0.004296 0.023321 0.101673 0.321010 0.704974 1.026778 1.266218 1.420371 1.463268 1.426574 1.257433 1.051542 0.903953 0.758996 0.574699 0.363533 0.209929 0.111945 0.056304 0.029213 0.018158 0.014167 0.012278 
0.011425 0.009457 0.006357 0.003066 0.001794 0.002622 0.011765 0.055081 0.193718 0.500184 0.876172 1.157159 1.357201 1.447181 1.449508 1.358559 1.151793 0.977419 0.831475 0.671765 0.465279 0.279779 0.155645 0.080556 0.040754 0.022802 0.015900 0.013200 
0.012312 0.010465 0.008048 0.004483 0.002271 0.002104 0.006154 0.029152 0.112484 0.325973 0.691363 1.026783 1.270938 1.413148 1.448635 1.415402 1.265605 1.061052 0.904447 0.753341 0.571746 0.364858 0.211581 0.113689 0.057923 0.030397 0.018826 0.014434 
0.013339 0.011389 0.009328 0.006240 0.003122 0.002167 0.003623 0.015284 0.063276 0.202959 0.493426 0.870481 1.161604 1.355383 1.435328 1.436173 1.355074 1.164179 0.982062 0.828894 0.666355 0.464763 0.281296 0.157369 0.082277 0.042166 0.023714 0.016346 
0.014711 0.012364 0.010372 0.007912 0.004414 0.002525 0.002713 0.008178 0.034739 0.121656 0.329345 0.681872 1.028210 1.272723 1.405243 1.435856 1.405761 1.272254 1.069502 0.905478 0.748796 0.568174 0.365587 0.213229 0.115450 0.059514 0.031554 0.019485 
0.016794 0.013493 0.011368 0.009201 0.006092 0.003233 0.002595 0.004786 0.018821 0.070653 0.210404 0.488277 0.867769 1.164466 1.351721 1.424376 1.424570 1.351934 1.174693 0.986572 0.827137 0.661477 0.463348 0.282585 0.159109 0.083985 0.043548 0.024608 
0.020137 0.014997 0.012430 0.010290 0.007733 0.004385 0.002835 0.003417 0.010323 0.040013 0.129539 0.332075 0.675670 1.029798 1.272419 1.397106 1.424497 1.397332 1.276389 1.078407 0.906854 0.745085 0.564301 0.365806 0.214803 0.117211 0.061079 0.032687 
0.025486 0.017245 0.013660 0.011360 0.009063 0.005933 0.003416 0.003053 0.006079 0.022320 0.077296 0.216681 0.486240 0.865356 1.165850 1.346924 1.414226 1.414310 1.348582 1.183724 0.991408 0.825970 0.657070 0.461330 0.283628 0.160825 0.085678 0.044903 
0.033797 0.020783 0.015292 0.012510 0.010212 0.007526 0.004405 0.003189 0.004188 0.012548 0.044966 0.136437 0.335189 0.671931 1.030530 1.270609 1.388977 1.414279 1.389662 1.278544 1.087638 0.908689 0.741952 0.560300 0.365617 0.216269 0.118955 0.062620 
0.046233 0.026350 0.017699 0.013840 0.011361 0.008917 0.005782 0.003645 0.003564 0.007448 0.025750 0.083320 0.222403 0.486311 0.863314 1.165783 1.341426 1.404791 1.405047 1.344916 1.191570 0.996637 0.825321 0.652991 0.458921 0.284439 0.162489 0.087349 
0.064136 0.034887 0.021426 0.015597 0.012596 0.010139 0.007311 0.004457 0.003594 0.005020 0.014797 0.049626 0.142672 0.338754 0.669992 1.030402 1.267640 1.380997 1.404951 1.382498 1.279895 1.096350 0.910979 0.739282 0.556225 0.365113 0.217613 0.120666 
0.088991 0.047538 0.027202 0.018158 0.014029 0.011367 0.008771 0.005638 0.003918 0.004129 0.008865 0.029080 0.088872 0.227834 0.487478 0.861947 1.164506 1.335494 1.395968 1.396531 1.341215 1.198240 1.002183 0.825131 0.649174 0.456224 0.285044 0.164087 
0.122334 0.065625 0.035959 0.022066 0.015910 0.012690 0.010069 0.007095 0.004563 0.003997 0.005931 0.017037 0.054029 0.148457 0.342571 0.669348 1.029673 1.263814 1.373220 1.396320 1.375788 1.280685 1.104471 0.913520 0.737152 0.552102 0.364356 0.218833 
0.165610 0.090599 0.048820 0.028045 0.018621 0.014225 0.011380 0.008571 0.005583 0.004209 0.004722 0.010338 0.032297 0.094063 0.233053 0.489376 0.861090 1.162335 1.329305 1.387658 1.388620 1.337558 1.202717 1.009015 0.825336 0.645712 0.453288 0.285467 
0.219932 0.123951 0.067084 0.037014 0.022704 0.016229 0.012798 0.009975 0.006898 0.004724 0.004402 0.006892 0.019275 0.058205 0.153905 0.346548 0.669618 1.028497 1.259397 1.365655 1.388259 1.369472 1.280610 1.111971 0.916669 0.735524 0.548025 0.363382 
0.285724 0.167052 0.092168 0.050079 0.028880 0.019086 0.014437 0.011387 0.008356 0.005580 0.004523 0.005336 0.011847 0.035421 0.098959 0.238109 0.491780 0.860579 1.159528 1.322983 1.379783 1.381214 1.333800 1.206262 1.015883 0.826096 0.642212 0.450554 
0.362369 0.220914 0.125511 0.068512 0.038054 0.023340 0.016562 0.012909 0.009839 0.006753 0.004919 0.004827 0.007879 0.021501 0.062194 0.159082 0.350629 0.670520 1.026990 1.254587 1.358304 1.380677 1.363434 1.280047 1.118854 0.920252 0.734154 0.544001 
