0.004339 0.010787 0.028370 0.068606 0.146456 0.770602 1.467218 1.684470 1.885545 1.996500 1.996500 1.391672 0.678344 0.461269 0.276552 0.146456 0.068606 0.028370 0.010575 0.005401 0.006016 0.010608 0.016373 0.019679 0.019672 0.016320 0.010480 0.004787 
0.004507 0.006757 0.018186 0.045656 0.102829 0.390242 1.169772 1.577866 1.796273 1.954892 1.996500 1.769689 0.986539 0.565761 0.362082 0.204973 0.102829 0.045683 0.017894 0.007341 0.005632 0.007815 0.013651 0.018440 0.019676 0.018414 0.013693 0.006978 
0.005434 0.005351 0.011324 0.029916 0.070530 0.217755 0.764922 1.397530 1.694543 1.890209 1.980897 1.911446 1.402360 0.749013 0.458101 0.276657 0.148276 0.070586 0.029634 0.011512 0.006273 0.006450 0.010407 0.016489 0.019213 0.019203 0.016485 0.010054 
0.007177 0.005382 0.007591 0.019043 0.047470 0.130816 0.441346 1.112495 1.558705 1.805498 1.946889 1.954853 1.711857 1.048415 0.589873 0.360746 0.206130 0.104839 0.047256 0.018963 0.008238 0.006340 0.007957 0.013603 0.018191 0.019209 0.018183 0.013508 
0.009982 0.006055 0.006210 0.012162 0.031135 0.082278 0.257683 0.759960 1.360527 1.695277 1.892872 1.951866 1.863730 1.407079 0.790467 0.465996 0.276773 0.150021 0.072387 0.030914 0.012497 0.007051 0.006946 0.010408 0.016343 0.018827 0.018824 0.016301 
0.013317 0.007528 0.006113 0.008462 0.020021 0.052685 0.154448 0.467963 1.081185 1.545046 1.811399 1.929743 1.918815 1.681469 1.082251 0.611325 0.363575 0.207257 0.106684 0.048768 0.020084 0.009107 0.006985 0.008244 0.013498 0.017896 0.018826 0.017878 
0.016049 0.010029 0.006644 0.006994 0.013090 0.033715 0.094929 0.284736 0.755780 1.337804 1.696724 1.885364 1.925645 1.828444 1.411057 0.818891 0.476021 0.278448 0.151638 0.074072 0.032213 0.013488 0.007781 0.007457 0.010479 0.016130 0.018477 0.018470 
0.017561 0.013160 0.007913 0.006775 0.009324 0.021586 0.059248 0.173759 0.485104 1.060808 1.538549 1.809589 1.910540 1.889195 1.659774 1.105660 0.629294 0.368389 0.208888 0.108392 0.050250 0.021223 0.009962 0.007579 0.008590 0.013389 0.017597 0.018475 
0.018132 0.015797 0.010128 0.007202 0.007731 0.014241 0.037242 0.106898 0.304827 0.752156 1.325516 1.695330 1.872683 1.902536 1.800494 1.413585 0.840544 0.486166 0.281263 0.153345 0.075682 0.033516 0.014483 0.008472 0.007958 0.010590 0.015909 0.018146 
0.018141 0.017255 0.013036 0.008299 0.007400 0.010238 0.023680 0.066238 0.189828 0.497317 1.048525 1.534481 1.802445 1.891341 1.864270 1.642648 1.122998 0.644671 0.374091 0.211022 0.110076 0.051708 0.022372 0.010790 0.008151 0.008945 0.013299 0.017307 
0.017828 0.017808 0.015562 0.010253 0.007737 0.008464 0.015633 0.041320 0.117904 0.320585 0.750613 1.318752 1.690846 1.858005 1.881189 1.777778 1.414911 0.857866 0.495942 0.284791 0.155227 0.077263 0.034820 0.015463 0.009141 0.008449 0.010720 0.015700 
0.017030 0.017821 0.016964 0.012941 0.008681 0.008010 0.011244 0.026162 0.073250 0.203483 0.507181 1.041924 1.530416 1.792422 1.872495 1.842410 1.628776 1.136271 0.658058 0.380169 0.213559 0.111805 0.053156 0.023512 0.011598 0.008708 0.009301 0.013228 
0.015505 0.017524 0.017499 0.015348 0.010392 0.008262 0.009223 0.017242 0.045685 0.127973 0.333648 0.751453 1.314481 1.684161 1.842468 1.861213 1.758537 1.415596 0.872124 0.505203 0.288757 0.157294 0.078855 0.036118 0.016427 0.009792 0.008930 0.010863 
0.013174 0.016767 0.017515 0.016689 0.012867 0.009060 0.008622 0.012350 0.028911 0.080098 0.215387 0.516035 1.038983 1.525742 1.780759 1.854184 1.822709 1.617099 1.146857 0.669854 0.386357 0.216397 0.113611 0.054606 0.024641 0.012388 0.009254 0.009655 
0.011025 0.015317 0.017234 0.017205 0.015151 0.010543 0.008786 0.010020 0.019026 0.050176 0.137230 0.345041 0.754245 1.311330 1.675950 1.826650 1.842381 1.741671 1.415057 0.885012 0.513914 0.292981 0.159532 0.080478 0.037409 0.017375 0.010429 0.009404 
0.010012 0.013134 0.016515 0.017223 0.016431 0.012810 0.009445 0.009249 0.013552 0.031833 0.086715 0.226041 0.524469 1.038360 1.520380 1.768171 1.836482 1.804615 1.606602 1.155595 0.680692 0.392512 0.219457 0.115507 0.056064 0.025756 0.013162 0.009788 
0.009872 0.011210 0.015126 0.016958 0.016926 0.014942 0.010731 0.009323 0.010862 0.020945 0.054699 0.145822 0.355367 0.758466 1.308649 1.666711 1.810865 1.824532 1.726377 1.412723 0.897791 0.522211 0.297346 0.161919 0.082144 0.038696 0.018306 0.011053 
0.010315 0.010374 0.013107 0.016271 0.016946 0.016178 0.012765 0.009851 0.009900 0.014836 0.034863 0.093089 0.235792 0.532722 1.039187 1.514418 1.755099 1.819407 1.787724 1.596487 1.162998 0.691162 0.398599 0.222676 0.117491 0.057538 0.026859 0.013921 
0.011667 0.010337 0.011406 0.014946 0.016693 0.016658 0.014740 0.010944 0.009869 0.011757 0.022963 0.059201 0.153881 0.364979 0.763667 1.306121 1.656805 1.795291 1.807525 1.712050 1.410024 0.909464 0.530300 0.301795 0.164429 0.083855 0.039981 0.019223 
0.014667 0.010836 0.010738 0.013091 0.016038 0.016680 0.015934 0.012736 0.010272 0.010577 0.016195 0.037953 0.099236 0.244878 0.540874 1.040895 1.507988 1.741830 1.802938 1.771722 1.586856 1.169386 0.701050 0.404655 0.226013 0.119554 0.059028 0.027952 
0.020128 0.012285 0.010775 0.011621 0.014778 0.016439 0.016400 0.014550 0.011196 0.010387 0.012722 0.025057 0.063654 0.161512 0.374081 0.769497 1.303598 1.646500 1.780022 1.791232 1.698495 1.407196 0.920084 0.538133 0.306311 0.167042 0.085610 0.041266 
0.029035 0.015415 0.011341 0.011092 0.013098 0.015816 0.016425 0.015702 0.012743 0.010690 0.011262 0.017640 0.041073 0.105175 0.253458 0.548934 1.043112 1.501222 1.728550 1.787028 1.756456 1.577666 1.174971 0.710343 0.410653 0.229447 0.121690 0.060537 
0.042551 0.021031 0.012900 0.011185 0.011844 0.014632 0.016197 0.016154 0.014389 0.011460 0.010905 0.013725 0.027224 0.068040 0.168794 0.382797 0.775693 1.301014 1.635992 1.765099 1.775563 1.685588 1.404307 0.929781 0.545688 0.310869 0.169743 0.087407 
0.062062 0.030118 0.016163 0.011828 0.011432 0.013125 0.015610 0.016180 0.015486 0.012773 0.011113 0.011962 0.019140 0.044218 0.110925 0.261639 0.556883 1.045594 1.494237 1.715376 1.771639 1.741823 1.568861 1.179896 0.719075 0.416567 0.232957 0.123890 
0.089241 0.043841 0.021938 0.013503 0.011581 0.012067 0.014507 0.015966 0.015920 0.014250 0.011736 0.011432 0.014760 0.029441 0.072368 0.175781 0.391195 0.782063 1.298354 1.625416 1.750541 1.760458 1.673235 1.401378 0.938678 0.552959 0.315444 0.172519 
0.126145 0.063604 0.031206 0.016907 0.012302 0.011763 0.013166 0.015419 0.015949 0.015288 0.012822 0.011546 0.012680 0.020682 0.047374 0.116513 0.269488 0.564697 1.048184 1.487127 1.702379 1.756739 1.727749 1.560386 1.184261 0.727293 0.422378 0.236526 
0.175355 0.091106 0.045143 0.022845 0.014096 0.011965 0.012289 0.014401 0.015750 0.015701 0.014132 0.012024 0.011971 0.015822 0.031691 0.076638 0.182521 0.399313 0.788474 1.295617 1.614865 1.736354 1.745868 1.661364 1.398419 0.946876 0.559952 0.320018 
0.240135 0.128445 0.065166 0.032300 0.017643 0.012764 0.012087 0.013217 0.015245 0.015732 0.015107 0.012889 0.011991 0.013415 0.022255 0.050530 0.121962 0.277054 0.572348 1.050785 1.479961 1.689606 1.742300 1.714179 1.552197 1.188144 0.735040 0.428076 
