0.007578 0.006195 0.010638 0.028351 0.562801 1.152377 1.277163 1.463104 1.688255 1.899497 1.503603 0.995544 0.891439 0.688255 0.463104 0.277163 0.146567 0.068611 0.028351 0.010638 0.006195 0.007745 0.014392 0.022267 0.026782 0.026774 0.022213 0.014053 
0.010179 0.006714 0.007861 0.017836 0.230984 0.908797 1.214770 1.362489 1.572517 1.820281 1.751037 1.213100 0.943491 0.802232 0.573524 0.363215 0.205285 0.102877 0.045662 0.017836 0.007861 0.006776 0.010431 0.018596 0.025089 0.026779 0.025063 0.018372 
0.013872 0.008013 0.007144 0.011745 0.099013 0.558287 1.081565 1.288629 1.459714 1.722653 1.794315 1.507114 1.062252 0.872861 0.696509 0.461822 0.277310 0.148432 0.070596 0.029517 0.011737 0.007183 0.008147 0.014159 0.022443 0.026145 0.026135 0.022339 
0.018363 0.010319 0.007470 0.008870 0.045046 0.282149 0.851452 1.189595 1.374172 1.603611 1.767441 1.686614 1.272457 0.965927 0.784685 0.580186 0.362612 0.206490 0.104919 0.047144 0.018974 0.008891 0.007545 0.010522 0.018589 0.024757 0.026142 0.024711 
0.022152 0.013904 0.008538 0.007995 0.022611 0.138481 0.554171 1.039719 1.281883 1.491485 1.706005 1.737131 1.507748 1.103531 0.875306 0.685343 0.465351 0.277732 0.150230 0.072331 0.030798 0.012841 0.008050 0.008661 0.014157 0.022271 0.025622 0.025605 
0.024308 0.018267 0.010618 0.008199 0.013476 0.067889 0.308849 0.818636 1.164872 1.386684 1.621054 1.725459 1.651113 1.305495 0.984636 0.780324 0.575054 0.364027 0.207781 0.106735 0.048618 0.020174 0.009846 0.008279 0.010799 0.018482 0.024365 0.025616 
0.025125 0.021879 0.013990 0.009106 0.010178 0.034540 0.165051 0.550583 1.007307 1.275778 1.518545 1.686307 1.697579 1.509118 1.130497 0.882480 0.677809 0.463413 0.279004 0.151892 0.073967 0.032131 0.013915 0.008867 0.009224 0.014220 0.022003 0.025147 
0.025139 0.023905 0.018139 0.010937 0.009508 0.019448 0.086527 0.325939 0.793577 1.144755 1.406537 1.621987 1.693352 1.626906 1.327252 1.001070 0.780145 0.568078 0.364046 0.209300 0.108419 0.050097 0.021377 0.010760 0.009001 0.011142 0.018343 0.023968 
0.024700 0.024676 0.021589 0.013996 0.010044 0.013235 0.045845 0.184692 0.545787 0.980341 1.281438 1.532273 1.666590 1.668435 1.506230 1.154320 0.889500 0.673107 0.459902 0.279940 0.153539 0.075557 0.033474 0.014961 0.009660 0.009804 0.014307 0.021712 
0.023579 0.024691 0.023515 0.017900 0.011526 0.011241 0.025863 0.101989 0.337458 0.770564 1.137172 1.421420 1.615991 1.667743 1.607608 1.343102 1.015857 0.780905 0.562349 0.363225 0.210687 0.110061 0.051569 0.022566 0.011648 0.009714 0.011510 0.018199 
0.021423 0.024274 0.024250 0.021263 0.014047 0.011348 0.016724 0.056238 0.199805 0.537619 0.964163 1.290506 1.536558 1.648336 1.645192 1.500901 1.175785 0.896331 0.669198 0.456964 0.280467 0.155107 0.077129 0.034807 0.015984 0.010439 0.010388 0.014407 
0.018061 0.023205 0.024265 0.023127 0.017619 0.012360 0.013364 0.032214 0.115015 0.344431 0.752325 1.137371 1.430316 1.606419 1.647157 1.590690 1.355238 1.029518 0.780902 0.558614 0.362324 0.211864 0.111661 0.053031 0.023736 0.012525 0.010407 0.011895 
0.014521 0.021143 0.023867 0.023838 0.020888 0.014332 0.012736 0.020558 0.065620 0.211396 0.528924 0.956360 1.298449 1.535288 1.631880 1.625982 1.495337 1.194024 0.901919 0.666508 0.454740 0.280812 0.156566 0.078679 0.036123 0.016994 0.011201 0.010965 
0.012298 0.017936 0.022846 0.023857 0.022728 0.017441 0.013335 0.015669 0.038434 0.125919 0.348691 0.739572 1.140561 1.434399 1.595658 1.629669 1.576253 1.364863 1.040885 0.781258 0.555894 0.361566 0.212894 0.113206 0.054472 0.024891 0.013403 0.011053 
0.011520 0.014659 0.020878 0.023478 0.023433 0.020457 0.014875 0.014210 0.024498 0.074086 0.220394 0.523118 0.952197 1.304052 1.530935 1.616915 1.609638 1.490305 1.208903 0.906789 0.664697 0.453023 0.281107 0.157931 0.080195 0.037420 0.018005 0.011935 
0.011676 0.012697 0.017836 0.022503 0.023461 0.022312 0.017377 0.014459 0.018068 0.044380 0.135150 0.352204 0.731516 1.143746 1.435107 1.584672 1.614186 1.563978 1.369863 1.052933 0.781940 0.553890 0.360972 0.213839 0.114693 0.055888 0.026044 0.014263 
0.012646 0.012059 0.014811 0.020633 0.023102 0.023030 0.020065 0.015553 0.015813 0.028386 0.081708 0.227892 0.521578 0.948625 1.307151 1.524896 1.603118 1.595358 1.484909 1.221007 0.912069 0.663523 0.451708 0.281407 0.159223 0.081670 0.038708 0.019004 
0.015104 0.012279 0.013091 0.017757 0.022176 0.023075 0.021909 0.017439 0.015651 0.020560 0.049953 0.143192 0.356297 0.726996 1.145485 1.433464 1.573785 1.600208 1.552970 1.372140 1.064618 0.783205 0.552426 0.360543 0.214737 0.116123 0.057282 0.027188 
0.019988 0.013338 0.012583 0.014973 0.020407 0.022738 0.022638 0.019752 0.016321 0.017492 0.032196 0.088592 0.234761 0.521948 0.946581 1.307932 1.517862 1.590299 1.582494 1.479254 1.230952 0.917582 0.662954 0.450725 0.281741 0.160458 0.083109 0.039984 
0.028318 0.015926 0.012866 0.013480 0.017697 0.021864 0.022700 0.021543 0.017676 0.016760 0.023152 0.055183 0.150455 0.360727 0.724994 1.146184 1.430083 1.563135 1.587372 1.542803 1.373235 1.075058 0.784968 0.551434 0.360270 0.215608 0.117506 0.058655 
0.041243 0.020956 0.014014 0.013096 0.015144 0.020197 0.022386 0.022266 0.019579 0.017103 0.019157 0.035963 0.094914 0.241216 0.523611 0.945635 1.306989 1.510211 1.578283 1.570659 1.473644 1.239212 0.922944 0.662905 0.450039 0.282119 0.161650 0.084516 
0.060007 0.029431 0.016732 0.013440 0.013864 0.017653 0.021565 0.022341 0.021217 0.018032 0.017874 0.025716 0.060170 0.157146 0.365402 0.724753 1.146079 1.425494 1.552756 1.575424 1.533325 1.373605 1.084279 0.787027 0.550854 0.360148 0.216468 0.118851 
0.085895 0.042485 0.021905 0.014675 0.013599 0.015338 0.019986 0.022050 0.021920 0.019504 0.017933 0.020814 0.039616 0.100843 0.247364 0.526191 0.945408 1.304805 1.502199 1.566924 1.559637 1.468168 1.245143 0.929009 0.663257 0.449623 0.282550 0.162813 
0.120165 0.061336 0.030526 0.017521 0.014003 0.014251 0.017621 0.021276 0.022001 0.020892 0.018522 0.019013 0.028225 0.064927 0.163441 0.370239 0.725728 1.145357 1.420086 1.542652 1.564191 1.524425 1.373100 1.092417 0.789619 0.550620 0.360169 0.217329 
0.163955 0.087248 0.043706 0.022838 0.015322 0.014096 0.015546 0.019779 0.021729 0.021585 0.019568 0.018706 0.022529 0.043140 0.106457 0.253305 0.529397 0.945637 1.301742 1.493997 1.556114 1.549279 1.462707 1.248928 0.935807 0.664051 0.449443 0.283039 
0.218200 0.121456 0.062643 0.031603 0.018294 0.014556 0.014640 0.017600 0.020998 0.021675 0.020666 0.019029 0.020140 0.030736 0.069460 0.169440 0.375195 0.727516 1.144171 1.414137 1.532820 1.553551 1.515960 1.371719 1.099615 0.792785 0.550721 0.360326 
0.283591 0.165087 0.088578 0.044906 0.023752 0.015957 0.014587 0.015760 0.019584 0.021421 0.021297 0.019722 0.019446 0.024252 0.046582 0.111793 0.259096 0.533035 0.946138 1.298064 1.485723 1.545777 1.539454 1.457171 1.251649 0.942445 0.665295 0.449490 
0.360616 0.219089 0.122728 0.063927 0.032659 0.019051 0.015101 0.015027 0.017589 0.020732 0.021375 0.020528 0.019549 0.021248 0.033227 0.073828 0.175183 0.380236 0.729838 1.142634 1.407844 1.523257 1.543406 1.507808 1.369815 1.106001 0.796202 0.551154 
