0.001701 0.000317 0.000083 0.000254 0.001267 0.005052 0.513335 1.040945 1.084640 1.165947 1.294774 1.497236 1.179595 0.854453 0.978439 0.977302 0.869173 0.673925 0.456362 0.276490 0.151341 0.079234 0.044742 0.030314 0.023126 0.017038 0.010618 0.005136 
0.003162 0.000865 0.000171 0.000147 0.000655 0.002813 0.196131 0.835213 1.062792 1.120592 1.224421 1.412109 1.378121 0.977319 0.916446 0.978013 0.936611 0.782439 0.563221 0.359586 0.207286 0.110586 0.059480 0.036623 0.026583 0.020082 0.013752 0.007621 
0.005121 0.001813 0.000434 0.000156 0.000338 0.001528 0.075577 0.511390 0.970225 1.091692 1.166753 1.331243 1.399363 1.181080 0.939274 0.947230 0.962487 0.873621 0.679013 0.454987 0.276486 0.153236 0.081502 0.046450 0.031161 0.023311 0.016892 0.010477 
0.007543 0.003226 0.000986 0.000260 0.000224 0.000807 0.029445 0.248263 0.780101 1.036760 1.129222 1.249865 1.373818 1.317507 1.032892 0.942257 0.955853 0.929162 0.789535 0.564986 0.358830 0.208422 0.112784 0.061505 0.037875 0.027057 0.020101 0.013552 
0.010336 0.005125 0.001917 0.000537 0.000238 0.000443 0.011619 0.115082 0.509452 0.928955 1.082991 1.186021 1.326922 1.352702 1.179490 0.976245 0.949055 0.945844 0.873466 0.685577 0.454939 0.276779 0.155058 0.083689 0.048089 0.031983 0.023528 0.016759 
0.013396 0.007480 0.003292 0.001092 0.000350 0.000314 0.004659 0.051815 0.275903 0.749245 1.012349 1.134506 1.266128 1.343034 1.287747 1.059615 0.959653 0.947449 0.918301 0.793960 0.569042 0.358805 0.209625 0.114902 0.063452 0.039080 0.027545 0.020101 
0.016650 0.010222 0.005138 0.002010 0.000632 0.000328 0.001944 0.022886 0.141742 0.507697 0.898415 1.073427 1.205974 1.314195 1.322302 1.179265 0.998664 0.953551 0.934993 0.868029 0.692238 0.456291 0.277407 0.156854 0.085792 0.049661 0.032801 0.023730 
0.020108 0.013268 0.007436 0.003355 0.001187 0.000442 0.000934 0.009999 0.070075 0.293833 0.726924 0.991229 1.142741 1.272598 1.319262 1.268663 1.076724 0.972788 0.944272 0.907562 0.793737 0.574651 0.359558 0.210944 0.116957 0.065318 0.040258 0.028017 
0.023929 0.016562 0.010133 0.005156 0.002093 0.000721 0.000626 0.004395 0.033661 0.161493 0.505310 0.873176 1.069692 1.218069 1.301763 1.300287 1.179361 1.015329 0.958530 0.926941 0.860289 0.696853 0.458795 0.278423 0.158657 0.087815 0.051185 0.033596 
0.028475 0.020129 0.013166 0.007405 0.003413 0.001248 0.000662 0.002039 0.015840 0.085256 0.306404 0.707655 0.977451 1.151966 1.270378 1.301209 1.254755 1.089329 0.983778 0.942736 0.897998 0.790669 0.579941 0.361033 0.212425 0.118960 0.067120 0.041400 
0.034365 0.024129 0.016497 0.010065 0.005181 0.002133 0.000882 0.001179 0.007387 0.043596 0.176863 0.500948 0.854464 1.071722 1.222119 1.289647 1.283789 1.179429 1.028490 0.963257 0.920829 0.852158 0.698230 0.462722 0.279836 0.160489 0.089775 0.052661 
0.042506 0.028921 0.020163 0.013087 0.007393 0.003432 0.001351 0.000993 0.003544 0.021742 0.098098 0.315054 0.691059 0.971450 1.157279 1.264324 1.287451 1.243922 1.099069 0.993023 0.942043 0.889774 0.785851 0.584095 0.363336 0.214083 0.120932 0.068866 
0.054089 0.035110 0.024332 0.016452 0.010024 0.005178 0.002176 0.001127 0.001950 0.010687 0.052650 0.189001 0.495127 0.843075 1.074213 1.221292 1.278778 1.271127 1.179310 1.039162 0.967533 0.916069 0.844269 0.697202 0.467153 0.281697 0.162372 0.091685 
0.070560 0.043574 0.029359 0.020211 0.013040 0.007370 0.003433 0.001521 0.001436 0.005329 0.027515 0.109027 0.320842 0.678475 0.969151 1.158951 1.257221 1.275909 1.235739 1.106713 1.000827 0.941801 0.882711 0.780144 0.586976 0.366159 0.215955 0.122892 
0.093558 0.055471 0.035833 0.024538 0.016438 0.009989 0.005148 0.002248 0.001467 0.002896 0.014135 0.060855 0.198646 0.489801 0.836422 1.075492 1.218034 1.268901 1.260845 1.179440 1.047912 0.971314 0.912264 0.836862 0.694885 0.471197 0.283914 0.164332 
0.124859 0.072208 0.044609 0.029786 0.020281 0.013012 0.007326 0.003433 0.001760 0.002003 0.007289 0.033060 0.118367 0.325053 0.669622 0.968024 1.158222 1.249826 1.265880 1.229312 1.113075 1.007420 0.941789 0.876607 0.774196 0.588704 0.369093 0.218022 
0.166377 0.095402 0.056812 0.036533 0.024754 0.016449 0.009945 0.005102 0.002388 0.001851 0.004016 0.017614 0.068272 0.206538 0.485873 0.832348 1.075447 1.213468 1.259860 1.252167 1.179829 1.055244 0.974548 0.909198 0.830055 0.691835 0.474596 0.286319 
0.220227 0.126841 0.073818 0.045610 0.030209 0.020376 0.012989 0.007258 0.003473 0.002052 0.002663 0.009385 0.038310 0.126454 0.328572 0.663640 0.967033 1.155911 1.242463 1.256975 1.224079 1.118582 1.012978 0.941873 0.871351 0.768330 0.589473 0.371916 
0.288783 0.168489 0.097228 0.058113 0.037214 0.024987 0.016476 0.009880 0.005070 0.002585 0.002281 0.005260 0.021073 0.074980 0.213266 0.483447 0.829651 1.074263 1.208192 1.251533 1.244639 1.180405 1.061481 0.977353 0.906612 0.823903 0.688381 0.477298 
0.374513 0.222507 0.128840 0.075393 0.046579 0.030636 0.020492 0.012955 0.007184 0.003555 0.002395 0.003398 0.011562 0.043264 0.133575 0.331869 0.659745 0.965792 1.152551 1.235280 1.248948 1.219690 1.123430 1.017743 0.941982 0.866753 0.762743 0.589463 
0.479329 0.291218 0.170646 0.099038 0.059377 0.037883 0.025238 0.016503 0.009802 0.005061 0.002830 0.002771 0.006585 0.024471 0.081094 0.219225 0.482338 0.827679 1.072175 1.202548 1.243822 1.237976 1.179935 1.068024 0.979796 0.904368 0.818346 0.684762 
0.588862 0.376831 0.224811 0.130848 0.076937 0.047524 0.031072 0.020616 0.012907 0.007117 0.003674 0.002793 0.004202 0.013769 0.047940 0.139971 0.335158 0.657336 0.964193 1.148499 1.228344 1.241630 1.215480 1.127753 1.022310 0.942082 0.862681 0.757499 
0.681112 0.480769 0.293564 0.172823 0.100830 0.060610 0.038548 0.025501 0.016522 0.009719 0.005075 0.003124 0.003321 0.007965 0.027779 0.086723 0.224670 0.482289 0.826083 1.069403 1.196742 1.236648 1.231824 1.179313 1.074094 0.982093 0.902382 0.813313 
0.752604 0.587816 0.378859 0.227100 0.132855 0.078450 0.048452 0.031516 0.020739 0.012851 0.007061 0.003855 0.003198 0.005088 0.015976 0.052360 0.145821 0.338520 0.655973 0.962241 1.144002 1.221683 1.234839 1.211529 1.131640 1.026557 0.942237 0.859017 
0.808709 0.677507 0.481709 0.295790 0.174998 0.102602 0.061819 0.039214 0.025766 0.016533 0.009633 0.005140 0.003444 0.003907 0.009407 0.030981 0.091956 0.229766 0.483051 0.824670 1.066131 1.190908 1.229905 1.226098 1.178657 1.079653 0.984260 0.900627 
0.855704 0.748019 0.586447 0.380609 0.229344 0.134848 0.079938 0.049372 0.031964 0.020858 0.012782 0.007036 0.004080 0.003618 0.006027 0.018185 0.056543 0.151256 0.341974 0.655338 0.959986 1.139242 1.215281 1.228477 1.207832 1.135149 1.030486 0.942443 
0.899074 0.804480 0.673969 0.482240 0.297881 0.177148 0.104350 0.063010 0.039880 0.026032 0.016528 0.009560 0.005247 0.003791 0.004521 0.010887 0.034089 0.096856 0.234615 0.484415 0.823336 1.062516 1.185117 1.223529 1.220735 1.177995 1.084738 0.986302 
0.942688 0.852697 0.743714 0.584835 0.382107 0.231522 0.136817 0.081404 0.050285 0.032413 0.020963 0.012713 0.007046 0.004337 0.004065 0.007000 0.020384 0.060527 0.156361 0.345510 0.655203 0.957499 1.134340 1.209124 1.222481 1.204358 1.137681 1.034766 
