0.006690 0.029096 0.068603 0.146383 0.276155 0.460077 1.182014 1.881720 1.991890 1.991890 1.881720 1.683228 0.958864 0.276155 0.146383 0.068603 0.028382 0.010533 0.004886 0.004894 0.008152 0.012548 0.015069 0.015062 0.012495 0.008024 0.003891 0.001232 
0.003279 0.015775 0.046712 0.102709 0.204770 0.361347 0.756573 1.605559 1.950576 1.991890 1.950576 1.793514 1.381573 0.548392 0.204770 0.102798 0.045696 0.017933 0.007004 0.004889 0.006117 0.010442 0.014124 0.015066 0.014098 0.010455 0.005773 0.002229 
0.002623 0.008096 0.028938 0.071578 0.147982 0.276244 0.529129 1.187342 1.816031 1.976397 1.976397 1.886514 1.619404 0.956443 0.346375 0.148175 0.070580 0.029710 0.011366 0.005682 0.005349 0.007973 0.012625 0.014713 0.014703 0.012611 0.008102 0.003558 
0.002973 0.004675 0.016596 0.047533 0.105559 0.205631 0.387109 0.811260 1.560227 1.916260 1.976397 1.942691 1.775112 1.330793 0.599925 0.232200 0.104787 0.047329 0.018956 0.007855 0.005474 0.006333 0.010366 0.013930 0.014709 0.013917 0.010659 0.005383 
0.003877 0.003611 0.009358 0.029688 0.073160 0.150339 0.286194 0.568850 1.194258 1.775230 1.953846 1.963758 1.875636 1.587545 0.955785 0.386023 0.159749 0.072423 0.030983 0.012316 0.006367 0.005796 0.008011 0.012496 0.014417 0.014412 0.012596 0.007915 
0.005424 0.003711 0.005766 0.017700 0.048531 0.107536 0.210932 0.409172 0.844265 1.535039 1.885626 1.960041 1.930712 1.756586 1.306874 0.627968 0.255518 0.110350 0.048857 0.020060 0.008669 0.006010 0.006627 0.010291 0.013697 0.014415 0.013731 0.010533 
0.007793 0.004354 0.004482 0.010498 0.030753 0.074512 0.153685 0.298196 0.597112 1.200215 1.744854 1.932135 1.949042 1.861749 1.566179 0.957763 0.413333 0.172474 0.075516 0.032282 0.013273 0.007007 0.006242 0.008110 0.012330 0.014146 0.014159 0.012446 
0.010336 0.005643 0.004402 0.006754 0.018846 0.049695 0.109672 0.217774 0.428354 0.867948 1.517204 1.859791 1.942702 1.916307 1.739998 1.293078 0.647601 0.274916 0.117280 0.050871 0.021185 0.009453 0.006529 0.006942 0.010226 0.013463 0.014154 0.013516 
0.012244 0.007747 0.004867 0.005284 0.011583 0.031926 0.076042 0.157707 0.310254 0.619524 1.204702 1.720957 1.911611 1.932804 1.846892 1.550365 0.961061 0.434378 0.184694 0.079485 0.033784 0.014218 0.007625 0.006684 0.008231 0.012163 0.013895 0.013915 
0.013288 0.010147 0.005947 0.005024 0.007698 0.019999 0.051012 0.112181 0.225120 0.445299 0.886240 1.503530 1.837466 1.924857 1.900587 1.724955 1.284482 0.663094 0.291477 0.124651 0.053367 0.022379 0.010215 0.007037 0.007264 0.010174 0.013243 0.013907 
0.013675 0.012033 0.007770 0.005370 0.006026 0.012645 0.033166 0.077827 0.162179 0.321805 0.638174 1.208260 1.701316 1.892085 1.915755 1.831691 1.537824 0.965181 0.451686 0.196121 0.083972 0.035520 0.015174 0.008229 0.007122 0.008384 0.011989 0.013658 
0.013669 0.013059 0.009996 0.006270 0.005616 0.008590 0.021168 0.052479 0.115042 0.232583 0.460396 0.901131 1.492574 1.817588 1.906879 1.884231 1.710983 1.278956 0.676193 0.305977 0.132085 0.056233 0.023672 0.010971 0.007537 0.007595 0.010136 0.013030 
0.013429 0.013440 0.011834 0.007832 0.005861 0.006732 0.013679 0.034482 0.079854 0.166940 0.332705 0.654148 1.211318 1.684547 1.873395 1.898386 1.816432 1.527317 0.969848 0.466544 0.206776 0.088748 0.037470 0.016163 0.008825 0.007559 0.008555 0.011821 
0.012825 0.013436 0.012838 0.009879 0.006600 0.006188 0.009446 0.022348 0.054097 0.118183 0.239988 0.473967 0.913760 1.483480 1.799453 1.889015 1.867654 1.697770 1.275356 0.687754 0.318943 0.139418 0.059362 0.025071 0.011735 0.008034 0.007932 0.010111 
0.011664 0.013207 0.013212 0.011653 0.007921 0.006342 0.007409 0.014691 0.035867 0.082098 0.171871 0.342956 0.668137 1.214097 1.669768 1.855429 1.881004 1.801277 1.518129 0.974855 0.479687 0.216747 0.093670 0.039597 0.017199 0.009434 0.007970 0.008750 
0.010111 0.012628 0.013210 0.012627 0.009790 0.006934 0.006742 0.010273 0.023542 0.055850 0.121541 0.247249 0.486284 0.924806 1.475684 1.782609 1.871413 1.851106 1.685131 1.272994 0.698243 0.330734 0.146583 0.062674 0.026569 0.012529 0.008519 0.008263 
0.008956 0.011528 0.012992 0.012992 0.011491 0.008031 0.006814 0.008067 0.015691 0.037317 0.084523 0.176893 0.352601 0.680609 1.216694 1.656412 1.838112 1.863798 1.786327 1.509833 0.980040 0.491569 0.226128 0.098653 0.041863 0.018295 0.010055 0.008359 
0.008583 0.010133 0.012443 0.012992 0.012429 0.009725 0.007271 0.007284 0.011082 0.024753 0.057722 0.125063 0.254330 0.497567 0.934688 1.468805 1.766763 1.854166 1.834747 1.672958 1.271433 0.707926 0.341603 0.153555 0.066105 0.028163 0.013357 0.008995 
0.008737 0.009164 0.011413 0.012786 0.012780 0.011314 0.008191 0.007276 0.008710 0.016684 0.038826 0.087096 0.181955 0.361702 0.691893 1.219142 1.644104 1.821390 1.846884 1.771648 1.502163 0.985279 0.502480 0.235004 0.103642 0.044242 0.019455 0.010682 
0.009467 0.008897 0.010171 0.012271 0.012784 0.012230 0.009683 0.007619 0.007814 0.011879 0.025984 0.059695 0.128702 0.261218 0.507992 0.943671 1.462582 1.751721 1.837324 1.818670 1.661187 1.270385 0.716964 0.351728 0.160327 0.069615 0.029846 0.014215 
0.011318 0.009111 0.009375 0.011316 0.012592 0.012576 0.011145 0.008393 0.007692 0.009363 0.017677 0.040388 0.089786 0.187021 0.370323 0.702218 1.221444 1.632594 1.805223 1.830329 1.757282 1.494951 0.990479 0.512616 0.243441 0.108603 0.046714 0.020670 
0.015101 0.009939 0.009210 0.010219 0.012113 0.012586 0.012038 0.009678 0.007955 0.008318 0.012689 0.027233 0.061752 0.132424 0.267914 0.517696 0.951924 1.456834 1.737348 1.820914 1.802936 1.649777 1.269656 0.725462 0.361237 0.166904 0.073178 0.031606 
0.021936 0.011966 0.009483 0.009588 0.011233 0.012408 0.012380 0.011005 0.008601 0.008091 0.010003 0.018689 0.041995 0.092569 0.192067 0.378518 0.711755 1.223593 1.621710 1.789577 1.814172 1.743254 1.488087 0.995572 0.522113 0.251495 0.113522 0.049258 
0.033428 0.016015 0.010414 0.009523 0.010277 0.011968 0.012398 0.011861 0.009695 0.008282 0.008808 0.013499 0.028515 0.063874 0.136202 0.274424 0.526788 0.959564 1.451433 1.723552 1.804949 1.787578 1.638702 1.269116 0.733487 0.370223 0.173294 0.076772 
0.051859 0.023245 0.012626 0.009857 0.009805 0.011163 0.012237 0.012196 0.010887 0.008812 0.008480 0.010633 0.019717 0.043651 0.095417 0.197076 0.386338 0.720625 1.225580 1.611333 1.774425 1.798435 1.729578 1.481498 1.000511 0.531063 0.259208 0.118386 
0.080383 0.035302 0.016954 0.010902 0.009825 0.010350 0.011834 0.012222 0.011700 0.009728 0.008604 0.009287 0.014309 0.029828 0.066055 0.140010 0.280757 0.535353 0.966669 1.446289 1.710264 1.789431 1.772614 1.627941 1.268675 0.741088 0.378756 0.179510 
0.123191 0.054501 0.024591 0.013306 0.010229 0.010022 0.011109 0.012076 0.012026 0.010789 0.009025 0.008860 0.011255 0.020756 0.045353 0.098317 0.202034 0.393824 0.728921 1.227397 1.601378 1.759744 1.783125 1.716259 1.475132 1.005265 0.539537 0.266618 
0.185562 0.083999 0.037218 0.017923 0.011409 0.010099 0.010445 0.011714 0.012057 0.011556 0.009773 0.008922 0.009759 0.015118 0.031167 0.068289 0.143831 0.286920 0.543459 0.973299 1.441339 1.697434 1.774357 1.758050 1.617478 1.268274 0.748299 0.386891 
