0.022793 0.021505 0.527497 1.073061 1.146043 1.274883 1.456792 1.698308 1.367022 0.989759 1.006855 0.908034 0.713764 0.487638 0.295196 0.156108 0.071911 0.029028 0.010423 0.003264 0.001822 0.003478 0.009990 0.020544 0.031988 0.038552 0.038551 0.031477 
0.026411 0.021988 0.211252 0.854405 1.109552 1.203481 1.359204 1.600289 1.574076 1.136980 0.998307 0.969797 0.822830 0.600472 0.384748 0.218791 0.108845 0.047435 0.018295 0.006129 0.002363 0.002443 0.006127 0.014762 0.026765 0.036090 0.038551 0.035898 
0.031376 0.023647 0.092962 0.524593 1.002131 1.156517 1.273618 1.499212 1.590459 1.369585 1.053873 0.984052 0.911121 0.720246 0.486389 0.294768 0.157751 0.074106 0.030743 0.011162 0.003775 0.002393 0.003834 0.009826 0.020677 0.032286 0.037629 0.037557 
0.035230 0.026739 0.049640 0.263488 0.798018 1.083984 1.215067 1.389647 1.556241 1.507631 1.192848 1.018963 0.947975 0.830426 0.603411 0.383753 0.219588 0.110893 0.049452 0.019428 0.006718 0.002911 0.002933 0.006261 0.014644 0.027170 0.035625 0.037602 
0.036712 0.030688 0.035327 0.132696 0.521738 0.960361 1.149526 1.297918 1.493768 1.538012 1.365899 1.093043 0.983469 0.895021 0.729682 0.486645 0.294737 0.159334 0.076245 0.032276 0.011960 0.004339 0.002919 0.004184 0.009821 0.020898 0.032207 0.036860 
0.036805 0.033682 0.032428 0.072420 0.290758 0.766034 1.060040 1.223722 1.408862 1.521421 1.473470 1.221653 1.035615 0.939245 0.821963 0.611485 0.383628 0.220496 0.112900 0.051304 0.020531 0.007374 0.003452 0.003394 0.006456 0.014679 0.027356 0.035115 
0.036171 0.035400 0.032898 0.047425 0.159296 0.518938 0.929328 1.141881 1.322682 1.479211 1.503439 1.364822 1.117426 0.987430 0.883218 0.728373 0.491638 0.295120 0.160948 0.078249 0.033716 0.012798 0.004930 0.003415 0.004542 0.009922 0.021075 0.031994 
0.034605 0.035882 0.034053 0.038345 0.091192 0.308145 0.742519 1.039573 1.235316 1.417484 1.494354 1.451458 1.240047 1.049205 0.935324 0.812125 0.615215 0.385586 0.221600 0.114828 0.053030 0.021626 0.008070 0.003983 0.003838 0.006701 0.014807 0.027378 
0.031735 0.035403 0.034967 0.035662 0.058700 0.179156 0.515319 0.903710 1.139141 1.339562 1.465528 1.478268 1.364245 1.135006 0.992265 0.874889 0.722883 0.496285 0.296441 0.162592 0.080130 0.035097 0.013664 0.005534 0.003892 0.004911 0.010098 0.021202 
0.027327 0.034028 0.035185 0.035228 0.044388 0.106750 0.320274 0.722106 1.025802 1.248659 1.416698 1.473490 1.435509 1.253215 1.060464 0.933577 0.803215 0.615564 0.388114 0.223093 0.116682 0.054664 0.022718 0.008788 0.004508 0.004275 0.006984 0.014982 
0.021316 0.031370 0.034746 0.035207 0.038668 0.068919 0.194617 0.509919 0.884059 1.144083 1.346584 1.452193 1.459247 1.362402 1.149914 0.997021 0.868830 0.716551 0.499010 0.298277 0.164339 0.081914 0.036439 0.014547 0.006142 0.004362 0.005291 0.010322 
0.015191 0.027178 0.033422 0.034976 0.036562 0.050445 0.119837 0.328567 0.703899 1.021261 1.257445 1.411708 1.456602 1.422930 1.263164 1.070379 0.932925 0.795702 0.613837 0.390294 0.224869 0.118508 0.056228 0.023807 0.009516 0.005030 0.004710 0.007293 
0.010578 0.021391 0.030886 0.034199 0.035765 0.041967 0.078202 0.206785 0.502654 0.872727 1.149593 1.348248 1.439767 1.443975 1.358809 1.163983 1.001624 0.864313 0.710349 0.500011 0.300198 0.166178 0.083636 0.037751 0.015436 0.006752 0.004830 0.005679 
0.007622 0.015410 0.026912 0.032761 0.034982 0.038287 0.056330 0.130950 0.333809 0.690066 1.020937 1.262312 1.404921 1.442397 1.412038 1.271045 1.079672 0.932969 0.789413 0.610911 0.391881 0.226753 0.120325 0.057747 0.024890 0.010249 0.005551 0.005148 
0.006076 0.010852 0.021403 0.030290 0.033872 0.036499 0.045466 0.086568 0.216350 0.495936 0.866688 1.153970 1.346758 1.428344 1.431012 1.355371 1.176072 1.005927 0.861191 0.704530 0.499724 0.301980 0.168058 0.085321 0.039041 0.016326 0.007363 0.005299 
0.005591 0.007964 0.015614 0.026510 0.032200 0.035185 0.040190 0.062000 0.140374 0.337417 0.680350 1.022141 1.264265 1.397416 1.430012 1.402647 1.277534 1.087823 0.933559 0.784351 0.607263 0.392874 0.228620 0.122132 0.059236 0.025965 0.010982 0.006073 
0.005772 0.006481 0.011129 0.021306 0.029693 0.033693 0.037435 0.048994 0.094117 0.224062 0.490790 0.863704 1.156824 1.343410 1.417788 1.419750 1.352309 1.186323 1.010059 0.858955 0.699292 0.498464 0.303527 0.169927 0.086981 0.040314 0.017214 0.007974 
0.006598 0.006037 0.008312 0.015751 0.026048 0.031725 0.035564 0.042238 0.067360 0.148486 0.340328 0.673948 1.023581 1.264143 1.389651 1.419014 1.394459 1.281634 1.096331 0.934507 0.780193 0.603287 0.393328 0.230395 0.123919 0.060702 0.027032 0.011715 
0.008587 0.006247 0.006891 0.011386 0.021120 0.029116 0.033645 0.038547 0.052493 0.100923 0.230568 0.489416 0.860397 1.158244 1.338915 1.408003 1.409806 1.349081 1.195107 1.014480 0.857350 0.694564 0.496561 0.304805 0.171750 0.088617 0.041573 0.018098 
0.012446 0.007125 0.006489 0.008657 0.015815 0.025552 0.031380 0.036049 0.044389 0.072397 0.155593 0.343841 0.670031 1.023967 1.262527 1.381870 1.409130 1.387034 1.283750 1.105188 0.935915 0.776664 0.599184 0.393345 0.232037 0.125672 0.062149 0.028090 
0.018978 0.009200 0.006727 0.007302 0.011612 0.020850 0.028611 0.033715 0.039760 0.055935 0.107097 0.236586 0.489694 0.857953 1.158149 1.333709 1.398907 1.400844 1.345540 1.202718 1.019299 0.856290 0.690203 0.494243 0.305823 0.173499 0.090227 0.042818 
0.029140 0.013175 0.007654 0.006943 0.008990 0.015800 0.025063 0.031163 0.036620 0.046581 0.077142 0.162051 0.347687 0.667937 1.023631 1.259724 1.374216 1.400118 1.380105 1.285069 1.113532 0.937794 0.773631 0.595015 0.393021 0.233530 0.127381 0.063576 
0.044049 0.019852 0.009814 0.007209 0.007710 0.011799 0.020520 0.028193 0.033891 0.041037 0.059287 0.112803 0.242278 0.490986 0.856304 1.156878 1.328044 1.390404 1.392613 1.341965 1.208863 1.024741 0.855713 0.686129 0.491627 0.306608 0.175162 0.091807 
0.064983 0.030181 0.013904 0.008186 0.007397 0.009306 0.015712 0.024603 0.031042 0.037283 0.048774 0.081637 0.168046 0.351728 0.667161 1.022767 1.256061 1.366743 1.391785 1.373620 1.285721 1.121293 0.940227 0.770990 0.590808 0.392421 0.234874 0.129035 
0.093353 0.045266 0.020722 0.010429 0.007693 0.008113 0.011947 0.020153 0.027847 0.034163 0.042372 0.062534 0.118148 0.247728 0.492976 0.855231 1.154741 1.322107 1.382394 1.384973 1.338387 1.213073 1.031361 0.855609 0.682267 0.488785 0.307183 0.176731 
0.130631 0.066367 0.031213 0.014631 0.008719 0.007851 0.009603 0.015568 0.024173 0.031005 0.038031 0.050959 0.085909 0.173692 0.355893 0.667321 1.021504 1.251809 1.359464 1.384006 1.367503 1.285571 1.128522 0.943183 0.768938 0.586559 0.391591 0.236073 
0.178204 0.094860 0.046468 0.021588 0.011044 0.008176 0.008508 0.012059 0.019762 0.027589 0.034494 0.043757 0.065682 0.123197 0.252990 0.495454 0.854553 1.151988 1.316026 1.374803 1.377817 1.334716 1.216436 1.038002 0.856061 0.678765 0.485717 0.307572 
0.237135 0.132163 0.067725 0.032236 0.015357 0.009252 0.008301 0.009881 0.015391 0.023775 0.031041 0.038831 0.053137 0.089990 0.179059 0.360138 0.668132 1.019945 1.247164 1.352385 1.376687 1.361654 1.284973 1.134738 0.946889 0.767413 0.582347 0.390548 
