0.020898 0.013588 0.014207 0.028767 0.068490 0.146171 0.275464 0.957879 1.685262 1.890081 2.009300 2.014416 1.908260 1.206181 0.476524 0.284820 0.149465 0.069199 0.028447 0.010295 0.004125 0.004382 0.010121 0.020563 0.031997 0.038553 0.038552 0.031978 
0.026530 0.016329 0.013820 0.019745 0.045483 0.102586 0.204366 0.547531 1.381270 1.798372 1.963954 2.012498 1.974608 1.631711 0.777555 0.373628 0.210256 0.104392 0.045998 0.017873 0.006439 0.004222 0.006566 0.014754 0.026766 0.036095 0.038553 0.036086 
0.032195 0.020549 0.014761 0.016042 0.030137 0.070114 0.147891 0.345776 0.955159 1.621261 1.895792 1.994294 1.998289 1.841285 1.212262 0.545523 0.284754 0.151391 0.071411 0.029849 0.011004 0.005053 0.005101 0.009930 0.020617 0.032289 0.037631 0.037628 
0.035590 0.026416 0.016931 0.015241 0.021488 0.046890 0.104278 0.231820 0.599030 1.330066 1.780530 1.956856 1.996791 1.939413 1.585776 0.832860 0.399212 0.211399 0.106599 0.047791 0.018815 0.007285 0.005071 0.006918 0.014541 0.027121 0.035628 0.037630 
0.036865 0.031895 0.020738 0.015875 0.017584 0.031794 0.071586 0.159279 0.385467 0.954141 1.589566 1.885742 1.981815 1.975274 1.799626 1.219320 0.585307 0.294929 0.153250 0.073466 0.031122 0.011885 0.005901 0.005763 0.010007 0.020721 0.032187 0.036879 
0.036874 0.034999 0.026303 0.017699 0.016516 0.023126 0.048493 0.109445 0.255061 0.626993 1.305916 1.762667 1.945788 1.979362 1.908588 1.560055 0.866072 0.421531 0.216353 0.108678 0.049406 0.019847 0.008162 0.005815 0.007355 0.014555 0.027207 0.035120 
0.036216 0.036171 0.031493 0.021073 0.016959 0.018995 0.033465 0.074521 0.171670 0.412738 0.955852 1.568495 1.872921 1.966772 1.952822 1.769042 1.225065 0.613881 0.306754 0.156465 0.075328 0.032392 0.012838 0.006695 0.006393 0.010247 0.020792 0.031933 
0.034610 0.036199 0.034411 0.026212 0.018502 0.017723 0.024675 0.050670 0.116084 0.274214 0.646539 1.292010 1.747030 1.931578 1.961541 1.882161 1.542078 0.889867 0.440713 0.222965 0.111121 0.050937 0.020938 0.009037 0.006506 0.007838 0.014684 0.027145 
0.031612 0.035603 0.035528 0.031052 0.021491 0.018015 0.020330 0.035292 0.078449 0.183559 0.433602 0.958937 1.553329 1.858627 1.950305 1.931773 1.744707 1.229606 0.636364 0.318601 0.160586 0.077256 0.033676 0.013816 0.007455 0.007006 0.010572 0.020837 
0.027009 0.034106 0.035575 0.033840 0.026146 0.019318 0.018883 0.026230 0.053346 0.123260 0.290464 0.661858 1.283638 1.732680 1.915925 1.943355 1.859307 1.528161 0.908318 0.457514 0.230258 0.113952 0.052501 0.022059 0.009897 0.007174 0.008343 0.014867 
0.020866 0.031261 0.035024 0.034925 0.030630 0.021933 0.019046 0.021638 0.037317 0.082954 0.194701 0.450638 0.963042 1.541384 1.843780 1.933069 1.911837 1.724621 1.233197 0.654972 0.330017 0.165248 0.079350 0.034995 0.014798 0.008195 0.007612 0.010935 
0.015075 0.026835 0.033613 0.034987 0.033302 0.026106 0.020129 0.020018 0.027842 0.056391 0.130563 0.304645 0.674781 1.278464 1.719220 1.899586 1.925107 1.838977 1.516935 0.923276 0.472471 0.237774 0.117106 0.054153 0.023197 0.010744 0.007831 0.008859 
0.011318 0.020884 0.030899 0.034472 0.034355 0.030240 0.022384 0.020060 0.022952 0.039526 0.087774 0.205116 0.465207 0.967795 1.531391 1.828758 1.915537 1.892808 1.707445 1.236201 0.670860 0.340869 0.170226 0.081630 0.036362 0.015778 0.008923 0.008216 
0.009379 0.015293 0.026641 0.033132 0.034428 0.032797 0.026088 0.020931 0.021144 0.029529 0.059690 0.137808 0.317318 0.686189 1.275245 1.706398 1.882995 1.907014 1.820456 1.507558 0.935874 0.485946 0.245291 0.120512 0.055910 0.024354 0.011582 0.008481 
0.008818 0.011709 0.020895 0.030536 0.033942 0.033816 0.029884 0.022865 0.021011 0.024315 0.041887 0.092755 0.214889 0.478083 0.972932 1.522641 1.813769 1.898007 1.874555 1.692300 1.238845 0.684751 0.351134 0.175379 0.084081 0.037784 0.016759 0.009644 
0.009128 0.009902 0.015515 0.026438 0.032665 0.033895 0.032326 0.026115 0.021706 0.022250 0.031318 0.063159 0.144914 0.328853 0.696550 1.273252 1.694066 1.866417 1.889212 1.803278 1.499472 0.946818 0.498210 0.252700 0.124105 0.057773 0.025533 0.012415 
0.010361 0.009418 0.012104 0.020900 0.030176 0.033434 0.033307 0.029575 0.023359 0.021910 0.025719 0.044392 0.097797 0.224110 0.489732 0.978261 1.514717 1.798936 1.880664 1.856987 1.678609 1.241245 0.697127 0.360840 0.180619 0.086678 0.039263 0.017745 
0.013248 0.009772 0.010425 0.015738 0.026230 0.032212 0.033386 0.031891 0.026182 0.022454 0.023338 0.033197 0.066753 0.151840 0.339508 0.706133 1.272028 1.682138 1.850016 1.871785 1.787135 1.492300 0.956551 0.509475 0.259945 0.127833 0.059733 0.026737 
0.018741 0.011075 0.010017 0.012500 0.020901 0.029822 0.032946 0.032825 0.029316 0.023852 0.022786 0.027146 0.047013 0.102855 0.232852 0.500451 0.983645 1.507362 1.784341 1.863622 1.840041 1.665991 1.243456 0.708320 0.370033 0.185887 0.089395 0.040797 
0.027970 0.014082 0.010414 0.010948 0.015960 0.026021 0.031774 0.032901 0.031494 0.026278 0.023185 0.024421 0.035141 0.070437 0.158584 0.349451 0.715099 1.271281 1.670564 1.833891 1.854779 1.771825 1.485784 0.965357 0.519909 0.267003 0.131654 0.061778 
0.042384 0.019749 0.011789 0.010614 0.012894 0.020898 0.029476 0.032478 0.032373 0.029097 0.024345 0.023649 0.028595 0.049717 0.107904 0.241178 0.510427 0.988985 1.500417 1.770032 1.846946 1.823671 1.654190 1.245496 0.718565 0.378762 0.191145 0.092208 
0.063897 0.029232 0.014921 0.011055 0.011469 0.016181 0.025812 0.031352 0.032439 0.031132 0.026399 0.023910 0.025504 0.037134 0.074178 0.165155 0.358805 0.723542 1.270819 1.659312 1.818104 1.838218 1.757207 1.479745 0.973420 0.529640 0.273868 0.135537 
0.095095 0.044020 0.020771 0.012505 0.011210 0.013288 0.020893 0.029139 0.032031 0.031949 0.028913 0.024843 0.024508 0.030064 0.052479 0.112925 0.249146 0.519788 0.994211 1.493778 1.756042 1.830675 1.807839 1.643032 1.247372 0.728029 0.387074 0.196366 
0.139456 0.066080 0.030523 0.015766 0.011696 0.011989 0.016399 0.025605 0.030947 0.032000 0.030800 0.026541 0.024633 0.026591 0.039165 0.077948 0.171563 0.367664 0.731527 1.270514 1.648364 1.802688 1.822111 1.743182 1.474059 0.980862 0.538771 0.280540 
0.201535 0.098040 0.045701 0.021809 0.013222 0.011806 0.013680 0.020886 0.028812 0.031605 0.031550 0.028759 0.025349 0.025368 0.031551 0.055280 0.117902 0.256803 0.528626 0.999272 1.487380 1.742389 1.814828 1.792513 1.632394 1.249082 0.736834 0.395012 
0.287026 0.143393 0.068315 0.031842 0.016619 0.012337 0.012509 0.016616 0.025401 0.030558 0.031585 0.030496 0.026705 0.025356 0.027689 0.041222 0.081729 0.177817 0.376099 0.739096 1.270281 1.637706 1.787663 1.806460 1.729679 1.468637 0.987771 0.547380 
0.402613 0.206640 0.101028 0.047422 0.022863 0.013943 0.012401 0.014070 0.020877 0.028495 0.031200 0.031177 0.028633 0.025862 0.026231 0.033056 0.058104 0.122826 0.264184 0.537008 1.004135 1.481177 1.729079 1.799411 1.777667 1.622191 1.250623 0.745071 
0.555531 0.293331 0.147334 0.070594 0.033188 0.017481 0.012979 0.013027 0.016832 0.025199 0.030186 0.031191 0.030220 0.026929 0.026000 0.028836 0.043302 0.085506 0.183925 0.384163 0.746284 1.270059 1.627324 1.773037 1.791257 1.716645 1.463418 0.994208 
