0.051756 0.042730 0.045163 0.073589 0.146685 0.274697 0.456225 0.674290 0.874221 0.994968 1.006870 0.918368 0.735718 0.517242 0.324001 0.177924 0.084158 0.033607 0.011344 0.003398 0.001011 0.001243 0.005213 0.015568 0.032096 0.049979 0.060236 0.060236 
0.057056 0.046182 0.043642 0.056127 0.104553 0.203826 0.358771 0.562957 0.784153 0.948200 1.002407 0.973682 0.838812 0.627804 0.414726 0.244424 0.125639 0.055346 0.020686 0.006676 0.001906 0.001098 0.002761 0.009593 0.023061 0.041822 0.056390 0.060236 
0.059044 0.051539 0.044595 0.048324 0.075847 0.147834 0.274340 0.454709 0.678572 0.879907 0.982079 0.991635 0.919515 0.742825 0.516177 0.323135 0.178970 0.086038 0.035435 0.012526 0.003796 0.001401 0.001722 0.005531 0.015497 0.032304 0.050446 0.058794 
0.058950 0.056160 0.047199 0.045993 0.059112 0.106283 0.204272 0.357792 0.564020 0.791635 0.942570 0.988051 0.964590 0.844241 0.631545 0.413547 0.244648 0.127213 0.057275 0.022208 0.007369 0.002299 0.001521 0.003190 0.009744 0.023045 0.042432 0.055632 
0.057706 0.057904 0.051481 0.046445 0.050913 0.078441 0.148925 0.274090 0.454317 0.684739 0.880284 0.970996 0.979253 0.916526 0.749436 0.517071 0.322665 0.179994 0.087885 0.037213 0.013567 0.004298 0.001813 0.002147 0.005856 0.015551 0.032751 0.050268 
0.054892 0.057830 0.055322 0.048334 0.048121 0.061794 0.108313 0.204673 0.357321 0.567613 0.795616 0.935947 0.976157 0.955731 0.846027 0.636668 0.413401 0.245009 0.128760 0.059171 0.023593 0.008084 0.002745 0.001938 0.003580 0.009956 0.023213 0.042730 
0.049964 0.056728 0.056889 0.051541 0.048201 0.053248 0.080948 0.150263 0.273961 0.455262 0.690360 0.878296 0.961078 0.968497 0.912038 0.753804 0.519914 0.322687 0.181052 0.089714 0.038873 0.014568 0.004848 0.002241 0.002554 0.006176 0.015724 0.033108 
0.042797 0.054171 0.056829 0.054633 0.049453 0.050093 0.064266 0.110403 0.205314 0.357411 0.571981 0.797472 0.929108 0.965715 0.947325 0.845643 0.641733 0.414352 0.245582 0.130321 0.060977 0.024897 0.008819 0.003218 0.002358 0.003951 0.010209 0.023503 
0.033390 0.049574 0.055832 0.056005 0.051768 0.049693 0.055488 0.083339 0.151762 0.274214 0.456887 0.695094 0.875169 0.951987 0.958819 0.906896 0.756467 0.523650 0.323278 0.182212 0.091491 0.040437 0.015548 0.005426 0.002681 0.002956 0.006497 0.015977 
0.023845 0.042723 0.053464 0.055940 0.054146 0.050471 0.051866 0.066657 0.112479 0.206234 0.358023 0.576315 0.798038 0.922326 0.956257 0.939348 0.843994 0.646301 0.416051 0.246452 0.131893 0.062693 0.026147 0.009565 0.003710 0.002784 0.004318 0.010495 
0.016273 0.033610 0.049126 0.055012 0.055268 0.052085 0.050995 0.057587 0.085689 0.153365 0.274875 0.458856 0.698927 0.871477 0.943533 0.949916 0.901476 0.757940 0.527664 0.324371 0.183502 0.093211 0.041924 0.016515 0.006022 0.003131 0.003359 0.006826 
0.010802 0.024183 0.042572 0.052773 0.055172 0.053812 0.051403 0.053467 0.068950 0.114580 0.207391 0.359056 0.580321 0.797764 0.915714 0.947522 0.931751 0.841596 0.650272 0.418215 0.247615 0.133481 0.064333 0.027355 0.010318 0.004215 0.003217 0.004688 
0.007165 0.016584 0.033775 0.048647 0.054272 0.054662 0.052438 0.052177 0.059531 0.087996 0.155088 0.275867 0.461466 0.701479 0.867507 0.935594 0.941608 0.895971 0.758580 0.531653 0.325856 0.184925 0.094886 0.043352 0.017470 0.006629 0.003591 0.003768 
0.005064 0.011121 0.024498 0.042367 0.052114 0.054516 0.053582 0.052275 0.054935 0.071125 0.116714 0.208767 0.360564 0.583919 0.796735 0.909310 0.939353 0.924494 0.838745 0.653667 0.420647 0.249029 0.135092 0.065912 0.028531 0.011074 0.004730 0.003658 
0.004185 0.007511 0.016895 0.033886 0.048159 0.053615 0.054166 0.052812 0.053272 0.061338 0.090244 0.156932 0.277197 0.464614 0.702857 0.863339 0.928087 0.933781 0.890481 0.758622 0.535474 0.327628 0.186466 0.096527 0.044731 0.018413 0.007243 0.004060 
0.004107 0.005448 0.011446 0.024780 0.042125 0.051500 0.053959 0.053489 0.052985 0.056355 0.073186 0.118866 0.210368 0.362512 0.587103 0.795065 0.903094 0.931646 0.917543 0.835621 0.656547 0.423215 0.250644 0.136729 0.067444 0.029678 0.011830 0.005254 
0.004537 0.004610 0.007865 0.017196 0.033947 0.047677 0.053037 0.053783 0.053178 0.054248 0.063088 0.092420 0.158889 0.278859 0.467830 0.703575 0.859014 0.920939 0.926357 0.885060 0.758228 0.539068 0.329598 0.188108 0.098147 0.046072 0.019345 0.007863 
0.005784 0.004564 0.005840 0.011771 0.025021 0.041858 0.050934 0.053503 0.053480 0.053579 0.057697 0.075192 0.121012 0.212186 0.364720 0.589894 0.792984 0.897040 0.924325 0.910871 0.832336 0.658978 0.425835 0.252412 0.138391 0.068941 0.030803 0.012584 
0.008487 0.005022 0.005042 0.008223 0.017481 0.033962 0.047209 0.052540 0.053492 0.053518 0.055136 0.064772 0.094562 0.160930 0.280783 0.470987 0.703818 0.854608 0.914093 0.919280 0.879738 0.757510 0.542415 0.331698 0.189830 0.099752 0.047382 0.020266 
0.013337 0.006321 0.005029 0.006238 0.012093 0.025223 0.041575 0.050422 0.053131 0.053505 0.054128 0.058952 0.077148 0.123174 0.214171 0.367091 0.592330 0.790626 0.891138 0.917335 0.904452 0.828960 0.661023 0.428450 0.254291 0.140078 0.070410 0.031907 
0.021178 0.009114 0.005514 0.005483 0.008584 0.017748 0.033934 0.046766 0.052069 0.053318 0.053785 0.056015 0.066378 0.096682 0.163051 0.282891 0.474038 0.703701 0.850172 0.907511 0.912504 0.874532 0.756547 0.545515 0.333877 0.191616 0.101348 0.048667 
0.032994 0.014088 0.006868 0.005494 0.006646 0.012409 0.025383 0.041291 0.049924 0.052791 0.053551 0.054679 0.060180 0.079038 0.125358 0.216287 0.369551 0.594454 0.788078 0.885385 0.910631 0.898264 0.825541 0.662662 0.431099 0.256247 0.141784 0.071858 
0.049932 0.022080 0.009747 0.006009 0.005926 0.008951 0.017994 0.033880 0.046328 0.051621 0.053171 0.054069 0.056883 0.067939 0.098765 0.165247 0.285127 0.476958 0.703306 0.845739 0.901164 0.905994 0.869447 0.755371 0.548377 0.336125 0.193448 0.102938 
0.073291 0.034066 0.014839 0.007421 0.005957 0.007060 0.012720 0.025511 0.040998 0.049442 0.052478 0.053620 0.055237 0.061381 0.080881 0.127549 0.218512 0.372049 0.596306 0.785398 0.879776 0.904183 0.892289 0.822100 0.663489 0.434211 0.258266 0.143506 
0.104524 0.051179 0.022976 0.010386 0.006506 0.006371 0.009321 0.018224 0.033798 0.045896 0.051197 0.053049 0.054369 0.057743 0.069461 0.100819 0.167494 0.287459 0.479733 0.702692 0.841333 0.895030 0.899722 0.864481 0.753847 0.551017 0.338590 0.195317 
0.145240 0.074709 0.035126 0.015592 0.007978 0.006422 0.007477 0.013028 0.025612 0.040697 0.048977 0.052189 0.053709 0.055799 0.062559 0.082685 0.129742 0.220815 0.374557 0.597916 0.782631 0.874307 0.897963 0.886507 0.818589 0.663957 0.437359 0.260394 
0.197239 0.106106 0.052411 0.023869 0.011028 0.007005 0.006818 0.009691 0.018441 0.033692 0.045471 0.050795 0.052949 0.054683 0.058596 0.070951 0.102847 0.169776 0.289852 0.482365 0.701903 0.836972 0.889092 0.893667 0.859606 0.752112 0.553449 0.341150 
0.262597 0.146993 0.076114 0.036178 0.016346 0.008537 0.006888 0.007895 0.013331 0.025688 0.040388 0.048529 0.051925 0.053816 0.056367 0.063718 0.084457 0.131933 0.223171 0.377054 0.599315 0.779806 0.868975 0.891951 0.880894 0.815038 0.664177 0.440456 
