0.088591 0.184119 0.290767 0.461182 0.674290 0.869264 0.969184 1.478034 1.881875 1.689064 1.488773 1.324838 1.211333 0.625036 0.077565 0.042176 0.018923 0.006142 0.001187 0.000109 0.000072 0.000946 0.005184 0.015564 0.032096 0.049979 0.060236 0.059482 
0.070398 0.128053 0.236053 0.368004 0.564666 0.783659 0.919224 1.185619 1.730435 1.809571 1.585309 1.400502 1.268085 0.972430 0.287290 0.058354 0.029241 0.011555 0.003180 0.000518 0.000086 0.000400 0.002644 0.009606 0.023061 0.041822 0.056390 0.059859 
0.064245 0.093336 0.175760 0.299034 0.458246 0.681799 0.851441 1.036068 1.481434 1.779895 1.720541 1.486356 1.334294 1.140663 0.621520 0.147844 0.042369 0.019234 0.006653 0.001570 0.000248 0.000204 0.001281 0.005536 0.015522 0.032302 0.050493 0.058125 
0.061185 0.075919 0.127881 0.232291 0.374148 0.568719 0.766620 0.941882 1.244522 1.667972 1.757637 1.615037 1.410325 1.242674 0.916097 0.338657 0.084814 0.029482 0.012006 0.003642 0.000749 0.000220 0.000607 0.003011 0.009812 0.023063 0.042541 0.054498 
0.057841 0.067546 0.097247 0.173530 0.298538 0.464844 0.670083 0.854251 1.077279 1.482869 1.724013 1.704162 1.515812 1.326500 1.099251 0.618285 0.186922 0.052416 0.019605 0.007140 0.001900 0.000419 0.000365 0.001557 0.005862 0.015632 0.032964 0.049178 
0.053510 0.062563 0.079897 0.129565 0.229943 0.376529 0.565231 0.762167 0.960908 1.277810 1.633584 1.716569 1.631050 1.421276 1.217617 0.884283 0.365496 0.106957 0.033467 0.012469 0.004050 0.000981 0.000385 0.000812 0.003320 0.010064 0.023492 0.042015 
0.048068 0.058037 0.070195 0.100689 0.173416 0.297460 0.465615 0.662670 0.861312 1.104589 1.484936 1.685449 1.684499 1.540931 1.319447 1.067159 0.615540 0.213095 0.063651 0.021396 0.007591 0.002206 0.000609 0.000545 0.001806 0.006163 0.015942 0.032995 
0.041169 0.053052 0.063842 0.083150 0.131773 0.229023 0.376024 0.560530 0.761792 0.977371 1.300108 1.610257 1.685093 1.630542 1.439928 1.197154 0.860119 0.382693 0.124974 0.038967 0.013441 0.004425 0.001216 0.000569 0.001018 0.003598 0.010375 0.023807 
0.032682 0.047247 0.058447 0.072431 0.103797 0.174320 0.296305 0.463589 0.659067 0.867792 1.126918 1.484597 1.657029 1.664636 1.552243 1.325061 1.040419 0.611492 0.232370 0.074411 0.024140 0.008207 0.002500 0.000812 0.000738 0.002042 0.006461 0.016259 
0.023875 0.040385 0.052847 0.065091 0.085942 0.134164 0.228880 0.374284 0.557804 0.761773 0.991055 1.316594 1.591416 1.661784 1.622489 1.453001 1.189922 0.837765 0.394285 0.139929 0.044983 0.014896 0.004851 0.001454 0.000765 0.001227 0.003862 0.010688 
0.016486 0.032220 0.046643 0.058969 0.074441 0.106631 0.175710 0.295246 0.461280 0.657232 0.873250 1.148132 1.479562 1.635396 1.647048 1.554019 1.333160 1.024979 0.603800 0.247181 0.084349 0.027434 0.009043 0.002814 0.001024 0.000938 0.002273 0.006751 
0.010962 0.023767 0.039694 0.052806 0.066312 0.088446 0.136560 0.229171 0.372451 0.555516 0.762733 1.003333 1.328728 1.575502 1.642679 1.612162 1.459568 1.189985 0.820444 0.401267 0.152525 0.051076 0.016718 0.005374 0.001706 0.000970 0.001439 0.004119 
0.007020 0.016619 0.031692 0.046250 0.059510 0.076300 0.109256 0.177303 0.294477 0.459010 0.656106 0.878860 1.165259 1.474564 1.617487 1.631235 1.551125 1.339400 1.017709 0.595756 0.258485 0.093414 0.031020 0.010086 0.003173 0.001246 0.001146 0.002502 
0.004366 0.011184 0.023536 0.039134 0.052880 0.067464 0.090757 0.138893 0.229749 0.370824 0.553488 0.764276 1.014104 1.337846 1.562173 1.626080 1.601194 1.461714 1.192300 0.808680 0.405595 0.163115 0.057035 0.018801 0.006006 0.001981 0.001183 0.001655 
0.002730 0.007262 0.016668 0.031160 0.046007 0.060067 0.078022 0.111720 0.178981 0.294009 0.456957 0.655366 0.884310 1.179163 1.470062 1.602114 1.616747 1.545778 1.343249 1.014766 0.589495 0.267305 0.101594 0.034738 0.011307 0.003590 0.001483 0.001360 
0.001874 0.004601 0.011356 0.023279 0.038638 0.053037 0.068558 0.092903 0.141155 0.230524 0.369493 0.551729 0.766021 1.023992 1.344468 1.550766 1.611260 1.590134 1.460959 1.194752 0.801344 0.408840 0.172093 0.062738 0.021058 0.006748 0.002288 0.001406 
0.001581 0.002955 0.007475 0.016671 0.030649 0.045837 0.060657 0.079627 0.114041 0.180700 0.293809 0.455203 0.654868 0.889547 1.190689 1.465842 1.588575 1.603338 1.539052 1.344984 1.013835 0.585622 0.274542 0.108956 0.038477 0.012672 0.004071 0.001737 
0.001640 0.002097 0.004822 0.011488 0.023062 0.038138 0.053247 0.069623 0.094903 0.143340 0.231448 0.368470 0.550251 0.767831 1.035059 1.347318 1.540705 1.597802 1.579231 1.458241 1.196545 0.797220 0.411896 0.179861 0.068132 0.023424 0.007588 0.002632 
0.002012 0.001811 0.003175 0.007662 0.016662 0.030162 0.045688 0.061277 0.081150 0.116227 0.182435 0.293845 0.453766 0.654566 0.895238 1.200419 1.461048 1.576390 1.590838 1.531538 1.344981 1.012336 0.585397 0.280840 0.115619 0.042169 0.014146 0.004614 
0.003013 0.001886 0.002323 0.005029 0.011598 0.022850 0.037672 0.053475 0.070678 0.096788 0.145439 0.232490 0.367742 0.549056 0.769918 1.045334 1.348894 1.531331 1.585420 1.568600 1.454167 1.196920 0.795355 0.415701 0.186758 0.073215 0.025846 0.008514 
0.005216 0.002309 0.002050 0.003392 0.007830 0.016638 0.029814 0.045451 0.061901 0.082620 0.118296 0.184165 0.294090 0.452641 0.654544 0.900807 1.208736 1.456156 1.565136 1.579112 1.523585 1.343395 1.011438 0.586689 0.286805 0.121715 0.045776 0.015701 
0.009512 0.003431 0.002147 0.002553 0.005224 0.011688 0.022680 0.037325 0.053574 0.071727 0.098588 0.147456 0.233620 0.367288 0.548173 0.772130 1.054627 1.349751 1.522522 1.573871 1.558290 1.449073 1.196388 0.795055 0.419898 0.193116 0.078013 0.028290 
0.017313 0.005872 0.002629 0.002299 0.003606 0.007982 0.016618 0.029546 0.045249 0.062413 0.084069 0.120272 0.185876 0.294516 0.451828 0.654768 0.906061 1.215905 1.451314 1.554615 1.568028 1.515386 1.340664 1.011030 0.588929 0.292547 0.127392 0.049283 
0.030732 0.010568 0.003886 0.002423 0.002789 0.005410 0.011768 0.022546 0.037051 0.053648 0.072679 0.100352 0.149399 0.234817 0.367088 0.547595 0.774370 1.062968 1.350123 1.514201 1.562998 1.548287 1.443285 1.195211 0.795823 0.424335 0.199089 0.082570 
0.052692 0.018965 0.006575 0.002972 0.002560 0.003818 0.008122 0.016604 0.029332 0.045088 0.062860 0.085436 0.122204 0.187561 0.295096 0.451312 0.655199 0.911122 1.221930 1.446572 1.544699 1.557482 1.507073 1.337132 1.010944 0.591799 0.298121 0.132744 
0.086927 0.033161 0.011671 0.004374 0.002714 0.003032 0.005589 0.011841 0.022438 0.036832 0.053722 0.073547 0.102046 0.151309 0.236057 0.367119 0.547297 0.776656 1.070436 1.350065 1.506304 1.552688 1.538578 1.437044 1.193569 0.797308 0.428922 0.204767 
0.137838 0.056010 0.020642 0.007318 0.003337 0.002833 0.004030 0.008253 0.016596 0.029160 0.044965 0.063268 0.086712 0.124082 0.189247 0.295798 0.451068 0.655829 0.917262 1.225675 1.441916 1.535294 1.547397 1.498739 1.333049 1.011052 0.595086 0.303555 
0.210210 0.091116 0.035571 0.012812 0.004893 0.003022 0.003282 0.005763 0.011909 0.022350 0.036657 0.053804 0.074347 0.103656 0.153190 0.237349 0.367343 0.547262 0.779461 1.077118 1.349153 1.498764 1.542858 1.529150 1.430523 1.191589 0.799261 0.433594 
