0.125360 0.159100 0.696325 1.310894 1.465067 1.674523 1.869294 1.977001 1.490029 0.866891 0.700788 0.514118 0.363710 0.254575 0.176393 0.115787 0.066892 0.031029 0.010174 0.001922 0.000154 0.000117 0.001681 0.009216 0.027669 0.057060 0.088852 0.105746 
0.115213 0.140464 0.364777 1.051491 1.387980 1.564720 1.782791 1.936611 1.794386 1.138351 0.783839 0.605491 0.433755 0.305274 0.213287 0.144626 0.089710 0.047084 0.019026 0.005238 0.000822 0.000131 0.000703 0.004702 0.017078 0.040997 0.074518 0.097299 
0.106256 0.126921 0.227738 0.694112 1.239704 1.476350 1.676621 1.878929 1.883277 1.492905 0.939075 0.693838 0.514216 0.364953 0.256365 0.177239 0.115632 0.066576 0.031271 0.010961 0.002564 0.000390 0.000345 0.002275 0.009843 0.027595 0.057900 0.086517 
0.096386 0.116473 0.167311 0.415230 0.995624 1.362574 1.576485 1.802265 1.881646 1.736887 1.197848 0.808255 0.600233 0.434500 0.306976 0.214612 0.144866 0.089385 0.047050 0.019627 0.005985 0.001211 0.000362 0.001069 0.005354 0.017446 0.041389 0.073318 
0.085225 0.106429 0.138048 0.266635 0.690548 1.198229 1.469530 1.706191 1.851878 1.827362 1.497972 0.980355 0.698958 0.512590 0.366343 0.257967 0.177956 0.115483 0.066353 0.031616 0.011697 0.003107 0.000680 0.000627 0.002764 0.010424 0.027936 0.057463 
0.072163 0.095827 0.120937 0.190220 0.441676 0.963465 1.338209 1.599232 1.797246 1.842684 1.700776 1.233164 0.827777 0.600759 0.434733 0.308609 0.215769 0.145051 0.089119 0.047132 0.020240 0.006632 0.001597 0.000647 0.001428 0.005904 0.017949 0.041418 
0.056767 0.083995 0.108201 0.150057 0.293177 0.687160 1.165052 1.476597 1.717311 1.825645 1.789469 1.499905 1.008175 0.706644 0.512758 0.367510 0.259424 0.178562 0.115342 0.066239 0.032026 0.012364 0.003604 0.001003 0.000940 0.003204 0.010980 0.028255 
0.041267 0.070759 0.096098 0.126923 0.208959 0.458810 0.936411 1.329679 1.613501 1.785020 1.812079 1.676360 1.255536 0.843954 0.603621 0.435489 0.310064 0.216788 0.145188 0.088929 0.047313 0.020832 0.007214 0.001986 0.000964 0.001789 0.006403 0.018430 
0.028497 0.055700 0.083428 0.110825 0.161539 0.312908 0.679684 1.146725 1.485628 1.717318 1.801932 1.761184 1.500431 1.028339 0.714762 0.514217 0.368758 0.260716 0.179070 0.115228 0.066229 0.032465 0.012974 0.004074 0.001347 0.001273 0.003623 0.011490 
0.018851 0.040824 0.069540 0.097127 0.133267 0.224642 0.469370 0.916689 1.329578 1.619857 1.770201 1.786651 1.658308 1.270988 0.857422 0.607604 0.436810 0.311438 0.217668 0.145294 0.088824 0.047563 0.021396 0.007753 0.002379 0.001301 0.002154 0.006867 
0.011950 0.028589 0.054480 0.083333 0.114128 0.172050 0.327836 0.672009 1.138460 1.492210 1.711766 1.780483 1.738523 1.497020 1.047017 0.722635 0.516529 0.370174 0.261878 0.179492 0.115158 0.066307 0.032914 0.013541 0.004529 0.001705 0.001621 0.004028 
0.007300 0.019180 0.040378 0.068537 0.098488 0.139698 0.237710 0.476374 0.904037 1.332109 1.620843 1.754714 1.764748 1.642714 1.282378 0.870041 0.612113 0.438594 0.312787 0.218429 0.145390 0.088800 0.047858 0.021932 0.008261 0.002775 0.001653 0.002524 
0.004423 0.012352 0.028614 0.053587 0.083288 0.117686 0.181604 0.339461 0.666581 1.135439 1.495834 1.703258 1.760985 1.718985 1.492334 1.063409 0.730526 0.519390 0.371760 0.262943 0.179853 0.115139 0.066452 0.033363 0.014074 0.004972 0.002073 0.001979 
0.002896 0.007702 0.019441 0.040012 0.067847 0.099900 0.145955 0.248790 0.481863 0.896851 1.334758 1.618258 1.739337 1.745235 1.628741 1.291150 0.881749 0.617020 0.440723 0.314136 0.219101 0.145493 0.088846 0.048183 0.022445 0.008748 0.003172 0.002015 
0.002345 0.004808 0.012705 0.028623 0.053021 0.083346 0.121177 0.190275 0.349047 0.666618 1.132240 1.496811 1.693196 1.743023 1.701550 1.487583 1.077342 0.738330 0.522658 0.373485 0.263940 0.180177 0.115171 0.066649 0.033809 0.014581 0.005408 0.002449 
0.002384 0.003269 0.008078 0.019661 0.039762 0.067443 0.101323 0.151817 0.258452 0.487982 0.893554 1.335549 1.613323 1.724338 1.727471 1.616128 1.298093 0.892419 0.622181 0.443118 0.315490 0.219714 0.145614 0.088950 0.048527 0.022938 0.009218 0.003571 
0.002829 0.002716 0.005183 0.013023 0.028647 0.052655 0.083608 0.124494 0.198117 0.357855 0.668763 1.130526 1.495280 1.682316 1.726296 1.685717 1.482947 1.089281 0.745903 0.526220 0.375322 0.264892 0.180484 0.115251 0.066884 0.034249 0.015069 0.005837 
0.003971 0.002758 0.003641 0.008431 0.019862 0.039603 0.067263 0.102809 0.157213 0.267222 0.494413 0.892914 1.335118 1.606680 1.709803 1.711079 1.604606 1.303690 0.902130 0.627464 0.445713 0.316855 0.220291 0.145760 0.089101 0.048885 0.023415 0.009675 
0.006262 0.003213 0.003089 0.005547 0.013316 0.028693 0.052443 0.084051 0.127654 0.205267 0.366169 0.672249 1.129883 1.491954 1.670973 1.710601 1.671152 1.478453 1.099629 0.753183 0.529977 0.377247 0.265819 0.180791 0.115375 0.067150 0.034684 0.015541 
0.010122 0.004372 0.003136 0.004011 0.008768 0.020054 0.039522 0.067265 0.104353 0.162209 0.275307 0.501062 0.894068 1.333800 1.598887 1.695740 1.695807 1.593959 1.308260 0.911001 0.632770 0.448449 0.318233 0.220854 0.145934 0.089292 0.049251 0.023879 
0.016000 0.006683 0.003599 0.003464 0.005904 0.013595 0.028765 0.052359 0.084641 0.130685 0.211853 0.374102 0.676659 1.129924 1.487373 1.659412 1.695782 1.657614 1.474091 1.108697 0.760147 0.533846 0.379236 0.266736 0.181109 0.115538 0.067438 0.035113 
0.024332 0.010562 0.004773 0.003515 0.004379 0.009093 0.020245 0.039509 0.067414 0.105943 0.166878 0.282842 0.507842 0.896429 1.331824 1.590351 1.682143 1.681469 1.584022 1.312022 0.919141 0.638035 0.451278 0.319627 0.221416 0.146140 0.089516 0.049624 
0.035538 0.016450 0.007101 0.003986 0.003839 0.006255 0.013864 0.028863 0.052381 0.085350 0.133610 0.217982 0.381713 0.681687 1.130385 1.481929 1.647721 1.681890 1.644842 1.469841 1.116719 0.766794 0.537768 0.381272 0.267654 0.181446 0.115737 0.067745 
0.050002 0.024776 0.010996 0.005173 0.003894 0.004745 0.009411 0.020440 0.039557 0.067684 0.107569 0.171282 0.289928 0.514670 0.899590 1.329376 1.581278 1.669077 1.667997 1.574586 1.315146 0.926645 0.643215 0.454160 0.321037 0.221988 0.146377 0.089768 
0.068067 0.035958 0.016892 0.007516 0.004374 0.004213 0.006601 0.014130 0.028988 0.052495 0.086157 0.136446 0.223738 0.389037 0.687107 1.131110 1.475840 1.636152 1.668672 1.632833 1.465619 1.123894 0.773133 0.541696 0.383339 0.268583 0.181807 0.115967 
0.090043 0.050383 0.025214 0.011425 0.005572 0.004273 0.005109 0.009723 0.020643 0.039660 0.068056 0.109223 0.175467 0.296636 0.521475 0.903276 1.326527 1.571970 1.656477 1.655232 1.565648 1.316570 0.934727 0.648280 0.457068 0.322464 0.222578 0.146645 
0.116226 0.068402 0.036376 0.017327 0.007929 0.004760 0.004587 0.006943 0.014394 0.029139 0.052686 0.087043 0.139211 0.229186 0.396097 0.692756 1.131947 1.469366 1.624787 1.656010 1.621483 1.461046 1.130320 0.779599 0.545598 0.385426 0.269527 0.182195 
0.146943 0.090339 0.050766 0.025645 0.011850 0.005971 0.004652 0.005470 0.010032 0.020855 0.039812 0.068513 0.110901 0.179472 0.303025 0.528208 0.907256 1.323406 1.562601 1.644302 1.643062 1.557003 1.316969 0.942869 0.653370 0.459978 0.323905 0.223190 
