0.020542 0.009961 0.003318 0.000593 0.500037 1.000049 1.000605 1.003318 1.009961 1.021764 0.531247 0.038068 0.038551 0.031987 0.020542 0.009961 0.003318 0.000605 0.000037 0.000037 0.000605 0.003318 0.009961 0.020542 0.031987 0.038551 0.038551 0.031987 
0.026766 0.014759 0.006150 0.001615 0.187884 0.812404 1.000327 1.001692 1.006148 1.016693 0.837820 0.223343 0.038310 0.036090 0.026766 0.014759 0.006148 0.001693 0.000250 0.000037 0.000250 0.001693 0.006148 0.014759 0.026766 0.036090 0.038551 0.036090 
0.032285 0.020673 0.009945 0.003315 0.071466 0.499937 0.929685 1.001009 1.003534 1.011977 0.949616 0.531352 0.107975 0.037200 0.032316 0.020673 0.009934 0.003544 0.000818 0.000117 0.000117 0.000818 0.003544 0.009934 0.020673 0.032285 0.037628 0.037628 
0.035625 0.027153 0.014797 0.005801 0.028872 0.240661 0.759455 0.973947 1.002272 1.008071 0.988592 0.784971 0.276227 0.064351 0.034758 0.027227 0.014760 0.006281 0.001928 0.000380 0.000117 0.000380 0.001928 0.006281 0.014760 0.027154 0.035625 0.037628 
0.036877 0.032197 0.021040 0.009175 0.014453 0.111177 0.499720 0.889972 0.990925 1.005896 1.000766 0.909799 0.531631 0.147504 0.046797 0.030992 0.021112 0.010005 0.003754 0.000993 0.000215 0.000215 0.000993 0.003754 0.010005 0.020958 0.032198 0.036877 
0.036877 0.035122 0.027428 0.013713 0.011154 0.051384 0.268971 0.730795 0.951196 1.000282 1.003972 0.966012 0.756615 0.304885 0.086537 0.038154 0.026052 0.015105 0.006443 0.002126 0.000507 0.000215 0.000507 0.002126 0.006443 0.014894 0.027362 0.035122 
0.036219 0.036219 0.032018 0.019929 0.012114 0.026240 0.138008 0.499531 0.862410 0.981414 1.002589 0.989737 0.882743 0.531869 0.174466 0.057810 0.031959 0.020293 0.010231 0.003947 0.001150 0.000325 0.000325 0.001150 0.003947 0.010152 0.021214 0.031993 
0.034634 0.036219 0.034643 0.026425 0.015044 0.017411 0.069919 0.287550 0.711286 0.934140 0.994648 0.997769 0.948008 0.737791 0.323890 0.104788 0.043111 0.025925 0.014790 0.006653 0.002302 0.000634 0.000325 0.000634 0.002302 0.006623 0.015111 0.027423 
0.031732 0.035625 0.035628 0.031364 0.019707 0.015932 0.037397 0.158094 0.498765 0.843006 0.971567 0.996599 0.979109 0.862957 0.531951 0.194660 0.068388 0.033762 0.019982 0.010248 0.004142 0.001299 0.000441 0.000441 0.001299 0.004131 0.010347 0.021427 
0.027381 0.034164 0.035627 0.034029 0.025475 0.017348 0.023981 0.085342 0.300933 0.697399 0.920228 0.987212 0.990040 0.933366 0.724311 0.337714 0.120069 0.048469 0.026366 0.014662 0.006788 0.002472 0.000762 0.000441 0.000762 0.002468 0.006816 0.015375 
0.021600 0.031438 0.035078 0.035028 0.030568 0.020395 0.019835 0.047821 0.173858 0.498261 0.828294 0.961740 0.988980 0.968787 0.847886 0.532086 0.210636 0.078082 0.036118 0.020035 0.010280 0.004304 0.001444 0.000561 0.000561 0.001442 0.004312 0.010569 
0.015637 0.027293 0.033713 0.035059 0.033349 0.024994 0.020045 0.030330 0.098583 0.311264 0.687148 0.908293 0.978765 0.981407 0.920925 0.714348 0.348455 0.133035 0.053865 0.027286 0.014685 0.006903 0.002627 0.000892 0.000561 0.000892 0.002628 0.007017 
0.010798 0.021740 0.031137 0.034554 0.034418 0.029577 0.021901 0.023902 0.057210 0.186870 0.498148 0.816554 0.952007 0.980416 0.958727 0.835898 0.532507 0.223714 0.086876 0.038828 0.020383 0.010355 0.004447 0.001584 0.000686 0.000685 0.001584 0.004491 
0.007220 0.015883 0.027186 0.033273 0.034503 0.032585 0.025134 0.022651 0.036643 0.109996 0.319807 0.679329 0.897661 0.969763 0.972283 0.909955 0.706773 0.357291 0.144196 0.059152 0.028553 0.014854 0.007021 0.002770 0.001023 0.000685 0.001022 0.002787 
0.004670 0.011023 0.021857 0.030837 0.034042 0.033784 0.028930 0.023582 0.027898 0.065899 0.197844 0.498503 0.806774 0.942410 0.971338 0.948910 0.825971 0.533271 0.234737 0.094868 0.041740 0.020971 0.010490 0.004582 0.001720 0.000812 0.000812 0.001726 
0.002944 0.007420 0.016111 0.027069 0.032840 0.033945 0.031932 0.025649 0.025201 0.042688 0.120129 0.327085 0.673266 0.887930 0.960490 0.962927 0.900004 0.700841 0.364901 0.153960 0.064259 0.030069 0.015158 0.007155 0.002907 0.001152 0.000812 0.001155 
0.001869 0.004846 0.011239 0.021955 0.030538 0.033531 0.033190 0.028595 0.025369 0.031758 0.073914 0.207417 0.499212 0.798361 0.932975 0.962013 0.939331 0.817453 0.534343 0.244275 0.102171 0.044754 0.021750 0.010688 0.004719 0.001853 0.000940 0.000940 
0.001289 0.003101 0.007616 0.016323 0.026945 0.032408 0.033403 0.031253 0.026579 0.027765 0.048366 0.129247 0.333528 0.668434 0.878865 0.951124 0.953507 0.890791 0.696052 0.371684 0.162637 0.069161 0.031760 0.015582 0.007316 0.003042 0.001282 0.000940 
0.001071 0.002012 0.005021 0.011445 0.022039 0.030235 0.033030 0.032597 0.028647 0.027024 0.035639 0.081271 0.215963 0.500212 0.790921 0.923729 0.952614 0.929989 0.809925 0.535656 0.252714 0.108890 0.047807 0.022682 0.010950 0.004865 0.001985 0.001068 
0.001069 0.001424 0.003258 0.007806 0.016521 0.026812 0.031982 0.032868 0.030771 0.027632 0.030254 0.053828 0.137485 0.339393 0.664497 0.870316 0.941782 0.944129 0.882137 0.692066 0.377879 0.170459 0.073854 0.033571 0.016110 0.007507 0.003179 0.001412 
0.001198 0.001202 0.002156 0.005193 0.011643 0.022110 0.029933 0.032535 0.032081 0.028940 0.028616 0.039422 0.088146 0.223657 0.501456 0.784200 0.914689 0.943249 0.920882 0.803111 0.537141 0.260317 0.115116 0.050859 0.023733 0.011274 0.005023 0.002118 
0.001543 0.001199 0.001560 0.003414 0.007991 0.016705 0.026674 0.031559 0.032365 0.030494 0.028737 0.032668 0.059044 0.145053 0.344771 0.661242 0.862185 0.932539 0.934861 0.873922 0.688651 0.383633 0.177599 0.078347 0.035463 0.016727 0.007730 0.003322 
0.002253 0.001328 0.001335 0.002301 0.005362 0.011831 0.022168 0.029627 0.032063 0.031649 0.029396 0.030211 0.043050 0.094595 0.230698 0.502853 0.778038 0.905866 0.933991 0.912009 0.796828 0.538738 0.267268 0.120927 0.053886 0.024878 0.011655 0.005198 
0.003473 0.001675 0.001331 0.001698 0.003569 0.008171 0.016875 0.026525 0.031149 0.031908 0.030471 0.029702 0.035128 0.063984 0.152077 0.349769 0.658486 0.854415 0.923444 0.925748 0.866069 0.685646 0.389034 0.184185 0.082652 0.037409 0.017421 0.007987 
0.005390 0.002392 0.001460 0.001468 0.002446 0.005529 0.012010 0.022210 0.029320 0.031623 0.031286 0.029990 0.031736 0.046627 0.100626 0.237223 0.504348 0.772313 0.897270 0.924884 0.903368 0.790950 0.540394 0.273695 0.126382 0.056874 0.026096 0.012089 
0.008277 0.003633 0.001809 0.001463 0.001836 0.003724 0.008345 0.017032 0.026366 0.030760 0.031497 0.030596 0.030645 0.037539 0.068738 0.158600 0.354470 0.656102 0.846959 0.914529 0.916815 0.858522 0.682939 0.394139 0.190313 0.086787 0.039388 0.018179 
0.012571 0.005603 0.002536 0.001593 0.001603 0.002590 0.005693 0.012180 0.022236 0.029020 0.031220 0.031046 0.030614 0.033236 0.050100 0.106336 0.243284 0.505912 0.766942 0.888904 0.915958 0.894955 0.785392 0.542070 0.279689 0.131534 0.059814 0.027370 
0.018992 0.008599 0.003804 0.001947 0.001597 0.001974 0.003877 0.008513 0.017170 0.026201 0.030395 0.031155 0.030808 0.031597 0.039888 0.073297 0.164721 0.359088 0.653810 0.839787 0.905813 0.908082 0.851244 0.680451 0.398983 0.196057 0.090764 0.041386 
