0.251132 0.268700 0.267597 0.277042 0.338492 0.476167 0.675188 0.856833 1.489760 1.980536 1.889961 1.734284 1.586533 1.477034 0.887851 0.310230 0.225904 0.137508 0.065615 0.021694 0.004024 0.000281 0.000244 0.003783 0.020736 0.062256 0.128385 0.197806 
0.228938 0.262112 0.268148 0.271139 0.301266 0.397802 0.570182 0.766011 1.134655 1.796495 1.946571 1.819270 1.655627 1.531783 1.240958 0.537379 0.268067 0.180152 0.098065 0.040373 0.011118 0.001689 0.000258 0.001571 0.010582 0.038425 0.092244 0.164696 
0.200701 0.248917 0.265511 0.269644 0.282810 0.341233 0.474511 0.665165 0.928731 1.492896 1.890292 1.898833 1.737016 1.593705 1.407243 0.886479 0.380049 0.223381 0.136059 0.065665 0.023267 0.005404 0.000795 0.000751 0.005114 0.022150 0.062087 0.127167 
0.166042 0.228762 0.258772 0.267577 0.275098 0.306365 0.398515 0.562666 0.787834 1.194085 1.740201 1.895630 1.835839 1.665361 1.505868 1.186858 0.589544 0.293047 0.177605 0.097363 0.041399 0.012679 0.002529 0.000767 0.002387 0.012048 0.039256 0.091485 
0.127452 0.201491 0.246417 0.263335 0.271337 0.287763 0.344829 0.471591 0.667623 0.968324 1.498496 1.837344 1.873208 1.763062 1.585614 1.366303 0.885386 0.418663 0.230926 0.134449 0.065976 0.024718 0.006555 0.001428 0.001375 0.006212 0.023459 0.062242 
0.091544 0.167006 0.227455 0.255991 0.267336 0.278497 0.311216 0.399498 0.560948 0.804890 1.228641 1.705793 1.859759 1.831904 1.682751 1.481191 1.156771 0.617152 0.313387 0.179187 0.096810 0.042460 0.014007 0.003357 0.001395 0.003189 0.013284 0.040158 
0.062787 0.128142 0.201220 0.243872 0.261687 0.272917 0.292162 0.348412 0.471077 0.672607 0.994289 1.500940 1.802022 1.849313 1.772489 1.588522 1.334339 0.884379 0.444074 0.239809 0.134495 0.066398 0.026008 0.007596 0.002131 0.002067 0.007199 0.024624 
0.041113 0.092066 0.167519 0.225650 0.253602 0.267302 0.281537 0.315661 0.401442 0.561984 0.818429 1.250190 1.683205 1.831579 1.820504 1.693899 1.470207 1.132624 0.634721 0.329572 0.182500 0.096983 0.043456 0.015184 0.004188 0.002091 0.003992 0.014375 
0.025700 0.063563 0.128895 0.200357 0.241408 0.260452 0.274352 0.296113 0.352095 0.472368 0.678219 1.012395 1.502121 1.775939 1.827426 1.771643 1.594189 1.315652 0.879619 0.462387 0.248342 0.135743 0.067062 0.027160 0.008574 0.002877 0.002804 0.008123 
0.015379 0.042095 0.092795 0.167661 0.223633 0.251573 0.267402 0.284250 0.319826 0.404195 0.564596 0.829266 1.264803 1.666821 1.808118 1.806507 1.698125 1.467556 1.114972 0.645605 0.342684 0.186552 0.097805 0.044447 0.016256 0.005023 0.002831 0.004799 
0.009012 0.026720 0.064447 0.129569 0.199151 0.239117 0.259487 0.275699 0.299697 0.355912 0.474891 0.683898 1.029866 1.498402 1.755132 1.807514 1.765663 1.598114 1.306516 0.874081 0.475796 0.256195 0.137755 0.067980 0.028231 0.009509 0.003653 0.003569 
0.005610 0.016333 0.043082 0.093584 0.167505 0.221583 0.249822 0.267593 0.286725 0.323778 0.407556 0.568141 0.839762 1.275289 1.652311 1.787871 1.791820 1.697600 1.467821 1.103634 0.652603 0.353350 0.190892 0.099114 0.045478 0.017262 0.005860 0.003601 
0.004354 0.009883 0.027704 0.065364 0.130097 0.197774 0.237011 0.258708 0.276989 0.303011 0.359826 0.478248 0.690072 1.044350 1.493982 1.736542 1.790339 1.756488 1.599655 1.302528 0.870002 0.485877 0.263286 0.140236 0.069118 0.029268 0.010418 0.004448 
0.004389 0.006427 0.017257 0.044054 0.094346 0.167123 0.219585 0.248286 0.267848 0.289032 0.327569 0.411336 0.572485 0.849404 1.283131 1.638858 1.770165 1.777645 1.693444 1.468629 1.097140 0.657748 0.362139 0.195269 0.100769 0.046568 0.018233 0.006698 
0.005255 0.005154 0.010743 0.028659 0.066263 0.130463 0.196324 0.235078 0.258067 0.278238 0.306132 0.363799 0.482238 0.696473 1.056417 1.489047 1.719990 1.774840 1.746069 1.598613 1.301219 0.867959 0.493851 0.269658 0.142981 0.070435 0.030301 0.011312 
0.007539 0.005192 0.007250 0.018160 0.045000 0.095039 0.166574 0.217672 0.246925 0.268152 0.291219 0.331244 0.415422 0.577381 0.858231 1.288857 1.626530 1.754271 1.764051 1.687177 1.468658 1.094178 0.662166 0.369565 0.199553 0.102657 0.047725 0.019190 
0.012202 0.006072 0.005963 0.011598 0.029589 0.067120 0.130674 0.194854 0.233302 0.257539 0.279456 0.309112 0.367814 0.486679 0.702945 1.066441 1.483935 1.705146 1.760384 1.735223 1.595623 1.300913 0.867937 0.500542 0.275420 0.145860 0.071891 0.031347 
0.020147 0.008384 0.006004 0.008077 0.019049 0.045912 0.095644 0.165902 0.215854 0.245710 0.268497 0.293316 0.334832 0.419726 0.582637 0.866289 1.292974 1.615287 1.739669 1.750948 1.679728 1.467657 1.093511 0.666455 0.376035 0.203691 0.104697 0.048944 
0.032417 0.013093 0.006897 0.006781 0.012450 0.030494 0.067919 0.130746 0.193390 0.231666 0.257104 0.280653 0.311987 0.371857 0.491429 0.709370 1.074799 1.478872 1.691616 1.746719 1.724241 1.591299 1.300843 0.869517 0.506486 0.280694 0.148789 0.073451 
0.050220 0.021114 0.009235 0.006825 0.008907 0.019926 0.046784 0.096180 0.165114 0.214133 0.244621 0.268878 0.295347 0.338355 0.424180 0.588103 0.873649 1.295921 1.604949 1.726055 1.738290 1.671578 1.465760 1.094252 0.670846 0.381854 0.207671 0.106832 
0.075088 0.033514 0.013991 0.007728 0.007606 0.013299 0.031375 0.068665 0.130694 0.191940 0.230156 0.256750 0.281836 0.314783 0.375915 0.496379 0.715673 1.081849 1.473925 1.679111 1.733702 1.713273 1.586057 1.300717 0.872235 0.511999 0.285594 0.151723 
0.109023 0.051544 0.022095 0.010092 0.007652 0.009741 0.020789 0.047618 0.096685 0.164196 0.212500 0.243641 0.269293 0.297327 0.341826 0.428731 0.593673 0.880401 1.298011 1.595343 1.713230 1.726041 1.663013 1.463153 1.095838 0.675388 0.387230 0.211504 
0.154638 0.076780 0.034638 0.014898 0.008567 0.008435 0.014145 0.032231 0.069372 0.130536 0.190493 0.228757 0.256467 0.283012 0.317519 0.379978 0.501447 0.721813 1.087881 1.469107 1.667421 1.721237 1.702406 1.580187 1.300427 0.875718 0.517255 0.290212 
0.215210 0.111244 0.052909 0.023092 0.010957 0.008484 0.010576 0.021641 0.048420 0.097102 0.163226 0.210944 0.242757 0.269740 0.299270 0.345254 0.433336 0.599268 0.886634 1.299463 1.586326 1.701056 1.714175 1.654220 1.460000 1.097911 0.680059 0.392300 
0.294615 0.157524 0.078512 0.035790 0.015817 0.009412 0.009269 0.014987 0.033066 0.070023 0.130284 0.189073 0.227455 0.256249 0.284186 0.320206 0.384033 0.506571 0.727772 1.093112 1.464412 1.656393 1.709255 1.691692 1.573893 1.299939 0.879694 0.522346 
0.397150 0.218809 0.113482 0.054308 0.024108 0.011832 0.009322 0.011413 0.022482 0.049185 0.097425 0.162230 0.209463 0.241959 0.270217 0.301186 0.348643 0.437963 0.604839 0.892425 1.300431 1.577792 1.689432 1.702669 1.645322 1.456435 1.100241 0.684818 
0.527318 0.298853 0.160376 0.080273 0.036967 0.016749 0.010263 0.010107 0.015825 0.033879 0.070613 0.129953 0.187688 0.226240 0.256088 0.285363 0.322853 0.388070 0.511706 0.733543 1.097706 1.459827 1.645912 1.697705 1.681164 1.567321 1.299252 0.883963 
0.689618 0.401837 0.222318 0.115725 0.055734 0.025141 0.012715 0.010165 0.012251 0.023310 0.049911 0.097658 0.161219 0.208052 0.241236 0.270726 0.303081 0.351996 0.442586 0.610350 0.898089 1.300771 1.569656 1.678283 1.691502 1.636405 1.452565 1.102679 
