0.050146 0.032723 0.018865 0.514000 1.031593 1.068432 1.146185 1.275804 1.487628 1.185457 0.879161 1.027564 1.035558 0.930217 0.724288 0.487964 0.290423 0.151331 0.069539 0.028461 0.010237 0.004645 0.006155 0.015724 0.032117 0.049990 0.060238 0.060237 
0.056453 0.041905 0.024062 0.204541 0.830083 1.050012 1.102194 1.204512 1.397919 1.374314 0.994538 0.952364 1.032561 0.996055 0.839826 0.605077 0.381887 0.213714 0.105346 0.046143 0.017770 0.006742 0.005211 0.009932 0.023068 0.041821 0.056395 0.060238 
0.058818 0.050524 0.031165 0.091741 0.512381 0.961016 1.076103 1.147086 1.314005 1.389067 1.186747 0.968179 0.992462 1.018871 0.932906 0.730822 0.486605 0.290325 0.153384 0.071891 0.029789 0.011069 0.005785 0.006982 0.015448 0.032265 0.050450 0.058797 
0.058810 0.055708 0.039808 0.053881 0.257053 0.774892 1.024073 1.111594 1.230035 1.360919 1.313197 1.052173 0.977285 1.008702 0.986634 0.846379 0.607988 0.381048 0.214924 0.107714 0.047917 0.018749 0.007766 0.006234 0.010306 0.022813 0.042416 0.055664 
0.057630 0.057647 0.047370 0.045085 0.131830 0.510222 0.919690 1.067834 1.166950 1.310282 1.343023 1.186081 1.005368 0.992993 1.000426 0.931280 0.738019 0.486916 0.290622 0.155392 0.073987 0.031060 0.012076 0.006808 0.007761 0.015505 0.032522 0.050303 
0.054880 0.057641 0.052794 0.045942 0.077615 0.284570 0.743737 0.999890 1.117392 1.246913 1.330745 1.284170 1.077653 0.997634 0.996710 0.974496 0.850164 0.612846 0.381136 0.216279 0.109880 0.049530 0.019854 0.008784 0.007166 0.010784 0.022854 0.042623 
0.049939 0.056606 0.055823 0.048762 0.057819 0.159182 0.508003 0.889145 1.058641 1.186361 1.299308 1.313279 1.185092 1.027757 0.997172 0.988264 0.925095 0.744927 0.488634 0.291400 0.157323 0.075871 0.032366 0.013137 0.007773 0.008523 0.015763 0.032715 
0.042613 0.054105 0.056312 0.052195 0.052159 0.096962 0.302660 0.720990 0.979115 1.124348 1.255207 1.308040 1.265209 1.094224 1.009755 0.992718 0.963462 0.849636 0.618914 0.382122 0.217783 0.111853 0.051084 0.021019 0.009784 0.008054 0.011331 0.023025 
0.032844 0.049520 0.055485 0.054258 0.052172 0.068960 0.179700 0.505272 0.864164 1.053528 1.199530 1.288228 1.291979 1.184921 1.043560 1.001236 0.979618 0.917121 0.748887 0.492220 0.292652 0.159173 0.077631 0.033698 0.014214 0.008703 0.009283 0.016126 
0.023256 0.042521 0.053248 0.055025 0.053062 0.058468 0.112586 0.315632 0.701744 0.964266 1.133692 1.254497 1.290572 1.251832 1.106149 1.019810 0.990427 0.953479 0.846221 0.624471 0.384175 0.219421 0.113701 0.052608 0.022209 0.010769 0.008920 0.011922 
0.016547 0.032964 0.049003 0.054358 0.054043 0.055089 0.079438 0.195493 0.501253 0.844642 1.055057 1.204686 1.277044 1.276044 1.184941 1.055860 1.005119 0.972899 0.908639 0.749657 0.497198 0.294418 0.160982 0.079318 0.035039 0.015290 0.009614 0.010046 
0.012538 0.023564 0.042319 0.052350 0.054201 0.054435 0.064351 0.126002 0.324660 0.684866 0.957448 1.139530 1.249910 1.276669 1.241756 1.115355 1.028174 0.989009 0.944774 0.840988 0.628903 0.387140 0.221229 0.115477 0.054112 0.023405 0.011742 0.009776 
0.010811 0.017018 0.033066 0.048357 0.053478 0.054318 0.058183 0.088709 0.208205 0.495522 0.832469 1.057452 1.205173 1.266634 1.263577 1.185089 1.065763 1.008591 0.967525 0.900325 0.748483 0.502250 0.296665 0.162805 0.080962 0.036378 0.016362 0.010513 
0.010625 0.013176 0.023906 0.041983 0.051452 0.053898 0.055873 0.070113 0.137336 0.330886 0.671787 0.954618 1.142095 1.243586 1.265488 1.233761 1.122761 1.035164 0.988058 0.937191 0.834984 0.632084 0.390492 0.223232 0.117226 0.055599 0.024599 0.012706 
0.011406 0.011582 0.017519 0.033102 0.047596 0.052734 0.054885 0.061460 0.097102 0.218320 0.490177 0.825122 1.059105 1.202789 1.257275 1.253590 1.185245 1.073901 1.011611 0.963095 0.892505 0.746121 0.506833 0.299205 0.164682 0.082584 0.037711 0.017426 
0.013663 0.011472 0.013830 0.024241 0.041518 0.050538 0.053810 0.057620 0.075647 0.147014 0.335418 0.662384 0.953401 1.142097 1.236843 1.255893 1.227500 1.128816 1.041034 0.987353 0.930559 0.828787 0.634132 0.393881 0.225390 0.118980 0.057074 0.025786 
0.018483 0.012294 0.012356 0.018029 0.033053 0.046747 0.052174 0.055647 0.064856 0.104663 0.226587 0.486075 0.820682 1.059492 1.198932 1.248749 1.245246 1.185582 1.080663 1.014194 0.959345 0.885296 0.743070 0.510736 0.301876 0.166622 0.084200 0.039034 
0.026963 0.014615 0.012317 0.014491 0.024539 0.040933 0.049705 0.053911 0.059535 0.080935 0.155360 0.339135 0.655963 0.952509 1.140415 1.230068 1.247435 1.222434 1.133973 1.045976 0.986769 0.924720 0.822705 0.635232 0.397105 0.227645 0.120754 0.058540 
0.040348 0.019533 0.013179 0.013132 0.018531 0.032896 0.045890 0.051808 0.056545 0.068263 0.111520 0.233579 0.483453 0.817816 1.058743 1.194277 1.240922 1.238060 1.186078 1.086375 1.016373 0.956100 0.878708 0.739651 0.513917 0.304554 0.168615 0.085817 
0.060001 0.028133 0.015567 0.013150 0.015157 0.024764 0.040277 0.048996 0.054176 0.061532 0.085949 0.162699 0.342539 0.651752 0.951454 1.137621 1.223430 1.239849 1.218209 1.138479 1.050158 0.986236 0.919544 0.816888 0.635572 0.400058 0.229942 0.122550 
0.087440 0.041654 0.020581 0.014056 0.013902 0.019010 0.032631 0.045079 0.051586 0.057582 0.071608 0.117782 0.239733 0.482163 0.815795 1.057082 1.189199 1.233692 1.231734 1.185605 1.092342 1.018197 0.953237 0.872712 0.736062 0.516415 0.307159 0.170640 
0.124364 0.061458 0.029299 0.016522 0.013960 0.015818 0.024903 0.039598 0.048397 0.054584 0.063591 0.090676 0.169286 0.345888 0.649122 0.950085 1.134094 1.217007 1.232958 1.214191 1.142476 1.054122 0.985717 0.914920 0.811403 0.635314 0.402695 0.232235 
0.172679 0.089067 0.042956 0.021634 0.014921 0.014657 0.019457 0.032286 0.044323 0.051490 0.058735 0.074874 0.123540 0.245338 0.481960 0.814223 1.054726 1.183921 1.226976 1.225920 1.184952 1.097885 1.019919 0.950617 0.867251 0.732430 0.518301 0.309641 
0.234491 0.126186 0.062913 0.030469 0.017471 0.014756 0.016457 0.024967 0.038914 0.047907 0.055103 0.065693 0.095141 0.175298 0.349296 0.647606 0.948388 1.130091 1.210831 1.226580 1.210425 1.146043 1.057819 0.985268 0.910692 0.806272 0.634595 0.405009 
0.311973 0.174709 0.090696 0.044260 0.022685 0.015774 0.015394 0.019861 0.031880 0.043635 0.051505 0.059974 0.078060 0.128881 0.250566 0.482912 0.812573 1.051860 1.178585 1.220674 1.220522 1.184262 1.102952 1.021544 0.948233 0.862213 0.728841 0.519657 
0.407013 0.236685 0.128005 0.064370 0.031639 0.018413 0.015536 0.017069 0.024959 0.038243 0.047570 0.055665 0.067815 0.099378 0.180866 0.352907 0.646875 0.946287 1.125802 1.204890 1.220617 1.206906 1.149239 1.061248 0.984889 0.906812 0.801446 0.633538 
0.520578 0.314143 0.176714 0.092325 0.045567 0.023733 0.016615 0.016111 0.020219 0.031422 0.043061 0.051617 0.061233 0.081170 0.133882 0.255567 0.484650 0.810887 1.048597 1.173266 1.214720 1.215475 1.183567 1.107580 1.023068 0.946065 0.857540 0.725310 
0.632007 0.408948 0.238799 0.129816 0.065830 0.032810 0.019347 0.016300 0.017652 0.024934 0.037572 0.047339 0.056293 0.069911 0.103429 0.186103 0.356684 0.646690 0.943873 1.121334 1.199080 1.215192 1.203510 1.151083 1.065451 0.984567 0.903243 0.796888 
