0.107254 0.089823 0.059524 0.038753 0.038997 0.069550 0.145859 0.274927 0.457867 0.681722 0.897507 1.038158 1.060232 0.977026 0.783509 0.544514 0.331352 0.173816 0.077809 0.030104 0.010467 0.003373 0.002876 0.009376 0.027698 0.057062 0.088853 0.107087 
0.107191 0.100717 0.075091 0.046542 0.038845 0.050485 0.101985 0.203798 0.359663 0.565689 0.799006 0.982655 1.051955 1.029030 0.894056 0.666467 0.430980 0.244893 0.119775 0.050448 0.018717 0.006095 0.003062 0.005313 0.017059 0.041000 0.074349 0.100229 
0.104580 0.104764 0.090298 0.058575 0.041731 0.043210 0.071253 0.146602 0.274974 0.456406 0.685145 0.905124 1.025967 1.043358 0.975549 0.791839 0.543536 0.330315 0.175360 0.080412 0.032194 0.011208 0.004200 0.003907 0.010000 0.027505 0.057432 0.089654 
0.098960 0.104695 0.099339 0.074734 0.048048 0.042286 0.053911 0.103014 0.204161 0.359058 0.565957 0.807527 0.978477 1.036836 1.017930 0.898182 0.671376 0.429642 0.245337 0.122045 0.052899 0.019954 0.006864 0.004016 0.006191 0.017326 0.040916 0.075418 
0.089415 0.102544 0.102686 0.089443 0.059036 0.044447 0.046645 0.073778 0.147082 0.274890 0.456007 0.691235 0.907076 1.014952 1.029746 0.970661 0.798161 0.545197 0.329863 0.176923 0.082947 0.033944 0.012129 0.005084 0.004832 0.010639 0.027564 0.058173 
0.075979 0.097603 0.102633 0.097720 0.074407 0.049917 0.045271 0.057095 0.104658 0.204173 0.358785 0.569281 0.812651 0.972649 1.024198 1.007589 0.898588 0.677033 0.429731 0.246022 0.124313 0.055047 0.021190 0.007758 0.004927 0.007010 0.017712 0.041158 
0.058796 0.088865 0.100747 0.100791 0.088364 0.059829 0.047013 0.049705 0.076409 0.147922 0.274592 0.457047 0.697278 0.906206 1.004867 1.017970 0.964637 0.801879 0.548651 0.330126 0.178612 0.085254 0.035566 0.013149 0.005988 0.005708 0.011283 0.027842 
0.041630 0.076104 0.096286 0.100774 0.096131 0.074145 0.051819 0.048023 0.060055 0.106564 0.204362 0.358847 0.573854 0.815525 0.966231 1.013056 0.997970 0.896937 0.682236 0.431012 0.247100 0.126474 0.057001 0.022450 0.008709 0.005813 0.007799 0.018190 
0.028279 0.059275 0.088157 0.099091 0.099033 0.087305 0.060708 0.049446 0.052535 0.079000 0.149052 0.274519 0.458785 0.702727 0.903864 0.995497 1.007399 0.958197 0.803795 0.552776 0.331145 0.180393 0.087372 0.037124 0.014224 0.006899 0.006558 0.011943 
0.018742 0.042208 0.075959 0.094991 0.099069 0.094628 0.073949 0.053670 0.050605 0.062846 0.108578 0.204859 0.359302 0.578647 0.816983 0.959647 1.002936 0.988948 0.894146 0.686689 0.433101 0.248553 0.128536 0.058830 0.023727 0.009688 0.006686 0.008577 
0.012626 0.028813 0.059638 0.087344 0.097540 0.097404 0.086268 0.061657 0.051754 0.055195 0.081525 0.150400 0.274810 0.460862 0.707401 0.900737 0.986702 0.997690 0.951649 0.804499 0.557031 0.332760 0.182256 0.089358 0.038645 0.015328 0.007812 0.007395 
0.009356 0.019350 0.042785 0.075680 0.093716 0.097489 0.093211 0.073809 0.055468 0.053044 0.065499 0.110644 0.205663 0.360131 0.583221 0.817490 0.953092 0.993570 0.980425 0.890713 0.690405 0.435675 0.250307 0.130533 0.060577 0.025012 0.010682 0.007551 
0.008228 0.013330 0.029387 0.059908 0.086481 0.096074 0.095885 0.085268 0.062649 0.053953 0.057715 0.083985 0.151920 0.275465 0.463098 0.711291 0.897181 0.978391 0.988641 0.945140 0.804383 0.561173 0.334792 0.184193 0.091256 0.040140 0.016447 0.008725 
0.008415 0.010141 0.019989 0.043333 0.075317 0.092477 0.096003 0.091880 0.073718 0.057214 0.055364 0.068036 0.112744 0.206741 0.361271 0.587412 0.817321 0.946656 0.984797 0.972328 0.886918 0.693481 0.438509 0.252285 0.132497 0.062270 0.026297 0.011683 
0.009640 0.009062 0.014050 0.029974 0.060098 0.085601 0.094681 0.094457 0.084346 0.063634 0.056058 0.060116 0.086386 0.153582 0.276439 0.465390 0.714468 0.893388 0.970494 0.980121 0.938741 0.803703 0.565094 0.337092 0.186196 0.093102 0.041614 0.017572 
0.012687 0.009279 0.010932 0.020645 0.043838 0.074902 0.091276 0.094597 0.090637 0.073674 0.058899 0.057580 0.070475 0.114868 0.208053 0.362653 0.591183 0.816655 0.940376 0.976511 0.964603 0.882929 0.696019 0.441455 0.254419 0.134448 0.063927 0.027579 
0.018698 0.010557 0.009899 0.014781 0.030556 0.060223 0.084721 0.093351 0.093112 0.083507 0.064604 0.058074 0.062415 0.088734 0.155362 0.277676 0.468059 0.716638 0.889464 0.962960 0.972045 0.932487 0.802628 0.568753 0.339554 0.188252 0.094916 0.043071 
0.028855 0.013692 0.010146 0.011730 0.021307 0.044299 0.074455 0.090115 0.093262 0.089480 0.073671 0.060523 0.059702 0.072827 0.117009 0.209558 0.364359 0.594543 0.815467 0.934263 0.968639 0.957211 0.878845 0.698108 0.444416 0.256657 0.136398 0.065560 
0.044515 0.019821 0.011476 0.010740 0.015519 0.031127 0.060294 0.083849 0.092082 0.091844 0.082747 0.065556 0.060010 0.064624 0.091036 0.157238 0.279177 0.471186 0.717771 0.885418 0.955748 0.964353 0.926395 0.801273 0.572140 0.342099 0.190350 0.096712 
0.067175 0.030125 0.014697 0.011016 0.012532 0.021970 0.044717 0.073987 0.088994 0.091992 0.088403 0.073708 0.062090 0.061740 0.075105 0.119163 0.211240 0.366422 0.597523 0.813759 0.928298 0.961126 0.950119 0.874730 0.699708 0.447447 0.258961 0.138351 
0.098498 0.045947 0.020943 0.012396 0.011584 0.016261 0.031679 0.060319 0.082992 0.090868 0.090646 0.082059 0.066490 0.061871 0.066752 0.093298 0.159199 0.280943 0.474341 0.718353 0.881242 0.948816 0.956999 0.920472 0.799673 0.575260 0.344719 0.192476 
0.140308 0.068779 0.031388 0.015703 0.011889 0.013338 0.022627 0.045093 0.073505 0.087914 0.090785 0.087398 0.073778 0.063603 0.063702 0.077317 0.121329 0.213091 0.368685 0.600161 0.811712 0.922453 0.953930 0.943301 0.870607 0.700418 0.450968 0.261315 
0.194627 0.100277 0.047370 0.022061 0.013319 0.012432 0.017003 0.032213 0.060306 0.082152 0.089708 0.089515 0.081437 0.067419 0.063640 0.068820 0.095523 0.161241 0.282909 0.477428 0.718538 0.876991 0.942126 0.949944 0.914712 0.797699 0.578126 0.347561 
0.263771 0.142271 0.070374 0.032645 0.016708 0.012765 0.014146 0.023278 0.045430 0.073015 0.086875 0.089636 0.086461 0.073890 0.065057 0.065583 0.079481 0.123506 0.215081 0.371062 0.602491 0.809429 0.916723 0.947012 0.936732 0.866428 0.700733 0.454514 
0.350487 0.196821 0.102051 0.048785 0.023177 0.014244 0.013283 0.017743 0.032726 0.060259 0.081332 0.088600 0.088445 0.080883 0.068370 0.065254 0.070860 0.097727 0.163350 0.285021 0.480407 0.718416 0.872702 0.935654 0.943157 0.909083 0.795504 0.580754 
0.457985 0.266292 0.144248 0.071961 0.033897 0.017714 0.013643 0.014955 0.023919 0.045731 0.072521 0.085875 0.088542 0.085590 0.074071 0.066423 0.067356 0.081636 0.125694 0.217179 0.373500 0.604549 0.806975 0.911109 0.940343 0.930379 0.862232 0.700776 
0.583160 0.353432 0.199050 0.103827 0.050194 0.024291 0.015170 0.014135 0.018481 0.033219 0.060184 0.080534 0.087542 0.087435 0.080417 0.069291 0.066773 0.072828 0.099943 0.165508 0.287235 0.483261 0.718049 0.868404 0.929380 0.936607 0.903579 0.793167 
0.700613 0.461343 0.268847 0.146240 0.073544 0.035145 0.018720 0.014523 0.015765 0.024551 0.046000 0.072027 0.084914 0.087502 0.084790 0.074292 0.067717 0.069044 0.083753 0.127919 0.219352 0.375961 0.606364 0.804399 0.905611 0.933897 0.924221 0.858046 
