0.105746 0.086797 0.057365 0.029153 0.010364 0.002105 0.000136 0.000136 0.002105 0.010364 0.029153 0.057365 0.086797 0.105746 0.105746 0.086797 0.057365 0.029153 0.010364 0.002105 0.000136 0.000136 0.002105 0.010364 0.029153 0.057365 0.086797 0.105746 
0.105746 0.096271 0.072081 0.043259 0.019759 0.006235 0.001121 0.000136 0.001121 0.006235 0.019759 0.043259 0.072081 0.096271 0.105746 0.096271 0.072081 0.043259 0.019759 0.006235 0.001121 0.000136 0.001121 0.006235 0.019759 0.043259 0.072081 0.096271 
0.101009 0.101009 0.084176 0.057670 0.031509 0.012997 0.003678 0.000628 0.000628 0.003678 0.012997 0.031509 0.057670 0.084176 0.101009 0.101009 0.084176 0.057670 0.031509 0.012997 0.003678 0.000628 0.000628 0.003678 0.012997 0.031509 0.057670 0.084176 
0.092592 0.101009 0.092592 0.070923 0.044590 0.022253 0.008337 0.002153 0.000628 0.002153 0.008337 0.022253 0.044590 0.070923 0.092592 0.101009 0.092592 0.070923 0.044590 0.022253 0.008337 0.002153 0.000628 0.002153 0.008337 0.022253 0.044590 0.070923 
0.081758 0.096800 0.096800 0.081758 0.057756 0.033421 0.015295 0.005245 0.001391 0.001391 0.005245 0.015295 0.033421 0.057756 0.081758 0.096800 0.096800 0.081758 0.057756 0.033421 0.015295 0.005245 0.001391 0.001391 0.005245 0.015295 0.033421 0.057756 
0.069757 0.089279 0.096800 0.089279 0.069757 0.045589 0.024358 0.010270 0.003318 0.001391 0.003318 0.010270 0.024358 0.045589 0.069757 0.089279 0.096800 0.089279 0.069757 0.045589 0.024358 0.010270 0.003318 0.001391 0.003318 0.010270 0.024358 0.045589 
0.057673 0.079518 0.093040 0.093040 0.079518 0.057673 0.034973 0.017314 0.006794 0.002354 0.002354 0.006794 0.017314 0.034973 0.057673 0.079518 0.093040 0.093040 0.079518 0.057673 0.034973 0.017314 0.006794 0.002354 0.002354 0.006794 0.017314 0.034973 
0.046323 0.068595 0.086279 0.093040 0.086279 0.068595 0.046323 0.026144 0.012054 0.004574 0.002354 0.004574 0.012054 0.026144 0.046323 0.068595 0.086279 0.093040 0.086279 0.068595 0.046323 0.026144 0.012054 0.004574 0.002354 0.004574 0.012054 0.026144 
0.036233 0.057459 0.077437 0.089659 0.089659 0.077437 0.057459 0.036233 0.019099 0.008314 0.003464 0.003464 0.008314 0.019099 0.036233 0.057459 0.077437 0.089659 0.089659 0.077437 0.057459 0.036233 0.019099 0.008314 0.003464 0.003464 0.008314 0.019099 
0.027666 0.046846 0.067448 0.083548 0.089659 0.083548 0.067448 0.046846 0.027666 0.013707 0.005889 0.003464 0.005889 0.013707 0.027666 0.046846 0.067448 0.083548 0.089659 0.083548 0.067448 0.046846 0.027666 0.013707 0.005889 0.003464 0.005889 0.013707 
0.020686 0.037256 0.057147 0.075498 0.086604 0.086604 0.075498 0.057147 0.037256 0.020686 0.009798 0.004677 0.004677 0.009798 0.020686 0.037256 0.057147 0.075498 0.086604 0.086604 0.075498 0.057147 0.037256 0.020686 0.009798 0.004677 0.004677 0.009798 
0.015242 0.028971 0.047202 0.066323 0.081051 0.086604 0.081051 0.066323 0.047202 0.028971 0.015242 0.007237 0.004677 0.007237 0.015242 0.028971 0.047202 0.066323 0.081051 0.086604 0.081051 0.066323 0.047202 0.028971 0.015242 0.007237 0.004677 0.007237 
0.011240 0.022107 0.038087 0.056762 0.073687 0.083827 0.083827 0.073687 0.056762 0.038087 0.022107 0.011240 0.005957 0.005957 0.011240 0.022107 0.038087 0.056762 0.073687 0.083827 0.083827 0.073687 0.056762 0.038087 0.022107 0.011240 0.005957 0.005957 
0.008598 0.016673 0.030097 0.047424 0.065225 0.078757 0.083827 0.078757 0.065225 0.047424 0.030097 0.016673 0.008598 0.005957 0.008598 0.016673 0.030097 0.047424 0.065225 0.078757 0.083827 0.078757 0.065225 0.047424 0.030097 0.016673 0.008598 0.005957 
0.007278 0.012636 0.023385 0.038761 0.056325 0.071991 0.081292 0.081292 0.071991 0.056325 0.038761 0.023385 0.012636 0.007278 0.007278 0.012636 0.023385 0.038761 0.056325 0.071991 0.081292 0.081292 0.071991 0.056325 0.038761 0.023385 0.012636 0.007278 
0.007278 0.009957 0.018010 0.031073 0.047543 0.064158 0.076642 0.081292 0.076642 0.064158 0.047543 0.031073 0.018010 0.009957 0.007278 0.009957 0.018010 0.031073 0.047543 0.064158 0.076642 0.081292 0.076642 0.064158 0.047543 0.031073 0.018010 0.009957 
0.008617 0.008617 0.013984 0.024542 0.039308 0.055850 0.070400 0.078967 0.078967 0.070400 0.055850 0.039308 0.024542 0.013984 0.008617 0.008617 0.013984 0.024542 0.039308 0.055850 0.070400 0.078967 0.078967 0.070400 0.055850 0.039308 0.024542 0.013984 
0.011300 0.008617 0.011300 0.019263 0.031925 0.047579 0.063125 0.074683 0.078967 0.074683 0.063125 0.047579 0.031925 0.019263 0.011300 0.008617 0.011300 0.019263 0.031925 0.047579 0.063125 0.074683 0.078967 0.074683 0.063125 0.047579 0.031925 0.019263 
0.015281 0.009959 0.009959 0.015281 0.025594 0.039752 0.055352 0.068904 0.076825 0.076825 0.068904 0.055352 0.039752 0.025594 0.015281 0.009959 0.009959 0.015281 0.025594 0.039752 0.055352 0.068904 0.076825 0.076825 0.068904 0.055352 0.039752 0.025594 
0.020438 0.012620 0.009959 0.012620 0.020438 0.032673 0.047552 0.062128 0.072865 0.076825 0.072865 0.062128 0.047552 0.032673 0.020438 0.012620 0.009959 0.012620 0.020438 0.032673 0.047552 0.062128 0.072865 0.076825 0.072865 0.062128 0.047552 0.032673 
0.026555 0.016529 0.011289 0.011289 0.016529 0.026555 0.040112 0.054840 0.067496 0.074845 0.074845 0.067496 0.054840 0.040112 0.026555 0.016529 0.011289 0.011289 0.016529 0.026555 0.040112 0.054840 0.067496 0.074845 0.074845 0.067496 0.054840 0.040112 
0.033334 0.021542 0.013909 0.011289 0.013909 0.021542 0.033334 0.047476 0.061168 0.071171 0.074845 0.071171 0.061168 0.047476 0.033334 0.021542 0.013909 0.011289 0.013909 0.021542 0.033334 0.047476 0.061168 0.071171 0.074845 0.071171 0.061168 0.047476 
0.040405 0.027438 0.017726 0.012599 0.012599 0.017726 0.027438 0.040405 0.054322 0.066169 0.073008 0.073008 0.066169 0.054322 0.040405 0.027438 0.017726 0.012599 0.012599 0.017726 0.027438 0.040405 0.054322 0.066169 0.073008 0.073008 0.066169 0.054322 
0.047363 0.033921 0.022582 0.015162 0.012599 0.015162 0.022582 0.033921 0.047363 0.060246 0.069589 0.073008 0.069589 0.060246 0.047363 0.033921 0.022582 0.015162 0.012599 0.015162 0.022582 0.033921 0.047363 0.060246 0.069589 0.073008 0.069589 0.060246 
0.053805 0.040642 0.028252 0.018872 0.013881 0.013881 0.018872 0.028252 0.040642 0.053805 0.064917 0.071298 0.071298 0.064917 0.053805 0.040642 0.028252 0.018872 0.013881 0.013881 0.018872 0.028252 0.040642 0.053805 0.064917 0.071298 0.071298 0.064917 
0.059361 0.047223 0.034447 0.023562 0.016376 0.013881 0.016376 0.023562 0.034447 0.047223 0.059361 0.068108 0.071298 0.068108 0.059361 0.047223 0.034447 0.023562 0.016376 0.013881 0.016376 0.023562 0.034447 0.047223 0.059361 0.068108 0.071298 0.068108 
0.063734 0.053292 0.040835 0.029004 0.019969 0.015129 0.015129 0.019969 0.029004 0.040835 0.053292 0.063734 0.069703 0.069703 0.063734 0.053292 0.040835 0.029004 0.019969 0.015129 0.015129 0.019969 0.029004 0.040835 0.053292 0.063734 0.069703 0.069703 
0.066719 0.058513 0.047064 0.034920 0.024487 0.017549 0.015129 0.017549 0.024487 0.034920 0.047064 0.058513 0.066719 0.069703 0.066719 0.058513 0.047064 0.034920 0.024487 0.017549 0.015129 0.017549 0.024487 0.034920 0.047064 0.058513 0.066719 0.069703 
