0.002866 0.011484 0.031341 0.074927 0.157014 0.289552 0.471381 0.678575 0.864338 0.974271 1.471732 1.857459 1.669248 1.461876 1.281753 1.152040 0.573236 0.033032 0.016457 0.011516 0.010589 0.009791 0.007874 0.005175 0.002626 0.000933 0.000190 0.000012 
0.001439 0.007175 0.021412 0.053134 0.115970 0.223283 0.380466 0.574978 0.771457 0.919304 1.223001 1.664595 1.763354 1.565562 1.371814 1.216896 0.862638 0.303134 0.024745 0.013986 0.011052 0.010190 0.008832 0.006524 0.003901 0.001780 0.000561 0.000101 
0.000770 0.004307 0.014294 0.037273 0.084552 0.169627 0.301875 0.477722 0.673217 0.845381 1.071153 1.443798 1.713975 1.664458 1.468688 1.294355 1.039767 0.582886 0.163939 0.019365 0.012519 0.010621 0.009511 0.007678 0.005212 0.002840 0.001170 0.000331 
0.000551 0.002539 0.009300 0.025783 0.060913 0.127089 0.235751 0.389798 0.575470 0.759299 0.958267 1.257476 1.578886 1.689216 1.566573 1.381522 1.167061 0.811327 0.373413 0.091652 0.015942 0.011570 0.010066 0.008595 0.006445 0.004026 0.002005 0.000751 
0.000651 0.001545 0.005920 0.017542 0.043348 0.094001 0.181420 0.312774 0.482634 0.667384 0.858783 1.107871 1.418181 1.634051 1.627894 1.474047 1.274291 0.989194 0.592370 0.232532 0.053797 0.013756 0.010818 0.009331 0.007520 0.005236 0.003016 0.001378 
0.001014 0.001098 0.003732 0.011731 0.030445 0.068675 0.137710 0.247097 0.397704 0.575009 0.763084 0.983327 1.263026 1.526116 1.630973 1.550971 1.374169 1.131743 0.790782 0.412451 0.143165 0.033777 0.012287 0.010074 0.008425 0.006378 0.004126 0.002197 
0.001606 0.001056 0.002415 0.007731 0.021088 0.049560 0.103192 0.192404 0.322401 0.486357 0.669046 0.873205 1.123177 1.394571 1.578544 1.590972 1.462570 1.252956 0.961262 0.601616 0.277808 0.088471 0.023032 0.011181 0.009250 0.007402 0.005252 0.003161 
0.002383 0.001331 0.001735 0.005073 0.014410 0.035324 0.076376 0.147798 0.257402 0.404379 0.577702 0.771126 0.998191 1.258874 1.486558 1.584758 1.526771 1.357763 1.107109 0.781439 0.439712 0.183139 0.055752 0.017107 0.010215 0.008326 0.006327 0.004207 
0.003295 0.001857 0.001533 0.003404 0.009741 0.024867 0.055850 0.112087 0.202600 0.330891 0.491040 0.674414 0.884658 1.128532 1.372716 1.535658 1.555765 1.442267 1.232436 0.944274 0.610576 0.311426 0.119445 0.036429 0.013661 0.009271 0.007326 0.005267 
0.004281 0.002576 0.001695 0.002469 0.006573 0.017304 0.040358 0.083969 0.157344 0.266745 0.410965 0.582727 0.779536 1.006595 1.250624 1.454187 1.545711 1.499016 1.337352 1.088355 0.777425 0.461001 0.215436 0.077937 0.025045 0.011466 0.008298 0.006296 
0.005289 0.003428 0.002136 0.002082 0.004521 0.011938 0.028831 0.062163 0.120656 0.212045 0.338855 0.496846 0.681132 0.893066 1.128610 1.352405 1.499949 1.522364 1.418184 1.212853 0.932890 0.619213 0.338218 0.146686 0.051491 0.018255 0.009882 0.007297 
0.006293 0.004359 0.002782 0.002109 0.003301 0.008230 0.020385 0.045497 0.091410 0.166350 0.275450 0.417851 0.588989 0.787099 1.010838 1.240508 1.426177 1.511156 1.470274 1.315519 1.072872 0.776051 0.478716 0.242452 0.099089 0.034873 0.014069 0.008590 
0.007441 0.005326 0.003570 0.002445 0.002705 0.005765 0.014307 0.032941 0.068454 0.128880 0.220900 0.346650 0.503420 0.688044 0.898968 1.125673 1.333342 1.468667 1.490715 1.392896 1.194195 0.924462 0.627384 0.360584 0.170771 0.066981 0.024471 0.011329 
0.009385 0.006384 0.004448 0.003008 0.002575 0.004235 0.010036 0.023624 0.050697 0.098667 0.174890 0.283775 0.425035 0.595732 0.793506 1.012320 1.229508 1.401005 1.479691 1.441806 1.293546 1.059328 0.775923 0.493984 0.265677 0.118876 0.045726 0.017900 
0.013643 0.007884 0.005416 0.003728 0.002792 0.003405 0.007136 0.016830 0.037161 0.074682 0.136778 0.229333 0.354405 0.510383 0.694619 0.902913 1.120914 1.315256 1.440348 1.460748 1.367676 1.176437 0.917625 0.634953 0.379830 0.192277 0.082301 0.031813 
0.022728 0.010764 0.006650 0.004572 0.003260 0.003098 0.005271 0.011983 0.026995 0.055921 0.105730 0.183056 0.291869 0.432394 0.602501 0.798766 1.011914 1.218085 1.377802 1.450548 1.414212 1.272056 1.047031 0.776289 0.507392 0.286054 0.137289 0.057057 
0.039892 0.016746 0.008707 0.005611 0.003916 0.003179 0.004184 0.008627 0.019489 0.041458 0.080826 0.144393 0.237462 0.362132 0.517448 0.700634 0.905340 1.114999 1.297943 1.414175 1.432380 1.343134 1.159544 0.911660 0.641841 0.396723 0.211671 0.097173 
0.068533 0.028319 0.012726 0.007159 0.004763 0.003547 0.003682 0.006406 0.014058 0.030474 0.061142 0.112609 0.190928 0.299797 0.439790 0.609041 0.802987 1.010170 1.206471 1.356059 1.423277 1.387757 1.251339 1.035602 0.776750 0.519282 0.304197 0.154422 
0.111477 0.048426 0.020523 0.009943 0.005961 0.004155 0.003615 0.005044 0.010232 0.022266 0.045808 0.086876 0.151768 0.245362 0.369793 0.524415 0.706014 0.906578 1.108320 1.281265 1.389668 1.405517 1.319548 1.143470 0.906176 0.648016 0.411739 0.229309 
0.170393 0.079952 0.034474 0.015233 0.007952 0.005058 0.003885 0.004329 0.007638 0.016249 0.034037 0.066342 0.119322 0.198565 0.307578 0.447104 0.615214 0.806296 1.007449 1.194793 1.335467 1.397593 1.362533 1.231509 1.024823 0.777096 0.529878 0.320524 
0.245459 0.125172 0.057213 0.024853 0.011592 0.006505 0.004472 0.004107 0.005983 0.011943 0.025143 0.050189 0.092832 0.158944 0.253072 0.377341 0.531159 0.710755 0.906873 1.101121 1.265130 1.366530 1.380063 1.297021 1.128166 0.900960 0.653487 0.425201 
0.335330 0.185316 0.091193 0.041033 0.018223 0.009049 0.005488 0.004289 0.005045 0.008963 0.018543 0.037666 0.071511 0.125888 0.206008 0.315206 0.454250 0.620957 0.808814 1.003997 1.183125 1.315830 1.373296 1.338542 1.212594 1.014563 0.777223 0.539344 
0.437337 0.260323 0.138254 0.066113 0.029628 0.013636 0.007269 0.004889 0.004667 0.007004 0.013753 0.028105 0.054588 0.098699 0.165948 0.260607 0.384728 0.537604 0.714886 0.906405 1.093561 1.249478 1.344563 1.355919 1.275568 1.113578 0.895893 0.658284 
0.547810 0.348830 0.199288 0.102184 0.047870 0.021632 0.010452 0.006079 0.004778 0.005836 0.010379 0.020929 0.041347 0.076644 0.132324 0.213277 0.322668 0.461166 0.626245 0.810645 0.999983 1.171519 1.297020 1.350241 1.315743 1.194573 1.004736 0.777088 
0.662449 0.448320 0.274059 0.150736 0.075027 0.034751 0.016042 0.008265 0.005428 0.005307 0.008107 0.015654 0.031138 0.058995 0.104484 0.172800 0.267972 0.391917 0.543705 0.718445 0.905314 1.085751 1.234270 1.323631 1.332992 1.255158 1.099654 0.890912 
0.776681 0.555385 0.361190 0.212398 0.112882 0.054889 0.025397 0.012154 0.006847 0.005368 0.006707 0.011881 0.023396 0.045066 0.081739 0.138642 0.220386 0.329945 0.467811 0.631075 0.811880 0.995533 1.160011 1.278950 1.328311 1.294075 1.177406 0.995283 
0.885982 0.666033 0.458287 0.286794 0.162640 0.083885 0.040143 0.018775 0.009500 0.006107 0.006037 0.009294 0.017638 0.034231 0.063403 0.110191 0.179514 0.275166 0.398878 0.549443 0.721477 0.903706 1.077772 1.219480 1.303631 1.311193 1.235741 1.086345 
0.986163 0.776007 0.562160 0.372540 0.224717 0.123262 0.062014 0.029459 0.014138 0.007804 0.006072 0.007666 0.013466 0.025935 0.048817 0.086797 0.144853 0.227340 0.337022 0.474160 0.635460 0.812592 0.990739 1.148626 1.261556 1.307412 1.273467 1.161043 
