0.048836 0.032330 0.016673 0.506902 1.004888 1.011371 1.030485 1.073487 1.157681 0.798139 0.494131 0.717882 0.916008 1.028590 1.017931 0.888794 0.685457 0.467694 0.282924 0.151927 0.072380 0.031593 0.017124 0.020103 0.033340 0.049097 0.059544 0.059494 
0.054165 0.040583 0.024501 0.261787 0.755895 1.008129 1.020928 1.051986 1.115584 0.977910 0.646135 0.606007 0.816945 0.972299 1.023260 0.953363 0.787126 0.576575 0.375309 0.217426 0.112154 0.051986 0.024358 0.018613 0.026721 0.041219 0.054321 0.059519 
0.056842 0.047374 0.032542 0.143144 0.508841 0.882012 1.014529 1.036457 1.083785 1.046747 0.812023 0.626071 0.711476 0.894622 0.997780 0.988312 0.870244 0.681850 0.475942 0.296367 0.164790 0.082070 0.038172 0.021486 0.022667 0.033970 0.047770 0.056920 
0.056881 0.052108 0.039958 0.087843 0.325993 0.695427 0.948270 1.025493 1.060121 1.065266 0.929385 0.719047 0.668773 0.803049 0.946201 0.993046 0.929278 0.776047 0.578896 0.386155 0.230579 0.123430 0.060121 0.029829 0.022077 0.028319 0.040870 0.052345 
0.054613 0.054494 0.046033 0.063900 0.206918 0.510710 0.821849 0.986882 1.042807 1.062693 0.997325 0.824216 0.693910 0.735911 0.874625 0.969623 0.961162 0.852663 0.677472 0.482526 0.308367 0.177004 0.091775 0.044975 0.025953 0.025198 0.034594 0.046607 
0.050610 0.054554 0.050264 0.054967 0.135409 0.358814 0.666279 0.904365 1.014844 1.052750 1.030009 0.910771 0.759063 0.714911 0.805268 0.922124 0.965393 0.906912 0.765067 0.579999 0.395446 0.242685 0.134390 0.068375 0.035464 0.025575 0.029896 0.040601 
0.045605 0.052582 0.052409 0.052615 0.095188 0.247112 0.512547 0.785322 0.959605 1.033797 1.041380 0.970390 0.834917 0.736987 0.760089 0.863696 0.943758 0.936152 0.835990 0.672533 0.487722 0.319066 0.188538 0.101382 0.051920 0.030520 0.027736 0.035248 
0.040427 0.049094 0.052495 0.052512 0.073902 0.171150 0.379829 0.648934 0.872463 0.996701 1.037588 1.005885 0.902653 0.785952 0.748538 0.811893 0.903727 0.939955 0.886071 0.754261 0.580128 0.403394 0.253802 0.144960 0.076651 0.041220 0.029128 0.031492 
0.035959 0.044760 0.050794 0.052504 0.063207 0.122526 0.275489 0.514382 0.760699 0.934582 1.017145 1.021737 0.954269 0.844303 0.767245 0.780215 0.857810 0.921841 0.913013 0.820166 0.667195 0.491761 0.328598 0.199381 0.110806 0.058935 0.035174 0.030310 
0.033135 0.040360 0.047777 0.051649 0.057855 0.092866 0.199007 0.394936 0.637540 0.847641 0.975863 1.019441 0.988003 0.899286 0.805774 0.773730 0.819013 0.889826 0.917427 0.866590 0.743680 0.579478 0.410179 0.263989 0.155093 0.084870 0.047054 0.032742 
0.032938 0.036747 0.044069 0.049713 0.054752 0.075361 0.145937 0.296972 0.516238 0.742590 0.911752 0.997652 1.003722 0.943644 0.852530 0.789752 0.796371 0.854419 0.903626 0.892008 0.805135 0.661579 0.494829 0.337084 0.209541 0.119982 0.065962 0.039898 
0.036418 0.034843 0.040408 0.046891 0.052233 0.065056 0.110649 0.221454 0.406605 0.629414 0.827171 0.954702 1.000687 0.973683 0.898087 0.821141 0.793062 0.825395 0.879023 0.897817 0.848572 0.733357 0.578204 0.415956 0.273313 0.164762 0.092972 0.052930 
0.044674 0.035630 0.037625 0.043649 0.049562 0.058644 0.087853 0.166051 0.314029 0.518009 0.728293 0.890937 0.977694 0.987185 0.935885 0.859614 0.807101 0.809228 0.852209 0.888420 0.873195 0.790964 0.655780 0.497080 0.344635 0.219037 0.128867 0.072951 
0.058813 0.040152 0.036628 0.040637 0.046606 0.054103 0.073248 0.126952 0.240040 0.416019 0.623151 0.809615 0.934316 0.982440 0.961535 0.897750 0.833358 0.808165 0.830719 0.870315 0.880807 0.832080 0.723372 0.576430 0.420857 0.281836 0.173952 0.100909 
0.079861 0.049482 0.038390 0.038633 0.043621 0.050354 0.063676 0.100100 0.183496 0.328030 0.519585 0.716383 0.871965 0.958378 0.971987 0.929642 0.865554 0.820761 0.819442 0.850517 0.875561 0.856443 0.777726 0.649901 0.498644 0.351347 0.227894 0.137430 
0.108646 0.064672 0.043936 0.038511 0.041127 0.046988 0.057015 0.081888 0.141798 0.255763 0.423808 0.617984 0.794174 0.915171 0.965183 0.950815 0.897598 0.843157 0.820102 0.834979 0.863039 0.866002 0.817085 0.713814 0.574273 0.424995 0.289620 0.182662 
0.145654 0.086659 0.054304 0.041224 0.039819 0.044057 0.052001 0.069452 0.111843 0.198781 0.339785 0.520896 0.706079 0.854673 0.940177 0.957999 0.924206 0.870378 0.831629 0.827540 0.849009 0.864521 0.841543 0.765449 0.644043 0.499634 0.357308 0.236141 
0.190898 0.116156 0.070481 0.047764 0.040521 0.041938 0.048029 0.060726 0.090647 0.155312 0.269283 0.430341 0.613487 0.780376 0.897425 0.949088 0.941103 0.897292 0.851004 0.829585 0.838275 0.856765 0.853032 0.803496 0.704746 0.571839 0.428471 0.296725 
0.243811 0.153527 0.093319 0.059123 0.044143 0.041230 0.044984 0.054378 0.075687 0.122980 0.212297 0.349812 0.521914 0.696932 0.838900 0.923256 0.945095 0.919197 0.874148 0.840294 0.833930 0.847520 0.854898 0.828264 0.754121 0.638292 0.500155 0.362598 
0.303204 0.198669 0.123423 0.076221 0.051633 0.042686 0.043107 0.049681 0.065032 0.099333 0.167639 0.281055 0.435863 0.609423 0.767916 0.881078 0.934176 0.932146 0.896673 0.857221 0.837112 0.840725 0.851209 0.841581 0.791193 0.696207 0.569224 0.431376 
0.367290 0.250937 0.161046 0.099822 0.063927 0.047159 0.042897 0.046394 0.057357 0.082183 0.133486 0.224347 0.358459 0.522643 0.688669 0.824497 0.907627 0.933161 0.914409 0.876947 0.847167 0.838918 0.845967 0.846395 0.816387 0.743700 0.632715 0.500300 
0.433795 0.309113 0.205991 0.130434 0.081874 0.055543 0.045028 0.044645 0.051875 0.069770 0.107834 0.178916 0.291403 0.440551 0.605656 0.756583 0.866062 0.920394 0.923785 0.895678 0.862057 0.843042 0.842443 0.846181 0.831391 0.780043 0.688207 0.566507 
0.500151 0.371454 0.257552 0.168213 0.106154 0.068709 0.050286 0.044837 0.048260 0.060823 0.088802 0.143375 0.235159 0.365977 0.523103 0.681120 0.811323 0.893228 0.922090 0.909732 0.878867 0.852550 0.842743 0.844312 0.838786 0.805717 0.734125 0.627357 
0.563754 0.435803 0.314503 0.212882 0.137183 0.087431 0.059497 0.047561 0.046548 0.054541 0.074812 0.116089 0.189267 0.300568 0.444540 0.602112 0.746221 0.852275 0.907659 0.915911 0.894299 0.865708 0.847646 0.843527 0.841549 0.822252 0.769921 0.680741 
0.622248 0.499779 0.375153 0.263693 0.175033 0.112307 0.073464 0.053529 0.047055 0.050545 0.064677 0.095450 0.152678 0.244918 0.372554 0.523326 0.674166 0.799248 0.879967 0.911785 0.905105 0.880004 0.856677 0.845587 0.842538 0.831900 0.796086 0.725331 
0.673790 0.561013 0.437466 0.319423 0.219363 0.143670 0.092886 0.063497 0.050292 0.048800 0.057611 0.080064 0.124064 0.198798 0.308736 0.447940 0.598746 0.736707 0.839608 0.895876 0.908445 0.892555 0.868341 0.851132 0.844062 0.837219 0.813993 0.760709 
0.717249 0.617401 0.499240 0.378444 0.269393 0.181517 0.118278 0.078191 0.056894 0.049546 0.053205 0.068837 0.102064 0.161431 0.253767 0.378338 0.523343 0.667727 0.788157 0.867742 0.902160 0.900500 0.880448 0.859736 0.847597 0.840641 0.825606 0.787351 
0.752300 0.667325 0.558320 0.438842 0.323919 0.225455 0.149897 0.098235 0.067543 0.053220 0.051376 0.061021 0.085451 0.131748 0.207599 0.316052 0.450840 0.595535 0.727942 0.827950 0.884951 0.901330 0.890474 0.870092 0.853667 0.844119 0.833124 0.806479 
