0.048823 0.032268 0.016399 0.505830 1.001184 1.000077 1.000077 1.001184 1.005830 0.516399 0.032268 0.048823 0.059482 0.059482 0.048823 0.032268 0.016399 0.005830 0.001184 0.000077 0.000077 0.001184 0.005830 0.016399 0.032268 0.048823 0.059482 0.059482 
0.054153 0.040546 0.024333 0.261114 0.753507 1.000630 1.000077 1.000630 1.003507 0.761114 0.274333 0.040546 0.054153 0.059482 0.054153 0.040546 0.024333 0.011114 0.003507 0.000630 0.000077 0.000630 0.003507 0.011114 0.024333 0.040546 0.054153 0.059482 
0.056817 0.047349 0.032439 0.142724 0.507311 0.877069 1.000353 1.000353 1.002069 0.882311 0.517724 0.157439 0.047349 0.056817 0.056817 0.047349 0.032439 0.017724 0.007311 0.002069 0.000353 0.000353 0.002069 0.007311 0.017724 0.032439 0.047349 0.056817 
0.056817 0.052083 0.039894 0.087582 0.325017 0.692190 0.938711 1.000353 1.001211 0.942190 0.700017 0.337582 0.102394 0.052083 0.056817 0.052083 0.039894 0.025082 0.012517 0.004690 0.001211 0.000353 0.001211 0.004690 0.012517 0.025082 0.039894 0.052083 
0.054450 0.054450 0.045989 0.063738 0.206299 0.508603 0.815450 0.969532 1.000782 0.971700 0.821103 0.518799 0.219988 0.077239 0.054450 0.054450 0.045989 0.032488 0.018799 0.008603 0.002950 0.000782 0.000782 0.002950 0.008603 0.018799 0.032488 0.045989 
0.050220 0.054450 0.050220 0.054863 0.135019 0.357451 0.662027 0.892491 0.985157 0.986241 0.896402 0.669951 0.369394 0.148613 0.065845 0.054450 0.050220 0.039238 0.025644 0.013701 0.005777 0.001866 0.000782 0.001866 0.005777 0.013701 0.025644 0.039238 
0.044729 0.052335 0.052335 0.052541 0.094941 0.246235 0.509739 0.777259 0.938824 0.985699 0.941322 0.783177 0.519673 0.259004 0.107229 0.060147 0.052335 0.044729 0.032441 0.019673 0.009739 0.003822 0.001324 0.001324 0.003822 0.009739 0.019673 0.032441 
0.038585 0.048532 0.052335 0.052438 0.073741 0.170588 0.377987 0.643499 0.858042 0.962262 0.963510 0.862249 0.651425 0.389338 0.183116 0.083688 0.056241 0.048532 0.038585 0.026057 0.014706 0.006780 0.002573 0.001324 0.002573 0.006780 0.014706 0.026057 
0.032321 0.043558 0.050433 0.052387 0.063090 0.122165 0.274288 0.510743 0.750770 0.910152 0.962886 0.912880 0.756837 0.520381 0.286227 0.133402 0.069965 0.052387 0.043558 0.032321 0.020381 0.010743 0.004677 0.001949 0.001949 0.004677 0.010743 0.020381 
0.026351 0.037940 0.046996 0.051410 0.057738 0.092627 0.198226 0.392515 0.630757 0.830461 0.936519 0.937883 0.834858 0.638609 0.403304 0.209815 0.101683 0.061176 0.047972 0.037940 0.026351 0.015562 0.007710 0.003313 0.001949 0.003313 0.007710 0.015562 
0.020957 0.032145 0.042468 0.049203 0.054574 0.075183 0.145427 0.295371 0.511636 0.730609 0.883490 0.937201 0.886371 0.736734 0.520957 0.306559 0.155749 0.081429 0.054574 0.042956 0.032145 0.020957 0.011636 0.005511 0.002631 0.002631 0.005511 0.011636 
0.016296 0.026551 0.037307 0.045835 0.051888 0.064878 0.110305 0.220399 0.403503 0.621123 0.807049 0.910346 0.911786 0.811552 0.628845 0.413758 0.231154 0.118589 0.068002 0.048765 0.037551 0.026551 0.016296 0.008574 0.004071 0.002631 0.004071 0.008574 
0.012435 0.021424 0.031929 0.041571 0.048862 0.058383 0.087591 0.165352 0.311951 0.512313 0.714086 0.858697 0.911066 0.861669 0.720199 0.521302 0.322456 0.174872 0.093296 0.058383 0.043158 0.032051 0.021424 0.012435 0.006322 0.003351 0.003351 0.006322 
0.009379 0.016929 0.026676 0.036750 0.045216 0.053623 0.072987 0.126472 0.238651 0.412132 0.613199 0.786392 0.884882 0.886367 0.790934 0.620750 0.421879 0.248664 0.134084 0.075839 0.050771 0.037604 0.026737 0.016929 0.009379 0.004837 0.003351 0.004837 
0.007108 0.013154 0.021803 0.031713 0.040983 0.049420 0.063305 0.099730 0.182561 0.325392 0.512666 0.699796 0.835637 0.885624 0.838651 0.705842 0.521315 0.335271 0.191374 0.104962 0.063305 0.044188 0.032171 0.021833 0.013154 0.007108 0.004094 0.004094 
0.005601 0.010131 0.017478 0.026758 0.036348 0.045201 0.056362 0.081517 0.141145 0.253977 0.419029 0.606231 0.767716 0.860631 0.862138 0.772246 0.613578 0.428293 0.263323 0.148168 0.084133 0.053746 0.038179 0.027002 0.017494 0.010131 0.005601 0.004094 
0.004847 0.007866 0.013805 0.022118 0.031553 0.040775 0.050782 0.068940 0.111331 0.197561 0.336503 0.512630 0.686973 0.814173 0.861384 0.817192 0.692912 0.520936 0.345808 0.205745 0.116150 0.068940 0.045963 0.032591 0.022248 0.013812 0.007866 0.004847 
0.004847 0.006356 0.010835 0.017961 0.026836 0.036164 0.045778 0.059861 0.090136 0.154446 0.267032 0.424566 0.599802 0.750573 0.837779 0.839288 0.755052 0.606924 0.433372 0.275776 0.160948 0.092545 0.057451 0.039277 0.027419 0.018030 0.010839 0.006356 
0.005602 0.005602 0.008596 0.014398 0.022398 0.031500 0.040971 0.052820 0.074998 0.122291 0.210739 0.345799 0.512184 0.675187 0.794176 0.838533 0.797170 0.680988 0.520148 0.354574 0.218362 0.126746 0.074998 0.048364 0.033348 0.022725 0.014435 0.008598 
0.007100 0.005602 0.007099 0.011497 0.018398 0.026949 0.036235 0.046895 0.063909 0.098645 0.166515 0.278269 0.428991 0.593686 0.734682 0.816355 0.817852 0.739079 0.600568 0.437361 0.286468 0.172554 0.100872 0.061681 0.040856 0.028036 0.018580 0.011516 
0.009308 0.006351 0.006350 0.009298 0.014948 0.022674 0.031592 0.041565 0.055402 0.081277 0.132580 0.222392 0.353630 0.511339 0.664184 0.775518 0.817103 0.778465 0.669823 0.518964 0.361915 0.229511 0.136713 0.081277 0.051269 0.034446 0.023308 0.015048 
0.012178 0.007829 0.006351 0.007824 0.012123 0.018811 0.027133 0.036579 0.048484 0.068339 0.106928 0.177486 0.288011 0.432484 0.587761 0.719851 0.796311 0.797784 0.724144 0.594394 0.440439 0.295713 0.183112 0.108995 0.066273 0.042857 0.028877 0.019178 
0.015678 0.010004 0.007090 0.007087 0.009973 0.015467 0.022972 0.031856 0.042531 0.058412 0.087634 0.142207 0.232748 0.360248 0.510123 0.653806 0.758081 0.797047 0.760964 0.659269 0.517417 0.368076 0.239413 0.146054 0.087634 0.054565 0.035867 0.024027 
0.019853 0.012841 0.008547 0.007089 0.008530 0.012720 0.019219 0.027414 0.037194 0.050471 0.073023 0.114920 0.187478 0.296498 0.435185 0.581964 0.705943 0.777564 0.779006 0.710117 0.588343 0.442746 0.303744 0.192733 0.116844 0.071099 0.045216 0.029947 
0.024900 0.016347 0.010694 0.007818 0.007810 0.010625 0.015970 0.023317 0.032304 0.043833 0.061747 0.093972 0.151199 0.241988 0.365842 0.508575 0.643954 0.741754 0.778285 0.744561 0.649230 0.515545 0.373245 0.248239 0.154788 0.093972 0.058158 0.037582 
0.031241 0.020623 0.013520 0.009256 0.007814 0.009217 0.013298 0.019643 0.027810 0.038068 0.052790 0.077859 0.122585 0.196594 0.303915 0.437208 0.576264 0.692854 0.760019 0.761423 0.696896 0.582387 0.444395 0.310742 0.201514 0.124380 0.076065 0.047870 
0.039555 0.025932 0.017072 0.011388 0.008535 0.008516 0.011257 0.016470 0.023727 0.032939 0.045429 0.065325 0.100222 0.159589 0.250254 0.370562 0.506736 0.634559 0.726437 0.760721 0.729159 0.639641 0.513391 0.377569 0.256128 0.162947 0.100222 0.061967 
0.050761 0.032744 0.021502 0.014230 0.009961 0.008525 0.009886 0.013864 0.020099 0.028333 0.039184 0.055377 0.082773 0.129906 0.204922 0.310408 0.438649 0.570648 0.680498 0.743579 0.744940 0.684400 0.576516 0.445480 0.316848 0.209537 0.131585 0.081095 
