0.020664 0.010557 0.004005 0.001830 0.503753 1.011343 1.031166 1.076034 1.162346 1.302392 0.993111 0.707127 0.894595 1.000355 0.989759 0.867022 0.672790 0.462621 0.281789 0.151900 0.073061 0.034140 0.021789 0.024355 0.032319 0.038342 0.038130 0.031259 
0.025961 0.015610 0.007281 0.002918 0.252791 0.757548 1.021255 1.053600 1.119190 1.232369 1.147751 0.850119 0.800861 0.947475 0.995057 0.928390 0.769906 0.567705 0.372205 0.216845 0.112480 0.053600 0.027964 0.023072 0.028337 0.035331 0.038236 0.034695 
0.030328 0.020786 0.011446 0.005099 0.127855 0.505170 0.889401 1.037427 1.086395 1.175779 1.190060 0.998935 0.825490 0.874168 0.971266 0.961724 0.849148 0.668806 0.469955 0.294525 0.164662 0.083040 0.040782 0.025518 0.025705 0.031834 0.036784 0.036466 
0.033397 0.025557 0.016116 0.008273 0.066477 0.316512 0.697286 0.963414 1.061911 1.131087 1.182920 1.094497 0.912212 0.849829 0.922717 0.966495 0.905436 0.758977 0.569380 0.382240 0.229594 0.123851 0.061911 0.033150 0.025612 0.028769 0.034309 0.036625 
0.035011 0.029477 0.020836 0.012194 0.037375 0.191495 0.506899 0.830350 1.012663 1.096499 1.157003 1.138709 1.003355 0.881021 0.886273 0.944606 0.935965 0.832206 0.664179 0.475810 0.305917 0.176723 0.092881 0.047531 0.029381 0.027190 0.031539 0.035467 
0.035239 0.032244 0.025157 0.016515 0.024784 0.114435 0.349197 0.668624 0.921506 1.054581 1.126751 1.147856 1.071032 0.942188 0.883647 0.915439 0.940286 0.884086 0.748192 0.569994 0.390864 0.241320 0.134802 0.070206 0.038456 0.028286 0.029365 0.033503 
0.034371 0.033741 0.028700 0.020836 0.020650 0.069610 0.231816 0.508911 0.795065 0.988044 1.090666 1.137304 1.109444 1.006610 0.912917 0.899543 0.927862 0.912186 0.816139 0.659093 0.480429 0.316092 0.188061 0.102504 0.054331 0.033371 0.028825 0.031434 
0.032902 0.034056 0.031221 0.024768 0.020743 0.045130 0.150713 0.370363 0.651988 0.891555 1.039355 1.113985 1.123374 1.058027 0.959763 0.906230 0.913703 0.920024 0.864162 0.737616 0.569761 0.398260 0.252076 0.145282 0.078417 0.043851 0.031098 0.030130 
0.031516 0.033479 0.032638 0.027994 0.022755 0.032936 0.097921 0.260538 0.511176 0.771771 0.965455 1.076670 1.118679 1.090700 1.008895 0.932997 0.909966 0.916863 0.892093 0.800889 0.653689 0.484011 0.325168 0.198679 0.111850 0.061134 0.037474 0.030614 
0.031065 0.032498 0.033059 0.030316 0.025375 0.027846 0.065429 0.179230 0.385857 0.641473 0.868613 1.021062 1.097675 1.104690 1.049798 0.970946 0.921482 0.913415 0.904478 0.846491 0.727289 0.568850 0.404590 0.261924 0.155265 0.086492 0.049304 0.034044 
0.032554 0.031781 0.032778 0.031688 0.027846 0.026610 0.046637 0.122329 0.282543 0.513665 0.755043 0.944838 1.059369 1.101182 1.077244 1.010372 0.946214 0.917448 0.908947 0.875485 0.786890 0.648069 0.486720 0.333257 0.208594 0.120878 0.067898 0.041674 
0.037114 0.032168 0.032280 0.032233 0.029767 0.027228 0.036624 0.084483 0.202436 0.398104 0.634354 0.849940 1.002103 1.080275 1.089213 1.043808 0.978293 0.931831 0.913197 0.892216 0.831188 0.717480 0.567395 0.409988 0.270925 0.164736 0.094388 0.054786 
0.045950 0.034641 0.032224 0.032256 0.031000 0.028497 0.031926 0.060554 0.143460 0.300270 0.516229 0.742147 0.926022 1.041189 1.084744 1.066510 1.011050 0.955062 0.922514 0.902707 0.861702 0.774334 0.642437 0.488691 0.340457 0.217831 0.129562 0.074587 
0.060269 0.040296 0.033432 0.032240 0.031628 0.029749 0.030212 0.046240 0.102007 0.221865 0.408250 0.629188 0.834085 0.983606 1.062967 1.075627 1.038780 0.983056 0.938788 0.912610 0.882204 0.818018 0.708385 0.565564 0.414574 0.279144 0.173697 0.102075 
0.081172 0.050282 0.036864 0.032836 0.031934 0.030688 0.029980 0.038226 0.074123 0.161936 0.315057 0.518719 0.731636 0.908845 1.023286 1.069297 1.057204 1.010918 0.960922 0.925699 0.897407 0.850111 0.763202 0.636975 0.490069 0.346859 0.226420 0.137886 
0.109529 0.065727 0.043573 0.034850 0.032385 0.031311 0.030334 0.034103 0.056174 0.118029 0.238496 0.416888 0.625178 0.820241 0.966066 1.046292 1.063250 1.034061 0.985920 0.943311 0.911553 0.873759 0.806656 0.700088 0.563522 0.418464 0.286640 0.182153 
0.145841 0.087628 0.054650 0.039212 0.033618 0.031848 0.030823 0.032219 0.045139 0.087102 0.178263 0.327692 0.521033 0.722709 0.893153 1.006179 1.054771 1.048656 1.009991 0.964615 0.927432 0.892656 0.840208 0.753372 0.631805 0.490993 0.352552 0.234396 
0.190119 0.116734 0.071139 0.046931 0.036415 0.032733 0.031335 0.031521 0.038679 0.066120 0.132682 0.252978 0.424363 0.621871 0.807931 0.949666 1.030475 1.051713 1.029323 0.987303 0.946024 0.910044 0.866432 0.796790 0.692589 0.561399 0.421772 0.293474 
0.241796 0.153426 0.093937 0.059035 0.041673 0.034574 0.032034 0.031428 0.035100 0.052399 0.099401 0.192830 0.338670 0.523117 0.714901 0.878799 0.990070 1.041094 1.040518 1.008313 0.966663 0.928034 0.888238 0.831611 0.744689 0.626994 0.491586 0.357623 
0.299710 0.197611 0.123682 0.076486 0.050354 0.038123 0.033304 0.031731 0.033264 0.043750 0.075900 0.146116 0.265750 0.430893 0.619009 0.796850 0.934434 1.015582 1.040806 1.024416 0.987488 0.947349 0.908136 0.859924 0.788150 0.685842 0.559290 0.424605 
0.362157 0.248661 0.160646 0.100084 0.063420 0.044239 0.035714 0.032518 0.032497 0.038507 0.059825 0.111008 0.205933 0.348322 0.524951 0.707929 0.865642 0.975008 1.028194 1.032611 1.005952 0.967418 0.927742 0.884030 0.824037 0.736996 0.622566 0.491947 
0.427052 0.305409 0.204654 0.130365 0.081752 0.053829 0.039976 0.034116 0.032507 0.035502 0.049166 0.085417 0.158470 0.277127 0.436636 0.616440 0.786786 0.920325 1.001601 1.030403 1.019281 0.986685 0.947580 0.905886 0.854034 0.780517 0.679781 0.557256 
0.492154 0.366231 0.255031 0.167509 0.106058 0.067790 0.046903 0.037046 0.033312 0.034005 0.042334 0.067291 0.121944 0.217799 0.356882 0.526538 0.701613 0.853555 0.960963 1.016002 1.024842 1.002983 0.967133 0.926733 0.879960 0.817275 0.730149 0.618519 
0.555336 0.429192 0.310631 0.211270 0.136784 0.086924 0.057347 0.041974 0.035179 0.033658 0.038169 0.054813 0.094617 0.169871 0.287340 0.441710 0.614076 0.777584 0.907259 0.988483 1.020422 1.013913 0.985058 0.946933 0.903347 0.848618 0.773712 0.674334 
0.614835 0.492264 0.369912 0.260951 0.174027 0.111854 0.072135 0.049660 0.038576 0.034418 0.035914 0.046491 0.074715 0.132244 0.228606 0.364525 0.527893 0.695830 0.842422 0.947871 1.004452 1.017167 0.999485 0.965996 0.925140 0.875982 0.811165 0.724023 
0.669429 0.553550 0.431088 0.315431 0.217489 0.142941 0.091995 0.060898 0.044118 0.036497 0.035166 0.041202 0.060603 0.103480 0.180425 0.296566 0.446209 0.611861 0.769126 0.895146 0.976162 1.010810 1.008326 0.982740 0.945568 0.900561 0.843573 0.767594 
0.718511 0.611489 0.492319 0.373260 0.266460 0.180215 0.117468 0.076446 0.052508 0.040308 0.035832 0.038184 0.050903 0.082041 0.141952 0.238495 0.371387 0.529035 0.690494 0.832136 0.935654 0.993486 1.009568 0.995533 0.964154 0.923064 0.872067 0.805584 
0.762047 0.665000 0.551904 0.432789 0.319860 0.223337 0.148841 0.096957 0.064477 0.046408 0.038070 0.037008 0.044543 0.066472 0.111997 0.190224 0.304941 0.450211 0.609764 0.761315 0.883895 0.964570 1.001527 1.002551 0.979844 0.943609 0.897566 0.838825 
