0.023872 0.072690 0.651876 1.281765 1.462250 1.670962 1.861881 1.979644 1.485050 0.875949 0.688481 0.477806 0.292277 0.157206 0.074207 0.030795 0.011319 0.003729 0.001459 0.002178 0.005416 0.010549 0.015945 0.019423 0.019423 0.015942 0.010536 0.005355 
0.014613 0.048281 0.362283 0.966821 1.372008 1.566606 1.766422 1.920763 1.732347 1.180500 0.782215 0.583143 0.385041 0.224741 0.115706 0.052501 0.021057 0.007524 0.002594 0.001818 0.003797 0.007983 0.013247 0.017684 0.019423 0.017683 0.013239 0.007946 
0.011279 0.031447 0.205282 0.664552 1.169414 1.469307 1.666514 1.843592 1.826555 1.456423 0.981357 0.682679 0.484092 0.304891 0.170224 0.084103 0.036779 0.014291 0.005059 0.002206 0.002808 0.005890 0.010615 0.015465 0.018553 0.018553 0.015461 0.010592 
0.010936 0.021363 0.118364 0.434917 0.916983 1.319361 1.567910 1.755053 1.835074 1.641489 1.218890 0.832018 0.583386 0.394492 0.237557 0.127164 0.060441 0.025535 0.009675 0.003633 0.002507 0.004349 0.008252 0.013040 0.017009 0.018553 0.017007 0.013027 
0.011981 0.016150 0.069864 0.276641 0.675950 1.118172 1.443635 1.661482 1.795063 1.738281 1.430190 1.025454 0.707702 0.488939 0.316025 0.182360 0.093802 0.042988 0.017605 0.006654 0.003070 0.003428 0.006300 0.010646 0.015025 0.017781 0.017780 0.015017 
0.013499 0.014065 0.043007 0.173252 0.476295 0.897061 1.280904 1.552559 1.728272 1.766672 1.584236 1.227822 0.866578 0.598320 0.402482 0.249193 0.138081 0.068395 0.030296 0.012129 0.004862 0.003249 0.004864 0.008473 0.012835 0.016403 0.017781 0.016398 
0.014949 0.013782 0.028536 0.108129 0.324774 0.686678 1.088982 1.416731 1.640416 1.747472 1.675454 1.406029 1.047200 0.732449 0.500401 0.325837 0.193637 0.103238 0.049346 0.021213 0.008495 0.004055 0.004056 0.006669 0.010654 0.014619 0.017092 0.017089 
0.016019 0.014365 0.021159 0.068333 0.216452 0.505726 0.887830 1.252857 1.528573 1.693944 1.711463 1.540741 1.226614 0.889825 0.616425 0.413119 0.259737 0.148438 0.076292 0.035279 0.014854 0.006275 0.004056 0.005363 0.008661 0.012637 0.015855 0.017091 
0.016555 0.015192 0.017762 0.044746 0.142392 0.361089 0.696778 1.070343 1.390715 1.611259 1.702704 1.626102 1.383678 1.058220 0.753125 0.514772 0.336428 0.204087 0.112365 0.055786 0.025067 0.010565 0.005166 0.004709 0.007012 0.010649 0.014246 0.016473 
0.016514 0.015874 0.016477 0.031254 0.093569 0.251740 0.528933 0.883561 1.230529 1.500987 1.656981 1.664403 1.504890 1.220949 0.905672 0.633949 0.425600 0.270258 0.158226 0.084075 0.040426 0.017816 0.007865 0.004937 0.005861 0.008831 0.012448 0.015359 
0.015937 0.016194 0.016175 0.023866 0.062412 0.172655 0.390337 0.706247 1.057045 1.365758 1.578984 1.660692 1.584647 1.362919 1.063311 0.769810 0.529774 0.347929 0.214242 0.121151 0.062251 0.029121 0.012840 0.006401 0.005399 0.007346 0.010639 0.013904 
0.014920 0.016065 0.016185 0.020021 0.043139 0.117533 0.281496 0.548292 0.881646 1.211401 1.472371 1.619838 1.622669 1.473783 1.213115 0.916560 0.649792 0.438852 0.281085 0.167696 0.091701 0.045686 0.020981 0.009621 0.005900 0.006372 0.008992 0.012271 
0.013596 0.015493 0.016125 0.018103 0.031580 0.080336 0.199515 0.414894 0.714969 1.046524 1.341886 1.546104 1.621254 1.548226 1.343449 1.064838 0.783176 0.544322 0.359969 0.224391 0.129698 0.068693 0.033333 0.015301 0.007760 0.006136 0.007682 0.010632 
0.012114 0.014544 0.015809 0.017114 0.024841 0.055958 0.139925 0.307204 0.564931 0.880746 1.194205 1.443995 1.583679 1.584740 1.445838 1.204143 0.924007 0.663749 0.452145 0.292180 0.177045 0.099196 0.051013 0.024317 0.011531 0.006948 0.006909 0.009157 
0.010635 0.013329 0.015176 0.016461 0.020977 0.040399 0.097942 0.223565 0.436068 0.722839 1.037476 1.319100 1.513837 1.584209 1.515289 1.324990 1.064075 0.793878 0.557947 0.372162 0.234612 0.138120 0.075105 0.037665 0.017924 0.009239 0.006929 0.008033 
0.009334 0.011982 0.014253 0.015819 0.018719 0.030688 0.069170 0.160753 0.329816 0.579453 0.880157 1.178288 1.416469 1.549023 1.549749 1.420140 1.194533 0.928977 0.675913 0.465055 0.303387 0.186366 0.106612 0.056385 0.027794 0.013582 0.008084 0.007481 
0.008408 0.010658 0.013117 0.015036 0.017269 0.024704 0.049929 0.114962 0.245285 0.454635 0.729805 1.029223 1.297378 1.482746 1.549386 1.484944 1.307336 1.061755 0.802445 0.570484 0.384221 0.244877 0.146489 0.081499 0.042090 0.020688 0.010833 0.007783 
0.008095 0.009533 0.011888 0.014077 0.016152 0.020986 0.037317 0.082446 0.180123 0.349960 0.592220 0.879514 1.163300 1.390062 1.516066 1.517165 1.396140 1.184545 0.932100 0.686464 0.477352 0.314549 0.195683 0.113994 0.061794 0.031389 0.015760 0.009308 
0.008701 0.008814 0.010710 0.012982 0.015115 0.018569 0.029152 0.059881 0.131284 0.265042 0.471090 0.735867 1.021407 1.276681 1.453064 1.516616 1.456653 1.290343 1.058323 0.809282 0.581908 0.395951 0.255116 0.154839 0.087894 0.046592 0.023575 0.012534 
0.010618 0.008758 0.009762 0.011846 0.014048 0.016842 0.023861 0.044516 0.095583 0.198163 0.368066 0.603478 0.878637 1.149044 1.364873 1.484840 1.486634 1.373498 1.174333 0.933802 0.695595 0.488930 0.325533 0.204977 0.121366 0.067243 0.035083 0.018054 
0.014336 0.009688 0.009260 0.010804 0.012947 0.015445 0.020351 0.034188 0.070050 0.146873 0.283114 0.485772 0.741058 1.013841 1.256958 1.424856 1.485737 1.430066 1.273915 1.054068 0.814699 0.592262 0.407231 0.265255 0.163172 0.094305 0.051163 0.026569 
0.020452 0.012012 0.009474 0.010032 0.011876 0.014196 0.017898 0.027270 0.052119 0.108461 0.214994 0.384443 0.613415 0.877449 1.135400 1.340907 1.455297 1.457902 1.351991 1.163991 0.934383 0.703481 0.499747 0.336243 0.214214 0.128738 0.072734 0.038866 
0.029659 0.016232 0.010743 0.009753 0.010954 0.013036 0.016047 0.022584 0.039694 0.080290 0.161727 0.299718 0.498929 0.745432 1.006424 1.238153 1.398102 1.456599 1.404946 1.257991 1.049187 0.818932 0.601614 0.417995 0.275228 0.171476 0.100736 0.055800 
0.042729 0.022946 0.013488 0.010248 0.010353 0.011995 0.014542 0.019316 0.031139 0.059992 0.121009 0.230723 0.399324 0.622181 0.875928 1.122289 1.318128 1.427351 1.430773 1.331469 1.153589 0.934060 0.710273 0.509804 0.346612 0.223352 0.136106 0.078268 
0.060499 0.032838 0.018217 0.011868 0.010301 0.011174 0.013268 0.016929 0.025227 0.045566 0.090501 0.175866 0.315023 0.510752 0.749054 0.999109 1.220208 1.372739 1.429062 1.381121 1.242529 1.043824 0.822166 0.610039 0.428208 0.284982 0.179729 0.107187 
0.083843 0.046668 0.025527 0.015042 0.011084 0.010737 0.012221 0.015098 0.021078 0.035397 0.068033 0.133183 0.245445 0.412888 0.629903 0.874082 1.109658 1.296474 1.400900 1.405091 1.311825 1.143177 0.932995 0.716102 0.519123 0.356595 0.232355 0.143458 
0.113650 0.065255 0.036098 0.020285 0.013063 0.010911 0.011479 0.013660 0.018088 0.028237 0.051715 0.100608 0.189314 0.329166 0.521396 0.751992 0.991870 1.203066 1.348687 1.402996 1.358458 1.227501 1.038086 0.824549 0.617613 0.437859 0.294475 0.187907 
0.150779 0.089453 0.050677 0.028191 0.016674 0.011987 0.011195 0.012570 0.015874 0.023163 0.039976 0.076162 0.144961 0.259240 0.425281 0.636694 0.871931 1.097468 1.275877 1.375841 1.380727 1.292979 1.132793 0.931317 0.721081 0.527736 0.366167 0.241191 
