0.105968 0.087870 0.061069 0.540447 1.040773 1.074408 1.151987 1.281877 1.463969 1.179423 0.885680 1.026473 1.055905 0.962272 0.774804 0.548661 0.339105 0.181004 0.082667 0.032514 0.011430 0.003840 0.003177 0.010638 0.029215 0.057377 0.086799 0.105746 
0.105857 0.096919 0.074469 0.300758 0.790610 1.057590 1.113198 1.216932 1.372923 1.321696 1.032551 0.956076 1.041189 1.009089 0.868538 0.661732 0.443883 0.260055 0.131836 0.057590 0.021972 0.007635 0.003509 0.006908 0.019927 0.043296 0.072088 0.096273 
0.101065 0.101388 0.085694 0.187614 0.545684 0.924100 1.085394 1.165065 1.294927 1.347309 1.177123 0.994314 0.998633 1.025139 0.938813 0.765135 0.552808 0.351969 0.195945 0.094713 0.039781 0.014804 0.005572 0.005208 0.013417 0.031611 0.057692 0.084180 
0.092623 0.101226 0.093541 0.136654 0.366649 0.734892 1.004747 1.125229 1.229996 1.321118 1.262216 1.085719 0.996473 1.011886 0.981976 0.851974 0.658971 0.452388 0.273957 0.145329 0.067247 0.027292 0.010188 0.005390 0.009313 0.022514 0.044652 0.070936 
0.081780 0.096925 0.097384 0.115097 0.251651 0.550770 0.869820 1.064988 1.177613 1.275557 1.291667 1.173967 1.041096 1.004179 0.996931 0.916975 0.755473 0.555680 0.363173 0.209643 0.106288 0.047270 0.018740 0.007789 0.007351 0.015914 0.033583 0.057794 
0.069787 0.089352 0.097154 0.106241 0.183374 0.401211 0.710295 0.967404 1.121300 1.226585 1.283612 1.232817 1.107532 1.022638 1.000555 0.956953 0.836224 0.655576 0.459426 0.286408 0.157966 0.076779 0.033005 0.013265 0.007570 0.011632 0.024748 0.045689 
0.057738 0.079569 0.093253 0.101697 0.144807 0.292293 0.555753 0.838849 1.044352 1.173943 1.255098 1.258215 1.170175 1.065085 1.011596 0.978754 0.896588 0.745900 0.557501 0.372917 0.222187 0.117372 0.054892 0.023135 0.010417 0.009601 0.018190 0.035218 
0.046478 0.068654 0.086411 0.097475 0.123252 0.218550 0.424023 0.697301 0.941601 1.109147 1.214521 1.256657 1.214195 1.117630 1.038341 0.995175 0.937671 0.821244 0.651701 0.465209 0.297552 0.169779 0.086132 0.039013 0.016776 0.010009 0.013896 0.026704 
0.036591 0.057566 0.077532 0.091943 0.110364 0.170901 0.321286 0.560662 0.819451 1.025374 1.161834 1.235589 1.235426 1.165912 1.077985 1.016758 0.966423 0.879458 0.736473 0.558455 0.381381 0.233666 0.127956 0.062573 0.027895 0.013393 0.011953 0.020300 
0.028446 0.047079 0.067549 0.084738 0.101154 0.140633 0.246094 0.440974 0.690057 0.922413 1.093604 1.198711 1.235507 1.200669 1.121949 1.047371 0.991591 0.922941 0.807965 0.647464 0.469918 0.307523 0.180811 0.095264 0.045234 0.020644 0.012673 0.016126 
0.022286 0.037762 0.057314 0.076143 0.092946 0.120893 0.193363 0.343534 0.565515 0.806235 1.008008 1.146158 1.217109 1.218088 1.161309 1.084660 1.019481 0.957266 0.865453 0.727714 0.558691 0.388720 0.244167 0.138037 0.070249 0.032939 0.016658 0.014400 
0.018343 0.030024 0.047538 0.066729 0.084545 0.106919 0.157128 0.268449 0.454525 0.685875 0.907121 1.077083 1.181633 1.217599 1.189698 1.122984 1.052071 0.988373 0.911359 0.796584 0.643203 0.473706 0.316444 0.191102 0.104143 0.051594 0.024798 0.015529 
0.016936 0.024183 0.038781 0.057133 0.075637 0.095732 0.132024 0.212788 0.361487 0.570200 0.796498 0.992102 1.129358 1.199616 1.203648 1.156341 1.087527 1.020222 0.949866 0.853971 0.719893 0.558454 0.395075 0.253773 0.147623 0.077869 0.038196 0.020164 
0.018550 0.020560 0.031482 0.047957 0.066385 0.085684 0.113878 0.172406 0.287138 0.465843 0.683349 0.894300 1.060730 1.164487 1.201632 1.179995 1.121934 1.053875 0.985044 0.901919 0.786932 0.639174 0.476764 0.324424 0.200698 0.112746 0.058032 0.029180 
0.023865 0.019555 0.026021 0.039720 0.057171 0.076035 0.099781 0.143142 0.229772 0.376490 0.574596 0.788825 0.977515 1.112609 1.183060 1.190814 1.150965 1.087905 1.019459 0.943481 0.844426 0.713053 0.557969 0.400594 0.262561 0.156722 0.085389 0.043606 
0.033735 0.021710 0.022788 0.032870 0.048445 0.066603 0.087908 0.121462 0.186457 0.303131 0.475543 0.681710 0.883170 1.045062 1.147834 1.186937 1.170889 1.119435 1.053682 0.981470 0.893954 0.778739 0.635511 0.479282 0.331577 0.209641 0.121055 0.064498 
0.049116 0.027723 0.022249 0.027829 0.040658 0.057524 0.077255 0.104685 0.153959 0.244794 0.389337 0.578627 0.782440 0.964116 1.096448 1.167385 1.178913 1.145162 1.086558 1.017576 0.937712 0.836346 0.707125 0.557396 0.405429 0.270609 0.165348 0.092776 
0.070946 0.038420 0.024986 0.025039 0.034243 0.049091 0.067390 0.090970 0.129322 0.199377 0.317066 0.483982 0.680533 0.873278 1.030282 1.131917 1.173149 1.162037 1.115860 1.052067 0.977644 0.887029 0.771736 0.632261 0.481413 0.338019 0.217979 0.129062 
0.100004 0.054683 0.031703 0.025012 0.029641 0.041667 0.058240 0.079180 0.110146 0.164349 0.258221 0.400524 0.582258 0.776906 0.951780 1.081099 1.152533 1.167593 1.138949 1.083964 1.014856 0.932337 0.829382 0.701998 0.556837 0.409716 0.277999 0.173521 
0.136763 0.077344 0.043193 0.028357 0.027327 0.035654 0.049954 0.068710 0.094663 0.137248 0.211285 0.329372 0.491391 0.679582 0.864343 1.016440 1.116816 1.160063 1.153271 1.111456 1.049410 0.973596 0.880860 0.765690 0.629417 0.483276 0.343858 0.225760 
0.181261 0.107053 0.060268 0.035775 0.027842 0.031490 0.042804 0.059332 0.081687 0.115955 0.174266 0.270329 0.410382 0.585486 0.771962 0.940391 1.066628 1.138440 1.156667 1.132364 1.080433 1.011503 0.927228 0.823275 0.697554 0.556347 0.413567 0.284809 
0.233035 0.144157 0.083661 0.048022 0.031809 0.029666 0.037147 0.051068 0.070509 0.098821 0.145111 0.222298 0.340355 0.497934 0.678724 0.856177 1.003510 1.102534 1.147553 1.144515 1.106398 1.045968 0.969365 0.875251 0.760414 0.626950 0.484957 0.349188 
0.291111 0.188596 0.113909 0.065841 0.039915 0.030737 0.033407 0.044108 0.060789 0.084665 0.121966 0.183704 0.281326 0.419145 0.588329 0.767451 0.929843 1.053022 1.125044 1.146034 1.125457 1.076183 1.007667 0.922308 0.817833 0.693682 0.555954 0.417072 
0.354092 0.239854 0.151252 0.089875 0.052878 0.035326 0.032072 0.038757 0.052448 0.072727 0.103315 0.152835 0.232515 0.350235 0.503737 0.677890 0.848647 0.991432 1.089033 1.135539 1.135746 1.100820 1.041925 0.964988 0.870071 0.755758 0.624818 0.486513 
0.420303 0.296973 0.195553 0.120564 0.071377 0.044102 0.033699 0.035415 0.045603 0.062587 0.088021 0.128075 0.192675 0.291375 0.426986 0.590813 0.763268 0.920040 1.040233 1.112286 1.135642 1.118283 1.071372 1.003456 0.917529 0.812914 0.690288 0.555666 
0.487984 0.358638 0.246263 0.158058 0.095970 0.057739 0.038901 0.034557 0.040509 0.054095 0.075304 0.108048 0.160375 0.242025 0.359181 0.508900 0.677041 0.841654 0.980136 1.076259 1.123964 1.126962 1.094828 1.037414 0.960493 0.865222 0.751601 0.622977 
0.555480 0.423311 0.302450 0.202161 0.127014 0.076855 0.048320 0.036729 0.037533 0.047302 0.064700 0.091676 0.134212 0.201200 0.300603 0.434040 0.592970 0.759347 0.910895 1.028198 1.100112 1.125463 1.110895 1.066121 0.998953 0.912857 0.808411 0.687289 
0.621385 0.489396 0.362881 0.252306 0.164588 0.101935 0.062587 0.042524 0.037131 0.042417 0.056001 0.078188 0.112944 0.167706 0.250902 0.367322 0.513505 0.676159 0.835121 0.969546 1.064155 1.112787 1.118179 1.088508 1.032537 0.955905 0.860634 0.747850 
