0.048823 0.032268 0.016399 0.005830 0.001184 0.000077 0.000077 0.001184 0.005830 0.516399 1.032268 1.048823 1.059482 1.059482 1.048823 0.532268 0.016399 0.005830 0.001184 0.000077 0.000077 0.001184 0.005830 0.016399 0.032268 0.048823 0.059482 0.059482 
0.054153 0.040546 0.024333 0.011114 0.003507 0.000630 0.000077 0.000630 0.003507 0.261114 0.774333 1.040546 1.054153 1.059482 1.054153 0.790546 0.274333 0.011114 0.003507 0.000630 0.000077 0.000630 0.003507 0.011114 0.024333 0.040546 0.054153 0.059482 
0.056817 0.047349 0.032439 0.017724 0.007311 0.002069 0.000353 0.000353 0.002069 0.132311 0.517724 0.907439 1.047349 1.056817 1.056817 0.922349 0.532439 0.142724 0.007311 0.002069 0.000353 0.000353 0.002069 0.007311 0.017724 0.032439 0.047349 0.056817 
0.056817 0.052083 0.039894 0.025082 0.012517 0.004690 0.001211 0.000353 0.001211 0.067190 0.325017 0.712582 0.977394 1.052083 1.056817 0.989583 0.727394 0.337582 0.075017 0.004690 0.001211 0.000353 0.001211 0.004690 0.012517 0.025082 0.039894 0.052083 
0.054450 0.054450 0.045989 0.032488 0.018799 0.008603 0.002950 0.000782 0.000782 0.034200 0.196103 0.518799 0.844988 1.014739 1.054450 1.023200 0.858489 0.532488 0.206299 0.039853 0.002950 0.000782 0.000782 0.002950 0.008603 0.018799 0.032488 0.045989 
0.050220 0.054450 0.050220 0.039238 0.025644 0.013701 0.005777 0.001866 0.000782 0.017491 0.115152 0.357451 0.681894 0.929863 1.034595 1.038825 0.940845 0.695488 0.369394 0.123076 0.021402 0.001866 0.000782 0.001866 0.005777 0.013701 0.025644 0.039238 
0.044729 0.052335 0.052335 0.044729 0.032441 0.019673 0.009739 0.003822 0.001324 0.009137 0.066322 0.236302 0.519673 0.805879 0.982229 1.036710 0.989835 0.818166 0.532441 0.246235 0.072239 0.011634 0.001324 0.001324 0.003822 0.009739 0.019673 0.032441 
0.038585 0.048532 0.052335 0.048532 0.038585 0.026057 0.014706 0.006780 0.002573 0.005231 0.037729 0.151312 0.377987 0.662776 0.894054 1.009469 1.013272 0.904001 0.675304 0.389338 0.159237 0.041937 0.006479 0.001324 0.002573 0.006780 0.014706 0.026057 
0.032321 0.043558 0.050433 0.050433 0.043558 0.032321 0.020381 0.010743 0.004677 0.003902 0.021480 0.094520 0.264649 0.520381 0.778415 0.951762 1.011371 0.958637 0.789652 0.532321 0.274288 0.100587 0.024208 0.003902 0.001949 0.004677 0.010743 0.020381 
0.026351 0.037940 0.046996 0.050433 0.046996 0.037940 0.026351 0.015562 0.007710 0.004289 0.012691 0.058000 0.179585 0.392515 0.649398 0.865088 0.981566 0.985004 0.874144 0.660987 0.403304 0.187437 0.062397 0.014055 0.002925 0.003313 0.007710 0.015562 
0.020957 0.032145 0.042468 0.048715 0.048715 0.042468 0.032145 0.020957 0.011636 0.006000 0.008490 0.035346 0.118793 0.286050 0.520957 0.757243 0.923327 0.983285 0.929574 0.767565 0.532145 0.295371 0.124917 0.038226 0.008490 0.003119 0.005511 0.011636 
0.016296 0.026551 0.037307 0.045591 0.048715 0.045591 0.037307 0.026551 0.016296 0.008818 0.007245 0.021918 0.077069 0.202421 0.403503 0.639100 0.840285 0.953306 0.956429 0.848570 0.649855 0.413758 0.210144 0.081572 0.023358 0.005804 0.004315 0.008574 
0.012435 0.021424 0.031929 0.041449 0.047153 0.047153 0.041449 0.031929 0.021424 0.012557 0.008031 0.014581 0.049493 0.139745 0.302962 0.521302 0.739692 0.896796 0.954868 0.902500 0.749213 0.531807 0.311951 0.145858 0.052465 0.014581 0.005060 0.006444 
0.009440 0.016929 0.026676 0.036689 0.044301 0.047153 0.044301 0.036689 0.026676 0.016990 0.010294 0.011306 0.032037 0.094619 0.221354 0.412132 0.630497 0.818244 0.925832 0.928684 0.825856 0.640510 0.421879 0.228904 0.099161 0.033523 0.009821 0.005752 
0.007596 0.013185 0.021803 0.031683 0.040495 0.045727 0.045727 0.040495 0.031683 0.021833 0.013642 0.010800 0.021672 0.063328 0.157987 0.316743 0.521315 0.724371 0.872038 0.927258 0.877270 0.733183 0.531194 0.325392 0.164033 0.066342 0.021672 0.007786 
0.007691 0.010390 0.017494 0.026743 0.036089 0.043111 0.045727 0.043111 0.036089 0.026758 0.017738 0.012221 0.016236 0.042500 0.110657 0.237365 0.419029 0.622843 0.798204 0.899648 0.902264 0.805226 0.632189 0.428293 0.244712 0.115188 0.044007 0.014729 
0.011210 0.009041 0.013942 0.022118 0.031416 0.039600 0.044419 0.044419 0.039600 0.031423 0.022248 0.014980 0.014229 0.029368 0.076579 0.174011 0.328197 0.520936 0.710523 0.848926 0.900956 0.853745 0.718707 0.530241 0.336503 0.179950 0.079597 0.029368 
0.020289 0.010125 0.011491 0.018030 0.026767 0.035508 0.042009 0.044419 0.042009 0.035512 0.026836 0.018614 0.014604 0.021798 0.052973 0.125295 0.251104 0.424566 0.615729 0.779725 0.874941 0.877350 0.786226 0.624474 0.433372 0.258226 0.129774 0.054483 
0.037386 0.015207 0.010808 0.014761 0.022398 0.031137 0.038759 0.043214 0.043214 0.038760 0.031174 0.022725 0.016609 0.018201 0.037386 0.089134 0.188199 0.337835 0.520148 0.697727 0.827333 0.876146 0.831788 0.705350 0.528923 0.345799 0.194000 0.092128 
0.064757 0.026297 0.013008 0.012785 0.018580 0.026768 0.034948 0.040986 0.043214 0.040987 0.034967 0.026949 0.019667 0.017405 0.027794 0.063260 0.138667 0.263017 0.428991 0.608937 0.762530 0.851739 0.853967 0.768569 0.617137 0.437361 0.269899 0.143064 
0.103911 0.045527 0.019652 0.012896 0.015682 0.022674 0.030858 0.037967 0.042100 0.042101 0.037977 0.030958 0.023308 0.018536 0.022599 0.045527 0.100963 0.200842 0.346004 0.518964 0.685734 0.807135 0.852853 0.811268 0.692853 0.527249 0.353630 0.206482 
0.155196 0.074719 0.032589 0.016274 0.014289 0.019178 0.026766 0.034413 0.040034 0.042100 0.040039 0.034468 0.027133 0.020922 0.020568 0.034063 0.073245 0.150903 0.273423 0.432484 0.602349 0.746434 0.829994 0.832061 0.752061 0.610051 0.440439 0.280056 
0.217626 0.114957 0.053654 0.024432 0.015282 0.016734 0.022972 0.030589 0.037223 0.041067 0.041070 0.037253 0.030800 0.024027 0.020745 0.027315 0.053654 0.112074 0.212163 0.352954 0.517417 0.674392 0.788214 0.831027 0.792061 0.681056 0.525245 0.360248 
0.288937 0.166292 0.084306 0.039043 0.019857 0.016008 0.019853 0.026781 0.033906 0.039145 0.041068 0.039161 0.034027 0.027414 0.022386 0.024030 0.040485 0.082864 0.162118 0.282558 0.435185 0.595904 0.731303 0.809621 0.811544 0.736558 0.603150 0.442746 
0.365842 0.227614 0.125299 0.061674 0.029450 0.017932 0.017930 0.023317 0.030343 0.036526 0.040107 0.040115 0.036594 0.030720 0.024900 0.023208 0.032257 0.061674 0.122491 0.222338 0.358872 0.515545 0.663603 0.770462 0.810582 0.774051 0.669854 0.522948 
0.444395 0.296728 0.176457 0.093487 0.045562 0.023691 0.017931 0.020623 0.026830 0.033434 0.038316 0.040111 0.038355 0.033657 0.027810 0.024054 0.027733 0.046966 0.092083 0.172415 0.290605 0.437208 0.589574 0.717033 0.790522 0.792317 0.721953 0.596401 
0.520398 0.370562 0.236592 0.134972 0.069524 0.034627 0.020811 0.019277 0.023727 0.030132 0.035875 0.039214 0.039233 0.036006 0.030734 0.025932 0.025893 0.037349 0.069524 0.132249 0.231510 0.363907 0.513391 0.653303 0.753777 0.791419 0.757135 0.659177 
0.589788 0.445480 0.303577 0.185782 0.102248 0.052075 0.027719 0.020044 0.021502 0.026929 0.033004 0.037544 0.039223 0.037619 0.033370 0.028333 0.025913 0.031621 0.053437 0.100887 0.181879 0.297708 0.438649 0.583347 0.703540 0.772598 0.774277 0.708156 
