0.002753 0.004090 0.011319 0.030433 0.072690 0.153755 0.287095 0.472400 0.685001 1.375949 1.988530 1.985050 1.867063 1.674413 1.463767 0.782127 0.151876 0.072328 0.030795 0.013198 0.009059 0.011609 0.016216 0.019484 0.019435 0.015945 0.010537 0.005355 
0.004054 0.003422 0.007705 0.020876 0.051561 0.113222 0.220425 0.379747 0.578700 1.030475 1.682240 1.986790 1.926057 1.770738 1.569090 1.122947 0.467001 0.112102 0.051561 0.021996 0.011128 0.010334 0.013913 0.017850 0.019460 0.017690 0.013241 0.007946 
0.006000 0.003738 0.005563 0.014291 0.036219 0.082392 0.166823 0.300086 0.479224 0.804588 1.356357 1.834515 1.956423 1.848397 1.669914 1.346019 0.794974 0.289552 0.081832 0.036779 0.016562 0.010731 0.012123 0.015881 0.018655 0.018575 0.015465 0.010593 
0.008297 0.004869 0.004651 0.009927 0.025255 0.059305 0.124608 0.233455 0.389655 0.641906 1.080473 1.595436 1.895469 1.902410 1.759156 1.507966 1.070496 0.542263 0.185692 0.059305 0.026671 0.013647 0.011427 0.014002 0.017268 0.018615 0.017020 0.013029 
0.010663 0.006583 0.004760 0.007289 0.017591 0.042280 0.091956 0.179031 0.311555 0.515780 0.861189 1.337954 1.745453 1.898940 1.830783 1.633561 1.289231 0.806380 0.363977 0.122499 0.042988 0.020159 0.012537 0.012715 0.015635 0.017942 0.017817 0.015025 
0.012844 0.008623 0.005671 0.006024 0.012440 0.029935 0.067118 0.135494 0.245293 0.413668 0.688485 1.099572 1.541704 1.822196 1.864861 1.732172 1.461396 1.047806 0.585179 0.243238 0.082743 0.031573 0.016348 0.012626 0.014175 0.016788 0.017879 0.016421 
0.014632 0.010733 0.007147 0.005848 0.009232 0.021188 0.048527 0.101306 0.190393 0.329480 0.551076 0.894028 1.320638 1.681950 1.843529 1.798517 1.596784 1.254601 0.816492 0.414208 0.162991 0.057158 0.023960 0.014487 0.013400 0.015482 0.017334 0.017150 
0.015891 0.012683 0.008940 0.006497 0.007540 0.015210 0.034857 0.074916 0.145850 0.259937 0.440278 0.722552 1.107333 1.501294 1.762739 1.821023 1.697650 1.425692 1.035546 0.615350 0.288599 0.110074 0.040559 0.019224 0.013944 0.014441 0.016408 0.017242 
0.016567 0.014287 0.010811 0.007719 0.007019 0.011375 0.025034 0.054887 0.110383 0.202893 0.350108 0.581415 0.914943 1.304313 1.632017 1.791881 1.759337 1.561671 1.230619 0.825448 0.451975 0.199337 0.075317 0.029891 0.016584 0.014192 0.015424 0.016825 
0.016696 0.015427 0.012549 0.009265 0.007369 0.009197 0.018204 0.039960 0.082635 0.156638 0.276500 0.465761 0.748179 1.109628 1.468165 1.711949 1.775609 1.660504 1.396145 1.028034 0.638712 0.325656 0.137327 0.052604 0.023238 0.015388 0.014808 0.016125 
0.016410 0.016061 0.013988 0.010907 0.008317 0.008283 0.013700 0.029082 0.061298 0.119637 0.216569 0.371131 0.606970 0.928903 1.288896 1.590057 1.743779 1.718056 1.528325 1.212090 0.833373 0.482184 0.231491 0.094966 0.037921 0.019313 0.015098 0.015466 
0.015938 0.016236 0.015025 0.012448 0.009612 0.008300 0.010992 0.021391 0.045190 0.090467 0.168103 0.293850 0.489051 0.767937 1.108900 1.439477 1.666918 1.730918 1.623191 1.370207 1.022731 0.657778 0.356838 0.163228 0.066443 0.028617 0.017205 0.015282 
0.015610 0.016087 0.015630 0.013736 0.011030 0.008956 0.009646 0.016191 0.033291 0.067828 0.129285 0.230977 0.391450 0.628494 0.938418 1.274188 1.553197 1.698918 1.677054 1.496699 1.196469 0.840255 0.507308 0.260033 0.114836 0.047530 0.022911 0.016244 
0.015927 0.015849 0.015859 0.014683 0.012383 0.009993 0.009301 0.012919 0.024741 0.050560 0.098557 0.180131 0.311213 0.509972 0.783456 1.106303 1.413693 1.626058 1.687986 1.586876 1.346584 1.018362 0.673781 0.383670 0.187434 0.081183 0.035221 0.019577 
0.017752 0.015888 0.015854 0.015271 0.013533 0.011188 0.009647 0.011110 0.018830 0.037650 0.074558 0.139344 0.245672 0.410593 0.646714 0.944880 1.259998 1.519875 1.657022 1.637431 1.466730 1.182473 0.846072 0.528726 0.285552 0.134309 0.058202 0.027399 
0.022576 0.016820 0.015871 0.015562 0.014402 0.012361 0.010417 0.010378 0.014970 0.028240 0.056104 0.106951 0.192508 0.328132 0.528653 0.795797 1.102439 1.389937 1.588448 1.647226 1.552081 1.324602 1.014272 0.687399 0.407139 0.209931 0.096255 0.042800 
0.032688 0.019698 0.016345 0.015717 0.014982 0.013381 0.011389 0.010398 0.012674 0.021605 0.042172 0.081528 0.149729 0.260320 0.428393 0.662225 0.949118 1.246188 1.489193 1.617837 1.599654 1.438341 1.169437 0.850836 0.547269 0.308535 0.153093 0.069528 
0.051108 0.026193 0.018022 0.016031 0.015349 0.014182 0.012385 0.010893 0.011536 0.017139 0.031889 0.061850 0.115629 0.205025 0.344357 0.545309 0.805671 1.097653 1.367690 1.553515 1.608746 1.518997 1.303889 1.010136 0.699052 0.427902 0.230814 0.111310 
0.081209 0.038650 0.022107 0.017026 0.015690 0.014766 0.013283 0.011639 0.011215 0.014338 0.024514 0.046869 0.088739 0.160327 0.274691 0.444833 0.675490 0.951662 1.232671 1.460603 1.581130 1.563871 1.411443 1.157013 0.854594 0.563477 0.329358 0.171062 
0.126136 0.059930 0.030379 0.019567 0.016358 0.015228 0.014024 0.012461 0.011427 0.012776 0.019426 0.035692 0.067804 0.124533 0.217509 0.359762 0.560162 0.813576 1.092167 1.346637 1.520866 1.572501 1.487657 1.284228 1.005803 0.709036 0.446417 0.250210 
0.188173 0.093033 0.045154 0.024973 0.017963 0.015793 0.014626 0.013243 0.011944 0.012102 0.016101 0.027559 0.051748 0.096169 0.171021 0.288635 0.459962 0.686869 0.952872 1.219402 1.433752 1.546684 1.530079 1.385943 1.145016 0.857420 0.577727 0.348314 
0.268243 0.140603 0.069093 0.035064 0.021468 0.016878 0.015210 0.013935 0.012594 0.012023 0.014101 0.021830 0.039653 0.073958 0.133595 0.229828 0.374298 0.573415 0.819870 1.086137 1.326577 1.490218 1.538381 1.458011 1.265479 1.001218 0.717573 0.463020 
0.365632 0.204423 0.104848 0.052079 0.028266 0.019173 0.016044 0.014572 0.013264 0.012308 0.013062 0.017966 0.030742 0.056806 0.103776 0.181711 0.302063 0.473857 0.696643 0.953003 1.206357 1.408397 1.514300 1.498196 1.361745 1.133348 0.859395 0.590297 
0.477964 0.285027 0.154636 0.078463 0.040172 0.023719 0.017608 0.015308 0.013918 0.012786 0.012685 0.015514 0.024354 0.043774 0.080291 0.142744 0.241887 0.387960 0.585250 0.824823 1.079680 1.307377 1.461348 1.506248 1.429971 1.247547 0.996372 0.724846 
0.601405 0.381496 0.219831 0.116549 0.059318 0.031946 0.020664 0.016458 0.014613 0.013352 0.012736 0.014099 0.019934 0.034064 0.062032 0.111517 0.192316 0.314924 0.486605 0.705036 0.952252 1.193529 1.384363 1.483798 1.468109 1.338759 1.121959 0.860609 
0.731007 0.491450 0.300664 0.168190 0.087934 0.045632 0.026305 0.018561 0.015536 0.013983 0.013044 0.013418 0.017017 0.026999 0.048048 0.086775 0.151917 0.253620 0.400764 0.595821 0.828644 1.072890 1.288946 1.434080 1.475954 1.403434 1.230359 0.991284 
0.861146 0.611229 0.396057 0.234427 0.128062 0.066783 0.035968 0.022433 0.017048 0.014759 0.013513 0.013231 0.015217 0.022008 0.037523 0.067411 0.119346 0.202768 0.327192 0.498292 0.712232 0.950767 1.180918 1.361513 1.455017 1.439694 1.316896 1.110822 
0.985984 0.736187 0.503643 0.315242 0.181245 0.097422 0.051375 0.029200 0.019740 0.015904 0.014136 0.013372 0.014224 0.018612 0.029765 0.052467 0.093379 0.161057 0.264980 0.412742 0.605262 0.831500 1.065842 1.271215 1.408265 1.447355 1.378295 1.213859 
