0.002866 0.011484 0.031341 0.074927 0.657014 1.289552 1.471381 1.678575 1.864338 1.974271 1.471732 0.857459 0.669248 0.461876 0.281753 0.152040 0.073236 0.033032 0.016457 0.011516 0.010589 0.009791 0.007874 0.005175 0.002626 0.000933 0.000190 0.000012 
0.001439 0.007175 0.021412 0.053134 0.365970 0.973283 1.380466 1.574978 1.771457 1.919304 1.723001 1.164595 0.763354 0.565562 0.371814 0.216896 0.112638 0.053134 0.024745 0.013986 0.011052 0.010190 0.008832 0.006524 0.003901 0.001780 0.000561 0.000101 
0.000770 0.004307 0.014294 0.037273 0.209552 0.669627 1.176875 1.477722 1.673217 1.845381 1.821153 1.443798 0.963975 0.664458 0.468688 0.294355 0.164767 0.082886 0.038939 0.019365 0.012519 0.010621 0.009511 0.007678 0.005212 0.002840 0.001170 0.000331 
0.000551 0.002539 0.009300 0.025783 0.123413 0.439589 0.923251 1.327298 1.575470 1.759299 1.833267 1.632476 1.203886 0.814216 0.566573 0.381522 0.229561 0.123827 0.060913 0.029152 0.015942 0.011570 0.010066 0.008595 0.006445 0.004026 0.002005 0.000751 
0.000651 0.001545 0.005920 0.017542 0.074598 0.281501 0.681420 1.125274 1.451384 1.667384 1.796283 1.732871 1.418181 1.009051 0.690394 0.474047 0.305541 0.176694 0.092370 0.045032 0.022547 0.013756 0.010818 0.009331 0.007520 0.005236 0.003016 0.001378 
0.001014 0.001098 0.003732 0.011731 0.046070 0.178050 0.481460 0.903347 1.288329 1.559384 1.731834 1.764577 1.575526 1.213616 0.849723 0.582221 0.389794 0.241118 0.134532 0.068701 0.033790 0.018152 0.012287 0.010074 0.008425 0.006378 0.004126 0.002197 
0.001606 0.001056 0.002415 0.007731 0.028900 0.112060 0.329755 0.692404 1.095838 1.423857 1.645609 1.748205 1.670052 1.394571 1.031669 0.715972 0.486008 0.315456 0.187825 0.101616 0.051245 0.025971 0.015220 0.011181 0.009250 0.007402 0.005252 0.003161 
0.002383 0.001331 0.001735 0.005073 0.018316 0.070480 0.220907 0.511079 0.894121 1.259848 1.534733 1.696907 1.709128 1.532311 1.213120 0.873821 0.600990 0.400732 0.251640 0.144721 0.076431 0.038608 0.020595 0.013200 0.010215 0.008326 0.006327 0.004207 
0.003295 0.001857 0.001533 0.003404 0.011695 0.044398 0.145694 0.365993 0.702600 1.076984 1.397290 1.615820 1.703018 1.620720 1.372716 1.043470 0.737405 0.500861 0.326186 0.198180 0.110576 0.057520 0.029602 0.016898 0.011708 0.009271 0.007326 0.005267 
0.004281 0.002576 0.001695 0.002469 0.007549 0.028046 0.095046 0.255844 0.534297 0.889792 1.237137 1.506555 1.659419 1.661869 1.496718 1.208093 0.890438 0.619133 0.413523 0.262183 0.154378 0.084048 0.043561 0.023250 0.014303 0.010489 0.008298 0.006296 
0.005289 0.003428 0.002136 0.002082 0.005009 0.017798 0.061546 0.175445 0.395070 0.712045 1.063465 1.371846 1.582987 1.660644 1.579293 1.352405 1.049265 0.754785 0.516328 0.337853 0.208281 0.119213 0.063804 0.033405 0.018776 0.012396 0.009394 0.007297 
0.006293 0.004359 0.002782 0.002109 0.003545 0.011403 0.039672 0.118495 0.285257 0.553557 0.887755 1.217655 1.477417 1.621815 1.619969 1.465849 1.200835 0.902025 0.635557 0.427091 0.273067 0.163747 0.091509 0.048605 0.026091 0.015586 0.010895 0.008346 
0.007319 0.005326 0.003570 0.002445 0.002827 0.007474 0.025538 0.079084 0.201876 0.419407 0.720656 1.052705 1.347536 1.549616 1.620892 1.542909 1.333342 1.051430 0.768791 0.531324 0.350079 0.218407 0.127628 0.070057 0.037348 0.020838 0.013241 0.009620 
0.008470 0.006323 0.004448 0.003008 0.002636 0.005151 0.016506 0.052311 0.140480 0.310642 0.570032 0.886681 1.200121 1.448576 1.585254 1.581901 1.438126 1.192386 0.910111 0.650057 0.440701 0.284243 0.173017 0.098842 0.053702 0.029093 0.017039 0.011430 
0.009950 0.007396 0.005385 0.003728 0.002822 0.003894 0.010828 0.034408 0.096395 0.225561 0.440337 0.728356 1.043401 1.324348 1.516915 1.583577 1.510013 1.315256 1.051249 0.780084 0.545379 0.362472 0.228630 0.135930 0.076272 0.041398 0.023066 0.014235 
0.012093 0.008673 0.006391 0.004557 0.003275 0.003358 0.007361 0.022618 0.065402 0.160978 0.332949 0.584346 0.885878 1.183874 1.420632 1.550246 1.546795 1.412635 1.183252 0.915666 0.662732 0.453926 0.295551 0.182280 0.106101 0.058835 0.032232 0.018651 
0.015372 0.010383 0.007532 0.005474 0.003916 0.003316 0.005359 0.014990 0.044010 0.113190 0.246964 0.458648 0.735112 1.034876 1.302253 1.485439 1.548521 1.479715 1.297943 1.049459 0.789199 0.558329 0.374738 0.238916 0.144190 0.082468 0.045533 0.025441 
0.020406 0.012877 0.008957 0.006503 0.004695 0.003616 0.004338 0.010175 0.029500 0.078600 0.180077 0.352806 0.596880 0.884994 1.168565 1.393846 1.516980 1.514118 1.388829 1.173701 0.919329 0.673764 0.466534 0.306827 0.191553 0.113329 0.064001 0.035487 
0.027947 0.016642 0.010917 0.007730 0.005599 0.004155 0.003977 0.007256 0.019837 0.054050 0.129338 0.266441 0.474843 0.740937 1.026780 1.281205 1.455413 1.515549 1.451473 1.281265 1.046515 0.796547 0.570149 0.386680 0.249190 0.152441 0.088665 0.049744 
0.038845 0.022294 0.013780 0.009324 0.006664 0.004877 0.004066 0.005617 0.013547 0.036944 0.091694 0.197890 0.370642 0.607890 0.883858 1.153992 1.368309 1.485481 1.483511 1.366369 1.163890 0.921531 0.683348 0.478415 0.317935 0.200816 0.120553 0.069204 
0.054025 0.030570 0.018037 0.011552 0.007994 0.005771 0.004472 0.004841 0.009582 0.025245 0.064319 0.144792 0.284266 0.489266 0.745874 1.018925 1.261151 1.426895 1.484496 1.424940 1.265130 1.042711 0.802439 0.580881 0.398175 0.259375 0.160684 0.094879 
0.074452 0.042297 0.024303 0.014794 0.009773 0.006882 0.005121 0.004657 0.007212 0.017413 0.044782 0.104555 0.214529 0.386766 0.617570 0.882400 1.140038 1.344023 1.455695 1.454718 1.345035 1.153920 0.922575 0.691660 0.489528 0.328775 0.210030 0.127781 
0.101117 0.058375 0.033300 0.019549 0.012284 0.008328 0.006002 0.004889 0.005934 0.012312 0.031098 0.074669 0.159542 0.300647 0.502168 0.749985 1.011219 1.242030 1.399859 1.455207 1.399877 1.249478 1.038248 0.807118 0.590594 0.409152 0.269402 0.168906 
0.135011 0.079746 0.045838 0.026425 0.015916 0.010306 0.007165 0.005445 0.005411 0.009123 0.021705 0.052883 0.117105 0.230095 0.401408 0.626076 0.880602 1.126625 1.320945 1.427533 1.427542 1.324677 1.143863 0.922683 0.698856 0.499873 0.339277 0.219154 
0.177083 0.107378 0.062792 0.036131 0.021170 0.013111 0.008735 0.006305 0.005428 0.007267 0.015414 0.037294 0.084994 0.173600 0.315751 0.513742 0.753339 1.003613 1.223785 1.374239 1.427537 1.376109 1.234270 1.033273 0.810769 0.599364 0.419575 0.279216 
0.228149 0.142230 0.085085 0.049461 0.028651 0.017141 0.010923 0.007520 0.005867 0.006348 0.011341 0.026354 0.061144 0.129297 0.244676 0.414747 0.633541 0.878476 1.113699 1.299012 1.400888 1.401823 1.305190 1.133771 0.922021 0.705067 0.509470 0.349395 
0.288772 0.185190 0.113658 0.067273 0.039056 0.022896 0.014032 0.009222 0.006693 0.006107 0.008844 0.018847 0.043749 0.095221 0.186986 0.329711 0.524144 0.756008 0.996088 1.206355 1.349950 1.401356 1.353507 1.219480 1.027896 0.813544 0.607268 0.429432 
0.359102 0.236981 0.149424 0.090465 0.053165 0.030976 0.018464 0.011627 0.007957 0.006400 0.007476 0.013846 0.031298 0.069485 0.141104 0.258349 0.426927 0.640076 0.876048 1.101222 1.278153 1.375653 1.377431 1.286493 1.123688 0.920720 0.710406 0.518350 
