0.021984 0.072318 0.152085 0.282892 0.965103 1.675432 1.866171 1.980857 1.980857 1.866171 1.175432 0.465103 0.282892 0.152085 0.072318 0.030424 0.011528 0.004855 0.004312 0.006648 0.009706 0.011762 0.011752 0.009644 0.006374 0.003239 0.001152 0.000234 
0.011109 0.047151 0.112201 0.217488 0.623997 1.320268 1.770801 1.923514 1.980857 1.923514 1.520801 0.820268 0.373997 0.217488 0.112201 0.051371 0.020976 0.008192 0.004583 0.005480 0.008177 0.010734 0.011757 0.010698 0.008009 0.004807 0.002195 0.000693 
0.005901 0.029130 0.079676 0.164845 0.420743 0.972132 1.545535 1.847158 1.952186 1.952186 1.722158 1.170535 0.597132 0.295743 0.164845 0.081786 0.036173 0.014584 0.006388 0.005032 0.006828 0.009455 0.011245 0.011227 0.009354 0.006408 0.003501 0.001444 
0.003672 0.017515 0.054403 0.122260 0.292794 0.696438 1.258833 1.696346 1.899672 1.952186 1.837172 1.446346 0.883833 0.446438 0.230294 0.123315 0.058980 0.025379 0.010486 0.005710 0.005930 0.008142 0.010350 0.011236 0.010291 0.007881 0.004954 0.002473 
0.003072 0.010594 0.035959 0.088332 0.207527 0.494616 0.977636 1.477590 1.798009 1.925929 1.894679 1.641759 1.165090 0.665136 0.338366 0.176805 0.091148 0.042179 0.017932 0.008098 0.005820 0.007036 0.009246 0.010793 0.010763 0.009086 0.006418 0.003713 
0.003393 0.006833 0.023276 0.062145 0.147929 0.351071 0.736126 1.227613 1.637799 1.861969 1.910304 1.768219 1.403424 0.915113 0.501751 0.257585 0.133976 0.066663 0.030056 0.013015 0.006959 0.006428 0.008141 0.010020 0.010778 0.009925 0.007752 0.005066 
0.004229 0.005113 0.015055 0.042711 0.105037 0.249500 0.543599 0.981869 1.432706 1.749884 1.886136 1.839261 1.585822 1.159269 0.708432 0.379668 0.195781 0.100320 0.048359 0.021535 0.009987 0.006693 0.007284 0.009080 0.010399 0.010351 0.008838 0.006409 
0.005319 0.004671 0.010084 0.028883 0.073874 0.177269 0.396550 0.762734 1.207288 1.591295 1.818010 1.862699 1.712541 1.372545 0.933850 0.544050 0.287724 0.148050 0.074340 0.034947 0.015761 0.008340 0.006989 0.008182 0.009740 0.010375 0.009595 0.007623 
0.006471 0.004995 0.007378 0.019483 0.051379 0.125572 0.286909 0.579642 0.985011 1.399291 1.704653 1.840354 1.787620 1.542543 1.153198 0.738950 0.415887 0.217887 0.111195 0.054643 0.025354 0.012051 0.007664 0.007586 0.008961 0.010057 0.009985 0.008609 
0.007540 0.005733 0.006186 0.013430 0.035431 0.088475 0.206240 0.433275 0.782326 1.192151 1.551972 1.772504 1.813987 1.665082 1.347870 0.946074 0.577418 0.316887 0.164541 0.082919 0.039999 0.018702 0.009857 0.007625 0.008273 0.009509 0.010021 0.009297 
0.008419 0.006637 0.005960 0.009808 0.024431 0.061953 0.147358 0.319758 0.607801 0.987239 1.372061 1.662238 1.793245 1.739534 1.506476 1.146972 0.761746 0.447153 0.240714 0.123730 0.061459 0.029351 0.014280 0.008741 0.007949 0.008891 0.009765 0.009659 
0.009039 0.007528 0.006298 0.007884 0.017120 0.043192 0.104655 0.233558 0.463779 0.797520 1.179650 1.517150 1.727742 1.766390 1.623005 1.326724 0.954359 0.604449 0.343933 0.182222 0.092595 0.045405 0.021815 0.011511 0.008345 0.008420 0.009328 0.009712 
0.009376 0.008283 0.006913 0.007091 0.012502 0.030156 0.073924 0.169107 0.348669 0.630650 0.988585 1.348400 1.622446 1.747066 1.694698 1.474865 1.140542 0.779404 0.474191 0.263078 0.137408 0.069000 0.033610 0.016663 0.009928 0.008383 0.008874 0.009520 
0.009448 0.008829 0.007598 0.007002 0.009796 0.021329 0.052040 0.121515 0.258888 0.489659 0.809617 1.168492 1.485423 1.684756 1.720882 1.584781 1.307703 0.959973 0.626798 0.368635 0.200243 0.103204 0.051305 0.025136 0.013295 0.009155 0.008628 0.009197 
0.009323 0.009139 0.008214 0.007300 0.008399 0.015563 0.036684 0.086777 0.190201 0.374273 0.649638 0.989055 1.326958 1.585089 1.702819 1.652831 1.446242 1.133838 0.793385 0.497716 0.284439 0.151724 0.077254 0.038221 0.019216 0.011225 0.008892 0.008913 
0.009118 0.009231 0.008676 0.007757 0.007850 0.011981 0.026123 0.061731 0.138489 0.282237 0.511956 0.819346 1.158006 1.456023 1.643954 1.677825 1.549537 1.290040 0.963612 0.645551 0.391078 0.218081 0.114489 0.057738 0.028718 0.015221 0.010059 0.008902 
0.009010 0.009174 0.008953 0.008217 0.007803 0.009915 0.019052 0.043927 0.100110 0.210363 0.397097 0.665651 0.988676 1.307015 1.549989 1.660889 1.613681 1.419788 1.126826 0.804581 0.518314 0.304579 0.166285 0.086113 0.043228 0.021969 0.012640 0.009481 
0.009245 0.009092 0.009064 0.008585 0.008010 0.008859 0.014484 0.031490 0.072019 0.155237 0.303730 0.531374 0.827164 1.147846 1.428502 1.605439 1.637285 1.516735 1.273307 0.965704 0.661448 0.411447 0.235432 0.126199 0.064671 0.032599 0.017305 0.011060 
0.010153 0.009169 0.009078 0.008824 0.008297 0.008435 0.011671 0.022987 0.051754 0.113628 0.229483 0.417552 0.679269 0.987505 1.288174 1.516970 1.621362 1.577010 1.395021 1.119505 0.813576 0.536447 0.323440 0.180816 0.095435 0.048635 0.024952 0.014182 
0.012167 0.009661 0.009123 0.008951 0.008561 0.008366 0.010053 0.017329 0.037370 0.082691 0.171555 0.323518 0.548410 0.833387 1.137839 1.402572 1.569166 1.599186 1.486015 1.257263 0.966541 0.675011 0.429943 0.252128 0.138125 0.072035 0.036793 0.019567 
0.015867 0.010914 0.009392 0.009037 0.008756 0.008463 0.009210 0.013691 0.027350 0.060031 0.127123 0.247537 0.435964 0.690899 0.985613 1.270206 1.485869 1.584176 1.542601 1.371639 1.111902 0.820776 0.552477 0.341035 0.195126 0.105080 0.054414 0.028180 
0.022024 0.013391 0.010153 0.009215 0.008897 0.008610 0.008836 0.011450 0.020520 0.043690 0.093577 0.187330 0.341750 0.563431 0.838256 1.127909 1.378037 1.535023 1.563388 1.457120 1.241771 0.966339 0.686627 0.446756 0.268081 0.150103 0.079747 0.041297 
0.031660 0.017707 0.011772 0.009684 0.009056 0.008753 0.008723 0.010143 0.015985 0.032105 0.068634 0.140453 0.264540 0.452591 0.700843 0.983082 1.252973 1.456530 1.549206 1.510254 1.349445 1.104055 0.826483 0.566692 0.357419 0.209092 0.114925 0.060522 
0.046091 0.024684 0.014740 0.010728 0.009370 0.008904 0.008738 0.009433 0.013064 0.024045 0.050369 0.104543 0.202497 0.358565 0.576717 0.841963 1.118028 1.354752 1.502868 1.529730 1.429850 1.226750 0.965269 0.696587 0.462055 0.283255 0.162009 0.087724 
0.066907 0.035387 0.019712 0.012734 0.010049 0.009137 0.008821 0.009086 0.011249 0.018555 0.037207 0.077456 0.153520 0.280531 0.467641 0.709340 0.979995 1.236390 1.428810 1.516299 1.479790 1.328300 1.096009 0.830928 0.579321 0.372655 0.222632 0.124866 
0.095887 0.051147 0.027550 0.016223 0.011391 0.009593 0.008979 0.008953 0.010167 0.014902 0.027881 0.057332 0.115488 0.217026 0.374086 0.588491 0.844668 1.108193 1.332600 1.472554 1.498044 1.404045 1.212155 0.963469 0.705125 0.475988 0.297644 0.173749 
0.134818 0.073517 0.039348 0.021886 0.013807 0.010492 0.009286 0.008966 0.009560 0.012535 0.021391 0.042607 0.086410 0.166257 0.295556 0.481288 0.716579 0.976430 1.220396 1.402577 1.485299 1.451045 1.308100 1.087812 0.834297 0.590556 0.386816 0.235696 
0.185257 0.104167 0.056433 0.030617 0.017847 0.012150 0.009889 0.009126 0.009263 0.011047 0.016963 0.031999 0.064508 0.126334 0.230906 0.388422 0.598934 0.846505 1.098413 1.311487 1.443938 1.468172 1.379572 1.197956 0.961054 0.712427 0.488686 0.311256 
