0.831510 1.103561 1.233451 1.243039 1.185343 1.118905 1.562387 1.988054 1.857752 1.670284 1.480809 1.375019 0.914230 0.588587 0.811584 0.963004 0.955414 0.782247 0.516559 0.262441 0.093291 0.018948 0.001226 0.001226 0.018946 0.093279 0.262379 0.516285 
0.673897 0.967535 1.168506 1.238245 1.214191 1.152124 1.340646 1.775220 1.922903 1.764018 1.575547 1.427914 1.144625 0.751409 0.700086 0.887294 0.959209 0.868831 0.649403 0.389500 0.177866 0.056120 0.010087 0.001226 0.010086 0.056113 0.177829 0.389332 
0.531614 0.820716 1.068021 1.203375 1.226218 1.183158 1.246385 1.557933 1.849062 1.843461 1.669783 1.501731 1.286270 0.948017 0.725747 0.793690 0.923252 0.914020 0.759117 0.519451 0.283683 0.116993 0.033103 0.005657 0.005656 0.033099 0.116971 0.283580 
0.407597 0.676165 0.944368 1.135698 1.214797 1.204688 1.214771 1.402159 1.703497 1.846261 1.756622 1.585757 1.394000 1.117143 0.836882 0.759718 0.858471 0.918636 0.836569 0.639284 0.401567 0.200338 0.075048 0.019380 0.005656 0.019378 0.075035 0.200276 
0.303937 0.541881 0.810267 1.040033 1.175247 1.209742 1.209730 1.308465 1.552828 1.774879 1.801441 1.671189 1.489878 1.255572 0.977012 0.798300 0.809095 0.888553 0.877602 0.737926 0.520426 0.300952 0.137693 0.047214 0.012518 0.012517 0.047206 0.137655 
0.220796 0.422909 0.676074 0.925150 1.107640 1.192495 1.209736 1.259097 1.430647 1.663854 1.788160 1.736315 1.580534 1.372725 1.116292 0.887656 0.803697 0.848824 0.883078 0.807764 0.629176 0.410689 0.219323 0.092454 0.029866 0.012518 0.029862 0.092431 
0.156613 0.321852 0.549492 0.800612 1.016395 1.150067 1.201115 1.234417 1.344872 1.547250 1.726007 1.762238 1.658425 1.476629 1.244509 1.001974 0.845677 0.826261 0.865951 0.845421 0.718470 0.519933 0.315006 0.155888 0.061160 0.021192 0.021190 0.061146 
0.108880 0.239233 0.435672 0.675052 0.908504 1.083231 1.175591 1.217766 1.289644 1.446061 1.636629 1.744122 1.710331 1.567527 1.360569 1.123241 0.923826 0.835969 0.846106 0.855686 0.781946 0.619201 0.417469 0.235447 0.108524 0.041176 0.021191 0.041168 
0.075024 0.174056 0.337452 0.555362 0.791778 0.995867 1.129411 1.196679 1.253705 1.367853 1.541345 1.690376 1.727227 1.638929 1.464048 1.241905 1.023533 0.879897 0.841037 0.850896 0.818816 0.700573 0.518335 0.326458 0.171986 0.074850 0.031183 0.031179 
0.053102 0.124540 0.255754 0.446407 0.673570 0.893823 1.062639 1.163045 1.225192 1.310779 1.454599 1.615860 1.708801 1.683078 1.551489 1.352977 1.132719 0.951715 0.860467 0.845967 0.834856 0.759695 0.609454 0.422397 0.249222 0.123418 0.053017 0.031181 
0.042141 0.088821 0.190147 0.351081 0.559988 0.783696 0.978231 1.112842 1.194118 1.267985 1.382689 1.535230 1.662331 1.695940 1.617283 1.452233 1.242848 1.042217 0.906091 0.853217 0.840411 0.797275 0.684574 0.515926 0.335809 0.186320 0.088217 0.042099 
0.042120 0.065481 0.139484 0.270614 0.455535 0.671842 0.880964 1.045537 1.153480 1.231052 1.325337 1.458959 1.598780 1.679135 1.656611 1.534758 1.347540 1.142533 0.974154 0.879654 0.846814 0.818843 0.740925 0.600250 0.425867 0.261065 0.137268 0.065158 
0.053639 0.053801 0.102483 0.205049 0.363074 0.563688 0.776403 0.963250 1.099508 1.192266 1.278195 1.392148 1.528870 1.638958 1.667873 1.595685 1.441149 1.245036 1.058343 0.926904 0.863234 0.832829 0.779884 0.670587 0.513059 0.343466 0.199166 0.101213 
0.077426 0.053720 0.078142 0.153766 0.284062 0.463381 0.670046 0.869827 1.031379 1.145887 1.235230 1.335171 1.460509 1.583914 1.653415 1.631779 1.518417 1.343093 1.151690 0.992624 0.895069 0.848031 0.806356 0.725236 0.591823 0.428262 0.271316 0.150190 
0.113808 0.065573 0.065931 0.115954 0.218914 0.373722 0.566714 0.769936 0.950603 1.088633 1.190559 1.285201 1.397840 1.522211 1.618665 1.642597 1.575098 1.430755 1.247391 1.072157 0.943846 0.871550 0.827194 0.765796 0.658529 0.510043 0.349789 0.210753 
0.162281 0.089691 0.065752 0.090942 0.167434 0.296318 0.470218 0.668325 0.860270 1.019618 1.139596 1.237880 1.341521 1.460026 1.570438 1.630631 1.608848 1.502926 1.339073 1.159774 1.008002 0.907698 0.849372 0.796495 0.712163 0.584286 0.429916 0.280271 
0.221276 0.125986 0.077721 0.078347 0.129188 0.231876 0.383268 0.569271 0.764297 0.939944 1.079607 1.188738 1.289700 1.400773 1.515232 1.600534 1.619739 1.555887 1.421000 1.249424 1.083888 0.957850 0.878535 0.822933 0.754329 0.648224 0.507101 0.355094 
0.288185 0.173631 0.101853 0.078034 0.103768 0.180532 0.307572 0.476269 0.666784 0.852120 1.009775 1.134173 1.239219 1.345237 1.458002 1.557883 1.610137 1.587813 1.488443 1.335212 1.166656 1.020869 0.918193 0.850734 0.788631 0.701277 0.577663 0.431097 
0.359641 0.230908 0.137742 0.089944 0.090901 0.142150 0.244052 0.391921 0.571527 0.759452 0.930948 1.071974 1.186696 1.292228 1.401620 1.507943 1.584010 1.598975 1.538128 1.411827 1.250934 1.093762 0.969531 0.884463 0.819683 0.744954 0.639470 0.504380 
0.432010 0.295274 0.184325 0.113843 0.090422 0.116525 0.193101 0.317986 0.481724 0.665490 0.845200 1.001461 1.129335 1.239462 1.346924 1.454781 1.545976 1.591492 1.568552 1.474978 1.331381 1.172348 1.031647 0.926997 0.852073 0.782318 0.692212 0.571925 
0.501968 0.363642 0.239800 0.149084 0.102133 0.103474 0.154813 0.255543 0.399855 0.573607 0.755345 0.923331 1.065398 1.184398 1.293193 1.400852 1.500379 1.568734 1.580022 1.521765 1.403179 1.251864 1.101997 0.979322 0.889535 0.817196 0.737265 0.632068 
0.567018 0.432805 0.301721 0.194442 0.125608 0.102803 0.129143 0.205178 0.327699 0.486731 0.664476 0.839338 0.994364 1.124898 1.238796 1.347023 1.450616 1.534557 1.574378 1.550893 1.462472 1.327522 1.176931 1.040660 0.934428 0.853365 0.777230 0.684667 
0.625842 0.499911 0.367263 0.248081 0.160025 0.114206 0.115973 0.167161 0.266439 0.407215 0.575603 0.751907 0.916851 1.059631 1.181847 1.292909 1.398819 1.492586 1.554467 1.562636 1.506683 1.394997 1.252226 1.108795 0.987544 0.893897 0.815298 0.730948 
0.678395 0.562877 0.433587 0.307672 0.204053 0.137115 0.115090 0.141567 0.216800 0.336827 0.491409 0.663755 0.834379 0.988241 1.120739 1.237378 1.345864 1.445703 1.523527 1.558552 1.534659 1.450840 1.323612 1.180511 1.048170 0.940720 0.854597 0.773123 
0.725759 0.620636 0.498232 0.370630 0.255863 0.170584 0.126102 0.128328 0.179183 0.276813 0.414118 0.577582 0.749067 0.911310 1.054490 1.179058 1.291621 1.395783 1.484615 1.541039 1.546605 1.492749 1.387226 1.252061 1.114340 0.994445 0.897659 0.813860 
0.769810 0.673198 0.559434 0.434431 0.313246 0.213223 0.148343 0.127215 0.153756 0.227998 0.345466 0.495850 0.663324 0.830188 0.982900 1.116774 1.235340 1.343702 1.440199 1.512827 1.543822 1.519677 1.439988 1.319643 1.183201 1.054393 0.946052 0.855760 
0.812785 0.721504 0.616316 0.496933 0.373839 0.263235 0.180783 0.137779 0.140486 0.190877 0.286732 0.420658 0.579587 0.746756 0.906544 1.049837 1.176057 1.289521 1.391951 1.476513 1.528325 1.531750 1.479833 1.379815 1.251422 1.118797 1.000222 0.900906 
0.856845 0.767144 0.668910 0.556624 0.435386 0.318537 0.222009 0.159281 0.139132 0.165681 0.238805 0.353695 0.500123 0.663172 0.826650 0.978191 1.112947 1.232789 1.340736 1.434232 1.502419 1.530037 1.505791 1.429824 1.315619 1.185109 1.059509 0.950564 
