0.015728 0.032999 0.072829 0.151885 0.281774 0.462390 0.671649 0.863815 1.483449 1.990807 1.882963 1.695495 1.483563 1.296082 0.659139 0.074894 0.030935 0.011328 0.003738 0.001599 0.002865 0.007350 0.014354 0.021701 0.026437 0.026436 0.021699 0.014341 
0.015035 0.024364 0.052914 0.112357 0.216830 0.372082 0.567020 0.767732 1.173632 1.737128 1.936885 1.789229 1.589529 1.389822 0.977610 0.367017 0.052914 0.021131 0.007533 0.002668 0.002232 0.005108 0.010852 0.018027 0.024069 0.026437 0.024068 0.018020 
0.016528 0.019699 0.038639 0.082636 0.164593 0.294456 0.469551 0.667376 0.970682 1.455380 1.837007 1.863057 1.689379 1.489676 1.183716 0.672313 0.209965 0.037023 0.014332 0.005101 0.002450 0.003670 0.007980 0.014440 0.021048 0.025253 0.025252 0.021044 
0.018786 0.018113 0.029169 0.060637 0.123615 0.229525 0.382003 0.568463 0.819029 1.213031 1.646193 1.850032 1.776218 1.589527 1.336696 0.928015 0.441139 0.123494 0.025678 0.009716 0.003775 0.003060 0.005825 0.011210 0.017744 0.023151 0.025253 0.023148 
0.020967 0.018450 0.023641 0.044903 0.092126 0.176570 0.305764 0.475233 0.693746 1.016030 1.429612 1.748113 1.813125 1.682873 1.463112 1.132355 0.684577 0.282317 0.074586 0.017697 0.006746 0.003418 0.004442 0.008517 0.014477 0.020447 0.024202 0.024200 
0.022584 0.019708 0.021045 0.034272 0.068515 0.134348 0.241167 0.390499 0.584490 0.854888 1.222821 1.588862 1.780619 1.747999 1.572992 1.297733 0.908466 0.483447 0.178451 0.046141 0.012221 0.005082 0.003930 0.006480 0.011497 0.017462 0.022324 0.024201 
0.023392 0.021146 0.020377 0.027659 0.051393 0.101431 0.187757 0.315833 0.487494 0.719689 1.038855 1.405842 1.684740 1.764309 1.660495 1.435363 1.103100 0.695957 0.330949 0.112296 0.029181 0.008652 0.004506 0.005205 0.008988 0.014480 0.019893 0.023263 
0.023327 0.022269 0.020761 0.024018 0.039526 0.076412 0.144594 0.251795 0.401663 0.603592 0.879272 1.222348 1.545291 1.724525 1.712402 1.547929 1.269231 0.899528 0.513453 0.221623 0.070739 0.018917 0.006579 0.004855 0.007097 0.011734 0.017186 0.021578 
0.022453 0.022798 0.021515 0.022390 0.031772 0.057969 0.110503 0.198195 0.326729 0.502628 0.741432 1.050810 1.383820 1.634908 1.718463 1.630166 1.408580 1.084380 0.706491 0.367538 0.146181 0.044828 0.012748 0.005717 0.005976 0.009415 0.014460 0.019382 
0.020917 0.022626 0.022157 0.021952 0.027081 0.044871 0.084236 0.154349 0.262462 0.414678 0.622030 0.896121 1.217315 1.509364 1.676686 1.674314 1.519373 1.246480 0.895435 0.537014 0.256859 0.095504 0.028788 0.009232 0.005846 0.007696 0.011938 0.016921 
0.018919 0.021771 0.022391 0.022055 0.024517 0.035976 0.064553 0.119293 0.208405 0.338570 0.518354 0.759075 1.056718 1.363339 1.593025 1.675500 1.596844 1.382926 1.070958 0.716225 0.396937 0.176182 0.062146 0.019010 0.007539 0.006771 0.009817 0.014429 
0.016674 0.020345 0.022081 0.022223 0.023286 0.030246 0.050265 0.091923 0.163849 0.273488 0.428462 0.638715 0.907896 1.210029 1.478182 1.634262 1.636172 1.489885 1.226942 0.893591 0.556581 0.286559 0.119164 0.040578 0.013275 0.007155 0.008294 0.012123 
0.014399 0.018510 0.021213 0.022152 0.022754 0.026766 0.040255 0.071094 0.127886 0.218668 0.350975 0.533588 0.773306 1.058963 1.344105 1.556222 1.635217 1.563028 1.358414 1.060267 0.725086 0.421570 0.202862 0.079871 0.026926 0.010215 0.007725 0.010208 
0.012304 0.016454 0.019862 0.021683 0.022453 0.024760 0.033511 0.055675 0.099490 0.173277 0.284822 0.442282 0.653447 0.916134 1.201534 1.450164 1.595720 1.599123 1.460721 1.209340 0.892676 0.573328 0.312216 0.141366 0.053399 0.018571 0.008970 0.008967 
0.010635 0.014379 0.018158 0.020772 0.022068 0.023607 0.029135 0.044593 0.077582 0.136384 0.229049 0.363552 0.547864 0.784790 1.058834 1.325849 1.522942 1.597421 1.529922 1.335031 1.051008 0.733002 0.442772 0.226791 0.097382 0.035985 0.013770 0.008968 
0.009802 0.012507 0.016268 0.019465 0.021420 0.022837 0.026371 0.036864 0.061087 0.106983 0.182717 0.296301 0.455708 0.666327 0.921812 1.192341 1.424395 1.560181 1.563672 1.432476 1.193019 0.892005 0.587887 0.334781 0.162087 0.066684 0.024877 0.011369 
0.010585 0.011154 0.014388 0.017867 0.020443 0.022129 0.024604 0.031618 0.048976 0.084035 0.144850 0.239509 0.376004 0.561018 0.794070 1.057077 1.308368 1.492288 1.561926 1.498074 1.312748 1.042512 0.739946 0.461334 0.248434 0.114385 0.045780 0.018123 
0.014354 0.010870 0.012771 0.016127 0.019155 0.021286 0.023366 0.028111 0.040297 0.066505 0.114442 0.192179 0.307756 0.468511 0.677544 0.925573 1.182723 1.400328 1.527107 1.530000 1.405411 1.177630 0.891229 0.600640 0.354884 0.181410 0.080083 0.031952 
0.023153 0.012612 0.011820 0.014449 0.017641 0.020220 0.022326 0.025739 0.034204 0.053401 0.090474 0.153311 0.249968 0.388134 0.573027 0.801559 1.054148 1.291525 1.463718 1.528554 1.467705 1.291520 1.034430 0.745935 0.477762 0.268147 0.130746 0.056017 
0.039585 0.017883 0.012216 0.013135 0.016045 0.018931 0.021273 0.024032 0.029971 0.043802 0.071937 0.121892 0.201639 0.319051 0.480581 0.687293 0.927853 1.172837 1.377622 1.496136 1.498130 1.379613 1.162975 0.890182 0.611848 0.372955 0.199447 0.093382 
0.066484 0.028734 0.015049 0.012676 0.014590 0.017488 0.020102 0.022653 0.027002 0.036887 0.057870 0.096915 0.161766 0.260345 0.399816 0.583937 0.807573 1.050345 1.275229 1.436879 1.497133 1.438871 1.271294 1.026579 0.751015 0.492401 0.286201 0.146414 
0.106449 0.047609 0.021892 0.013862 0.013633 0.016039 0.018795 0.021377 0.024827 0.031944 0.047378 0.077392 0.129340 0.211055 0.330080 0.491876 0.695755 0.928959 1.162787 1.356054 1.467006 1.468002 1.355083 1.148936 0.888797 0.621708 0.389301 0.216307 
0.161378 0.077029 0.034750 0.017877 0.013748 0.014836 0.017417 0.020086 0.023102 0.028386 0.039661 0.062385 0.103366 0.170198 0.270568 0.410978 0.593816 0.812357 1.045873 1.259420 1.411530 1.467504 1.411542 1.252009 1.018867 0.755253 0.505505 0.302804 
0.232091 0.119203 0.055889 0.026314 0.015812 0.014292 0.016126 0.018751 0.021594 0.025744 0.034024 0.051023 0.082876 0.136782 0.220383 0.340773 0.502397 0.703086 0.929115 1.152647 1.335475 1.439517 1.439523 1.331776 1.135438 0.887060 0.630379 0.404154 
0.318123 0.175647 0.087546 0.041102 0.021063 0.015052 0.015209 0.017439 0.020173 0.023669 0.029884 0.042523 0.066950 0.109829 0.178583 0.280578 0.421585 0.602742 0.816101 1.040881 1.244061 1.387496 1.439520 1.385649 1.233607 1.011249 0.758719 0.517267 
0.417695 0.246885 0.131597 0.064324 0.031082 0.018057 0.015130 0.016324 0.018806 0.021921 0.026776 0.036204 0.054737 0.088389 0.144206 0.229580 0.351081 0.512163 0.709421 0.928491 1.142471 1.315778 1.413508 1.412585 1.309628 1.122428 0.884984 0.637993 
0.527844 0.332290 0.189241 0.097960 0.047703 0.024570 0.016594 0.015727 0.017565 0.020363 0.024349 0.031490 0.045470 0.071563 0.116298 0.186893 0.290331 0.431622 0.610792 0.818956 1.035481 1.229125 1.364643 1.413046 1.361106 1.216028 1.003706 0.761488 
0.644666 0.430067 0.260765 0.143601 0.072832 0.036137 0.020582 0.016161 0.016646 0.018964 0.022356 0.027919 0.038480 0.058516 0.093930 0.151595 0.238612 0.360977 0.521207 0.714874 0.927218 1.132303 1.296884 1.388845 1.387076 1.288567 1.109867 0.882597 
