0.021501 0.014199 0.015025 0.531166 1.072352 1.151900 1.282498 1.465595 1.679554 1.377178 1.000355 1.007176 0.894595 0.700305 0.482515 0.292235 0.155582 0.073061 0.030457 0.011343 0.004462 0.004803 0.010769 0.020713 0.031259 0.038071 0.038069 0.031247 
0.026374 0.017850 0.014612 0.273096 0.801759 1.112126 1.217199 1.374046 1.572574 1.528366 1.188766 1.003766 0.950886 0.797450 0.591410 0.387375 0.223909 0.114321 0.051759 0.020900 0.007902 0.004633 0.007786 0.015741 0.025986 0.034665 0.038070 0.034658 
0.030516 0.022112 0.016231 0.143854 0.537427 0.956943 1.164662 1.295623 1.473310 1.550470 1.358566 1.096266 0.977326 0.874168 0.694430 0.489393 0.305642 0.169115 0.083040 0.036330 0.014401 0.006267 0.006209 0.011764 0.020864 0.030326 0.036367 0.036364 
0.033440 0.026314 0.019172 0.080043 0.340641 0.747185 1.060802 1.230143 1.384467 1.511890 1.454518 1.227416 1.036796 0.925747 0.784299 0.591911 0.397517 0.237379 0.126078 0.059685 0.025366 0.010334 0.006238 0.008987 0.016314 0.025595 0.033346 0.036366 
0.034903 0.029877 0.022743 0.049607 0.210342 0.543913 0.903994 1.145473 1.307305 1.448178 1.483204 1.340967 1.132106 0.981271 0.855023 0.688105 0.494714 0.317448 0.181728 0.092881 0.042525 0.017850 0.008286 0.007613 0.012650 0.020954 0.029471 0.034856 
0.034879 0.032390 0.026310 0.036175 0.129974 0.377127 0.723953 1.024733 1.226389 1.377741 1.465691 1.412086 1.236536 1.056689 0.918147 0.771564 0.591410 0.406081 0.249588 0.137305 0.067703 0.030188 0.013068 0.007949 0.010131 0.016802 0.025212 0.032163 
0.033521 0.033635 0.029350 0.031242 0.083075 0.253551 0.550540 0.874343 1.125561 1.302065 1.421716 1.438888 1.324311 1.146612 0.987418 0.844856 0.681487 0.498745 0.327835 0.193446 0.102504 0.048945 0.021628 0.010509 0.009040 0.013467 0.021007 0.028688 
0.031105 0.033578 0.031492 0.030296 0.057158 0.168313 0.402046 0.712442 0.999952 1.213813 1.361891 1.430302 1.381600 1.235462 1.067015 0.916137 0.763171 0.590116 0.413290 0.260640 0.147975 0.075725 0.035287 0.016068 0.009775 0.011254 0.017237 0.024848 
0.027976 0.032341 0.032535 0.030894 0.043727 0.112736 0.285179 0.557244 0.856197 1.106882 1.287852 1.396096 1.405951 1.308531 1.151238 0.991576 0.839654 0.676644 0.501703 0.336965 0.204308 0.111850 0.055506 0.025678 0.012922 0.010514 0.014245 0.021042 
0.024509 0.030159 0.032438 0.031715 0.037311 0.078231 0.198957 0.421211 0.706720 0.981540 1.197367 1.341974 1.401024 1.357241 1.229885 1.071407 0.915615 0.758149 0.589173 0.419334 0.270637 0.158079 0.083678 0.040592 0.019300 0.011718 0.012380 0.017644 
0.021076 0.027334 0.031298 0.032076 0.034513 0.057771 0.138594 0.310084 0.563966 0.844130 1.089453 1.269671 1.371499 1.379132 1.293563 1.150646 0.993511 0.836882 0.673661 0.504254 0.344985 0.214358 0.120878 0.062135 0.029946 0.015509 0.012049 0.015012 
0.018044 0.024205 0.029316 0.031687 0.033295 0.046142 0.098183 0.224339 0.437025 0.704048 0.966792 1.179562 1.320585 1.375316 1.336347 1.222104 1.072078 0.915196 0.755271 0.588957 0.424620 0.279672 0.167618 0.091507 0.046040 0.022727 0.013779 0.013530 
0.015787 0.021125 0.026761 0.030502 0.032491 0.039718 0.072162 0.161261 0.330682 0.570536 0.835420 1.073177 1.250073 1.347950 1.355832 1.279226 1.147091 0.993637 0.835234 0.672114 0.506789 0.352146 0.223645 0.129562 0.068773 0.034384 0.018253 0.013654 
0.014721 0.018456 0.023943 0.028631 0.031496 0.036105 0.055940 0.116712 0.245972 0.450609 0.702978 0.954298 1.161625 1.299012 1.351891 1.317529 1.213159 1.070364 0.914436 0.753674 0.589451 0.429467 0.287895 0.176604 0.099168 0.051578 0.026318 0.015954 
0.015337 0.016588 0.021199 0.026287 0.030064 0.033800 0.046022 0.086326 0.181342 0.348291 0.576794 0.828638 1.057962 1.230318 1.325451 1.334710 1.265344 1.141762 0.992400 0.834055 0.671563 0.509459 0.358681 0.232249 0.137886 0.075373 0.038948 0.021136 
0.018237 0.015963 0.018894 0.023743 0.028175 0.031932 0.039911 0.066174 0.133834 0.264816 0.462542 0.702716 0.943300 1.144140 1.277885 1.330081 1.300027 1.203553 1.067081 0.913228 0.752809 0.590511 0.434070 0.295465 0.185068 0.106629 0.057161 0.030042 
0.024139 0.017100 0.017428 0.021318 0.025959 0.030054 0.035922 0.053043 0.100004 0.199325 0.363679 0.582629 0.823008 1.043720 1.211012 1.303983 1.315054 1.251790 1.135317 0.990154 0.833018 0.671660 0.512291 0.364768 0.240266 0.145848 0.081895 0.043601 
0.033870 0.020620 0.017264 0.019373 0.023639 0.028006 0.032988 0.044482 0.076523 0.149664 0.281502 0.473154 0.702819 0.933364 1.127366 1.257498 1.309518 1.283422 1.193553 1.062735 0.911586 0.752339 0.591975 0.438529 0.302517 0.193057 0.113872 0.062748 
0.048309 0.027245 0.018942 0.018319 0.021506 0.025823 0.030497 0.038735 0.060503 0.113094 0.215583 0.377328 0.587986 0.818091 1.030365 1.192432 1.283508 1.296470 1.238487 1.128144 0.987161 0.831963 0.672157 0.515252 0.370523 0.247787 0.153465 0.088310 
0.068310 0.037777 0.023093 0.018630 0.019912 0.023664 0.028160 0.034616 0.049619 0.086798 0.164339 0.296456 0.482657 0.703039 0.924228 1.111399 1.237970 1.289989 1.267479 1.183316 1.057653 0.909562 0.752060 0.593705 0.442888 0.309155 0.200626 0.120887 
0.094598 0.053043 0.030435 0.020862 0.019271 0.021788 0.025912 0.031388 0.042118 0.068209 0.125569 0.230397 0.389556 0.592848 0.813633 1.017813 1.174684 1.263979 1.278734 1.225397 1.120484 0.983607 0.830811 0.672882 0.518296 0.376021 0.254891 0.160757 
0.127678 0.073821 0.041739 0.025649 0.020067 0.020530 0.023850 0.028650 0.036753 0.055163 0.096889 0.177983 0.309977 0.491202 0.703241 0.915723 1.096249 1.219332 1.271357 1.252066 1.172941 1.052046 0.907209 0.751847 0.595589 0.447159 0.315456 0.207824 
0.167751 0.100749 0.057780 0.033694 0.022858 0.020298 0.022190 0.026250 0.032701 0.045958 0.076026 0.137436 0.243980 0.400589 0.597221 0.809482 1.005986 1.157790 1.245344 1.261711 1.212503 1.112493 0.979627 0.829528 0.673718 0.521374 0.381307 0.261640 
0.214695 0.134250 0.079265 0.045737 0.028276 0.021578 0.021244 0.024220 0.029476 0.039330 0.060992 0.106731 0.190708 0.322285 0.498905 0.703352 0.907734 1.081888 1.201567 1.253528 1.237107 1.162498 1.046060 0.904578 0.751623 0.597546 0.451341 0.321474 
0.268084 0.174473 0.106757 0.062501 0.037006 0.024927 0.021411 0.022732 0.026848 0.034403 0.050161 0.083861 0.148719 0.256496 0.410595 0.601129 0.805543 0.994811 1.141728 1.227547 1.245317 1.199803 1.104279 0.975319 0.828100 0.674584 0.524443 0.386407 
0.327246 0.221278 0.140615 0.084629 0.049754 0.030967 0.023169 0.022072 0.024790 0.030625 0.042282 0.067011 0.116290 0.202608 0.333546 0.505862 0.703336 0.900177 1.068269 1.184638 1.236432 1.222560 1.152041 1.039799 0.901710 0.751342 0.599514 0.455425 
0.391336 0.274262 0.180947 0.112622 0.067191 0.040360 0.027068 0.022620 0.023431 0.027708 0.036454 0.054646 0.091651 0.159449 0.268077 0.419704 0.604599 0.801756 0.984223 1.126454 1.210535 1.229496 1.187300 1.095920 0.970754 0.826526 0.675428 0.527470 
0.459403 0.332799 0.227604 0.146784 0.089907 0.053776 0.033714 0.024844 0.023026 0.025569 0.032081 0.045550 0.073149 0.125550 0.213763 0.343890 0.512151 0.703178 0.892990 1.055338 1.168494 1.220016 1.208398 1.141610 1.033337 0.898640 0.750977 0.601449 
