0.002869 0.011309 0.030642 0.073455 0.155090 0.288114 0.471508 0.680808 0.868276 0.978752 1.475482 1.859766 1.670210 1.462097 1.281755 1.151866 0.572537 0.031560 0.014533 0.010078 0.010716 0.012023 0.011811 0.009656 0.006376 0.003240 0.001152 0.000234 
0.001552 0.007089 0.020976 0.052048 0.114272 0.221602 0.379811 0.576158 0.774542 0.923514 1.227117 1.667624 1.764988 1.566154 1.371926 1.216811 0.862201 0.302048 0.023047 0.012306 0.010397 0.011370 0.011917 0.010734 0.008016 0.004808 0.002196 0.000693 
0.001122 0.004320 0.014033 0.036512 0.083160 0.167937 0.300707 0.477984 0.675350 0.849028 1.075315 1.447370 1.716306 1.665571 1.469040 1.294369 1.039506 0.582125 0.162548 0.017676 0.011351 0.010884 0.011644 0.011326 0.009375 0.006412 0.003502 0.001444 
0.001283 0.002721 0.009177 0.025272 0.059836 0.125549 0.234322 0.389345 0.576667 0.762189 0.962172 1.261343 1.581838 1.690938 1.567305 1.381704 1.166937 0.810815 0.372336 0.090112 0.014514 0.011117 0.011264 0.011485 0.010350 0.007894 0.004957 0.002473 
0.001878 0.002002 0.005949 0.017224 0.042554 0.092693 0.179935 0.311834 0.483006 0.669428 0.862180 1.111757 1.421590 1.636388 1.629122 1.474505 1.274321 0.988876 0.591576 0.231224 0.052313 0.012816 0.011191 0.011374 0.010917 0.009122 0.006425 0.003715 
0.002796 0.001940 0.003976 0.011587 0.029889 0.067623 0.136314 0.245885 0.397420 0.576217 0.765804 0.986969 1.266674 1.528989 1.632755 1.551813 1.374413 1.131599 0.790226 0.411400 0.141768 0.032564 0.012003 0.011282 0.011146 0.010020 0.007774 0.005070 
0.003933 0.002368 0.002958 0.007781 0.020738 0.048756 0.101969 0.191099 0.321652 0.486819 0.671011 0.876386 1.126821 1.397832 1.580872 1.592284 1.463113 1.253006 0.960912 0.600813 0.276584 0.087166 0.022284 0.011643 0.011214 0.010583 0.008897 0.006422 
0.005178 0.003151 0.002663 0.005370 0.014260 0.034747 0.075363 0.146534 0.256376 0.404235 0.578915 0.773699 1.001604 1.262326 1.489352 1.586578 1.527699 1.358059 1.106959 0.780863 0.438699 0.181875 0.054725 0.016963 0.011428 0.010898 0.009740 0.007659 
0.006418 0.004164 0.002907 0.004016 0.009815 0.024503 0.055055 0.110948 0.201455 0.330306 0.491575 0.676307 0.887651 1.131965 1.375839 1.537965 1.557138 1.442879 1.232509 0.943911 0.609781 0.310287 0.118300 0.035844 0.014196 0.011163 0.010319 0.008699 
0.007559 0.005291 0.003536 0.003462 0.006915 0.017159 0.039779 0.083002 0.156202 0.265880 0.410940 0.583941 0.781979 1.009808 1.253902 1.456902 1.547552 1.500009 1.337694 1.088210 0.776846 0.460034 0.214294 0.077072 0.025020 0.012680 0.010741 0.009509 
0.008534 0.006425 0.004413 0.003499 0.005189 0.012037 0.028469 0.061390 0.119602 0.211041 0.338410 0.497441 0.682960 0.895894 1.131855 1.355402 1.502227 1.523780 1.418851 1.212952 0.932528 0.618440 0.337164 0.145683 0.051046 0.018850 0.011710 0.010125 
0.009330 0.007480 0.005419 0.003956 0.004344 0.008613 0.020253 0.044930 0.090496 0.165321 0.274726 0.417925 0.590200 0.789427 1.013874 1.243629 1.428815 1.513004 1.471316 1.315902 1.072740 0.775484 0.477802 0.241423 0.098364 0.034948 0.015280 0.010918 
0.010124 0.008405 0.006449 0.004688 0.004150 0.006478 0.014433 0.032591 0.067713 0.127909 0.220023 0.346325 0.504063 0.689813 0.901651 1.128752 1.336222 1.470909 1.492160 1.393609 1.194321 0.924112 0.626643 0.359612 0.169894 0.066656 0.025114 0.013099 
0.011611 0.009264 0.007427 0.005569 0.004419 0.005314 0.010456 0.023512 0.050152 0.097811 0.173966 0.283174 0.425194 0.596938 0.795732 1.015201 1.232487 1.403565 1.481534 1.442884 1.293965 1.059216 0.775377 0.493128 0.264753 0.118275 0.045885 0.019106 
0.015359 0.010438 0.008346 0.006498 0.004994 0.004866 0.007885 0.016984 0.036832 0.073981 0.135888 0.228570 0.354184 0.511066 0.696335 0.905467 1.123844 1.318026 1.442550 1.462209 1.368425 1.176591 0.917297 0.634252 0.378940 0.191514 0.082080 0.032496 
0.023927 0.012898 0.009392 0.007422 0.005746 0.004930 0.006376 0.012434 0.026908 0.055407 0.104935 0.182229 0.291377 0.432625 0.603701 0.800901 1.014655 1.220935 1.380288 1.452380 1.415317 1.272508 1.046944 0.775775 0.506596 0.285227 0.136797 0.057288 
0.040608 0.018413 0.011145 0.008407 0.006584 0.005338 0.005653 0.009405 0.019671 0.041157 0.080171 0.143582 0.236803 0.362001 0.518163 0.702301 0.907778 1.117795 1.300611 1.416334 1.433848 1.343912 1.159726 0.911359 0.641186 0.395912 0.211012 0.097042 
0.068825 0.029510 0.014779 0.009776 0.007495 0.005961 0.005495 0.007529 0.014538 0.030414 0.060664 0.111876 0.190193 0.299402 0.440082 0.610232 0.805039 1.012786 1.209203 1.358473 1.425091 1.388880 1.251819 1.035542 0.776272 0.518549 0.303462 0.154027 
0.111426 0.049168 0.022145 0.012277 0.008636 0.006728 0.005728 0.006512 0.011033 0.022476 0.045539 0.086270 0.151035 0.244797 0.369742 0.525157 0.707636 0.908913 1.110995 1.283838 1.391782 1.406986 1.320350 1.143681 0.905907 0.647411 0.411005 0.228745 
0.170085 0.080297 0.035656 0.017211 0.010456 0.007682 0.006228 0.006120 0.008773 0.016755 0.034008 0.065905 0.118652 0.197916 0.307270 0.447450 0.616396 0.808274 1.009954 1.197416 1.337810 1.399384 1.363668 1.232015 1.024794 0.776659 0.529208 0.319875 
0.244980 0.125191 0.057976 0.026434 0.013834 0.009069 0.006955 0.006174 0.007446 0.012764 0.025381 0.049956 0.092279 0.158284 0.252593 0.377360 0.531923 0.712335 0.909114 1.103685 1.267613 1.368597 1.381526 1.297841 1.128405 0.900727 0.652933 0.424541 
0.334761 0.185086 0.091584 0.042205 0.020134 0.011451 0.008012 0.006564 0.006810 0.010105 0.019073 0.037669 0.071117 0.125281 0.205439 0.314976 0.454641 0.622129 0.810725 1.006400 1.185649 1.318105 1.375061 1.339684 1.213123 1.014566 0.776830 0.538737 
0.436749 0.259923 0.138335 0.066894 0.031169 0.015793 0.009732 0.007288 0.006687 0.008458 0.014589 0.028371 0.054393 0.098199 0.165360 0.260207 0.384809 0.538385 0.716427 0.908562 1.096024 1.251877 1.346583 1.357372 1.276403 1.113844 0.895698 0.657784 
0.547266 0.348336 0.199129 0.102615 0.049032 0.023481 0.012762 0.008510 0.006988 0.007573 0.011523 0.021480 0.041382 0.076296 0.131780 0.212784 0.322508 0.461597 0.627406 0.812494 1.002293 1.173951 1.299230 1.351978 1.316888 1.195124 1.004771 0.776741 
0.662004 0.447801 0.273733 0.150872 0.075823 0.036256 0.018122 0.010636 0.007749 0.007280 0.009548 0.016501 0.031431 0.058839 0.104038 0.172282 0.267646 0.392053 0.544501 0.719950 0.907394 1.088122 1.236590 1.325604 1.334433 1.256006 1.099947 0.890756 
0.776380 0.554902 0.360767 0.212302 0.113347 0.056040 0.027189 0.014379 0.009192 0.007515 0.008414 0.013025 0.023966 0.045135 0.081438 0.138160 0.219964 0.329849 0.468277 0.632226 0.813672 0.997758 1.162356 1.281097 1.330018 1.295219 1.177977 0.995352 
0.885866 0.665641 0.457835 0.286535 0.162825 0.084694 0.041614 0.020784 0.011786 0.008353 0.007964 0.010719 0.018495 0.034551 0.063287 0.109799 0.179062 0.274907 0.399063 0.550251 0.722949 0.905715 1.080057 1.221727 1.305558 1.312619 1.236598 1.086664 
0.986265 0.775753 0.561738 0.372185 0.224680 0.123759 0.063154 0.031199 0.016285 0.010070 0.008159 0.009342 0.014607 0.026523 0.048919 0.086543 0.144430 0.226984 0.336985 0.474657 0.636600 0.814332 0.992886 1.150892 1.263642 1.309088 1.274608 1.161631 
