0.050630 0.151870 0.281759 0.462160 0.670516 0.860626 1.477175 1.981314 1.871397 1.683929 1.474069 1.289807 0.655951 0.073760 0.030704 0.011313 0.003723 0.001368 0.001731 0.004161 0.008079 0.012208 0.014871 0.014871 0.012206 0.008067 0.004100 0.001457 
0.026044 0.101250 0.216815 0.371960 0.566338 0.765571 1.168900 1.729244 1.926355 1.777663 1.578999 1.381938 0.972879 0.364855 0.052232 0.021009 0.007518 0.002546 0.001550 0.002946 0.006120 0.010144 0.013539 0.014871 0.013538 0.010136 0.006083 0.002779 
0.014411 0.063647 0.159032 0.294387 0.469149 0.665954 0.967236 1.449072 1.827800 1.852009 1.678331 1.480469 1.177409 0.668867 0.208544 0.036621 0.014264 0.005032 0.002048 0.002248 0.004533 0.008132 0.011842 0.014205 0.014204 0.011837 0.008110 0.004431 
0.009421 0.039029 0.111340 0.226710 0.381768 0.567552 0.816595 1.208154 1.638436 1.839904 1.765170 1.579400 1.328939 0.923138 0.438706 0.122582 0.025442 0.009648 0.003540 0.002148 0.003391 0.006333 0.009987 0.013023 0.014205 0.013021 0.009974 0.006270 
0.007846 0.024225 0.075184 0.169025 0.304239 0.474660 0.692073 1.012375 1.423295 1.739170 1.802537 1.672285 1.454169 1.126038 0.680922 0.280644 0.074012 0.017545 0.006594 0.002844 0.002769 0.004862 0.008160 0.011505 0.013614 0.013613 0.011497 0.008122 
0.007984 0.016035 0.049705 0.122105 0.236632 0.389449 0.583366 0.852224 1.217835 1.581233 1.770854 1.737411 1.563227 1.290104 0.903480 0.480783 0.177328 0.045779 0.012069 0.004719 0.002807 0.003816 0.006511 0.009832 0.012560 0.013613 0.012555 0.009810 
0.008897 0.012010 0.032870 0.085905 0.179368 0.313041 0.486408 0.717795 1.035029 1.399534 1.676043 1.754132 1.650319 1.426665 1.096792 0.692131 0.329055 0.111553 0.028924 0.008394 0.003763 0.003311 0.005163 0.008172 0.011196 0.013086 0.013084 0.011182 
0.010040 0.010453 0.022440 0.059387 0.132636 0.246204 0.399724 0.602102 0.876412 1.217282 1.537788 1.715088 1.702226 1.538492 1.261729 0.894462 0.510593 0.220304 0.070239 0.018659 0.006078 0.003537 0.004237 0.006667 0.009684 0.012141 0.013085 0.012133 
0.011086 0.010246 0.016447 0.040914 0.096012 0.189420 0.322964 0.500913 0.739257 1.046847 1.377535 1.626438 1.708657 1.620359 1.400110 1.078095 0.702528 0.365449 0.145271 0.044449 0.012369 0.004808 0.003887 0.005452 0.008176 0.010912 0.012613 0.012609 
0.011848 0.010666 0.013346 0.028680 0.068463 0.142716 0.256192 0.411939 0.620085 0.893052 1.212191 1.501987 1.667547 1.664508 1.510235 1.239103 0.890311 0.533988 0.255360 0.094860 0.028409 0.008588 0.004347 0.004670 0.006814 0.009544 0.011763 0.012611 
0.012230 0.011257 0.012006 0.021013 0.048571 0.105590 0.199454 0.334065 0.516012 0.756568 1.052621 1.357089 1.584767 1.666028 1.587371 1.374669 1.064707 0.712150 0.394674 0.175110 0.061634 0.018498 0.006468 0.004508 0.005742 0.008179 0.010653 0.012187 
0.012208 0.011743 0.011632 0.016510 0.034792 0.077080 0.152522 0.266760 0.425039 0.636290 0.904595 1.204855 1.470928 1.625397 1.626700 1.481020 1.219688 0.888428 0.553412 0.284892 0.118372 0.040066 0.012483 0.005488 0.005125 0.006960 0.009416 0.011420 
0.011814 0.011976 0.011688 0.014071 0.025651 0.055936 0.114801 0.209641 0.345899 0.530664 0.770442 1.054725 1.337891 1.548163 1.626048 1.553860 1.350354 1.054058 0.720920 0.419152 0.201632 0.079219 0.026275 0.008986 0.005307 0.006043 0.008188 0.010418 
0.011116 0.011895 0.011832 0.012879 0.019861 0.040794 0.085369 0.162221 0.277770 0.438282 0.650553 0.912584 1.196308 1.443027 1.587106 1.589954 1.452107 1.202206 0.887489 0.570036 0.310392 0.140426 0.052747 0.017630 0.007146 0.005675 0.007116 0.009303 
0.010210 0.011506 0.011863 0.012355 0.016370 0.030327 0.063081 0.123795 0.219996 0.358026 0.544418 0.781569 1.054446 1.319668 1.515066 1.588530 1.521031 1.327156 1.044848 0.728763 0.440214 0.225409 0.096586 0.035189 0.012388 0.006410 0.006395 0.008209 
0.009210 0.010858 0.011685 0.012109 0.014363 0.023349 0.046704 0.093438 0.171895 0.289011 0.451222 0.662993 0.918007 1.187057 1.417367 1.551798 1.554780 1.424094 1.186002 0.886805 0.584488 0.332812 0.160998 0.065888 0.023788 0.009399 0.006403 0.007302 
0.008256 0.010034 0.011271 0.011897 0.013236 0.018856 0.035027 0.070071 0.132667 0.230453 0.370116 0.557107 0.790500 1.052532 1.302212 1.484583 1.553289 1.489437 1.305048 1.036404 0.735647 0.458650 0.246905 0.113443 0.044838 0.016594 0.007901 0.006852 
0.007554 0.009145 0.010652 0.011584 0.012567 0.016046 0.026941 0.052549 0.101369 0.181560 0.300285 0.463612 0.673804 0.921516 1.177372 1.393397 1.518936 1.521363 1.397242 1.170726 0.886025 0.597148 0.352777 0.180174 0.079140 0.030716 0.012247 0.007377 
0.007465 0.008349 0.009899 0.011118 0.012075 0.014306 0.021494 0.039745 0.076959 0.141464 0.240922 0.381948 0.568708 0.797660 1.049444 1.285385 1.456167 1.520149 1.459303 1.283984 1.028375 0.741587 0.474963 0.266475 0.129657 0.054928 0.021482 0.009812 
0.008639 0.007907 0.009124 0.010508 0.011597 0.013191 0.017900 0.030619 0.058352 0.109212 0.191193 0.311435 0.475328 0.683184 0.923552 1.167414 1.370776 1.488158 1.489726 1.371643 1.156180 0.884981 0.608275 0.370719 0.198066 0.092293 0.038205 0.015647 
0.012143 0.008273 0.008516 0.009816 0.011053 0.012394 0.015545 0.024260 0.044486 0.083782 0.150202 0.251314 0.393382 0.579256 0.803368 1.045483 1.269095 1.429467 1.488942 1.430685 1.263912 1.020580 0.746628 0.489497 0.284393 0.145179 0.065249 0.026926 
0.019534 0.010208 0.008394 0.009166 0.010434 0.011723 0.013970 0.019902 0.034373 0.064134 0.116992 0.200758 0.322348 0.486319 0.691312 0.924426 1.157289 1.349281 1.459204 1.459813 1.347298 1.142246 0.883604 0.618062 0.386945 0.214786 0.105214 0.046087 
0.032811 0.014871 0.009301 0.008780 0.009800 0.011079 0.012846 0.016936 0.027138 0.049253 0.090563 0.158875 0.261553 0.404333 0.588815 0.807869 1.040857 1.253285 1.404243 1.459509 1.403556 1.244772 1.012925 0.750833 0.502504 0.300865 0.160000 0.075651 
0.054231 0.023841 0.012086 0.009041 0.009290 0.010439 0.011963 0.014891 0.022037 0.038195 0.069908 0.124719 0.210214 0.332943 0.496574 0.698342 0.924363 1.147071 1.328764 1.431876 1.431532 1.324164 1.128849 0.881879 0.626669 0.401685 0.230433 0.117825 
0.086028 0.039036 0.017964 0.010563 0.009165 0.009865 0.011201 0.013427 0.018464 0.030116 0.054052 0.097314 0.167467 0.271579 0.414759 0.597458 0.811353 1.035717 1.237917 1.380320 1.431704 1.377848 1.226506 1.005364 0.754274 0.514177 0.316059 0.174129 
0.130079 0.062532 0.028500 0.014264 0.009864 0.009515 0.010533 0.012314 0.015945 0.024290 0.042084 0.075683 0.132390 0.219523 0.343169 0.506109 0.704405 0.923535 1.136817 1.309119 1.406012 1.404776 1.302177 1.115935 0.879819 0.634225 0.415118 0.245094 
0.187586 0.096305 0.045516 0.021382 0.012064 0.009690 0.010024 0.011423 0.014130 0.020118 0.033187 0.058883 0.104036 0.175956 0.281346 0.424639 0.605257 0.813970 1.030176 1.222968 1.357565 1.405394 1.353477 1.209056 0.997877 0.757022 0.524671 0.330106 
0.258846 0.141946 0.070911 0.033449 0.016723 0.010877 0.009857 0.010724 0.012777 0.017124 0.026652 0.046035 0.081460 0.139996 0.228651 0.352992 0.514948 0.709614 0.922073 1.126572 1.290267 1.381480 1.379435 1.281266 1.103467 0.877450 0.640847 0.427389 
