0.000308 0.000081 0.000293 0.001368 0.005161 0.015394 0.038475 0.584509 1.166721 1.296611 1.474069 1.677125 1.860626 1.470565 0.969404 0.856546 0.669078 0.462160 0.283198 0.155951 0.080370 0.042614 0.026165 0.018574 0.013278 0.008341 0.004161 0.001470 
0.000889 0.000195 0.000187 0.000831 0.003265 0.010278 0.026935 0.311492 0.875615 1.231666 1.385340 1.575597 1.768876 1.665596 1.219985 0.912975 0.762812 0.565619 0.372679 0.219574 0.118160 0.061492 0.034389 0.022369 0.015926 0.010810 0.006251 0.002816 
0.001852 0.000542 0.000191 0.000509 0.002048 0.006771 0.018606 0.169213 0.593554 1.053641 1.308503 1.480469 1.672237 1.717236 1.442790 1.066480 0.837893 0.664215 0.469149 0.296126 0.168867 0.089826 0.047941 0.028379 0.019148 0.013368 0.008530 0.004533 
0.003193 0.001197 0.000366 0.000350 0.001278 0.004409 0.012689 0.093910 0.381383 0.823597 1.181072 1.394486 1.576353 1.694736 1.580013 1.254635 0.952186 0.751054 0.566682 0.382638 0.232497 0.129347 0.068883 0.038160 0.023764 0.016258 0.010949 0.006532 
0.004862 0.002195 0.000782 0.000358 0.000814 0.002844 0.008549 0.053299 0.237647 0.602490 1.002334 1.287779 1.485419 1.635544 1.637375 1.417324 1.103411 0.851620 0.658868 0.474660 0.307567 0.180922 0.099115 0.053522 0.030962 0.020011 0.013603 0.008741 
0.006801 0.003529 0.001488 0.000570 0.000586 0.001829 0.005696 0.030924 0.145473 0.420068 0.802412 1.145057 1.386599 1.560482 1.636459 1.527349 1.260367 0.977515 0.755244 0.566764 0.391113 0.244244 0.140018 0.076318 0.042242 0.025486 0.016807 0.011172 
0.008987 0.005165 0.002509 0.001029 0.000578 0.001208 0.003763 0.018310 0.088198 0.282771 0.611240 0.973734 1.265828 1.473540 1.598471 1.581904 1.393858 1.118941 0.866380 0.661004 0.478939 0.317679 0.192131 0.108168 0.059280 0.033864 0.021147 0.013990 
0.011488 0.007076 0.003837 0.001769 0.000804 0.000893 0.002485 0.011037 0.053254 0.185485 0.447006 0.792487 1.119781 1.369684 1.536006 1.590188 1.487881 1.256400 0.992661 0.763692 0.569971 0.398309 0.254905 0.150150 0.083724 0.046572 0.027505 0.017568 
0.014528 0.009282 0.005456 0.002803 0.001286 0.000848 0.001689 0.006761 0.032145 0.119369 0.316245 0.619746 0.956134 1.244733 1.452845 1.563097 1.539034 1.372141 1.124530 0.878176 0.666832 0.484140 0.326607 0.202528 0.116937 0.065148 0.037039 0.022537 
0.018532 0.011905 0.007369 0.004130 0.002044 0.001067 0.001269 0.004225 0.019453 0.075757 0.217807 0.467996 0.787940 1.100433 1.348789 1.507971 1.551065 1.455587 1.248335 1.001353 0.772504 0.575486 0.405374 0.264567 0.159732 0.091043 0.051093 0.029788 
0.024160 0.015219 0.009637 0.005749 0.003087 0.001556 0.001168 0.002747 0.011839 0.047605 0.146782 0.342902 0.627968 0.944187 1.224611 1.428380 1.529518 1.503326 1.351961 1.124844 0.886929 0.673995 0.490430 0.334970 0.212150 0.125387 0.071068 0.040441 
0.032300 0.019689 0.012428 0.007693 0.004418 0.002321 0.001362 0.001957 0.007293 0.029722 0.097194 0.244842 0.485435 0.786078 1.084399 1.326495 1.478949 1.516422 1.427644 1.238403 1.005886 0.780462 0.582212 0.412700 0.273560 0.168769 0.098228 0.055754 
0.044027 0.025995 0.016059 0.010061 0.006056 0.003370 0.001842 0.001660 0.004625 0.018508 0.063458 0.171018 0.365138 0.635756 0.935238 1.205447 1.402722 1.497686 1.472033 1.333023 1.122145 0.893174 0.681337 0.497456 0.343130 0.221164 0.133498 0.076991 
0.060509 0.035011 0.021027 0.013060 0.008058 0.004713 0.002606 0.001751 0.003142 0.011566 0.040983 0.117238 0.268078 0.500447 0.785497 1.070343 1.304085 1.450204 1.484859 1.402528 1.227584 1.007659 0.787256 0.589397 0.420293 0.282147 0.177331 0.105245 
0.082877 0.047760 0.028019 0.017043 0.010559 0.006385 0.003659 0.002178 0.002446 0.007354 0.026275 0.079110 0.192658 0.384263 0.642972 0.927920 1.187214 1.377144 1.467532 1.443694 1.315056 1.117622 0.897457 0.688326 0.504845 0.351220 0.229739 0.141288 
0.112082 0.065319 0.037890 0.022531 0.013801 0.008472 0.005022 0.002919 0.002312 0.004900 0.016814 0.052692 0.135884 0.288460 0.513617 0.785446 1.057567 1.282179 1.422338 1.455613 1.379375 1.216339 1.007540 0.792892 0.596585 0.428032 0.290480 0.185514 
0.148798 0.088700 0.051604 0.030210 0.018166 0.011137 0.006747 0.003971 0.002616 0.003606 0.010857 0.034753 0.094288 0.212172 0.401039 0.649532 0.921506 1.169873 1.352258 1.438975 1.417494 1.297857 1.111939 0.900216 0.694739 0.512309 0.359256 0.237997 
0.193397 0.118749 0.070152 0.040907 0.024188 0.014651 0.008942 0.005359 0.003293 0.003111 0.007232 0.022805 0.064521 0.153230 0.306606 0.525285 0.785519 1.045690 1.261066 1.395617 1.428235 1.357675 1.204898 1.006077 0.797477 0.603524 0.435783 0.298626 
0.246012 0.156073 0.094451 0.055530 0.032548 0.019420 0.011797 0.007150 0.004326 0.003202 0.005171 0.015019 0.043663 0.108876 0.229918 0.415945 0.655402 0.915604 1.153378 1.328341 1.411926 1.392955 1.281287 1.105488 0.901777 0.700500 0.519653 0.367204 
0.306608 0.201043 0.125262 0.074990 0.044039 0.025984 0.015608 0.009474 0.005738 0.003764 0.004187 0.010095 0.029341 0.076269 0.169397 0.322932 0.535674 0.785503 1.034491 1.240860 1.370134 1.402440 1.337121 1.193387 1.003633 0.801139 0.610077 0.443429 
0.375018 0.253825 0.163152 0.100126 0.059514 0.035011 0.020796 0.012541 0.007606 0.004751 0.003975 0.007141 0.019718 0.052805 0.122833 0.246164 0.429303 0.660589 0.909997 1.137675 1.305497 1.386287 1.369781 1.265254 1.098510 0.902386 0.705608 0.526753 
0.450886 0.314422 0.208489 0.131639 0.079820 0.047263 0.027904 0.016668 0.010073 0.006178 0.004363 0.005558 0.013429 0.036262 0.087819 0.184499 0.337734 0.544946 0.785293 1.023836 1.221586 1.345892 1.378034 1.317517 1.181882 1.000448 0.803997 0.616180 
0.533533 0.382654 0.261455 0.170064 0.105730 0.063542 0.037583 0.022286 0.013371 0.008126 0.005271 0.004961 0.009494 0.024845 0.062040 0.136159 0.261116 0.441340 0.665119 0.904565 1.122711 1.283739 1.361963 1.347776 1.249700 1.091165 0.902222 0.710089 
0.621811 0.458093 0.322055 0.215760 0.137897 0.084636 0.050562 0.029935 0.017828 0.010748 0.006698 0.005116 0.007227 0.017170 0.043443 0.099100 0.198637 0.351228 0.553229 0.784842 1.013638 1.203225 1.322851 1.354869 1.298738 1.170432 0.996694 0.806155 
0.713983 0.539952 0.390074 0.268907 0.176828 0.111266 0.067599 0.040249 0.023882 0.014288 0.008723 0.005907 0.006171 0.012198 0.030306 0.071271 0.148869 0.274933 0.452229 0.669036 0.899240 1.108431 1.263038 1.338860 1.326803 1.234585 1.083563 0.901425 
0.807704 0.626968 0.465013 0.329491 0.222868 0.144047 0.089433 0.053924 0.032065 0.019085 0.011506 0.007315 0.006039 0.009185 0.021252 0.050789 0.110070 0.211901 0.363581 0.560632 0.784138 1.003836 1.185735 1.300949 1.332832 1.280694 1.159074 0.992494 
0.900099 0.717336 0.545990 0.397252 0.276179 0.183457 0.116740 0.071678 0.042994 0.025575 0.015295 0.009411 0.006677 0.007612 0.015219 0.036021 0.080429 0.160985 0.287741 0.462106 0.672385 0.893987 1.094785 1.243342 1.316890 1.306763 1.219884 1.075784 
0.987941 0.808717 0.631663 0.471621 0.336715 0.229818 0.150099 0.094209 0.057336 0.034285 0.020435 0.012353 0.008044 0.007145 0.011415 0.025620 0.058225 0.120707 0.224363 0.374924 0.567246 0.783186 0.994386 1.169063 1.280116 1.311827 1.263323 1.147834 
