0.781188 0.951723 0.951772 0.781449 0.517357 0.266083 0.104573 0.049354 0.073529 0.153077 0.300686 0.555143 0.931437 1.372811 1.750283 1.920818 1.808237 1.450234 0.978148 0.544119 0.245130 0.091249 0.031634 0.012520 0.022650 0.094351 0.262653 0.516346 
0.648767 0.866455 0.951747 0.866611 0.649403 0.391720 0.185328 0.076964 0.061442 0.113303 0.226881 0.427914 0.743290 1.152124 1.561547 1.835551 1.864527 1.629235 1.214191 0.761134 0.394625 0.168189 0.061442 0.022077 0.017585 0.058501 0.178502 0.389500 
0.519133 0.757611 0.909101 0.909179 0.758007 0.520561 0.288524 0.131146 0.069203 0.087372 0.170092 0.327398 0.585602 0.947707 1.356836 1.698549 1.850039 1.746881 1.421713 0.987662 0.577879 0.281407 0.114815 0.041759 0.019831 0.038043 0.118501 0.284001 
0.401567 0.638372 0.833356 0.909140 0.833593 0.639284 0.404543 0.209835 0.100174 0.078287 0.128732 0.248745 0.456500 0.766655 1.152271 1.527692 1.774294 1.798460 1.584297 1.204688 0.782771 0.429643 0.198111 0.078287 0.030795 0.028937 0.078272 0.201251 
0.301409 0.519970 0.735864 0.871248 0.871367 0.736439 0.521913 0.307189 0.155005 0.089231 0.103510 0.188739 0.352623 0.611577 0.959463 1.339982 1.650993 1.786377 1.691379 1.394492 0.993729 0.606207 0.313877 0.138199 0.054541 0.029866 0.053604 0.139762 
0.220585 0.410689 0.627917 0.803556 0.871307 0.803903 0.629176 0.414551 0.231097 0.122118 0.096370 0.146124 0.270681 0.482100 0.785520 1.149722 1.495487 1.718685 1.738878 1.542936 1.194111 0.799968 0.460042 0.226038 0.096370 0.042204 0.041735 0.096683 
0.158634 0.315637 0.519303 0.715736 0.837432 0.837605 0.716539 0.521864 0.322824 0.176607 0.109244 0.121247 0.208402 0.376390 0.633810 0.967621 1.322605 1.607086 1.728781 1.640907 1.368523 0.997039 0.630005 0.343040 0.161204 0.069287 0.041969 0.069209 
0.113922 0.237136 0.417470 0.617520 0.776584 0.837518 0.777072 0.619201 0.422344 0.249716 0.142926 0.115246 0.164825 0.292396 0.505100 0.800716 1.145113 1.464846 1.667934 1.684844 1.504715 1.182781 0.813522 0.486523 0.252122 0.115246 0.055628 0.055589 
0.084755 0.175529 0.327303 0.517495 0.697052 0.807051 0.807295 0.698137 0.520773 0.336030 0.196321 0.129086 0.140035 0.228611 0.398748 0.652908 0.972914 1.304979 1.566390 1.676389 1.594780 1.343748 0.998152 0.650022 0.369322 0.183684 0.085437 0.055609 
0.070182 0.130142 0.251416 0.422399 0.607273 0.752052 0.807173 0.752716 0.609455 0.428401 0.266175 0.162703 0.134560 0.184323 0.313679 0.525828 0.812911 1.138947 1.435685 1.621389 1.635584 1.469264 1.170950 0.824087 0.509672 0.276503 0.134560 0.070523 
0.070352 0.100162 0.190779 0.336907 0.514836 0.679663 0.779612 0.779945 0.681085 0.518928 0.347288 0.214439 0.148632 0.159442 0.249001 0.419754 0.669370 0.975929 1.287316 1.528537 1.628487 1.552424 1.320107 0.997519 0.666880 0.393088 0.205532 0.102542 
0.086447 0.085257 0.145471 0.263843 0.425872 0.597249 0.729637 0.779778 0.730515 0.600007 0.433108 0.280864 0.181535 0.154037 0.204221 0.334377 0.544562 0.822649 1.131622 1.407926 1.578512 1.590455 1.436265 1.158813 0.832199 0.529984 0.299310 0.154037 
0.120242 0.085852 0.115364 0.204657 0.344858 0.511561 0.663443 0.754708 0.755147 0.665261 0.516557 0.356986 0.231200 0.167786 0.179129 0.269299 0.439470 0.683606 0.977136 1.269774 1.493219 1.584484 1.513360 1.297539 0.995506 0.681091 0.414647 0.226673 
0.173458 0.103047 0.100608 0.160010 0.274757 0.428209 0.587502 0.709076 0.754927 0.710204 0.590909 0.436772 0.294093 0.199493 0.173458 0.224214 0.354385 0.561538 0.830371 1.123455 1.381497 1.538851 1.548922 1.405450 1.146522 0.838299 0.547869 0.320660 
0.247059 0.138252 0.101828 0.130309 0.217384 0.351483 0.507856 0.648289 0.732002 0.732566 0.650556 0.513840 0.365432 0.246793 0.186475 0.198836 0.289299 0.457961 0.695954 0.976913 1.252476 1.460174 1.543887 1.477186 1.275986 0.992411 0.693084 0.434265 
0.340662 0.192656 0.120040 0.116068 0.173847 0.284433 0.429669 0.578072 0.690145 0.732284 0.691561 0.582198 0.439636 0.306112 0.216634 0.192656 0.244068 0.373630 0.576958 0.836434 1.114694 1.356325 1.502030 1.510536 1.376586 1.134198 0.842747 0.563674 
0.452168 0.266659 0.156348 0.118054 0.144957 0.229140 0.357051 0.503871 0.634109 0.711214 0.711922 0.636880 0.510917 0.372874 0.261373 0.204645 0.218362 0.308849 0.475294 0.706696 0.975564 1.235510 1.429178 1.506283 1.443561 1.255392 0.988473 0.703211 
0.577689 0.359413 0.211503 0.137201 0.131506 0.187049 0.293096 0.430461 0.568990 0.672662 0.711568 0.674401 0.573898 0.441896 0.317124 0.233009 0.211503 0.263605 0.392071 0.590995 0.841130 1.105537 1.332344 1.467731 1.474922 1.349477 1.121932 0.845842 
0.711766 0.468551 0.285458 0.174352 0.134353 0.159277 0.240072 0.361778 0.499725 0.620826 0.692115 0.692985 0.624150 0.507897 0.379510 0.275066 0.222256 0.237554 0.327838 0.491533 0.716062 0.973333 1.218940 1.400037 1.471326 1.412199 1.235705 0.983887 
0.847826 0.590158 0.377005 0.229905 0.154353 0.146815 0.199675 0.300925 0.430752 0.560276 0.656470 0.692550 0.658567 0.566023 0.443703 0.327288 0.248661 0.229905 0.282696 0.409686 0.603798 0.844698 1.096137 1.309489 1.435682 1.441763 1.323952 1.109796 
0.978811 0.718992 0.483582 0.303455 0.192129 0.150584 0.173245 0.250300 0.365839 0.495514 0.608373 0.674510 0.675558 0.612295 0.504863 0.385496 0.287975 0.239283 0.256301 0.346191 0.506742 0.724248 0.970417 1.202813 1.372585 1.438722 1.382857 1.216874 
1.097843 0.848902 0.601287 0.393518 0.247792 0.171356 0.161915 0.211773 0.308069 0.430676 0.551943 0.641441 0.675034 0.643927 0.558579 0.445180 0.336735 0.263629 0.247792 0.301246 0.426466 0.615495 0.847332 1.086615 1.287699 1.405654 1.410790 1.299866 
1.198854 0.973372 0.725094 0.497403 0.320655 0.209574 0.166636 0.186844 0.259921 0.369373 0.491310 0.596692 0.658238 0.659481 0.601253 0.501879 0.390957 0.300182 0.255710 0.274519 0.363856 0.520981 0.731414 0.966974 1.187157 1.346676 1.408222 1.355328 
1.277091 1.086113 0.849233 0.611249 0.409029 0.265115 0.188105 0.176740 0.223382 0.314647 0.430341 0.544001 0.627465 0.658859 0.630367 0.551566 0.446418 0.345570 0.277946 0.265115 0.319187 0.442418 0.626197 0.849194 1.077065 1.266917 1.377449 1.381775 
1.329433 1.181602 0.967673 0.730241 0.510139 0.337072 0.226610 0.182422 0.200061 0.269015 0.372494 0.487171 0.585733 0.643162 0.644613 0.590967 0.498992 0.395994 0.311758 0.271530 0.292151 0.380803 0.534308 0.737695 0.963130 1.171991 1.322183 1.379612 
1.354522 1.255517 1.074638 0.848957 0.620190 0.423605 0.281841 0.204516 0.191242 0.234538 0.320754 0.429833 0.536452 0.614448 0.643888 0.617790 0.544979 0.447493 0.353876 0.291644 0.281841 0.336477 0.457555 0.636002 0.850412 1.067560 1.247087 1.350897 
1.352710 1.305020 1.165078 0.961797 0.734573 0.521898 0.352723 0.243178 0.197879 0.212890 0.277646 0.375293 0.483142 0.575450 0.629168 0.630839 0.581385 0.496236 0.400685 0.322760 0.286742 0.309159 0.397016 0.546778 0.743207 0.958986 1.157324 1.298992 
1.325851 1.328865 1.235049 1.063437 0.848185 0.628235 0.437310 0.297951 0.220529 0.205384 0.245268 0.326470 0.429218 0.529296 0.602309 0.630003 0.606112 0.538810 0.448460 0.361722 0.304751 0.297951 0.353088 0.471897 0.644993 0.851097 1.058155 1.228158 
