0.021984 0.072318 0.152085 0.282892 0.465103 0.675432 0.866171 0.980857 0.980857 0.866171 0.675432 0.465103 0.282892 0.152085 0.072318 0.030424 0.011528 0.004855 0.004312 0.006648 0.009706 0.011762 0.011752 0.009644 0.006374 0.003239 0.001152 0.000234 
0.011109 0.047151 0.112201 0.217488 0.373997 0.570268 0.770801 0.923514 0.980857 0.923514 0.770801 0.570268 0.373997 0.217488 0.112201 0.051371 0.020976 0.008192 0.004583 0.005480 0.008177 0.010734 0.011757 0.010698 0.008009 0.004807 0.002195 0.000693 
0.005901 0.029130 0.079676 0.164845 0.295743 0.472132 0.670535 0.847158 0.952186 0.952186 0.847158 0.670535 0.472132 0.295743 0.164845 0.081786 0.036173 0.014584 0.006388 0.005032 0.006828 0.009455 0.011245 0.011227 0.009354 0.006408 0.003501 0.001444 
0.003672 0.017515 0.054403 0.122260 0.230294 0.383938 0.571333 0.758846 0.899672 0.952186 0.899672 0.758846 0.571333 0.383938 0.230294 0.123315 0.058980 0.025379 0.010486 0.005710 0.005930 0.008142 0.010350 0.011236 0.010291 0.007881 0.004954 0.002473 
0.003072 0.010594 0.035959 0.088332 0.176277 0.307116 0.477636 0.665090 0.829259 0.925929 0.925929 0.829259 0.665090 0.477636 0.307116 0.176805 0.091148 0.042179 0.017932 0.008098 0.005820 0.007036 0.009246 0.010793 0.010763 0.009086 0.006418 0.003713 
0.003393 0.006833 0.023276 0.062145 0.132304 0.241696 0.392376 0.571363 0.747174 0.877594 0.925929 0.877594 0.747174 0.571363 0.392376 0.241960 0.133976 0.066663 0.030056 0.013015 0.006959 0.006428 0.008141 0.010020 0.010778 0.009925 0.007752 0.005066 
0.004229 0.005113 0.015055 0.042711 0.097225 0.187000 0.317036 0.481869 0.659269 0.812384 0.901761 0.901761 0.812384 0.659269 0.481869 0.317168 0.187968 0.100320 0.048359 0.021535 0.009987 0.006693 0.007284 0.009080 0.010399 0.010351 0.008838 0.006409 
0.005319 0.004671 0.010084 0.028883 0.069968 0.142113 0.252018 0.399453 0.570569 0.735826 0.857073 0.901761 0.857073 0.735826 0.570569 0.399519 0.252568 0.144144 0.074340 0.034947 0.015761 0.008340 0.006989 0.008182 0.009740 0.010375 0.009595 0.007623 
0.006471 0.004995 0.007378 0.019483 0.049425 0.106040 0.197065 0.325735 0.485011 0.653198 0.796449 0.879417 0.879417 0.796449 0.653198 0.485044 0.326043 0.198356 0.109242 0.054643 0.025354 0.012051 0.007664 0.007586 0.008961 0.010057 0.009985 0.008609 
0.007540 0.005733 0.006186 0.013430 0.034454 0.077733 0.151553 0.261400 0.405373 0.569104 0.724824 0.837933 0.879417 0.837933 0.724824 0.569121 0.405543 0.262200 0.153799 0.081943 0.039999 0.018702 0.009857 0.007625 0.008273 0.009509 0.010021 0.009297 
0.008419 0.006637 0.005960 0.009808 0.023942 0.056094 0.114643 0.206477 0.333387 0.487239 0.646964 0.781378 0.858675 0.858675 0.781378 0.646972 0.487332 0.333872 0.207999 0.117871 0.060971 0.029351 0.014280 0.008741 0.007949 0.008891 0.009765 0.009659 
0.009039 0.007528 0.006298 0.007884 0.016875 0.040018 0.085368 0.160560 0.269932 0.410313 0.567101 0.714171 0.820027 0.858675 0.820027 0.714175 0.567152 0.410602 0.270935 0.162935 0.089421 0.045161 0.021815 0.011511 0.008345 0.008420 0.009328 0.009712 
0.009376 0.008283 0.006913 0.007091 0.012380 0.028447 0.062693 0.122964 0.215246 0.340122 0.488707 0.640636 0.767099 0.839351 0.839351 0.767101 0.640664 0.488877 0.340769 0.216935 0.126178 0.067291 0.033488 0.016663 0.009928 0.008383 0.008874 0.009520 
0.009448 0.008829 0.007598 0.007002 0.009735 0.020413 0.045570 0.092829 0.169105 0.277684 0.414415 0.564672 0.703868 0.803225 0.839351 0.803226 0.703882 0.564770 0.414823 0.278852 0.171557 0.096734 0.050389 0.025075 0.013295 0.009155 0.008628 0.009197 
0.009323 0.009139 0.008214 0.007300 0.008369 0.015074 0.032992 0.069199 0.130967 0.223394 0.346049 0.489543 0.634270 0.753546 0.821288 0.821288 0.753554 0.634326 0.489797 0.346837 0.225204 0.134145 0.073562 0.037732 0.019185 0.011225 0.008892 0.008913 
0.009118 0.009231 0.008676 0.007757 0.007834 0.011722 0.024033 0.051095 0.100083 0.177181 0.284722 0.417796 0.561906 0.693908 0.787417 0.821288 0.787421 0.693940 0.562061 0.418317 0.286021 0.179675 0.103854 0.055647 0.028459 0.015205 0.010059 0.008902 
0.009010 0.009174 0.008953 0.008217 0.007796 0.009778 0.017877 0.037564 0.075589 0.138632 0.230951 0.351259 0.489851 0.627907 0.740662 0.804353 0.804355 0.740681 0.628001 0.490189 0.352169 0.232848 0.141764 0.079750 0.042053 0.021832 0.012632 0.009481 
0.009245 0.009092 0.009064 0.008585 0.008006 0.008787 0.013828 0.027721 0.056577 0.107110 0.184792 0.291105 0.420555 0.558879 0.684285 0.772508 0.804354 0.772518 0.684341 0.559095 0.421179 0.292508 0.187306 0.110757 0.060902 0.031943 0.017232 0.011056 
0.010151 0.009169 0.009078 0.008824 0.008296 0.008396 0.011307 0.020774 0.042149 0.081844 0.145951 0.237948 0.355830 0.489717 0.621582 0.728396 0.788431 0.788436 0.728429 0.621718 0.490137 0.356844 0.239907 0.149032 0.085829 0.046422 0.024587 0.014144 
0.012147 0.009660 0.009123 0.008951 0.008560 0.008346 0.009852 0.016041 0.031461 0.061996 0.113897 0.191950 0.296889 0.422774 0.555650 0.674989 0.758413 0.788433 0.758432 0.675074 0.555927 0.423490 0.298375 0.194469 0.117431 0.066126 0.035505 0.019366 
0.015757 0.010904 0.009392 0.009037 0.008756 0.008453 0.009099 0.012946 0.023751 0.046729 0.087947 0.152923 0.244419 0.359831 0.489212 0.615319 0.716701 0.773423 0.773433 0.716753 0.615501 0.489709 0.360933 0.246422 0.155950 0.091778 0.050815 0.027435 
0.021596 0.013330 0.010148 0.009214 0.008896 0.008604 0.008776 0.011023 0.018349 0.035240 0.067338 0.120435 0.198671 0.302125 0.424522 0.552265 0.666010 0.745062 0.773428 0.745093 0.666127 0.552605 0.425321 0.303678 0.201186 0.123864 0.071297 0.039125 
0.030361 0.017463 0.011739 0.009681 0.009055 0.008750 0.008690 0.009899 0.014686 0.026794 0.051289 0.093886 0.159553 0.250398 0.363323 0.488393 0.609138 0.705536 0.759245 0.759260 0.705610 0.609366 0.488963 0.364499 0.252432 0.162525 0.097580 0.055211 
0.042786 0.023912 0.014601 0.010710 0.009368 0.008903 0.008720 0.009295 0.012292 0.020740 0.039042 0.072588 0.126720 0.204976 0.306861 0.425858 0.548766 0.657337 0.732391 0.759253 0.732435 0.657488 0.549164 0.426731 0.308466 0.207479 0.130053 0.076396 
0.059591 0.033349 0.019256 0.012655 0.010039 0.009136 0.008812 0.009007 0.010794 0.016516 0.029891 0.055815 0.099654 0.165848 0.255918 0.366360 0.487312 0.603051 0.694864 0.745822 0.745844 0.694961 0.603326 0.487948 0.367598 0.257972 0.168766 0.103224 
0.081407 0.046470 0.026303 0.015956 0.011347 0.009587 0.008974 0.008909 0.009900 0.013655 0.023203 0.042853 0.077734 0.132751 0.210883 0.311139 0.426836 0.545182 0.648958 0.720343 0.745833 0.720403 0.649144 0.545637 0.427773 0.312785 0.213369 0.135995 
0.108701 0.063939 0.036386 0.021129 0.013652 0.010467 0.009280 0.008941 0.009405 0.011778 0.018429 0.033028 0.060293 0.105242 0.171817 0.261011 0.368987 0.486009 0.597070 0.684650 0.733088 0.733118 0.684773 0.597390 0.486705 0.370279 0.263077 0.174682 
0.141692 0.086320 0.050162 0.028758 0.017390 0.012059 0.009874 0.009111 0.009173 0.010591 0.015103 0.025729 0.046661 0.082768 0.138530 0.216414 0.314999 0.427498 0.541539 0.640860 0.708869 0.733103 0.708946 0.641082 0.542048 0.428492 0.316678 0.218879 
