0.000862 0.003893 0.012227 0.033032 0.577466 1.159663 1.291257 1.471381 1.676870 1.861689 1.471732 0.970041 0.856716 0.669071 0.461876 0.281930 0.152784 0.074927 0.035571 0.019106 0.013221 0.010589 0.008086 0.005225 0.002636 0.000935 0.000190 0.000012 
0.000437 0.002378 0.008060 0.022630 0.305249 0.868564 1.225460 1.381319 1.574125 1.769280 1.666710 1.220886 0.913378 0.762893 0.565473 0.371903 0.217357 0.113855 0.055249 0.027339 0.016163 0.011905 0.009338 0.006655 0.003930 0.001786 0.000562 0.000101 
0.000269 0.001407 0.005219 0.015345 0.163939 0.586907 1.047012 1.303390 1.477722 1.671703 1.717995 1.443798 1.067132 0.838136 0.664183 0.468688 0.294630 0.165606 0.084552 0.041294 0.021751 0.014034 0.010621 0.007996 0.005293 0.002858 0.001174 0.000332 
0.000300 0.000838 0.003313 0.010282 0.089642 0.375423 0.816959 1.175201 1.390556 1.574712 1.694849 1.580897 1.255465 0.952634 0.751160 0.566436 0.381659 0.230118 0.125079 0.062923 0.031522 0.017893 0.012328 0.009309 0.006645 0.004075 0.002016 0.000753 
0.000527 0.000569 0.002076 0.006797 0.049962 0.232532 0.596191 0.996080 1.282878 1.482634 1.634781 1.637873 1.418181 1.104050 0.851897 0.658798 0.474047 0.305888 0.177598 0.094001 0.047223 0.024708 0.015110 0.010818 0.007977 0.005360 0.003046 0.001384 
0.000955 0.000548 0.001322 0.004437 0.028380 0.141247 0.414362 0.796136 1.139479 1.382756 1.558707 1.636327 1.528027 1.261115 0.977973 0.755347 0.566422 0.389968 0.241743 0.135800 0.070612 0.035965 0.019909 0.012964 0.009398 0.006668 0.004203 0.002215 
0.001585 0.000752 0.000935 0.002880 0.016408 0.084813 0.277805 0.605249 0.967807 1.261118 1.470732 1.597517 1.582177 1.394571 1.119544 0.866660 0.660885 0.478195 0.315856 0.188772 0.103206 0.053288 0.027937 0.016437 0.011181 0.008033 0.005436 0.003209 
0.002397 0.001168 0.000843 0.001907 0.009644 0.050611 0.181309 0.441527 0.786528 1.114463 1.365925 1.534124 1.589847 1.488374 1.257058 0.993102 0.763772 0.569540 0.397025 0.252314 0.145989 0.078247 0.040613 0.022187 0.013809 0.009607 0.006734 0.004322 
0.003360 0.001783 0.001006 0.001375 0.005776 0.030127 0.115960 0.311418 0.614027 0.950495 1.240194 1.450025 1.561986 1.539110 1.372716 1.125080 0.878437 0.666656 0.483283 0.324669 0.199151 0.112118 0.059430 0.031400 0.017998 0.011708 0.008171 0.005528 
0.004444 0.002571 0.001394 0.001191 0.003576 0.017951 0.073044 0.213689 0.462723 0.782261 1.095344 1.345109 1.506005 1.550548 1.455913 1.248898 1.001759 0.772547 0.574969 0.403976 0.261910 0.155634 0.085774 0.045415 0.024699 0.014853 0.009939 0.006849 
0.005647 0.003508 0.001983 0.001293 0.002383 0.010763 0.045498 0.143366 0.338206 0.622492 0.938803 1.220227 1.425557 1.528277 1.503231 1.352405 1.125328 0.887153 0.673758 0.489473 0.332943 0.208772 0.120704 0.065594 0.035057 0.019776 0.012396 0.008394 
0.007020 0.004577 0.002745 0.001638 0.001838 0.006573 0.028131 0.094432 0.240786 0.480349 0.780647 1.079515 1.322892 1.476917 1.515754 1.427818 1.238867 1.006240 0.780455 0.581615 0.411208 0.270858 0.164738 0.093149 0.050326 0.027416 0.016086 0.010395 
0.008708 0.005799 0.003661 0.002191 0.001738 0.004206 0.017352 0.061281 0.167609 0.360567 0.630498 0.930081 1.201203 1.399904 1.496335 1.471786 1.333342 1.122554 0.893348 0.681035 0.496412 0.341033 0.217798 0.128944 0.071737 0.038871 0.021751 0.013241 
0.010974 0.007253 0.004730 0.002926 0.001965 0.002972 0.010779 0.039317 0.114445 0.264088 0.495533 0.780290 1.065642 1.300554 1.448120 1.484061 1.402564 1.227948 1.007951 0.787192 0.588724 0.418722 0.279415 0.173371 0.100341 0.055304 0.030311 0.017496 
0.014235 0.009114 0.005992 0.003828 0.002445 0.002468 0.006875 0.025048 0.076881 0.189267 0.379810 0.637911 0.922966 1.183098 1.374337 1.466090 1.443312 1.315256 1.117949 0.897571 0.687958 0.503723 0.349069 0.226393 0.136856 0.077822 0.042808 0.023903 
0.019069 0.011674 0.007553 0.004910 0.003137 0.002457 0.004672 0.015961 0.050964 0.133074 0.284539 0.508861 0.780439 1.053032 1.278717 1.420214 1.454701 1.379284 1.216603 1.007760 0.792764 0.595840 0.426396 0.287731 0.181624 0.107339 0.060315 0.033356 
0.026212 0.015372 0.009614 0.006231 0.004023 0.002797 0.003564 0.010317 0.033463 0.092019 0.208806 0.396700 0.644650 0.916735 1.165875 1.349465 1.437457 1.416993 1.297943 1.112182 0.900262 0.694302 0.511118 0.357063 0.234678 0.144482 0.083827 0.046835 
0.036524 0.020792 0.012493 0.007922 0.005127 0.003410 0.003181 0.006940 0.021890 0.062741 0.150413 0.302753 0.520675 0.780693 1.041305 1.257670 1.393461 1.427225 1.357468 1.205063 1.006222 0.797282 0.602710 0.434091 0.295871 0.189580 0.114154 0.065331 
0.050927 0.028658 0.016642 0.010208 0.006525 0.004269 0.003295 0.005060 0.014415 0.042315 0.106577 0.226583 0.411714 0.650684 0.910999 1.149488 1.325566 1.410343 1.392347 1.281265 1.105642 0.901752 0.699996 0.518400 0.364981 0.242725 0.151867 0.089743 
0.070335 0.039793 0.022650 0.013425 0.008366 0.005397 0.003782 0.004178 0.009738 0.028365 0.074446 0.166580 0.319148 0.531199 0.780841 1.030243 1.237527 1.367955 1.401345 1.336806 1.193454 1.003697 0.800874 0.609198 0.441691 0.303853 0.197296 0.120805 
0.095570 0.055064 0.031221 0.018038 0.010896 0.006881 0.004589 0.003980 0.006958 0.019051 0.051406 0.120513 0.242864 0.425173 0.656020 0.905542 1.133885 1.302741 1.384650 1.369075 1.265130 1.098575 0.902286 0.705036 0.525444 0.372772 0.250575 0.159051 
0.127310 0.075317 0.043143 0.024629 0.014467 0.008889 0.005735 0.004285 0.005469 0.013005 0.035229 0.085959 0.181688 0.334019 0.540597 0.780781 1.019714 1.218313 1.343695 1.376863 1.317103 1.181853 1.000431 0.803661 0.615240 0.449108 0.311673 0.204813 
0.166061 0.101314 0.059230 0.033886 0.019548 0.011678 0.007312 0.005010 0.004877 0.009237 0.024117 0.060594 0.133824 0.257854 0.437308 0.660689 0.900247 1.119013 1.281004 1.360279 1.346983 1.249478 1.091142 0.902046 0.709451 0.532174 0.380391 0.258243 
0.212152 0.133688 0.080272 0.046558 0.026717 0.015613 0.009495 0.006161 0.004943 0.007057 0.016677 0.042355 0.097209 0.195839 0.347581 0.548998 0.780468 1.009630 1.200009 1.320641 1.353631 1.298230 1.170310 0.996594 0.805748 0.620812 0.456282 0.319317 
0.265734 0.172920 0.106980 0.063415 0.036637 0.021165 0.012554 0.007828 0.005552 0.006000 0.011867 0.029516 0.069782 0.146524 0.271710 0.448289 0.664733 0.895049 1.104819 1.260325 1.337136 1.325930 1.234270 1.083452 0.901171 0.713280 0.538547 0.387800 
0.326767 0.219327 0.139950 0.085197 0.050026 0.028901 0.016859 0.010191 0.006690 0.005776 0.008933 0.020691 0.049649 0.108153 0.209117 0.360000 0.556511 0.779891 0.999934 1.182572 1.298731 1.331533 1.280100 1.158861 0.992311 0.807226 0.625914 0.463174 
0.394970 0.273047 0.179638 0.112573 0.067612 0.039464 0.022880 0.013525 0.008440 0.006233 0.007355 0.014812 0.035170 0.078901 0.158635 0.284558 0.458255 0.668201 0.889913 1.091253 1.240651 1.315132 1.305817 1.219480 1.075586 0.899769 0.716570 0.544544 
0.469757 0.334009 0.226343 0.146106 0.090093 0.053538 0.031172 0.018203 0.010983 0.007337 0.006794 0.011084 0.024991 0.057036 0.118768 0.221596 0.371407 0.563228 0.779057 0.990583 1.165952 1.277892 1.310474 1.262649 1.147533 0.987677 0.808169 0.630557 
