0.781188 0.951772 1.451984 1.782247 1.519988 1.273673 1.123688 1.091249 0.653077 0.282966 0.480809 0.762338 1.118905 1.485392 1.750283 1.808237 1.620769 1.243039 0.798025 0.414230 0.165582 0.049354 0.012520 0.004930 0.020018 0.093553 0.262441 0.516297 
0.648742 0.866480 1.201878 1.617116 1.651118 1.396831 1.198680 1.107468 0.872163 0.468021 0.381888 0.621574 0.940621 1.302149 1.617838 1.779260 1.714503 1.431904 1.020532 0.606127 0.289906 0.107468 0.030937 0.008725 0.012474 0.056786 0.177997 0.389369 
0.519055 0.757611 1.034179 1.409497 1.634117 1.523974 1.297756 1.153074 0.989815 0.670092 0.424955 0.501731 0.781098 1.121385 1.459993 1.698549 1.746881 1.573203 1.226218 0.813330 0.448017 0.198687 0.069203 0.019831 0.010599 0.034630 0.117391 0.283683 
0.401369 0.638333 0.895895 1.221838 1.521807 1.579046 1.410865 1.225415 1.071445 0.829954 0.547523 0.463343 0.641414 0.951241 1.290689 1.579271 1.722715 1.660042 1.399711 1.019774 0.630673 0.323352 0.133945 0.044517 0.015215 0.022615 0.076011 0.200537 
0.300953 0.519851 0.767114 1.058867 1.371823 1.550426 1.494955 1.318140 1.148430 0.950699 0.688739 0.505433 0.552378 0.796328 1.120965 1.434980 1.650993 1.691379 1.529876 1.209742 0.825223 0.477012 0.228648 0.089231 0.029866 0.018915 0.049313 0.138274 
0.219613 0.410402 0.643483 0.912990 1.215345 1.461124 1.522691 1.406548 1.233285 1.049565 0.819719 0.597086 0.528906 0.674353 0.958647 1.277973 1.542987 1.671186 1.610628 1.369809 1.017483 0.651118 0.352830 0.158940 0.059548 0.024390 0.034114 0.093793 
0.156703 0.315008 0.526942 0.778236 1.064167 1.338234 1.491908 1.464619 1.319916 1.141425 0.934642 0.708402 0.562996 0.601629 0.816500 1.118310 1.410480 1.607086 1.640907 1.490218 1.193646 0.834300 0.501974 0.255885 0.109244 0.041969 0.029252 0.063953 
0.110328 0.235856 0.420975 0.652589 0.921202 1.201201 1.415071 1.478263 1.392268 1.230671 1.038033 0.821522 0.635699 0.582313 0.709065 0.967405 1.264395 1.508783 1.623996 1.565563 1.341932 1.013973 0.668137 0.378930 0.182565 0.075607 0.035611 0.046603 
0.078466 0.173092 0.328415 0.536782 0.786896 1.061201 1.308136 1.446667 1.435266 1.311469 1.134352 0.929778 0.728611 0.609006 0.645689 0.838235 1.115900 1.386589 1.566390 1.594780 1.453747 1.177953 0.841055 0.523533 0.280747 0.129086 0.055609 0.041107 
0.059786 0.125779 0.250754 0.432599 0.661839 0.924049 1.184669 1.377402 1.440966 1.373367 1.222911 1.032065 0.829194 0.668808 0.627347 0.741962 0.977067 1.251244 1.476489 1.580585 1.524263 1.315850 1.009504 0.682294 0.402140 0.204916 0.092347 0.048358 
0.054072 0.092782 0.188266 0.341676 0.547219 0.792944 1.054359 1.281035 1.409184 1.407167 1.298139 1.127488 0.930629 0.749001 0.648078 0.684654 0.859514 1.114156 1.363867 1.528537 1.552424 1.420057 1.162677 0.845899 0.542217 0.303528 0.148632 0.070352 
0.062212 0.073427 0.140524 0.264971 0.444448 0.670081 0.923651 1.167697 1.345110 1.408175 1.352653 1.212813 1.029059 0.839815 0.698539 0.666366 0.772084 0.986835 1.239011 1.446202 1.540480 1.486240 1.291367 1.004288 0.694058 0.422873 0.226080 0.109492 
0.085852 0.067820 0.106976 0.202748 0.354709 0.557264 0.796866 1.045674 1.256403 1.376643 1.380414 1.282733 1.120936 0.934437 0.769177 0.682453 0.719225 0.879460 1.112923 1.342607 1.493341 1.513360 1.388804 1.147827 0.849173 0.558465 0.324476 0.167786 
0.126819 0.076836 0.087398 0.154862 0.278729 0.455987 0.677065 0.921270 1.151039 1.316523 1.378528 1.331574 1.201835 1.027686 0.851807 0.725815 0.700839 0.799342 0.996191 1.227765 1.417974 1.503351 1.451082 1.268316 0.998500 0.703819 0.441471 0.246131 
0.186475 0.101828 0.082117 0.121130 0.216795 0.367358 0.566526 0.799168 1.036154 1.233781 1.347526 1.355051 1.266704 1.114760 0.939747 0.788811 0.713327 0.750091 0.897767 1.111978 1.322869 1.460662 1.477216 1.359699 1.133408 0.851160 0.572645 0.343801 
0.265138 0.144151 0.091972 0.101623 0.168962 0.292076 0.466942 0.682847 0.917661 1.134968 1.290653 1.351288 1.310878 1.190732 1.027254 0.864279 0.751069 0.731709 0.823929 1.004873 1.217424 1.391766 1.468939 1.418458 1.246553 0.992284 0.711902 0.458223 
0.361681 0.204645 0.118062 0.096798 0.135293 0.230519 0.379509 0.574894 0.800254 1.026314 1.212810 1.320971 1.331083 1.250805 1.108993 0.945766 0.807674 0.741389 0.777819 0.914401 1.111148 1.304595 1.430353 1.443698 1.332505 1.119419 0.852093 0.585063 
0.473372 0.283163 0.161353 0.107430 0.116045 0.182906 0.305014 0.477202 0.687574 0.913284 1.119562 1.266891 1.326027 1.290944 1.179899 1.027380 0.876720 0.774531 0.759604 0.846110 1.012774 1.207871 1.367474 1.437026 1.388102 1.225962 0.985756 0.718578 
0.595975 0.378267 0.222258 0.134392 0.111738 0.149476 0.243960 0.391108 0.582388 0.800429 1.016423 1.193226 1.296459 1.308485 1.235421 1.103639 0.952050 0.825626 0.767068 0.802857 0.929442 1.110323 1.287673 1.402250 1.412564 1.307032 1.105859 0.852167 
0.724071 0.487121 0.300263 0.178325 0.123065 0.130607 0.196718 0.317534 0.486748 0.691409 0.908426 1.104825 1.244843 1.302472 1.271953 1.169530 1.027845 0.888838 0.796347 0.784962 0.866149 1.019883 1.198998 1.344961 1.407407 1.359798 1.206445 0.979013 
0.851542 0.605596 0.393692 0.239294 0.150695 0.126836 0.163662 0.257126 0.402141 0.589078 0.799917 1.006626 1.174834 1.273657 1.287213 1.220742 1.098687 0.958341 0.842592 0.790655 0.825556 0.943016 1.109440 1.271979 1.376184 1.383602 1.283122 1.092729 
0.972136 0.728569 0.499644 0.316493 0.194994 0.138765 0.145249 0.210394 0.329634 0.495610 0.694498 0.903271 1.090730 1.224246 1.280435 1.253977 1.159715 1.028514 0.900467 0.816623 0.808105 0.884286 1.026228 1.190710 1.324082 1.379893 1.333362 1.187925 
1.080031 0.850352 0.614106 0.408068 0.255743 0.166880 0.142007 0.177822 0.270014 0.412622 0.595054 0.798885 0.997001 1.157488 1.252340 1.267206 1.206846 1.094114 0.964491 0.858545 0.812364 0.846196 0.955257 1.108469 1.257396 1.351987 1.356628 1.260644 
1.170337 0.965191 0.732229 0.511087 0.331906 0.211312 0.154443 0.159914 0.223918 0.341318 0.503838 0.696969 0.897943 1.077244 1.204914 1.259773 1.237026 1.150480 1.029303 0.911518 0.835455 0.829280 0.900726 1.031863 1.182932 1.304692 1.354307 1.308636 
1.239486 1.067764 0.848710 0.621658 0.421497 0.271609 0.182877 0.157179 0.191916 0.282618 0.422578 0.600403 0.797456 0.987593 1.141079 1.232344 1.248400 1.193753 1.089891 0.970410 0.873486 0.832367 0.865003 0.966295 1.107398 1.243812 1.329500 1.331472 
1.285479 1.153625 0.958237 0.735184 0.521577 0.346553 0.227243 0.170028 0.174547 0.237267 0.352598 0.511491 0.698930 0.892525 1.064336 1.186711 1.240372 1.221076 1.141822 1.030151 0.921948 0.852927 0.848685 0.915649 1.036846 1.175605 1.286656 1.330486 
1.307982 1.219552 1.055931 0.846711 0.628381 0.434065 0.286898 0.198636 0.172288 0.205907 0.294932 0.432044 0.605210 0.795727 0.978430 1.125524 1.213541 1.230724 1.181449 1.085987 0.976049 0.887437 0.850806 0.882167 0.976247 1.106225 1.231130 1.308571 
1.308276 1.263767 1.137742 0.951321 0.737546 0.531223 0.360481 0.242767 0.185462 0.189097 0.250420 0.363488 0.518627 0.700469 0.887079 1.051977 1.169533 1.222133 1.206087 1.133718 1.031018 0.931743 0.869122 0.866487 0.929207 1.041236 1.168678 1.269850 
