0.007340 0.002865 0.001599 0.003738 0.511328 1.030935 1.074894 1.159139 1.296082 1.483563 1.195495 0.882963 0.990807 0.983449 0.863815 0.671649 0.462390 0.281774 0.151885 0.072829 0.032999 0.018582 0.018045 0.022772 0.026710 0.026498 0.021712 0.014343 
0.010842 0.005103 0.002232 0.002668 0.257533 0.771131 1.052914 1.117017 1.227610 1.389822 1.339529 1.039229 0.936885 0.987128 0.923632 0.767732 0.567020 0.372082 0.216830 0.112357 0.052914 0.025791 0.018314 0.020408 0.024741 0.026604 0.024105 0.018027 
0.014435 0.007972 0.003667 0.002450 0.130101 0.514332 0.912023 1.084965 1.172313 1.308716 1.364676 1.189379 0.988057 0.962007 0.955380 0.845682 0.667376 0.469551 0.294456 0.164593 0.082636 0.039353 0.022052 0.019361 0.022575 0.025673 0.025355 0.021066 
0.017750 0.011203 0.005820 0.003059 0.066275 0.322216 0.713178 0.998494 1.128639 1.240515 1.336696 1.277027 1.088718 0.975032 0.958693 0.900531 0.756529 0.568463 0.382003 0.229525 0.123615 0.060994 0.030703 0.020707 0.020968 0.024124 0.025514 0.023210 
0.020480 0.014477 0.008511 0.004439 0.034667 0.194246 0.517697 0.855836 1.063567 1.184577 1.288605 1.306862 1.182873 1.031875 0.966863 0.929612 0.828530 0.662496 0.475233 0.305764 0.176570 0.092304 0.045848 0.025705 0.020837 0.022546 0.024819 0.024362 
0.022421 0.017479 0.011494 0.006475 0.019553 0.114456 0.355971 0.686766 0.959701 1.124072 1.236591 1.297733 1.244867 1.107374 0.999369 0.948237 0.879071 0.745513 0.568865 0.390499 0.241167 0.134437 0.069076 0.035776 0.023271 0.021692 0.023682 0.024590 
0.023506 0.019950 0.014486 0.008985 0.013014 0.067005 0.235214 0.521369 0.823234 1.041887 1.180332 1.267162 1.271300 1.176120 1.053371 0.973803 0.913654 0.812292 0.657189 0.479682 0.315833 0.187802 0.101757 0.052426 0.029524 0.022481 0.022687 0.024136 
0.023821 0.021728 0.017218 0.011736 0.010999 0.040009 0.151109 0.378291 0.672301 0.932560 1.111109 1.223747 1.269231 1.223710 1.114746 1.013587 0.943729 0.862973 0.734741 0.568435 0.397757 0.251817 0.144779 0.077092 0.040975 0.026002 0.022584 0.023412 
0.023616 0.022774 0.019473 0.014477 0.011368 0.025504 0.095559 0.264700 0.525296 0.802431 1.021835 1.167428 1.246489 1.246471 1.169228 1.064166 0.978658 0.903351 0.798857 0.651588 0.483096 0.324787 0.198298 0.110935 0.059033 0.033489 0.024293 0.022998 
0.023307 0.023195 0.021124 0.016975 0.012922 0.018436 0.060532 0.180130 0.394998 0.663864 0.912133 1.094631 1.206959 1.246480 1.207849 1.116697 1.021412 0.941004 0.851104 0.725222 0.567342 0.403942 0.261543 0.154617 0.084984 0.046261 0.028891 0.023646 
0.023476 0.023251 0.022160 0.019049 0.014949 0.015679 0.039484 0.120331 0.287564 0.529431 0.787998 1.003382 1.150795 1.226719 1.227165 1.162273 1.069055 0.981208 0.896054 0.788163 0.646282 0.485642 0.332742 0.208080 0.119801 0.065623 0.037576 0.026268 
0.024872 0.023364 0.022705 0.020604 0.016999 0.015314 0.027582 0.079907 0.203948 0.408498 0.658715 0.895690 1.077089 1.188757 1.226942 1.194719 1.115664 1.025131 0.938631 0.842109 0.717223 0.565962 0.409192 0.270411 0.163940 0.092712 0.051599 0.031922 
0.028397 0.024118 0.023035 0.021655 0.018802 0.016156 0.021448 0.053744 0.141927 0.306223 0.533606 0.777202 0.986389 1.132923 1.207850 1.210831 1.155192 1.070398 0.981881 0.890370 0.779666 0.641592 0.487577 0.339802 0.217176 0.128326 0.072155 0.041761 
0.035079 0.026258 0.023576 0.022345 0.020228 0.017479 0.018802 0.037596 0.097836 0.224075 0.419914 0.655404 0.881796 1.059656 1.170386 1.209340 1.183011 1.112795 1.026140 0.936126 0.835018 0.710629 0.564585 0.413689 0.278489 0.172751 0.100241 0.056958 
0.046019 0.030668 0.024917 0.022960 0.021287 0.018854 0.018141 0.028199 0.067716 0.160955 0.321995 0.537659 0.768600 0.970726 1.115021 1.189863 1.196176 1.147903 1.069467 0.981133 0.885572 0.772823 0.637607 0.489137 0.346089 0.225620 0.136496 0.078599 
0.062309 0.038343 0.027793 0.023939 0.022123 0.020070 0.018497 0.023170 0.047958 0.114336 0.241475 0.429827 0.653130 0.869663 1.042874 1.152442 1.193019 1.172039 1.108685 1.025300 0.933352 0.829198 0.705215 0.563372 0.417613 0.285854 0.181058 0.107548 
0.084928 0.050326 0.033068 0.025866 0.023031 0.021097 0.019284 0.020833 0.035564 0.081147 0.177905 0.335651 0.541478 0.761396 0.956268 1.097658 1.172731 1.182529 1.140362 1.066992 0.979326 0.881275 0.767206 0.634294 0.490492 0.351734 0.233456 0.144303 
0.114615 0.067627 0.041697 0.029467 0.024448 0.022064 0.020190 0.020059 0.028199 0.058355 0.129526 0.256778 0.438565 0.651437 0.858832 1.026963 1.135194 1.177630 1.161446 1.103677 1.023159 0.930300 0.824241 0.700750 0.562393 0.421113 0.292595 0.188879 
0.151747 0.091121 0.054662 0.035582 0.026958 0.023256 0.021127 0.020124 0.024129 0.043277 0.093941 0.193152 0.347671 0.545001 0.755135 0.942898 1.081079 1.156412 1.169538 1.132561 1.063418 0.976730 0.877270 0.762495 0.631571 0.491753 0.356854 0.240737 
0.196242 0.121434 0.072892 0.045122 0.031270 0.025107 0.022192 0.020626 0.022126 0.033703 0.068609 0.143546 0.270412 0.446336 0.650068 0.849016 1.011988 1.118745 1.162975 1.151050 1.097990 1.020074 0.927000 0.819883 0.697033 0.561662 0.424303 0.298796 
0.247519 0.158838 0.097163 0.059007 0.038196 0.028188 0.023649 0.021409 0.021376 0.027915 0.051156 0.106078 0.206979 0.358374 0.548202 0.749542 0.930502 1.065367 1.140860 1.157012 1.124520 1.059032 0.973537 0.873442 0.758458 0.629348 0.492983 0.361550 
0.304534 0.203179 0.128001 0.078085 0.048601 0.033192 0.025919 0.022529 0.021392 0.024645 0.039535 0.078617 0.156528 0.282677 0.453288 0.648872 0.840022 0.997935 1.103113 1.148936 1.140766 1.091776 1.016284 0.923489 0.815950 0.693903 0.561165 0.427266 
0.365900 0.253856 0.165590 0.103043 0.063343 0.040897 0.029555 0.024224 0.021961 0.023019 0.032090 0.059076 0.117572 0.219602 0.367982 0.551080 0.744447 0.918978 1.050524 1.126025 1.144851 1.116271 1.054030 0.969887 0.869720 0.754926 0.627534 0.494216 
0.430058 0.309878 0.209723 0.134316 0.083193 0.052120 0.035226 0.026890 0.023092 0.022490 0.027555 0.045583 0.088324 0.168587 0.293792 0.459531 0.647764 0.831713 0.984751 1.088274 1.135438 1.130561 1.085151 1.011959 0.919803 0.812323 0.691230 0.560875 
0.495466 0.369968 0.259801 0.172020 0.108755 0.067657 0.043673 0.031058 0.024991 0.022791 0.025022 0.036569 0.066954 0.128456 0.231190 0.376662 0.553647 0.739738 0.908232 1.036513 1.111856 1.133000 1.107856 1.048555 0.965881 0.866063 0.751777 0.626053 
0.560760 0.432717 0.314884 0.215910 0.140387 0.088206 0.055665 0.037365 0.028024 0.023891 0.023907 0.030795 0.051761 0.097705 0.179823 0.303926 0.465155 0.646693 0.823985 0.972372 1.074185 1.122428 1.120428 1.078205 1.007218 0.915972 0.808920 0.688915 
0.624837 0.496738 0.373801 0.265397 0.178149 0.114296 0.071935 0.046515 0.032695 0.025958 0.023899 0.027351 0.041278 0.074733 0.138764 0.241874 0.384540 0.555924 0.735339 0.898179 1.023278 1.098306 1.121428 1.099316 1.042711 0.961595 0.862446 0.748917 
0.686877 0.560788 0.435270 0.319599 0.221773 0.146222 0.093116 0.059225 0.039605 0.029326 0.024928 0.025625 0.034315 0.058006 0.106748 0.190319 0.313207 0.470232 0.645631 0.816759 0.960729 1.060792 1.109867 1.110372 1.071014 1.002153 0.912020 0.805682 
