0.238777 0.241631 0.206588 0.159480 0.137898 0.175171 0.286477 0.462170 0.669365 1.361263 1.992428 2.034703 1.985598 1.864352 1.699791 1.019668 0.347145 0.201374 0.096003 0.034614 0.008440 0.001379 0.000580 0.004798 0.023332 0.065597 0.129071 0.195294 
0.217036 0.240204 0.224110 0.183034 0.148689 0.156534 0.230824 0.374323 0.565767 1.015314 1.676845 2.013565 2.010150 1.924975 1.782072 1.359730 0.683406 0.274259 0.148689 0.065309 0.021527 0.004910 0.000980 0.002689 0.014065 0.044464 0.097334 0.162183 
0.189609 0.228620 0.232157 0.203572 0.165861 0.152611 0.193679 0.302574 0.470045 0.790541 1.346080 1.845205 2.011858 1.967563 1.853523 1.570901 1.021568 0.478833 0.211474 0.106999 0.043418 0.013218 0.002945 0.001834 0.008377 0.029265 0.070899 0.129758 
0.159684 0.209115 0.230388 0.217864 0.184716 0.159236 0.173145 0.248126 0.386309 0.630293 1.068310 1.595642 1.928531 1.989710 1.910543 1.712212 1.296234 0.750200 0.345153 0.159236 0.075208 0.028318 0.008081 0.002390 0.005106 0.018821 0.050082 0.100329 
0.130006 0.184399 0.219751 0.224126 0.201290 0.171976 0.166191 0.210636 0.317218 0.508301 0.849302 1.331976 1.762087 1.959121 1.950126 1.811377 1.504223 1.023217 0.547677 0.252195 0.117222 0.051763 0.018200 0.005235 0.003748 0.011963 0.034452 0.075205 
0.102606 0.157203 0.202075 0.221939 0.212708 0.186633 0.169084 0.188413 0.263927 0.412760 0.678801 1.090639 1.547032 1.860604 1.954624 1.880752 1.657800 1.263720 0.785447 0.399936 0.184709 0.084493 0.034981 0.011718 0.004492 0.007856 0.023208 0.054829 
0.078717 0.129904 0.179639 0.212007 0.217324 0.199671 0.177858 0.178748 0.226170 0.338343 0.545781 0.884720 1.318835 1.703818 1.907614 1.917688 1.769276 1.460760 1.024584 0.592691 0.292322 0.134601 0.059737 0.023350 0.008105 0.006174 0.015532 0.039018 
0.058868 0.104311 0.154772 0.195823 0.214665 0.208497 0.188765 0.178303 0.202459 0.282257 0.442062 0.715250 1.101778 1.511326 1.805716 1.912651 1.843482 1.615018 1.242672 0.808638 0.442507 0.213461 0.097169 0.041543 0.015727 0.007139 0.010853 0.027275 
0.043071 0.081589 0.129541 0.175297 0.205244 0.211581 0.198631 0.183534 0.190381 0.242358 0.362159 0.578656 0.908514 1.306552 1.658521 1.859183 1.878066 1.729250 1.428845 1.025655 0.625572 0.327984 0.155315 0.069356 0.028635 0.011433 0.008996 0.019064 
0.031067 0.062330 0.105565 0.152419 0.190271 0.208413 0.205106 0.191083 0.186958 0.216370 0.302259 0.470408 0.743585 1.107533 1.482537 1.758852 1.868625 1.803658 1.579048 1.227250 0.825613 0.476778 0.241650 0.112336 0.048996 0.020034 0.010214 0.014030 
0.022549 0.046699 0.083948 0.128992 0.171345 0.199342 0.206759 0.198094 0.189020 0.201664 0.259314 0.386333 0.606996 0.925559 1.295035 1.620694 1.813738 1.836141 1.691353 1.403149 1.026432 0.651196 0.359214 0.176993 0.080666 0.034515 0.015124 0.012122 
0.017335 0.034624 0.065323 0.106470 0.150169 0.185343 0.203051 0.202427 0.193557 0.195342 0.230489 0.322824 0.496665 0.766278 1.110297 1.457865 1.717216 1.824940 1.763747 1.547251 1.214790 0.838814 0.505205 0.268103 0.128829 0.057590 0.024820 0.013623 
0.015479 0.025980 0.049973 0.085897 0.128319 0.167756 0.194197 0.202739 0.197992 0.194450 0.212915 0.276656 0.409744 0.631471 0.938287 1.284081 1.587541 1.771078 1.794344 1.655499 1.381020 1.026802 0.672009 0.386654 0.198466 0.093210 0.041205 0.019221 
0.017350 0.020729 0.037977 0.067935 0.107108 0.148038 0.180977 0.198468 0.200365 0.196221 0.203682 0.244786 0.343200 0.520608 0.784879 1.111184 1.435811 1.679309 1.782711 1.724921 1.518260 1.203911 0.849406 0.529332 0.292560 0.145838 0.067207 0.030213 
0.023782 0.019040 0.029353 0.052956 0.087522 0.127573 0.164507 0.189722 0.199417 0.198293 0.199952 0.224234 0.293993 0.431904 0.652743 0.948032 1.273497 1.557560 1.731010 1.753816 1.621591 1.361085 1.026658 0.689369 0.410946 0.219199 0.106523 0.048710 
0.036246 0.021411 0.024196 0.041154 0.070239 0.107547 0.146040 0.177115 0.194569 0.198855 0.199122 0.212093 0.259114 0.362948 0.542324 0.800388 1.110765 1.415529 1.644285 1.742413 1.687703 1.491338 1.193872 0.858014 0.550157 0.315072 0.162861 0.077616 
0.056931 0.028828 0.022804 0.032675 0.055697 0.088893 0.126794 0.161577 0.185842 0.196712 0.198989 0.205608 0.235603 0.311031 0.452636 0.671356 0.955576 1.263147 1.529907 1.693349 1.715058 1.589521 1.342605 1.025943 0.704085 0.432615 0.238967 0.120239 
0.088585 0.042880 0.025816 0.027739 0.044186 0.072295 0.107843 0.144185 0.173710 0.191277 0.197850 0.202298 0.220605 0.273317 0.381834 0.561996 0.813466 1.109361 1.396527 1.611628 1.704204 1.652289 1.466063 1.184274 0.865014 0.568350 0.335791 0.179603 
0.134094 0.065732 0.034348 0.026778 0.035963 0.058240 0.090069 0.126014 0.158948 0.182493 0.194564 0.200074 0.211452 0.246961 0.327575 0.471915 0.687731 0.961414 1.252944 1.504077 1.657916 1.678247 1.559176 1.325168 1.024644 0.716682 0.452070 0.257697 
0.195895 0.099913 0.050040 0.030563 0.031370 0.047102 0.074155 0.108042 0.142481 0.170720 0.188529 0.197319 0.205763 0.229207 0.287268 0.399745 0.579823 0.824572 1.107179 1.378511 1.580997 1.668081 1.618711 1.442172 1.174906 0.870663 0.584376 0.354884 
0.275389 0.147904 0.074977 0.040301 0.030967 0.039236 0.060628 0.091098 0.125261 0.156601 0.179625 0.192924 0.201541 0.217485 0.258237 0.343507 0.489784 0.702197 0.965876 1.242845 1.479754 1.624539 1.643396 1.530442 1.308539 1.022785 0.727520 0.469630 
0.372510 0.211647 0.111440 0.057639 0.035634 0.035101 0.049932 0.075863 0.108180 0.140931 0.168113 0.186274 0.197232 0.209513 0.237861 0.300872 0.416645 0.595991 0.834037 1.104360 1.361299 1.552146 1.633968 1.586919 1.419490 1.165662 0.875152 0.598575 
0.485542 0.292078 0.161544 0.084540 0.046637 0.035368 0.042517 0.062898 0.092021 0.124555 0.154522 0.177193 0.191753 0.203373 0.223687 0.269367 0.358759 0.506318 0.715014 0.969198 1.232830 1.456723 1.593057 1.610443 1.503205 1.292576 1.020407 0.736863 
0.611203 0.388810 0.226811 0.123042 0.065588 0.041002 0.038942 0.052707 0.077459 0.108288 0.139539 0.165858 0.184473 0.197563 0.213530 0.246527 0.314063 0.432538 0.610666 0.842106 1.101014 1.344776 1.524890 1.601750 1.556824 1.397890 1.156492 0.878635 
0.744919 0.500007 0.307811 0.174926 0.094315 0.053295 0.039972 0.045825 0.065083 0.092874 0.123913 0.152698 0.175165 0.191018 0.205546 0.230028 0.280295 0.373300 0.521602 0.726386 0.971560 1.222895 1.434833 1.563320 1.579287 1.477357 1.277191 1.017563 
0.881241 0.622463 0.403909 0.241368 0.134621 0.073805 0.046634 0.042898 0.055454 0.078979 0.108394 0.138306 0.163932 0.183092 0.198282 0.217787 0.255161 0.326798 0.447451 0.623994 0.848973 1.097228 1.328864 1.499076 1.571304 1.528322 1.377274 1.147377 
1.014309 0.751852 0.513186 0.322638 0.187994 0.104213 0.060219 0.044766 0.049176 0.067216 0.093686 0.123350 0.151119 0.173512 0.190687 0.208035 0.236474 0.290980 0.387124 0.535723 0.736483 0.973100 1.213046 1.413970 1.535190 1.549813 1.452798 1.262326 
1.138317 0.883081 0.632519 0.417912 0.255316 0.146104 0.082216 0.052493 0.046971 0.058196 0.080451 0.108518 0.137234 0.162315 0.182099 0.199361 0.222255 0.263727 0.339052 0.461424 0.636103 0.854792 1.093073 1.313508 1.474580 1.542501 1.501305 1.357562 
