0.105797 0.087071 0.058437 0.032857 0.021658 0.032514 0.572439 1.151987 1.283845 1.472228 1.698212 1.913891 1.555905 1.074853 0.962272 0.755856 0.519229 0.310894 0.162215 0.074408 0.030545 0.011430 0.005809 0.011437 0.029427 0.057427 0.086810 0.105748 
0.105772 0.096434 0.072754 0.045647 0.027258 0.027086 0.302476 0.862213 1.217916 1.378037 1.585220 1.806052 1.734898 1.315379 1.018563 0.859064 0.637542 0.415061 0.236554 0.118312 0.052476 0.020987 0.008620 0.008623 0.020432 0.043427 0.072118 0.096279 
0.101026 0.101103 0.084594 0.059201 0.036452 0.027172 0.164781 0.582345 1.040065 1.297976 1.481628 1.695636 1.770475 1.525139 1.166971 0.938813 0.748303 0.526302 0.325808 0.177433 0.085394 0.036732 0.014804 0.008621 0.014527 0.031929 0.057773 0.084198 
0.092612 0.101064 0.092849 0.071897 0.047827 0.031812 0.095977 0.373563 0.811205 1.169021 1.389802 1.588632 1.733055 1.647807 1.346055 1.052892 0.843558 0.637302 0.426055 0.251620 0.131413 0.061063 0.025768 0.011712 0.011574 0.023228 0.044851 0.070985 
0.081799 0.096838 0.096957 0.082373 0.059862 0.039819 0.063894 0.234770 0.592384 0.990113 1.279411 1.489217 1.660844 1.690431 1.496931 1.199474 0.948225 0.740430 0.531678 0.338837 0.191517 0.096238 0.043415 0.018740 0.011643 0.017401 0.034040 0.057918 
0.069858 0.089318 0.096897 0.089665 0.071118 0.049841 0.051857 0.149332 0.413577 0.791248 1.134762 1.384314 1.575030 1.675637 1.593681 1.348202 1.073849 0.844328 0.636054 0.435258 0.265177 0.143878 0.069827 0.031078 0.015192 0.014522 0.025721 0.045979 
0.057919 0.079588 0.093108 0.093281 0.080391 0.060479 0.050849 0.100594 0.281454 0.602412 0.963005 1.259538 1.479672 1.625334 1.634659 1.470942 1.211026 0.959088 0.740191 0.535656 0.350218 0.204527 0.106852 0.050452 0.023135 0.014857 0.020121 0.035850 
0.046884 0.068754 0.086348 0.093195 0.086836 0.070435 0.055664 0.075722 0.191024 0.441933 0.782709 1.111272 1.369605 1.552503 1.629996 1.552800 1.340984 1.085057 0.849640 0.637924 0.442937 0.277372 0.155690 0.078652 0.036793 0.018996 0.017489 0.027986 
0.037435 0.057819 0.077551 0.089771 0.090015 0.078636 0.063050 0.065693 0.133373 0.316479 0.612321 0.946990 1.240438 1.461054 1.591250 1.591398 1.446892 1.213020 0.967348 0.743782 0.540430 0.360155 0.216531 0.117171 0.057723 0.027895 0.018243 0.022737 
0.030086 0.047627 0.067685 0.083661 0.089893 0.084326 0.070843 0.064371 0.099533 0.224926 0.464400 0.779656 1.093714 1.350746 1.526152 1.591324 1.519145 1.329956 1.090184 0.855565 0.642106 0.450292 0.288343 0.166851 0.087447 0.042809 0.023069 0.020490 
0.025288 0.038857 0.057656 0.075673 0.086777 0.087109 0.077584 0.067607 0.081952 0.162229 0.344663 0.622028 0.936685 1.222230 1.438449 1.558738 1.555235 1.424551 1.210070 0.972875 0.748835 0.546199 0.369318 0.227597 0.127149 0.065128 0.032939 0.021779 
0.023534 0.032072 0.048256 0.066664 0.081225 0.086943 0.082347 0.072595 0.074779 0.122091 0.253446 0.483345 0.779356 1.079458 1.330340 1.498594 1.556986 1.489893 1.317310 1.091473 0.860855 0.647517 0.457758 0.298457 0.177373 0.096138 0.049033 0.027359 
0.025446 0.027803 0.040164 0.057460 0.073945 0.084084 0.084645 0.077471 0.073687 0.098435 0.187768 0.368396 0.631351 0.929407 1.204899 1.414467 1.527790 1.523440 1.403602 1.204392 0.976164 0.754186 0.552638 0.378108 0.237915 0.136756 0.072586 0.038196 
0.031821 0.026625 0.033984 0.048812 0.065703 0.079015 0.084365 0.081058 0.075579 0.086061 0.143102 0.278082 0.499873 0.780379 1.067153 1.309683 1.471128 1.525615 1.463521 1.303997 1.090278 0.865175 0.653412 0.465373 0.308012 0.187335 0.104671 0.055391 
0.043606 0.029223 0.030304 0.041398 0.057257 0.072359 0.081690 0.082711 0.078319 0.080820 0.114582 0.210592 0.388978 0.640126 0.923766 1.188418 1.390405 1.498372 1.494568 1.383759 1.197137 0.977726 0.759294 0.559392 0.386692 0.247673 0.146003 0.080031 
0.061818 0.036415 0.029764 0.035851 0.049328 0.064808 0.077024 0.082200 0.080515 0.079569 0.097701 0.162587 0.299785 0.514552 0.781946 1.056092 1.289412 1.444389 1.496470 1.439163 1.290448 1.087432 0.868510 0.659343 0.473042 0.317183 0.196838 0.113017 
0.087418 0.049116 0.033089 0.032807 0.042589 0.057068 0.070916 0.079612 0.081358 0.080042 0.088635 0.130144 0.231186 0.407168 0.648249 0.919019 1.172752 1.366900 1.470429 1.467816 1.364805 1.188940 0.977971 0.763926 0.566193 0.395113 0.257011 0.154928 
0.121173 0.068267 0.041103 0.032948 0.037698 0.049829 0.063992 0.075264 0.080485 0.080700 0.084339 0.109390 0.180665 0.319177 0.527709 0.783634 1.045885 1.269826 1.418665 1.469123 1.416311 1.276873 1.083455 0.870949 0.665060 0.480653 0.326062 0.205969 
0.163571 0.094720 0.054685 0.037025 0.035323 0.043763 0.056910 0.069628 0.077875 0.080593 0.082519 0.096864 0.145027 0.249921 0.423443 0.655671 0.914760 1.157856 1.344245 1.443894 1.442717 1.346592 1.180164 0.977202 0.768004 0.572856 0.403357 0.266015 
0.214793 0.129145 0.074702 0.045855 0.036174 0.039543 0.050337 0.063269 0.073751 0.079234 0.081556 0.089692 0.120946 0.197474 0.336682 0.539557 0.785216 1.036308 1.251050 1.394069 1.443305 1.394654 1.263378 1.078683 0.872603 0.670430 0.488107 0.334686 
0.274740 0.171969 0.101924 0.060279 0.041015 0.037859 0.044940 0.056803 0.068510 0.076492 0.080395 0.085624 0.105319 0.159210 0.267078 0.438120 0.662386 0.910762 1.143679 1.322560 1.418687 1.418980 1.329016 1.171030 0.975643 0.771517 0.579268 0.411396 
0.343068 0.223354 0.136947 0.081101 0.050647 0.039437 0.041399 0.050872 0.062657 0.072501 0.078444 0.083009 0.095471 0.132264 0.213144 0.352599 0.550253 0.786574 1.027220 1.233119 1.370624 1.418834 1.373998 1.250023 1.073337 0.873580 0.675392 0.495332 
0.419200 0.283211 0.180151 0.109024 0.065874 0.045042 0.040418 0.046136 0.056764 0.067579 0.075472 0.080726 0.089240 0.113868 0.172704 0.282871 0.451426 0.668413 0.906897 1.130170 1.301872 1.394729 1.396416 1.312011 1.161680 0.973458 0.774486 0.585362 
0.502281 0.351206 0.231681 0.144587 0.087449 0.055458 0.042730 0.043277 0.051450 0.062172 0.071526 0.078099 0.084983 0.101554 0.143286 0.227788 0.367149 0.559920 0.787655 1.018534 1.216021 1.348300 1.395572 1.354213 1.236845 1.067569 0.873972 0.679924 
0.591103 0.426744 0.291443 0.188134 0.116018 0.071453 0.049094 0.043003 0.047363 0.056811 0.066849 0.074813 0.081541 0.093269 0.122420 0.185537 0.297468 0.463534 0.673787 0.903094 1.117277 1.282160 1.371936 1.374893 1.295529 1.152207 0.970771 0.776948 
0.684026 0.508923 0.359093 0.239789 0.152076 0.093736 0.060274 0.046049 0.045183 0.052087 0.061830 0.070831 0.078177 0.087405 0.107844 0.153978 0.241503 0.380501 0.568661 0.788441 1.010186 1.199719 1.327048 1.373414 1.335211 1.223868 1.061489 0.873859 
0.778942 0.596474 0.434008 0.299441 0.195932 0.122906 0.077005 0.053161 0.045616 0.048635 0.056958 0.066330 0.074504 0.082791 0.097625 0.130911 0.197740 0.311002 0.474581 0.678551 0.899313 1.104952 1.263384 1.350231 1.354313 1.279540 1.142679 0.967674 
0.873308 0.687708 0.515241 0.366725 0.247687 0.159419 0.099955 0.065083 0.049389 0.047126 0.052797 0.061644 0.070417 0.078647 0.090208 0.114268 0.164326 0.254371 0.392791 0.576566 0.788932 1.002133 1.184168 1.306807 1.352272 1.316926 1.211109 1.055176 
