0.001146 0.003723 0.511313 1.030704 1.073760 1.155951 1.289807 1.474069 1.183929 0.871397 0.981314 0.977175 0.860626 0.670516 0.462160 0.281759 0.151870 0.072599 0.031866 0.015394 0.011771 0.013278 0.015144 0.014932 0.012218 0.008069 0.004100 0.001458 
0.001302 0.002434 0.257518 0.771009 1.052232 1.114855 1.222879 1.381938 1.328999 1.027663 0.926355 0.979244 0.918900 0.765571 0.566338 0.371960 0.216815 0.112234 0.052232 0.023630 0.013582 0.012524 0.014211 0.015038 0.013575 0.010144 0.006085 0.002779 
0.002040 0.001868 0.129976 0.514264 0.911621 1.083544 1.168867 1.302409 1.355469 1.178331 0.977009 0.952800 0.949072 0.842236 0.665954 0.469149 0.294387 0.164525 0.082233 0.037931 0.018606 0.013053 0.013368 0.014625 0.014307 0.011859 0.008114 0.004432 
0.003236 0.001954 0.065922 0.322120 0.712942 0.997582 1.126206 1.235638 1.328939 1.266900 1.077670 0.964904 0.950936 0.895654 0.754095 0.567552 0.381768 0.229456 0.123379 0.060082 0.028269 0.015830 0.013211 0.013996 0.014466 0.013083 0.009987 0.006273 
0.004754 0.002595 0.033938 0.194021 0.517531 0.855262 1.061894 1.180922 1.282288 1.297919 1.172285 1.021287 0.957920 0.923295 0.824875 0.660823 0.474660 0.305612 0.176417 0.091731 0.044175 0.022049 0.014520 0.013603 0.014231 0.013774 0.011535 0.008130 
0.006442 0.003675 0.018267 0.113980 0.355776 0.686397 0.958578 1.121408 1.231605 1.290104 1.235102 1.096786 0.989604 0.940608 0.874085 0.742849 0.567741 0.390136 0.241015 0.134074 0.067953 0.033112 0.018285 0.014062 0.013917 0.014003 0.012655 0.009832 
0.008137 0.005058 0.010971 0.066123 0.234878 0.521086 0.822487 1.039993 1.176506 1.260854 1.262603 1.165944 1.043195 0.965106 0.907346 0.808467 0.655295 0.478939 0.315575 0.187544 0.101014 0.050533 0.025698 0.016173 0.013990 0.013960 0.013329 0.011244 
0.009690 0.006598 0.008015 0.038547 0.150500 0.377982 0.671787 0.931240 1.108250 1.218680 1.261729 1.214274 1.104570 1.004150 0.936226 0.857907 0.731881 0.567117 0.397257 0.251560 0.144279 0.075773 0.038116 0.020936 0.015081 0.013975 0.013644 0.012286 
0.010988 0.008144 0.007306 0.023281 0.094524 0.264241 0.524884 0.801513 1.019745 1.163465 1.240205 1.238001 1.159422 1.054360 0.970188 0.897066 0.794894 0.649499 0.482187 0.324408 0.197919 0.110026 0.056944 0.029526 0.018009 0.014528 0.013810 0.012965 
0.011977 0.009566 0.007725 0.015293 0.058902 0.179382 0.394563 0.663199 0.910629 1.091605 1.201835 1.239103 1.198711 1.106891 1.012274 0.933627 0.845980 0.722196 0.565843 0.403298 0.261164 0.153973 0.083485 0.043235 0.023767 0.016268 0.014169 0.013387 
0.012682 0.010771 0.008646 0.011509 0.037098 0.119142 0.286973 0.528881 0.786914 1.001117 1.146720 1.220469 1.218907 1.152801 1.059582 0.972951 0.889804 0.784088 0.644020 0.484570 0.332231 0.207568 0.118729 0.063360 0.033501 0.020018 0.015219 0.013778 
0.013230 0.011727 0.009709 0.010077 0.024304 0.078120 0.203057 0.407927 0.657897 0.894016 1.073918 1.183594 1.219688 1.185854 1.106192 1.016266 0.931377 0.836946 0.714054 0.564295 0.408401 0.269900 0.163149 0.091045 0.048431 0.026759 0.017618 0.014498 
0.013864 0.012478 0.010718 0.009893 0.017190 0.051212 0.140589 0.305492 0.532912 0.775957 0.983967 1.128756 1.201641 1.202771 1.146023 1.061229 0.973822 0.884162 0.775500 0.639174 0.486348 0.339150 0.216524 0.127097 0.069738 0.037595 0.022189 0.016058 
0.014961 0.013171 0.011598 0.010305 0.013542 0.034201 0.095900 0.223040 0.419202 0.654434 0.879962 1.056362 1.165199 1.202206 1.174397 1.103626 1.017525 0.928992 0.829831 0.707337 0.562761 0.412749 0.277837 0.171810 0.098417 0.053666 0.029892 0.019124 
0.017042 0.014066 0.012385 0.010952 0.011924 0.023871 0.065051 0.159470 0.321121 0.536818 0.767198 0.968162 1.110780 1.183702 1.188302 1.139011 1.060576 0.973259 0.879411 0.768584 0.635049 0.487755 0.345293 0.224824 0.135114 0.076042 0.041779 0.024508 
0.020775 0.015554 0.013225 0.011668 0.011438 0.017897 0.044461 0.112261 0.240296 0.428970 0.652008 0.867680 1.039471 1.147241 1.186002 1.163656 1.099794 1.016917 0.926335 0.823998 0.701817 0.561402 0.416524 0.285058 0.179969 0.105578 0.058910 0.033143 
0.026959 0.018165 0.014390 0.012447 0.011553 0.014668 0.031179 0.078361 0.176278 0.334633 0.540489 0.759844 0.953575 1.093356 1.166622 1.174829 1.131725 1.058355 0.971626 0.875166 0.762907 0.631609 0.488963 0.350791 0.232514 0.142773 0.082244 0.046027 
0.036493 0.022562 0.016277 0.013418 0.012000 0.013110 0.022923 0.054770 0.127319 0.255455 0.437561 0.650166 0.856710 1.023466 1.129989 1.170725 1.153277 1.095040 1.014991 0.923396 0.819037 0.697258 0.560286 0.419877 0.291652 0.187643 0.112509 0.064135 
0.050314 0.029528 0.019420 0.014848 0.012709 0.012555 0.018017 0.038847 0.091045 0.191387 0.346508 0.543864 0.753438 0.940088 1.076727 1.150357 1.162001 1.124159 1.055015 0.969193 0.871216 0.758147 0.628772 0.490082 0.355765 0.239648 0.150076 0.088322 
0.069318 0.039921 0.024474 0.017134 0.013778 0.012632 0.015286 0.028432 0.064946 0.141216 0.268948 0.445186 0.648651 0.846763 1.008408 1.113542 1.156179 1.143080 1.089587 1.012104 0.920205 0.814682 0.693460 0.559427 0.422923 0.297706 0.194862 0.119199 
0.094259 0.054620 0.032197 0.020804 0.015456 0.013205 0.013959 0.021859 0.046689 0.103081 0.205082 0.357067 0.546918 0.747707 0.927585 1.060975 1.134861 1.149630 1.116334 1.050846 0.966155 0.867443 0.754071 0.626443 0.491175 0.360315 0.246284 0.157030 
0.125645 0.074439 0.043408 0.026500 0.018130 0.014331 0.013582 0.017909 0.034274 0.074885 0.154081 0.281074 0.451993 0.647313 0.837646 0.994280 1.097918 1.142245 1.132982 1.083590 1.008500 0.916799 0.810757 0.690257 0.558809 0.425745 0.303299 0.201657 
0.163651 0.100042 0.058924 0.034954 0.022315 0.016230 0.013956 0.015746 0.026091 0.054579 0.114483 0.217578 0.366534 0.549653 0.742479 0.915963 1.046099 1.120082 1.137613 1.108286 1.046045 0.962650 0.863778 0.750507 0.624533 0.492277 0.364522 0.252478 
0.208065 0.131846 0.079483 0.046939 0.028635 0.019273 0.015093 0.014851 0.020918 0.040335 0.084531 0.166031 0.292056 0.458093 0.646066 0.829221 0.981031 1.083090 1.128847 1.122949 1.077165 1.004347 0.913214 0.807143 0.687520 0.558405 0.428400 0.308500 
0.258282 0.169955 0.105665 0.063211 0.037787 0.023954 0.017183 0.014972 0.017885 0.030627 0.062433 0.125281 0.229043 0.375074 0.552080 0.737644 0.905126 1.032061 1.105969 1.125898 1.100057 1.040756 0.958781 0.860178 0.747331 0.622963 0.493402 0.368450 
0.313366 0.214119 0.137810 0.084438 0.050499 0.030870 0.020568 0.016078 0.016428 0.024256 0.046530 0.093857 0.177162 0.302059 0.463577 0.644862 0.821385 0.968593 1.069015 1.115934 1.112978 1.070407 0.999768 0.909479 0.803755 0.685147 0.558182 0.430926 
0.372146 0.263743 0.175964 0.111124 0.067468 0.040685 0.025719 0.018323 0.016253 0.020342 0.035393 0.070194 0.135510 0.239610 0.382818 0.554219 0.733123 0.894989 1.018804 1.092474 1.114456 1.091692 1.035088 0.954624 0.856617 0.744451 0.621665 0.494554 
0.433350 0.317944 0.219854 0.143544 0.089296 0.054076 0.033202 0.022021 0.017288 0.018298 0.027868 0.052793 0.102852 0.187560 0.311214 0.468519 0.643671 0.814056 0.956897 1.055639 1.103465 1.103074 1.063390 0.994856 0.905620 0.800534 0.683058 0.558110 
