0.000519 0.001091 0.003723 0.011590 0.031866 0.076403 0.159918 0.293946 0.976734 1.683929 1.868732 1.977175 1.973207 1.857984 1.169354 0.461883 0.281759 0.152147 0.073760 0.034508 0.019361 0.015910 0.015943 0.015144 0.012268 0.008079 0.004102 0.001458 
0.000988 0.000805 0.002407 0.007657 0.021728 0.054134 0.118160 0.226932 0.635340 1.330331 1.776331 1.922954 1.975191 1.915596 1.513669 0.815619 0.371821 0.216953 0.112954 0.054134 0.026935 0.017635 0.015926 0.015544 0.013706 0.010173 0.006091 0.002780 
0.001884 0.000897 0.001606 0.005032 0.014692 0.037931 0.086147 0.172546 0.431136 0.982836 1.553331 1.849642 1.949072 1.945393 1.714632 1.164644 0.593720 0.294387 0.164953 0.083544 0.040534 0.022285 0.016781 0.015735 0.014625 0.011940 0.008132 0.004435 
0.003160 0.001390 0.001251 0.003319 0.009862 0.026312 0.062039 0.129347 0.301841 0.706986 1.268083 1.701487 1.899357 1.947233 1.830013 1.439638 0.879182 0.444053 0.229670 0.124249 0.062039 0.031410 0.019533 0.016258 0.015180 0.013282 0.010036 0.006284 
0.004722 0.002275 0.001321 0.002285 0.006591 0.018087 0.044175 0.095693 0.215594 0.504413 0.987535 1.484785 1.800422 1.923295 1.888623 1.634826 1.159410 0.661618 0.336862 0.176959 0.093144 0.046724 0.025471 0.017895 0.015719 0.014231 0.011659 0.008160 
0.006441 0.003498 0.001798 0.001803 0.004438 0.012339 0.031131 0.069934 0.155643 0.360004 0.745974 1.236160 1.642603 1.861858 1.905959 1.761724 1.397118 0.910514 0.499240 0.256911 0.135052 0.069934 0.036098 0.021683 0.016807 0.014975 0.012945 0.009909 
0.008175 0.004969 0.002648 0.001800 0.003120 0.008388 0.021735 0.050533 0.112789 0.257824 0.552989 0.991067 1.439382 1.752231 1.883909 1.833842 1.579421 1.153816 0.704877 0.378075 0.195981 0.102493 0.053016 0.028891 0.019245 0.015891 0.013960 0.011427 
0.009801 0.006572 0.003809 0.002224 0.002460 0.005754 0.015062 0.036134 0.081661 0.185306 0.405406 0.772028 1.215224 1.595806 1.818070 1.858875 1.706631 1.366618 0.929346 0.541476 0.287028 0.149237 0.077754 0.040953 0.024068 0.017568 0.014926 0.012694 
0.011247 0.008187 0.005191 0.003017 0.002342 0.004107 0.010408 0.025598 0.058897 0.133483 0.295356 0.588717 0.993626 1.405515 1.706938 1.838473 1.782753 1.536625 1.147982 0.735411 0.414252 0.218133 0.113496 0.059354 0.032511 0.020818 0.016247 0.013810 
0.012528 0.009717 0.006689 0.004104 0.002679 0.003225 0.007258 0.018003 0.042248 0.096190 0.214420 0.442037 0.791172 1.199571 1.556227 1.772705 1.810613 1.659689 1.342304 0.941697 0.574832 0.316192 0.165814 0.086425 0.045932 0.026664 0.018532 0.015028 
0.013778 0.011123 0.008203 0.005396 0.003391 0.002952 0.005241 0.012630 0.030125 0.069219 0.155305 0.328228 0.616604 0.995371 1.377899 1.664466 1.791659 1.735151 1.500996 1.142000 0.758264 0.445512 0.241003 0.126120 0.066179 0.036298 0.022598 0.016780 
0.015279 0.012451 0.009663 0.006799 0.004394 0.003172 0.004097 0.008936 0.021378 0.049672 0.112262 0.241767 0.472416 0.805988 1.186635 1.521182 1.728063 1.763405 1.618074 1.321498 0.950132 0.601888 0.343258 0.183561 0.096149 0.051238 0.029448 0.019689 
0.017484 0.013865 0.011057 0.008231 0.005597 0.003783 0.003634 0.006516 0.015157 0.035525 0.080967 0.177014 0.357091 0.639202 0.996311 1.353909 1.624622 1.745734 1.690739 1.469786 1.135815 0.776010 0.472573 0.263410 0.139855 0.073694 0.040343 0.024569 
0.021027 0.015675 0.012461 0.009644 0.006914 0.004690 0.003709 0.005075 0.010837 0.025341 0.058246 0.128991 0.267053 0.498147 0.817757 1.175110 1.489266 1.685178 1.718237 1.580263 1.302801 0.955913 0.624292 0.367991 0.201632 0.106774 0.057019 0.032456 
0.026741 0.018351 0.014068 0.011052 0.008279 0.005802 0.004199 0.004392 0.007956 0.018089 0.041793 0.093618 0.198022 0.382600 0.657952 0.996433 1.332188 1.587222 1.701707 1.649250 1.441532 1.129357 0.790102 0.496141 0.284812 0.154203 0.081897 0.044737 
0.035739 0.022546 0.016209 0.012560 0.009666 0.007040 0.005000 0.004296 0.006174 0.013022 0.029941 0.067706 0.145820 0.290311 0.520276 0.827192 1.164310 1.459705 1.644465 1.675478 1.545391 1.285444 0.959729 0.643122 0.390477 0.219508 0.118050 0.063317 
0.049528 0.029143 0.019378 0.014385 0.011113 0.008353 0.006020 0.004648 0.005235 0.009598 0.021482 0.048823 0.106763 0.218065 0.405293 0.673734 0.995751 1.312008 1.552085 1.659972 1.610435 1.415417 1.122587 0.801426 0.516799 0.304992 0.168779 0.090683 
0.070106 0.039335 0.024260 0.016881 0.012749 0.009733 0.007187 0.005334 0.004941 0.007416 0.015540 0.035153 0.077793 0.162414 0.311679 0.539514 0.834743 1.153880 1.432046 1.606028 1.635203 1.512926 1.269002 0.962006 0.659112 0.410896 0.236885 0.129731 
0.099918 0.054721 0.031798 0.020571 0.014815 0.011241 0.008460 0.006260 0.005138 0.006179 0.011478 0.025346 0.056473 0.120104 0.237047 0.425596 0.687128 0.994311 1.292963 1.519037 1.620616 1.574064 1.390964 1.115504 0.810559 0.535004 0.323891 0.183308 
0.141613 0.077320 0.043259 0.026184 0.017693 0.013028 0.009850 0.007360 0.005699 0.005658 0.008829 0.018412 0.040910 0.088288 0.178575 0.331322 0.556362 0.840720 1.143637 1.406000 1.569826 1.597340 1.482514 1.253234 0.963032 0.672782 0.429447 0.253599 
0.197606 0.109466 0.060289 0.034722 0.021938 0.015360 0.011439 0.008605 0.006530 0.005679 0.007243 0.013620 0.029661 0.064599 0.133432 0.254948 0.443842 0.698541 0.992178 1.274818 1.487913 1.583583 1.539927 1.367874 1.108133 0.817907 0.551114 0.341523 
0.269565 0.153536 0.084878 0.047506 0.028330 0.018649 0.013400 0.010022 0.007567 0.006104 0.006461 0.010432 0.021641 0.047130 0.099015 0.194190 0.349395 0.571191 0.845360 1.133498 1.381366 1.535748 1.561755 1.453901 1.238004 0.963020 0.684511 0.446319 
0.357942 0.211551 0.119207 0.066192 0.037918 0.023490 0.016025 0.011711 0.008795 0.006836 0.006283 0.008446 0.016036 0.034385 0.073073 0.146603 0.271793 0.460293 0.708276 0.989429 1.257432 1.458557 1.548752 1.507828 1.345952 1.100512 0.823765 0.565415 
0.461678 0.284746 0.165379 0.092699 0.052055 0.030704 0.019757 0.013868 0.010253 0.007815 0.006559 0.007365 0.012241 0.025211 0.053729 0.109838 0.209198 0.366043 0.584284 0.848852 1.123431 1.357995 1.503654 1.528290 1.426890 1.223232 0.962138 0.694590 
0.578134 0.373212 0.225063 0.129039 0.072377 0.041379 0.025230 0.016812 0.012060 0.009034 0.007187 0.006962 0.009803 0.018726 0.039470 0.081783 0.159518 0.287620 0.475164 0.716568 0.986141 1.240713 1.430824 1.515972 1.477590 1.325061 1.092685 0.828364 
0.703249 0.475673 0.299137 0.177051 0.100708 0.056878 0.033305 0.021021 0.014436 0.010547 0.008111 0.007075 0.008382 0.014265 0.029098 0.060627 0.120650 0.223569 0.381392 0.595866 0.851355 1.113427 1.335769 1.473398 1.496781 1.401325 1.208873 0.960525 
0.831887 0.589461 0.387405 0.238094 0.138879 0.078793 0.045092 0.027163 0.017729 0.012492 0.009329 0.007593 0.007728 0.011323 0.021681 0.044862 0.090639 0.172110 0.302481 0.488629 0.723610 0.982391 1.224598 1.404583 1.485090 1.449053 1.305099 1.084699 
0.958293 0.710674 0.488433 0.312750 0.188487 0.108836 0.061942 0.036127 0.022446 0.015110 0.010910 0.008461 0.007661 0.009526 0.016502 0.033272 0.067750 0.131374 0.237295 0.395555 0.606120 0.853001 1.103494 1.314591 1.444836 1.467071 1.377076 1.194899 
