0.000862 0.003893 0.012227 0.033032 0.077466 0.159663 0.291257 0.471381 0.676870 0.861689 1.471732 1.970041 1.856716 1.669071 1.461876 1.281930 0.652784 0.074927 0.035571 0.019106 0.013221 0.010589 0.008086 0.005225 0.002636 0.000935 0.000190 0.000012 
0.000437 0.002378 0.008060 0.022630 0.055249 0.118564 0.225460 0.381319 0.574125 0.769280 1.166710 1.720886 1.913378 1.762893 1.565473 1.371903 0.967357 0.363855 0.055249 0.027339 0.016163 0.011905 0.009338 0.006655 0.003930 0.001786 0.000562 0.000101 
0.000269 0.001407 0.005219 0.015345 0.038939 0.086907 0.172012 0.303390 0.477722 0.671703 0.967995 1.443798 1.817132 1.838136 1.664183 1.468688 1.169630 0.665606 0.209552 0.041294 0.021751 0.014034 0.010621 0.007996 0.005293 0.002858 0.001174 0.000332 
0.000300 0.000838 0.003313 0.010282 0.027142 0.062923 0.129459 0.237701 0.390556 0.574712 0.819849 1.205897 1.630465 1.827634 1.751160 1.566436 1.319159 0.917618 0.437579 0.125423 0.031522 0.017893 0.012328 0.009309 0.006645 0.004075 0.002016 0.000753 
0.000527 0.000569 0.002076 0.006797 0.018712 0.045032 0.096191 0.183580 0.314128 0.482634 0.697281 1.012873 1.418181 1.729050 1.789397 1.658798 1.442797 1.118388 0.677598 0.281501 0.078473 0.024708 0.015110 0.010818 0.007977 0.005360 0.003046 0.001384 
0.000955 0.000548 0.001322 0.004437 0.012755 0.031872 0.070612 0.139886 0.248854 0.398381 0.589957 0.855077 1.215527 1.573615 1.759223 1.724097 1.550797 1.280593 0.897993 0.479550 0.179987 0.051590 0.019909 0.012964 0.009398 0.006668 0.004203 0.002215 
0.001585 0.000752 0.000935 0.002880 0.008596 0.022313 0.051242 0.105249 0.194370 0.323618 0.494169 0.722517 1.035302 1.394571 1.666419 1.741660 1.637447 1.415695 1.089293 0.688772 0.329768 0.115788 0.035749 0.016437 0.011181 0.008033 0.005436 0.003209 
0.002397 0.001168 0.000843 0.001907 0.005738 0.015455 0.036778 0.078245 0.149809 0.258994 0.408894 0.608343 0.878909 1.214936 1.530495 1.704040 1.689554 1.526571 1.252494 0.889032 0.509270 0.222778 0.075769 0.026093 0.013809 0.009607 0.006734 0.004322 
0.003360 0.001783 0.001006 0.001375 0.003822 0.010596 0.026116 0.057512 0.114027 0.204402 0.333944 0.508618 0.743626 1.046923 1.372716 1.617267 1.696797 1.608062 1.389533 1.070763 0.699151 0.366024 0.149274 0.050931 0.019951 0.011708 0.008171 0.005528 
0.004444 0.002571 0.001394 0.001191 0.002599 0.007209 0.018356 0.041814 0.085769 0.159214 0.269173 0.421281 0.626122 0.895275 1.209819 1.494992 1.657032 1.652430 1.498798 1.230148 0.884957 0.532588 0.257649 0.100102 0.035441 0.015829 0.009939 0.006849 
0.005647 0.003508 0.001983 0.001293 0.001895 0.004904 0.012783 0.030085 0.063792 0.122492 0.214194 0.345227 0.523702 0.760698 1.052547 1.352405 1.576012 1.654731 1.575614 1.364473 1.057553 0.708772 0.395118 0.178876 0.067772 0.025635 0.012884 0.008394 
0.007020 0.004577 0.002745 0.001638 0.001594 0.003399 0.008843 0.021434 0.046938 0.093142 0.168343 0.279710 0.434464 0.642200 0.906623 1.202476 1.464209 1.615371 1.615172 1.470043 1.211013 0.883162 0.551945 0.286997 0.123324 0.046703 0.019260 0.010639 
0.008830 0.005799 0.003661 0.002191 0.001616 0.002497 0.006121 0.015139 0.034186 0.070040 0.130742 0.224026 0.357087 0.538332 0.774411 1.054549 1.333342 1.539790 1.615272 1.542608 1.340528 1.047088 0.717554 0.419471 0.205160 0.085014 0.032982 0.014950 
0.011890 0.007314 0.004730 0.002926 0.001904 0.002056 0.004309 0.010630 0.024662 0.052113 0.100391 0.177384 0.290557 0.447710 0.656372 0.914480 1.193946 1.436566 1.577531 1.578940 1.441568 1.193808 0.882321 0.568513 0.312316 0.145087 0.058998 0.023966 
0.017928 0.009602 0.006022 0.003828 0.002415 0.001980 0.003183 0.007470 0.017646 0.038388 0.076252 0.138888 0.233971 0.369133 0.552041 0.785426 1.054213 1.315256 1.507049 1.578235 1.510254 1.317688 1.038064 0.725417 0.440414 0.228701 0.102042 0.041482 
0.029705 0.013765 0.007812 0.004925 0.003122 0.002197 0.002581 0.005326 0.012558 0.028017 0.057320 0.107570 0.186429 0.301552 0.460587 0.668733 0.919820 1.184735 1.411152 1.542642 1.544245 1.413971 1.177876 0.881740 0.582915 0.334558 0.165372 0.071762 
0.050733 0.021735 0.010788 0.006369 0.004023 0.002659 0.002389 0.003954 0.008942 0.020287 0.042668 0.082445 0.147000 0.243991 0.381069 0.564660 0.794277 1.052277 1.297943 1.476897 1.543443 1.479108 1.295923 1.029808 0.732328 0.458737 0.249965 0.118567 
0.084650 0.036234 0.016262 0.008579 0.005196 0.003341 0.002524 0.003171 0.006448 0.014615 0.031478 0.062557 0.114722 0.195495 0.312530 0.472865 0.679468 0.923277 1.175110 1.387420 1.510170 1.511275 1.387516 1.162866 0.881068 0.595532 0.354351 0.184266 
0.134458 0.060442 0.026248 0.012420 0.006887 0.004269 0.002933 0.002848 0.004810 0.010531 0.023046 0.047017 0.088639 0.155109 0.254013 0.392697 0.576167 0.801373 1.049194 1.281265 1.448795 1.510723 1.449395 1.275191 1.021967 0.738300 0.474941 0.269308 
0.201883 0.097450 0.043345 0.019334 0.009654 0.005578 0.003601 0.002890 0.003829 0.007670 0.016789 0.035032 0.067828 0.121874 0.204561 0.323355 0.484432 0.688770 0.925283 1.165229 1.365030 1.479759 1.480059 1.362293 1.148579 0.880134 0.606621 0.372125 
0.287004 0.149666 0.070397 0.031339 0.014494 0.007616 0.004589 0.003246 0.003360 0.005750 0.012230 0.025910 0.051430 0.094851 0.163217 0.263958 0.403893 0.586601 0.807026 1.045256 1.265130 1.422395 1.479909 1.421176 1.255436 1.014356 0.743377 0.489373 
0.388188 0.218335 0.110032 0.050868 0.022917 0.011055 0.006103 0.003917 0.003303 0.004555 0.008990 0.019070 0.038670 0.073141 0.129034 0.213588 0.333926 0.495247 0.696814 0.926141 1.155193 1.343762 1.451152 1.450543 1.338306 1.134896 0.878867 0.616375 
0.502282 0.303262 0.164184 0.080450 0.036893 0.016986 0.008579 0.005010 0.003610 0.003929 0.006772 0.014030 0.028870 0.055905 0.101087 0.171311 0.273757 0.414586 0.596030 0.811477 1.040667 1.249478 1.397457 1.450847 1.394424 1.236601 1.006881 0.747621 
0.624951 0.402772 0.233723 0.122317 0.058671 0.026939 0.012782 0.006794 0.004310 0.003769 0.005350 0.010401 0.021450 0.042388 0.078496 0.136199 0.222534 0.344171 0.505308 0.703754 0.926072 1.145072 1.323467 1.424152 1.422636 1.315513 1.121741 0.877251 
0.751101 0.513861 0.318247 0.178020 0.090494 0.042805 0.019861 0.009788 0.005552 0.004040 0.004560 0.007876 0.015925 0.031919 0.060442 0.107348 0.179366 0.283353 0.424740 0.604531 0.814913 1.035572 1.234270 1.373810 1.423394 1.369074 1.218627 0.999496 
0.875299 0.632481 0.416054 0.248133 0.134257 0.066650 0.031333 0.014824 0.007670 0.004796 0.004300 0.006218 0.011901 0.023922 0.046180 0.083895 0.143357 0.231360 0.354046 0.514636 0.709722 0.925243 1.134921 1.304040 1.398602 1.396234 1.293851 1.109062 
0.992180 0.753890 0.524268 0.332094 0.191195 0.100453 0.048991 0.023079 0.011247 0.006233 0.004548 0.005259 0.009059 0.017911 0.035051 0.065038 0.113626 0.187358 0.292703 0.434341 0.612179 0.817482 1.030082 1.219480 1.351321 1.397418 1.345042 1.201456 
1.096818 0.873035 0.639079 0.428181 0.261645 0.145824 0.074722 0.036035 0.017163 0.008740 0.005390 0.004903 0.007159 0.013485 0.026481 0.050044 0.089332 0.150492 0.240031 0.363522 0.523260 0.714831 0.923782 1.124781 1.285401 1.374369 1.371230 1.273249 
