0.000238 0.001087 0.503938 1.012446 1.033648 1.078677 1.161495 1.293490 0.973613 0.678703 0.862900 0.972347 0.970259 0.856760 0.669074 0.461879 0.281974 0.153002 0.075542 0.036782 0.020938 0.015453 0.012822 0.009918 0.006436 0.003252 0.001154 0.000234 
0.000236 0.000663 0.252513 0.758192 1.023047 1.056162 1.120086 1.227492 1.133551 0.826158 0.770801 0.917624 0.971303 0.913510 0.762917 0.565476 0.371926 0.217488 0.114272 0.056162 0.028860 0.018196 0.014138 0.011370 0.008177 0.004844 0.002203 0.000694 
0.000465 0.000449 0.126588 0.505352 0.890619 1.039604 1.088124 1.173789 1.180522 0.979855 0.798480 0.844213 0.944463 0.942407 0.838213 0.664197 0.468701 0.294707 0.165880 0.085217 0.042511 0.023528 0.016167 0.012754 0.009773 0.006510 0.003523 0.001448 
0.000957 0.000457 0.063518 0.315970 0.697986 0.965112 1.063864 1.130957 1.177156 1.080188 0.889167 0.821346 0.894338 0.943435 0.890310 0.751205 0.566449 0.381704 0.230294 0.125549 0.063864 0.033020 0.019847 0.014460 0.011264 0.008142 0.005017 0.002486 
0.001721 0.000707 0.031988 0.189744 0.506978 0.831549 1.014488 1.097410 1.154056 1.128672 0.984678 0.855257 0.857842 0.918887 0.916873 0.820757 0.658827 0.474077 0.305999 0.177921 0.094707 0.048442 0.026434 0.017154 0.012862 0.009703 0.006579 0.003751 
0.002736 0.001214 0.016347 0.110866 0.348361 0.669263 0.923018 1.055949 1.125733 1.141364 1.056675 0.919967 0.856549 0.888364 0.917880 0.868815 0.739792 0.566452 0.390038 0.241960 0.136314 0.071574 0.037438 0.021794 0.015008 0.011282 0.008141 0.005165 
0.003951 0.001975 0.008781 0.063607 0.229613 0.508812 0.796141 0.989484 1.090841 1.133549 1.099019 0.988321 0.888258 0.872457 0.903122 0.893347 0.804304 0.653122 0.478245 0.315999 0.189137 0.103944 0.054506 0.029616 0.018401 0.013145 0.009712 0.006653 
0.005302 0.002963 0.005378 0.036194 0.146610 0.369213 0.652476 0.892812 1.040163 1.112195 1.116284 1.043670 0.938290 0.880358 0.887789 0.898235 0.848825 0.728713 0.565683 0.397122 0.252568 0.146541 0.079225 0.042061 0.024008 0.015773 0.011428 0.008182 
0.006742 0.004132 0.004170 0.020786 0.091402 0.257911 0.510845 0.772644 0.966487 1.076179 1.114239 1.079977 0.990980 0.909324 0.884073 0.893012 0.873530 0.788769 0.647198 0.481403 0.324845 0.199554 0.112883 0.060643 0.033035 0.019891 0.013601 0.009805 
0.008274 0.005437 0.004151 0.012478 0.056094 0.174657 0.384378 0.641745 0.869566 1.021333 1.095209 1.097108 1.035478 0.950152 0.896699 0.888543 0.883271 0.831150 0.717984 0.564300 0.403124 0.262200 0.156219 0.086763 0.046839 0.026463 0.016746 0.011703 
0.009988 0.006856 0.004794 0.008315 0.034286 0.115375 0.279517 0.513061 0.755655 0.945450 1.058271 1.096159 1.066293 0.992815 0.923425 0.892621 0.885907 0.857210 0.774567 0.641142 0.483712 0.332662 0.209209 0.121491 0.066801 0.036651 0.021604 0.014224 
0.012106 0.008422 0.005825 0.006555 0.021300 0.074831 0.197446 0.396289 0.634358 0.850552 1.001860 1.077215 1.081226 1.029554 0.958120 0.908023 0.889264 0.871559 0.815888 0.707854 0.562427 0.408187 0.270935 0.165350 0.094146 0.051726 0.029127 0.017914 
0.015010 0.010264 0.007123 0.006190 0.013927 0.048065 0.136138 0.296868 0.515324 0.742455 0.926206 1.039538 1.079220 1.055390 0.993837 0.933071 0.898643 0.880411 0.843723 0.761871 0.635141 0.485307 0.339561 0.218143 0.129748 0.072936 0.040427 0.023521 
0.019266 0.012637 0.008694 0.006657 0.010059 0.030996 0.092102 0.216503 0.406096 0.628890 0.834331 0.982872 1.059379 1.067305 1.024614 0.963454 0.915857 0.889527 0.862067 0.802797 0.698506 0.560224 0.412434 0.278852 0.173945 0.101342 0.056681 0.031974 
0.025620 0.015951 0.010666 0.007675 0.008358 0.020528 0.061549 0.154303 0.311299 0.517493 0.731610 0.908601 1.021125 1.063342 1.045959 0.994034 0.939656 0.902692 0.875797 0.832432 0.750652 0.629365 0.486329 0.345643 0.226399 0.137644 0.079011 0.044327 
0.034973 0.020785 0.013308 0.009170 0.008016 0.014443 0.041038 0.107926 0.232801 0.414396 0.624551 0.820106 0.964863 1.042234 1.054651 1.019997 0.966845 0.921174 0.889245 0.854115 0.791542 0.690008 0.557847 0.415986 0.286021 0.182021 0.108327 0.061669 
0.048321 0.027879 0.017047 0.011239 0.008593 0.011229 0.027740 0.074482 0.170363 0.323599 0.519474 0.722329 0.892485 1.003549 1.048442 1.037324 0.993421 0.944010 0.905209 0.871680 0.822828 0.740775 0.623928 0.486916 0.351003 0.234021 0.145174 0.084998 
0.066660 0.038100 0.022463 0.014143 0.009916 0.009911 0.019485 0.051111 0.122423 0.246981 0.421536 0.620901 0.807407 0.948017 1.025995 1.042883 1.015372 0.968715 0.924609 0.888445 0.847254 0.781802 0.682351 0.555422 0.418960 0.292512 0.189598 0.115086 
0.090873 0.052380 0.030282 0.018303 0.012030 0.009914 0.014698 0.035298 0.086767 0.184702 0.334259 0.521219 0.714154 0.877712 0.987006 1.034439 1.029128 0.992044 0.946662 0.906527 0.867849 0.814528 0.732077 0.618887 0.487191 0.355736 0.241055 0.152342 
0.121608 0.071627 0.041331 0.024293 0.015166 0.010972 0.012306 0.024998 0.061033 0.135734 0.259480 0.427739 0.617686 0.795933 0.932359 1.010723 1.031783 1.010586 0.969353 0.926595 0.887188 0.841189 0.773302 0.675482 0.553039 0.421464 0.298395 0.196698 
0.159153 0.096617 0.056479 0.032812 0.019730 0.013069 0.011639 0.018652 0.043015 0.098384 0.197607 0.343609 0.522712 0.706810 0.864146 0.971541 1.021253 1.021185 0.989969 0.947974 0.906891 0.864188 0.807245 0.724392 0.614260 0.487251 0.359929 0.247547 
0.203350 0.127885 0.076548 0.044645 0.026271 0.016399 0.012354 0.015146 0.030834 0.070699 0.147995 0.270608 0.433161 0.614761 0.785478 0.917843 0.996397 1.021219 1.005577 0.968972 0.927433 0.885540 0.835717 0.765819 0.669326 0.550756 0.423590 0.303738 
0.253544 0.165618 0.102217 0.060597 0.035458 0.021335 0.014377 0.013750 0.022990 0.050767 0.109347 0.209302 0.351885 0.523961 0.700119 0.851660 0.957120 1.008808 1.013398 0.987274 0.948202 0.906486 0.860628 0.800768 0.717572 0.610041 0.487173 0.363664 
0.308604 0.209581 0.133917 0.081407 0.048027 0.028396 0.017856 0.014063 0.018370 0.036878 0.080057 0.159325 0.280593 0.437923 0.612040 0.775890 0.904390 0.982964 1.011103 1.000336 0.967738 0.927344 0.883557 0.830698 0.759170 0.663807 0.548607 0.425419 
0.367011 0.259092 0.171749 0.107662 0.064717 0.038212 0.023126 0.015960 0.016216 0.027624 0.058468 0.119691 0.219959 0.359258 0.524981 0.693965 0.840140 0.943677 0.997033 1.005719 0.984037 0.947541 0.905451 0.857128 0.794934 0.711488 0.606207 0.487013 
0.427012 0.313052 0.215421 0.139705 0.086189 0.051464 0.030669 0.019543 0.016088 0.021920 0.043046 0.089079 0.169825 0.289609 0.442120 0.609473 0.767053 0.891909 0.970355 1.001376 0.994878 0.965789 0.926496 0.881289 0.826031 0.753211 0.658848 0.546610 
0.486811 0.370032 0.264236 0.177563 0.112947 0.068827 0.041067 0.025106 0.017815 0.019004 0.032483 0.066062 0.129452 0.229717 0.365864 0.525797 0.688263 0.829481 0.931132 0.985866 0.998127 0.980334 0.946143 0.903893 0.853660 0.789621 0.706029 0.602729 
0.544770 0.428422 0.317134 0.220900 0.145255 0.090887 0.054947 0.033086 0.021461 0.018410 0.025744 0.049273 0.097757 0.179584 0.297790 0.445830 0.607030 0.758872 0.880306 0.958499 0.991997 0.989231 0.963238 0.925018 0.878776 0.821641 0.747825 0.654379 
