0.007301 0.002603 0.000588 0.000308 0.001106 0.504230 1.013885 1.037697 1.086644 1.173550 1.308177 0.988300 0.690758 0.870868 0.976396 0.971699 0.857053 0.669092 0.461898 0.282267 0.154442 0.079591 0.044750 0.032993 0.030140 0.027509 0.021973 0.014403 
0.010852 0.004952 0.001596 0.000448 0.000707 0.252668 0.759058 1.025791 1.062170 1.130097 1.240863 1.148238 0.839529 0.780813 0.923632 0.974047 0.914376 0.763073 0.565495 0.372082 0.218354 0.117017 0.062170 0.038872 0.031567 0.028824 0.024741 0.018188 
0.014520 0.007902 0.003274 0.001022 0.000578 0.126688 0.505863 0.892424 1.043981 1.096134 1.185480 1.194551 0.993884 0.810171 0.852222 0.948840 0.944212 0.838724 0.664284 0.468789 0.295218 0.167685 0.089594 0.050521 0.035219 0.030196 0.026783 0.021465 
0.017992 0.011211 0.005588 0.002148 0.000800 0.063633 0.316275 0.699144 0.968203 1.070057 1.140807 1.190016 1.094217 0.902027 0.831197 0.900531 0.946526 0.891468 0.751504 0.566536 0.382003 0.231452 0.128639 0.070057 0.042870 0.032707 0.028489 0.024124 
0.021058 0.014602 0.008399 0.003868 0.001474 0.032216 0.189954 0.507709 0.833673 1.019130 1.105432 1.165411 1.142116 0.998122 0.866612 0.865864 0.923528 0.918997 0.821486 0.659020 0.474270 0.306728 0.180046 0.099348 0.056464 0.037789 0.030598 0.026306 
0.023682 0.017830 0.011501 0.006134 0.002671 0.016845 0.111085 0.348832 0.670691 0.926401 1.062281 1.135422 1.153764 1.070119 0.932367 0.866238 0.894696 0.921263 0.870241 0.740253 0.566645 0.390499 0.243387 0.139697 0.077906 0.047126 0.034194 0.028452 
0.026067 0.020756 0.014665 0.008817 0.004402 0.009758 0.063965 0.229958 0.509762 0.798546 0.994341 1.098851 1.144593 1.111942 1.001243 0.899302 0.880467 0.907979 0.895752 0.805247 0.653449 0.478572 0.316943 0.191542 0.108802 0.062516 0.040660 0.031323 
0.028695 0.023412 0.017711 0.011741 0.006610 0.007080 0.036861 0.146962 0.369860 0.654154 0.896444 1.046596 1.121722 1.128267 1.056592 0.950273 0.889885 0.894223 0.901866 0.850500 0.729348 0.566010 0.397757 0.254242 0.150172 0.085659 0.051588 0.035991 
0.032343 0.026053 0.020561 0.014726 0.009175 0.006845 0.021971 0.091912 0.258411 0.512007 0.775299 0.971520 1.084159 1.124995 1.092430 1.003433 0.920079 0.892054 0.898044 0.876183 0.789924 0.647679 0.481884 0.326000 0.202207 0.117915 0.068623 0.043790 
0.038066 0.029198 0.023307 0.017643 0.011951 0.008010 0.014408 0.056941 0.175161 0.385209 0.643653 0.873409 1.027840 1.104577 1.108712 1.047931 0.961756 0.906066 0.895049 0.887114 0.833053 0.718802 0.564782 0.403942 0.264103 0.160061 0.093269 0.056207 
0.047137 0.033632 0.026253 0.020475 0.014797 0.009980 0.011209 0.035675 0.116051 0.280185 0.514431 0.758531 0.950625 1.066208 1.106645 1.078322 1.004843 0.933911 0.900558 0.891081 0.860083 0.775927 0.641792 0.484362 0.334023 0.212082 0.126665 0.074738 
0.060937 0.040384 0.029943 0.023364 0.017636 0.012389 0.010595 0.023442 0.075863 0.198118 0.397308 0.636481 0.854578 1.008416 1.086426 1.092483 1.041583 0.969377 0.917234 0.895820 0.875582 0.818005 0.708859 0.563077 0.409192 0.273052 0.169374 0.100702 
0.080819 0.050661 0.035164 0.026653 0.020500 0.015012 0.011492 0.017018 0.049652 0.136990 0.297713 0.516895 0.745529 0.931497 1.047421 1.089455 1.067033 1.005480 0.943306 0.906527 0.885701 0.846794 0.763432 0.635968 0.486134 0.341122 0.221213 0.135038 
0.107929 0.065740 0.042912 0.030908 0.023577 0.017756 0.013252 0.014255 0.033335 0.093321 0.217352 0.407304 0.631212 0.838513 0.989459 1.068438 1.078244 1.036256 0.974393 0.924916 0.896114 0.866247 0.805113 0.699700 0.561051 0.413628 0.281168 0.178125 
0.143027 0.086834 0.054326 0.036910 0.027243 0.020667 0.015504 0.013754 0.023795 0.063328 0.155337 0.312328 0.519258 0.734863 0.913986 1.028949 1.073341 1.057250 1.005325 0.949655 0.910515 0.881181 0.835680 0.752407 0.630376 0.487340 0.347398 0.229646 
0.186337 0.114931 0.070580 0.045618 0.032076 0.023955 0.018085 0.014629 0.018774 0.043562 0.109332 0.233832 0.415793 0.627060 0.824424 0.971467 1.051145 1.065296 1.031287 0.977490 0.930085 0.895848 0.858430 0.794043 0.691391 0.558858 0.417369 0.288522 
0.237429 0.150634 0.092755 0.058099 0.038847 0.028015 0.021020 0.016357 0.016702 0.031168 0.076447 0.171582 0.324813 0.521427 0.725742 0.897946 1.011306 1.058220 1.048291 1.004388 0.953787 0.912966 0.877139 0.826237 0.742717 0.625124 0.488113 0.352946 
0.295188 0.194032 0.121695 0.075427 0.048473 0.033431 0.024518 0.018689 0.016529 0.023935 0.053808 0.124015 0.248197 0.423120 0.623584 0.811844 0.954626 1.034763 1.053256 1.026340 0.979088 0.933377 0.895053 0.851688 0.784477 0.683921 0.556619 0.420529 
0.357858 0.244610 0.157863 0.098561 0.061950 0.040952 0.028975 0.021603 0.017609 0.020232 0.038871 0.088911 0.186106 0.335658 0.523352 0.717714 0.883235 0.994695 1.044009 1.039798 1.002714 0.956232 0.914215 0.873370 0.818083 0.734199 0.620270 0.488574 
0.423216 0.301234 0.201236 0.128212 0.080256 0.051451 0.034963 0.025289 0.019606 0.018920 0.029552 0.063891 0.137509 0.260882 0.429505 0.620533 0.800475 0.938965 1.019352 1.041904 1.021256 0.979473 0.935224 0.893793 0.845727 0.776141 0.677234 0.554422 
0.488819 0.362225 0.251235 0.164724 0.104234 0.065853 0.043207 0.030126 0.022447 0.019263 0.024236 0.046721 0.100700 0.199195 0.345194 0.525019 0.710504 0.869720 0.979158 1.030628 1.031580 1.000365 0.957348 0.914508 0.869760 0.810934 0.726688 0.615828 
0.552324 0.425522 0.306730 0.207980 0.134479 0.085044 0.054530 0.036667 0.026287 0.020855 0.021750 0.035479 0.073711 0.149948 0.272195 0.435106 0.617762 0.790112 0.924439 1.004893 1.031104 1.015972 0.978856 0.935928 0.892134 0.840347 0.768811 0.671258 
0.611791 0.488923 0.366126 0.257355 0.171229 0.109761 0.069787 0.045599 0.031477 0.023571 0.021302 0.028614 0.054595 0.111829 0.211071 0.353651 0.526434 0.703937 0.857275 0.964666 1.017998 1.023538 0.997414 0.957392 0.914031 0.866240 0.804579 0.720034 
0.665913 0.550357 0.427525 0.311741 0.214292 0.140495 0.089774 0.057693 0.038538 0.027524 0.022437 0.024958 0.041604 0.083212 0.161450 0.282361 0.440042 0.615185 0.780606 0.910971 0.991332 1.020768 1.010476 0.977403 0.935712 0.890136 0.835409 0.762306 
0.714110 0.608135 0.488941 0.369633 0.263016 0.177394 0.115135 0.073733 0.048115 0.033031 0.024980 0.023698 0.033281 0.062408 0.122331 0.221905 0.361202 0.527614 0.697896 0.845788 0.951152 1.006050 1.015622 0.993940 0.956557 0.912924 0.862773 0.798858 
0.756484 0.661122 0.548538 0.429287 0.316324 0.220205 0.146264 0.094434 0.060924 0.040573 0.029006 0.024339 0.028489 0.047845 0.092370 0.172118 0.291554 0.444408 0.612755 0.771842 0.898470 0.978601 1.010836 1.004781 0.975249 0.934741 0.887848 0.830815 
0.793649 0.708803 0.604830 0.488912 0.372806 0.268265 0.183235 0.120349 0.077679 0.050749 0.034789 0.026672 0.026414 0.038167 0.070107 0.132244 0.231836 0.367981 0.528581 0.692298 0.835156 0.938535 0.994719 1.007809 0.990015 0.954995 0.911294 0.859332 
0.826491 0.751226 0.656816 0.546871 0.430859 0.320535 0.225750 0.151792 0.099014 0.064214 0.042769 0.030731 0.026543 0.032291 0.054137 0.101176 0.182040 0.299908 0.448281 0.610440 0.763727 0.886846 0.966627 1.001264 0.998912 0.972505 0.933144 0.885313 
