0.004758 0.011681 0.030433 0.072328 0.652237 1.283644 1.467218 1.679595 1.872469 1.988530 1.488530 0.872469 0.679595 0.467218 0.283644 0.152237 0.072328 0.030433 0.011681 0.005607 0.006427 0.010810 0.016004 0.019435 0.019425 0.015943 0.010536 0.005355 
0.005056 0.008219 0.021057 0.051381 0.362283 0.967941 1.375431 1.573407 1.776032 1.930500 1.738530 1.180500 0.776032 0.573407 0.375431 0.217941 0.112283 0.051381 0.021057 0.008644 0.006017 0.008619 0.013407 0.017720 0.019430 0.017684 0.013240 0.007946 
0.006501 0.006638 0.014638 0.036219 0.206832 0.665112 1.171686 1.474419 1.674719 1.853266 1.834515 1.459515 0.978266 0.674719 0.474419 0.296686 0.165112 0.081832 0.036219 0.014851 0.007331 0.007318 0.011013 0.015563 0.018575 0.018557 0.015462 0.010593 
0.008547 0.006569 0.010638 0.025429 0.121525 0.435972 0.918399 1.323052 1.574569 1.763992 1.843890 1.647015 1.218890 0.826492 0.574569 0.385552 0.230899 0.123472 0.059025 0.025535 0.011091 0.007324 0.009165 0.013288 0.017069 0.018566 0.017009 0.013027 
0.010787 0.007558 0.008604 0.018033 0.073477 0.278749 0.677185 1.120726 1.448811 1.669281 1.803941 1.745453 1.432953 1.022691 0.700531 0.480061 0.308226 0.177185 0.091249 0.042280 0.018313 0.009207 0.008245 0.011227 0.015179 0.017817 0.017788 0.015018 
0.012903 0.009172 0.008081 0.013318 0.045755 0.176113 0.477967 0.898955 1.284768 1.559046 1.736611 1.774697 1.589203 1.227822 0.861611 0.590296 0.394143 0.242705 0.134217 0.066764 0.030296 0.013760 0.008726 0.009736 0.013203 0.016498 0.017802 0.016403 
0.014653 0.011038 0.008627 0.010700 0.029537 0.110934 0.327040 0.688461 1.091862 1.421907 1.647828 1.755654 1.681950 1.408512 1.044717 0.725953 0.492219 0.318424 0.188461 0.100491 0.048530 0.022028 0.011243 0.009231 0.011469 0.014850 0.017150 0.017103 
0.015878 0.012845 0.009832 0.009663 0.020118 0.070235 0.218987 0.507750 0.890161 1.256884 1.534868 1.701741 1.718802 1.545231 1.226614 0.885335 0.609086 0.405322 0.253443 0.144476 0.074510 0.035279 0.016636 0.010237 0.010350 0.013160 0.016000 0.017126 
0.016502 0.014361 0.011339 0.009748 0.014891 0.045177 0.144611 0.363369 0.698956 1.073523 1.395876 1.618304 1.710272 1.632017 1.385923 1.055975 0.747211 0.507204 0.329382 0.198959 0.109493 0.054895 0.025957 0.013436 0.010294 0.011755 0.014580 0.016563 
0.016533 0.015432 0.012850 0.010543 0.012319 0.030034 0.094894 0.253990 0.531162 0.886239 1.234699 1.507090 1.664288 1.671144 1.508970 1.220949 0.901593 0.627207 0.418293 0.264171 0.154226 0.082194 0.040426 0.019697 0.011865 0.011024 0.013168 0.015572 
0.016052 0.015982 0.014141 0.011697 0.011431 0.021176 0.062464 0.174442 0.392576 0.708701 1.060469 1.370895 1.585689 1.667716 1.590057 1.364959 1.061271 0.764400 0.522750 0.341232 0.209199 0.118210 0.061310 0.030062 0.015781 0.011445 0.012096 0.014370 
0.015211 0.016017 0.015062 0.012919 0.011564 0.016304 0.041820 0.118453 0.283509 0.550638 0.884585 1.215682 1.478292 1.626703 1.628886 1.477508 1.213115 0.912835 0.643575 0.431991 0.275215 0.163704 0.089760 0.045686 0.022921 0.013613 0.011770 0.013233 
0.014222 0.015614 0.015539 0.013990 0.012241 0.013934 0.029062 0.080137 0.200981 0.417074 0.717612 1.050134 1.346987 1.552497 1.627795 1.553197 1.345312 1.062975 0.778205 0.537783 0.353603 0.219460 0.126732 0.067723 0.034304 0.018267 0.012692 0.012502 
0.013362 0.014918 0.015577 0.014765 0.013116 0.013088 0.021498 0.054599 0.140559 0.309027 0.567343 0.883873 1.198560 1.449742 1.590146 1.590496 1.449254 1.204143 0.920590 0.657994 0.445693 0.286531 0.173096 0.097228 0.051013 0.026285 0.015479 0.012597 
0.012979 0.014140 0.015247 0.015171 0.013940 0.013102 0.017293 0.038049 0.097579 0.224793 0.438185 0.725608 1.041217 1.324151 1.519944 1.590321 1.519875 1.326699 1.062367 0.789292 0.551844 0.366112 0.229814 0.135162 0.074120 0.038649 0.020882 0.014038 
0.013509 0.013559 0.014694 0.015209 0.014555 0.013521 0.015197 0.027671 0.067814 0.161186 0.331489 0.581896 0.883412 1.182684 1.422048 1.555132 1.555098 1.423287 1.194533 0.925830 0.670568 0.458978 0.297963 0.182488 0.104641 0.056385 0.029766 0.017460 
0.015484 0.013534 0.014127 0.014951 0.014882 0.014038 0.014359 0.021434 0.047742 0.114500 0.246338 0.456693 0.732654 1.033048 1.302366 1.488590 1.555115 1.489193 1.308910 1.060181 0.798199 0.564773 0.378471 0.240225 0.143564 0.080513 0.043075 0.023613 
0.019549 0.014509 0.013830 0.014539 0.014917 0.014460 0.014199 0.017896 0.034588 0.081121 0.180419 0.351515 0.594674 0.882851 1.167707 1.395478 1.521853 1.522154 1.399051 1.184546 0.929190 0.681486 0.471622 0.309348 0.191895 0.112039 0.061794 0.033344 
0.026446 0.017029 0.014170 0.014185 0.014728 0.014689 0.014329 0.016048 0.026242 0.057855 0.130770 0.265967 0.473094 0.738762 1.025279 1.281592 1.458665 1.522003 1.460603 1.291798 1.056868 0.805338 0.576554 0.390485 0.250621 0.151967 0.086916 0.047569 
0.037008 0.021738 0.015599 0.014177 0.014456 0.014708 0.014509 0.015188 0.021145 0.042048 0.094312 0.198368 0.369531 0.605928 0.882021 1.153436 1.370129 1.490334 1.491303 1.376200 1.174333 0.931103 0.690946 0.483519 0.320553 0.201294 0.119442 0.067243 
0.052125 0.029373 0.018668 0.014888 0.014317 0.014582 0.014609 0.014849 0.018167 0.031597 0.068180 0.146340 0.283950 0.487729 0.743975 1.017728 1.261782 1.430232 1.490819 1.433752 1.275267 1.052718 0.811024 0.587233 0.402036 0.260924 0.160368 0.093342 
0.072734 0.040749 0.024021 0.016778 0.014602 0.014449 0.014595 0.014729 0.016508 0.024882 0.049888 0.107260 0.215145 0.385839 0.615852 0.880851 1.139755 1.346007 1.460525 1.462285 1.354509 1.163992 0.931871 0.699128 0.494634 0.331480 0.210646 0.126855 
0.099794 0.056741 0.032385 0.020399 0.015690 0.014526 0.014522 0.014662 0.015618 0.020695 0.037385 0.078574 0.161203 0.300492 0.500846 0.748352 1.010303 1.242881 1.403266 1.461405 1.408397 1.259251 1.047932 0.815500 0.596881 0.413057 0.271063 0.168750 
0.134272 0.078268 0.044563 0.026392 0.018045 0.015108 0.014524 0.014592 0.015140 0.018156 0.029040 0.057980 0.119889 0.230847 0.400669 0.624599 0.879327 1.126592 1.323074 1.432336 1.434901 1.333824 1.153591 0.931716 0.706191 0.504969 0.342060 0.219907 
0.177090 0.106270 0.061415 0.035478 0.022219 0.016577 0.014816 0.014558 0.014866 0.016648 0.023598 0.043510 0.088934 0.175368 0.315758 0.512634 0.751963 1.002960 1.224833 1.377705 1.433618 1.384363 1.243708 1.042654 0.818953 0.605580 0.423515 0.280983 
0.229036 0.141680 0.083843 0.048447 0.028848 0.019398 0.015696 0.014687 0.014712 0.015757 0.020123 0.033554 0.066222 0.132151 0.245563 0.414196 0.632298 0.877461 1.113896 1.301269 1.405661 1.408990 1.314035 1.143181 0.930803 0.712267 0.514547 0.352249 
0.290643 0.185358 0.112761 0.066145 0.038647 0.024123 0.017547 0.015192 0.014700 0.015235 0.017940 0.026839 0.049888 0.099187 0.188857 0.329880 0.523247 0.754880 0.995679 1.207583 1.353465 1.407326 1.361513 1.228608 1.036992 0.821535 0.613407 0.433398 
0.362020 0.238000 0.149060 0.089453 0.052396 0.031385 0.020835 0.016369 0.014946 0.014967 0.016587 0.022389 0.038363 0.074537 0.144022 0.259368 0.426563 0.639064 0.875279 1.101631 1.280524 1.380396 1.384419 1.295060 1.132800 0.929263 0.717471 0.523403 
