0.070986 0.162346 0.285471 0.462621 0.669107 0.856576 0.969866 0.972839 0.867022 1.189710 1.493111 1.319809 1.189919 1.103550 1.051060 0.521789 0.007435 0.001830 0.000323 0.000111 0.000770 0.003733 0.010495 0.020651 0.031247 0.038068 0.038068 0.031247 
0.051116 0.116666 0.223909 0.374046 0.565864 0.762841 0.913221 0.971352 0.919930 1.028366 1.341410 1.406460 1.254864 1.146735 1.077305 0.786425 0.264612 0.004633 0.001077 0.000217 0.000440 0.002252 0.007114 0.015573 0.025949 0.034658 0.038068 0.034658 
0.042887 0.083891 0.170287 0.298978 0.469955 0.664353 0.838031 0.942286 0.945641 0.974148 1.184888 1.373935 1.330662 1.200799 1.112020 0.931865 0.525518 0.134622 0.002855 0.000647 0.000329 0.001346 0.004683 0.011344 0.020761 0.030303 0.036363 0.036363 
0.039625 0.063389 0.127089 0.234632 0.384467 0.567154 0.751192 0.890159 0.943964 0.959895 1.079518 1.279411 1.352298 1.265731 1.156410 1.021942 0.728692 0.330070 0.068738 0.001751 0.000488 0.000837 0.003015 0.008013 0.016053 0.025532 0.033333 0.036363 
0.037994 0.051507 0.095239 0.180861 0.309549 0.475810 0.659173 0.820675 0.917061 0.951929 1.019706 1.179465 1.315855 1.309014 1.211070 1.089176 0.875317 0.529381 0.199404 0.035245 0.001119 0.000663 0.001926 0.005514 0.012033 0.020793 0.029433 0.034848 
0.036421 0.044751 0.073373 0.138050 0.245205 0.392680 0.567492 0.739924 0.868868 0.934495 0.985818 1.099586 1.247660 1.312435 1.260042 1.150123 0.982246 0.702349 0.364393 0.117324 0.018182 0.000891 0.001294 0.003720 0.008774 0.016413 0.025113 0.032140 
0.034281 0.040586 0.059062 0.105712 0.191628 0.318943 0.480086 0.653708 0.804396 0.901682 0.960157 1.042702 1.173623 1.280047 1.286238 1.205083 1.066185 0.842298 0.533371 0.240859 0.067753 0.009536 0.001093 0.002507 0.006247 0.012593 0.020763 0.028627 
0.031454 0.037433 0.049824 0.082387 0.148670 0.255285 0.399514 0.566897 0.729052 0.853039 0.930919 1.001429 1.108162 1.226835 1.283143 1.245661 1.135634 0.954241 0.687834 0.387115 0.154306 0.038645 0.005314 0.001800 0.004377 0.009420 0.016678 0.024695 
0.028074 0.034444 0.043629 0.066105 0.115528 0.201977 0.327400 0.483206 0.647975 0.791046 0.891979 0.966174 1.054796 1.167499 1.254989 1.264402 1.190647 1.044937 0.821038 0.537474 0.270710 0.096475 0.021980 0.003557 0.003088 0.006898 0.013049 0.020686 
0.024380 0.031259 0.039036 0.054867 0.090817 0.158753 0.264688 0.405303 0.565590 0.719510 0.841512 0.929077 1.010485 1.111147 1.211244 1.259695 1.227524 1.117792 0.932988 0.679256 0.404092 0.183593 0.059227 0.012768 0.003323 0.004993 0.009974 0.016868 
0.020624 0.027820 0.035147 0.046951 0.072842 0.124785 0.211721 0.334996 0.485446 0.642550 0.780511 0.885294 0.969781 1.060816 1.161195 1.235470 1.243610 1.172658 1.025390 0.806122 0.541674 0.293843 0.121410 0.035998 0.008046 0.004158 0.007484 0.013421 
0.017022 0.024222 0.031483 0.041049 0.059897 0.098813 0.168253 0.273358 0.410221 0.563998 0.711531 0.832903 0.927538 1.015298 1.111006 1.198332 1.239540 1.208134 1.099024 0.915756 0.673898 0.417758 0.207626 0.078704 0.022022 0.006102 0.005821 0.010452 
0.013737 0.020622 0.027853 0.036266 0.050473 0.079355 0.133533 0.220805 0.341789 0.487110 0.637764 0.772217 0.880220 0.971418 1.063152 1.154669 1.218936 1.223837 1.153579 1.007390 0.794827 0.545828 0.312692 0.143165 0.050363 0.014062 0.005961 0.008136 
0.010937 0.017180 0.024237 0.032060 0.043370 0.064914 0.106444 0.177169 0.281297 0.414450 0.562437 0.704991 0.826218 0.925819 1.017285 1.108911 1.186803 1.221386 1.188708 1.080485 0.901108 0.670328 0.429260 0.227929 0.096764 0.032212 0.010012 0.007049 
0.008993 0.014058 0.020708 0.028148 0.037715 0.054142 0.085679 0.141807 0.229233 0.347873 0.488443 0.633714 0.765605 0.876019 0.971552 1.063098 1.147857 1.204095 1.205047 1.134596 0.990796 0.785718 0.549794 0.328595 0.162346 0.064488 0.021112 0.008530 
0.008762 0.011526 0.017383 0.024428 0.032932 0.045928 0.069910 0.113743 0.185520 0.288553 0.418158 0.561079 0.699659 0.820812 0.923785 1.017325 1.105477 1.175976 1.204571 1.169822 1.062696 0.888257 0.667756 0.439194 0.245470 0.113417 0.042800 0.014821 
0.011791 0.010144 0.014454 0.020906 0.028680 0.039430 0.057919 0.091827 0.149631 0.237037 0.353356 0.489618 0.630369 0.760235 0.872299 0.970555 1.061401 1.140726 1.190273 1.187196 1.116259 0.975477 0.778007 0.553475 0.342332 0.179444 0.078109 0.028811 
0.020301 0.010967 0.012299 0.017680 0.024793 0.034055 0.048675 0.074873 0.120729 0.193334 0.295196 0.421487 0.559994 0.695302 0.816267 0.921427 1.015978 1.101064 1.165500 1.188735 1.151728 1.045868 0.876742 0.665741 0.447904 0.260888 0.128776 0.053460 
0.036880 0.015634 0.011633 0.014990 0.021237 0.029424 0.041365 0.061774 0.097801 0.157031 0.244265 0.358342 0.490740 0.627648 0.755785 0.868847 0.968702 1.058521 1.133282 1.177117 1.170231 1.098798 0.961305 0.771241 0.556822 0.354396 0.194832 0.091118 
0.063999 0.026257 0.013634 0.013311 0.018113 0.025330 0.035394 0.051569 0.079787 0.127416 0.200648 0.301303 0.424541 0.559194 0.691716 0.812316 0.918775 1.013612 1.095901 1.155200 1.173674 1.134515 1.030051 0.866273 0.664032 0.455609 0.274614 0.142975 
0.103487 0.045128 0.019945 0.013473 0.015712 0.021722 0.030362 0.043482 0.065678 0.103602 0.164032 0.250976 0.362922 0.491868 0.625455 0.752016 0.865545 0.966193 1.054757 1.125550 1.164437 1.154094 1.082283 0.948162 0.765152 0.559820 0.365112 0.208795 
0.156141 0.074308 0.032537 0.016709 0.014592 0.018717 0.026042 0.036922 0.054580 0.084640 0.133817 0.207504 0.306949 0.427395 0.558661 0.688736 0.808781 0.915869 1.010475 1.090153 1.144994 1.159266 1.118189 1.015223 0.856657 0.662486 0.462466 0.286953 
0.221547 0.115224 0.053422 0.024623 0.015651 0.016655 0.022379 0.031482 0.045751 0.069610 0.109229 0.170661 0.257227 0.367172 0.493028 0.623698 0.748758 0.862325 0.963172 1.050314 1.117574 1.152130 1.138727 1.066706 0.935940 0.759572 0.562476 0.374710 
0.298128 0.168386 0.084323 0.039023 0.020137 0.016153 0.019517 0.026931 0.038617 0.057681 0.089419 0.139945 0.213944 0.312199 0.430100 0.558363 0.686228 0.805541 0.912748 1.006743 1.083944 1.134852 1.145428 1.102716 1.001323 0.847756 0.661024 0.468593 
0.383361 0.233257 0.126354 0.061673 0.029580 0.018145 0.017835 0.023224 0.032774 0.048149 0.073550 0.114682 0.176944 0.263071 0.371150 0.494232 0.622296 0.745885 0.859145 0.959746 1.045343 1.109398 1.140140 1.124072 1.052020 0.924539 0.754390 0.564808 
0.474085 0.308309 0.179806 0.094014 0.045626 0.023862 0.017990 0.020529 0.027999 0.040461 0.060849 0.094116 0.145813 0.220008 0.317111 0.432691 0.558264 0.684090 0.802515 0.909445 1.002545 1.077371 1.124769 1.132106 1.088046 0.988279 0.839465 0.659599 
0.566842 0.391197 0.244057 0.136910 0.069820 0.034744 0.020926 0.019260 0.024264 0.034230 0.050655 0.077483 0.119964 0.182910 0.268559 0.374901 0.495477 0.621177 0.743303 0.855980 0.955995 1.039958 1.101070 1.128438 1.110076 1.038163 0.913872 0.749532 
0.658187 0.479019 0.317627 0.190483 0.103365 0.052282 0.027835 0.020093 0.021762 0.029247 0.042443 0.064069 0.098724 0.151437 0.225735 0.321730 0.435189 0.558327 0.682240 0.799641 0.905988 0.997976 1.070514 1.114754 1.119257 1.074119 0.976017 0.831702 
