0.000296 0.000019 0.000019 0.000296 0.001457 0.504100 1.008067 1.012206 1.014870 1.014870 1.012206 0.508067 0.004100 0.001457 0.000296 0.000019 0.000019 0.000296 0.001457 0.004100 0.008067 0.012206 0.014870 0.014870 0.012206 0.008067 0.004100 0.001457 
0.000877 0.000158 0.000019 0.000158 0.000877 0.252779 0.756083 1.010136 1.013538 1.014870 1.013538 0.760136 0.256083 0.002779 0.000877 0.000158 0.000019 0.000158 0.000877 0.002779 0.006083 0.010136 0.013538 0.014870 0.013538 0.010136 0.006083 0.002779 
0.001828 0.000517 0.000088 0.000088 0.000517 0.126828 0.504431 0.883110 1.011837 1.014204 1.014204 0.886837 0.508110 0.129431 0.001828 0.000517 0.000088 0.000088 0.000517 0.001828 0.004431 0.008110 0.011837 0.014204 0.014204 0.011837 0.008110 0.004431 
0.003129 0.001172 0.000303 0.000088 0.000303 0.063672 0.315629 0.693770 0.947474 1.013021 1.014204 0.950521 0.697474 0.318770 0.065629 0.001172 0.000303 0.000088 0.000303 0.001172 0.003129 0.006270 0.009974 0.013021 0.014204 0.013021 0.009974 0.006270 
0.004700 0.002151 0.000738 0.000196 0.000196 0.031988 0.189651 0.504700 0.820622 0.980247 1.013613 0.982363 0.823997 0.508122 0.192200 0.033401 0.000738 0.000196 0.000196 0.000738 0.002151 0.004700 0.008122 0.011497 0.013613 0.013613 0.011497 0.008122 
0.006411 0.003425 0.001444 0.000467 0.000196 0.016092 0.110819 0.347175 0.662661 0.900435 0.996930 0.997988 0.903180 0.666060 0.350161 0.112800 0.017069 0.000467 0.000196 0.000467 0.001444 0.003425 0.006411 0.009810 0.012555 0.013613 0.012555 0.009810 
0.008110 0.004918 0.002435 0.000955 0.000331 0.008144 0.063455 0.228997 0.504918 0.781548 0.948682 0.997459 0.950584 0.784620 0.508110 0.231481 0.064935 0.008768 0.000331 0.000331 0.000955 0.002435 0.004918 0.008110 0.011182 0.013084 0.013084 0.011182 
0.009646 0.006514 0.003676 0.001695 0.000643 0.004237 0.035799 0.146226 0.366958 0.643233 0.865115 0.973070 0.974021 0.867602 0.646365 0.369795 0.148208 0.036851 0.004549 0.000331 0.000643 0.001695 0.003676 0.006514 0.009646 0.012133 0.013084 0.012133 
0.010890 0.008080 0.005095 0.002686 0.001169 0.002440 0.020018 0.091013 0.256592 0.505095 0.754174 0.919093 0.973546 0.920811 0.756983 0.508080 0.259002 0.092530 0.020700 0.002440 0.000487 0.001169 0.002686 0.005095 0.008080 0.010890 0.012608 0.012608 
0.011749 0.009485 0.006588 0.003891 0.001927 0.001805 0.011229 0.055516 0.173802 0.380844 0.629635 0.836633 0.946319 0.947179 0.838897 0.632532 0.383541 0.175766 0.056615 0.011570 0.001464 0.000828 0.001927 0.003891 0.006588 0.009485 0.011749 0.012608 
0.012179 0.010617 0.008036 0.005239 0.002909 0.001866 0.006517 0.033373 0.114659 0.277323 0.505239 0.733134 0.891476 0.946749 0.893038 0.735715 0.508036 0.279653 0.116190 0.034093 0.006517 0.001146 0.001378 0.002909 0.005239 0.008036 0.010617 0.012179 
0.012179 0.011398 0.009327 0.006638 0.004074 0.002388 0.004192 0.019945 0.074016 0.195991 0.391281 0.619187 0.812305 0.919113 0.919894 0.814376 0.621875 0.393845 0.197922 0.075141 0.020305 0.003831 0.001262 0.002143 0.004074 0.006638 0.009327 0.011398 
0.011788 0.011788 0.010362 0.007982 0.005356 0.003231 0.003290 0.012068 0.046980 0.135003 0.293636 0.505234 0.715746 0.865709 0.919503 0.867135 0.718126 0.507860 0.295883 0.136532 0.047723 0.012068 0.002547 0.001703 0.003109 0.005356 0.007982 0.010362 
0.011075 0.011788 0.011075 0.009172 0.006669 0.004293 0.003260 0.007679 0.029524 0.090992 0.214320 0.399435 0.610490 0.790727 0.892606 0.893319 0.792630 0.612993 0.401872 0.216207 0.092127 0.029896 0.007307 0.002125 0.002406 0.004232 0.006669 0.009172 
0.010124 0.011432 0.011432 0.010124 0.007921 0.005481 0.003777 0.005470 0.018602 0.060258 0.152656 0.306877 0.504962 0.700609 0.841667 0.892962 0.842975 0.702812 0.507432 0.309040 0.154167 0.061012 0.018602 0.004716 0.002265 0.003319 0.005451 0.007921 
0.009022 0.010778 0.011432 0.010778 0.009022 0.006701 0.004629 0.004623 0.012036 0.039430 0.106457 0.229767 0.405920 0.602786 0.771138 0.867315 0.867969 0.772893 0.605122 0.408236 0.231603 0.107589 0.039807 0.011659 0.003491 0.002792 0.004385 0.006686 
0.007854 0.009900 0.011105 0.011105 0.009900 0.007862 0.005665 0.004626 0.008329 0.025733 0.072943 0.168112 0.317843 0.504353 0.686962 0.819226 0.867642 0.820431 0.689008 0.506679 0.319920 0.169596 0.073698 0.025733 0.007575 0.003141 0.003588 0.005535 
0.006695 0.008877 0.010502 0.011105 0.010502 0.008881 0.006763 0.005146 0.006478 0.017031 0.049338 0.120528 0.242978 0.411098 0.595657 0.753094 0.843434 0.844036 0.754719 0.597843 0.413299 0.244758 0.121647 0.049715 0.016654 0.005358 0.003365 0.004562 
0.005628 0.007786 0.009690 0.010804 0.010804 0.009692 0.007822 0.005954 0.005812 0.011754 0.033185 0.084933 0.181753 0.327038 0.503378 0.674376 0.798264 0.843735 0.799378 0.676281 0.505571 0.329029 0.183203 0.085681 0.033185 0.011006 0.004361 0.003963 
0.004796 0.006707 0.008738 0.010247 0.010804 0.010248 0.008757 0.006888 0.005883 0.008783 0.022469 0.059059 0.133343 0.254395 0.415208 0.588877 0.736320 0.820999 0.821556 0.737830 0.590926 0.417300 0.256116 0.134442 0.059433 0.022095 0.007684 0.004162 
0.004479 0.005751 0.007722 0.009492 0.010525 0.010526 0.009502 0.007822 0.006386 0.007333 0.015626 0.040764 0.096201 0.193869 0.334801 0.502042 0.662598 0.778660 0.821278 0.779693 0.664378 0.504113 0.336708 0.195279 0.096937 0.040764 0.014889 0.005923 
0.005201 0.005115 0.006737 0.008607 0.010009 0.010525 0.010014 0.008662 0.007104 0.006859 0.011480 0.028195 0.068482 0.145035 0.264335 0.418422 0.582320 0.720629 0.799969 0.800485 0.722035 0.584246 0.420411 0.265993 0.146108 0.068851 0.027827 0.010406 
0.007804 0.005158 0.005926 0.007672 0.009308 0.010267 0.010270 0.009338 0.007883 0.006982 0.009169 0.019837 0.048339 0.106759 0.204685 0.341378 0.500371 0.651474 0.760299 0.800227 0.761260 0.653140 0.502328 0.343202 0.206051 0.107479 0.048339 0.019116 
0.013460 0.006481 0.005542 0.006799 0.008490 0.009787 0.010268 0.009804 0.008611 0.007432 0.008076 0.014503 0.034088 0.077549 0.155722 0.273032 0.420875 0.575923 0.705887 0.780263 0.780744 0.707200 0.577734 0.422765 0.274626 0.156765 0.077909 0.033728 
0.023594 0.009971 0.006012 0.006171 0.007645 0.009139 0.010028 0.010036 0.009207 0.008022 0.007754 0.011289 0.024296 0.055818 0.116635 0.214377 0.346953 0.498399 0.640905 0.743075 0.780503 0.743972 0.642467 0.500250 0.348696 0.215696 0.117337 0.055818 
0.039706 0.016782 0.007991 0.006091 0.006908 0.008392 0.009583 0.010032 0.009622 0.008614 0.007888 0.009522 0.017793 0.040057 0.086227 0.165506 0.280665 0.422676 0.569652 0.691990 0.761789 0.762238 0.693220 0.571358 0.424473 0.282196 0.166516 0.086578 
0.063142 0.028244 0.012387 0.007041 0.006499 0.007650 0.008987 0.009808 0.009827 0.009118 0.008251 0.008705 0.013657 0.028925 0.063142 0.125866 0.223085 0.351670 0.496164 0.630821 0.726889 0.762013 0.727729 0.632289 0.497916 0.353334 0.224356 0.126547 
0.094844 0.045693 0.020315 0.009714 0.006770 0.007074 0.008319 0.009398 0.009817 0.009472 0.008685 0.008478 0.011181 0.021291 0.046033 0.094504 0.174476 0.287378 0.423917 0.563492 0.678855 0.744451 0.744871 0.680009 0.565102 0.425625 0.288845 0.175452 
