0.051678 0.043562 0.046807 0.578133 1.153035 1.281817 1.461940 1.670243 1.862356 1.485506 1.001376 0.905350 0.728540 0.521345 0.330564 0.184119 0.088702 0.036238 0.012478 0.003780 0.001149 0.001458 0.005892 0.016411 0.032270 0.048824 0.059482 0.059482 
0.055580 0.047620 0.045185 0.312470 0.865584 1.217426 1.371879 1.566091 1.766299 1.673931 1.243441 0.953363 0.816945 0.624943 0.425955 0.257341 0.136410 0.062470 0.024358 0.008129 0.002465 0.001303 0.003675 0.011151 0.024340 0.040547 0.054153 0.059482 
0.057531 0.051600 0.046402 0.178827 0.589027 1.041505 1.294652 1.468985 1.666195 1.720115 1.458686 1.098402 0.885154 0.720944 0.525449 0.341648 0.196876 0.099440 0.043414 0.016244 0.005297 0.001884 0.002489 0.007413 0.017746 0.032444 0.047350 0.056817 
0.057174 0.054565 0.049001 0.112615 0.383927 0.815266 1.168079 1.381819 1.567590 1.693155 1.589401 1.278544 0.991778 0.803049 0.623196 0.433548 0.269262 0.148158 0.071427 0.029829 0.010770 0.003591 0.002187 0.004951 0.012580 0.025095 0.039897 0.052084 
0.054629 0.055870 0.051783 0.080808 0.248271 0.599597 0.991672 1.274949 1.474704 1.630373 1.641278 1.433972 1.135161 0.897413 0.713123 0.528372 0.351405 0.208710 0.109792 0.050628 0.020300 0.007180 0.002889 0.003569 0.008765 0.018837 0.032496 0.045990 
0.050310 0.055249 0.053826 0.066295 0.164539 0.423934 0.795634 1.133310 1.374826 1.552539 1.635825 1.537625 1.284567 1.016287 0.805268 0.620748 0.439889 0.280057 0.159251 0.080210 0.035464 0.013740 0.005035 0.003229 0.006167 0.013801 0.025666 0.039243 
0.044776 0.052779 0.054538 0.060061 0.115417 0.294237 0.609784 0.964472 1.254068 1.463683 1.594182 1.586725 1.411096 1.150427 0.910778 0.713008 0.530318 0.359973 0.219654 0.119731 0.057837 0.024602 0.009387 0.004132 0.004698 0.009984 0.019734 0.032455 
0.038615 0.048778 0.053659 0.057299 0.087739 0.204827 0.452010 0.787128 1.109270 1.358876 1.528932 1.590454 1.498911 1.280762 1.030602 0.811893 0.621663 0.445146 0.289814 0.169692 0.088784 0.041220 0.016995 0.006759 0.004415 0.007341 0.014859 0.026094 
0.032355 0.043697 0.051218 0.055479 0.072519 0.146283 0.328419 0.619569 0.948199 1.234073 1.443904 1.559693 1.544682 1.389836 1.155682 0.921248 0.716778 0.533404 0.367480 0.229753 0.129238 0.065002 0.029107 0.011877 0.005587 0.005878 0.011100 0.020477 
0.026416 0.038026 0.047457 0.053349 0.063999 0.109401 0.237351 0.473994 0.783884 1.091136 1.338988 1.501798 1.552188 1.467259 1.272759 1.038465 0.819013 0.625091 0.450442 0.298616 0.179496 0.097120 0.047054 0.020492 0.008732 0.005733 0.008489 0.015788 
0.021102 0.032221 0.042742 0.050403 0.058674 0.086700 0.173376 0.355672 0.628939 0.937510 1.215062 1.420393 1.526993 1.509723 1.370009 1.155612 0.928739 0.722052 0.537766 0.374529 0.239056 0.138308 0.072087 0.033773 0.014612 0.007232 0.007111 0.012139 
0.016620 0.026661 0.037481 0.046572 0.054538 0.072687 0.130038 0.264524 0.492306 0.783225 1.076286 1.317728 1.473693 1.518358 1.439866 1.262810 1.042175 0.825395 0.629909 0.456148 0.306793 0.188682 0.105197 0.052930 0.024193 0.010922 0.007172 0.009625 
0.013123 0.021641 0.032071 0.042027 0.050555 0.063613 0.101363 0.197281 0.378415 0.637765 0.929755 1.197007 1.395711 1.496026 1.479112 1.351338 1.152493 0.933785 0.727652 0.543028 0.381470 0.247737 0.146940 0.079064 0.038561 0.017557 0.009047 0.008398 
0.010760 0.017382 0.026856 0.037049 0.046291 0.057084 0.082488 0.149322 0.287848 0.508090 0.783760 1.063381 1.296359 1.445868 1.487569 1.415225 1.251916 1.043139 0.830719 0.635340 0.462249 0.314604 0.197338 0.113002 0.058813 0.028059 0.013302 0.008722 
0.009741 0.014071 0.022119 0.031953 0.041670 0.051688 0.069786 0.115905 0.218585 0.397969 0.645925 0.923571 1.179870 1.371113 1.466719 1.451397 1.333570 1.147527 0.936929 0.733030 0.548795 0.388427 0.255971 0.155170 0.085907 0.043436 0.020681 0.011012 
0.010377 0.011906 0.018095 0.027036 0.036811 0.046679 0.060737 0.092845 0.167245 0.308277 0.521947 0.784748 1.051720 1.275492 1.418916 1.459058 1.392484 1.240549 1.042228 0.834979 0.640912 0.468611 0.322199 0.205571 0.120539 0.064672 0.032058 0.015847 
0.013112 0.011142 0.015001 0.022565 0.031924 0.041745 0.053708 0.076791 0.130045 0.237761 0.415112 0.653348 0.918234 1.163606 1.347204 1.438987 1.425771 1.316516 1.141389 0.938604 0.737946 0.554761 0.395405 0.263885 0.163055 0.092605 0.048365 0.023952 
0.018532 0.012127 0.013071 0.018783 0.027244 0.036834 0.047726 0.065249 0.103418 0.183903 0.326437 0.534230 0.785791 1.040920 1.255405 1.393095 1.432379 1.371144 1.228952 1.039996 0.838275 0.646354 0.475083 0.329645 0.213470 0.127830 0.070485 0.036159 
0.027345 0.015329 0.012599 0.015927 0.023014 0.032039 0.042280 0.056488 0.084334 0.143661 0.255170 0.430333 0.660010 0.913356 1.148163 1.324250 1.412737 1.401761 1.300048 1.134474 0.939135 0.742314 0.560718 0.402364 0.271557 0.170650 0.099157 0.053322 
0.040334 0.021337 0.013964 0.014263 0.019470 0.027527 0.037160 0.049384 0.070411 0.113997 0.199415 0.342751 0.545172 0.786683 1.030759 1.236206 1.368494 1.407249 1.350905 1.217261 1.036805 0.840725 0.651516 0.481541 0.336961 0.221103 0.134904 0.076240 
0.058287 0.030836 0.017651 0.014114 0.016867 0.023498 0.032343 0.043272 0.059897 0.092204 0.156706 0.271083 0.443962 0.665927 0.908721 1.133483 1.302350 1.387871 1.379077 1.284083 1.127033 0.938765 0.746121 0.566529 0.409251 0.279032 0.178004 0.105572 
0.081929 0.044561 0.024243 0.015882 0.015490 0.020183 0.027921 0.037808 0.051585 0.076051 0.124455 0.213895 0.357522 0.554944 0.787324 1.021102 1.217916 1.345111 1.383474 1.331580 1.205558 1.032899 0.842443 0.656325 0.487890 0.344141 0.228518 0.141788 
0.111858 0.063245 0.034402 0.020063 0.015686 0.017836 0.024052 0.032864 0.044696 0.063818 0.100253 0.169175 0.285709 0.456233 0.671134 0.904213 1.119509 1.281514 1.364292 1.357527 1.268569 1.119228 0.937671 0.749384 0.572107 0.416016 0.286330 0.185153 
0.148506 0.087552 0.048824 0.027232 0.017874 0.016761 0.020944 0.028458 0.038780 0.054257 0.082035 0.134714 0.227442 0.370971 0.563684 0.787674 1.011861 1.200511 1.322903 1.360910 1.313048 1.193899 1.028450 0.843527 0.660745 0.494061 0.351173 0.235741 
0.192123 0.118029 0.068188 0.038028 0.022553 0.017318 0.018853 0.024701 0.033619 0.046519 0.068146 0.108375 0.181078 0.299206 0.467327 0.675679 0.899767 1.106186 1.261707 1.341906 1.336979 1.253473 1.111174 0.935988 0.752136 0.577403 0.422617 0.293457 
0.242790 0.155076 0.093108 0.053108 0.030291 0.019936 0.018085 0.021777 0.029160 0.040069 0.057332 0.088260 0.144726 0.240142 0.383267 0.571503 0.787723 1.002977 1.183947 1.301807 1.339443 1.295226 1.182324 1.023581 0.844062 0.664770 0.500010 0.358037 
0.300414 0.198933 0.124092 0.073108 0.041699 0.025113 0.019010 0.019931 0.025468 0.034614 0.048701 0.072796 0.116493 0.192434 0.311705 0.477385 0.679613 0.895350 1.093462 1.242877 1.320625 1.317334 1.238775 1.102952 0.933822 0.754416 0.582390 0.429024 
0.364719 0.249673 0.161513 0.098600 0.057404 0.033406 0.022062 0.019471 0.022700 0.030041 0.041658 0.060748 0.094645 0.154464 0.252069 0.394545 0.578499 0.787482 0.994406 1.168169 1.281751 1.318980 1.278055 1.170864 1.018387 0.844119 0.668403 0.505707 
