0.000238 0.001087 0.003938 0.012446 0.033648 0.578677 1.161495 1.293490 1.473613 1.678703 1.862900 1.472347 0.970259 0.856760 0.669074 0.461879 0.281974 0.153002 0.075542 0.036782 0.020938 0.015453 0.012822 0.009918 0.006436 0.003252 0.001154 0.000234 
0.000236 0.000663 0.002513 0.008192 0.023047 0.306162 0.870086 1.227492 1.383551 1.576158 1.770801 1.667624 1.221303 0.913510 0.762917 0.565476 0.371926 0.217488 0.114272 0.056162 0.028860 0.018196 0.014138 0.011370 0.008177 0.004844 0.002203 0.000694 
0.000465 0.000449 0.001588 0.005352 0.015619 0.164604 0.588124 1.048789 1.305522 1.479855 1.673480 1.719213 1.444463 1.067407 0.838213 0.664197 0.468701 0.294707 0.165880 0.085217 0.042511 0.023528 0.016167 0.012754 0.009773 0.006510 0.003523 0.001448 
0.000957 0.000457 0.001018 0.003470 0.010486 0.090112 0.376364 0.818457 1.177156 1.392688 1.576667 1.696346 1.581838 1.255935 0.952810 0.751205 0.566449 0.381704 0.230294 0.125549 0.063864 0.033020 0.019847 0.014460 0.011264 0.008142 0.005017 0.002486 
0.001721 0.000707 0.000738 0.002244 0.006978 0.050299 0.233238 0.597410 0.997806 1.284922 1.484678 1.636507 1.639092 1.418887 1.104373 0.852007 0.658827 0.474077 0.305999 0.177921 0.094707 0.048442 0.026434 0.017154 0.012862 0.009703 0.006579 0.003751 
0.002736 0.001214 0.000722 0.001491 0.004611 0.028638 0.141768 0.415324 0.797608 1.141364 1.384800 1.560592 1.637799 1.528989 1.261630 0.978190 0.755417 0.566452 0.390038 0.241960 0.136314 0.071574 0.037438 0.021794 0.015008 0.011282 0.008141 0.005165 
0.003951 0.001975 0.000968 0.001107 0.003051 0.016625 0.085203 0.278546 0.606466 0.969486 1.263082 1.472696 1.599196 1.583394 1.395309 1.119910 0.866804 0.660935 0.478245 0.315999 0.189137 0.103944 0.054506 0.029616 0.018401 0.013145 0.009712 0.006653 
0.005302 0.002963 0.001472 0.001037 0.002079 0.009838 0.050914 0.181875 0.442506 0.787976 1.116284 1.367889 1.535946 1.591295 1.489352 1.257610 0.993357 0.763869 0.569590 0.397122 0.252568 0.146541 0.079225 0.042061 0.024008 0.015773 0.011428 0.008182 
0.006742 0.004132 0.002217 0.001255 0.001558 0.005958 0.030376 0.116394 0.312191 0.615241 0.952130 1.242086 1.451917 1.563620 1.540323 1.373481 1.125483 0.878613 0.666729 0.483356 0.324845 0.199554 0.112883 0.060643 0.033035 0.019891 0.013601 0.009805 
0.008274 0.005437 0.003175 0.001736 0.001406 0.003758 0.018167 0.073385 0.214292 0.463716 0.783686 1.097108 1.347002 1.507769 1.551972 1.456902 1.249482 1.002048 0.772671 0.575043 0.404100 0.262200 0.156219 0.086763 0.046839 0.026463 0.016746 0.011703 
0.009988 0.006856 0.004306 0.002455 0.001571 0.002582 0.010963 0.045776 0.143839 0.339004 0.623701 0.940397 1.222055 1.427385 1.529870 1.504437 1.353192 1.125765 0.887360 0.673857 0.489571 0.333150 0.209209 0.121491 0.066801 0.036651 0.021604 0.014224 
0.012106 0.008422 0.005581 0.003381 0.002013 0.002077 0.006772 0.028369 0.094807 0.241422 0.481352 0.782049 1.081226 1.324720 1.478628 1.517154 1.428815 1.239478 1.006562 0.780608 0.581714 0.411361 0.271180 0.165350 0.094146 0.051726 0.029127 0.017914 
0.015010 0.010264 0.007001 0.004481 0.002697 0.002045 0.004425 0.017571 0.061588 0.168114 0.361387 0.631701 0.931637 1.202973 1.401674 1.497891 1.472984 1.334146 1.123020 0.893585 0.681161 0.496537 0.341270 0.218265 0.129748 0.072936 0.040427 0.023521 
0.019266 0.012637 0.008633 0.005741 0.003589 0.002371 0.003235 0.010998 0.039580 0.114851 0.264751 0.496544 0.781669 1.067305 1.302324 1.449782 1.485437 1.403565 1.228583 1.008303 0.787373 0.588849 0.418904 0.279767 0.174006 0.101342 0.056681 0.031974 
0.025620 0.015951 0.010635 0.007187 0.004665 0.002980 0.002803 0.007116 0.025289 0.077216 0.189801 0.380647 0.639106 0.924487 1.184814 1.376053 1.467610 1.444501 1.316074 1.118443 0.897838 0.688111 0.503877 0.349336 0.226887 0.137674 0.079011 0.044327 
0.034973 0.020785 0.013293 0.008911 0.005926 0.003822 0.002891 0.004960 0.016202 0.051252 0.133508 0.285224 0.509877 0.781797 1.054651 1.280434 1.421832 1.456056 1.380288 1.217259 1.008141 0.792975 0.595994 0.426606 0.288111 0.182280 0.108343 0.061669 
0.048321 0.027879 0.017039 0.011102 0.007418 0.004874 0.003357 0.003925 0.010581 0.033727 0.092380 0.209366 0.397551 0.645837 0.918224 1.167542 1.351133 1.438944 1.418172 1.298773 1.112700 0.900558 0.694484 0.511300 0.357359 0.235196 0.145312 0.085006 
0.066664 0.038100 0.022459 0.014071 0.009260 0.006146 0.004116 0.003641 0.007253 0.022154 0.063054 0.150873 0.303458 0.521694 0.782030 1.042883 1.259337 1.395038 1.428558 1.358473 1.205736 1.006629 0.797521 0.602892 0.434329 0.296277 0.190254 0.115159 
0.090911 0.052382 0.030280 0.018265 0.011665 0.007703 0.005131 0.003878 0.005447 0.014704 0.042604 0.106964 0.227166 0.412576 0.651862 0.912457 1.151110 1.327188 1.411798 1.393515 1.282105 1.106183 0.902075 0.700207 0.518611 0.365303 0.243265 0.152706 
0.121809 0.071647 0.041331 0.024272 0.014965 0.009684 0.006417 0.004505 0.004663 0.010075 0.028654 0.074784 0.167065 0.319871 0.532219 0.782159 1.031783 1.239149 1.369493 1.402657 1.337810 1.194144 1.004129 0.801141 0.609409 0.441957 0.304284 0.197986 
0.159897 0.096728 0.056489 0.032802 0.019619 0.012325 0.008051 0.005461 0.004584 0.007369 0.019365 0.051719 0.120924 0.243468 0.426045 0.657189 0.906971 1.135466 1.304321 1.386075 1.370233 1.265977 1.099136 0.902635 0.705275 0.525683 0.373121 0.251135 
0.205516 0.128313 0.076608 0.044645 0.026210 0.015972 0.010188 0.006756 0.005022 0.005976 0.013367 0.035542 0.086322 0.182196 0.334756 0.541617 0.782080 1.021219 1.219894 1.345198 1.378154 1.318105 1.182556 1.000885 0.803955 0.615479 0.449402 0.312128 
0.258822 0.166914 0.102460 0.060627 0.035428 0.021091 0.013080 0.008472 0.005889 0.005499 0.009672 0.024454 0.060932 0.134259 0.258476 0.438187 0.661849 0.901650 1.120556 1.282546 1.361676 1.348129 1.250331 1.091721 0.902420 0.709717 0.532440 0.380765 
0.319793 0.212868 0.134687 0.081544 0.048027 0.028259 0.017085 0.010776 0.007180 0.005694 0.007586 0.017063 0.042693 0.097595 0.196367 0.348331 0.550018 0.781749 1.011103 1.201551 1.322111 1.354903 1.299230 1.171026 0.997070 0.806068 0.621078 0.456603 
0.388198 0.266331 0.173778 0.108116 0.064785 0.038143 0.022672 0.013931 0.008978 0.006437 0.006640 0.012324 0.029878 0.070144 0.146981 0.272349 0.449175 0.665883 0.896426 1.106327 1.261831 1.338507 1.327066 1.235128 1.084048 0.901569 0.713573 0.538841 
0.463519 0.327264 0.220054 0.140947 0.086450 0.051464 0.030408 0.018302 0.011454 0.007708 0.006539 0.009482 0.021101 0.050011 0.108563 0.209665 0.360762 0.557529 0.781155 1.001376 1.184079 1.300169 1.332787 1.281097 1.159588 0.992809 0.807571 0.626207 
0.544863 0.395392 0.273659 0.180501 0.113699 0.068957 0.040936 0.024355 0.014878 0.009581 0.007123 0.008010 0.015292 0.035556 0.079287 0.159114 0.285214 0.459146 0.669342 0.891266 1.092728 1.242124 1.316478 1.306942 1.220343 1.076198 0.900190 0.716889 
0.630876 0.470127 0.334526 0.227080 0.147100 0.091328 0.054947 0.032645 0.019616 0.012230 0.008352 0.007567 0.011651 0.025424 0.057421 0.119200 0.222164 0.372180 0.564244 0.780304 0.991997 1.167426 1.279301 1.311710 1.263642 1.148270 0.988194 0.808540 
