0.000025 0.000202 0.000995 0.002898 0.006235 0.511516 1.020811 1.039926 1.080115 1.157014 1.284364 0.962796 0.669248 0.856539 0.969120 0.969297 0.857459 0.671682 0.467026 0.289552 0.161368 0.081820 0.038220 0.016457 0.006328 0.002005 0.000463 0.000074 
0.000049 0.000113 0.000598 0.001946 0.004566 0.258875 0.766163 1.030368 1.060020 1.118564 1.220689 1.123580 0.816022 0.762893 0.912829 0.969209 0.913378 0.764571 0.569354 0.378289 0.225460 0.121594 0.060020 0.027339 0.011392 0.004166 0.001234 0.000269 
0.000159 0.000081 0.000356 0.001272 0.003256 0.131721 0.512519 0.898266 1.045194 1.089292 1.169627 1.172135 0.969801 0.789458 0.837861 0.941019 0.941293 0.838975 0.666963 0.473822 0.301875 0.173527 0.090807 0.043679 0.019365 0.007779 0.002700 0.000751 
0.000455 0.000120 0.000218 0.000814 0.002264 0.067489 0.322120 0.705393 0.971730 1.067243 1.129459 1.170881 1.070968 0.879629 0.813660 0.889440 0.941156 0.890134 0.752969 0.570392 0.387848 0.237701 0.132167 0.067243 0.031522 0.013572 0.005240 0.001726 
0.001091 0.000288 0.000169 0.000516 0.001539 0.034876 0.194804 0.513756 0.838561 1.019487 1.098351 1.150170 1.120924 0.975299 0.846644 0.851550 0.915298 0.915645 0.821551 0.661680 0.479120 0.312774 0.184934 0.099705 0.049383 0.022547 0.009406 0.003483 
0.002287 0.000689 0.000228 0.000343 0.001028 0.018208 0.114840 0.354280 0.676159 0.929024 1.058919 1.124261 1.135547 1.048111 0.910972 0.849097 0.883424 0.915472 0.868598 0.741616 0.570400 0.395947 0.248854 0.142320 0.074544 0.035965 0.015977 0.006444 
0.004366 0.001488 0.000459 0.000286 0.000685 0.009618 0.066524 0.234560 0.515220 0.802591 0.993971 1.091590 1.129904 1.091829 0.979541 0.880034 0.866261 0.899448 0.892035 0.805107 0.656008 0.483174 0.322401 0.195587 0.108432 0.055255 0.025971 0.011211 
0.007788 0.002927 0.000973 0.000372 0.000485 0.005151 0.038071 0.150542 0.374890 0.658906 0.898281 1.042781 1.110747 1.110867 1.035685 0.929788 0.873147 0.882854 0.895741 0.848571 0.730558 0.569591 0.402787 0.258994 0.152009 0.081843 0.040613 0.018591 
0.013189 0.005357 0.001950 0.000673 0.000429 0.002818 0.021611 0.094307 0.262716 0.516898 0.778593 0.970531 1.076764 1.110807 1.073276 0.982737 0.901468 0.878001 0.889298 0.872156 0.789564 0.650074 0.486189 0.330891 0.205502 0.116926 0.061228 0.029602 
0.021396 0.009273 0.003654 0.001311 0.000551 0.001624 0.012215 0.057959 0.178511 0.389807 0.647746 0.874562 1.023647 1.093785 1.092041 1.028006 0.942102 0.889734 0.883649 0.880727 0.830860 0.719819 0.568132 0.408540 0.268196 0.161214 0.089077 0.045415 
0.033405 0.015335 0.006464 0.002483 0.000931 0.001087 0.006919 0.035087 0.118235 0.284159 0.518776 0.761154 0.949105 1.058716 1.092913 1.060024 0.985054 0.915918 0.886692 0.882188 0.855794 0.775340 0.643975 0.488336 0.338368 0.214705 0.125145 0.067246 
0.050326 0.024370 0.010899 0.004473 0.001707 0.001009 0.004003 0.021003 0.076661 0.201197 0.401468 0.639965 0.855129 1.003911 1.075815 1.076469 1.022539 0.950486 0.901305 0.884440 0.868991 0.815567 0.709658 0.566156 0.413352 0.276536 0.169925 0.096196 
0.073261 0.037348 0.017634 0.007686 0.003090 0.001358 0.002506 0.012503 0.048832 0.138929 0.301332 0.520716 0.747547 0.929520 1.039863 1.076142 1.049504 0.986513 0.925896 0.892873 0.876715 0.842279 0.762612 0.637907 0.489754 0.344944 0.223231 0.133060 
0.103161 0.055304 0.027491 0.012660 0.005388 0.002224 0.001932 0.007505 0.030668 0.093881 0.220131 0.411024 0.634132 0.838534 0.984691 1.058002 1.062823 1.018008 0.956204 0.909384 0.884794 0.859497 0.802445 0.700259 0.563830 0.417349 0.284087 0.178146 
0.140653 0.079232 0.041398 0.020076 0.009024 0.003806 0.002078 0.004718 0.019086 0.062274 0.157006 0.315578 0.522578 0.736333 0.911612 1.021347 1.060412 1.040415 0.987106 0.932794 0.897089 0.872146 0.830971 0.751352 0.632045 0.490590 0.350718 0.231117 
0.185885 0.109943 0.060315 0.030737 0.014550 0.006415 0.002942 0.003398 0.011902 0.040680 0.109640 0.236292 0.419078 0.629455 0.823973 0.966480 1.040880 1.050414 1.013761 0.959950 0.914942 0.884617 0.851558 0.791162 0.691699 0.561317 0.420654 0.290917 
0.238401 0.147914 0.085129 0.045526 0.022643 0.010482 0.004679 0.003170 0.007650 0.026291 0.075160 0.172966 0.327685 0.524267 0.726714 0.895226 1.003680 1.045647 1.032087 0.986855 0.937446 0.899779 0.868088 0.821360 0.741430 0.626508 0.490986 0.355786 
0.297093 0.193157 0.116521 0.065327 0.034085 0.016563 0.007581 0.003924 0.005410 0.016971 0.050726 0.124063 0.250325 0.425976 0.625490 0.810970 0.949453 1.024663 1.038867 1.009471 0.962151 0.918613 0.883934 0.844724 0.781395 0.683969 0.558747 0.423386 
0.360239 0.245125 0.154839 0.090924 0.049706 0.025324 0.012072 0.005752 0.004667 0.011190 0.033848 0.087394 0.187194 0.338150 0.525733 0.718230 0.880211 0.987058 1.031765 1.024169 0.985811 0.940382 0.901273 0.864329 0.813060 0.732682 0.621358 0.491066 
0.425653 0.302682 0.199982 0.122882 0.070315 0.037515 0.018698 0.008912 0.005210 0.007929 0.022519 0.060621 0.137294 0.262672 0.431942 0.621982 0.799221 0.933635 1.009412 1.027967 1.004990 0.963096 0.920827 0.882801 0.838694 0.772871 0.677020 0.556212 
0.490932 0.364168 0.251332 0.161432 0.096599 0.053915 0.028106 0.013805 0.007061 0.006569 0.015224 0.041570 0.098958 0.199983 0.347307 0.526962 0.710601 0.866428 0.971523 1.018689 1.016479 0.984043 0.941962 0.901814 0.860748 0.805783 0.724945 0.616616 
0.553774 0.427550 0.307750 0.206382 0.129015 0.075257 0.041011 0.020956 0.010433 0.006815 0.010897 0.028397 0.070264 0.149470 0.273645 0.437134 0.618781 0.788514 0.918975 0.995106 1.017584 1.000261 0.963003 0.921888 0.881281 0.833265 0.765364 0.670781 
0.612277 0.490662 0.367650 0.257066 0.167699 0.102136 0.058134 0.030983 0.015694 0.008624 0.008856 0.019647 0.049331 0.109867 0.211558 0.355390 0.527958 0.703648 0.853745 0.957041 1.006345 1.008922 0.981632 0.942445 0.901584 0.857273 0.799315 0.718072 
0.665175 0.551470 0.429156 0.312358 0.212382 0.134917 0.080135 0.044558 0.023339 0.012159 0.008740 0.014251 0.034489 0.079599 0.160712 0.283474 0.441674 0.615803 0.778696 0.905393 0.981693 1.007634 0.995277 0.962039 0.922015 0.879429 0.828294 0.758693 
0.711934 0.608322 0.490313 0.370757 0.262370 0.173650 0.107526 0.062347 0.033949 0.017749 0.010450 0.011496 0.024370 0.057044 0.120156 0.222093 0.362574 0.528738 0.697250 0.842045 0.943543 0.994663 1.001455 0.978658 0.942027 0.900722 0.853861 0.793494 
0.752714 0.660128 0.549318 0.430535 0.316564 0.218010 0.140588 0.084936 0.048148 0.025849 0.014099 0.010973 0.017933 0.040707 0.088600 0.171124 0.292333 0.445656 0.612994 0.769647 0.892794 0.969103 0.998059 0.990057 0.960342 0.921374 0.877292 0.823677 
0.788196 0.706421 0.604723 0.489926 0.373549 0.267287 0.179299 0.112762 0.066542 0.036998 0.019974 0.012536 0.014453 0.029320 0.064653 0.129862 0.231729 0.368995 0.529325 0.691321 0.831221 0.930949 0.983581 0.994058 0.975199 0.940858 0.899333 0.850484 
0.819340 0.747308 0.655572 0.547325 0.431738 0.320418 0.223293 0.146031 0.089652 0.051770 0.028486 0.016255 0.013494 0.021886 0.046987 0.097258 0.180795 0.300362 0.449160 0.610323 0.761271 0.881085 0.957265 0.988820 0.984629 0.958029 0.920096 0.874909 
