0.007301 0.002603 0.000588 0.000308 0.001106 0.004230 0.013885 0.037697 0.086644 0.173550 0.308177 0.488300 0.690758 0.870868 0.976396 0.971699 0.857053 0.669092 0.461898 0.282267 0.154442 0.079591 0.044750 0.032993 0.030140 0.027509 0.021973 0.014403 
0.010852 0.004952 0.001596 0.000448 0.000707 0.002668 0.009058 0.025791 0.062170 0.130097 0.240863 0.398238 0.589529 0.780813 0.923632 0.974047 0.914376 0.763073 0.565495 0.372082 0.218354 0.117017 0.062170 0.038872 0.031567 0.028824 0.024741 0.018188 
0.014520 0.007902 0.003274 0.001022 0.000578 0.001688 0.005863 0.017424 0.043981 0.096134 0.185480 0.319551 0.493884 0.685171 0.852222 0.948840 0.944212 0.838724 0.664284 0.468789 0.295218 0.167685 0.089594 0.050521 0.035219 0.030196 0.026783 0.021465 
0.017992 0.011211 0.005588 0.002148 0.000800 0.001133 0.003775 0.011644 0.030703 0.070057 0.140807 0.252516 0.406717 0.589527 0.768697 0.900531 0.946526 0.891468 0.751504 0.566536 0.382003 0.231452 0.128639 0.070057 0.042870 0.032707 0.028489 0.024124 
0.021058 0.014602 0.008399 0.003868 0.001474 0.000966 0.002454 0.007709 0.021173 0.050380 0.105432 0.196661 0.329616 0.498122 0.679112 0.834614 0.923528 0.918997 0.821486 0.659020 0.474270 0.306728 0.180046 0.099348 0.056464 0.037789 0.030598 0.026306 
0.023682 0.017830 0.011501 0.006134 0.002671 0.001220 0.001710 0.005082 0.014441 0.035776 0.077906 0.151047 0.263139 0.413869 0.588617 0.756863 0.879071 0.921263 0.870241 0.740253 0.566645 0.390499 0.243387 0.139697 0.077906 0.047126 0.034194 0.028452 
0.026067 0.020756 0.014665 0.008817 0.004402 0.001945 0.001465 0.003396 0.009762 0.025109 0.056841 0.114476 0.207093 0.338504 0.501243 0.672740 0.817967 0.900167 0.895752 0.805247 0.653449 0.478572 0.316943 0.191542 0.108802 0.062516 0.040660 0.031323 
0.028695 0.023412 0.017711 0.011741 0.006610 0.003174 0.001705 0.002430 0.006579 0.017435 0.040975 0.085659 0.160785 0.272798 0.419874 0.586992 0.745353 0.859067 0.897959 0.850500 0.729348 0.566010 0.397757 0.254242 0.150172 0.085659 0.051588 0.035991 
0.032343 0.026053 0.020561 0.014726 0.009175 0.004892 0.002440 0.002068 0.004505 0.012007 0.029205 0.063317 0.123222 0.216792 0.346336 0.503433 0.666172 0.802210 0.878513 0.874230 0.789924 0.647679 0.481884 0.326000 0.202207 0.117915 0.068623 0.043790 
0.038066 0.029198 0.023307 0.017643 0.011951 0.007034 0.003666 0.002254 0.003286 0.008256 0.020606 0.046261 0.093269 0.170007 0.281564 0.424884 0.584803 0.734191 0.840362 0.876371 0.832077 0.718802 0.564782 0.403942 0.264103 0.160061 0.093269 0.056207 
0.047137 0.033632 0.026253 0.020475 0.014797 0.009492 0.005350 0.002960 0.002770 0.005771 0.014431 0.033434 0.069765 0.131638 0.225785 0.353224 0.504843 0.659497 0.787276 0.858366 0.854224 0.775439 0.641792 0.484362 0.334023 0.212082 0.126665 0.074738 
0.060937 0.040384 0.029943 0.023364 0.017636 0.012145 0.007421 0.004155 0.002865 0.004270 0.010101 0.023932 0.051599 0.100702 0.178712 0.289505 0.429034 0.582170 0.723387 0.822821 0.856295 0.814832 0.708615 0.563077 0.409192 0.273052 0.169374 0.100702 
0.080819 0.050661 0.035164 0.026653 0.020500 0.014890 0.009783 0.005788 0.003510 0.003568 0.007186 0.017017 0.037766 0.076150 0.139707 0.234108 0.359269 0.505602 0.652778 0.773104 0.839558 0.835563 0.761723 0.635846 0.486134 0.341122 0.221213 0.135038 
0.107929 0.065740 0.042912 0.030908 0.023577 0.017695 0.012337 0.007785 0.004649 0.003539 0.005377 0.012101 0.027391 0.056958 0.107929 0.186907 0.296689 0.432436 0.579190 0.712941 0.806331 0.837561 0.798643 0.698785 0.560990 0.413628 0.281168 0.178125 
0.143027 0.086834 0.054326 0.036910 0.027243 0.020636 0.015016 0.010061 0.006217 0.004094 0.004458 0.008739 0.019746 0.042175 0.082443 0.147418 0.241798 0.364562 0.505813 0.646066 0.759636 0.821946 0.818102 0.748714 0.629887 0.487309 0.347398 0.229646 
0.186337 0.114931 0.070580 0.045618 0.032076 0.023939 0.017826 0.012538 0.008139 0.005155 0.004276 0.006598 0.014243 0.030960 0.062309 0.114931 0.194608 0.303180 0.435187 0.575939 0.702851 0.790791 0.820024 0.783408 0.689301 0.558598 0.417354 0.288522 
0.237429 0.150634 0.092755 0.058099 0.038847 0.028008 0.020883 0.015182 0.010339 0.006647 0.004716 0.005437 0.010420 0.022601 0.046635 0.088620 0.154769 0.248894 0.369184 0.505563 0.639395 0.746821 0.805408 0.801716 0.736354 0.623950 0.487976 0.352938 
0.295184 0.194032 0.121695 0.075427 0.048473 0.033428 0.024445 0.018032 0.012760 0.008493 0.005681 0.005076 0.007929 0.016511 0.034618 0.067627 0.121695 0.201832 0.309039 0.437374 0.572479 0.693108 0.776114 0.803562 0.769035 0.680152 0.555963 0.420457 
0.357820 0.244608 0.157863 0.098561 0.061950 0.040950 0.028936 0.021239 0.015396 0.010627 0.007087 0.005379 0.006502 0.012220 0.025565 0.051123 0.094661 0.161763 0.255435 0.373206 0.504926 0.632794 0.734611 0.789838 0.786299 0.724594 0.618057 0.488210 
0.423015 0.301214 0.201235 0.128212 0.080256 0.051450 0.034943 0.025088 0.018318 0.013012 0.008857 0.006233 0.005941 0.009361 0.018892 0.038344 0.072892 0.128212 0.208599 0.314321 0.439066 0.568860 0.683702 0.762225 0.788068 0.755446 0.671325 0.553134 
0.488074 0.362115 0.251225 0.164724 0.104234 0.065853 0.043197 0.030016 0.021703 0.015665 0.010934 0.007545 0.006087 0.007651 0.014127 0.028618 0.055618 0.100552 0.168406 0.261460 0.376694 0.503963 0.626281 0.722964 0.775147 0.771757 0.713386 0.612230 
0.550152 0.425094 0.306670 0.207974 0.134479 0.085043 0.054525 0.036606 0.025859 0.018684 0.013299 0.009240 0.006816 0.006869 0.010889 0.021372 0.042118 0.078085 0.134479 0.214933 0.319077 0.440328 0.565122 0.674622 0.749055 0.773452 0.742572 0.662808 
0.606480 0.487623 0.365882 0.257322 0.171226 0.109761 0.069784 0.045566 0.031233 0.022271 0.015991 0.011269 0.008028 0.006842 0.008879 0.016131 0.031745 0.060101 0.106282 0.174706 0.267005 0.379703 0.502725 0.619872 0.711839 0.761253 0.758012 0.702690 
0.654585 0.547052 0.426753 0.311602 0.214274 0.140494 0.089773 0.057675 0.038399 0.026752 0.019131 0.013630 0.009649 0.007435 0.007861 0.012505 0.023938 0.045923 0.083192 0.140494 0.220855 0.323354 0.441214 0.561299 0.665856 0.736546 0.759633 0.730351 
0.692468 0.600818 0.486902 0.369177 0.262938 0.177384 0.115133 0.073724 0.048037 0.032576 0.022942 0.016381 0.011640 0.008542 0.007648 0.010183 0.018221 0.034930 0.064557 0.111843 0.180675 0.272104 0.382284 0.501256 0.613577 0.701201 0.748089 0.744992 
0.718730 0.646643 0.543860 0.428040 0.316058 0.220161 0.146259 0.094428 0.060880 0.040306 0.027759 0.019661 0.014010 0.010091 0.008095 0.008915 0.014202 0.026576 0.049744 0.088200 0.146259 0.226389 0.327194 0.441770 0.557417 0.657389 0.724645 0.746540 
0.732635 0.682686 0.595251 0.485950 0.372049 0.268109 0.183210 0.120344 0.077654 0.050593 0.034032 0.023710 0.016836 0.012050 0.009093 0.008505 0.011559 0.020389 0.038160 0.068972 0.117229 0.186324 0.276792 0.384482 0.499593 0.607403 0.691017 0.735593 
0.734114 0.707661 0.638969 0.540601 0.428999 0.320079 0.225660 0.151777 0.098999 0.064124 0.042313 0.028871 0.020273 0.014443 0.010572 0.008799 0.010032 0.015974 0.029274 0.053566 0.093101 0.151777 0.231558 0.330637 0.442038 0.553498 0.649210 0.713305 
