0.105758 0.086810 0.057427 0.029427 0.511437 1.005809 1.011430 1.030545 1.074408 1.162215 0.810894 0.519229 0.755856 0.962272 1.074853 1.055905 0.913891 0.698212 0.472228 0.283845 0.151987 0.072439 0.032514 0.021658 0.032857 0.058437 0.087071 0.105807 
0.105783 0.096284 0.072118 0.043427 0.270432 0.758623 1.008620 1.020987 1.052476 1.118312 0.986554 0.665061 0.637542 0.859064 1.018563 1.065379 0.984898 0.806052 0.585220 0.378037 0.217916 0.112213 0.052476 0.027086 0.027258 0.045647 0.072754 0.096439 
0.101111 0.101033 0.084201 0.057773 0.156929 0.514527 0.883621 1.014804 1.036732 1.085394 1.052433 0.825808 0.651302 0.748303 0.938813 1.041971 1.025139 0.895475 0.695636 0.481628 0.297976 0.165065 0.082345 0.039781 0.027172 0.036452 0.059201 0.084597 
0.092854 0.101072 0.092617 0.070987 0.107351 0.335728 0.699074 0.949212 1.025768 1.061063 1.068913 0.939120 0.738555 0.699802 0.843558 0.990392 1.033555 0.960307 0.795555 0.588632 0.389802 0.231521 0.123705 0.061063 0.033477 0.031812 0.047827 0.071899 
0.082376 0.096963 0.096845 0.081802 0.089169 0.221540 0.517401 0.824143 0.987490 1.043415 1.064988 1.004017 0.838837 0.719178 0.771680 0.916975 1.011974 0.996931 0.877931 0.692094 0.489217 0.310661 0.177613 0.092384 0.047270 0.032644 0.039819 0.059863 
0.071119 0.089670 0.096904 0.089323 0.085485 0.155354 0.369471 0.670772 0.905817 1.015453 1.054202 1.034503 0.921427 0.779008 0.745429 0.844328 0.964474 1.004452 0.937431 0.785012 0.590655 0.399939 0.244137 0.134998 0.069827 0.039957 0.036232 0.049841 
0.060480 0.080395 0.093287 0.093113 0.087404 0.120420 0.262412 0.520121 0.788295 0.960635 1.034827 1.044352 0.977965 0.850218 0.762219 0.794878 0.904401 0.984463 0.970942 0.861222 0.687834 0.495297 0.322038 0.189568 0.102412 0.054892 0.038094 0.043036 
0.051758 0.070437 0.086841 0.093200 0.090259 0.103912 0.191416 0.391267 0.654208 0.874465 0.997731 1.039590 1.011159 0.914091 0.806218 0.778549 0.849640 0.944432 0.977702 0.916082 0.774528 0.591566 0.408668 0.255803 0.145990 0.078652 0.046493 0.040565 
0.046162 0.061098 0.078639 0.090020 0.091729 0.097085 0.147664 0.291342 0.522737 0.764336 0.936098 1.018660 1.025374 0.962625 0.860155 0.792383 0.814094 0.897036 0.961067 0.946892 0.845305 0.683047 0.500117 0.332235 0.200896 0.112321 0.062573 0.043529 
0.044846 0.053630 0.069868 0.084330 0.090875 0.094407 0.122375 0.219503 0.407039 0.643537 0.850217 0.977379 1.022017 0.993999 0.911390 0.826269 0.803239 0.855565 0.929052 0.953980 0.896098 0.764176 0.591582 0.416176 0.266566 0.156609 0.087447 0.053051 
0.048948 0.049238 0.061749 0.077099 0.087602 0.092641 0.108391 0.170939 0.313271 0.525288 0.746877 0.913798 0.999698 1.008008 0.952695 0.868829 0.814754 0.829402 0.892308 0.941516 0.925039 0.830137 0.677879 0.503879 0.341371 0.211587 0.122028 0.070249 
0.059599 0.049093 0.055493 0.069424 0.082351 0.090122 0.100516 0.139665 0.242105 0.419280 0.636083 0.830338 0.956748 1.003853 0.980351 0.910762 0.841792 0.822078 0.860855 0.916912 0.933277 0.877588 0.754008 0.590879 0.422625 0.276479 0.166808 0.096138 
0.077869 0.054346 0.052293 0.062459 0.075887 0.086236 0.095319 0.120091 0.190885 0.330692 0.527681 0.733210 0.893543 0.980301 0.992102 0.945557 0.876277 0.831935 0.841466 0.888884 0.925095 0.905433 0.815798 0.672443 0.506752 0.349552 0.221643 0.131473 
0.104671 0.066107 0.053320 0.057376 0.069173 0.081062 0.090778 0.107705 0.155488 0.260789 0.429187 0.630446 0.813376 0.936922 0.986202 0.968830 0.910917 0.854106 0.836701 0.865175 0.906989 0.915264 0.860615 0.744121 0.589598 0.428152 0.285598 0.176558 
0.140614 0.085389 0.059713 0.055348 0.063275 0.075117 0.085920 0.099241 0.131596 0.208138 0.344988 0.529816 0.721911 0.875149 0.961562 0.977516 0.939873 0.882511 0.845403 0.850938 0.886082 0.911126 0.887939 0.802368 0.666859 0.508875 0.356875 0.231078 
0.185846 0.113002 0.072551 0.057531 0.059311 0.069196 0.080519 0.092580 0.115419 0.169867 0.276563 0.437402 0.625864 0.798530 0.918355 0.969539 0.958694 0.911192 0.863957 0.848171 0.868510 0.898604 0.899533 0.845154 0.734614 0.587867 0.432875 0.293976 
0.239911 0.149424 0.092776 0.065041 0.058421 0.064254 0.074857 0.086550 0.104000 0.142643 0.223215 0.356982 0.531633 0.712197 0.858443 0.943947 0.964116 0.934943 0.887575 0.856064 0.858340 0.883557 0.899069 0.872343 0.789884 0.661240 0.510371 0.363426 
0.301668 0.194668 0.121100 0.078909 0.061731 0.061337 0.069555 0.080703 0.095275 0.123321 0.182929 0.290099 0.444308 0.621915 0.785320 0.901195 0.954032 0.949530 0.911259 0.871819 0.857202 0.870949 0.891313 0.885706 0.831113 0.725562 0.585806 0.436898 
0.369283 0.248168 0.157884 0.100004 0.070320 0.061534 0.065446 0.075129 0.087989 0.109298 0.153125 0.236514 0.367203 0.533111 0.703617 0.843257 0.927613 0.951781 0.930394 0.891539 0.864511 0.864075 0.881131 0.888509 0.858410 0.778338 0.655684 0.511352 
0.440318 0.308726 0.203026 0.128944 0.085162 0.065927 0.063490 0.070288 0.081559 0.098643 0.131212 0.194820 0.301859 0.450157 0.618364 0.773437 0.885435 0.939697 0.941088 0.910967 0.878025 0.864293 0.872603 0.884820 0.873460 0.818374 0.717011 0.583518 
0.511918 0.374522 0.255876 0.165985 0.107053 0.075544 0.064709 0.066889 0.075924 0.090101 0.114927 0.163016 0.248339 0.376008 0.534261 0.695901 0.829436 0.912566 0.940392 0.926027 0.894496 0.871159 0.868448 0.878712 0.879140 0.845917 0.767692 0.650264 
0.581091 0.443220 0.315199 0.210930 0.136519 0.091299 0.070127 0.065799 0.071406 0.083012 0.102514 0.138972 0.205677 0.312173 0.455134 0.615081 0.762669 0.871001 0.926479 0.933210 0.910262 0.882827 0.869803 0.873580 0.878926 0.862528 0.806804 0.708978 
0.645035 0.512155 0.379209 0.263065 0.173725 0.113909 0.080713 0.067963 0.068603 0.077209 0.092763 0.120743 0.172324 0.258925 0.383654 0.535107 0.688875 0.816835 0.898740 0.929845 0.921736 0.896544 0.876315 0.871692 0.876253 0.870727 0.834666 0.757891 
0.701463 0.578595 0.445682 0.321137 0.218395 0.143817 0.097311 0.074338 0.068283 0.072906 0.084986 0.106753 0.146534 0.215625 0.321290 0.459381 0.611991 0.752855 0.857788 0.914292 0.925790 0.909140 0.886430 0.874004 0.873972 0.873490 0.852697 0.796279 
0.748871 0.640029 0.512139 0.383410 0.269766 0.181106 0.120564 0.085824 0.071310 0.070594 0.078946 0.095870 0.126643 0.181079 0.268457 0.390335 0.535686 0.682423 0.805321 0.886040 0.920041 0.917465 0.897785 0.880217 0.873988 0.873731 0.863093 0.824488 
0.786679 0.694450 0.576084 0.447774 0.326588 0.225436 0.150835 0.103194 0.078567 0.070952 0.074770 0.087408 0.111257 0.153861 0.224768 0.329396 0.463011 0.609054 0.743872 0.845681 0.903041 0.918753 0.907625 0.889001 0.877102 0.873859 0.868412 0.843790 
0.815235 0.740565 0.635267 0.511929 0.387181 0.276012 0.188135 0.127014 0.090881 0.074760 0.072861 0.081089 0.099332 0.132559 0.189315 0.277082 0.396203 0.536032 0.676463 0.794776 0.874361 0.910897 0.913189 0.898313 0.883052 0.875481 0.871136 0.856101 
0.835668 0.777900 0.687916 0.573598 0.449555 0.331596 0.232074 0.157575 0.108948 0.082820 0.073810 0.076975 0.090211 0.115946 0.160937 0.233199 0.336643 0.466118 0.606248 0.735620 0.834568 0.892629 0.912043 0.905751 0.890682 0.879266 0.873308 0.863619 
