0.105758 0.086810 0.057427 0.029427 0.011437 0.505809 1.011430 1.030545 1.074408 1.162215 1.310894 1.019229 0.755856 0.962272 1.074853 1.055905 0.913891 0.698212 0.472228 0.283845 0.151987 0.072439 0.032514 0.021658 0.032857 0.058437 0.087071 0.105807 
0.105783 0.096284 0.072118 0.043427 0.020432 0.258623 0.758620 1.020987 1.052476 1.118312 1.236554 1.165061 0.887542 0.859064 1.018563 1.065379 0.984898 0.806052 0.585220 0.378037 0.217916 0.112213 0.052476 0.027086 0.027258 0.045647 0.072754 0.096439 
0.101111 0.101033 0.084201 0.057773 0.031929 0.139527 0.508621 0.889804 1.036732 1.085394 1.177433 1.200808 1.026302 0.873303 0.938813 1.041971 1.025139 0.895475 0.695636 0.481628 0.297976 0.165065 0.082345 0.039781 0.027172 0.036452 0.059201 0.084597 
0.092854 0.101072 0.092617 0.070987 0.044851 0.085728 0.324074 0.699212 0.963268 1.061063 1.131413 1.189120 1.113555 0.949802 0.906058 0.990392 1.033555 0.960307 0.795555 0.588632 0.389802 0.231521 0.123705 0.061063 0.033477 0.031812 0.047827 0.071899 
0.082376 0.096963 0.096845 0.081802 0.057919 0.065290 0.204901 0.511643 0.831240 1.012165 1.096238 1.160267 1.151337 1.031678 0.927930 0.948225 1.011974 0.996931 0.877931 0.692094 0.489217 0.310661 0.177613 0.092384 0.047270 0.032644 0.039819 0.059863 
0.071119 0.089670 0.096904 0.089323 0.069860 0.061604 0.135096 0.358272 0.671442 0.921703 1.054202 1.128253 1.155802 1.091508 0.979804 0.938078 0.980099 1.004452 0.937431 0.785012 0.590655 0.399939 0.244137 0.134998 0.069827 0.039957 0.036232 0.049841 
0.060480 0.080395 0.093287 0.093113 0.079592 0.065732 0.098350 0.246684 0.514857 0.796572 0.987952 1.091227 1.142027 1.123655 1.035656 0.958941 0.959088 0.992276 0.970942 0.861222 0.687834 0.495297 0.322038 0.189568 0.102412 0.054892 0.038094 0.043036 
0.051758 0.070437 0.086841 0.093200 0.086353 0.072662 0.082041 0.172517 0.380770 0.655715 0.892262 1.039590 1.116627 1.132841 1.079656 0.997299 0.959015 0.975682 0.981609 0.916082 0.774528 0.591566 0.408668 0.255803 0.145990 0.078652 0.046493 0.040565 
0.046162 0.061098 0.078639 0.090020 0.089776 0.079507 0.077352 0.127279 0.276644 0.518243 0.773988 0.965926 1.078108 1.124734 1.106248 1.038477 0.978157 0.967348 0.978645 0.948845 0.845305 0.683047 0.500117 0.332235 0.200896 0.112321 0.062573 0.043529 
0.044846 0.053630 0.069868 0.084330 0.089898 0.084642 0.078429 0.102315 0.201961 0.397443 0.646115 0.869957 1.022017 1.101421 1.115491 1.072363 1.008317 0.972753 0.972997 0.963745 0.897075 0.764176 0.591582 0.416176 0.266566 0.156609 0.087447 0.053051 
0.048948 0.049238 0.061749 0.077099 0.087114 0.087270 0.081536 0.090372 0.152138 0.299702 0.521779 0.758036 0.945987 1.061719 1.108456 1.093927 1.040340 0.990535 0.972875 0.968371 0.930410 0.830625 0.677879 0.503879 0.341371 0.211587 0.122028 0.070249 
0.059599 0.049093 0.055493 0.069424 0.082107 0.087192 0.084403 0.085954 0.121255 0.225920 0.410741 0.639908 0.852012 1.003853 1.085088 1.101192 1.067133 1.015437 0.981705 0.970623 0.949391 0.880518 0.754252 0.590879 0.422625 0.276479 0.166808 0.096138 
0.077869 0.054346 0.052293 0.062459 0.075765 0.084649 0.085797 0.085178 0.103605 0.173588 0.318331 0.525324 0.745960 0.927933 1.044471 1.093140 1.084163 1.041285 0.998571 0.976164 0.960007 0.914954 0.817385 0.672565 0.506752 0.349552 0.221643 0.131473 
0.104671 0.066107 0.053320 0.057376 0.069112 0.080207 0.085223 0.085488 0.094392 0.138596 0.245959 0.421827 0.635642 0.836946 0.986202 1.068805 1.088651 1.062724 1.019928 0.987367 0.968085 0.937480 0.866169 0.744975 0.589659 0.428152 0.285598 0.176558 
0.140614 0.085389 0.059713 0.055348 0.063244 0.074660 0.082715 0.085356 0.089940 0.116494 0.192278 0.333893 0.528735 0.736294 0.911574 1.027503 1.078728 1.075688 1.041326 1.003648 0.977726 0.952783 0.901825 0.805572 0.667317 0.508905 0.356875 0.231078 
0.185846 0.113002 0.072551 0.057531 0.059296 0.068952 0.078688 0.084036 0.087648 0.103217 0.154386 0.263085 0.431314 0.632514 0.823934 0.969539 1.053116 1.077208 1.058507 1.022487 0.990687 0.965255 0.927304 0.853699 0.736445 0.588111 0.432890 0.293976 
0.239911 0.149424 0.092776 0.065041 0.058413 0.064124 0.073820 0.081362 0.085842 0.095432 0.128801 0.208736 0.347200 0.531914 0.728224 0.896736 1.011327 1.065162 1.067857 1.040497 1.006587 0.977971 0.946279 0.890501 0.795072 0.662278 0.510501 0.363433 
0.301672 0.194668 0.121100 0.078909 0.061727 0.061269 0.068972 0.077591 0.083602 0.090637 0.112117 0.168768 0.277968 0.439557 0.630069 0.812480 0.954032 1.038244 1.066510 1.054177 1.023542 0.992279 0.962125 0.918390 0.842786 0.728675 0.586389 0.436967 
0.369320 0.248170 0.157884 0.100004 0.070318 0.061498 0.065120 0.073281 0.080596 0.087119 0.101377 0.140443 0.223368 0.358762 0.534813 0.721275 0.883256 0.996138 1.052377 1.060343 1.038860 1.007910 0.977202 0.940258 0.880588 0.785731 0.657532 0.511678 
0.440499 0.308745 0.203027 0.128944 0.085161 0.065908 0.063309 0.069201 0.076939 0.083858 0.094248 0.120910 0.181905 0.291065 0.446788 0.628044 0.802265 0.939697 1.024258 1.056360 1.049601 1.023385 0.992556 0.958730 0.910423 0.833159 0.721631 0.584605 
0.512552 0.374622 0.255886 0.165986 0.107053 0.075534 0.064608 0.066255 0.073070 0.080398 0.089053 0.107579 0.151408 0.236485 0.368926 0.537416 0.715155 0.870981 0.981977 1.040309 1.052981 1.036493 1.007971 0.975643 0.934576 0.871791 0.777395 0.653118 
0.582835 0.443587 0.315254 0.210936 0.136519 0.091294 0.070071 0.065432 0.069662 0.076734 0.084726 0.098316 0.129493 0.193946 0.302706 0.453171 0.626285 0.793068 0.926479 1.011143 1.046645 1.044737 1.022232 0.991807 0.955110 0.903184 0.824593 0.715257 
0.649046 0.513211 0.379420 0.263095 0.173727 0.113906 0.080683 0.067752 0.067547 0.073198 0.080730 0.091521 0.113905 0.161720 0.248326 0.377939 0.539728 0.709677 0.859774 0.968811 1.028894 1.045691 1.033484 1.007019 0.973458 0.929147 0.863889 0.769925 
0.709485 0.581128 0.446316 0.321258 0.218411 0.143817 0.097294 0.074217 0.067649 0.070373 0.076964 0.086125 0.102713 0.137812 0.205023 0.313132 0.458833 0.624702 0.784725 0.914292 0.998853 1.037292 1.039588 1.020252 0.990239 0.951303 0.896518 0.816907 
0.763196 0.645307 0.513722 0.383787 0.269834 0.181114 0.120556 0.085756 0.070933 0.069011 0.073668 0.081545 0.094419 0.120262 0.171418 0.259078 0.385983 0.541768 0.704714 0.849509 0.956572 1.018072 1.038440 1.029920 1.005245 0.970771 0.923910 0.856712 
0.809954 0.704252 0.579514 0.448754 0.326810 0.225474 0.150835 0.103156 0.078344 0.069972 0.071340 0.077606 0.087982 0.107341 0.145840 0.215248 0.322530 0.463875 0.623241 0.777111 0.903041 0.987322 1.028256 1.034180 1.017583 0.988008 0.947340 0.890311 
0.850133 0.757103 0.641883 0.514134 0.387782 0.276142 0.188154 0.126995 0.090750 0.074158 0.070656 0.074473 0.082794 0.097661 0.126590 0.180544 0.268889 0.393203 0.543558 0.700176 0.840076 0.945182 1.007789 1.031218 1.025881 1.002795 0.967674 0.918826 
0.884479 0.803618 0.699493 0.578009 0.450958 0.331962 0.232148 0.157575 0.108873 0.082454 0.072407 0.072564 0.078634 0.090228 0.112126 0.153567 0.224716 0.331046 0.468380 0.621867 0.770126 0.892629 0.976485 1.019504 1.028550 1.014338 0.985235 0.943250 
