0.237940 0.237940 0.195356 0.129345 0.066667 0.027024 0.516031 1.030715 1.072609 1.156587 1.305060 1.527458 1.298130 1.051820 1.207035 1.207035 1.051820 0.798130 0.527458 0.305060 0.156587 0.072609 0.030715 0.016031 0.027024 0.066667 0.129345 0.195356 
0.216648 0.237940 0.216648 0.162350 0.098006 0.046845 0.271527 0.773373 1.051662 1.114598 1.230824 1.416259 1.412794 1.174975 1.129428 1.207035 1.129428 0.924975 0.662794 0.416259 0.230824 0.114598 0.051662 0.023373 0.021527 0.046845 0.098006 0.162350 
0.189499 0.227294 0.227294 0.189499 0.130178 0.072426 0.159186 0.522450 0.912517 1.083130 1.172711 1.323541 1.414527 1.293884 1.152201 1.168232 1.168232 1.027201 0.793884 0.539527 0.323541 0.172711 0.083130 0.037517 0.022450 0.034186 0.072426 0.130178 
0.159839 0.208396 0.227294 0.208396 0.159839 0.101302 0.115806 0.340818 0.717484 0.997824 1.127921 1.248126 1.369034 1.354205 1.223043 1.160217 1.168232 1.097717 0.910543 0.666705 0.431534 0.248126 0.127921 0.060324 0.029984 0.028318 0.053306 0.101302 
0.130570 0.184118 0.217845 0.217845 0.184118 0.130570 0.108554 0.228312 0.529151 0.857654 1.062872 1.188023 1.308580 1.361620 1.288624 1.191630 1.164224 1.132974 1.004130 0.788624 0.549120 0.339830 0.188023 0.094122 0.045154 0.029151 0.040812 0.077304 
0.103937 0.157344 0.200981 0.217845 0.200981 0.157344 0.119562 0.168433 0.378731 0.693402 0.960263 1.125448 1.248302 1.335100 1.325122 1.240127 1.177927 1.148599 1.068552 0.896377 0.668872 0.444475 0.263927 0.141073 0.069638 0.037152 0.034981 0.059058 
0.081498 0.130641 0.179163 0.209413 0.209413 0.179163 0.138453 0.143998 0.273582 0.536067 0.826833 1.042855 1.186875 1.291701 1.330111 1.282624 1.209027 1.163263 1.108575 0.982464 0.782624 0.556673 0.354201 0.202500 0.105355 0.053395 0.036067 0.047020 
0.064259 0.106069 0.154902 0.194288 0.209413 0.194288 0.158808 0.141225 0.208790 0.404825 0.681450 0.934844 1.114865 1.239288 1.310906 1.306368 1.245826 1.186145 1.135919 1.045520 0.882544 0.669649 0.455437 0.278350 0.153928 0.079375 0.044731 0.041543 
0.052901 0.085164 0.130485 0.174595 0.201851 0.201851 0.176548 0.150017 0.175008 0.306807 0.543137 0.808147 1.024855 1.177076 1.275097 1.308637 1.276097 1.215985 1.161032 1.090720 0.964032 0.776097 0.562543 0.366894 0.216139 0.116651 0.062053 0.043137 
0.048019 0.069032 0.107825 0.152540 0.188223 0.201851 0.189199 0.163282 0.162512 0.240907 0.424972 0.675642 0.916501 1.100966 1.226087 1.291867 1.292367 1.246041 1.188509 1.125876 1.027376 0.870064 0.669320 0.464718 0.291516 0.166395 0.089352 0.052595 
0.050307 0.058526 0.088428 0.130182 0.170381 0.195037 0.195525 0.176241 0.162897 0.201710 0.332940 0.550307 0.796071 1.008733 1.163526 1.258977 1.292117 1.269204 1.217275 1.157192 1.076626 0.948720 0.769692 0.567019 0.378117 0.228956 0.127874 0.070974 
0.060640 0.054416 0.073477 0.109305 0.150282 0.182709 0.195281 0.185883 0.169569 0.182303 0.267325 0.441623 0.673189 0.902402 1.086130 1.211251 1.275547 1.280660 1.243239 1.187234 1.116909 1.012673 0.859206 0.668356 0.472568 0.303537 0.178415 0.099424 
0.080032 0.057528 0.063947 0.091391 0.129794 0.166495 0.188995 0.190582 0.177726 0.175936 0.224814 0.354474 0.557406 0.787796 0.994266 1.148691 1.243399 1.278104 1.261950 1.215236 1.152071 1.064791 0.935940 0.763781 0.570462 0.388052 0.240976 0.138919 
0.109476 0.068780 0.060738 0.077669 0.110592 0.148144 0.177745 0.189788 0.184154 0.176831 0.200375 0.289644 0.455940 0.672601 0.891031 1.071478 1.196045 1.260751 1.270027 1.238593 1.183654 1.108431 1.000365 0.849860 0.667121 0.479257 0.314514 0.189947 
0.149712 0.089128 0.064759 0.069203 0.094131 0.129368 0.162945 0.183767 0.186971 0.180492 0.188603 0.245010 0.372792 0.564271 0.781816 0.981255 1.133762 1.228398 1.265389 1.254310 1.211124 1.146043 1.054398 0.925113 0.758491 0.573189 0.396886 0.252231 
0.200971 0.119420 0.076943 0.066981 0.081667 0.111750 0.146157 0.173356 0.185369 0.183732 0.184548 0.216806 0.308901 0.468531 0.673043 0.881535 1.057508 1.181080 1.246894 1.259849 1.232717 1.178583 1.100220 0.989756 0.841802 0.665840 0.485037 0.324558 
0.262765 0.160195 0.098182 0.071962 0.074324 0.096708 0.128953 0.159756 0.179362 0.184550 0.184140 0.200677 0.262854 0.388716 0.570787 0.777289 0.969522 1.119294 1.213987 1.253372 1.246283 1.205650 1.139402 1.044988 0.915779 0.753821 0.575439 0.404798 
0.333781 0.211480 0.129189 0.085072 0.073143 0.085516 0.112831 0.144355 0.169559 0.181956 0.184345 0.192408 0.231765 0.325785 0.479752 0.674038 0.873405 1.044408 1.166640 1.233679 1.249827 1.225966 1.172526 1.092195 0.980383 0.834800 0.664630 0.490118 
0.411950 0.272631 0.170334 0.107130 0.079108 0.079330 0.099173 0.128593 0.156957 0.175758 0.183151 0.188377 0.212087 0.278775 0.402768 0.576895 0.773722 0.958907 1.105524 1.200160 1.241753 1.237897 1.199246 1.132360 1.036289 0.907592 0.749715 0.577374 
0.494662 0.342290 0.221482 0.138732 0.093119 0.079219 0.089252 0.113883 0.142775 0.166357 0.179454 0.185764 0.200232 0.245431 0.340772 0.489832 0.675308 0.866314 1.032215 1.152842 1.220956 1.239825 1.218572 1.165803 1.084325 0.971940 0.828653 0.663544 
0.579103 0.418476 0.281886 0.180107 0.115926 0.086169 0.084235 0.101567 0.128329 0.154566 0.172906 0.182609 0.192998 0.222831 0.293101 0.415302 0.582570 0.770811 0.949265 1.092529 1.186899 1.230391 1.229198 1.192187 1.125064 1.028132 0.900297 0.746099 
0.662601 0.498790 0.350181 0.230997 0.148016 0.101047 0.085202 0.092901 0.114948 0.141448 0.163736 0.177757 0.187803 0.207915 0.257966 0.354202 0.498936 0.676691 0.860038 1.020897 1.139714 1.208645 1.229795 1.210693 1.158626 1.076598 0.964215 0.823198 
0.742899 0.580695 0.424485 0.290589 0.189507 0.124532 0.093125 0.089052 0.103925 0.128198 0.152592 0.170747 0.182780 0.197859 0.232940 0.306084 0.426569 0.587813 0.768364 0.940467 1.080305 1.174179 1.219220 1.220244 1.184659 1.117612 1.020406 0.893706 
0.818303 0.661797 0.502590 0.357537 0.240048 0.157019 0.108828 0.091088 0.096488 0.116061 0.140395 0.161669 0.176764 0.190320 0.215400 0.269512 0.366326 0.507191 0.678089 0.854416 1.010386 1.127242 1.196700 1.219732 1.202451 1.151136 1.069009 0.957056 
0.887680 0.740050 0.582194 0.430064 0.298793 0.198534 0.132924 0.099958 0.093788 0.106275 0.128228 0.151032 0.169216 0.183542 0.202860 0.242456 0.317919 0.436759 0.592640 0.766252 0.932401 1.068814 1.161971 1.208216 1.211092 1.176794 1.110072 1.013033 
0.950356 0.813865 0.661122 0.506129 0.364428 0.248663 0.165729 0.116441 0.096873 0.100031 0.117251 0.139630 0.160124 0.176379 0.193201 0.222658 0.280188 0.377339 0.514699 0.679446 0.849327 1.000608 1.115393 1.185093 1.209654 1.193943 1.143433 1.061553 
1.005954 0.882110 0.737493 0.583625 0.435279 0.306546 0.207196 0.141085 0.106657 0.098452 0.108641 0.128441 0.149877 0.168252 0.184790 0.207929 0.251423 0.328763 0.446019 0.597073 0.764386 0.924967 1.058000 1.150243 1.197373 1.201798 1.168688 1.102493 
1.054224 0.944032 0.809802 0.660559 0.509452 0.370912 0.256871 0.174140 0.123871 0.102555 0.103547 0.118541 0.139159 0.159064 0.176521 0.196360 0.229676 0.290093 0.387391 0.521546 0.680730 0.844677 0.991484 1.104122 1.173808 1.199586 1.185243 1.135590 
