0.000064 0.000463 0.002005 0.006328 0.016457 0.038220 0.081820 0.161368 0.289552 0.467026 0.671682 0.857459 0.969297 0.969120 0.856539 0.669248 0.462796 0.284364 0.157014 0.080115 0.039926 0.020811 0.011516 0.006235 0.002898 0.000995 0.000202 0.000014 
0.000039 0.000264 0.001234 0.004166 0.011392 0.027339 0.060020 0.121594 0.225460 0.378289 0.569354 0.764571 0.913378 0.969209 0.912829 0.762893 0.566022 0.373580 0.220689 0.118564 0.060020 0.030368 0.016163 0.008875 0.004566 0.001946 0.000598 0.000108 
0.000074 0.000151 0.000749 0.002700 0.007779 0.019365 0.043679 0.090807 0.173527 0.301875 0.473822 0.666963 0.838975 0.941293 0.941019 0.837861 0.664458 0.469801 0.297135 0.169627 0.089292 0.045194 0.023266 0.012519 0.006721 0.003256 0.001272 0.000353 
0.000213 0.000113 0.000450 0.001725 0.005240 0.013572 0.031522 0.067243 0.132167 0.237701 0.387848 0.570392 0.752969 0.890134 0.941156 0.889440 0.751160 0.567129 0.383468 0.233381 0.129459 0.067243 0.034230 0.017893 0.009620 0.004989 0.002264 0.000813 
0.000513 0.000163 0.000281 0.001087 0.003482 0.009406 0.022547 0.049383 0.099705 0.184934 0.312774 0.479120 0.661680 0.821551 0.915645 0.915298 0.820300 0.659144 0.475299 0.308424 0.181420 0.098351 0.050737 0.026061 0.013756 0.007304 0.003626 0.001538 
0.001026 0.000338 0.000222 0.000684 0.002285 0.006444 0.015977 0.035965 0.074544 0.142320 0.248854 0.395947 0.570400 0.741616 0.868598 0.915472 0.867799 0.739722 0.567222 0.391861 0.244922 0.139886 0.074544 0.038399 0.019909 0.010530 0.005465 0.002582 
0.001804 0.000682 0.000280 0.000453 0.001485 0.004364 0.011210 0.025971 0.055255 0.108432 0.195587 0.322401 0.483174 0.656008 0.805107 0.892035 0.891635 0.803761 0.653472 0.479541 0.318392 0.192404 0.107215 0.056471 0.029154 0.015220 0.007998 0.004024 
0.002914 0.001243 0.000481 0.000367 0.000969 0.002925 0.007787 0.018591 0.040613 0.081843 0.152009 0.258994 0.402787 0.569591 0.730558 0.848571 0.891835 0.847698 0.728616 0.566507 0.398967 0.255398 0.149809 0.081843 0.042813 0.022187 0.011609 0.006011 
0.004462 0.002078 0.000862 0.000424 0.000668 0.001947 0.005356 0.013189 0.029602 0.061228 0.116926 0.205502 0.330891 0.486189 0.650074 0.789564 0.870203 0.869767 0.788157 0.647561 0.482737 0.327182 0.202604 0.115826 0.062328 0.032500 0.016898 0.008810 
0.006636 0.003270 0.001470 0.000643 0.000546 0.001307 0.003651 0.009273 0.021395 0.045415 0.089077 0.161214 0.268196 0.408540 0.568132 0.719819 0.829884 0.869985 0.828962 0.717859 0.565149 0.404959 0.264893 0.159215 0.089077 0.047414 0.024699 0.012854 
0.009745 0.004953 0.002370 0.001057 0.000594 0.000927 0.002479 0.006462 0.015334 0.033405 0.067246 0.125145 0.214705 0.338368 0.488336 0.643975 0.774851 0.849934 0.849473 0.773411 0.641504 0.485054 0.334926 0.212054 0.124146 0.068245 0.036056 0.018776 
0.014261 0.007349 0.003662 0.001713 0.000825 0.000760 0.001703 0.004471 0.010898 0.024370 0.050326 0.096196 0.169925 0.276536 0.413352 0.566156 0.709413 0.812393 0.849704 0.811442 0.707457 0.563279 0.409990 0.273490 0.168100 0.096196 0.052151 0.027416 
0.020838 0.010805 0.005505 0.002688 0.001269 0.000793 0.001232 0.003087 0.007684 0.017634 0.037348 0.073261 0.133060 0.223231 0.344944 0.489754 0.637785 0.760903 0.831048 0.830573 0.759450 0.635368 0.486635 0.341740 0.220795 0.132148 0.074173 0.039784 
0.030311 0.015822 0.008155 0.004097 0.001979 0.001031 0.001012 0.002159 0.005386 0.012659 0.027491 0.055304 0.103161 0.178146 0.284087 0.417349 0.563769 0.699344 0.795976 0.830811 0.795011 0.697409 0.561001 0.414187 0.281268 0.176471 0.103161 0.056978 
0.043645 0.023066 0.011988 0.006126 0.003038 0.001505 0.001022 0.001586 0.003772 0.009022 0.020075 0.041397 0.079232 0.140653 0.231117 0.350718 0.490559 0.631556 0.747660 0.813393 0.812911 0.746210 0.629205 0.487594 0.347727 0.228869 0.139816 0.080069 
0.061857 0.033356 0.017527 0.009057 0.004582 0.002271 0.001263 0.001304 0.002679 0.006397 0.014549 0.030736 0.060315 0.109943 0.185885 0.290917 0.420639 0.561058 0.689608 0.780526 0.813152 0.779561 0.687708 0.558400 0.417661 0.288298 0.184343 0.109943 
0.085900 0.047606 0.025441 0.013292 0.006819 0.003426 0.001767 0.001284 0.001991 0.004538 0.010473 0.022642 0.045525 0.085129 0.147914 0.238401 0.355778 0.490848 0.625333 0.735067 0.796839 0.796356 0.733634 0.623054 0.488030 0.352980 0.236321 0.147143 
0.116521 0.066753 0.036524 0.019367 0.010056 0.005123 0.002597 0.001525 0.001637 0.003265 0.007506 0.016558 0.034084 0.065327 0.116521 0.193157 0.297090 0.423313 0.558091 0.680200 0.765953 0.796598 0.764995 0.678344 0.555542 0.420505 0.294650 0.191732 
0.154126 0.091637 0.051639 0.027945 0.014711 0.007589 0.003860 0.002061 0.001581 0.002451 0.005385 0.012032 0.025321 0.049705 0.090924 0.154839 0.245123 0.360201 0.490702 0.619145 0.723077 0.781276 0.780796 0.721670 0.616943 0.488024 0.357578 0.243191 
0.198659 0.122882 0.071638 0.039792 0.021328 0.011150 0.005725 0.002961 0.001821 0.002016 0.003918 0.008708 0.018676 0.037513 0.070315 0.122882 0.199981 0.302662 0.425452 0.554924 0.671111 0.752176 0.781036 0.751233 0.669306 0.552483 0.422801 0.300384 
0.249521 0.160770 0.097260 0.055715 0.030560 0.016239 0.008438 0.004343 0.002391 0.001919 0.002967 0.006313 0.013692 0.028095 0.053914 0.096598 0.161432 0.251322 0.364057 0.490188 0.613017 0.711644 0.766606 0.766135 0.710270 0.610895 0.487642 0.361592 
0.305557 0.205146 0.129015 0.076487 0.043138 0.023400 0.012338 0.006390 0.003367 0.002155 0.002443 0.004640 0.010003 0.020893 0.041004 0.075256 0.129015 0.206377 0.307689 0.427122 0.551602 0.662330 0.739125 0.766370 0.738202 0.660582 0.549268 0.424617 
0.365087 0.255351 0.167080 0.102751 0.059812 0.033269 0.017869 0.009364 0.004878 0.002761 0.002299 0.003542 0.007322 0.015448 0.030949 0.058130 0.102136 0.167696 0.257033 0.367406 0.489362 0.606966 0.700728 0.752748 0.752286 0.699392 0.604925 0.486943 
0.426015 0.310219 0.211216 0.134916 0.081282 0.046541 0.025569 0.013617 0.007121 0.003820 0.002530 0.002920 0.005432 0.011385 0.023199 0.044540 0.080133 0.134916 0.212364 0.312219 0.428384 0.548164 0.653847 0.726738 0.752517 0.725839 0.652159 0.545934 
0.485974 0.368117 0.260718 0.173066 0.108099 0.063911 0.036055 0.019593 0.010369 0.005470 0.003175 0.002725 0.004176 0.008408 0.017292 0.033869 0.062336 0.107524 0.173640 0.262292 0.370302 0.488274 0.601006 0.690292 0.739627 0.739178 0.688999 0.599046 
0.542510 0.427046 0.314417 0.216892 0.140582 0.086005 0.049983 0.027824 0.014981 0.007920 0.004323 0.002950 0.003451 0.006292 0.012850 0.025580 0.048103 0.084930 0.140582 0.217966 0.316297 0.429288 0.544640 0.645649 0.714960 0.739403 0.714088 0.644023 
0.593267 0.484778 0.370732 0.265655 0.178737 0.113294 0.067994 0.038903 0.021402 0.011450 0.006121 0.003636 0.003200 0.004871 0.009571 0.019215 0.036841 0.066516 0.112756 0.179274 0.267131 0.372792 0.486964 0.595144 0.680304 0.727181 0.726746 0.679056 
0.636161 0.539022 0.427755 0.318193 0.222196 0.146015 0.090644 0.053449 0.030153 0.016426 0.008786 0.004879 0.003418 0.004036 0.007221 0.014393 0.028028 0.051679 0.089636 0.146015 0.223203 0.319962 0.429878 0.541054 0.637724 0.703743 0.726963 0.702901 
