0.237979 0.238202 0.196366 0.132775 0.076889 0.553728 1.077039 1.152157 1.282047 1.466600 1.692378 1.422121 1.098179 1.164402 1.094454 0.906986 0.657157 0.410811 0.217446 0.095623 0.035145 0.011601 0.004010 0.005809 0.023594 0.065657 0.129083 0.195296 
0.216638 0.238090 0.217284 0.164571 0.104832 0.315309 0.815384 1.114598 1.217102 1.374323 1.579489 1.557250 1.260150 1.131290 1.129428 1.000720 0.782072 0.533984 0.314129 0.156534 0.065384 0.023373 0.007805 0.004910 0.014701 0.044625 0.097370 0.162190 
0.189414 0.227364 0.227687 0.190927 0.134701 0.210070 0.565346 0.964991 1.165850 1.295713 1.476906 1.568369 1.408700 1.195720 1.130359 1.065074 0.891396 0.658028 0.424056 0.235331 0.110959 0.044378 0.015589 0.006357 0.009805 0.029663 0.070998 0.129780 
0.159597 0.208389 0.227526 0.209307 0.162814 0.172386 0.387708 0.765169 1.065421 1.230781 1.386309 1.522638 1.488535 1.302210 1.163040 1.097717 0.978235 0.774712 0.541042 0.329694 0.173145 0.077669 0.029984 0.010973 0.008081 0.019734 0.050330 0.100389 
0.129993 0.183993 0.217957 0.218416 0.186061 0.167600 0.280047 0.576438 0.915295 1.148101 1.308545 1.454474 1.505586 1.395372 1.232625 1.130378 1.037976 0.876473 0.657877 0.435368 0.251420 0.125407 0.053826 0.020478 0.009527 0.013908 0.035032 0.075360 
0.102676 0.156993 0.200975 0.218187 0.202239 0.176830 0.223823 0.428243 0.745867 1.031698 1.228323 1.381510 1.480030 1.450479 1.313999 1.181501 1.084177 0.957225 0.767175 0.546623 0.343394 0.188413 0.089617 0.037152 0.015003 0.011718 0.024470 0.055196 
0.078936 0.129834 0.178984 0.209581 0.210213 0.189534 0.200327 0.326033 0.587055 0.888782 1.130011 1.304916 1.430770 1.465255 1.382239 1.247750 1.132839 1.020701 0.862200 0.656899 0.445008 0.265903 0.139015 0.063384 0.026078 0.013360 0.018094 0.039833 
0.059385 0.104385 0.154409 0.194282 0.209897 0.199874 0.194931 0.263180 0.456544 0.737918 1.009396 1.217463 1.367843 1.448012 1.423747 1.314994 1.190295 1.076770 0.941450 0.759549 0.550954 0.355456 0.202459 0.101200 0.044731 0.019719 0.015727 0.028963 
0.044174 0.081885 0.129397 0.174346 0.202090 0.204885 0.197402 0.229055 0.359862 0.597231 0.873657 1.113430 1.292653 1.407928 1.435879 1.369371 1.252645 1.133532 1.009110 0.850500 0.655251 0.453205 0.278958 0.151829 0.072965 0.032225 0.017723 0.022345 
0.033260 0.063029 0.105641 0.151871 0.188218 0.203487 0.201144 0.213229 0.294459 0.478547 0.735444 0.993544 1.203042 1.350290 1.421904 1.402625 1.311008 1.193088 1.071321 0.929805 0.752876 0.554228 0.366081 0.215393 0.112397 0.052595 0.024974 0.020034 
0.026647 0.048145 0.084335 0.128756 0.170045 0.195853 0.202315 0.207186 0.253844 0.386503 0.606995 0.864494 1.098293 1.276666 1.386097 1.412264 1.356816 1.252048 1.132205 1.000563 0.841340 0.653552 0.460155 0.290737 0.163895 0.082496 0.038785 0.022504 
0.024575 0.037396 0.066240 0.106546 0.149400 0.182949 0.199084 0.204751 0.230515 0.320173 0.496749 0.735745 0.981393 1.187479 1.331382 1.399181 1.384540 1.304432 1.192126 1.066384 0.920952 0.747446 0.556853 0.375446 0.227316 0.123196 0.060640 0.030644 
0.027610 0.030986 0.051818 0.086393 0.127973 0.166174 0.191016 0.201917 0.217633 0.275344 0.408461 0.616247 0.858569 1.084436 1.259430 1.365281 1.391860 1.344486 1.248279 1.129255 0.993668 0.834199 0.652150 0.466150 0.301381 0.175256 0.091918 0.045642 
0.036626 0.029298 0.041402 0.069105 0.107183 0.147074 0.178595 0.196467 0.209775 0.246488 0.341903 0.512354 0.737408 0.971503 1.171933 1.312356 1.378571 1.368173 1.296383 1.188767 1.061462 0.913933 0.743174 0.559150 0.383765 0.238319 0.133587 0.068780 
0.052703 0.032962 0.035350 0.055253 0.088144 0.127128 0.162835 0.187531 0.203121 0.228132 0.294195 0.427128 0.624881 0.854455 1.071718 1.242145 1.345463 1.373372 1.332278 1.242575 1.125114 0.987697 0.828554 0.651162 0.471458 0.311042 0.185953 0.101184 
0.076943 0.042833 0.034156 0.045302 0.071699 0.107636 0.144981 0.175183 0.195326 0.215626 0.261164 0.360662 0.526005 0.739668 0.963087 1.156931 1.293804 1.359418 1.352825 1.287427 1.183845 1.056406 0.908126 0.739858 0.561310 0.391250 0.248497 0.143568 
0.110256 0.059888 0.038494 0.039729 0.058500 0.089668 0.126309 0.160082 0.185254 0.205476 0.238395 0.310913 0.443333 0.632836 0.851377 1.060009 1.225368 1.326611 1.356121 1.320126 1.235636 1.120125 0.982266 0.823992 0.650584 0.476280 0.319874 0.196033 
0.153144 0.085072 0.049191 0.039111 0.049114 0.074084 0.107988 0.143196 0.172668 0.195365 0.221936 0.274654 0.377123 0.538085 0.742107 0.955693 1.142688 1.275989 1.341366 1.338124 1.277881 1.177880 1.051196 0.903129 0.737288 0.563432 0.398077 0.257953 
0.205549 0.119108 0.067132 0.044151 0.044113 0.061599 0.091036 0.125592 0.157932 0.184017 0.208650 0.248295 0.325888 0.457604 0.640096 0.848900 1.049191 1.209339 1.308678 1.339745 1.308002 1.227881 1.114538 0.977162 0.820208 0.650360 0.480754 0.328015 
0.266782 0.162328 0.093120 0.055641 0.044132 0.052856 0.076318 0.108314 0.141762 0.170974 0.196334 0.228473 0.287092 0.391746 0.548850 0.744498 0.949045 1.129265 1.259008 1.324211 1.323873 1.267941 1.171209 1.045850 0.898685 0.735284 0.565557 0.404385 
0.335583 0.214555 0.127724 0.074381 0.049887 0.048494 0.064587 0.092316 0.125038 0.156368 0.183654 0.212403 0.257782 0.339419 0.470298 0.646674 0.846772 1.039155 1.194136 1.291610 1.324042 1.295907 1.219575 1.108530 0.972268 0.816985 0.650421 0.484971 
0.410277 0.275069 0.171140 0.101052 0.062134 0.049190 0.056540 0.078451 0.108677 0.140703 0.170011 0.198029 0.235093 0.298600 0.404858 0.558486 0.746723 0.942963 1.116646 1.242873 1.307826 1.309975 1.257741 1.164052 1.040399 0.894626 0.733703 0.567696 
0.488986 0.342673 0.223104 0.136096 0.081593 0.055662 0.052865 0.067496 0.093564 0.124690 0.155357 0.184020 0.216561 0.266847 0.351729 0.481672 0.652604 0.844843 1.029805 1.179759 1.275350 1.308900 1.283858 1.210897 1.102226 0.967512 0.814164 0.650699 
0.569843 0.415830 0.282889 0.179600 0.108845 0.068628 0.054264 0.060181 0.080530 0.109127 0.140023 0.169688 0.200290 0.241704 0.309288 0.416701 0.567138 0.748724 0.937324 1.104782 1.227554 1.292125 1.296379 1.247378 1.156561 1.034869 0.890838 0.732432 
0.651137 0.492836 0.349359 0.231244 0.144222 0.088736 0.061446 0.057222 0.070355 0.094828 0.124575 0.154856 0.184989 0.220997 0.275496 0.362994 0.491920 0.657931 0.843024 1.021053 1.166168 1.259840 1.294252 1.271878 1.201969 1.095715 0.962854 0.811635 
0.731386 0.571987 0.421098 0.290302 0.187733 0.116479 0.075091 0.059334 0.063789 0.082592 0.109702 0.139716 0.169923 0.202993 0.248246 0.319245 0.427457 0.574925 0.750477 0.932038 1.093611 1.213004 1.277046 1.283065 1.236924 1.148842 1.029284 0.887244 
0.809315 0.651686 0.496542 0.355700 0.239018 0.152106 0.095785 0.067212 0.061561 0.073190 0.096147 0.124709 0.154819 0.186458 0.225620 0.283746 0.373351 0.501191 0.662701 0.841258 1.012824 1.153307 1.245025 1.280056 1.259995 1.192883 1.089063 0.958264 
0.883790 0.730501 0.574114 0.426121 0.297359 0.195562 0.123946 0.081499 0.064387 0.067376 0.084669 0.110428 0.139764 0.170638 0.206039 0.254683 0.328548 0.437271 0.581946 0.751980 0.927041 1.083066 1.199166 1.262540 1.270025 1.226439 1.140973 1.023664 
