0.007511 0.003663 0.004230 0.011328 0.030442 0.572829 1.154442 1.289029 1.476205 1.690758 1.882963 1.495544 0.990807 0.870868 0.676347 0.464455 0.282267 0.151885 0.072337 0.030935 0.013885 0.010992 0.015414 0.021973 0.026498 0.026449 0.021701 0.014342 
0.010926 0.005587 0.003947 0.007779 0.020885 0.301636 0.863636 1.221735 1.382617 1.583481 1.786860 1.689254 1.243176 0.930837 0.773607 0.570401 0.373361 0.217076 0.112111 0.051636 0.022410 0.012439 0.013203 0.018693 0.024236 0.026473 0.024075 0.018022 
0.014474 0.008257 0.004767 0.005863 0.014332 0.161261 0.582636 1.042685 1.302176 1.483049 1.685171 1.738057 1.466215 1.087007 0.852222 0.672004 0.471881 0.295218 0.164593 0.081873 0.037023 0.017424 0.012821 0.015948 0.021465 0.025355 0.025274 0.021048 
0.017761 0.011365 0.006512 0.005315 0.010098 0.087796 0.371948 0.812661 1.172431 1.392612 1.584110 1.711614 1.602136 1.276611 0.969614 0.762113 0.571942 0.383549 0.229906 0.123233 0.059448 0.027224 0.015123 0.014384 0.018706 0.023410 0.025314 0.023161 
0.020461 0.014563 0.008939 0.005913 0.007706 0.048947 0.229872 0.592304 0.992546 1.282522 1.488361 1.647862 1.656875 1.439373 1.123113 0.865864 0.667028 0.477746 0.306728 0.176570 0.091341 0.043336 0.021173 0.014753 0.016545 0.021058 0.024362 0.024238 
0.022350 0.017512 0.011751 0.007426 0.006810 0.028327 0.139410 0.411088 0.792425 1.137534 1.385441 1.568112 1.652368 1.548124 1.281243 0.994488 0.766446 0.572387 0.392237 0.241649 0.133955 0.067338 0.032254 0.017963 0.015649 0.018802 0.022710 0.024300 
0.023325 0.019931 0.014632 0.009588 0.007118 0.017568 0.083868 0.275249 0.601757 0.964979 1.261487 1.476776 1.610240 1.600246 1.414683 1.137865 0.880467 0.669416 0.482312 0.316943 0.187802 0.100647 0.049796 0.025109 0.016806 0.017226 0.020756 0.023505 
0.023415 0.021628 0.017281 0.012110 0.008353 0.012343 0.050718 0.179559 0.438503 0.783368 1.113233 1.369132 1.543508 1.605243 1.507465 1.276274 1.009166 0.774942 0.575864 0.399627 0.252372 0.144224 0.075222 0.037453 0.020958 0.017016 0.018991 0.022130 
0.022773 0.022521 0.019454 0.014696 0.010232 0.010348 0.031531 0.115138 0.309031 0.610935 0.948301 1.241183 1.456320 1.574376 1.556354 1.391870 1.142720 0.892054 0.675403 0.487746 0.326000 0.198298 0.109723 0.056337 0.029205 0.018987 0.018003 0.020561 
0.021667 0.022647 0.020988 0.017075 0.012464 0.010290 0.020939 0.073334 0.212085 0.459983 0.779618 1.094742 1.348751 1.515348 1.565365 1.474112 1.267295 1.017387 0.783728 0.581574 0.406873 0.262149 0.154011 0.083030 0.042771 0.024096 0.018495 0.019282 
0.020474 0.022157 0.021817 0.019031 0.014769 0.011377 0.015615 0.047137 0.142710 0.336034 0.619801 0.937180 1.221747 1.432050 1.540356 1.519738 1.370703 1.142341 0.900558 0.682651 0.494223 0.334511 0.208080 0.118520 0.062901 0.033434 0.021296 0.018888 
0.019681 0.021316 0.021987 0.020424 0.016900 0.013073 0.013496 0.031376 0.094923 0.239372 0.477917 0.778490 1.079463 1.326898 1.486203 1.530047 1.445221 1.256522 1.021449 0.791605 0.588437 0.414367 0.271295 0.163300 0.090710 0.048167 0.027365 0.020092 
0.019887 0.020498 0.021651 0.021206 0.018662 0.014987 0.013284 0.022436 0.063150 0.167147 0.358644 0.628204 0.928977 1.203181 1.406551 1.508125 1.487634 1.350872 1.138986 0.906527 0.690021 0.501402 0.342831 0.217298 0.127005 0.069439 0.037766 0.023728 
0.021807 0.020193 0.021075 0.021429 0.019934 0.016825 0.014136 0.017860 0.042793 0.115148 0.262896 0.493424 0.778590 1.066079 1.304866 1.457338 1.497880 1.419253 1.244929 1.022756 0.798274 0.595712 0.422117 0.280064 0.172151 0.098222 0.053602 0.030747 
0.026277 0.021000 0.020634 0.021252 0.020681 0.018379 0.015480 0.015998 0.030326 0.078971 0.189022 0.378160 0.636007 0.922334 1.185472 1.381102 1.477609 1.458566 1.332091 1.133843 0.910515 0.696993 0.508914 0.351091 0.226108 0.135187 0.075912 0.042175 
0.034226 0.023639 0.020817 0.020943 0.020967 0.019530 0.016930 0.015739 0.023162 0.054648 0.133996 0.283591 0.507084 0.779171 1.053903 1.283287 1.429355 1.468087 1.395328 1.232967 1.022179 0.803754 0.602953 0.430002 0.288599 0.180647 0.105549 0.059043 
0.046635 0.028932 0.022228 0.020880 0.020955 0.020248 0.018230 0.016334 0.019450 0.038905 0.094322 0.208794 0.395337 0.643127 0.916537 1.168595 1.356321 1.448721 1.431708 1.314148 1.127573 0.912966 0.703354 0.516478 0.359301 0.234623 0.143098 0.082296 
0.064466 0.037783 0.025580 0.021554 0.020917 0.020602 0.019239 0.017282 0.017892 0.029178 0.066614 0.151558 0.302066 0.519232 0.779832 1.042566 1.262458 1.402521 1.440215 1.372928 1.220860 1.020270 0.808160 0.609916 0.437889 0.296962 0.188861 0.112697 
0.088581 0.051125 0.031682 0.023567 0.021235 0.020759 0.019920 0.018261 0.017587 0.023535 0.047896 0.109086 0.226812 0.410649 0.649532 0.911199 1.152512 1.332490 1.421368 1.406571 1.296894 1.120565 0.914215 0.709038 0.523903 0.367426 0.242911 0.150779 
0.119680 0.069853 0.041403 0.027624 0.022401 0.020997 0.020340 0.019091 0.017924 0.020561 0.035715 0.078491 0.167949 0.318730 0.530091 0.780366 1.031856 1.242501 1.376929 1.413970 1.351733 1.208729 1.017390 0.811626 0.616470 0.445664 0.305169 0.196845 
0.158263 0.094767 0.055628 0.034514 0.025013 0.021699 0.020669 0.019715 0.018507 0.019243 0.028138 0.057103 0.123220 0.243340 0.424410 0.655228 0.906111 1.137178 1.309715 1.395449 1.382851 1.280231 1.113060 0.914508 0.714048 0.531067 0.375416 0.251007 
0.204635 0.126515 0.075197 0.045071 0.029763 0.023356 0.021184 0.020192 0.019111 0.018875 0.023690 0.042621 0.090162 0.183280 0.333875 0.539819 0.780669 1.021644 1.223447 1.352582 1.389150 1.331541 1.196645 1.013784 0.814278 0.622558 0.453242 0.313212 
0.258923 0.165575 0.100856 0.060134 0.037417 0.026560 0.022270 0.020688 0.019652 0.018993 0.021283 0.033156 0.066391 0.136721 0.258577 0.436847 0.660244 0.901157 1.122545 1.288014 1.370866 1.360346 1.264093 1.105215 0.914031 0.718418 0.537900 0.383227 
0.321075 0.212249 0.133215 0.080495 0.048776 0.031988 0.024415 0.021479 0.020170 0.019322 0.020138 0.027219 0.049773 0.101556 0.197649 0.347712 0.548546 0.780701 1.011851 1.205280 1.329440 1.365606 1.312219 1.184654 1.009623 0.816225 0.628159 0.460563 
0.390819 0.266662 0.172732 0.106855 0.064635 0.040382 0.028202 0.022947 0.020824 0.019746 0.019730 0.023679 0.038496 0.075665 0.149602 0.272681 0.448129 0.664623 0.896276 1.108566 1.267360 1.347523 1.338913 1.248437 1.097138 0.912924 0.722192 0.544361 
0.467590 0.328741 0.219697 0.139794 0.085745 0.052509 0.034292 0.025574 0.021886 0.020285 0.019738 0.021704 0.031087 0.057080 0.112634 0.211142 0.360405 0.556376 0.780450 1.002421 1.187963 1.307441 1.343218 1.293675 1.172787 1.005031 0.817558 0.633276 
0.550433 0.398165 0.274219 0.179745 0.112770 0.069127 0.043400 0.029933 0.023730 0.021085 0.020012 0.020721 0.026396 0.044084 0.084857 0.161888 0.285773 0.458390 0.668413 0.891435 1.095192 1.247702 1.325330 1.318446 1.233231 1.088909 0.911294 0.725417 
0.637925 0.474299 0.336192 0.226982 0.146257 0.090948 0.056264 0.036667 0.026831 0.022408 0.020549 0.020366 0.023559 0.035240 0.064470 0.123372 0.223830 0.372082 0.563402 0.779924 0.993313 1.171447 1.286516 1.321888 1.275839 1.161070 1.000102 0.818356 
