0.781175 0.951710 0.951710 0.781175 0.516285 0.262379 0.093279 0.018946 0.501226 1.001226 1.018946 1.093279 1.262379 1.516285 1.281175 0.951710 0.951710 0.781175 0.516285 0.262379 0.093279 0.018946 0.001226 0.001226 0.018946 0.093279 0.262379 0.516285 
0.648730 0.866443 0.951710 0.866443 0.648730 0.389332 0.177829 0.056113 0.260086 0.751226 1.010086 1.056113 1.177829 1.389332 1.398730 1.116443 0.951710 0.866443 0.648730 0.389332 0.177829 0.056113 0.010086 0.001226 0.010086 0.056113 0.177829 0.389332 
0.519031 0.757586 0.909077 0.909077 0.757586 0.519031 0.283580 0.116971 0.158099 0.505656 0.880656 1.033099 1.116971 1.283580 1.394031 1.257586 1.034077 0.909077 0.757586 0.519031 0.283580 0.116971 0.033099 0.005656 0.005656 0.033099 0.116971 0.283580 
0.401306 0.638309 0.833331 0.909077 0.833331 0.638309 0.401306 0.200276 0.137535 0.331878 0.693156 0.956878 1.075035 1.200276 1.338806 1.325809 1.145831 0.971577 0.833331 0.638309 0.401306 0.200276 0.075035 0.019378 0.005656 0.019378 0.075035 0.200276 
0.300791 0.519807 0.735820 0.871204 0.871204 0.735820 0.519807 0.300791 0.168905 0.234706 0.512517 0.825017 1.015956 1.137655 1.269541 1.332307 1.235820 1.058704 0.902454 0.735820 0.519807 0.300791 0.137655 0.047206 0.012517 0.012517 0.047206 0.137655 
0.219223 0.410299 0.627814 0.803512 0.871204 0.803512 0.627814 0.410299 0.234848 0.201806 0.373612 0.668767 0.920487 1.076806 1.203598 1.300924 1.284064 1.147262 0.980579 0.819137 0.627814 0.410299 0.219223 0.092431 0.029862 0.012517 0.029862 0.092431 
0.155827 0.314761 0.519056 0.715663 0.837358 0.837358 0.715663 0.519056 0.322573 0.218327 0.287709 0.521189 0.794627 0.998646 1.140202 1.252261 1.292494 1.215663 1.063921 0.899858 0.723475 0.519056 0.314761 0.155827 0.061146 0.021189 0.021189 0.061146 
0.108487 0.235294 0.416909 0.617359 0.776510 0.837358 0.776510 0.617359 0.420815 0.270450 0.253018 0.404449 0.657908 0.896636 1.069424 1.196231 1.272377 1.254078 1.139792 0.981889 0.811667 0.621266 0.416909 0.235294 0.108487 0.041168 0.021189 0.041168 
0.074827 0.171890 0.326101 0.517134 0.696935 0.806934 0.806934 0.696935 0.519087 0.345632 0.261734 0.328733 0.531178 0.777272 0.983030 1.132828 1.234304 1.263228 1.196935 1.060840 0.896778 0.716466 0.519087 0.326101 0.171890 0.074827 0.031178 0.031178 
0.053003 0.123359 0.248996 0.421618 0.607034 0.751935 0.806934 0.751935 0.608011 0.432360 0.303683 0.295234 0.429956 0.654225 0.880151 1.057929 1.183566 1.248766 1.230081 1.128888 0.978809 0.806622 0.617777 0.422594 0.248996 0.123359 0.053003 0.031178 
0.042091 0.088181 0.186177 0.335307 0.514326 0.679485 0.779434 0.779434 0.679973 0.520185 0.368022 0.299458 0.362595 0.542091 0.767188 0.969040 1.120747 1.216166 1.239424 1.179485 1.053848 0.892716 0.712199 0.520185 0.335795 0.186177 0.088181 0.042091 
0.042091 0.065136 0.137179 0.260742 0.424816 0.596905 0.729459 0.779434 0.729704 0.600079 0.444103 0.333740 0.331027 0.452343 0.654639 0.868114 1.044894 1.168457 1.227795 1.209454 1.116666 0.973282 0.802457 0.616192 0.427990 0.260986 0.137179 0.065136 
0.053613 0.053613 0.101157 0.198960 0.342779 0.510861 0.663182 0.754447 0.754569 0.664891 0.522091 0.388922 0.332383 0.391685 0.553491 0.761377 0.956504 1.106675 1.198126 1.218624 1.163060 1.044974 0.887870 0.709325 0.522091 0.344488 0.199082 0.101157 
0.077385 0.053613 0.077385 0.150059 0.270870 0.426820 0.587022 0.708815 0.754508 0.709730 0.593491 0.455506 0.360652 0.362034 0.472588 0.657434 0.858940 1.031590 1.152401 1.208375 1.190842 1.104017 0.966422 0.798597 0.615708 0.433290 0.271785 0.150120 
0.113753 0.065499 0.065499 0.113722 0.210464 0.348845 0.506921 0.647918 0.731661 0.732119 0.651611 0.524499 0.408079 0.361343 0.417311 0.565011 0.758187 0.945265 1.091995 1.180388 1.199609 1.147430 1.035220 0.882510 0.707153 0.524499 0.352538 0.210953 
0.162353 0.089626 0.065499 0.089611 0.162093 0.279655 0.427883 0.577419 0.689790 0.731890 0.691865 0.588055 0.466289 0.384711 0.389327 0.491161 0.661599 0.851726 1.018630 1.136191 1.189998 1.173519 1.091325 0.958865 0.794831 0.615826 0.438518 0.281745 
0.222049 0.125989 0.077562 0.077555 0.125852 0.220874 0.353769 0.502651 0.633605 0.710840 0.711878 0.639960 0.527172 0.425500 0.387019 0.440244 0.576380 0.756663 0.935178 1.077411 1.163095 1.181759 1.132422 1.025095 0.876848 0.705329 0.527172 0.360132 
0.291090 0.174019 0.101776 0.077559 0.101703 0.173363 0.287321 0.428210 0.568128 0.672222 0.711359 0.675919 0.583566 0.476336 0.406260 0.413632 0.508312 0.666521 0.845920 1.006294 1.120253 1.172427 1.157090 1.078758 0.950971 0.791088 0.616250 0.443652 
0.367371 0.232555 0.137897 0.089667 0.089631 0.137533 0.230342 0.357766 0.498169 0.620175 0.691791 0.693639 0.629742 0.529951 0.441298 0.409946 0.460972 0.587417 0.756221 0.926107 1.063274 1.146340 1.164759 1.117924 1.014865 0.871030 0.703669 0.529951 
0.448661 0.299963 0.185226 0.113782 0.089649 0.113582 0.183938 0.294054 0.427967 0.559172 0.655983 0.692715 0.661691 0.579847 0.485624 0.425622 0.435459 0.524194 0.671819 0.841164 0.994690 1.104807 1.155549 1.141342 1.066395 0.942947 0.787350 0.616810 
0.532736 0.374312 0.242594 0.149504 0.101716 0.101616 0.148760 0.238996 0.361011 0.493570 0.607577 0.674349 0.677203 0.620769 0.532736 0.455623 0.430540 0.479826 0.598006 0.756491 0.917927 1.049749 1.130178 1.148445 1.103868 1.004671 0.865148 0.702080 
0.617408 0.453524 0.308453 0.196049 0.125610 0.101666 0.125188 0.193878 0.300003 0.427290 0.550573 0.640963 0.675776 0.648986 0.576752 0.494179 0.443082 0.455183 0.538916 0.677249 0.837209 0.983838 1.089963 1.139312 1.126157 1.054270 0.934910 0.783614 
0.700511 0.535466 0.380988 0.252251 0.160830 0.113638 0.113427 0.159533 0.246940 0.363647 0.488932 0.595768 0.658369 0.662381 0.612869 0.535466 0.468631 0.449133 0.497050 0.608083 0.757229 0.910524 1.036901 1.114637 1.132734 1.090213 0.994590 0.859262 
0.779886 0.617988 0.458227 0.316620 0.206540 0.137234 0.113532 0.136480 0.203237 0.305294 0.426289 0.542350 0.627069 0.660375 0.637625 0.574167 0.502048 0.458882 0.473091 0.552566 0.682656 0.833876 0.973712 1.075769 1.123686 1.111474 1.042401 0.926926 
0.853406 0.698937 0.538108 0.387423 0.261580 0.171887 0.125383 0.125006 0.169858 0.254265 0.365791 0.484320 0.584709 0.643722 0.649000 0.605896 0.538108 0.480465 0.465986 0.512829 0.617611 0.758266 0.903794 1.024741 1.099727 1.117580 1.076938 0.984664 
0.919035 0.776172 0.618523 0.462766 0.324502 0.216734 0.148635 0.125194 0.147432 0.212062 0.310028 0.425055 0.534515 0.614216 0.646361 0.627448 0.572002 0.509286 0.473226 0.489408 0.565220 0.687939 0.831030 0.964267 1.062234 1.108654 1.097259 1.030801 
0.974918 0.847603 0.697347 0.540644 0.393634 0.270618 0.182684 0.136915 0.136313 0.179747 0.261045 0.367542 0.479785 0.574365 0.630288 0.636904 0.599725 0.540644 0.491256 0.481317 0.527314 0.626579 0.759484 0.897649 1.013251 1.085444 1.102956 1.064030 
1.019474 0.911260 0.772475 0.618996 0.467139 0.332126 0.226651 0.159800 0.136614 0.158030 0.220396 0.314293 0.423663 0.527075 0.602327 0.633596 0.618315 0.570184 0.515950 0.486286 0.504315 0.576946 0.693032 0.828567 0.955450 1.049347 1.094200 1.083493 
