0.782025 0.955414 1.463004 1.811584 1.588587 1.414230 1.375019 1.480809 1.170284 0.857752 0.988054 1.062387 1.118905 1.185343 1.243039 1.233451 1.103561 0.853478 0.546693 0.273673 0.096983 0.020018 0.001500 0.001288 0.018958 0.093281 0.262379 0.516285 
0.649155 0.868720 1.209209 1.637294 1.700086 1.501409 1.394625 1.427914 1.325547 1.014018 0.922903 1.025220 1.090646 1.152124 1.214191 1.238245 1.168506 0.978520 0.700086 0.410183 0.185328 0.058501 0.010759 0.001394 0.010123 0.056120 0.177830 0.389332 
0.519243 0.758937 1.038964 1.423252 1.668690 1.600747 1.448017 1.411270 1.376731 1.169783 0.968461 0.974062 1.057933 1.121385 1.183158 1.226218 1.203375 1.073513 0.839303 0.555134 0.297756 0.121914 0.034630 0.006076 0.005758 0.033121 0.116975 0.283581 
0.401412 0.639090 0.898951 1.231108 1.545971 1.634718 1.524382 1.429643 1.394000 1.273257 1.069122 0.971261 1.015997 1.089659 1.152271 1.204688 1.214797 1.138444 0.956408 0.697218 0.426445 0.209835 0.078272 0.020353 0.005917 0.019440 0.075048 0.200278 
0.300845 0.520251 0.769021 1.065029 1.388539 1.590345 1.579550 1.477012 1.411822 1.333628 1.171189 1.020191 0.993629 1.052828 1.120965 1.178480 1.209742 1.176620 1.047426 0.826813 0.561832 0.318140 0.144053 0.049313 0.013135 0.012679 0.047244 0.137663 
0.219254 0.410548 0.644636 0.917025 1.226784 1.489442 1.584947 1.528281 1.444417 1.372725 1.252409 1.095690 1.006910 1.023229 1.086897 1.149722 1.194111 1.193181 1.112023 0.937119 0.694322 0.439986 0.231097 0.096683 0.031224 0.012907 0.029961 0.092454 
0.155854 0.314901 0.527592 0.780830 1.071905 1.358113 1.537195 1.556614 1.486349 1.408571 1.312567 1.174050 1.051300 1.015070 1.055063 1.118310 1.171917 1.193646 1.152602 1.024571 0.815721 0.567154 0.335541 0.163890 0.063953 0.022065 0.021434 0.061207 
0.108531 0.235378 0.421247 0.654211 0.926368 1.215009 1.447654 1.546905 1.521482 1.447460 1.360569 1.243308 1.112675 1.033185 1.035066 1.086686 1.145113 1.182781 1.173124 1.088587 0.920146 0.691438 0.451348 0.249716 0.113922 0.043009 0.021750 0.041321 
0.074926 0.171954 0.328312 0.537729 0.790289 1.070688 1.331331 1.497279 1.534193 1.484471 1.404015 1.301939 1.177992 1.072930 1.034126 1.060876 1.115900 1.163947 1.177953 1.130855 1.004366 0.805792 0.571393 0.350532 0.181819 0.078466 0.032380 0.031535 
0.053230 0.123440 0.250133 0.433020 0.664009 0.930489 1.201010 1.414305 1.515736 1.509332 1.444243 1.352977 1.239965 1.125461 1.053528 1.047501 1.088388 1.139923 1.170950 1.154404 1.067611 0.905079 0.688592 0.460962 0.266175 0.130142 0.055423 0.031957 
0.042594 0.088335 0.186786 0.341577 0.548515 0.797249 1.065749 1.307658 1.465021 1.512534 1.476787 1.398610 1.296471 1.182713 1.089494 1.050514 1.067944 1.114156 1.155437 1.162677 1.111007 0.986345 0.796836 0.574777 0.363569 0.198159 0.092782 0.043690 
0.043142 0.065465 0.137561 0.264182 0.445046 0.672882 0.931499 1.186703 1.386339 1.488777 1.494661 1.437699 1.347540 1.239592 1.136104 1.070004 1.059229 1.091050 1.134796 1.159057 1.136842 1.048676 0.891590 0.685806 0.469173 0.280864 0.145470 0.068236 
0.055689 0.054303 0.101513 0.200871 0.354614 0.558964 0.802191 1.059101 1.286521 1.437558 1.491719 1.466180 1.392619 1.293566 1.187848 1.103054 1.064617 1.075140 1.112923 1.146927 1.147950 1.092759 0.970133 0.788698 0.577490 0.375018 0.213167 0.106853 
0.081271 0.054996 0.077908 0.151192 0.277742 0.456789 0.680577 0.930646 1.172811 1.362040 1.464639 1.478949 1.429399 1.343093 1.240707 1.145451 1.083835 1.069878 1.094031 1.129925 1.147438 1.120354 1.031446 0.879416 0.683094 0.476254 0.294093 0.160010 
0.120641 0.068134 0.066452 0.114550 0.214467 0.367266 0.568683 0.805612 1.051729 1.267426 1.413339 1.471794 1.454174 1.386246 1.291900 1.193079 1.114643 1.076857 1.081955 1.111978 1.138681 1.133896 1.075900 0.955431 0.781255 0.579674 0.385173 0.227051 
0.173846 0.094387 0.067293 0.090501 0.164509 0.290866 0.467974 0.687147 0.928670 1.159577 1.340382 1.442567 1.462984 1.420210 1.339073 1.242489 1.153861 1.095750 1.079406 1.096966 1.125330 1.136289 1.104898 1.015666 0.868343 0.680464 0.482424 0.306112 
0.239979 0.134117 0.080840 0.078897 0.127505 0.227688 0.379420 0.577561 0.807909 1.044124 1.249980 1.391475 1.452775 1.441597 1.379642 1.290781 1.198175 1.124805 1.087578 1.088186 1.111148 1.130809 1.120594 1.060282 0.942004 0.774404 0.581444 0.394268 
0.317124 0.187048 0.107478 0.079869 0.103201 0.177596 0.303554 0.478491 0.692735 0.926016 1.147052 1.320727 1.422125 1.447186 1.410619 1.335211 1.244478 1.161490 1.106192 1.087882 1.099667 1.120979 1.125701 1.090438 1.001143 0.858204 0.677924 0.487856 
0.402490 0.252086 0.147263 0.093673 0.091535 0.140399 0.240575 0.391022 0.585613 0.809375 1.036534 1.233889 1.371426 1.434656 1.428903 1.372915 1.289845 1.202984 1.133841 1.097037 1.093775 1.110323 1.123340 1.108070 1.045790 0.929674 0.768064 0.582890 
0.492690 0.327288 0.199674 0.120468 0.092604 0.115967 0.190487 0.315799 0.488317 0.697494 0.922955 1.135212 1.302658 1.403041 1.431779 1.400909 1.331380 1.246414 1.168413 1.115439 1.095406 1.102049 1.116831 1.115705 1.076930 0.987732 0.848869 0.675477 
0.584083 0.409989 0.263481 0.160071 0.106536 0.104285 0.153227 0.253143 0.402058 0.592906 0.810224 1.029083 1.218935 1.352849 1.417410 1.416344 1.366145 1.288897 1.207414 1.141926 1.105422 1.098727 1.109440 1.116268 1.096317 1.032331 0.918300 0.762173 
0.673128 0.497036 0.336735 0.211776 0.133304 0.105411 0.128756 0.203185 0.327600 0.497482 0.701565 0.919654 1.124009 1.285892 1.385130 1.416877 1.391244 1.327521 1.248155 1.174670 1.123674 1.102075 1.104084 1.112854 1.106293 1.064324 0.975316 0.840237 
0.756682 0.585082 0.416886 0.274256 0.172540 0.119357 0.117083 0.165970 0.265393 0.412541 0.599523 0.810609 1.021831 1.204950 1.335511 1.401003 1.404061 1.359383 1.287838 1.211413 1.149172 1.112874 1.103079 1.108469 1.109573 1.085309 1.019820 0.907776 
0.832229 0.670882 0.500984 0.345571 0.223398 0.145949 0.118220 0.141527 0.215681 0.338967 0.506032 0.705066 0.916220 1.113391 1.270231 1.368257 1.402532 1.381722 1.323610 1.249625 1.180292 1.131023 1.107977 1.105774 1.109021 1.097441 1.052564 0.963798 
0.898014 0.751556 0.585933 0.423277 0.284484 0.184673 0.132084 0.129874 0.178604 0.277324 0.422500 0.605549 0.810643 1.014806 1.191811 1.319244 1.385395 1.392127 1.352666 1.286618 1.214959 1.155658 1.119500 1.106875 1.107398 1.103231 1.075003 1.008181 
0.953097 0.824785 0.668744 0.504605 0.353881 0.234579 0.158379 0.130979 0.154239 0.227964 0.349912 0.514024 0.708096 0.912725 1.103308 1.255527 1.352319 1.388761 1.372396 1.319642 1.250788 1.185308 1.137579 1.113188 1.107137 1.105314 1.089117 1.041592 
0.997345 0.888941 0.746765 0.586675 0.429243 0.294230 0.196479 0.144679 0.142609 0.191102 0.288938 0.431968 0.611060 0.810410 1.008016 1.179418 1.303923 1.370540 1.380579 1.346019 1.285215 1.218048 1.161444 1.125383 1.110162 1.106225 1.097216 1.065354 
1.031350 0.943143 0.817853 0.666720 0.507959 0.361736 0.245354 0.170579 0.143644 0.166855 0.240020 0.360453 0.521514 0.710735 0.909213 1.093717 1.241671 1.337232 1.375559 1.363299 1.315617 1.251632 1.189746 1.143413 1.117773 1.108194 1.101721 1.081285 
