0.020085 0.006393 0.645538 1.337941 1.458722 1.673186 1.871026 2.056189 1.499364 0.823245 0.691382 0.474663 0.285969 0.150696 0.069258 0.027803 0.009833 0.003064 0.001085 0.001863 0.005180 0.010516 0.016184 0.019858 0.019858 0.016183 0.010508 0.002392 
0.011587 -0.025602 0.281835 1.024137 1.428203 1.561138 1.773937 2.010774 1.831606 1.134744 0.728601 0.586574 0.375226 0.211630 0.104114 0.044564 0.016650 0.005449 0.001603 0.001143 0.003236 0.007701 0.013454 0.018375 0.020317 0.018375 0.013623 0.004990 
0.010073 -0.025810 0.079398 0.646947 1.264255 1.506624 1.661044 1.916853 1.979546 1.497361 0.896995 0.645413 0.482248 0.286938 0.151369 0.069364 0.027585 0.009546 0.002855 0.001002 0.001882 0.005240 0.010549 0.016153 0.019775 0.019764 0.016417 0.008597 
0.011089 -0.014352 -0.010920 0.331166 0.975925 1.414370 1.582994 1.794682 1.994325 1.779895 1.182766 0.743879 0.560313 0.382868 0.212072 0.104504 0.044477 0.016373 0.005188 0.001455 0.001116 0.003284 0.007754 0.013456 0.018315 0.020205 0.018579 0.012206 
0.012839 -0.001916 -0.035606 0.120040 0.647523 1.224906 1.512855 1.686899 1.921135 1.936908 1.495359 0.937475 0.635756 0.470793 0.293103 0.151365 0.069524 0.027372 0.009257 0.002644 0.000917 0.001900 0.005298 0.010581 0.016124 0.019665 0.019909 0.015361 
0.014738 0.007410 -0.029411 0.007143 0.357423 0.951185 1.394089 1.603234 1.813909 1.971258 1.751987 1.207677 0.762058 0.545523 0.380496 0.216243 0.104220 0.044465 0.016093 0.004926 0.001306 0.001088 0.003330 0.007805 0.013461 0.018226 0.020293 0.017807 
0.016575 0.013183 -0.013743 -0.035328 0.147458 0.648515 1.196676 1.513176 1.711809 1.919455 1.905476 1.493979 0.964382 0.636253 0.459742 0.295057 0.153701 0.069114 0.027242 0.008963 0.002432 0.000830 0.001916 0.005354 0.010615 0.016068 0.019712 0.019371 
0.018164 0.016388 0.000857 -0.037642 0.023400 0.375151 0.934130 1.376771 1.619295 1.828920 1.951162 1.731954 1.223970 0.778250 0.537782 0.375202 0.219373 0.105190 0.044034 0.015894 0.004655 0.001155 0.001058 0.003374 0.007859 0.013442 0.018252 0.019944 
0.019271 0.018135 0.010918 -0.023178 -0.031512 0.168154 0.648960 1.175229 1.512597 1.731626 1.916843 1.880947 1.492119 0.984390 0.640320 0.451202 0.294263 0.156364 0.069234 0.026844 0.008734 0.002209 0.000743 0.001930 0.005412 0.010630 0.016091 0.019510 
0.019675 0.019139 0.016586 -0.006061 -0.041955 0.037750 0.388144 0.921059 1.363116 1.631621 1.840167 1.934773 1.716022 1.235457 0.792442 0.534065 0.369531 0.220950 0.106830 0.043726 0.015548 0.004431 0.000994 0.001027 0.003419 0.007898 0.013473 0.018157 
0.019242 0.019662 0.019245 0.007347 -0.030405 -0.026246 0.184622 0.648873 1.158613 1.511962 1.746763 1.914176 1.861346 1.489756 1.000062 0.645848 0.444936 0.292090 0.158548 0.069906 0.026388 0.008443 0.002016 0.000646 0.001945 0.005459 0.010672 0.016068 
0.017966 0.019676 0.020223 0.015629 -0.012533 -0.043864 0.050432 0.398068 0.910674 1.352471 1.640983 1.848446 1.921449 1.702855 1.243823 0.804907 0.532807 0.364302 0.221306 0.108601 0.043728 0.015097 0.004194 0.000848 0.000990 0.003458 0.007948 0.013498 
0.015972 0.019066 0.020344 0.019720 0.003219 -0.035852 -0.020401 0.198106 0.648486 1.145579 1.511373 1.758184 1.911576 1.845404 1.487109 1.012682 0.651956 0.440486 0.289317 0.160071 0.070910 0.026040 0.008065 0.001830 0.000556 0.001952 0.005510 0.010724 
0.013481 0.017767 0.019937 0.021143 0.013873 -0.018313 -0.044225 0.061669 0.405884 0.902319 1.344119 1.648054 1.854442 1.910471 1.691773 1.250047 0.815884 0.533123 0.359762 0.220818 0.110217 0.044026 0.014638 0.003904 0.000716 0.000952 0.003493 0.008012 
0.010761 0.015830 0.019045 0.021130 0.019595 -0.001055 -0.039899 -0.014411 0.209368 0.648003 1.135250 1.510800 1.766742 1.909024 1.832231 1.484377 1.023030 0.658204 0.437454 0.286368 0.160970 0.072045 0.025866 0.007633 0.001624 0.000476 0.001955 0.005569 
0.008074 0.013419 0.017624 0.020384 0.021784 0.011602 -0.023361 -0.043569 0.071657 0.412218 0.895569 1.337481 1.653350 1.858679 1.901261 1.682339 1.254764 0.825580 0.534470 0.355952 0.219784 0.111557 0.044537 0.014239 0.003561 0.000582 0.000918 0.003530 
0.005631 0.010768 0.015683 0.019180 0.021893 0.018965 -0.005253 -0.042852 -0.008504 0.218930 0.647559 1.126993 1.510202 1.773095 1.906486 1.821185 1.481693 1.031643 0.664358 0.435527 0.283475 0.161349 0.073176 0.025867 0.007192 0.001383 0.000400 0.001961 
0.003572 0.008122 0.013328 0.017569 0.020938 0.022112 0.009023 -0.027713 -0.042243 0.080570 0.417495 0.890115 1.332131 1.657262 1.861552 1.893390 1.674236 1.258405 0.834174 0.536491 0.352832 0.218419 0.112587 0.045178 0.013936 0.003182 0.000431 0.000890 
0.001975 0.005689 0.010744 0.015563 0.019445 0.022554 0.017937 -0.009255 -0.044949 -0.002802 0.227169 0.647236 1.120341 1.509555 1.777738 1.903937 1.811792 1.479137 1.038906 0.670297 0.434457 0.280761 0.161315 0.074220 0.026016 0.006778 0.001106 0.000321 
0.000867 0.003620 0.008148 0.013227 0.017611 0.021530 0.022139 0.006283 -0.031436 -0.040480 0.088564 0.422007 0.885717 1.327756 1.660085 1.863358 1.886543 1.667220 1.261269 0.841827 0.538945 0.350334 0.216876 0.113315 0.045877 0.013739 0.002789 0.000256 
0.000231 0.001999 0.005738 0.010696 0.015492 0.019807 0.023071 0.016607 -0.013002 -0.046381 0.002636 0.234369 0.647075 1.114948 1.508843 1.781043 1.901363 1.803703 1.476752 1.045106 0.675959 0.434051 0.278289 0.160969 0.075132 0.026277 0.006414 0.000800 
0.000054 0.000845 0.003669 0.008151 0.013134 0.017745 0.022112 0.021893 0.003485 -0.034605 -0.038442 0.095772 0.425963 0.882187 1.324125 1.662041 1.864319 1.880487 1.661101 1.263566 0.848674 0.541668 0.348383 0.215259 0.113772 0.046581 0.013643 0.002401 
0.000475 0.000127 0.002027 0.005775 0.010635 0.015478 0.020230 0.023426 0.015056 -0.016471 -0.047292 0.007788 0.240742 0.647091 1.110550 1.508062 1.783289 1.898757 1.796651 1.474553 1.050462 0.681320 0.434158 0.276084 0.160394 0.075892 0.026615 0.006110 
0.002033 -0.000170 0.000821 0.003716 0.008137 0.013063 0.017957 0.022649 0.021411 0.000696 -0.037295 -0.036238 0.102311 0.429510 0.879373 1.321071 1.663303 1.864607 1.875052 1.655726 1.265448 0.854833 0.544547 0.346904 0.213641 0.113992 0.047254 0.013635 
0.005870 0.000144 0.000007 0.002054 0.005799 0.010570 0.015525 0.020686 0.023618 0.013350 -0.019660 -0.047800 0.012653 0.246453 0.647285 1.106949 1.507212 1.784692 1.896118 1.790434 1.472542 1.055141 0.686380 0.434662 0.274148 0.159659 0.076496 0.026999 
0.013699 0.001695 -0.000410 0.000788 0.003756 0.008109 0.013023 0.018232 0.023116 0.020731 -0.002038 -0.039572 -0.033945 0.108279 0.432753 0.877152 1.318467 1.664004 1.864353 1.870109 1.650970 1.267021 0.860405 0.547505 0.345828 0.212069 0.114016 0.047870 
0.027401 0.005693 -0.000183 -0.000129 0.002075 0.005811 0.010513 0.015629 0.021149 0.023652 0.011543 -0.022580 -0.047993 0.017239 0.251630 0.647650 1.103988 1.506296 1.785415 1.893449 1.784896 1.470713 1.059272 0.691146 0.435470 0.272472 0.158816 0.076950 
0.048416 0.013817 0.001395 -0.000661 0.000743 0.003787 0.008076 0.013020 0.018552 0.023502 0.019887 -0.004687 -0.041496 -0.031615 0.113760 0.435768 0.875426 1.316218 1.664247 1.863661 1.865561 1.646735 1.268364 0.865474 0.550488 0.345095 0.210573 0.113877 
