0.020741 0.010921 0.006341 0.010328 0.027521 0.067557 0.146033 0.278718 0.468551 0.629621 1.397606 2.084602 2.022102 1.897606 1.692121 1.531051 0.778718 0.083533 0.067557 0.027521 0.010328 0.006341 0.010914 0.020797 0.031760 0.038928 0.038922 0.031691 
0.026378 0.015432 0.007768 0.006974 0.016672 0.043709 0.101004 0.205416 0.371861 0.512951 0.980743 1.793009 2.104070 1.968790 1.797149 1.645764 1.188267 0.385103 0.034598 0.047615 0.016672 0.006975 0.007761 0.015456 0.026448 0.036030 0.039825 0.035991 
0.031629 0.020783 0.010966 0.006286 0.010084 0.027215 0.067521 0.146388 0.286346 0.423572 0.704899 1.396672 2.007761 2.066599 1.883977 1.739322 1.457751 0.779998 0.158839 0.021134 0.033563 0.009840 0.006281 0.010971 0.020834 0.031689 0.038766 0.038746 
0.035864 0.026375 0.015489 0.007775 0.006822 0.016368 0.043510 0.100726 0.212720 0.346123 0.529576 1.030175 1.741775 2.086787 1.988006 1.817834 1.631856 1.140099 0.435666 0.050387 0.020225 0.022701 0.006285 0.007787 0.015517 0.026436 0.035907 0.039643 
0.038580 0.031563 0.020821 0.011011 0.006219 0.009839 0.026959 0.066815 0.151961 0.274955 0.414900 0.746866 1.395699 1.964930 2.069595 1.908370 1.744944 1.418381 0.781227 0.200885 0.011071 0.020604 0.014554 0.005526 0.011064 0.020868 0.031620 0.038603 
0.039467 0.035742 0.026367 0.015544 0.007776 0.006660 0.016134 0.042635 0.104192 0.210033 0.331867 0.549078 1.056454 1.714325 2.062916 2.005738 1.836990 1.611270 1.115665 0.463097 0.069111 0.004352 0.018739 0.009316 0.007118 0.015640 0.026420 0.035785 
0.038444 0.038420 0.031498 0.020855 0.011054 0.006140 0.009671 0.026130 0.068455 0.153345 0.263989 0.416376 0.775224 1.395313 1.933311 2.066661 1.931898 1.744559 1.390146 0.783030 0.229366 0.011208 0.008087 0.015064 0.007095 0.010568 0.020977 0.031547 
0.035657 0.039296 0.035623 0.026356 0.015596 0.007764 0.006570 0.015476 0.043015 0.106630 0.204449 0.324670 0.566569 1.074072 1.694733 2.042034 2.019323 1.851957 1.593588 1.099041 0.481888 0.085878 -0.004423 0.011878 0.011299 0.007683 0.015329 0.026482 
0.031539 0.038280 0.038266 0.031433 0.020887 0.011082 0.006120 0.009227 0.025826 0.070430 0.152002 0.255554 0.421414 0.796648 1.394415 1.908594 2.062845 1.950368 1.743221 1.368739 0.784306 0.250955 0.014958 -0.001880 0.012833 0.008977 0.010583 0.020810 
0.026392 0.035581 0.039121 0.035507 0.026345 0.015635 0.007794 0.006326 0.014933 0.044067 0.107532 0.198510 0.321504 0.582037 1.086848 1.679225 2.024885 2.029194 1.863170 1.579560 1.086452 0.495853 0.100674 -0.009131 0.004665 0.011724 0.008900 0.015126 
0.020574 0.031469 0.038151 0.038108 0.031370 0.020908 0.011137 0.006032 0.008717 0.026072 0.071934 0.149300 0.249410 0.427907 0.813702 1.392983 1.888809 2.059020 1.964177 1.741808 1.352193 0.785032 0.268214 0.020211 -0.009537 0.009233 0.010364 0.011132 
0.015220 0.026194 0.035494 0.038968 0.035390 0.026328 0.015688 0.007806 0.005971 0.014696 0.045252 0.107227 0.193034 0.320803 0.595755 1.096465 1.666463 2.010831 2.036135 1.871416 1.568550 1.076563 0.506676 0.113771 -0.011336 -0.002082 0.010924 0.010229 
0.011995 0.020438 0.031313 0.038036 0.037963 0.031301 0.020934 0.011197 0.005851 0.008309 0.026646 0.072786 0.146018 0.245097 0.434970 0.827670 1.391236 1.872691 2.055301 1.974286 1.740437 1.339245 0.785426 0.282425 0.026082 -0.015341 0.005043 0.011077 
0.011385 0.015594 0.025983 0.035359 0.038836 0.035275 0.026310 0.015752 0.007761 0.005599 0.014747 0.046285 0.106094 0.188268 0.321682 0.607964 1.103906 1.655773 1.999150 2.040822 1.877372 1.559839 1.068699 0.515333 0.125405 -0.011925 -0.008115 0.009277 
0.011155 0.012972 0.020466 0.031103 0.037906 0.037833 0.031230 0.020970 0.011232 0.005609 0.008067 0.027350 0.073025 0.142580 0.242218 0.442165 0.839336 1.389374 1.859349 2.051663 1.981548 1.739087 1.329009 0.785690 0.294367 0.032131 -0.019690 0.000687 
0.007081 0.012250 0.016168 0.025827 0.035174 0.038708 0.035168 0.026296 0.015811 0.007658 0.005282 0.015007 0.047045 0.104430 0.184250 0.323596 0.618870 1.109805 1.646719 1.989261 2.043779 1.881565 1.552851 1.062427 0.522461 0.135780 -0.011443 -0.013394 
-0.003602 0.010700 0.013928 0.020658 0.030883 0.037746 0.037713 0.031166 0.021008 0.011228 0.005353 0.007993 0.028048 0.072751 0.139217 0.240457 0.449259 0.849235 1.387537 1.848140 2.048067 1.986624 1.737721 1.320843 0.785960 0.304574 0.038123 -0.022900 
-0.017958 0.004554 0.012787 0.016856 0.025763 0.034956 0.038568 0.035072 0.026289 0.015850 0.007514 0.005052 0.015392 0.047499 0.102451 0.180941 0.326187 0.628653 1.114597 1.638987 1.980732 2.045397 1.884387 1.547156 1.057433 0.528490 0.145076 -0.010247 
-0.025218 -0.007699 0.009823 0.014779 0.020989 0.030690 0.037555 0.037595 0.031115 0.021042 0.011184 0.005116 0.008061 0.028657 0.072076 0.136053 0.239566 0.456126 0.857755 1.385804 1.838592 2.044487 1.990011 1.736316 1.314276 0.786317 0.313432 0.043933 
-0.008581 -0.021875 0.001847 0.013008 0.017588 0.025799 0.034726 0.038409 0.034987 0.026290 0.015862 0.007350 0.004922 0.015830 0.047655 0.100308 0.178273 0.329214 0.637472 1.118582 1.632333 1.973243 2.045973 1.886136 1.542438 1.053475 0.533721 0.153449 
0.049498 -0.026838 -0.011543 0.008624 0.015482 0.021421 0.030545 0.037339 0.037472 0.031076 0.021064 0.011106 0.004922 0.008235 0.029133 0.071098 0.133147 0.239350 0.462708 0.865184 1.384220 1.830352 2.040905 1.992081 1.734857 1.308960 0.786805 0.321227 
0.161035 -0.006609 -0.025222 -0.000932 0.012943 0.018310 0.025930 0.034504 0.038230 0.034908 0.026293 0.015846 0.007185 0.004886 0.016268 0.047543 0.098108 0.176167 0.332512 0.645466 1.121973 1.626566 1.966563 2.045729 1.887036 1.538466 1.050362 0.538364 
0.328177 0.054793 -0.027911 -0.015107 0.007188 0.016017 0.021920 0.030461 0.037111 0.037340 0.031046 0.021072 0.011006 0.004783 0.008479 0.029457 0.069902 0.130526 0.239658 0.468979 0.871742 1.382802 1.823154 2.037314 1.993116 1.733340 1.304629 0.787440 
0.542571 0.167950 -0.004446 -0.028072 -0.003711 0.012627 0.018986 0.026143 0.034305 0.038034 0.034831 0.026295 0.015805 0.007034 0.004931 0.016671 0.047201 0.095921 0.174549 0.335966 0.652752 1.124923 1.621534 1.960518 2.044836 1.887260 1.535072 1.047944 
0.788225 0.334450 0.059815 -0.028556 -0.018389 0.005583 0.016381 0.022452 0.030438 0.036880 0.037199 0.031018 0.021064 0.010895 0.004700 0.008761 0.029625 0.068555 0.128191 0.240373 0.474937 0.877598 1.381552 1.816794 2.033712 1.993330 1.731763 1.301082 
1.046097 0.546449 0.174295 -0.002170 -0.030494 -0.006442 0.012101 0.019592 0.026422 0.034138 0.037829 0.034751 0.026290 0.015745 0.006908 0.005040 0.017014 0.046667 0.093795 0.173349 0.339500 0.659431 1.127539 1.617113 1.954980 2.043426 1.886940 1.532128 
1.298165 0.789156 0.340173 0.064573 -0.028865 -0.021397 0.003864 0.016578 0.022993 0.030477 0.036658 0.037049 0.030987 0.021041 0.010784 0.004673 0.009057 0.029643 0.067112 0.126133 0.241401 0.480593 0.882882 1.380466 1.811117 2.030100 1.992887 1.730131 
1.529539 1.044724 0.550076 0.180151 0.000162 -0.032550 -0.009095 0.011399 0.020113 0.026749 0.034011 0.037619 0.034664 0.026276 0.015673 0.006814 0.005196 0.017282 0.045975 0.091760 0.172506 0.343058 0.665588 1.129901 1.613204 1.949850 2.041602 1.886181 
