0.007024 0.002464 -0.061327 0.503057 1.072326 1.027891 1.069858 1.152552 1.352264 0.980507 0.636053 0.892916 1.005207 0.997484 0.872881 0.673786 0.458809 0.275434 0.145531 0.067926 0.029823 0.016847 0.017387 0.022870 0.027229 0.027070 0.022034 0.014298 
0.010462 0.008276 -0.064991 0.181298 0.825743 1.083065 1.040929 1.101346 1.280811 1.200396 0.768991 0.735938 0.965598 1.016151 0.947143 0.778982 0.565315 0.361804 0.203871 0.100991 0.044835 0.020920 0.015964 0.019890 0.025402 0.027737 0.025026 0.018306 
0.014101 0.013458 -0.043887 0.013297 0.502831 0.997315 1.074303 1.057287 1.199881 1.278783 0.981733 0.711148 0.845543 1.009542 0.995317 0.872104 0.674358 0.460076 0.276548 0.146070 0.067978 0.029678 0.016702 0.017272 0.022746 0.027084 0.026947 0.021987 
0.017774 0.016871 -0.018828 -0.049475 0.230733 0.775857 1.067778 1.061695 1.122589 1.266810 1.152101 0.819475 0.751184 0.936831 1.020380 0.945180 0.778923 0.566329 0.363075 0.204720 0.101263 0.044758 0.020760 0.015834 0.019774 0.025265 0.027596 0.024951 
0.021254 0.019105 0.000880 -0.053896 0.054643 0.502563 0.956268 1.079176 1.082748 1.205675 1.239258 0.982887 0.752937 0.834517 0.994908 0.998393 0.870639 0.674938 0.461312 0.277660 0.146625 0.068044 0.029535 0.016551 0.017153 0.022620 0.026939 0.026868 
0.024191 0.020967 0.013282 -0.034431 -0.031045 0.257030 0.749729 1.045855 1.080961 1.142336 1.246172 1.127543 0.846790 0.769331 0.919594 1.014660 0.946965 0.778155 0.567372 0.364324 0.205576 0.101552 0.044690 0.020599 0.015699 0.019654 0.025126 0.027525 
0.026209 0.022851 0.019905 -0.011266 -0.053724 0.082411 0.502876 0.926391 1.078080 1.107353 1.205504 1.210895 0.984594 0.781122 0.833680 0.980749 0.997305 0.871503 0.674903 0.462596 0.278761 0.147196 0.068125 0.029397 0.016396 0.017028 0.022487 0.026876 
0.027026 0.024673 0.023116 0.006789 -0.042952 -0.014590 0.274682 0.731432 1.026876 1.096062 1.157921 1.228478 1.110798 0.865429 0.785492 0.909464 1.006081 0.947726 0.778610 0.567952 0.365632 0.206431 0.101858 0.044632 0.020436 0.015558 0.019523 0.025064 
0.026539 0.026069 0.024768 0.017964 -0.020875 -0.049959 0.103272 0.502671 0.903377 1.076068 1.126906 1.204421 1.189383 0.985755 0.802377 0.836444 0.969168 0.993512 0.872687 0.675356 0.463576 0.279922 0.147771 0.068221 0.029262 0.016237 0.016889 0.022419 
0.024854 0.026643 0.025815 0.023712 -0.000063 -0.047421 -0.000124 0.287505 0.717193 1.011589 1.107436 1.169780 1.214473 1.098090 0.879210 0.799654 0.903414 0.997187 0.946954 0.779706 0.568611 0.366772 0.207340 0.102172 0.044584 0.020274 0.015404 0.019437 
0.022286 0.026139 0.026472 0.026197 0.014653 -0.028184 -0.044709 0.119791 0.501926 0.885256 1.074016 1.141805 1.203297 1.172755 0.986348 0.819267 0.840701 0.959925 0.988384 0.873384 0.676321 0.464463 0.281014 0.148391 0.068324 0.029134 0.016067 0.016777 
0.019335 0.024536 0.026563 0.027077 0.023085 -0.006454 -0.049405 0.012625 0.297182 0.705677 0.999357 1.115865 1.178697 1.203520 1.088086 0.889818 0.812090 0.899874 0.988794 0.944979 0.780906 0.569541 0.367786 0.208241 0.102518 0.044542 0.020107 0.015261 
0.016670 0.022063 0.025842 0.027196 0.026960 0.010751 -0.033653 -0.038860 0.133249 0.500859 0.870766 1.072039 1.153011 1.202250 1.159746 0.986595 0.833075 0.845566 0.952559 0.982699 0.873415 0.677578 0.465425 0.282012 0.149031 0.068449 0.029004 0.015902 
0.015131 0.019179 0.024205 0.026770 0.028176 0.021616 -0.012139 -0.049788 0.023894 0.304692 0.696209 0.989461 1.122027 1.185348 1.194897 1.080109 0.898232 0.823039 0.897959 0.981146 0.942180 0.781926 0.570725 0.368770 0.209095 0.102894 0.044509 0.019940 
0.015747 0.016540 0.021785 0.025714 0.028043 0.027093 0.006682 -0.037678 -0.032850 0.144428 0.499672 0.859020 1.070115 1.161376 1.201255 1.149467 0.986696 0.844586 0.850600 0.946670 0.976878 0.872818 0.678932 0.466527 0.282947 0.149664 0.068600 0.028876 
0.019779 0.014995 0.018966 0.023932 0.027184 0.028990 0.019600 -0.017076 -0.049117 0.033888 0.310671 0.688355 0.981323 1.126446 1.190256 1.188027 1.073727 0.905092 0.832707 0.897123 0.974282 0.938854 0.782646 0.572085 0.369792 0.209898 0.103284 0.044492 
0.028760 0.015594 0.016371 0.021494 0.025755 0.028877 0.026700 0.002678 -0.040576 -0.026916 0.153862 0.498501 0.849374 1.068207 1.167561 1.200273 1.141277 0.986790 0.854334 0.855568 0.941943 0.971154 0.871696 0.680246 0.467772 0.283865 0.150272 0.068769 
0.044493 0.019628 0.014840 0.018715 0.023750 0.027718 0.029485 0.017256 -0.021304 -0.047748 0.042787 0.315551 0.681800 0.974510 1.129516 1.193814 1.182475 1.068625 0.910829 0.841274 0.897007 0.968163 0.935216 0.783034 0.573538 0.370889 0.210669 0.103672 
0.068949 0.028661 0.015437 0.016163 0.021226 0.025938 0.029614 0.025891 -0.001135 -0.042595 -0.021181 0.161936 0.497429 0.841358 1.066289 1.172062 1.199279 1.134703 0.986958 0.862706 0.860346 0.938128 0.965648 0.870160 0.681440 0.469133 0.284800 0.150855 
0.104049 0.044513 0.019486 0.014657 0.018446 0.023669 0.028303 0.029671 0.014736 -0.024893 -0.045924 0.050748 0.319632 0.676304 0.968708 1.131532 1.196317 1.177926 1.064561 0.915746 0.848899 0.897370 0.962717 0.931419 0.783101 0.575013 0.372069 0.211426 
0.151418 0.069134 0.028580 0.015271 0.015923 0.021004 0.026227 0.030210 0.024766 -0.004697 -0.043927 -0.015708 0.168940 0.496498 0.834621 1.064347 1.175251 1.198256 1.129395 0.987246 0.869992 0.864872 0.935029 0.960422 0.868309 0.682471 0.470576 0.285775 
0.212189 0.104413 0.044546 0.019350 0.014448 0.018178 0.023684 0.028885 0.029579 0.012146 -0.027917 -0.043810 0.057907 0.323127 0.671674 0.963685 1.132719 1.197988 1.174148 1.061345 0.920054 0.855719 0.898043 0.957867 0.927568 0.782877 0.576458 0.373329 
0.286800 0.151972 0.069318 0.028513 0.015091 0.015662 0.020839 0.026586 0.030647 0.023410 -0.007982 -0.044725 -0.010521 0.175090 0.495726 0.828899 1.062373 1.177408 1.197198 1.125087 0.987670 0.876411 0.869121 0.932494 0.955500 0.866229 0.683320 0.472064 
0.374655 0.212972 0.104769 0.044589 0.019216 0.014214 0.017927 0.023782 0.029428 0.029244 0.009558 -0.030453 -0.041520 0.064383 0.326185 0.667760 0.959270 1.133246 1.198999 1.170967 1.058825 0.923908 0.861851 0.898914 0.953537 0.923734 0.782399 0.577839 
0.473567 0.287877 0.152527 0.069502 0.028453 0.014897 0.015392 0.020734 0.026982 0.030919 0.021890 -0.010986 -0.045106 -0.005623 0.180554 0.495116 0.823990 1.060368 1.178748 1.196102 1.121577 0.988236 0.882131 0.873090 0.930405 0.950883 0.863989 0.683984 
0.579131 0.376031 0.213786 0.105120 0.044636 0.019079 0.013964 0.017704 0.023946 0.029905 0.028705 0.007020 -0.032569 -0.039133 0.070273 0.328917 0.664440 0.955335 1.133247 1.199482 1.168258 1.056880 0.927415 0.867397 0.899903 0.949657 0.919966 0.781707 
0.684472 0.475060 0.289006 0.153093 0.069684 0.028397 0.014690 0.015124 0.020686 0.027391 0.031033 0.020262 -0.013719 -0.045163 -0.001005 0.185463 0.494662 0.819738 1.058332 1.179435 1.194970 1.118709 0.988937 0.887283 0.876789 0.928667 0.946562 0.861642 
0.780837 0.580321 0.377439 0.214634 0.105474 0.044684 0.018936 0.013703 0.017513 0.024159 0.030304 0.027999 0.004564 -0.034325 -0.036704 0.075664 0.331400 0.661613 0.951783 1.132825 1.199538 1.165921 1.055410 0.930655 0.872440 0.900954 0.946165 0.916294 
