0.000132 0.000837 0.003231 0.010859 0.030669 0.073953 0.155348 0.224974 0.970492 1.743814 1.872244 1.986289 1.984186 1.928534 1.171512 0.395967 0.275608 0.146564 0.070705 0.033918 0.019643 0.015097 0.012856 0.009990 0.006398 0.003116 0.001006 0.000119 
0.000026 0.000336 0.001601 0.005956 0.018536 0.048462 0.113004 0.148653 0.553752 1.395721 1.849234 1.937425 1.995843 2.003542 1.595016 0.743948 0.295381 0.208304 0.102868 0.048462 0.024766 0.016618 0.013871 0.011508 0.008221 0.004664 0.001911 0.000430 
0.000116 0.000077 0.000716 0.003072 0.010648 0.030251 0.080376 0.109544 0.300808 0.971711 1.669589 1.918023 1.971665 2.028877 1.852952 1.171985 0.471915 0.230397 0.153544 0.070556 0.033723 0.019382 0.014883 0.012723 0.009939 0.006409 0.003158 0.001024 
0.000439 -0.000000 0.000246 0.001460 0.005782 0.017790 0.054716 0.086138 0.165067 0.604596 1.347054 1.834071 1.956795 2.014619 1.987051 1.545228 0.794485 0.312205 0.182062 0.109549 0.047849 0.024532 0.016371 0.013696 0.011416 0.008203 0.004696 0.001945 
0.001047 0.000110 0.000020 0.000599 0.002946 0.009748 0.035040 0.067802 0.100096 0.343361 0.972857 1.629296 1.922257 1.995100 2.032063 1.811338 1.172385 0.514557 0.221523 0.141528 0.075624 0.032844 0.019161 0.014666 0.012590 0.009886 0.006421 0.003195 
0.001978 0.000450 -0.000030 0.000157 0.001383 0.004913 0.020771 0.050983 0.070793 0.184403 0.632286 1.322110 1.812251 1.974679 2.031929 1.963945 1.519180 0.821851 0.331926 0.167330 0.106250 0.050970 0.023610 0.016188 0.013516 0.011325 0.008186 0.004726 
0.003231 0.001072 0.000103 -0.000043 0.000561 0.002234 0.011175 0.035630 0.055675 0.100844 0.372331 0.974556 1.600143 1.920521 2.017705 2.029313 1.780896 1.173338 0.543593 0.222825 0.129958 0.076503 0.034299 0.018356 0.014525 0.012450 0.009835 0.006432 
0.004754 0.002012 0.000462 -0.000069 0.000145 0.000877 0.005280 0.022708 0.044358 0.062544 0.201771 0.651313 1.304965 1.793357 1.988411 2.045109 1.943803 1.500950 0.840541 0.349654 0.159685 0.100064 0.053056 0.023929 0.015574 0.013411 0.011225 0.008170 
0.006442 0.003267 0.001099 0.000086 -0.000041 0.000249 0.002035 0.012916 0.033486 0.046103 0.105198 0.394390 0.975711 1.577823 1.917865 2.035283 2.025678 1.757320 1.173748 0.565695 0.227715 0.120939 0.074654 0.036077 0.018066 0.014107 0.012374 0.009774 
0.008144 0.004782 0.002048 0.000465 -0.000059 -0.000015 0.000480 0.006302 0.023093 0.037386 0.058364 0.217155 0.665493 1.291847 1.778137 1.998427 2.054591 1.927372 1.486765 0.854372 0.365375 0.156096 0.093534 0.053599 0.024908 0.015069 0.013156 0.011174 
0.009746 0.006444 0.003303 0.001118 0.000102 -0.000101 -0.000129 0.002372 0.014168 0.029978 0.038844 0.111050 0.412101 0.976298 1.560371 1.915165 2.048228 2.022030 1.738642 1.173593 0.583429 0.234084 0.114231 0.071450 0.037372 0.018315 0.013621 0.012235 
0.011110 0.008136 0.004804 0.002078 0.000486 -0.000061 -0.000284 0.000383 0.007438 0.022256 0.030886 0.056686 0.230826 0.676511 1.281422 1.765956 2.005508 2.061157 1.914014 1.475291 0.865029 0.379362 0.154997 0.087479 0.052928 0.026007 0.014864 0.012790 
0.012006 0.009726 0.006454 0.003332 0.001146 0.000127 -0.000248 -0.000405 0.003026 0.014749 0.025885 0.033442 0.117513 0.426745 0.976538 1.546524 1.912538 2.057501 2.018484 1.723597 1.173094 0.598077 0.241045 0.109375 0.067666 0.038005 0.018883 0.013236 
0.012411 0.010994 0.008143 0.004826 0.002108 0.000523 -0.000115 -0.000565 0.000568 0.008406 0.020577 0.025105 0.056623 0.243022 0.685345 1.273018 1.756095 2.010334 2.065483 1.903008 1.465854 0.873494 0.391852 0.155502 0.082145 0.051424 0.026943 0.014941 
0.013014 0.011722 0.009687 0.006476 0.003358 0.001185 0.000133 -0.000450 -0.000516 0.003797 0.014698 0.021632 0.029497 0.124147 0.439104 0.976634 1.535396 1.909960 2.063953 2.015015 1.711299 1.172454 0.610422 0.248159 0.105972 0.063730 0.038013 0.019570 
0.015220 0.012086 0.010825 0.008149 0.004852 0.002143 0.000560 -0.000220 -0.000789 0.000955 0.009084 0.018355 0.020082 0.057628 0.253945 0.692631 1.266200 1.747976 2.013425 2.068091 1.893776 1.458021 0.880402 0.403050 0.157064 0.077571 0.049384 0.027594 
0.020241 0.012958 0.011426 0.009614 0.006503 0.003390 0.001231 0.000107 -0.000663 -0.000461 0.004549 0.014119 0.017451 0.026693 0.130716 0.449710 0.976723 1.526346 1.907395 2.068243 2.011585 1.701105 1.171811 0.620999 0.255191 0.103706 0.059871 0.037501 
0.027928 0.015617 0.011850 0.010619 0.008140 0.004887 0.002186 0.000582 -0.000361 -0.000923 0.001458 0.009439 0.015806 0.015779 0.059345 0.263776 0.698802 1.260657 1.741169 2.015176 2.069372 1.885885 1.451479 0.886187 0.413137 0.159325 0.073719 0.047025 
0.036578 0.020814 0.013041 0.011154 0.009506 0.006527 0.003434 0.001274 0.000045 -0.000850 -0.000266 0.005200 0.013123 0.013468 0.024783 0.137094 0.458950 0.976886 1.518903 1.904817 2.070867 2.008166 1.692545 1.171248 0.630195 0.262016 0.102327 0.056215 
0.044500 0.027954 0.016060 0.011715 0.010398 0.008107 0.004929 0.002237 0.000581 -0.000515 -0.000955 0.002008 0.009481 0.013083 0.012128 0.061530 0.272670 0.704158 1.256146 1.735358 2.015881 2.069621 1.879018 1.445986 0.891152 0.422270 0.162042 0.070518 
0.052823 0.035344 0.021245 0.013227 0.010928 0.009369 0.006543 0.003488 0.001309 -0.000043 -0.000989 0.000032 0.005705 0.011809 0.009743 0.023573 0.143220 0.467111 0.977169 1.512719 1.902211 2.072196 2.004743 1.685266 1.170810 0.638298 0.268571 0.101642 
0.067892 0.041913 0.027703 0.016498 0.011674 0.010181 0.008049 0.004975 0.002292 0.000556 -0.000665 -0.000892 0.002551 0.009241 0.010293 0.009051 0.064017 0.280765 0.708912 1.252479 1.730313 2.015763 2.069061 1.872942 1.441353 0.895508 0.430586 0.165050 
0.101498 0.049718 0.033885 0.021514 0.013479 0.010759 0.009214 0.006547 0.003550 0.001333 -0.000149 -0.001070 0.000397 0.006045 0.010263 0.006302 0.022910 0.149067 0.474412 0.977590 1.507528 1.899571 2.072510 2.001307 1.679005 1.170514 0.645528 0.274833 
0.168233 0.065765 0.039339 0.027212 0.016893 0.011713 0.009984 0.007971 0.005020 0.002347 0.000511 -0.000794 -0.000747 0.003049 0.008754 0.007508 0.006474 0.066693 0.288176 0.713214 1.249505 1.725862 2.014994 2.067861 1.867487 1.437427 0.899408 0.438202 
0.280796 0.101777 0.046905 0.032269 0.021619 0.013767 0.010651 0.009054 0.006537 0.003614 0.001343 -0.000259 -0.001089 0.000797 0.006217 0.008552 0.003149 0.022676 0.154633 0.481019 0.978152 1.503131 1.896896 2.072021 1.997857 1.673560 1.170365 0.652052 
0.445218 0.171513 0.064067 0.036823 0.026520 0.017222 0.011818 0.009815 0.007878 0.005060 0.002396 0.000452 -0.000892 -0.000537 0.003479 0.008061 0.004776 0.004327 0.069476 0.295003 0.717174 1.247102 1.721880 2.013704 2.066153 1.862523 1.434088 0.902962 
0.658001 0.286472 0.102386 0.044374 0.030550 0.021564 0.014064 0.010599 0.008897 0.006515 0.003673 0.001342 -0.000364 -0.001049 0.001207 0.006226 0.006733 0.000275 0.022778 0.159925 0.487063 0.978850 1.499372 1.894187 2.070895 1.994393 1.668774 1.170357 
0.906249 0.451720 0.174834 0.062739 0.034398 0.025662 0.017469 0.011969 0.009681 0.007777 0.005091 0.002436 0.000386 -0.000954 -0.000278 0.003826 0.007197 0.002129 0.002551 0.072312 0.301329 0.720870 1.245172 1.718268 2.011998 2.064039 1.857953 1.431236 
