0.000134 0.000968 -0.058602 0.512371 1.095210 1.075526 1.155288 1.285191 1.528909 1.176673 0.805905 0.983995 0.983299 0.865877 0.671514 0.458598 0.276275 0.148076 0.072745 0.035491 0.019584 0.012814 0.008773 0.005350 0.002559 0.000822 0.000120 -0.000038 
-0.000014 0.004285 -0.064450 0.186734 0.840707 1.116810 1.106058 1.209993 1.437184 1.391197 0.958144 0.871820 1.002116 0.936693 0.774664 0.564304 0.362142 0.205489 0.104727 0.050404 0.025632 0.015458 0.010584 0.006983 0.003849 0.001560 0.000372 -0.000013 
-0.000306 0.006432 -0.045513 0.015973 0.512163 1.020304 1.122195 1.143154 1.332958 1.455456 1.177191 0.879773 0.935662 0.987675 0.864737 0.671992 0.459866 0.277478 0.148712 0.072816 0.035259 0.019301 0.012610 0.008675 0.005334 0.002583 0.000847 0.000105 
-0.000568 0.006284 -0.022962 -0.049029 0.236152 0.790877 1.101698 1.127180 1.231710 1.423461 1.342568 1.007597 0.885878 0.972845 0.941503 0.773939 0.565282 0.363462 0.206439 0.105063 0.050291 0.025351 0.015204 0.010433 0.006931 0.003858 0.001589 0.000393 
-0.000590 0.004626 -0.006282 -0.055647 0.057262 0.511912 0.979365 1.127332 1.169053 1.339175 1.415935 1.177634 0.920367 0.923713 0.973082 0.868803 0.671751 0.461145 0.278673 0.149361 0.072900 0.035032 0.019017 0.012403 0.008576 0.005317 0.002607 0.000910 
-0.000273 0.002605 0.002583 -0.038703 -0.030693 0.262428 0.764806 1.079957 1.146808 1.251924 1.403081 1.317661 1.033898 0.902875 0.955124 0.936344 0.776923 0.565537 0.364828 0.207391 0.105415 0.050188 0.025071 0.014948 0.010280 0.006877 0.003864 0.001682 
0.000389 0.001046 0.005355 -0.018562 -0.055599 0.084969 0.512240 0.949602 1.126510 1.194097 1.339411 1.387554 1.178630 0.947386 0.921985 0.958964 0.868671 0.673810 0.461811 0.279939 0.150015 0.072998 0.034810 0.018732 0.012194 0.008475 0.005294 0.002707 
0.001345 0.000303 0.004736 -0.004020 -0.047361 -0.014334 0.280055 0.746569 1.061167 1.162278 1.267969 1.385622 1.300553 1.051537 0.917921 0.944530 0.928307 0.778848 0.566999 0.365745 0.208423 0.105773 0.050096 0.024793 0.014690 0.010125 0.006814 0.003947 
0.002532 0.000384 0.003002 0.003344 -0.028302 -0.051955 0.105768 0.512049 0.926706 1.124779 1.214090 1.338718 1.366005 1.179080 0.967503 0.923888 0.947423 0.865804 0.676160 0.462964 0.280921 0.150745 0.073100 0.034596 0.018446 0.011983 0.008363 0.005336 
0.003879 0.001119 0.001537 0.005314 -0.010979 -0.051964 0.000035 0.292850 0.732390 1.046076 1.174024 1.280280 1.371834 1.287471 1.064334 0.931001 0.938031 0.919937 0.779206 0.569087 0.366754 0.209309 0.106193 0.050004 0.024518 0.014431 0.009958 0.006799 
0.005314 0.002291 0.000920 0.004470 -0.000035 -0.035740 -0.046827 0.122221 0.511316 0.908708 1.123015 1.229427 1.337971 1.349321 1.178963 0.983282 0.927313 0.938219 0.861573 0.677997 0.464628 0.281830 0.151422 0.073247 0.034380 0.018161 0.011762 0.008281 
0.006769 0.003702 0.001194 0.002891 0.004671 -0.017476 -0.054080 0.012686 0.302497 0.720936 1.034048 1.182831 1.289640 1.361077 1.277081 1.073974 0.942386 0.934059 0.912051 0.778330 0.571264 0.368044 0.210087 0.106613 0.049941 0.024241 0.014165 0.009807 
0.008207 0.005203 0.002151 0.001775 0.005271 -0.004003 -0.041335 -0.041098 0.135612 0.510260 0.894345 1.121333 1.241070 1.337284 1.336238 1.178502 0.996006 0.931374 0.930892 0.856757 0.679141 0.466585 0.282832 0.152020 0.073416 0.034179 0.017870 0.011546 
0.009669 0.006687 0.003512 0.001553 0.004079 0.003186 -0.023264 -0.054594 0.023856 0.309975 0.711532 1.024361 1.189375 1.296726 1.352633 1.268711 1.081435 0.952314 0.931727 0.904895 0.776600 0.573246 0.369599 0.210854 0.106995 0.049904 0.023967 0.013897 
0.011340 0.008112 0.005036 0.002177 0.002750 0.005443 -0.008137 -0.045485 -0.035210 0.146722 0.509084 0.882730 1.119710 1.249870 1.336634 1.325871 1.177898 1.006456 0.935627 0.925043 0.851780 0.679632 0.468635 0.283990 0.152571 0.073579 0.033997 0.017575 
0.013633 0.009529 0.006551 0.003378 0.002116 0.004981 0.001156 -0.028302 -0.054053 0.033750 0.315921 0.703743 1.016438 1.194178 1.302059 1.345923 1.261927 1.087356 0.960988 0.930487 0.898509 0.774315 0.574915 0.371339 0.211677 0.107335 0.049878 0.023702 
0.017288 0.011138 0.007982 0.004857 0.002370 0.003709 0.005089 -0.012203 -0.048506 -0.029396 0.156084 0.507924 0.873221 1.118109 1.256486 1.335984 1.317577 1.177289 1.015168 0.939838 0.920354 0.846876 0.679576 0.470643 0.285306 0.153119 0.073721 0.033828 
0.023449 0.013377 0.009371 0.006378 0.003334 0.002798 0.005563 -0.001202 -0.032629 -0.052813 0.042548 0.320766 0.697257 1.009848 1.197635 1.306034 1.340517 1.256415 1.092169 0.968588 0.929981 0.892853 0.771692 0.576237 0.373178 0.212591 0.107651 0.049846 
0.033664 0.017013 0.010931 0.007814 0.004703 0.002703 0.004570 0.004318 -0.016077 -0.050645 -0.023782 0.164086 0.506863 0.865346 1.116503 1.261416 1.335307 1.310887 1.176759 1.022526 0.943881 0.916577 0.842168 0.679083 0.472528 0.286752 0.153697 0.073840 
0.049802 0.023208 0.013127 0.009187 0.006188 0.003392 0.003527 0.005835 -0.003735 -0.036315 -0.051116 0.050408 0.324811 0.691831 1.004273 1.200039 1.308945 1.336098 1.251937 1.096175 0.975270 0.929964 0.887859 0.768885 0.577224 0.375046 0.213605 0.107964 
0.073942 0.033500 0.016751 0.010714 0.007616 0.004594 0.003140 0.005288 0.003231 -0.019698 -0.052097 -0.018430 0.171016 0.505944 0.858755 1.114877 1.265030 1.334588 1.305449 1.176352 1.028819 0.947692 0.913516 0.837719 0.678254 0.474246 0.288292 0.154329 
0.108291 0.049744 0.022975 0.012880 0.008977 0.006003 0.003544 0.004252 0.005826 -0.006337 -0.039435 -0.049128 0.057464 0.328270 0.687275 0.999482 1.201613 1.311015 1.332435 1.248300 1.099588 0.981171 0.930271 0.883448 0.766000 0.577906 0.376891 0.214713 
0.155025 0.074039 0.033331 0.016498 0.010483 0.007399 0.004543 0.003646 0.005843 0.001912 -0.023040 -0.053012 -0.013363 0.177091 0.505185 0.853183 1.113223 1.267608 1.333821 1.301001 1.176087 1.034266 0.951246 0.911018 0.833553 0.677176 0.475779 0.289890 
0.215901 0.108647 0.049675 0.022746 0.012631 0.008744 0.005835 0.003779 0.004934 0.005574 -0.008937 -0.042064 -0.046964 0.063836 0.331291 0.683437 0.995304 1.202530 1.312415 1.329356 1.245356 1.102558 0.986407 0.930785 0.879545 0.763110 0.578322 0.378676 
0.291514 0.155786 0.074141 0.033157 0.016249 0.010237 0.007175 0.004553 0.004188 0.006233 0.000429 -0.026101 -0.053509 -0.008586 0.182480 0.504589 0.848428 1.111541 1.269365 1.333003 1.297340 1.175967 1.039034 0.954539 0.908966 0.829675 0.675917 0.477123 
0.380377 0.217152 0.109042 0.049603 0.022517 0.012378 0.008494 0.005695 0.004079 0.005551 0.005117 -0.011486 -0.044271 -0.044703 0.069623 0.333986 0.680196 0.991610 1.202920 1.313277 1.326735 1.242983 1.105195 0.991076 0.931427 0.876082 0.760265 0.578511 
0.478286 0.293138 0.156610 0.074258 0.032979 0.015997 0.009977 0.006953 0.004620 0.004741 0.006464 -0.001162 -0.028889 -0.053681 -0.004090 0.187311 0.504150 0.844334 1.109831 1.270465 1.332138 1.294312 1.175987 1.043252 0.957578 0.907265 0.826074 0.674532 
0.578509 0.381979 0.218450 0.109481 0.049533 0.022285 0.012115 0.008235 0.005590 0.004427 0.006086 0.004491 -0.013953 -0.046118 -0.042397 0.074908 0.336432 0.677451 0.988305 1.202887 1.313705 1.324475 1.241081 1.107579 0.995264 0.932142 0.872996 0.757494 
