0.108258 0.088957 0.060296 0.037829 0.036609 0.006415 0.645448 1.337851 1.459798 1.680572 1.893863 2.102893 1.571288 0.911502 0.779638 0.546587 0.332673 0.173534 0.076644 0.028880 0.009744 0.002974 0.002162 0.009249 0.028017 0.057220 0.088109 0.108086 
0.110627 0.100410 0.074825 0.047348 0.037702 -0.018504 0.280769 1.023968 1.428302 1.564476 1.787952 2.044934 1.891392 1.216411 0.818899 0.668241 0.435011 0.245789 0.118128 0.047902 0.016750 0.005214 0.001702 0.004482 0.017251 0.041861 0.073241 0.100017 
0.107635 0.107781 0.088696 0.060090 0.044320 -0.009708 0.081170 0.645802 1.264074 1.507693 1.668664 1.940006 2.026410 1.569149 0.984885 0.733302 0.554036 0.333802 0.174521 0.076983 0.028658 0.009254 0.002563 0.002074 0.009502 0.028392 0.057415 0.087927 
0.099679 0.110132 0.100035 0.074186 0.053794 0.010640 -0.002935 0.330524 0.975001 1.414464 1.586445 1.808995 2.028746 1.839697 1.264162 0.833781 0.641710 0.442670 0.246493 0.118818 0.047937 0.016354 0.004726 0.001436 0.004577 0.017597 0.042178 0.073254 
0.087755 0.107188 0.107353 0.087754 0.065071 0.031791 -0.019686 0.122666 0.646137 1.224264 1.514012 1.694735 1.944596 1.983927 1.567013 1.025005 0.723287 0.542447 0.340121 0.174825 0.077372 0.028442 0.008772 0.002158 0.001987 0.009747 0.028759 0.057600 
0.073266 0.099346 0.109710 0.098981 0.077268 0.050231 -0.004924 0.015556 0.357166 0.949808 1.393976 1.606866 1.828502 2.005935 1.811803 1.288809 0.851573 0.626655 0.440313 0.250918 0.118825 0.048046 0.015962 0.004246 0.001174 0.004668 0.017935 0.042483 
0.057779 0.087582 0.106828 0.106350 0.089144 0.065840 0.019684 -0.019482 0.150601 0.647077 1.195626 1.514329 1.719900 1.943204 1.952646 1.565500 1.051561 0.723433 0.531263 0.342225 0.177458 0.077185 0.028312 0.008291 0.001760 0.001900 0.009986 0.029115 
0.042779 0.073269 0.099098 0.108868 0.099174 0.079301 0.043753 -0.013414 0.032082 0.375185 0.932463 1.376414 1.623077 1.843810 1.986078 1.791784 1.304842 0.867387 0.618655 0.435031 0.254294 0.120078 0.047733 0.015655 0.003765 0.000916 0.004756 0.018264 
0.029460 0.057942 0.087478 0.106203 0.105873 0.090853 0.063858 0.010104 -0.015683 0.171647 0.647521 1.173852 1.513697 1.739968 1.940883 1.928257 1.563511 1.071226 0.727156 0.522594 0.341575 0.180412 0.077522 0.027916 0.007884 0.001358 0.001814 0.010218 
0.018584 0.043058 0.073320 0.098707 0.108147 0.100030 0.079776 0.036905 -0.017857 0.046628 0.388396 0.919188 1.362528 1.635516 1.855357 1.969924 1.775862 1.316076 0.881209 0.614684 0.429372 0.256110 0.121994 0.047540 0.015207 0.003340 0.000653 0.004842 
0.010445 0.029789 0.058132 0.087315 0.105521 0.105944 0.092075 0.060498 0.002814 -0.010398 0.188368 0.647444 1.156971 1.512991 1.755338 1.938509 1.908790 1.561020 1.086564 0.732349 0.516199 0.339541 0.182877 0.078406 0.027462 0.007421 0.000993 0.001720 
0.004919 0.018891 0.043345 0.073357 0.098216 0.107738 0.101010 0.079025 0.030508 -0.019820 0.059467 0.398483 0.908648 1.351679 1.644967 1.863928 1.956833 1.762701 1.324195 0.893312 0.613177 0.424152 0.256697 0.124034 0.047657 0.014659 0.002909 0.000410 
0.001635 0.010659 0.030116 0.058326 0.087067 0.104951 0.106343 0.092629 0.056538 -0.002644 -0.004510 0.202045 0.647065 1.143719 1.512328 1.766971 1.936199 1.892980 1.558245 1.098855 0.738129 0.511622 0.336902 0.184673 0.079616 0.027119 0.006878 0.000643 
0.000185 0.004993 0.019188 0.043640 0.073342 0.097718 0.107622 0.101829 0.077425 0.024808 -0.020186 0.070837 0.406424 0.900167 1.343149 1.652111 1.870201 1.946087 1.751623 1.330174 0.903937 0.613250 0.419620 0.256434 0.125911 0.048067 0.014107 0.002433 
0.000279 0.001561 0.010863 0.030445 0.058496 0.086767 0.104556 0.106869 0.092554 0.052404 -0.006666 0.001539 0.213460 0.646584 1.133207 1.511685 1.775723 1.933929 1.879939 1.555385 1.108883 0.744055 0.508466 0.334082 0.185839 0.080954 0.026951 0.006288 
0.001912 -0.000037 0.005068 0.019482 0.043927 0.073273 0.097284 0.107719 0.102366 0.075276 0.019847 -0.019500 0.080943 0.412853 0.893311 1.336358 1.657471 1.874703 1.937106 1.742194 1.334651 0.913287 0.614358 0.415815 0.255617 0.127506 0.048689 0.013620 
0.005696 -0.000113 0.001493 0.011066 0.030771 0.058627 0.086460 0.104337 0.107388 0.091950 0.048327 -0.009569 0.007518 0.223147 0.646136 1.124793 1.511028 1.782257 1.931664 1.869022 1.552575 1.117181 0.749896 0.506416 0.331314 0.186475 0.082282 0.026960 
0.013233 0.001362 -0.000271 0.005149 0.019776 0.044191 0.073168 0.096947 0.107944 0.102586 0.072792 0.015585 -0.018121 0.089963 0.418202 0.887762 1.330875 1.661444 1.877827 1.929458 1.734096 1.338055 0.921544 0.616145 0.412700 0.254463 0.128784 0.049438 
0.027119 0.005137 -0.000535 0.001422 0.011275 0.031087 0.058719 0.086181 0.104267 0.107815 0.090930 0.044433 -0.011599 0.013300 0.231491 0.645802 1.118005 1.510330 1.787069 1.929377 1.859757 1.549897 1.124135 0.755527 0.505225 0.328721 0.186693 0.083519 
0.050244 0.012957 0.000805 -0.000527 0.005233 0.020070 0.044425 0.073047 0.096719 0.108226 0.102500 0.070128 0.011955 -0.016288 0.098057 0.422771 0.883278 1.326384 1.664326 1.879870 1.922827 1.727086 1.340688 0.928865 0.618370 0.410206 0.253124 0.129754 
0.084619 0.027391 0.004634 -0.000981 0.001342 0.011489 0.031386 0.058779 0.085952 0.104310 0.108106 0.089592 0.040784 -0.012949 0.018824 0.238779 0.645625 1.112491 1.509578 1.790535 1.927054 1.851791 1.547392 1.130032 0.760888 0.504699 0.326365 0.186591 
0.130446 0.051054 0.012787 0.000259 -0.000804 0.005317 0.020360 0.044627 0.072930 0.096592 0.108512 0.102137 0.067389 0.008881 -0.014168 0.105359 0.426770 0.879668 1.322654 1.666342 1.881058 1.916980 1.720973 1.342759 0.935387 0.620868 0.408256 0.251705 
0.186253 0.085563 0.027741 0.004198 -0.001438 0.001250 0.011704 0.031665 0.058817 0.085785 0.104430 0.108241 0.088021 0.037404 -0.013771 0.024067 0.245229 0.645620 1.107987 1.508764 1.792935 1.924689 1.844860 1.545076 1.135092 0.765955 0.504689 0.324271 
0.250279 0.130896 0.051830 0.012708 -0.000260 -0.001100 0.005398 0.020641 0.044803 0.072833 0.096555 0.108764 0.101533 0.064647 0.006288 -0.011873 0.111988 0.430349 0.876779 1.319513 1.667664 1.881562 1.911746 1.715602 1.344418 0.941229 0.623527 0.406777 
0.322443 0.185748 0.086347 0.028138 0.003831 -0.001896 0.001144 0.011915 0.031923 0.058845 0.085682 0.104594 0.108217 0.086285 0.034297 -0.014181 0.029025 0.251008 0.645791 1.104288 1.507890 1.794486 1.922282 1.838760 1.542951 1.139481 0.770726 0.505077 
0.405700 0.248893 0.131142 0.052549 0.012705 -0.000742 -0.001407 0.005469 0.020910 0.044957 0.072765 0.096589 0.108958 0.100727 0.061951 0.004108 -0.009482 0.118043 0.433618 0.874489 1.316833 1.668426 1.881516 1.906996 1.710852 1.345775 0.946489 0.626269 
0.505771 0.320871 0.185129 0.086976 0.028555 0.003533 -0.002345 0.001024 0.012116 0.032160 0.058875 0.085642 0.104777 0.108039 0.084439 0.031455 -0.014272 0.033708 0.256246 0.646130 1.101241 1.506958 1.795353 1.919833 1.833334 1.541010 1.143329 0.775209 
0.629039 0.404965 0.247578 0.131220 0.053195 0.012760 -0.001180 -0.001721 0.005528 0.021162 0.045097 0.072732 0.096679 0.109079 0.099755 0.059330 0.002281 -0.007049 0.123608 0.436652 0.872696 1.314519 1.668733 1.881024 1.902634 1.706621 1.346907 0.951254 
