0.007000 0.002303 0.000530 0.000816 0.003057 0.010183 0.029823 0.074590 0.097361 0.797488 1.548008 1.698553 1.887914 1.997484 2.052674 1.368149 0.609354 0.458452 0.275434 0.145888 0.069858 0.034555 0.024157 0.025111 0.027872 0.027229 0.022068 0.014309 
0.010463 0.004306 0.001106 0.000422 0.001508 0.005533 0.017651 0.052011 0.045016 0.401940 1.207097 1.658353 1.795794 1.951085 2.074710 1.761286 0.955400 0.497917 0.365608 0.203974 0.101983 0.048105 0.027090 0.023811 0.026591 0.028046 0.025094 0.018323 
0.014355 0.007093 0.002364 0.000496 0.000671 0.002831 0.009696 0.036025 0.028353 0.172719 0.798623 1.474457 1.745572 1.874303 2.042192 1.976092 1.367347 0.684560 0.413272 0.282896 0.146244 0.069983 0.034435 0.023963 0.024905 0.027677 0.027084 0.022015 
0.018322 0.010541 0.004391 0.001123 0.000332 0.001333 0.004753 0.023769 0.024812 0.060937 0.452454 1.158714 1.644208 1.816389 1.970424 2.057682 1.710263 1.004862 0.514390 0.339669 0.211188 0.101794 0.048097 0.026918 0.023607 0.026387 0.027870 0.024991 
0.021963 0.014399 0.007184 0.002422 0.000461 0.000569 0.001917 0.014409 0.023221 0.018470 0.214812 0.799711 1.434841 1.751015 1.898714 2.045394 1.933513 1.366503 0.726459 0.404405 0.271346 0.151817 0.069432 0.034358 0.023765 0.024697 0.027482 0.026940 
0.024890 0.018321 0.010616 0.004475 0.001137 0.000308 0.000469 0.007697 0.019893 0.009125 0.079788 0.479837 1.134071 1.623392 1.835458 1.988278 2.034059 1.683018 1.031171 0.533746 0.325218 0.208414 0.105346 0.047408 0.026811 0.023395 0.026182 0.027696 
0.026799 0.021912 0.014442 0.007273 0.002474 0.000504 -0.000115 0.003331 0.014920 0.010855 0.018780 0.243339 0.801375 1.406367 1.750457 1.922261 2.042660 1.902141 1.366244 0.754751 0.405693 0.260225 0.153201 0.071223 0.033702 0.023642 0.024480 0.027289 
0.027525 0.024791 0.018319 0.010690 0.004548 0.001228 -0.000144 0.000845 0.009594 0.013116 0.000529 0.096678 0.498580 1.117243 1.605486 1.850339 2.001980 2.013419 1.663628 1.048820 0.551095 0.317832 0.202745 0.107868 0.047968 0.026275 0.023257 0.025967 
0.027086 0.026660 0.021861 0.014484 0.007350 0.002590 0.000273 -0.000282 0.005061 0.012689 0.001033 0.022698 0.264972 0.802515 1.384728 1.748950 1.940748 2.039039 1.877664 1.365470 0.776111 0.410549 0.251639 0.151857 0.073344 0.033566 0.023240 0.024326 
0.025801 0.027345 0.024695 0.018319 0.010754 0.004669 0.001168 -0.000484 0.001878 0.009938 0.005984 -0.004005 0.111592 0.512497 1.104454 1.591240 1.861470 2.011967 1.996507 1.648316 1.061626 0.566427 0.314482 0.196723 0.108850 0.049193 0.025849 0.022965 
0.024106 0.026916 0.026515 0.021814 0.014518 0.007457 0.002642 -0.000024 0.000090 0.006303 0.009089 -0.006483 0.028113 0.282272 0.803108 1.367955 1.747373 1.954574 2.035405 1.858113 1.364159 0.793105 0.416865 0.245348 0.149155 0.074989 0.033973 0.022771 
0.022563 0.025620 0.027185 0.024596 0.018313 0.010833 0.004775 0.001001 -0.000522 0.003030 0.009057 -0.000685 -0.006043 0.124802 0.523272 1.094370 1.580017 1.869635 2.019020 1.982683 1.635746 1.071275 0.580014 0.313604 0.191168 0.108623 0.050545 0.025725 
0.022402 0.023796 0.026755 0.026381 0.021760 0.014559 0.007572 0.002604 -0.000218 0.000782 0.006874 0.004898 -0.012151 0.034140 0.296522 0.803372 1.354786 1.745842 1.964700 2.031872 1.842223 1.362531 0.807015 0.423757 0.240894 0.145873 0.075977 0.034703 
0.025886 0.022145 0.025386 0.027042 0.024497 0.018308 0.010926 0.004828 0.000820 -0.000275 0.004014 0.007332 -0.006643 -0.006470 0.136546 0.531883 1.086316 1.571099 1.875514 2.023818 1.971226 1.625244 1.078746 0.592095 0.314311 0.186323 0.107566 0.051740 
0.035558 0.022197 0.023428 0.026575 0.026260 0.021705 0.014611 0.007666 0.002511 -0.000246 0.001594 0.006815 0.000541 -0.016368 0.040341 0.308501 0.803509 1.344334 1.744336 1.971979 2.028415 1.829104 1.360787 0.818626 0.430787 0.237878 0.142434 0.076346 
0.052657 0.026251 0.021781 0.025099 0.026899 0.024406 0.018307 0.011017 0.004827 0.000695 0.000175 0.004711 0.005061 -0.011850 -0.005831 0.147027 0.538963 1.079859 1.563909 1.879630 2.026881 1.961557 1.616373 1.084676 0.602878 0.316057 0.182230 0.105974 
0.076200 0.036401 0.022158 0.023048 0.026362 0.026146 0.021656 0.014668 0.007725 0.002407 -0.000107 0.002389 0.006227 -0.003749 -0.019451 0.046478 0.318743 0.803654 1.335957 1.742820 1.977071 2.024996 1.818113 1.359063 0.828473 0.437720 0.235983 0.139070 
0.104065 0.053261 0.026736 0.021506 0.024774 0.026742 0.024325 0.018316 0.011092 0.004789 0.000662 0.000744 0.005087 0.002460 -0.016344 -0.004484 0.156424 0.544946 1.074684 1.558017 1.882379 2.028605 1.953241 1.608820 1.089499 0.612543 0.318486 0.178848 
0.135904 0.075647 0.037150 0.022259 0.022690 0.026113 0.026032 0.021620 0.014722 0.007747 0.002326 0.000174 0.003085 0.005220 -0.007847 -0.021646 0.052428 0.327633 0.803889 1.329186 1.741267 1.980475 2.021588 1.808778 1.357443 0.836942 0.444432 0.234962 
0.176108 0.101991 0.053563 0.027272 0.021330 0.024434 0.026562 0.024252 0.018332 0.011142 0.004735 0.000729 0.001361 0.005151 -0.000318 -0.020193 -0.002672 0.164894 0.550130 1.070549 1.553107 1.884056 2.029283 1.945961 1.602341 1.093516 0.621248 0.321356 
0.234621 0.132998 0.074788 0.037762 0.022463 0.022377 0.025836 0.025910 0.021597 0.014767 0.007740 0.002292 0.000558 0.003638 0.003896 -0.011692 -0.023148 0.058129 0.335459 0.804257 1.323670 1.739665 1.982561 2.018175 1.800745 1.355969 0.844324 0.450863 
0.324502 0.173932 0.099856 0.053593 0.027804 0.021248 0.024097 0.026359 0.024185 0.018352 0.011167 0.004685 0.000892 0.001973 0.004933 -0.003166 -0.023474 -0.000558 0.172574 0.554728 1.067264 1.548950 1.884887 2.029138 1.939484 1.596746 1.096939 0.629131 
0.456989 0.234808 0.130375 0.073706 0.038217 0.022736 0.022121 0.025542 0.025778 0.021581 0.014800 0.007714 0.002316 0.001011 0.004027 0.002338 -0.015259 -0.024106 0.063556 0.342438 0.804775 1.319144 1.738008 1.983612 2.014748 1.793749 1.354659 0.850836 
0.636310 0.327810 0.172247 0.097732 0.053387 0.028297 0.021247 0.023778 0.026136 0.024118 0.018371 0.011171 0.004654 0.001137 0.002543 0.004471 -0.006013 -0.026261 0.001742 0.179580 0.558889 1.064677 1.545374 1.885043 2.028343 1.933638 1.591881 1.099920 
0.856649 0.462807 0.235404 0.128038 0.072470 0.038511 0.023046 0.021925 0.025241 0.025634 0.021569 0.014819 0.007682 0.002400 0.001500 0.004250 0.000615 -0.018542 -0.024640 0.068704 0.348737 0.805446 1.315408 1.736296 1.983841 2.011306 1.787588 1.353516 
1.102568 0.642886 0.331201 0.170981 0.095666 0.052984 0.028726 0.021311 0.023489 0.025899 0.024048 0.018386 0.011159 0.004651 0.001448 0.003046 0.003802 -0.008810 -0.028623 0.004149 0.186010 0.562721 1.062666 1.542253 1.884658 2.027028 1.928293 1.587624 
1.352534 0.861892 0.468327 0.236318 0.125978 0.071134 0.038651 0.023367 0.021786 0.024946 0.025478 0.021553 0.014825 0.007653 0.002543 0.001999 0.004312 -0.001219 -0.021553 -0.024842 0.073583 0.354486 0.806264 1.312305 1.734531 1.983414 2.007850 1.782103 
1.583875 1.104963 0.648945 0.334621 0.170075 0.093690 0.052420 0.029077 0.021424 0.023234 0.025654 0.023969 0.018392 0.011138 0.004684 0.001807 0.003467 0.002962 -0.011526 -0.030620 0.006609 0.191950 0.566303 1.061131 1.539491 1.883834 2.025297 1.923352 
