0.811392 1.041678 1.118585 1.068431 0.973391 0.923302 0.884821 1.495050 2.044691 1.864898 1.683393 1.539913 1.589739 1.160470 0.798066 1.000588 0.982881 0.796054 0.515755 0.251979 0.081475 0.011877 -0.000988 -0.000989 0.011869 0.081433 0.251778 0.512165 
0.663660 0.940430 1.097659 1.104255 1.020907 0.944812 0.862792 1.153178 1.819247 2.000491 1.771876 1.597195 1.582688 1.400869 0.939781 0.877783 1.016069 0.905879 0.660713 0.377005 0.154591 0.036823 0.001094 -0.002596 0.001092 0.036808 0.154679 0.373917 
0.515193 0.810327 1.035931 1.115993 1.067749 0.982776 0.880897 0.961229 1.493034 1.965787 1.908429 1.671154 1.590388 1.519690 1.162836 0.871321 0.949938 0.984940 0.794141 0.517437 0.255426 0.084039 0.011829 -0.003214 -0.003215 0.011814 0.084274 0.253556 
0.376508 0.665012 0.936571 1.093077 1.102186 1.028615 0.921505 0.881458 1.202605 1.766233 1.981485 1.791255 1.620360 1.572294 1.355064 0.989862 0.890222 0.984277 0.909022 0.660240 0.379849 0.157870 0.038163 -0.000206 -0.005094 -0.000229 0.038403 0.157091 
0.256186 0.517501 0.809042 1.031228 1.112011 1.072664 0.972965 0.874715 1.004302 1.491037 1.920975 1.910504 1.696922 1.599223 1.483500 1.165113 0.911339 0.935726 0.968077 0.797452 0.518369 0.258817 0.086541 0.011802 -0.005352 -0.005382 0.011973 0.086448 
0.159640 0.379231 0.665717 0.933307 1.087965 1.103618 1.026496 0.909510 0.902947 1.228898 1.737082 1.955959 1.809165 1.641956 1.555154 1.332935 1.016803 0.905649 0.964090 0.902229 0.663469 0.381918 0.161128 0.039476 -0.001444 -0.007524 -0.001361 0.039687 
0.088504 0.259027 0.519474 0.807751 1.026382 1.110278 1.073347 0.963593 0.878545 1.033751 1.489682 1.887457 1.906692 1.721811 1.601993 1.458378 1.167927 0.937815 0.931789 0.951735 0.796580 0.521570 0.261529 0.089060 0.011793 -0.007427 -0.007388 0.012051 
0.040835 0.162266 0.381891 0.666226 0.929840 1.084303 1.103915 1.021477 0.904509 0.922336 1.246555 1.715863 1.933491 1.822942 1.659323 1.540850 1.318558 1.035095 0.919173 0.951082 0.892592 0.665630 0.385141 0.163871 0.040849 -0.002649 -0.009823 -0.002444 
0.012067 0.090529 0.261897 0.521309 0.806150 1.022322 1.108915 1.071232 0.956726 0.885848 1.056228 1.487871 1.860918 1.902045 1.741628 1.603754 1.440016 1.170178 0.957423 0.931538 0.938016 0.792986 0.525030 0.264665 0.091249 0.011859 -0.009416 -0.009287 
-0.003506 0.041922 0.164904 0.384511 0.666432 0.926626 1.081484 1.102643 1.016054 0.903482 0.939631 1.259383 1.698802 1.914823 1.833024 1.672898 1.530133 1.308161 1.048554 0.930779 0.942224 0.882653 0.666216 0.388938 0.166646 0.042046 -0.003748 -0.012016 
-0.011117 0.012054 0.092527 0.264774 0.522935 0.804471 1.018995 1.107154 1.067706 0.952097 0.894536 1.074303 1.485576 1.839388 1.897432 1.756772 1.605381 1.426449 1.171845 0.972725 0.932864 0.926681 0.788041 0.527943 0.268250 0.093315 0.011878 -0.011276 
-0.014092 -0.004551 0.042973 0.167545 0.387024 0.666430 0.923819 1.078948 1.100166 1.011034 0.904855 0.955117 1.269061 1.684559 1.899315 1.840192 1.683468 1.522366 1.300409 1.058864 0.940736 0.935946 0.873231 0.665558 0.392774 0.169641 0.043110 -0.004799 
-0.013036 -0.012873 0.012021 0.094511 0.267607 0.524358 0.802892 1.016144 1.104823 1.063562 0.949232 0.903729 1.089262 1.483009 1.821600 1.892971 1.768204 1.606994 1.416415 1.173147 0.985003 0.934878 0.917269 0.782524 0.530132 0.272067 0.095424 0.011828 
-0.005839 -0.016064 -0.005571 0.044004 0.170168 0.389393 0.666344 0.921384 1.076391 1.096881 1.006662 0.907739 0.969042 1.276569 1.672453 1.886245 1.845123 1.691712 1.516833 1.294629 1.067003 0.949282 0.931362 0.864570 0.664036 0.396365 0.172841 0.044140 
0.011746 -0.014731 -0.014555 0.011987 0.096483 0.270356 0.525630 0.801485 1.013547 1.101962 1.059235 0.947731 0.912988 1.101895 1.480370 1.806662 1.888635 1.776778 1.608572 1.409028 1.174286 0.995036 0.937139 0.909380 0.776858 0.531637 0.275917 0.097644 
0.045208 -0.006872 -0.017957 -0.006554 0.045027 0.172746 0.391619 0.666258 0.919231 1.073679 1.093093 1.002984 0.911583 0.981615 1.282546 1.662048 1.875033 1.848342 1.698155 1.512959 1.290389 1.073608 0.956619 0.927923 0.856710 0.661947 0.399593 0.176167 
0.099978 0.011676 -0.016382 -0.016172 0.011966 0.098430 0.273000 0.526807 0.800257 1.011052 1.098671 1.054965 0.947275 0.922078 1.112738 1.477793 1.793927 1.884386 1.783155 1.610081 1.403648 1.175400 1.003358 0.939410 0.902696 0.771275 0.532562 0.279668 
0.179536 0.046350 -0.007885 -0.019789 -0.007494 0.046047 0.175256 0.393724 0.666220 0.917269 1.070768 1.089024 0.999963 0.916030 0.993018 1.287424 1.653022 1.865242 1.850241 1.703193 1.510313 1.287374 1.079110 0.962926 0.925270 0.849610 0.659511 0.402426 
0.283237 0.102402 0.011652 -0.017995 -0.017732 0.011969 0.100343 0.275534 0.527936 0.799182 1.008568 1.095056 1.050880 0.947618 0.930878 1.122182 1.475360 1.782920 1.880196 1.787835 1.611496 1.399805 1.176570 1.010355 0.941565 0.896968 0.765900 0.533018 
0.404874 0.182880 0.047578 -0.008860 -0.021573 -0.008388 0.047063 0.177687 0.395732 0.666247 0.915422 1.067660 1.084828 0.997535 0.920837 1.003410 1.291505 1.645133 1.856553 1.851116 1.707124 1.508581 1.285345 1.083810 0.968359 0.923159 0.843201 0.656878 
0.533106 0.286583 0.104882 0.011697 -0.019568 -0.019241 0.011998 0.102213 0.277966 0.529044 0.798227 1.006041 1.091214 1.047048 0.948569 0.939324 1.130517 1.473112 1.773285 1.876048 1.791189 1.612805 1.397150 1.177841 1.016314 0.943541 0.892000 0.760793 
0.654156 0.406971 0.186149 0.048887 -0.009780 -0.023311 -0.009240 0.048073 0.180036 0.397666 0.666339 0.913635 1.064377 1.080609 0.995626 0.925842 1.012930 1.295003 1.638188 1.848731 1.851190 1.710172 1.507536 1.284113 1.087919 0.973053 0.921423 0.837406 
0.755979 0.532912 0.289690 0.107383 0.011820 -0.021091 -0.020703 0.012049 0.104035 0.280306 0.530148 0.797358 1.003447 1.087226 1.043494 0.949980 0.947395 1.137961 1.471066 1.764754 1.871933 1.793500 1.614004 1.395421 1.179231 1.021451 0.945310 0.887640 
0.832147 0.651418 0.408753 0.189308 0.050265 -0.010632 -0.025001 -0.010052 0.049072 0.182304 0.399544 0.666488 0.911867 1.060950 1.076441 0.994165 0.930933 1.021697 1.298068 1.632031 1.841601 1.850633 1.712511 1.507006 1.283526 1.091588 0.977123 0.919945 
0.883768 0.751462 0.532505 0.292554 0.109877 0.012024 -0.022557 -0.022120 0.012117 0.105806 0.282567 0.531257 0.796544 1.000777 1.083155 1.040223 0.951734 0.955090 1.144683 1.469224 1.757124 1.867848 1.794981 1.615094 1.394418 1.180743 1.025933 0.946868 
0.918645 0.827356 0.648711 0.410262 0.192334 0.051695 -0.011410 -0.026640 -0.010830 0.050054 0.184499 0.401379 0.666679 0.910092 1.057414 1.072368 0.993085 0.936032 1.029812 1.300809 1.626538 1.835034 1.849578 1.714275 1.506868 1.283464 1.094925 0.980668 
0.948221 0.880290 0.747231 0.531942 0.295185 0.112338 0.012304 -0.023957 -0.023492 0.012197 0.107526 0.284761 0.532371 0.795759 0.998032 1.079054 1.037227 0.953742 0.962419 1.150814 1.467580 1.750235 1.863793 1.795798 1.616078 1.393987 1.182373 1.029889 
0.983771 0.917467 0.822970 0.646068 0.411536 0.195216 0.053160 -0.012107 -0.028221 -0.011576 0.051015 0.186626 0.403181 0.666898 0.908293 1.053799 1.068422 0.992328 0.941088 1.037361 1.303306 1.621608 1.828930 1.848126 1.715569 1.507026 1.283829 1.098010 
