0.050160 0.035294 -0.036910 0.532650 1.130838 1.145496 1.275399 1.459221 1.739114 1.381624 0.952862 1.032741 0.926702 0.732338 0.508040 0.307643 0.161294 0.072686 0.028303 0.009792 0.003022 0.001585 0.005290 0.015778 0.032189 0.049562 0.060814 0.060708 
0.056356 0.046580 -0.037335 0.205971 0.866426 1.167435 1.199875 1.357936 1.633000 1.604659 1.139907 0.972632 0.996861 0.836911 0.620566 0.402970 0.227482 0.110617 0.046113 0.016696 0.005340 0.001649 0.002692 0.009740 0.023553 0.041198 0.056280 0.062124 
0.060216 0.056352 -0.011195 0.037795 0.532592 1.056181 1.192589 1.263742 1.507118 1.665068 1.380967 1.025708 0.984289 0.931922 0.732342 0.509215 0.308930 0.162113 0.072900 0.028083 0.009410 0.002719 0.001499 0.005418 0.015984 0.032296 0.049477 0.060505 
0.061291 0.062488 0.019275 -0.021847 0.255531 0.816786 1.152663 1.221480 1.380005 1.619060 1.555093 1.188170 0.986068 0.967991 0.842804 0.620822 0.404303 0.228580 0.111131 0.046083 0.016364 0.004974 0.001446 0.002722 0.009926 0.023727 0.041217 0.056083 
0.059542 0.064916 0.043527 -0.021322 0.079193 0.532502 1.015502 1.198156 1.290102 1.513438 1.624950 1.380265 1.065316 0.972222 0.918142 0.737522 0.509671 0.310249 0.162938 0.073124 0.027870 0.009032 0.002419 0.001413 0.005541 0.016184 0.032405 0.049417 
0.055207 0.064198 0.058610 0.003483 -0.003449 0.281943 0.790918 1.131269 1.241587 1.400548 1.598446 1.529261 1.213316 1.002465 0.950652 0.838692 0.624772 0.404927 0.229743 0.111653 0.046061 0.016036 0.004611 0.001245 0.002749 0.010107 0.023896 0.041292 
0.048775 0.060922 0.065412 0.031131 -0.021266 0.107002 0.532995 0.986010 1.197765 1.315593 1.513756 1.595969 1.380143 1.091382 0.970378 0.904804 0.738475 0.512428 0.310975 0.163848 0.073352 0.027663 0.008657 0.002120 0.001327 0.005660 0.016374 0.032587 
0.040935 0.055579 0.066068 0.051827 -0.005227 0.012969 0.299702 0.772892 1.112836 1.257529 1.416900 1.580737 1.511242 1.229836 1.016931 0.940424 0.831669 0.627647 0.406769 0.230477 0.112261 0.046039 0.015713 0.004250 0.001044 0.002774 0.010275 0.024138 
0.032488 0.048651 0.062629 0.063169 0.021273 -0.017616 0.127898 0.532971 0.963395 1.196468 1.336018 1.513123 1.573817 1.379502 1.110577 0.972168 0.894016 0.736665 0.515475 0.312207 0.164489 0.073657 0.027454 0.008286 0.001822 0.001240 0.005766 0.016625 
0.024225 0.040687 0.056617 0.066391 0.044685 -0.009885 0.027394 0.312628 0.758933 1.098112 1.269741 1.429499 1.566683 1.497261 1.241546 1.029449 0.934276 0.824281 0.628940 0.409249 0.231321 0.112729 0.046076 0.015386 0.003893 0.000844 0.002788 0.010487 
0.016809 0.032319 0.049070 0.063856 0.059560 0.013714 -0.012483 0.144447 0.532409 0.945690 1.195140 1.351773 1.512415 1.556528 1.378320 1.125463 0.975481 0.885539 0.733466 0.518006 0.313966 0.165070 0.073909 0.027284 0.007912 0.001529 0.001144 0.005901 
0.010682 0.024199 0.040740 0.057779 0.065497 0.038005 -0.012058 0.040097 0.322406 0.747707 1.086455 1.279007 1.439126 1.555650 1.485985 1.250128 1.040290 0.930640 0.817347 0.628984 0.411826 0.232463 0.113097 0.046109 0.015083 0.003534 0.000640 0.002817 
0.006041 0.016898 0.032249 0.049811 0.064421 0.055363 0.007996 -0.006754 0.157930 0.531529 0.931628 1.193896 1.363818 1.511750 1.542841 1.376817 1.137321 0.979431 0.878913 0.729657 0.519842 0.316033 0.165757 0.074082 0.027131 0.007550 0.001229 0.001056 
0.002859 0.010822 0.024155 0.041076 0.058780 0.063766 0.032035 -0.012632 0.051316 0.330016 0.738537 1.077148 1.286003 1.446461 1.546917 1.476741 1.256561 1.049690 0.928633 0.811116 0.628159 0.414216 0.233886 0.113462 0.046101 0.014801 0.003177 0.000436 
0.000979 0.006159 0.016928 0.032342 0.050674 0.064362 0.051004 0.003721 -0.000869 0.169130 0.530532 0.920321 1.192710 1.373007 1.511104 1.531869 1.375194 1.146930 0.983577 0.873743 0.725665 0.521024 0.318206 0.166613 0.074211 0.026968 0.007204 0.000928 
0.000237 0.002899 0.010904 0.024163 0.041616 0.059499 0.061494 0.026814 -0.012154 0.061256 0.336094 0.730990 1.069609 1.291252 1.452026 1.539910 1.469096 1.261479 1.057851 0.927705 0.805629 0.626765 0.416300 0.235509 0.113890 0.046049 0.014525 0.002828 
0.000635 0.000906 0.006239 0.016943 0.032600 0.051523 0.063781 0.046714 0.000575 0.004939 0.178582 0.529556 0.911128 1.191546 1.379999 1.510442 1.522971 1.373589 1.154824 0.987681 0.869712 0.721722 0.521653 0.320351 0.167640 0.074339 0.026778 0.006868 
0.002490 0.000048 0.002920 0.010945 0.024258 0.042274 0.059902 0.058898 0.022305 -0.010980 0.070097 0.341074 0.724751 1.063406 1.295146 1.456216 1.534196 1.462736 1.265316 1.064953 0.927500 0.800848 0.625019 0.418042 0.237246 0.114418 0.045972 0.014240 
0.006535 0.000355 0.000830 0.006280 0.016977 0.032996 0.052277 0.062788 0.042619 -0.001692 0.010543 0.186673 0.528682 0.903575 1.190375 1.385291 1.509739 1.515678 1.372082 1.161386 0.991619 0.866573 0.717954 0.521841 0.322385 0.168810 0.074501 0.026562 
0.013939 0.002164 -0.000135 0.002916 0.010968 0.024450 0.042981 0.059998 0.056130 0.018438 -0.009352 0.077997 0.345255 0.719579 1.058224 1.297980 1.459326 1.529461 1.457420 1.268370 1.071150 0.927774 0.796705 0.623075 0.419454 0.239026 0.115053 0.045889 
0.026327 0.006198 0.000088 0.000744 0.006290 0.017054 0.033495 0.052889 0.061483 0.038779 -0.003272 0.015882 0.193690 0.527956 0.897312 1.189183 1.389254 1.508980 1.509640 1.370719 1.166905 0.995328 0.864130 0.714424 0.521690 0.324262 0.170085 0.074720 
0.045821 0.013620 0.001844 -0.000313 0.002885 0.010991 0.024735 0.043682 0.059818 0.053297 0.015138 -0.007436 0.085091 0.348851 0.715283 1.053828 1.299978 1.461580 1.525476 1.452959 1.270853 1.076578 0.928362 0.793124 0.621040 0.420566 0.240795 0.115791 
0.075006 0.026083 0.005854 -0.000170 0.000645 0.006279 0.017186 0.034059 0.053342 0.059951 0.035220 -0.004317 0.020932 0.199852 0.527393 0.892073 1.187961 1.392170 1.508160 1.504592 1.369516 1.171597 0.998780 0.862235 0.711159 0.521283 0.325963 0.171430 
0.116618 0.045783 0.013288 0.001527 -0.000491 0.002831 0.011030 0.025099 0.044342 0.059397 0.050470 0.012328 -0.005346 0.091499 0.352013 0.711712 1.050047 1.301309 1.463151 1.522068 1.449201 1.272915 1.081353 0.929148 0.790030 0.618986 0.421414 0.242516 
0.172813 0.075362 0.025843 0.005502 -0.000425 0.000532 0.006259 0.017374 0.034659 0.053630 0.058258 0.031945 -0.004946 0.025689 0.205327 0.526998 0.887656 1.186709 1.394252 1.507279 1.500335 1.368477 1.175629 1.001973 0.860767 0.708161 0.520691 0.327486 
0.244164 0.117515 0.045783 0.012948 0.001207 -0.000675 0.002760 0.011094 0.025526 0.044936 0.058774 0.047697 0.009940 -0.003161 0.097319 0.354849 0.708741 1.046752 1.302107 1.464171 1.519112 1.446025 1.274665 1.085573 0.930054 0.787355 0.616964 0.422039 
0.328834 0.174206 0.075786 0.025616 0.005143 -0.000682 0.000404 0.006240 0.017618 0.035268 0.053760 0.056460 0.028945 -0.005250 0.030164 0.210246 0.526765 0.883905 1.185426 1.395665 1.506338 1.496712 1.367595 1.179129 1.004914 0.859634 0.705424 0.519969 
0.422475 0.245725 0.118467 0.045829 0.012608 0.000883 -0.000868 0.002679 0.011191 0.025998 0.045448 0.057986 0.045009 0.007914 -0.000935 0.102636 0.357439 0.706273 1.043847 1.302474 1.464743 1.516512 1.443331 1.276181 1.089323 0.931024 0.785040 0.615004 
