0.793000 0.973229 0.973870 0.796054 0.524765 0.279339 0.149030 0.157427 0.274472 0.394991 1.183393 2.009821 2.234959 2.498092 2.658857 2.707051 1.931507 1.005931 0.660470 0.319374 0.108994 0.021723 0.002095 -0.000146 0.012070 0.081475 0.251786 0.514906 
0.659134 0.900455 0.995928 0.901958 0.664635 0.393241 0.198320 0.137769 0.208942 0.292771 0.745073 1.631811 2.157596 2.370549 2.591908 2.741474 2.380140 1.441839 0.796670 0.481479 0.198320 0.053437 0.006594 -0.001016 0.001484 0.036891 0.154523 0.376609 
0.516669 0.791485 0.969147 0.969742 0.794385 0.526288 0.282603 0.151414 0.164332 0.227036 0.468740 1.183849 1.936815 2.283099 2.485190 2.703109 2.628798 1.928729 1.080310 0.616449 0.329256 0.111109 0.021436 -0.000295 -0.002454 0.011992 0.084040 0.255260 
0.379490 0.659311 0.897455 0.991508 0.898857 0.664607 0.395889 0.200971 0.145754 0.181385 0.307113 0.794341 1.583384 2.144386 2.392167 2.611425 2.723328 2.327145 1.489756 0.813303 0.457495 0.207837 0.053996 0.005101 -0.003636 0.000131 0.038218 0.157815 
0.258639 0.518372 0.789994 0.965156 0.965702 0.792736 0.527790 0.285086 0.158953 0.152261 0.216024 0.509270 1.184251 1.897714 2.289636 2.510288 2.705841 2.584567 1.925968 1.121431 0.608724 0.320043 0.118369 0.020480 -0.002559 -0.004679 0.011935 0.086542 
0.161020 0.382285 0.659468 0.894517 0.987187 0.895812 0.664622 0.397762 0.207269 0.143738 0.165396 0.324446 0.820497 1.558674 2.124476 2.412235 2.629435 2.698589 2.297972 1.514581 0.832837 0.444944 0.207282 0.058260 0.002975 -0.006097 -0.001168 0.039521 
0.088984 0.261922 0.520015 0.788525 0.961254 0.961741 0.791185 0.528648 0.289807 0.162244 0.140656 0.215271 0.536276 1.185226 1.869726 2.290143 2.534498 2.702626 2.551564 1.923847 1.148990 0.611135 0.311184 0.121372 0.021870 -0.005324 -0.006742 0.011891 
0.040794 0.164141 0.384995 0.659605 0.891641 0.982953 0.892902 0.664184 0.400792 0.212447 0.138814 0.156552 0.339878 0.838033 1.541759 2.107443 2.428089 2.643275 2.676835 2.276693 1.530802 0.850381 0.439407 0.203750 0.061458 0.002143 -0.008898 -0.002333 
0.011932 0.091359 0.265114 0.521601 0.787079 0.957427 0.957929 0.789377 0.529965 0.294760 0.162751 0.131623 0.218189 0.556430 1.185675 1.848544 2.289672 2.553625 2.698514 2.525480 1.921265 1.169659 0.617096 0.304786 0.121582 0.023597 -0.007495 -0.009000 
-0.003593 0.042094 0.167170 0.387625 0.659724 0.888814 0.978859 0.889898 0.663837 0.404399 0.216000 0.133526 0.151820 0.353392 0.850763 1.528867 2.094040 2.440163 2.653381 2.658816 2.259533 1.542234 0.865922 0.437856 0.199789 0.063083 0.002021 -0.011499 
-0.011246 0.011927 0.093709 0.268209 0.523135 0.785647 0.953715 0.954135 0.787522 0.531764 0.299140 0.161845 0.124920 0.222664 0.572294 1.185578 1.832202 2.289099 2.568065 2.694379 2.504345 1.918198 1.186001 0.624499 0.300612 0.120373 0.024853 -0.009050 
-0.013715 -0.004908 0.043360 0.170137 0.390171 0.659820 0.886062 0.974843 0.886840 0.663769 0.408048 0.218261 0.128692 0.149632 0.365258 0.860374 1.518664 2.083629 2.449244 2.660535 2.643891 2.245157 1.550559 0.879730 0.438727 0.196220 0.063467 0.002069 
-0.010211 -0.013315 0.011853 0.096014 0.271225 0.524607 0.784245 0.950093 0.950332 0.785786 0.533828 0.302770 0.160306 0.120088 0.227809 0.585149 1.185153 1.819439 2.288541 2.578780 2.690340 2.486896 1.914864 1.199295 0.632458 0.298207 0.118524 0.025457 
0.002001 -0.015565 -0.006185 0.044556 0.173043 0.392639 0.659897 0.883381 0.970862 0.883821 0.663964 0.411456 0.219611 0.124560 0.149101 0.375711 0.867842 1.510478 2.075493 2.456007 2.665415 2.631342 2.232888 1.556755 0.892044 0.441136 0.193292 0.062990 
0.025449 -0.011180 -0.015144 0.011741 0.098246 0.274168 0.526025 0.782875 0.946529 0.946550 0.784235 0.535959 0.305692 0.158561 0.116727 0.233182 0.595775 1.184605 1.809368 2.287975 2.586623 2.686370 2.472244 1.911462 1.210323 0.640536 0.297176 0.116462 
0.061950 0.001694 -0.017132 -0.007356 0.045679 0.175872 0.395039 0.659963 0.880754 0.966913 0.880911 0.664344 0.414504 0.220350 0.121170 0.149678 0.384955 0.873804 1.503875 2.069054 2.460978 2.668545 2.620590 2.222291 1.561455 0.903068 0.444539 0.191047 
0.114422 0.024930 -0.012096 -0.016735 0.011635 0.100392 0.277035 0.527399 0.781531 0.943008 0.942832 0.782867 0.538023 0.308011 0.156844 0.114520 0.238545 0.604705 1.184069 1.801349 2.287367 2.592254 2.682434 2.459746 1.908129 1.219618 0.648498 0.297204 
0.189450 0.060566 0.001114 -0.018503 -0.008387 0.046747 0.178613 0.397374 0.660021 0.878164 0.963010 0.878142 0.664823 0.417162 0.220696 0.118482 0.151002 0.393166 0.878692 1.498543 2.063882 2.464550 2.670317 2.611202 2.213051 1.565092 0.912982 0.448579 
0.298045 0.112528 0.024011 -0.013043 -0.018117 0.011570 0.102453 0.279820 0.528736 0.780205 0.939525 0.939211 0.781657 0.539939 0.309839 0.155278 0.113219 0.243772 0.612324 1.183629 1.794912 2.286689 2.596170 2.678505 2.448929 1.904944 1.227565 0.656219 
0.453018 0.188433 0.058990 0.000269 -0.019751 -0.009271 0.047782 0.181259 0.399646 0.660070 0.875602 0.959173 0.875522 0.665332 0.419442 0.220806 0.116429 0.152832 0.400501 0.882806 1.494241 2.059663 2.467020 2.671028 2.602862 2.204925 1.567964 0.921941 
0.663640 0.299508 0.110845 0.022791 -0.014066 -0.019328 0.011568 0.104437 0.282519 0.530037 0.778889 0.936086 0.935707 0.780567 0.541665 0.311279 0.153927 0.112627 0.248797 0.618918 1.183329 1.789707 2.285930 2.598744 2.674567 2.439443 1.901950 1.234451 
0.930085 0.457689 0.187922 0.057330 -0.000812 -0.020932 -0.010013 0.048804 0.183812 0.401855 0.660108 0.873065 0.955418 0.873045 0.665819 0.421375 0.220785 0.114932 0.154999 0.407093 0.886357 1.490779 2.056166 2.468612 2.670902 2.595337 2.197720 1.570283 
1.240494 0.670735 0.301443 0.109399 0.021354 -0.015188 -0.020406 0.011640 0.106356 0.285131 0.531299 0.777580 0.932699 0.932330 0.779561 0.543182 0.312418 0.152818 0.112594 0.253596 0.624704 1.183186 1.785471 2.285083 2.600258 2.670614 2.431020 1.899162 
1.572197 0.937528 0.462482 0.187843 0.055658 -0.002094 -0.022084 -0.010629 0.049828 0.186278 0.403996 0.660130 0.870555 0.951758 0.870696 0.666246 0.423002 0.220709 0.113918 0.157386 0.413058 0.889496 1.488008 2.053221 2.469499 2.670109 2.588455 2.191284 
1.896584 1.245860 0.677503 0.303734 0.108195 0.019770 -0.016414 -0.021384 0.011787 0.108224 0.287657 0.532519 0.776276 0.929374 0.929080 0.778608 0.544489 0.313327 0.151954 0.112998 0.258161 0.629850 1.183204 1.782004 2.284148 2.600924 2.666643 2.423459 
2.185493 1.573814 0.944372 0.467317 0.188130 0.054023 -0.003538 -0.023234 -0.011137 0.050864 0.188664 0.406067 0.660133 0.868078 0.948201 0.868458 0.666592 0.424362 0.220627 0.113317 0.159915 0.418494 0.892332 1.485805 2.050702 2.469813 2.668781 2.582088 
2.416602 1.894206 1.250679 0.683954 0.306290 0.107225 0.018092 -0.017740 -0.022291 0.012007 0.110051 0.290099 0.533691 0.774977 0.926120 0.925954 0.777680 0.545593 0.314062 0.151327 0.113748 0.262502 0.634482 1.183377 1.779151 2.283128 2.600910 2.662658 
2.576139 2.180246 1.575213 0.950700 0.472143 0.188724 0.052456 -0.005110 -0.024399 -0.011554 0.051920 0.190978 0.408068 0.660112 0.865639 0.944750 0.866312 0.666840 0.425493 0.220572 0.113069 0.162527 0.423483 0.894942 1.484072 2.048514 2.469658 2.667023 
