0.006994 0.002262 0.000330 -0.000027 -0.000027 0.000330 0.002262 0.006994 0.014303 -0.040473 0.527029 1.089529 1.022027 1.014303 1.006994 1.064762 0.500330 -0.062527 -0.000027 0.000330 0.002262 0.006994 0.014303 0.022027 0.027029 0.027029 0.022027 0.014303 
0.010461 0.004292 0.001022 0.000030 -0.000072 0.000030 0.001022 0.004292 0.014368 -0.048097 0.204698 0.847966 1.091417 1.014403 1.006555 1.070698 0.821335 0.179718 -0.066478 0.003937 0.001022 0.004292 0.010461 0.018309 0.025010 0.027654 0.025010 0.018309 
0.014352 0.007091 0.002334 0.000328 -0.000089 -0.000089 0.000328 0.002089 0.013438 -0.032035 0.034192 0.526916 1.014709 1.068616 1.001657 1.053721 0.990127 0.500328 0.012118 -0.046476 0.006676 0.002089 0.007091 0.014352 0.021985 0.026916 0.026916 0.021985 
0.018314 0.010542 0.004384 0.001060 -0.000006 -0.000142 0.000010 0.000526 0.010716 -0.012728 -0.032559 0.254206 0.798239 1.076335 1.035252 1.027479 1.055790 0.771766 0.229273 -0.051014 -0.023275 0.007392 0.003849 0.010557 0.018314 0.024928 0.027533 0.024928 
0.021944 0.014399 0.007184 0.002403 0.000328 -0.000150 -0.000107 -0.000360 0.007118 0.000870 -0.042031 0.075582 0.526764 0.973856 1.073660 1.027028 1.058900 0.949453 0.500286 0.053490 -0.056580 -0.005986 0.007118 0.006497 0.014441 0.021943 0.026806 0.026806 
0.024847 0.018319 0.010619 0.004473 0.001097 -0.000043 -0.000142 -0.000698 0.003754 0.007143 -0.028322 -0.014105 0.280581 0.772271 1.054616 1.054590 1.046890 1.034242 0.745954 0.255694 -0.032632 -0.038981 0.003767 0.007130 0.009961 0.018385 0.024843 0.027414 
0.026699 0.021903 0.014445 0.007276 0.002472 0.000322 -0.000129 -0.000705 0.001281 0.007943 -0.011266 -0.041848 0.103396 0.527198 0.944176 1.072730 1.051529 1.058103 0.919949 0.500826 0.081287 -0.056499 -0.018214 0.007943 0.008230 0.013946 0.021980 0.026693 
0.027290 0.024768 0.018323 0.010695 0.004560 0.001125 -0.000002 -0.000569 -0.000164 0.005937 0.000666 -0.036835 0.002375 0.298313 0.754140 1.035839 1.069753 1.062125 1.015632 0.727974 0.273473 -0.016220 -0.047603 -0.002761 0.009364 0.010604 0.018026 0.024838 
0.026648 0.026585 0.021864 0.014489 0.007365 0.002529 0.000382 -0.000381 -0.000783 0.003241 0.006027 -0.020865 -0.038070 0.124306 0.527116 0.921359 1.070879 1.070965 1.056380 0.897303 0.500851 0.102182 -0.052820 -0.027901 0.006027 0.010278 0.013967 0.021743 
0.024685 0.027218 0.024682 0.018327 0.010769 0.004636 0.001201 -0.000109 -0.000882 0.001030 0.006566 -0.006169 -0.041297 0.016867 0.311219 0.740068 1.020754 1.081179 1.073620 1.000709 0.714052 0.286426 -0.001793 -0.052169 -0.009645 0.010042 0.011902 0.017779 
0.021441 0.026542 0.026505 0.021818 0.014534 0.007445 0.002617 0.000380 -0.000697 -0.000320 0.004714 0.002740 -0.028164 -0.032807 0.140875 0.526498 0.903438 1.068982 1.085733 1.054608 0.879550 0.500336 0.118738 -0.047652 -0.035286 0.002740 0.011835 0.014525 
0.017832 0.024426 0.027135 0.024615 0.018326 0.010836 0.004728 0.001264 -0.000322 -0.000890 0.002344 0.005973 -0.012545 -0.043272 0.029642 0.320983 0.728723 1.008721 1.089649 1.082159 0.988834 0.702852 0.296236 0.010920 -0.054245 -0.016069 0.009496 0.013316 
0.015401 0.021242 0.026350 0.026437 0.021781 0.014570 0.007530 0.002713 0.000290 -0.000907 0.000464 0.005518 -0.001139 -0.033623 -0.026944 0.154386 0.525562 0.889148 1.067153 1.096795 1.052902 0.865424 0.499502 0.132237 -0.041881 -0.040827 -0.001139 0.012722 
0.014562 0.018170 0.024156 0.027004 0.024565 0.018324 0.010900 0.004833 0.001276 -0.000546 -0.000612 0.003493 0.004535 -0.018215 -0.043647 0.040940 0.328583 0.719428 0.999022 1.095843 1.088418 0.979290 0.693700 0.303882 0.022158 -0.054717 -0.021784 0.008104 
0.012976 0.016396 0.021210 0.026106 0.026353 0.021756 0.014601 0.007625 0.002789 0.000147 -0.000949 0.001371 0.005693 -0.005185 -0.037640 -0.020921 0.165620 0.524509 0.877602 1.065371 1.105002 1.051240 0.854038 0.498549 0.143461 -0.035945 -0.044923 -0.005185 
0.006166 0.015520 0.018710 0.023944 0.026823 0.024517 0.018328 0.010968 0.004936 0.001234 -0.000711 -0.000128 0.004357 0.002552 -0.023137 -0.042967 0.050964 0.334655 0.711750 0.991078 1.100282 1.092923 0.971497 0.686161 0.310000 0.032126 -0.054131 -0.026750 
-0.009166 0.012701 0.017373 0.021347 0.025854 0.026237 0.021738 0.014638 0.007724 0.002830 -0.000006 -0.000821 0.002264 0.005340 -0.009166 -0.040529 -0.014972 0.175112 0.523475 0.868157 1.063598 1.111017 1.049583 0.844750 0.497614 0.152944 -0.030081 -0.047889 
-0.031007 0.003896 0.016155 0.019370 0.023825 0.026609 0.024455 0.018339 0.011043 0.005022 0.001157 -0.000784 0.000478 0.004901 0.000240 -0.027351 -0.041591 0.059895 0.339631 0.705374 0.984456 1.103362 1.096066 0.965023 0.679922 0.315022 0.041003 -0.052844 
-0.049972 -0.012957 0.012006 0.018250 0.021624 0.025630 0.026088 0.021719 0.014685 0.007818 0.002834 -0.000134 -0.000551 0.003060 0.004572 -0.012957 -0.042538 -0.009221 0.183247 0.522543 0.860342 1.061808 1.115336 1.047907 0.837088 0.496779 0.161072 -0.024412 
-0.051098 -0.034622 0.001448 0.016477 0.020077 0.023809 0.026382 0.024372 0.018358 0.011123 0.005082 0.001065 -0.000754 0.001134 0.005137 -0.002249 -0.030925 -0.039758 0.067889 0.343812 0.700057 0.978842 1.105378 1.098143 0.959553 0.674740 0.319249 0.048946 
-0.019000 -0.051367 -0.016497 0.010992 0.018983 0.022007 0.025455 0.025914 0.021691 0.014742 0.007902 0.002810 -0.000214 -0.000174 0.003715 0.003486 -0.016497 -0.043862 -0.003732 0.190313 0.521756 0.853807 1.059986 1.118331 1.046197 0.830702 0.496087 0.168132 
0.056092 -0.049059 -0.037673 -0.001073 0.016517 0.020779 0.023891 0.026164 0.024266 0.018381 0.011206 0.005117 0.000977 -0.000626 0.001787 0.005093 -0.004809 -0.033936 -0.037635 0.075084 0.347409 0.695610 0.974003 1.106553 1.099379 0.954855 0.670424 0.322892 
0.174343 -0.013870 -0.052225 -0.019761 0.009743 0.019553 0.022460 0.025341 0.025724 0.021653 0.014806 0.007972 0.002767 -0.000234 0.000274 0.004210 0.002169 -0.019761 -0.044651 0.001473 0.196529 0.521130 0.848285 1.058126 1.120283 1.044445 0.825327 0.495556 
0.326102 0.062558 -0.046840 -0.040234 -0.003593 0.016310 0.021439 0.024058 0.025967 0.024140 0.018402 0.011286 0.005130 0.000909 -0.000413 0.002401 0.004806 -0.007368 -0.036459 -0.035336 0.081596 0.350573 0.691880 0.969768 1.107060 1.099944 0.950757 0.666822 
0.495188 0.179872 -0.009026 -0.052665 -0.022745 0.008328 0.019955 0.022950 0.025290 0.025532 0.021602 0.014870 0.008027 0.002717 -0.000192 0.000761 0.004540 0.000687 -0.022745 -0.045024 0.006389 0.202061 0.520670 0.843575 1.056226 1.121407 1.042652 0.820761 
0.663813 0.328988 0.068444 -0.044521 -0.042374 -0.006065 0.015897 0.022033 0.024292 0.025803 0.024003 0.018418 0.011360 0.005126 0.000872 -0.000133 0.002951 0.004315 -0.009877 -0.038562 -0.032939 0.087526 0.353413 0.688745 0.966008 1.107029 1.099971 0.947132 
0.816847 0.494977 0.184849 -0.004457 -0.052777 -0.025458 0.006802 0.020196 0.023452 0.025301 0.025346 0.021539 0.014930 0.008068 0.002672 -0.000090 0.001261 0.004712 -0.000903 -0.025458 -0.045072 0.011027 0.207040 0.520368 0.839521 1.054289 1.121867 1.040818 
0.943884 0.661297 0.331628 0.073833 -0.042156 -0.044154 -0.008458 0.015312 0.022545 0.024577 0.025677 0.023859 0.018425 0.011423 0.005114 0.000870 0.000197 0.003422 0.003655 -0.012306 -0.040306 -0.030500 0.092957 0.356008 0.686104 0.962628 1.106566 1.099564 
