-0.000004 0.000125 -0.061644 0.502719 1.068492 1.011014 1.019584 1.037291 1.138026 0.650707 0.215479 0.459294 0.671643 0.865877 0.983171 0.983299 0.866702 0.674042 0.463629 0.283391 0.155288 0.077327 0.035491 0.015003 0.005602 0.001657 0.000319 0.000032 
-0.000012 0.003919 -0.066024 0.181316 0.824470 1.074578 1.010600 1.022677 1.119223 0.927864 0.387397 0.296913 0.568567 0.774701 0.936656 0.997853 0.937050 0.776235 0.568059 0.368365 0.212947 0.110916 0.052816 0.023219 0.009268 0.003126 0.000760 0.000094 
-0.000246 0.006318 -0.046266 0.013077 0.502720 0.993720 1.057466 1.006606 1.083665 1.063357 0.651326 0.291397 0.414201 0.678490 0.864737 0.981177 0.981327 0.865853 0.674577 0.464915 0.284552 0.155849 0.077339 0.035259 0.014778 0.005473 0.001600 0.000286 
-0.000473 0.006289 -0.023272 -0.050484 0.230920 0.774839 1.059459 1.031204 1.043226 1.104079 0.878568 0.437935 0.313786 0.542381 0.780854 0.934588 0.995746 0.935554 0.776102 0.569064 0.369674 0.213835 0.111180 0.052672 0.022970 0.009087 0.003037 0.000734 
-0.000436 0.004680 -0.006368 -0.056313 0.054523 0.502678 0.952910 1.062369 1.031645 1.088498 1.022666 0.651916 0.334033 0.405419 0.666296 0.868803 0.978538 0.979439 0.865006 0.675079 0.466169 0.285708 0.156424 0.077366 0.035032 0.014550 0.005339 0.001583 
0.000019 0.002687 0.002597 -0.038959 -0.032027 0.257388 0.748963 1.037699 1.050295 1.062266 1.082307 0.853044 0.465341 0.333554 0.527663 0.776996 0.936271 0.992998 0.934149 0.775947 0.570032 0.370962 0.214729 0.111461 0.052538 0.022721 0.008899 0.003011 
0.000981 0.001172 0.005406 -0.018619 -0.056178 0.082391 0.503218 0.923267 1.061295 1.055815 1.087364 0.993160 0.653101 0.363084 0.406788 0.654507 0.868671 0.978267 0.977007 0.864240 0.675544 0.467392 0.286858 0.157013 0.077409 0.034811 0.014314 0.005278 
0.002553 0.000543 0.004802 -0.003995 -0.047561 -0.015543 0.275212 0.730917 1.018876 1.065210 1.077135 1.063487 0.835368 0.484107 0.351328 0.519994 0.770222 0.936933 0.991535 0.932338 0.775854 0.570958 0.372231 0.215627 0.111758 0.052416 0.022465 0.008784 
0.004939 0.000892 0.003097 0.003393 -0.028329 -0.052447 0.103354 0.503239 0.900483 1.059295 1.074921 1.085314 0.970529 0.653779 0.385222 0.411723 0.645230 0.865804 0.978353 0.975129 0.863202 0.676046 0.468576 0.288000 0.157614 0.077467 0.034586 0.014142 
0.008516 0.002203 0.001723 0.005365 -0.010942 -0.052108 -0.001047 0.288206 0.716928 1.003740 1.076385 1.088268 1.048368 0.821765 0.498047 0.367094 0.516347 0.763077 0.936066 0.990771 0.930661 0.775595 0.571900 0.373470 0.216530 0.112071 0.052295 0.022259 
0.013905 0.004530 0.001341 0.004533 0.000012 -0.035736 -0.047229 0.119976 0.502720 0.882589 1.057245 1.089360 1.083223 0.952805 0.653928 0.403010 0.418115 0.638228 0.861573 0.977987 0.973827 0.862103 0.676458 0.469763 0.289127 0.158228 0.077532 0.034400 
0.022043 0.008136 0.002150 0.003020 0.004706 -0.017426 -0.054167 0.011734 0.298056 0.705660 0.991652 1.084602 1.096450 1.036310 0.810898 0.508845 0.381123 0.515157 0.756382 0.933999 0.990166 0.929308 0.775216 0.572797 0.374708 0.217431 0.112394 0.052204 
0.034230 0.013578 0.004219 0.002106 0.005301 -0.003958 -0.041298 -0.041408 0.133539 0.501879 0.868322 1.055261 1.100095 1.081209 0.938723 0.653766 0.417729 0.425081 0.633045 0.856757 0.976987 0.972878 0.861109 0.676756 0.470931 0.290254 0.158845 0.077619 
0.052139 0.021778 0.007740 0.002378 0.004150 0.003205 -0.023200 -0.054621 0.023037 0.305740 0.696438 0.981892 1.090542 1.102359 1.026596 0.802092 0.517478 0.393654 0.515540 0.750384 0.931111 0.989433 0.928259 0.774811 0.573614 0.375941 0.218334 0.112731 
0.077732 0.034049 0.013196 0.004071 0.002988 0.005438 -0.008093 -0.045415 -0.035425 0.144824 0.500917 0.856793 1.053319 1.107976 1.079248 0.927397 0.653492 0.430160 0.432181 0.629285 0.851780 0.975390 0.972081 0.860286 0.676977 0.472053 0.291383 0.159469 
0.113086 0.052085 0.021463 0.007398 0.002806 0.004991 0.001159 -0.028224 -0.054018 0.033068 0.311894 0.688828 0.973882 1.094726 1.106519 1.018646 0.794912 0.524581 0.404893 0.516953 0.745126 0.927698 0.988449 0.927434 0.774452 0.574350 0.377155 0.219243 
0.160107 0.077865 0.033840 0.012803 0.004086 0.003851 0.005048 -0.012160 -0.048400 -0.029513 0.154365 0.499971 0.847361 1.051383 1.113667 1.077303 0.918182 0.653243 0.440837 0.439182 0.626633 0.846876 0.973298 0.971299 0.859636 0.677164 0.473116 0.292509 
0.220161 0.113463 0.052027 0.021115 0.007145 0.003349 0.005510 -0.001216 -0.032536 -0.052714 0.042006 0.316949 0.682515 0.967191 1.097549 1.109323 1.012028 0.789043 0.530585 0.415019 0.519038 0.740569 0.923977 0.987179 0.926747 0.774174 0.575024 0.378335 
0.293623 0.160765 0.078008 0.033605 0.012435 0.004239 0.004613 0.004239 -0.016035 -0.050503 -0.023799 0.162550 0.499124 0.839553 1.049427 1.117664 1.075348 0.910609 0.653101 0.450147 0.445960 0.624842 0.842168 0.970818 0.970449 0.859131 0.677356 0.474118 
0.379472 0.221086 0.113858 0.051957 0.020757 0.006990 0.003937 0.005717 -0.003767 -0.036205 -0.050952 0.050008 0.321207 0.677257 0.961502 1.099307 1.111067 1.006428 0.784243 0.535791 0.424189 0.521556 0.736644 0.920099 0.985631 0.926128 0.773988 0.575657 
0.475068 0.294719 0.161442 0.078156 0.033349 0.012115 0.004492 0.005229 0.003113 -0.019657 -0.051916 -0.018343 0.169664 0.498417 0.833020 1.047435 1.120340 1.073369 0.904324 0.653106 0.458376 0.452454 0.623720 0.837719 0.968050 0.969484 0.858735 0.677576 
0.576271 0.380566 0.222014 0.114270 0.051874 0.020408 0.006930 0.004516 0.005640 -0.006388 -0.039308 -0.048896 0.057212 0.324878 0.672864 0.956584 1.100224 1.111976 1.001612 0.780320 0.540410 0.432541 0.524342 0.733278 0.916170 0.983835 0.925522 0.773890 
0.677835 0.475977 0.295793 0.162132 0.078305 0.033084 0.011853 0.004810 0.005679 0.001754 -0.023000 -0.052791 -0.013171 0.175928 0.497868 0.827496 1.045402 1.121976 1.071359 0.899062 0.653276 0.465743 0.458641 0.623117 0.833553 0.965078 0.968384 0.858412 
0.773867 0.576882 0.381623 0.222940 0.114691 0.051782 0.020082 0.006951 0.005050 0.005318 -0.009007 -0.041919 -0.046662 0.063733 0.328115 0.669184 0.952265 1.100471 1.112222 0.997409 0.777121 0.544592 0.440192 0.527283 0.730395 0.912261 0.981824 0.924891 
0.858132 0.678139 0.476858 0.296843 0.162829 0.078452 0.032821 0.011654 0.005163 0.005960 0.000229 -0.026062 -0.053247 -0.008284 0.181507 0.497481 0.822778 1.043326 1.122785 1.069318 0.894623 0.653614 0.472416 0.464518 0.622915 0.829675 0.961968 0.967144 
0.924211 0.773902 0.577500 0.382646 0.223859 0.115117 0.051686 0.019791 0.007036 0.005514 0.004788 -0.011575 -0.044108 -0.044327 0.069673 0.331025 0.666094 0.948417 1.100182 1.111936 0.993692 0.774525 0.548445 0.447242 0.530300 0.727926 0.908420 0.979638 
0.965770 0.857868 0.678485 0.477722 0.297871 0.163528 0.078598 0.032571 0.011515 0.005523 0.006079 -0.001406 -0.028851 -0.053376 -0.003675 0.186532 0.497248 0.818712 1.041210 1.122935 1.067246 0.890848 0.654112 0.478522 0.470094 0.623024 0.826074 0.958774 
0.977309 0.923468 0.773980 0.578133 0.383645 0.224767 0.115543 0.051593 0.019541 0.007168 0.005894 0.004086 -0.014063 -0.045935 -0.041946 0.075115 0.333687 0.663494 0.944945 1.099459 1.111223 0.990363 0.772429 0.552048 0.453776 0.533342 0.725813 0.904677 
