0.093497 0.180486 0.291197 0.463569 0.672266 0.865826 0.983119 0.983922 0.870977 0.624760 0.990662 1.387522 1.206372 1.128410 1.077121 1.104536 0.518820 -0.056567 0.000943 -0.000020 -0.000054 0.000743 0.005090 0.015736 0.032182 0.049561 0.060814 0.054522 
0.068180 0.132508 0.230505 0.371259 0.566593 0.774759 0.936519 0.997910 0.942888 0.717941 0.767519 1.223282 1.326623 1.159275 1.096180 1.124230 0.849353 0.190925 -0.063714 0.004058 -0.000147 0.000070 0.002301 0.009657 0.023538 0.041196 0.056667 0.055936 
0.057992 0.094984 0.176730 0.294799 0.464713 0.672774 0.864812 0.980764 0.988296 0.823877 0.700185 0.992040 1.313897 1.253352 1.115515 1.123441 1.029696 0.518874 0.018218 -0.045480 0.006177 -0.000441 0.000739 0.005251 0.015954 0.032268 0.050081 0.056503 
0.055337 0.071472 0.130790 0.230254 0.374131 0.567361 0.774550 0.934320 1.002053 0.914288 0.733514 0.818266 1.174994 1.312355 1.180154 1.116723 1.108991 0.799717 0.240601 -0.048151 -0.023219 0.006023 -0.000546 0.002400 0.009864 0.023666 0.041792 0.054312 
0.054598 0.059761 0.095923 0.175237 0.296332 0.466789 0.673047 0.863151 0.983657 0.973702 0.813119 0.742296 0.993342 1.274233 1.258804 1.140659 1.128222 0.988816 0.518876 0.059722 -0.055560 -0.006629 0.004382 0.000050 0.005454 0.016099 0.032809 0.049121 
0.052556 0.055262 0.073207 0.130272 0.230088 0.376238 0.568690 0.773458 0.935908 0.996248 0.897214 0.751981 0.845837 1.150442 1.291458 1.199544 1.135769 1.087113 0.773830 0.267133 -0.029674 -0.038988 0.002205 0.002566 0.001816 0.010070 0.024100 0.041667 
0.048041 0.053468 0.060837 0.096623 0.174612 0.297373 0.468800 0.672949 0.863710 0.982420 0.959579 0.812542 0.770794 0.995192 1.245732 1.258301 1.164953 1.127035 0.959099 0.519452 0.087643 -0.055456 -0.018996 0.005007 0.001698 0.005019 0.016503 0.033080 
0.041257 0.051229 0.055255 0.074316 0.130181 0.230153 0.378000 0.569667 0.773669 0.936415 0.987609 0.887242 0.768453 0.864725 1.133702 1.273510 1.214782 1.150656 1.068175 0.755767 0.285013 -0.013173 -0.047670 -0.004509 0.004645 0.002434 0.009932 0.024574 
0.033208 0.047034 0.052674 0.061546 0.097192 0.174418 0.298346 0.470324 0.673476 0.864593 0.978457 0.948050 0.815558 0.792354 0.996492 1.224087 1.256892 1.184204 1.124933 0.936238 0.519502 0.108654 -0.051756 -0.028817 0.002904 0.003643 0.005130 0.016679 
0.024801 0.040801 0.050164 0.055235 0.075097 0.130287 0.230460 0.379383 0.570703 0.774615 0.935370 0.978650 0.881354 0.782916 0.878748 1.120998 1.259257 1.226303 1.161819 1.052927 0.741754 0.298057 0.001337 -0.052295 -0.011569 0.005163 0.003711 0.009964 
0.016774 0.033143 0.046166 0.052043 0.062033 0.097673 0.174515 0.299225 0.471606 0.674569 0.865032 0.973139 0.938859 0.820064 0.809539 0.997221 1.207328 1.255451 1.198807 1.122791 0.918266 0.519003 0.125318 -0.046569 -0.036330 -0.000567 0.005092 0.005819 
0.010319 0.024829 0.040310 0.049294 0.055178 0.075675 0.130527 0.230899 0.380525 0.571958 0.775729 0.933132 0.970180 0.877977 0.795647 0.889591 1.110997 1.248062 1.234888 1.170041 1.040732 0.730457 0.307949 0.014129 -0.054427 -0.018162 0.004452 0.005125 
0.006857 0.016931 0.032915 0.045402 0.051516 0.062366 0.098109 0.174790 0.300020 0.472857 0.675970 0.864850 0.967256 0.931540 0.825178 0.823635 0.997599 1.194190 1.254094 1.209723 1.120726 0.903919 0.518175 0.138918 -0.040779 -0.041993 -0.004630 0.005877 
0.006394 0.010956 0.024772 0.039775 0.048561 0.055089 0.076123 0.130856 0.231395 0.381571 0.573411 0.776705 0.930091 0.962446 0.876223 0.806886 0.898234 1.103023 1.239202 1.241215 1.176002 1.030869 0.721200 0.315668 0.025441 -0.054952 -0.024044 0.002897 
0.006044 0.008030 0.017212 0.032588 0.044698 0.051060 0.062593 0.098520 0.175161 0.300777 0.474171 0.677461 0.864081 0.961244 0.925690 0.830457 0.835427 0.997827 1.183786 1.252796 1.217805 1.118714 0.892310 0.517219 0.150234 -0.034826 -0.046207 -0.008860 
0.000802 0.007395 0.011784 0.024717 0.039207 0.047915 0.054979 0.076488 0.131235 0.231922 0.382620 0.574990 0.777404 0.926548 0.955492 0.875541 0.816840 0.905315 1.096643 1.232101 1.245807 1.180223 1.022762 0.713551 0.321849 0.035478 -0.054417 -0.029176 
-0.013022 0.005698 0.009193 0.017619 0.032226 0.044025 0.050647 0.062753 0.098913 0.175581 0.301540 0.475572 0.678899 0.862818 0.955339 0.920994 0.835664 0.845451 0.998043 1.175473 1.251519 1.223713 1.116719 0.882796 0.516272 0.159801 -0.028945 -0.049289 
-0.033597 -0.001614 0.008089 0.012712 0.024712 0.038624 0.047317 0.054854 0.076798 0.131635 0.232476 0.383721 0.576617 0.777784 0.922720 0.949282 0.875571 0.825687 0.911269 1.091542 1.226323 1.249056 1.183098 1.015978 0.707194 0.326926 0.044420 -0.053180 
-0.051487 -0.016988 0.004948 0.010257 0.018131 0.031875 0.043369 0.050257 0.062869 0.099285 0.176030 0.302345 0.477049 0.680198 0.861165 0.949666 0.917204 0.840673 0.854093 0.998331 1.168779 1.250236 1.227943 1.114715 0.874908 0.515417 0.168006 -0.023261 
-0.051484 -0.037373 -0.004196 0.008481 0.013667 0.024777 0.038050 0.046743 0.054718 0.077069 0.132039 0.233065 0.384895 0.578232 0.777847 0.918755 0.943750 0.876071 0.833585 0.916398 1.087479 1.221554 1.251257 1.184923 1.010203 0.701888 0.331198 0.052424 
-0.017836 -0.052996 -0.020694 0.003892 0.011172 0.018716 0.031565 0.042728 0.049877 0.062956 0.099637 0.176498 0.303210 0.478577 0.681316 0.859215 0.944289 0.914128 0.845422 0.861643 0.998734 1.163352 1.248931 1.230867 1.112687 0.868293 0.514696 0.175137 
0.059626 -0.049496 -0.040580 -0.006837 0.008597 0.014596 0.024914 0.037503 0.046183 0.054571 0.077310 0.132440 0.233698 0.386142 0.579788 0.777620 0.914756 0.938820 0.876876 0.840670 0.920914 1.084263 1.217559 1.252634 1.185922 1.005204 0.697443 0.334878 
0.181411 -0.012696 -0.053967 -0.024116 0.002614 0.011916 0.019343 0.031311 0.042105 0.049498 0.063019 0.099968 0.176987 0.304145 0.480129 0.682236 0.857048 0.939230 0.911615 0.849887 0.868320 0.999273 1.158928 1.247597 1.232765 1.110629 0.862689 0.514128 
0.338116 0.066142 -0.047328 -0.043291 -0.009467 0.008471 0.015463 0.025117 0.036994 0.045631 0.054411 0.077525 0.132839 0.234381 0.387453 0.581255 0.777137 0.910791 0.934417 0.877873 0.847061 0.924970 1.081743 1.214168 1.253356 1.186266 1.000810 0.693707 
0.513716 0.186997 -0.007844 -0.054516 -0.027248 0.001179 0.012485 0.019985 0.031119 0.041506 0.049116 0.063060 0.100280 0.177500 0.305150 0.481678 0.682956 0.854730 0.934491 0.909547 0.854063 0.874291 0.999949 1.155305 1.246232 1.233851 1.108539 0.857892 
0.690559 0.341023 0.072074 -0.045062 -0.045576 -0.012037 0.008140 0.016246 0.025371 0.036533 0.045089 0.054237 0.077715 0.133238 0.235119 0.388813 0.582614 0.776438 0.906905 0.930472 0.878982 0.852856 0.928675 1.079798 1.211252 1.253557 1.186087 0.996894 
0.853748 0.513454 0.192023 -0.003271 -0.054736 -0.030099 -0.000359 0.012884 0.020617 0.030987 0.040937 0.048731 0.063078 0.100577 0.178043 0.306221 0.483205 0.683484 0.852313 0.930061 0.907833 0.857962 0.879687 1.000759 1.152326 1.244837 1.234290 1.106420 
0.993360 0.687898 0.343676 0.077503 -0.042749 -0.047493 -0.014517 0.007638 0.016930 0.025664 0.036123 0.044559 0.054048 0.077882 0.133642 0.235912 0.390207 0.583855 0.775557 0.903128 0.926923 0.880150 0.858141 0.932108 1.078327 1.208713 1.253337 1.185488 
