0.792970 0.973027 0.973027 0.730470 1.014911 1.314278 1.081433 1.011869 0.999011 1.061511 0.511869 0.018933 0.251778 0.514911 0.792970 0.973027 0.973027 0.792970 0.514911 0.251778 0.081433 0.011869 -0.000989 -0.000989 0.011869 0.081433 0.251778 0.514911 
0.659133 0.900377 0.999441 0.833971 0.838820 1.196925 1.220914 1.032902 0.997186 1.063810 0.821405 0.216496 0.088101 0.380519 0.659133 0.900377 0.995534 0.900377 0.659133 0.376613 0.154508 0.036808 0.001092 -0.002596 0.001092 0.036808 0.154508 0.376613 
0.516677 0.791221 0.975329 0.922594 0.803672 1.016677 1.243052 1.130640 0.999129 1.043416 0.984578 0.511825 0.096216 0.208872 0.523024 0.791221 0.968981 0.968981 0.791465 0.516677 0.255259 0.084009 0.011825 -0.003215 -0.003215 0.011825 0.084009 0.255259 
0.379512 0.658781 0.903730 0.967901 0.846524 0.888593 1.150203 1.209214 1.055091 1.016731 1.046312 0.770500 0.267432 0.106934 0.356227 0.665647 0.896863 0.991186 0.897397 0.659315 0.379497 0.157807 0.038154 -0.000207 -0.005095 -0.000207 0.038154 0.157807 
0.258683 0.517693 0.794699 0.958710 0.908594 0.843622 1.018339 1.205691 1.138238 1.024429 1.046362 0.941696 0.511759 0.140160 0.202211 0.512067 0.794699 0.964337 0.965067 0.789983 0.518381 0.258641 0.086522 0.011801 -0.005354 -0.005354 0.011801 0.086521 
0.161084 0.381636 0.662134 0.897150 0.947964 0.862056 0.915210 1.127151 1.190787 1.075747 1.034824 1.022271 0.743411 0.295210 0.128595 0.343352 0.662146 0.897137 0.986247 0.894545 0.659473 0.382294 0.161018 0.039476 -0.001447 -0.007498 -0.001447 0.039473 
0.089051 0.261429 0.520981 0.793997 0.942614 0.904864 0.870018 1.020526 1.179405 1.139802 1.048880 1.043419 0.910069 0.512295 0.170468 0.205635 0.501485 0.793997 0.962110 0.960658 0.788602 0.520021 0.261928 0.088975 0.011797 -0.007408 -0.007408 0.011791 
0.040847 0.163847 0.384915 0.664422 0.887729 0.935205 0.875674 0.933164 1.111847 1.175216 1.092207 1.048801 1.001263 0.724212 0.314323 0.148197 0.337476 0.655724 0.896426 0.982645 0.891325 0.659689 0.384998 0.164145 0.040776 -0.002629 -0.009808 -0.002637 
0.011866 0.091248 0.264600 0.524529 0.790577 0.929144 0.904814 0.889531 1.022138 1.159888 1.140385 1.068287 1.039635 0.885385 0.512334 0.193812 0.212563 0.493386 0.790577 0.960287 0.956851 0.786968 0.521669 0.265114 0.091370 0.011812 -0.009380 -0.009389 
-0.003724 0.042051 0.166640 0.388771 0.665138 0.878009 0.926595 0.887364 0.946270 1.100520 1.163252 1.104908 1.059096 0.984035 0.709127 0.328585 0.165728 0.335572 0.648926 0.894221 0.979793 0.888276 0.659735 0.387669 0.167180 0.042056 -0.003756 -0.012038 
-0.011259 0.011896 0.093323 0.268219 0.527533 0.785810 0.918059 0.906334 0.904724 1.023156 1.145173 1.140864 1.083047 1.035884 0.865673 0.511853 0.212758 0.220887 0.487534 0.785810 0.958058 0.953666 0.785290 0.523199 0.268240 0.093701 0.011848 -0.011280 
-0.014162 -0.004769 0.043126 0.169653 0.392665 0.664613 0.868809 0.920563 0.897395 0.956213 1.091836 1.154258 1.114634 1.066490 0.969945 0.696818 0.339683 0.181463 0.336076 0.642572 0.890851 0.977151 0.885584 0.659656 0.390248 0.170151 0.043311 -0.004833 
-0.013094 -0.013042 0.011857 0.095445 0.272070 0.529815 0.780474 0.908896 0.908537 0.916880 1.023799 1.134000 1.141356 1.094119 1.032279 0.849668 0.511069 0.228589 0.229725 0.483470 0.780474 0.955241 0.950882 0.783735 0.524587 0.271289 0.095984 0.011894 
-0.005858 -0.016186 -0.005813 0.044168 0.172873 0.396315 0.663227 0.860374 0.916222 0.906003 0.963973 1.085122 1.147518 1.122063 1.071660 0.958271 0.686611 0.348596 0.195643 0.338106 0.636908 0.886693 0.974431 0.883233 0.659546 0.392698 0.173061 0.044544 
0.011956 -0.014821 -0.014769 0.011782 0.097679 0.275956 0.531415 0.774992 0.901258 0.910980 0.926778 1.024271 1.125483 1.141840 1.102357 1.028794 0.836480 0.510184 0.242090 0.238640 0.480799 0.774992 0.951874 0.948296 0.782367 0.525869 0.274234 0.098226 
0.045764 -0.006827 -0.018128 -0.006859 0.045248 0.176220 0.399604 0.661278 0.852741 0.913023 0.913393 0.970186 1.079948 1.142455 1.127719 1.075127 0.948433 0.678068 0.355959 0.208474 0.341117 0.631975 0.882043 0.971511 0.881139 0.659475 0.395021 0.175894 
0.100421 0.012041 -0.016469 -0.016456 0.011713 0.100029 0.279743 0.532436 0.769596 0.894825 0.913426 0.934953 1.024710 1.118983 1.142280 1.108420 1.025391 0.825464 0.509334 0.253794 0.247399 0.479207 0.769596 0.948054 0.945771 0.781187 0.527089 0.277062 
0.178639 0.046973 -0.007738 -0.020005 -0.007891 0.046399 0.179613 0.402499 0.658983 0.845871 0.910607 0.919742 0.975285 1.076000 1.138640 1.131996 1.077285 0.939996 0.670874 0.362206 0.220137 0.344754 0.627736 0.877117 0.968353 0.879217 0.659478 0.397235 
0.279776 0.102563 0.012155 -0.018048 -0.018108 0.011686 0.102469 0.283352 0.532991 0.764411 0.889349 0.915749 0.941790 1.025199 1.114030 1.142652 1.112806 1.022041 0.816147 0.508599 0.264091 0.255880 0.478447 0.764411 0.943892 0.943221 0.780167 0.528285 
0.399363 0.181288 0.048171 -0.008593 -0.021828 -0.008889 0.047634 0.182982 0.405013 0.656495 0.839693 0.908730 0.925206 0.979570 1.073038 1.135758 1.135191 1.078426 0.932643 0.664786 0.367637 0.230793 0.348778 0.624122 0.872066 0.964965 0.877395 0.659567 
0.529481 0.282383 0.104647 0.012296 -0.019567 -0.019718 0.011722 0.104964 0.286739 0.533181 0.759497 0.884632 0.917885 0.947576 1.025782 1.110276 1.142942 1.115885 1.018728 0.808175 0.508023 0.273269 0.264024 0.478327 0.759497 0.939485 0.940600 0.779271 
0.659736 0.401428 0.183843 0.049355 -0.009398 -0.023599 -0.009835 0.048947 0.186276 0.407176 0.653920 0.834131 0.907224 0.929921 0.983254 1.070875 1.133581 1.137527 1.078775 0.926139 0.659612 0.372464 0.240580 0.353024 0.621057 0.866994 0.961375 0.875617 
0.778461 0.530689 0.284897 0.106672 0.012460 -0.021031 -0.021278 0.011833 0.107479 0.289887 0.533091 0.754879 0.880522 0.919808 0.952530 1.026478 1.107458 1.143145 1.117937 1.015443 0.801282 0.507623 0.281548 0.271808 0.478697 0.754879 0.934916 0.937887 
0.873846 0.659973 0.403446 0.186311 0.050520 -0.010158 -0.025317 -0.010716 0.050325 0.189461 0.409028 0.651333 0.829107 0.905972 0.934002 0.986488 1.069359 1.131938 1.139178 1.078500 0.920310 0.655197 0.376840 0.249617 0.357382 0.618466 0.861973 0.957618 
0.935077 0.777706 0.531913 0.287333 0.108637 0.012642 -0.022443 -0.022779 0.012021 0.109985 0.292796 0.532792 0.750560 0.876898 0.921511 0.956818 1.027293 1.105376 1.143262 1.119178 1.012182 0.795264 0.507401 0.289096 0.279231 0.479440 0.750560 0.930250 
0.953730 0.872055 0.660260 0.405429 0.188698 0.051664 -0.010879 -0.026979 -0.011523 0.051752 0.192514 0.410610 0.648780 0.824551 0.904894 0.937548 0.989382 1.068371 1.130704 1.140275 1.077732 0.915027 0.651419 0.380874 0.258006 0.361774 0.616282 0.857048 
0.925542 0.932172 0.776980 0.533153 0.289702 0.110544 0.012834 -0.023804 -0.024212 0.012283 0.112457 0.295474 0.532340 0.746530 0.873668 0.923003 0.960569 1.028220 1.103876 1.143294 1.119771 1.008946 0.789963 0.507350 0.296045 0.286304 0.480466 0.746530 
0.852250 0.949745 0.870230 0.660583 0.407386 0.191014 0.052782 -0.011566 -0.028578 -0.012251 0.053212 0.195422 0.411959 0.646293 0.820402 0.903933 0.940641 0.992014 1.067813 1.129784 1.140923 1.076575 0.910191 0.648177 0.384643 0.265833 0.366147 0.614444 
