0.799719 1.000945 1.040623 0.938528 0.727873 1.210258 1.815458 1.877757 1.982191 1.982191 1.940257 1.252958 0.647758 0.790373 0.938528 1.040623 1.000588 0.802823 0.517995 0.252621 0.081634 0.011911 -0.000982 -0.000988 0.011869 0.081433 0.251778 0.513856 
0.660591 0.915718 1.039742 1.005222 0.796670 0.918074 1.539113 1.877905 1.933868 1.991339 2.004180 1.631811 0.898488 0.671980 0.866983 1.001338 1.039347 0.917005 0.664635 0.378193 0.154900 0.036891 0.001107 -0.002594 0.001093 0.036808 0.154574 0.375597 
0.515963 0.798215 0.995833 1.043268 0.891201 0.805523 1.215007 1.743826 1.923469 1.965299 2.024625 1.864631 1.256033 0.727214 0.746928 0.943972 1.036386 0.996325 0.801076 0.519597 0.256019 0.084176 0.011855 -0.003210 -0.003214 0.011821 0.084109 0.254634 
0.378315 0.661071 0.911700 1.041406 0.975554 0.813265 0.971859 1.493782 1.864084 1.951904 2.007576 1.986373 1.583384 0.952354 0.691704 0.840906 1.004998 1.034334 0.913789 0.664607 0.380956 0.158144 0.038217 -0.000197 -0.005094 -0.000215 0.038247 0.157557 
0.257721 0.517826 0.795951 0.996333 1.026729 0.880381 0.849798 1.219588 1.706065 1.927658 1.986553 2.025641 1.822993 1.258973 0.773265 0.739759 0.930444 1.037456 0.991469 0.799392 0.521133 0.259317 0.086656 0.011820 -0.005351 -0.005364 0.011864 0.086508 
0.160523 0.381091 0.660621 0.911625 1.033202 0.957366 0.832831 1.002377 1.472089 1.843585 1.968513 2.022444 1.962011 1.558674 0.982962 0.714237 0.826319 0.998742 1.033156 0.909948 0.664622 0.383625 0.161300 0.039520 -0.001442 -0.007508 -0.001416 0.039562 
0.088818 0.260897 0.518954 0.795995 0.992841 1.010666 0.879763 0.880464 1.224611 1.679386 1.925897 2.007063 2.020806 1.792547 1.262404 0.805612 0.742706 0.917385 1.034426 0.989035 0.797146 0.522686 0.262512 0.089075 0.011807 -0.007416 -0.007402 0.011894 
0.040807 0.163537 0.383365 0.661300 0.910619 1.022238 0.946285 0.850423 1.024158 1.458101 1.825992 1.981028 2.033274 1.940670 1.541759 1.004806 0.734692 0.818799 0.989659 1.031039 0.907408 0.664184 0.386285 0.164362 0.040802 -0.002635 -0.009816 -0.002561 
0.011906 0.091143 0.263750 0.520490 0.796355 0.986758 0.997229 0.882748 0.904177 1.228995 1.659478 1.923238 2.022628 2.015169 1.768986 1.265233 0.830933 0.749185 0.906900 1.028755 0.987011 0.795438 0.523903 0.265677 0.091427 0.011810 -0.009394 -0.009348 
-0.003671 0.042065 0.166353 0.385666 0.662568 0.908143 1.011049 0.939303 0.866007 1.041020 1.448052 1.812051 1.989884 2.040497 1.923096 1.528867 1.021708 0.753058 0.815317 0.980293 1.027472 0.905586 0.663836 0.388710 0.167389 0.042053 -0.003771 -0.012025 
-0.011222 0.011951 0.093360 0.266471 0.522476 0.796230 0.979428 0.986189 0.887233 0.923493 1.232725 1.644377 1.920554 2.033643 2.009599 1.750341 1.267439 0.851794 0.757086 0.898748 1.021812 0.984587 0.794289 0.524996 0.268687 0.093752 0.011824 -0.011284 
-0.014145 -0.004720 0.043284 0.169004 0.388183 0.663904 0.904517 1.000443 0.934867 0.879851 1.054647 1.440617 1.801126 1.995862 2.044893 1.908649 1.518664 1.035354 0.769608 0.814306 0.971460 1.022785 0.903942 0.663768 0.390944 0.170321 0.043299 -0.004854 
-0.013099 -0.013014 0.012014 0.095446 0.269218 0.524704 0.795447 0.971617 0.977089 0.892336 0.939687 1.236025 1.632823 1.917962 2.041064 2.004209 1.735348 1.269244 0.869481 0.765526 0.892469 1.014372 0.981582 0.793479 0.526134 0.271520 0.096031 0.011864 
-0.005883 -0.016180 -0.005709 0.044433 0.171579 0.390901 0.665033 0.900111 0.990660 0.932095 0.892193 1.066015 1.435124 1.792498 1.999637 2.047134 1.896607 1.510478 1.046728 0.784584 0.814881 0.963404 1.017352 0.902190 0.663964 0.393086 0.173122 0.044539 
0.011935 -0.014838 -0.014722 0.012070 0.097432 0.272053 0.526982 0.794046 0.963739 0.969531 0.897620 0.953541 1.239098 1.623934 1.915435 2.045740 1.998972 1.723119 1.270854 0.884778 0.774066 0.887664 1.006858 0.978032 0.792809 0.527384 0.274211 0.098235 
0.045760 -0.006852 -0.018128 -0.006654 0.045512 0.174145 0.393740 0.665841 0.895222 0.981735 0.930442 0.903239 1.075762 1.431144 1.785593 2.001729 2.047741 1.886389 1.503875 1.056469 0.798193 0.816496 0.956163 1.011471 0.900208 0.664343 0.395207 0.175793 
0.100351 0.012031 -0.016495 -0.016356 0.012106 0.099364 0.274975 0.529179 0.792131 0.956021 0.963196 0.902852 0.965589 1.242083 1.617072 1.912938 2.048328 1.993848 1.713010 1.272407 0.898224 0.782473 0.884017 0.999500 0.974038 0.792143 0.528747 0.276806 
0.178352 0.046946 -0.007761 -0.019987 -0.007570 0.046538 0.176735 0.396618 0.666299 0.890062 0.973623 0.929551 0.913168 1.084320 1.428366 1.779980 2.002530 2.047102 1.877562 1.498543 1.065012 0.810615 0.818793 0.949696 1.005355 0.897961 0.664823 0.397343 
0.279343 0.102381 0.012144 -0.018069 -0.017924 0.012123 0.101276 0.277959 0.531216 0.789813 0.948582 0.957834 0.907908 0.976217 1.245065 1.611767 1.910445 2.049322 1.988806 1.704552 1.273989 0.910207 0.790623 0.881277 0.992419 0.969708 0.791397 0.530198 
0.399506 0.180824 0.048091 -0.008612 -0.021763 -0.008464 0.047535 0.179361 0.399468 0.666420 0.884782 0.966251 0.929180 0.922139 1.091991 1.426551 1.775345 2.002333 2.045510 1.869807 1.494241 1.072662 0.822013 0.821529 0.943933 0.999155 0.895458 0.665332 
0.531704 0.281846 0.104334 0.012266 -0.019562 -0.019435 0.012128 0.103191 0.280969 0.533053 0.787194 0.941481 0.953247 0.912727 0.985715 1.248087 1.607671 1.907940 2.049090 1.983830 1.697391 1.275644 0.921019 0.798455 0.879250 0.985675 0.965141 0.790528 
0.665819 0.401693 0.183228 0.049194 -0.009410 -0.023461 -0.009337 0.048521 0.182016 0.402239 0.666236 0.879486 0.959540 0.929161 0.930290 1.098989 1.425511 1.771458 2.001360 2.043184 1.862891 1.490779 1.079632 0.832523 0.824541 0.938796 0.992973 0.892728 
0.789516 0.533228 0.284330 0.106220 0.012393 -0.020981 -0.020893 0.012131 0.105121 0.283971 0.534673 0.784357 0.934739 0.949283 0.917283 0.994303 1.251172 1.604523 1.905417 2.047909 1.978908 1.691263 1.277393 0.930880 0.805947 0.877783 0.979291 0.960418 
0.889805 0.666247 0.403893 0.185583 0.050261 -0.010164 -0.025087 -0.010188 0.049512 0.184689 0.404895 0.665785 0.874245 0.953410 0.929378 0.937739 1.105467 1.425096 1.768149 1.999781 2.040292 1.856640 1.488008 1.086078 0.842267 0.827712 0.934206 0.986880 
0.955607 0.788356 0.534742 0.286798 0.108054 0.012523 -0.022333 -0.022301 0.012145 0.107069 0.286935 0.536074 0.781373 0.928358 0.945820 0.921574 1.002148 1.254324 1.602122 1.902874 2.045992 1.974038 1.685966 1.279241 0.939961 0.813095 0.876758 0.973266 
0.980922 0.886729 0.666592 0.406091 0.187900 0.051296 -0.010878 -0.026649 -0.011009 0.050518 0.187363 0.407415 0.665108 0.869105 0.947791 0.929752 0.944585 1.111534 1.425187 1.765290 1.997727 2.036964 1.850925 1.485804 1.092110 0.851344 0.830966 0.930094 
0.967591 0.950760 0.787055 0.536220 0.289252 0.109847 0.012657 -0.023626 -0.023660 0.012179 0.109033 0.289836 0.537265 0.778294 0.922325 0.942762 0.925607 1.009383 1.257539 1.600315 1.900313 2.043501 1.969217 1.681343 1.281185 0.948395 0.819912 0.876080 
0.926397 0.975127 0.883533 0.666841 0.408271 0.190188 0.052307 -0.011557 -0.028151 -0.011796 0.051546 0.190024 0.409786 0.664242 0.864097 0.942618 0.930226 0.950913 1.117273 1.425686 1.762788 1.995299 2.033300 1.845647 1.484071 1.097810 0.859843 0.834246 
