0.793000 0.973229 0.973870 0.796054 0.524765 0.216839 0.649030 1.219927 1.274472 1.457491 1.683393 2.009821 1.734959 1.435592 1.658857 1.644551 1.431507 1.068431 0.660470 0.319374 0.108994 0.021723 0.002095 -0.000146 0.012070 0.081475 0.251786 0.514906 
0.659134 0.900455 0.995928 0.901958 0.668541 0.326835 0.378008 0.958081 1.271442 1.355271 1.561479 1.877905 1.911502 1.554142 1.529408 1.678974 1.559827 1.262151 0.863076 0.477573 0.198320 0.053437 0.006594 -0.001016 0.001484 0.036891 0.154523 0.376609 
0.516669 0.791485 0.969147 0.969498 0.800733 0.479901 0.294810 0.651658 1.145777 1.320054 1.443838 1.730480 1.936815 1.736468 1.510092 1.610092 1.647353 1.428485 1.068103 0.662836 0.322908 0.111353 0.021436 -0.000295 -0.002454 0.011992 0.084040 0.255260 
0.379490 0.659311 0.897470 0.990974 0.905189 0.641337 0.345001 0.430783 0.910128 1.256061 1.374923 1.582000 1.864084 1.863686 1.604508 1.543615 1.648652 1.562772 1.259944 0.864191 0.480765 0.201505 0.054530 0.005086 -0.003636 0.000131 0.038218 0.157815 
0.258639 0.518371 0.790036 0.964469 0.970417 0.786423 0.471317 0.339412 0.654196 1.105625 1.324171 1.468260 1.736009 1.897714 1.737878 1.551298 1.597695 1.631203 1.430725 1.067105 0.665197 0.326357 0.113654 0.021167 -0.002601 -0.004678 0.011935 0.086542 
0.161020 0.382282 0.659534 0.893860 0.989844 0.898486 0.625614 0.365996 0.460346 0.885926 1.234107 1.393140 1.601034 1.843586 1.839564 1.631699 1.560741 1.629879 1.555784 1.261504 0.864602 0.483952 0.204608 0.055602 0.003633 -0.006163 -0.001164 0.039521 
0.088984 0.261916 0.520091 0.788026 0.962207 0.967219 0.772566 0.472854 0.370346 0.657271 1.076675 1.322391 1.491867 1.735554 1.869726 1.739815 1.578907 1.595506 1.615545 1.428820 1.068451 0.666930 0.329802 0.115894 0.020917 -0.004826 -0.006819 0.011897 
0.040802 0.164132 0.385066 0.659308 0.891549 0.987765 0.888938 0.616951 0.384935 0.481189 0.869549 1.215154 1.407256 1.615917 1.825990 1.823213 1.650204 1.575897 1.618233 1.545958 1.262060 0.866238 0.486640 0.207714 0.056645 0.002234 -0.008601 -0.002403 
0.011878 0.091359 0.265167 0.521481 0.786556 0.960349 0.961364 0.761269 0.477928 0.394289 0.659785 1.054617 1.319764 1.510463 1.734168 1.848544 1.741179 1.599592 1.596938 1.602485 1.424231 1.070130 0.669133 0.332894 0.118147 0.020675 -0.006971 -0.008880 
-0.003587 0.042053 0.167211 0.387620 0.659176 0.889956 0.984225 0.879088 0.612320 0.401806 0.497132 0.857223 1.199949 1.417704 1.627086 1.812048 1.810859 1.663841 1.589069 1.610687 1.535836 1.261102 0.868515 0.489373 0.210598 0.057717 0.000879 -0.010951 
-0.010861 0.011871 0.093709 0.268266 0.522749 0.785646 0.958085 0.954221 0.752290 0.484432 0.413806 0.661715 1.037482 1.317160 1.524444 1.732728 1.832202 1.741949 1.615915 1.599883 1.591783 1.418327 1.071334 0.671831 0.335844 0.120287 0.020483 -0.009048 
-0.013221 -0.004723 0.043301 0.170197 0.389986 0.659326 0.888538 0.979551 0.869755 0.610155 0.416884 0.509861 0.847613 1.187851 1.425265 1.635324 1.801124 1.801170 1.674293 1.600528 1.605672 1.526236 1.258959 0.870895 0.492341 0.213304 0.058758 -0.000407 
-0.011043 -0.012775 0.011889 0.096014 0.271189 0.524067 0.785077 0.955233 0.946567 0.745172 0.491483 0.430183 0.663283 1.024003 1.314694 1.534770 1.731350 1.819439 1.742345 1.629159 1.603455 1.582981 1.411887 1.071881 0.674803 0.338822 0.122289 0.020317 
-0.001628 -0.015410 -0.005809 0.044544 0.173054 0.392263 0.659742 0.887010 0.974122 0.861183 0.609572 0.430409 0.520357 0.840044 1.178139 1.430614 1.641309 1.792499 1.793472 1.682540 1.610513 1.602304 1.517404 1.256008 0.873091 0.495528 0.215930 0.059730 
0.020150 -0.012954 -0.014618 0.011936 0.098246 0.273973 0.525499 0.784649 0.951829 0.938823 0.739517 0.498643 0.444205 0.664691 1.013292 1.312339 1.542292 1.730012 1.809368 1.742568 1.640106 1.607213 1.575679 1.405332 1.071810 0.677852 0.341894 0.124190 
0.060632 -0.002801 -0.017515 -0.006839 0.045767 0.175783 0.394522 0.660346 0.885249 0.968231 0.853411 0.610025 0.442589 0.529258 0.834082 1.170231 1.434273 1.645564 1.785597 1.787332 1.689218 1.619227 1.600037 1.509380 1.252547 0.874983 0.498857 0.218547 
0.126035 0.019966 -0.014790 -0.016385 0.012005 0.100392 0.276665 0.527049 0.784225 0.947972 0.931219 0.735007 0.505679 0.456407 0.666077 1.004705 1.310056 1.547669 1.728678 1.801349 1.742758 1.649290 1.610923 1.569561 1.398895 1.071221 0.680842 0.345064 
0.221192 0.061483 -0.003942 -0.019534 -0.007814 0.046956 0.178404 0.396800 0.661051 0.883219 0.962093 0.846399 0.611159 0.453606 0.536999 0.829411 1.163694 1.436634 1.648483 1.779988 1.782437 1.694760 1.626850 1.598511 1.502122 1.248790 0.876538 0.502244 
0.348306 0.127861 0.019763 -0.016559 -0.018071 0.012088 0.102453 0.279302 0.528690 0.783721 0.943773 0.923878 0.731395 0.512468 0.467179 0.667524 0.997770 1.307816 1.551398 1.727323 1.794912 1.742996 1.657096 1.614460 1.564379 1.392698 1.070224 0.683691 
0.505618 0.223878 0.062305 -0.005059 -0.021470 -0.008734 0.048103 0.180939 0.399110 0.661789 0.880930 0.955859 0.840076 0.612732 0.463619 0.543881 0.825791 1.158209 1.437990 1.650360 1.775357 1.778547 1.699466 1.633539 1.597485 1.495563 1.244889 0.877764 
0.686355 0.351587 0.129693 0.019550 -0.018271 -0.019680 0.012178 0.104437 0.281909 0.530389 0.783094 0.939327 0.916860 0.728487 0.518950 0.476811 0.669076 0.992133 1.305602 1.553849 1.725932 1.789707 1.743326 1.663814 1.617762 1.559937 1.386801 1.068919 
0.878692 0.508929 0.226601 0.063117 -0.006157 -0.023331 -0.009605 0.049207 0.183409 0.401447 0.662507 0.878409 0.949631 0.834365 0.614579 0.472768 0.550119 0.823029 1.153543 1.438562 1.651420 1.771474 1.775472 1.703549 1.639432 1.596792 1.489623 1.240949 
1.067389 0.688815 0.354873 0.131543 0.019336 -0.019931 -0.021217 0.012271 0.106356 0.284499 0.532110 0.782323 0.934718 0.910186 0.726131 0.525102 0.485523 0.670751 0.987529 1.303406 1.555301 1.724501 1.785471 1.743768 1.669661 1.620803 1.556085 1.381229 
1.237041 0.879358 0.512141 0.229349 0.063935 -0.007230 -0.025121 -0.010434 0.050273 0.185833 0.403800 0.663167 0.875692 0.943480 0.829190 0.616587 0.481172 0.555865 0.820975 1.149523 1.438521 1.651834 1.768167 1.773062 1.707161 1.644645 1.596319 1.484227 
1.375984 1.065702 0.691069 0.358133 0.133416 0.019132 -0.021541 -0.022690 0.012365 0.108224 0.287079 0.533824 0.781403 0.930012 0.903860 0.724209 0.530923 0.493485 0.672554 0.983756 1.301224 1.555969 1.723027 1.782004 1.744325 1.674805 1.623580 1.552702 
1.479305 1.233212 0.879801 0.515231 0.232108 0.064771 -0.008275 -0.026849 -0.011225 0.051307 0.188221 0.406156 0.663747 0.872816 0.937452 0.824480 0.618678 0.488932 0.561230 0.819505 1.146019 1.437997 1.651733 1.765312 1.771196 1.710411 1.649277 1.595984 
1.549695 1.371055 1.063912 0.693123 0.361343 0.135310 0.018950 -0.023104 -0.024106 0.012460 0.110051 0.289646 0.535506 0.780341 0.925261 0.897868 0.722627 0.536424 0.500830 0.674479 0.980655 1.299057 1.556015 1.721513 1.779151 1.744992 1.679376 1.626102 
1.595734 1.474796 1.229492 0.880057 0.518186 0.234863 0.065632 -0.009287 -0.028519 -0.011985 0.052316 0.190582 0.408498 0.664232 0.869816 0.931575 0.820173 0.620798 0.496136 0.566294 0.818520 1.142932 1.437093 1.651222 1.762811 1.769775 1.713379 1.653414 
