0.006739 0.028036 0.068411 0.148076 0.280610 0.466409 0.681254 0.813118 1.491110 2.050830 1.868405 1.672339 1.458598 1.337951 0.645548 0.005215 0.028375 0.012371 0.008233 0.008773 0.009931 0.009772 0.007937 0.005150 0.002518 0.000814 0.000119 -0.001065 
0.001432 0.015352 0.044575 0.102483 0.207710 0.368365 0.577203 0.718239 1.125373 1.824746 2.006854 1.772329 1.560755 1.428191 1.024230 0.280659 -0.022226 0.022079 0.009268 0.008172 0.009396 0.010038 0.009019 0.006594 0.003766 0.001545 0.000434 -0.001004 
-0.000746 0.006718 0.027215 0.068779 0.148675 0.281562 0.474010 0.635328 0.886910 1.489123 1.974169 1.914197 1.660169 1.506497 1.264399 0.646127 0.079974 -0.018203 0.018511 0.007843 0.008675 0.009857 0.009720 0.007919 0.005167 0.002548 0.000941 -0.000507 
-0.001183 0.001690 0.014835 0.044284 0.103019 0.208084 0.376009 0.550973 0.733563 1.173425 1.773033 1.990375 1.793039 1.582588 1.414485 0.975516 0.330545 -0.006793 -0.005315 0.015420 0.007518 0.009327 0.009975 0.008983 0.006594 0.003786 0.001671 0.000131 
-0.000802 -0.000651 0.006601 0.026710 0.068926 0.148727 0.287678 0.462575 0.625712 0.927431 1.487137 1.931513 1.918444 1.685986 1.512819 1.224805 0.646679 0.121473 -0.028434 0.005639 0.012652 0.007888 0.009826 0.009669 0.007902 0.005173 0.002650 0.000851 
-0.000097 -0.001283 0.001728 0.014471 0.044087 0.102781 0.212259 0.373615 0.536217 0.751786 1.198367 1.745123 1.967280 1.812221 1.602875 1.394122 0.950566 0.357312 0.011565 -0.021205 0.011573 0.010587 0.008569 0.009979 0.008946 0.006585 0.003853 0.001696 
0.000739 -0.000990 -0.000648 0.006436 0.026407 0.068443 0.151103 0.289616 0.451527 0.626253 0.954377 1.485772 1.900065 1.916720 1.710904 1.513136 1.196376 0.647826 0.149408 -0.028478 -0.006803 0.013255 0.009429 0.009212 0.009698 0.007872 0.005206 0.002716 
0.001680 -0.000271 -0.001370 0.001668 0.014237 0.043507 0.103743 0.215407 0.368309 0.528502 0.768023 1.214689 1.725090 1.947149 1.827213 1.618954 1.376680 0.933454 0.375451 0.027959 -0.030012 0.004820 0.012609 0.009051 0.009556 0.008982 0.006581 0.003918 
0.002754 0.000633 -0.001132 -0.000705 0.006313 0.025893 0.068475 0.153783 0.288825 0.442991 0.630358 0.974426 1.483927 1.875516 1.914076 1.730730 1.512502 1.174800 0.648469 0.170453 -0.024921 -0.016706 0.011114 0.011285 0.009117 0.009451 0.007912 0.005239 
0.003962 0.001649 -0.000409 -0.001468 0.001607 0.013880 0.043076 0.105351 0.217000 0.362638 0.524806 0.782259 1.226207 1.709155 1.930729 1.838452 1.631263 1.362908 0.920404 0.388776 0.042376 -0.034763 -0.002293 0.013074 0.010191 0.009245 0.008869 0.006635 
0.005303 0.002767 0.000542 -0.001259 -0.000764 0.006111 0.025353 0.069060 0.155965 0.286662 0.436733 0.635921 0.990139 1.481579 1.855894 1.911389 1.745863 1.511793 1.158111 0.648584 0.187171 -0.019873 -0.024310 0.007600 0.012652 0.009561 0.009137 0.007895 
0.006680 0.004012 0.001609 -0.000529 -0.001554 0.001502 0.013430 0.042978 0.107076 0.217366 0.357417 0.523568 0.794764 1.234603 1.695983 1.917381 1.846724 1.640588 1.352168 0.910080 0.398972 0.055088 -0.037026 -0.008948 0.012313 0.011449 0.009234 0.008652 
0.007796 0.005373 0.002777 0.000454 -0.001366 -0.000835 0.005810 0.024943 0.069980 0.157474 0.283900 0.432296 0.642061 1.002797 1.478946 1.839935 1.908773 1.757266 1.511125 1.145042 0.648388 0.200843 -0.014217 -0.030073 0.003491 0.013348 0.010323 0.008928 
0.008426 0.006676 0.004069 0.001567 -0.000634 -0.001630 0.001325 0.012977 0.043189 0.108640 0.216880 0.352889 0.523907 0.805780 1.240856 1.684897 1.906385 1.852706 1.647606 1.343740 0.901807 0.407016 0.066332 -0.037684 -0.014898 0.010707 0.012539 0.009507 
0.008887 0.007647 0.005420 0.002793 0.000372 -0.001454 -0.000943 0.005447 0.024721 0.071038 0.158350 0.280961 0.429281 0.648340 1.013182 1.476226 1.826748 1.906207 1.765793 1.510475 1.134706 0.648083 0.212251 -0.008393 -0.034392 -0.000786 0.013413 0.011205 
0.009985 0.008261 0.006620 0.004118 0.001532 -0.000724 -0.001712 0.001079 0.012589 0.043627 0.109926 0.215843 0.349093 0.525278 0.815512 1.245599 1.675461 1.897161 1.856923 1.652844 1.337048 0.895149 0.413543 0.076315 -0.037283 -0.020102 0.008552 0.013341 
0.012071 0.009016 0.007489 0.005428 0.002810 0.000304 -0.001534 -0.001097 0.005069 0.024683 0.072096 0.158700 0.278076 0.427374 0.654526 1.021829 1.473554 1.815692 1.903654 1.772106 1.509809 1.126461 0.647804 0.221928 -0.002635 -0.037583 -0.005000 0.012947 
0.013821 0.010584 0.008190 0.006527 0.004147 0.001508 -0.000799 -0.001816 0.000787 0.012298 0.044203 0.110900 0.214470 0.345989 0.527325 0.824142 1.249264 1.667359 1.889278 1.859771 1.656695 1.331658 0.889791 0.418985 0.085214 -0.036181 -0.024598 0.006064 
0.012062 0.012837 0.009289 0.007358 0.005398 0.002823 0.000254 -0.001614 -0.001297 0.004711 0.024801 0.073073 0.158634 0.275369 0.426326 0.660496 1.029123 1.471012 1.806294 1.901087 1.776704 1.509101 1.119835 0.647632 0.230261 0.002932 -0.039893 -0.009027 
0.003398 0.013989 0.011232 0.008224 0.006418 0.004149 0.001494 -0.000861 -0.001948 0.000471 0.012115 0.044845 0.111574 0.212914 0.343508 0.529807 0.831827 1.252151 1.660346 1.882419 1.861545 1.659457 1.327255 0.885490 0.423642 0.093188 -0.034617 -0.028455 
-0.012805 0.010857 0.013461 0.009669 0.007275 0.005336 0.002827 0.000219 -0.001703 -0.001534 0.004398 0.025037 0.073922 0.158253 0.272901 0.425943 0.666191 1.035353 1.468639 1.798199 1.898492 1.779959 1.508336 1.114475 0.647609 0.237537 0.008246 -0.041515 
-0.031749 0.000657 0.013874 0.011877 0.008356 0.006313 0.004123 0.001486 -0.000915 -0.002109 0.000153 0.012033 0.045499 0.111977 0.211282 0.341572 0.532559 0.838707 1.254472 1.654231 1.876352 1.862470 1.661356 1.323609 0.882056 0.427725 0.100372 -0.032759 
-0.042600 -0.016309 0.009416 0.013922 0.010119 0.007251 0.005255 0.002818 0.000195 -0.001804 -0.001795 0.004143 0.025354 0.074623 0.157641 0.270697 0.426075 0.671585 1.040739 1.466454 1.791144 1.895863 1.782155 1.507509 1.110119 0.647753 0.243974 0.013284 
-0.030719 -0.034555 -0.002085 0.013514 0.012481 0.008572 0.006226 0.004076 0.001479 -0.000969 -0.002296 -0.000151 0.012040 0.046125 0.112145 0.209647 0.340108 0.535469 0.844899 1.256375 1.648862 1.870904 1.862719 1.662562 1.320547 0.879335 0.431383 0.106885 
0.018042 -0.043267 -0.019535 0.007809 0.014217 0.010609 0.007289 0.005167 0.002796 0.000176 -0.001919 -0.002068 0.003948 0.025718 0.075172 0.156869 0.268761 0.426602 0.676676 1.045446 1.464458 1.784924 1.893199 1.783505 1.506620 1.106562 0.648064 0.249738 
0.112826 -0.028577 -0.036941 -0.004780 0.012947 0.013021 0.008856 0.006169 0.004012 0.001469 -0.001026 -0.002501 -0.000430 0.012118 0.046700 0.112118 0.208056 0.339045 0.538456 0.850503 1.257971 1.644112 1.865947 1.862424 1.663211 1.317942 0.877205 0.434726 
0.254959 0.022529 -0.043607 -0.022492 0.006089 0.014353 0.011111 0.007387 0.005082 0.002762 0.000154 -0.002049 -0.002342 0.003812 0.026105 0.075574 0.155988 0.267083 0.427435 0.681476 1.049606 1.462644 1.779383 1.890501 1.784177 1.505671 1.103649 0.648538 
0.437831 0.118278 -0.026386 -0.038969 -0.007398 0.012210 0.013481 0.009191 0.006146 0.003941 0.001451 -0.001092 -0.002718 -0.000677 0.012251 0.047207 0.111930 0.206540 0.338325 0.541469 0.855604 1.259337 1.639884 1.861384 1.861690 1.663405 1.315698 0.875566 
