0.243263 0.243298 0.198443 0.129571 0.066029 0.030212 0.030528 0.004849 0.645311 1.340928 1.478838 1.734469 1.994615 2.243923 1.726437 1.046644 0.869767 0.587207 0.338406 0.165917 0.070564 0.027314 0.009606 0.006051 0.021201 0.063145 0.128769 0.198249 
0.225096 0.248897 0.225177 0.165175 0.095734 0.044129 0.029737 -0.022321 0.279999 1.024529 1.437382 1.599014 1.864937 2.167871 2.043249 1.365253 0.933378 0.732982 0.455927 0.242570 0.110163 0.044086 0.015979 0.005775 0.010783 0.039019 0.094236 0.164797 
0.197869 0.242248 0.242275 0.198034 0.129930 0.066491 0.036961 -0.016087 0.079052 0.645356 1.267387 1.527381 1.723144 2.040813 2.166868 1.723454 1.119465 0.823504 0.595265 0.340208 0.167162 0.070605 0.026540 0.008808 0.005876 0.021763 0.063982 0.129199 
0.164836 0.224349 0.247800 0.224413 0.165181 0.095799 0.051077 0.002645 -0.007226 0.329273 0.975516 1.424026 1.621658 1.886335 2.151408 1.990789 1.412244 0.948000 0.706828 0.464287 0.243779 0.110822 0.043646 0.015103 0.005241 0.010998 0.039789 0.094938 
0.129614 0.197495 0.241256 0.241274 0.197672 0.129584 0.072128 0.024683 -0.026349 0.120016 0.645394 1.227809 1.534331 1.749782 2.045453 2.123825 1.720493 1.159036 0.813558 0.584266 0.347184 0.167717 0.070708 0.025793 0.008028 0.005703 0.022306 0.064794 
0.095617 0.164871 0.223617 0.246725 0.223730 0.164493 0.099566 0.048004 -0.012946 0.010808 0.355452 0.950280 1.404005 1.642735 1.906185 2.128327 1.962148 1.436149 0.965537 0.692137 0.462611 0.248696 0.110803 0.043298 0.014248 0.004718 0.011204 0.040537 
0.065582 0.130015 0.197128 0.240280 0.240374 0.196732 0.131550 0.073536 0.012822 -0.026419 0.147438 0.646048 1.199399 1.535262 1.775496 2.044107 2.091996 1.718176 1.185055 0.813769 0.573656 0.349926 0.170599 0.070248 0.025150 0.007262 0.005532 0.022833 
0.041262 0.096276 0.164902 0.222893 0.245751 0.222633 0.165039 0.102264 0.042006 -0.021459 0.026894 0.373025 0.932895 1.386900 1.659583 1.921823 2.108204 1.941399 1.451457 0.981099 0.684490 0.457992 0.252551 0.112034 0.042545 0.013495 0.004198 0.011403 
0.023344 0.066346 0.130403 0.196758 0.239391 0.239220 0.196315 0.133818 0.072178 0.003485 -0.022882 0.167990 0.646218 1.177847 1.535227 1.796097 2.041829 2.067071 1.715400 1.204195 0.817554 0.565543 0.349898 0.173796 0.070323 0.024258 0.006581 0.005353 
0.011584 0.041966 0.096915 0.164919 0.222232 0.244652 0.221663 0.166237 0.103385 0.035627 -0.025921 0.041016 0.385806 0.919585 1.373459 1.672640 1.933690 2.091788 1.924764 1.461983 0.994675 0.680861 0.452976 0.254836 0.113932 0.041928 0.012617 0.003738 
0.005207 0.023831 0.067089 0.130769 0.196425 0.238461 0.238023 0.196442 0.135582 0.069425 -0.003566 -0.017849 0.184234 0.645878 1.161185 1.535101 1.811982 2.039493 2.047081 1.712141 1.219018 0.822804 0.559689 0.348470 0.176500 0.070955 0.023327 0.005855 
0.003275 0.011775 0.042644 0.097529 0.164950 0.221574 0.243468 0.221009 0.167548 0.103262 0.029687 -0.027899 0.053447 0.395479 0.909014 1.363044 1.682692 1.942569 2.078440 1.910905 1.469409 1.006536 0.679684 0.448383 0.255881 0.115957 0.041637 0.011655 
0.005060 0.005072 0.024310 0.067802 0.131131 0.196107 0.237464 0.236948 0.196892 0.136662 0.066056 -0.008788 -0.012202 0.197452 0.645247 1.148147 1.535003 1.824116 2.037218 2.030758 1.708616 1.230807 0.828637 0.555637 0.346421 0.178532 0.071925 0.022525 
0.010704 0.002772 0.011974 0.043301 0.098124 0.164992 0.220879 0.242294 0.220652 0.168687 0.102272 0.024434 -0.028276 0.064424 0.403021 0.900506 1.354937 1.690419 1.949140 2.067441 1.899146 1.474713 1.016921 0.680077 0.444459 0.256063 0.117823 0.041654 
0.021914 0.004228 0.004919 0.024786 0.068491 0.131491 0.195776 0.236432 0.236060 0.197468 0.137096 0.062497 -0.012580 -0.006383 0.208424 0.644524 1.137847 1.534910 1.833354 2.034979 2.017214 1.705024 1.240343 0.834613 0.552990 0.344175 0.179929 0.073033 
0.041898 0.009833 0.002227 0.012164 0.043942 0.098705 0.165030 0.220145 0.241199 0.220514 0.169533 0.100716 0.019909 -0.027599 0.074151 0.409067 0.893625 1.348558 1.696347 1.953929 2.058210 1.889051 1.478530 1.026037 0.681495 0.441247 0.255682 0.119411 
0.074141 0.021496 0.003405 0.004734 0.025252 0.069164 0.131846 0.195417 0.235409 0.235358 0.198031 0.136988 0.058980 -0.015255 -0.000625 0.217684 0.643845 1.129640 1.534787 1.840357 2.032741 2.005806 1.701499 1.248160 0.840501 0.551434 0.341966 0.180793 
0.120684 0.042284 0.009077 0.001656 0.012331 0.044573 0.099276 0.165049 0.219390 0.240216 0.220507 0.170052 0.098809 0.016073 -0.026224 0.082808 0.414046 0.888056 1.343477 1.700870 1.957331 2.050317 1.880303 1.481289 1.034063 0.683581 0.438707 0.254954 
0.181234 0.075168 0.021244 0.002624 0.004515 0.025700 0.069829 0.132186 0.195029 0.234431 0.234817 0.198500 0.136448 0.055632 -0.017061 0.004946 0.225616 0.643289 1.123055 1.534609 1.845626 2.030478 1.996060 1.698121 1.254643 0.846175 0.550723 0.339917 
0.254030 0.121653 0.042740 0.008446 0.001082 0.012468 0.045191 0.099838 0.165042 0.218634 0.239356 0.220561 0.170256 0.096705 0.012859 -0.024393 0.090552 0.418259 0.883555 1.339379 1.704286 1.959642 2.043443 1.872657 1.483290 1.041157 0.686095 0.436772 
0.338092 0.181352 0.076067 0.021121 0.001909 0.004269 0.026126 0.070484 0.132506 0.194618 0.233519 0.234398 0.198830 0.135577 0.052513 -0.018191 0.010270 0.232509 0.642900 1.117741 1.534361 1.849533 2.028177 1.987623 1.694933 1.260080 0.851575 0.550664 
0.435367 0.253017 0.122347 0.043215 0.007933 0.000522 0.012573 0.045795 0.100385 0.165007 0.217896 0.238613 0.220622 0.170172 0.094510 0.010191 -0.022270 0.097519 0.421917 0.879931 1.336031 1.706821 1.961088 2.037358 1.865922 1.484744 1.047456 0.688874 
0.551106 0.336514 0.181231 0.076819 0.021091 0.001270 0.004008 0.026525 0.071128 0.132802 0.194195 0.232684 0.234066 0.199002 0.134458 0.049650 -0.018796 0.015321 0.238579 0.642693 1.113432 1.534040 1.852362 2.025829 1.980230 1.691949 1.264688 0.856679 
0.691804 0.434417 0.251986 0.122803 0.043668 0.007526 -0.000008 0.012650 0.046379 0.100916 0.164948 0.217190 0.237972 0.220654 0.169839 0.092298 0.007994 -0.019969 0.103825 0.425168 0.877032 1.333262 1.708647 1.961841 2.031889 1.859943 1.485801 1.053078 
0.861482 0.551933 0.335189 0.180939 0.077421 0.021122 0.000709 0.003742 0.026897 0.071753 0.133075 0.193772 0.231929 0.233788 0.199010 0.133162 0.047048 -0.018994 0.020096 0.243992 0.642669 1.109927 1.533645 1.854327 2.023436 1.973678 1.689171 1.268635 
1.058122 0.694807 0.433855 0.250987 0.123058 0.044077 0.007208 -0.000497 0.012706 0.046940 0.101424 0.164872 0.216528 0.237417 0.220631 0.169294 0.090117 0.006202 -0.017570 0.109570 0.428121 0.874733 1.330947 1.709899 1.962034 2.026908 1.854598 1.486569 
1.272051 0.865996 0.553053 0.334107 0.180529 0.077876 0.021188 0.000226 0.003483 0.027243 0.072356 0.133325 0.193360 0.231250 0.233538 0.198862 0.131742 0.044696 -0.018875 0.024605 0.248878 0.642823 1.107069 1.533178 1.855597 2.020999 1.967810 1.686592 
1.487124 1.062674 0.697830 0.433620 0.250050 0.123147 0.044426 0.006960 -0.000941 0.012747 0.047474 0.101908 0.164785 0.215914 0.236929 0.220538 0.168575 0.087997 0.004753 -0.015125 0.114838 0.430852 0.872935 1.328987 1.710681 1.961773 2.022318 1.849785 
