0.021196 0.013183 -0.049389 0.528036 1.130057 1.145519 1.275936 1.461737 1.744095 1.386484 0.952399 1.022102 0.904808 0.703243 0.479076 0.285532 0.148815 0.068071 0.027521 0.009814 0.003559 0.004100 0.010272 0.020638 0.031726 0.038922 0.038921 0.031613 
0.026448 0.020449 -0.054693 0.197786 0.864169 1.167263 1.200081 1.359340 1.636879 1.610067 1.142734 0.967451 0.980409 0.810705 0.590658 0.376838 0.210124 0.102433 0.043856 0.016524 0.005546 0.003053 0.006572 0.015148 0.026380 0.036017 0.039828 0.035918 
0.031314 0.027553 -0.033277 0.025201 0.527814 1.055314 1.192662 1.264415 1.509739 1.670028 1.385680 1.025074 0.973581 0.910120 0.703439 0.480415 0.286848 0.149520 0.068122 0.027215 0.009483 0.003393 0.004121 0.010378 0.020698 0.031663 0.038769 0.038703 
0.035239 0.032773 -0.006752 -0.039253 0.247194 0.814393 1.152472 1.221790 1.381544 1.622988 1.560410 1.190824 0.980756 0.951550 0.816752 0.591107 0.378276 0.211173 0.102795 0.043690 0.016173 0.005284 0.002985 0.006650 0.015243 0.026381 0.035905 0.039642 
0.037828 0.036201 0.014888 -0.043376 0.066489 0.527566 1.014550 1.198276 1.290909 1.516162 1.629888 1.384835 1.064516 0.961449 0.896429 0.708807 0.481033 0.288196 0.150234 0.068188 0.026918 0.009152 0.003225 0.004137 0.010479 0.020754 0.031606 0.038644 
0.038778 0.038296 0.029084 -0.022443 -0.020902 0.273458 0.788393 1.131060 1.241997 1.402217 1.602419 1.534490 1.215802 0.997026 0.934223 0.812790 0.595246 0.379001 0.212291 0.103168 0.043536 0.015826 0.005022 0.002914 0.006723 0.015335 0.026382 0.035854 
0.037938 0.039295 0.036881 0.002649 -0.043290 0.094191 0.527906 0.984976 1.197932 1.316528 1.516577 1.600885 1.384573 1.090421 0.959541 0.883178 0.709943 0.483946 0.288951 0.151037 0.068263 0.026629 0.008824 0.003054 0.004149 0.010577 0.020805 0.031626 
0.035374 0.039162 0.040312 0.022485 -0.031053 -0.004528 0.291074 0.770239 1.112608 1.258036 1.418696 1.584754 1.516383 1.232158 1.011369 0.924007 0.805913 0.598305 0.380943 0.212980 0.103633 0.043386 0.015485 0.004758 0.002839 0.006792 0.015416 0.026460 
0.031370 0.037753 0.041088 0.034817 -0.007056 -0.039612 0.114983 0.527733 0.962282 1.196679 1.337077 1.516039 1.578711 1.383797 1.109460 0.961270 0.872475 0.708313 0.487146 0.290211 0.151574 0.068419 0.026340 0.008497 0.002881 0.004157 0.010661 0.020920 
0.026387 0.035006 0.040212 0.040778 0.015523 -0.035613 0.009854 0.303861 0.756155 1.097865 1.270343 1.431416 1.570742 1.502317 1.243708 1.023768 0.917871 0.798667 0.599778 0.383520 0.213781 0.103962 0.043298 0.015140 0.004494 0.002761 0.006847 0.015544 
0.020970 0.031049 0.038112 0.042399 0.031382 -0.014465 -0.034451 0.131431 0.527026 0.944498 1.195394 1.352951 1.515423 1.561401 1.382482 1.124194 0.964523 0.864081 0.705289 0.489827 0.291998 0.152054 0.068526 0.026093 0.008166 0.002707 0.004152 0.010773 
0.015656 0.026206 0.034943 0.041385 0.040024 0.009019 -0.037691 0.022516 0.313504 0.744806 1.086191 1.279699 1.441161 1.559749 1.490958 1.252135 1.034493 0.914247 0.791873 0.599998 0.386193 0.214883 0.104195 0.043209 0.014818 0.004226 0.002675 0.006916 
0.010891 0.020931 0.030831 0.038795 0.043045 0.027356 -0.020037 -0.028693 0.144817 0.526005 0.930361 1.194190 1.365112 1.514845 1.547691 1.380850 1.135903 0.968416 0.857537 0.701650 0.491810 0.294093 0.152644 0.068559 0.025864 0.007844 0.002523 0.004152 
0.006996 0.015713 0.026011 0.035166 0.042399 0.038428 0.003220 -0.038171 0.033696 0.320983 0.735518 1.076865 1.286782 1.448609 1.551054 1.481633 1.258417 1.043780 0.912252 0.785779 0.599344 0.388677 0.216266 0.104429 0.043082 0.014518 0.003956 0.002584 
0.004159 0.010987 0.020835 0.030780 0.039603 0.043066 0.023163 -0.024168 -0.022780 0.155923 0.524872 0.918980 1.193044 1.374412 1.514285 1.536697 1.379100 1.145368 0.972506 0.852447 0.697824 0.493134 0.296295 0.153406 0.068551 0.025626 0.007538 0.002334 
0.002495 0.007072 0.015716 0.025871 0.035597 0.043130 0.036289 -0.001833 -0.037601 0.043599 0.326935 0.727856 1.069308 1.292115 1.454283 1.544083 1.473908 1.263188 1.051832 0.911336 0.780425 0.598118 0.390852 0.217852 0.104731 0.042916 0.014224 0.003691 
0.002148 0.004168 0.011045 0.020726 0.030898 0.040398 0.042563 0.019036 -0.027175 -0.016945 0.165284 0.523763 0.909714 1.191917 1.381512 1.513704 1.527778 1.377372 1.153121 0.976556 0.848494 0.694043 0.493903 0.298468 0.154342 0.068547 0.025365 0.007239 
0.003435 0.002410 0.007128 0.015680 0.025823 0.036149 0.043545 0.033823 -0.006179 -0.036337 0.052404 0.331791 0.721506 1.063088 1.296090 1.458578 1.538404 1.467470 1.266882 1.058827 0.911143 0.775773 0.596535 0.392685 0.219552 0.105135 0.042726 0.013921 
0.006942 0.001972 0.004171 0.011065 0.020641 0.031158 0.041100 0.041646 0.015099 -0.029305 -0.011313 0.173287 0.522761 0.902091 1.190782 1.386908 1.513080 1.520463 1.375746 1.159548 0.980442 0.845430 0.690434 0.494228 0.300529 0.155424 0.068580 0.025079 
0.013602 0.003186 0.002330 0.007156 0.015626 0.025876 0.036752 0.043653 0.031182 -0.009887 -0.034622 0.060269 0.335854 0.716225 1.057887 1.299002 1.461790 1.533702 1.462078 1.269796 1.064921 0.911429 0.771757 0.594750 0.394185 0.221298 0.105652 0.042535 
0.024775 0.006639 0.001805 0.004160 0.011052 0.020601 0.031523 0.041662 0.040416 0.011414 -0.030752 -0.005946 0.180219 0.521910 0.895760 1.189624 1.390972 1.512397 1.514402 1.374265 1.164934 0.984100 0.843063 0.687059 0.494210 0.302434 0.156614 0.068674 
0.042362 0.013266 0.002942 0.002250 0.007157 0.015575 0.026025 0.037353 0.043485 0.028472 -0.013032 -0.032620 0.067331 0.339334 0.711824 1.053474 1.301075 1.464143 1.529747 1.457542 1.272143 1.070249 0.912029 0.768299 0.592870 0.395382 0.223034 0.106274 
0.068839 0.024464 0.006328 0.001644 0.004134 0.011019 0.020618 0.031959 0.042065 0.038956 0.008006 -0.031667 -0.000869 0.186299 0.521226 0.890454 1.188436 1.393984 1.511650 1.509332 1.372948 1.169497 0.987504 0.841240 0.683945 0.493934 0.304163 0.157877 
0.106988 0.042220 0.012916 0.002697 0.002166 0.007132 0.015540 0.026257 0.037915 0.043077 0.025766 -0.015689 -0.030445 0.073707 0.342384 0.708149 1.049675 1.302480 1.465808 1.526369 1.453711 1.274073 1.074926 0.912828 0.765326 0.590969 0.396316 0.224724 
0.159180 0.069077 0.024159 0.006008 0.001482 0.004090 0.010977 0.020695 0.032433 0.042307 0.037335 0.004879 -0.032168 0.003916 0.191694 0.520713 0.885972 1.187215 1.396159 1.510838 1.505052 1.371798 1.173404 0.990649 0.839844 0.681095 0.493469 0.305712 
0.226343 0.107778 0.042121 0.012559 0.002448 0.002073 0.007089 0.015533 0.026555 0.038414 0.042466 0.023112 -0.017928 -0.028177 0.079497 0.345111 0.705079 1.046363 1.303347 1.466919 1.523441 1.450463 1.275694 1.079052 0.913746 0.762770 0.589095 0.397023 
0.307088 0.160496 0.069387 0.023868 0.005679 0.001315 0.004030 0.010936 0.020830 0.032920 0.042391 0.035607 0.002023 -0.032347 0.008418 0.196536 0.520366 0.882157 1.185962 1.397662 1.509964 1.501408 1.370808 1.176782 0.993545 0.838781 0.678501 0.492872 
0.397540 0.227875 0.108624 0.042070 0.012201 0.002190 0.001968 0.007034 0.015559 0.026902 0.038835 0.041690 0.020539 -0.019809 -0.025870 0.084785 0.347596 0.702513 1.043441 1.303781 1.467579 1.520868 1.447700 1.277085 1.082710 0.914728 0.760570 0.587280 
