0.050931 0.150566 0.275791 0.458452 0.671497 0.866217 0.922942 1.490174 1.942690 1.693551 1.485508 1.302490 1.230085 0.581899 -0.027945 0.012116 0.003414 0.000816 0.000173 0.000371 0.002269 0.006995 0.014303 0.022027 0.027029 0.027029 0.022027 0.008011 
0.022368 0.095604 0.207989 0.361633 0.564221 0.778627 0.871298 1.181821 1.767456 1.859406 1.585397 1.385521 1.295360 0.939582 0.233962 -0.045486 0.010431 0.001611 0.000320 0.000113 0.001037 0.004294 0.010462 0.018309 0.025010 0.027654 0.025404 0.012024 
0.011782 0.052608 0.146771 0.279173 0.459129 0.678294 0.818955 0.995749 1.488299 1.867158 1.740641 1.473969 1.350185 1.155937 0.582001 0.046642 -0.034442 0.009596 0.000427 0.000078 0.000359 0.002338 0.007091 0.014352 0.021985 0.026892 0.027530 0.017927 
0.011703 0.025926 0.093966 0.207610 0.363729 0.571167 0.751272 0.885359 1.229395 1.716421 1.844245 1.607134 1.407550 1.281196 0.890289 0.283518 -0.030113 -0.016917 0.007786 -0.000338 0.000073 0.001069 0.004384 0.010542 0.018316 0.024875 0.028118 0.023152 
0.016228 0.013846 0.053733 0.145284 0.279807 0.465949 0.665804 0.808070 1.035319 1.486421 1.825591 1.746152 1.500420 1.356331 1.115768 0.582074 0.087955 -0.044661 -0.003233 0.005242 -0.000703 0.000389 0.002404 0.007184 0.014404 0.021879 0.027217 0.026553 
0.021498 0.011899 0.027919 0.093593 0.206634 0.368795 0.568619 0.735225 0.902392 1.253875 1.689165 1.822428 1.627327 1.428052 1.260400 0.864768 0.309947 -0.011825 -0.032765 0.003965 0.002731 -0.000654 0.001166 0.004469 0.010625 0.018259 0.025057 0.027864 
0.025457 0.015300 0.015204 0.054692 0.144083 0.282290 0.468429 0.653963 0.807254 1.061376 1.485159 1.795196 1.745661 1.525974 1.356498 1.086782 0.582741 0.115694 -0.044701 -0.015632 0.005855 0.000848 -0.000162 0.002547 0.007276 0.014402 0.021959 0.027283 
0.027337 0.020270 0.012149 0.029355 0.093218 0.207140 0.372402 0.563249 0.726322 0.917409 1.269772 1.669760 1.803537 1.643314 1.444363 1.242551 0.847095 0.327740 0.004489 -0.041534 -0.002758 0.004758 -0.000139 0.000834 0.004635 0.010663 0.018293 0.025208 
0.027146 0.024444 0.014692 0.016253 0.055242 0.143841 0.284963 0.467962 0.644770 0.810035 1.080535 1.483428 1.771661 1.744221 1.546438 1.355738 1.064669 0.582904 0.136531 -0.041149 -0.025492 0.003729 0.002718 -0.000197 0.002419 0.007410 0.014422 0.022094 
0.025269 0.026721 0.019302 0.012427 0.030308 0.093158 0.208502 0.374232 0.557475 0.721547 0.930433 1.280873 1.654440 1.788317 1.655533 1.456918 1.228395 0.833493 0.340712 0.018814 -0.046252 -0.009840 0.005232 0.001034 0.000617 0.004639 0.010749 0.018381 
0.022211 0.026889 0.023532 0.014283 0.017009 0.055641 0.144400 0.287123 0.465957 0.637908 0.814342 1.095360 1.481192 1.753026 1.742706 1.562209 1.354925 1.047460 0.582540 0.153031 -0.036114 -0.033055 0.000234 0.004101 0.000312 0.002220 0.007468 0.014516 
0.018512 0.025241 0.026081 0.018527 0.012654 0.030948 0.093515 0.210132 0.374713 0.552082 0.719308 0.941764 1.288850 1.641868 1.776136 1.664768 1.466502 1.217295 0.822628 0.350550 0.031423 -0.048486 -0.016461 0.004485 0.002329 0.000701 0.004523 0.010839 
0.014650 0.022303 0.026553 0.022723 0.013975 0.017523 0.056087 0.145448 0.288626 0.463233 0.632877 0.819295 1.107147 1.478660 1.738026 1.741235 1.574250 1.354174 1.033891 0.581868 0.166476 -0.030479 -0.038777 -0.003851 0.004818 0.001141 0.002116 0.007440 
0.010900 0.018661 0.025146 0.025451 0.017888 0.012792 0.031442 0.094229 0.211709 0.374275 0.547317 0.718698 0.951652 1.294684 1.631362 1.766278 1.671698 1.473793 1.208529 0.813824 0.358230 0.042555 -0.049120 -0.022375 0.002896 0.003461 0.001066 0.004388 
0.007366 0.014782 0.022370 0.026176 0.022007 0.013702 0.017874 0.056658 0.146733 0.289519 0.460245 0.629263 0.824447 1.116685 1.476030 1.725774 1.739789 1.583413 1.353461 1.023072 0.581087 0.177648 -0.024684 -0.043057 -0.008103 0.004907 0.002091 0.002171 
0.004310 0.010925 0.018802 0.025008 0.024849 0.017333 0.012845 0.031897 0.095195 0.213085 0.373243 0.543225 0.719154 0.960306 1.299014 1.622485 1.758164 1.676849 1.479313 1.201518 0.806645 0.364389 0.052415 -0.048700 -0.027541 0.000763 0.004307 0.001630 
0.002389 0.007293 0.014889 0.022407 0.025786 0.021361 0.013428 0.018135 0.057369 0.148087 0.289908 0.457248 0.626741 0.829556 1.124515 1.473439 1.715624 1.738333 1.590361 1.352749 1.014361 0.580336 0.187081 -0.018963 -0.046210 -0.012288 0.004471 0.003023 
0.002309 0.004327 0.010927 0.018911 0.024843 0.024281 0.016824 0.012834 0.032376 0.096316 0.214208 0.371849 0.539778 0.720307 0.967904 1.302275 1.614920 1.751363 1.680617 1.483456 1.195831 0.800778 0.369460 0.061183 -0.047584 -0.031999 -0.001698 0.004834 
0.003854 0.002747 0.007254 0.014961 0.022411 0.025398 0.020767 0.013141 0.018359 0.058199 0.149406 0.289901 0.454383 0.625063 0.834490 1.131024 1.470968 1.707103 1.736840 1.595591 1.352012 1.007285 0.579695 0.195162 -0.013442 -0.048484 -0.016283 0.003620 
0.005050 0.003033 0.004450 0.010924 0.018981 0.024660 0.023746 0.016338 0.012784 0.032905 0.097512 0.215074 0.370255 0.536914 0.721911 0.974600 1.304771 1.608424 1.745558 1.683298 1.486519 1.191149 0.795978 0.373742 0.069017 -0.046013 -0.035817 -0.004334 
0.002452 0.004540 0.003211 0.007272 0.015002 0.022381 0.025021 0.020207 0.012841 0.018584 0.059118 0.150632 0.289596 0.451721 0.624036 0.839182 1.136500 1.468662 1.699860 1.735298 1.599478 1.351234 1.001493 0.579207 0.202179 -0.008181 -0.050072 -0.020025 
-0.007039 0.004983 0.003752 0.004675 0.010929 0.019010 0.024463 0.023239 0.015864 0.012719 0.033490 0.098723 0.215701 0.368574 0.534565 0.723796 0.980528 1.306714 1.602806 1.740518 1.685118 1.488726 1.187241 0.792055 0.377448 0.076053 -0.044152 -0.039071 
-0.023489 0.001051 0.005061 0.003746 0.007355 0.015020 0.022318 0.024653 0.019672 0.012532 0.018831 0.060094 0.151734 0.289074 0.449297 0.623509 0.843602 1.141160 1.466540 1.693630 1.733699 1.602302 1.350408 0.996718 0.578890 0.208350 -0.003204 -0.051126 
-0.041837 -0.009742 0.004672 0.004429 0.004989 0.010957 0.019002 0.024253 0.022755 0.015397 0.012656 0.034129 0.099909 0.216118 0.366881 0.532661 0.725846 0.985801 1.308254 1.597917 1.736070 1.686248 1.490248 1.183934 0.788857 0.380728 0.082410 -0.042115 
-0.051764 -0.026673 -0.000514 0.005416 0.004321 0.007505 0.015024 0.022224 0.024292 0.019153 0.012225 0.019110 0.061098 0.152702 0.288401 0.447120 0.623368 0.847744 1.145171 1.464604 1.688211 1.732044 1.604279 1.349533 0.992759 0.578745 0.213843 0.001485 
-0.039980 -0.044182 -0.012396 0.004155 0.005040 0.005374 0.011014 0.018965 0.024029 0.022285 0.014938 0.012610 0.034809 0.101043 0.216357 0.365226 0.531140 0.727982 0.990517 1.309501 1.593633 1.732088 1.686823 1.491219 1.181100 0.786260 0.383691 0.088186 
0.005896 -0.052078 -0.029586 -0.002189 0.005611 0.004910 0.007718 0.015025 0.022103 0.023933 0.018648 0.011927 0.019424 0.062106 0.153536 0.287629 0.445185 0.623523 0.851616 1.148659 1.462850 1.683448 1.730334 1.605574 1.348612 0.989458 0.578767 0.218788 
0.093467 -0.037802 -0.046168 -0.014969 0.003467 0.005573 0.005814 0.011105 0.018906 0.023790 0.021825 0.014489 0.012588 0.035520 0.102108 0.216449 0.363642 0.529945 0.730150 0.994756 1.310533 1.589856 1.728476 1.686945 1.491743 1.178643 0.784164 0.386415 
