0.020741 -0.051579 0.506341 1.072828 1.027521 1.067557 1.146033 1.341218 0.968551 0.629621 0.897606 1.022102 1.022102 0.897606 0.692121 0.468551 0.278718 0.146033 0.067557 0.027521 0.010328 0.006341 0.010914 0.020797 0.031760 0.038928 0.038922 0.031691 
0.030284 -0.050974 0.187456 0.827287 1.083078 1.039803 1.097098 1.271822 1.188267 0.759045 0.734649 0.976603 1.037663 0.972697 0.801056 0.579357 0.367954 0.205416 0.101004 0.043709 0.016672 0.006975 0.007761 0.015456 0.026448 0.036030 0.039825 0.035991 
0.037976 -0.025603 0.023173 0.506286 0.997877 1.073846 1.054825 1.193263 1.267791 0.969958 0.704899 0.850285 1.026316 1.019724 0.896672 0.692692 0.469958 0.279998 0.146632 0.067521 0.027215 0.010084 0.006281 0.010971 0.020834 0.031689 0.038766 0.038502 
0.042196 0.003105 -0.035384 0.237053 0.777528 1.067775 1.060432 1.118197 1.257794 1.140099 0.809727 0.750024 0.947799 1.041713 0.970535 0.800912 0.580449 0.369393 0.206387 0.101260 0.043494 0.016368 0.006819 0.007772 0.015517 0.026436 0.035922 0.039109 
0.043295 0.025249 -0.035610 0.064650 0.506177 0.956890 1.078633 1.080131 1.198962 1.228320 0.971289 0.746866 0.839310 1.011565 1.022595 0.895054 0.693270 0.471330 0.281269 0.147246 0.067502 0.026918 0.009839 0.006214 0.011022 0.020868 0.031662 0.037916 
0.042124 0.038412 -0.012574 -0.016879 0.263510 0.751520 1.045837 1.079564 1.137805 1.237132 1.115665 0.837235 0.768296 0.930526 1.035817 0.972125 0.800062 0.581567 0.370805 0.207363 0.101534 0.043293 0.016068 0.006658 0.007776 0.015570 0.026490 0.035128 
0.039398 0.043892 0.012956 -0.035438 0.092546 0.506645 0.927071 1.077455 1.104585 1.198700 1.200009 0.973167 0.775224 0.838522 0.997292 1.021306 0.895768 0.693233 0.472745 0.282526 0.147874 0.067501 0.026629 0.009592 0.006142 0.011061 0.020977 0.031054 
0.035575 0.044100 0.031729 -0.021173 -0.000352 0.281318 0.733340 1.026845 1.094537 1.153256 1.219414 1.099041 0.856062 0.784578 0.920362 1.027068 0.972696 0.800435 0.582219 0.372271 0.208334 0.101826 0.043107 0.015772 0.006495 0.007766 0.015697 0.026114 
0.030962 0.041202 0.041754 0.003203 -0.031673 0.113533 0.506589 0.904113 1.075365 1.123992 1.197529 1.178549 0.974496 0.796648 0.841333 0.985600 1.017318 0.896806 0.693683 0.473852 0.283837 0.148504 0.067518 0.026349 0.009345 0.006055 0.011160 0.020810 
0.025849 0.036682 0.044527 0.024693 -0.025720 0.014184 0.294291 0.719214 1.011545 1.105786 1.164986 1.205388 1.086452 0.870026 0.798858 0.914277 1.018007 0.971739 0.801452 0.582948 0.373564 0.209356 0.102126 0.042935 0.015480 0.006318 0.007798 0.015669 
0.020574 0.031412 0.042521 0.038251 -0.004247 -0.026425 0.130174 0.505989 0.886047 1.073236 1.138751 1.196321 1.161972 0.975253 0.813702 0.845637 0.976248 1.011999 0.897360 0.694644 0.474863 0.285075 0.149178 0.067544 0.026080 0.009090 0.005994 0.011190 
0.015529 0.025885 0.037911 0.043737 0.018121 -0.027780 0.027000 0.304115 0.707807 0.999300 1.114095 1.173777 1.194414 1.076563 0.880812 0.811409 0.910704 1.009452 0.969584 0.802573 0.583945 0.374726 0.210367 0.102459 0.042772 0.015187 0.006156 0.007812 
0.011127 0.020438 0.032181 0.043176 0.034162 -0.009854 -0.020579 0.143750 0.505062 0.871610 1.071186 1.149821 1.195191 1.149013 0.975659 0.827670 0.850547 0.968775 1.006128 0.897251 0.695897 0.475944 0.286215 0.149871 0.067595 0.025814 0.008844 0.005937 
0.007768 0.015373 0.026204 0.038976 0.042107 0.012261 -0.028238 0.038334 0.311768 0.698445 0.989392 1.120141 1.180307 1.185772 1.068699 0.889400 0.822470 0.908756 1.001646 0.966609 0.803517 0.585194 0.375854 0.211327 0.102823 0.042623 0.014899 0.006005 
0.005856 0.011004 0.020466 0.033071 0.043205 0.029911 -0.014015 -0.014573 0.155044 0.504012 0.859914 1.069191 1.158054 1.194117 1.138783 0.975916 0.839336 0.855624 0.962784 1.000126 0.896518 0.697246 0.477162 0.287288 0.150554 0.067674 0.025554 0.008609 
0.005852 0.007666 0.015269 0.026726 0.039757 0.039937 0.007152 -0.027640 0.048390 0.317885 0.690693 0.981242 1.124448 1.185098 1.178883 1.062427 0.896428 0.832246 0.907888 0.994628 0.963110 0.804162 0.586616 0.377015 0.212234 0.103201 0.042493 0.014621 
0.008381 0.005736 0.010865 0.020658 0.033947 0.042710 0.025730 -0.017045 -0.008643 0.164589 0.502973 0.850318 1.067214 1.164112 1.193060 1.130642 0.976161 0.849235 0.860635 0.957955 0.994225 0.895263 0.698555 0.478518 0.288339 0.151213 0.067774 0.025311 
0.014358 0.005680 0.007523 0.015252 0.027367 0.040220 0.037442 0.002756 -0.026344 0.057349 0.322899 0.684239 0.974419 1.127410 1.188543 1.173315 1.057433 0.902330 0.840919 0.907741 0.988358 0.959305 0.804476 0.588128 0.378247 0.213105 0.103577 0.042386 
0.025090 0.008152 0.005576 0.010745 0.020989 0.034724 0.041802 0.021744 -0.019193 -0.002913 0.172771 0.502030 0.842351 1.065230 1.168490 1.191993 1.124116 0.976477 0.857755 0.865453 0.954041 0.988547 0.893596 0.699743 0.479987 0.289404 0.151844 0.067888 
0.042300 0.014107 0.005482 0.007359 0.015332 0.028055 0.040375 0.034774 -0.000995 -0.024592 0.065368 0.327111 0.678839 0.968606 1.129321 1.190937 1.168751 1.053475 0.907407 0.848647 0.908072 0.982765 0.955344 0.804470 0.589661 0.379558 0.213960 0.103943 
0.068008 0.024890 0.007915 0.005383 0.010668 0.021421 0.035360 0.040580 0.018014 -0.020652 0.002554 0.179879 0.501223 0.835661 1.063223 1.171560 1.190900 1.118855 0.976909 0.865184 0.870019 0.950846 0.983152 0.891619 0.700767 0.481534 0.290504 0.152454 
0.104298 0.042232 0.013866 0.005258 0.007195 0.015504 0.028737 0.040252 0.032040 -0.004180 -0.022548 0.072583 0.330731 0.674303 0.963573 1.130406 1.192504 1.164958 1.050362 0.911873 0.855567 0.908716 0.977772 0.951333 0.804174 0.591162 0.380945 0.214817 
0.153054 0.068130 0.024708 0.007668 0.005169 0.010643 0.021920 0.035835 0.039129 0.014565 -0.021573 0.007735 0.186129 0.500572 0.829985 1.061188 1.173603 1.189774 1.114594 0.977474 0.871742 0.874306 0.948218 0.978066 0.889414 0.701609 0.483123 0.291650 
0.215693 0.104644 0.042176 0.013630 0.005012 0.007045 0.015754 0.029376 0.039887 0.029312 -0.006871 -0.020327 0.079111 0.333912 0.670481 0.959148 1.130835 1.193414 1.161765 1.047944 0.915878 0.861796 0.909557 0.973302 0.947343 0.803626 0.592595 0.382393 
0.292846 0.153654 0.068254 0.024538 0.007410 0.004946 0.010675 0.022452 0.036144 0.037518 0.011400 -0.022076 0.012626 0.191691 0.500080 0.825120 1.059122 1.174833 1.188614 1.111130 0.978177 0.877598 0.878312 0.946037 0.973289 0.887052 0.702266 0.484724 
0.383888 0.216595 0.104986 0.042129 0.013395 0.004749 0.006920 0.016066 0.029948 0.039319 0.026637 -0.009139 -0.018009 0.085053 0.336762 0.667249 0.955204 1.130741 1.193798 1.159043 1.046097 0.919533 0.867436 0.910516 0.969286 0.943423 0.802866 0.593938 
0.486311 0.294089 0.154263 0.068378 0.024374 0.007141 0.004723 0.010761 0.022993 0.036294 0.035800 0.008511 -0.022251 0.017236 0.196694 0.499740 0.820911 1.057029 1.175413 1.187421 1.108308 0.979012 0.882882 0.882047 0.944210 0.968812 0.884586 0.702745 
0.595177 0.385412 0.217530 0.105332 0.042085 0.013158 0.004477 0.006826 0.016423 0.030439 0.038583 0.024047 -0.011044 -0.015646 0.090492 0.339360 0.664509 0.951644 1.130228 1.193761 1.156696 1.044724 0.922918 0.872571 0.911539 0.965660 0.939602 0.801928 
