0.051717 0.042142 0.043297 0.072686 0.083800 0.775399 1.520918 1.672266 1.870977 1.998917 2.077862 1.415448 0.669838 0.519294 0.325022 0.177740 0.083332 0.032650 0.010595 0.003022 0.000781 0.000943 0.005131 0.015744 0.032183 0.049561 0.060814 0.060457 
0.056663 0.046311 0.040284 0.057369 0.036855 0.383699 1.181924 1.630767 1.773085 1.942432 2.087787 1.798190 1.010651 0.560108 0.421954 0.245139 0.124499 0.053469 0.018929 0.005570 0.001418 0.000460 0.002384 0.009672 0.023540 0.041196 0.056296 0.061885 
0.060271 0.051537 0.041583 0.049732 0.026502 0.159106 0.776437 1.447340 1.719394 1.857568 2.043793 2.001294 1.414480 0.744793 0.473923 0.332452 0.178208 0.083603 0.032595 0.010350 0.002719 0.000559 0.000906 0.005281 0.015958 0.032291 0.049500 0.060361 
0.061540 0.056520 0.045505 0.046487 0.030339 0.052769 0.434128 1.133468 1.616663 1.793846 1.961973 2.070859 1.747086 1.059890 0.576344 0.395898 0.252401 0.124453 0.053576 0.018761 0.005280 0.001141 0.000325 0.002448 0.009872 0.023716 0.041238 0.056012 
0.060013 0.060064 0.050637 0.046317 0.037072 0.016709 0.201141 0.777433 1.407700 1.724946 1.882178 2.047160 1.958728 1.413474 0.786445 0.464868 0.320868 0.183888 0.083194 0.032582 0.010103 0.002419 0.000341 0.000871 0.005428 0.016163 0.032419 0.049374 
0.055750 0.061293 0.055624 0.048466 0.042697 0.014786 0.071634 0.461423 1.108757 1.595888 1.813079 1.980023 2.047333 1.719763 1.085980 0.595467 0.381331 0.249672 0.128143 0.052999 0.018659 0.004986 0.000867 0.000192 0.002512 0.010064 0.023902 0.041248 
0.049237 0.059782 0.059252 0.052051 0.046878 0.024828 0.017104 0.229623 0.779006 1.379207 1.724495 1.905918 2.044585 1.927366 1.413055 0.814496 0.465971 0.309713 0.185375 0.085122 0.031987 0.009934 0.002114 0.000127 0.000837 0.005568 0.016371 0.032534 
0.041236 0.055586 0.060626 0.055942 0.050393 0.036013 0.006306 0.088544 0.480084 1.091862 1.578024 1.828120 1.993917 2.026787 1.700295 1.103414 0.612589 0.373830 0.244044 0.130798 0.053667 0.018128 0.004770 0.000587 0.000062 0.002572 0.010255 0.024084 
0.032627 0.049168 0.059296 0.058946 0.053773 0.044713 0.015120 0.021097 0.251218 0.780059 1.357548 1.723095 1.924595 2.041120 1.902900 1.412125 0.835619 0.470645 0.301093 0.184130 0.087376 0.031912 0.009489 0.001876 -0.000094 0.000804 0.005706 0.016578 
0.024248 0.041268 0.055288 0.060077 0.056904 0.050769 0.028977 0.001877 0.103479 0.493928 1.079010 1.563821 1.839409 2.004090 2.009966 1.684906 1.116009 0.627697 0.370368 0.238061 0.131909 0.054998 0.017710 0.004404 0.000359 -0.000074 0.002632 0.010445 
0.016771 0.032744 0.049042 0.058757 0.059174 0.055000 0.041183 0.007715 0.026581 0.268486 0.780571 1.340759 1.721623 1.938607 2.037637 1.883359 1.410661 0.852380 0.476782 0.294766 0.181523 0.089150 0.032379 0.008980 0.001577 -0.000279 0.000763 0.005845 
0.010627 0.024422 0.041284 0.054892 0.059833 0.057977 0.049923 0.022406 -0.000063 0.116707 0.504636 1.068866 1.552641 1.847729 2.011326 1.996231 1.672260 1.125452 0.641065 0.369377 0.232542 0.131807 0.056453 0.017594 0.003932 0.000121 -0.000192 0.002686 
0.005974 0.016967 0.032865 0.048834 0.058329 0.059717 0.055553 0.037065 0.002154 0.032672 0.282705 0.780761 1.327575 1.720197 1.948914 2.034251 1.867478 1.408882 0.866063 0.483499 0.290275 0.178332 0.090263 0.033168 0.008572 0.001192 -0.000453 0.000731 
0.002740 0.010805 0.024605 0.041249 0.054493 0.059877 0.058878 0.048231 0.016547 -0.000396 0.128468 0.513184 1.060758 1.543767 1.853760 2.016301 1.984860 1.661683 1.132721 0.652932 0.369973 0.227731 0.130869 0.057748 0.017763 0.003448 -0.000166 -0.000291 
0.000712 0.006099 0.017169 0.032962 0.048575 0.058075 0.060379 0.055472 0.032782 -0.001959 0.038932 0.294657 0.780828 1.317111 1.718793 1.956370 2.030938 1.854367 1.406990 0.877451 0.490356 0.287221 0.174980 0.090754 0.034080 0.008332 0.000754 -0.000644 
-0.000390 0.002799 0.010984 0.024781 0.041162 0.054157 0.060128 0.059488 0.045992 0.011438 0.000332 0.138964 0.520207 1.054250 1.536621 1.858026 2.019538 1.975274 1.652739 1.138453 0.663503 0.371610 0.223669 0.129394 0.058762 0.018138 0.003021 -0.000503 
-0.000866 0.000700 0.006228 0.017370 0.033022 0.048310 0.057994 0.061024 0.054860 0.028566 -0.004939 0.045127 0.304873 0.780908 1.308725 1.717377 1.961637 2.027659 1.843383 1.405122 0.887078 0.497118 0.285288 0.171700 0.090725 0.034980 0.008261 0.000307 
-0.000874 -0.000502 0.002866 0.011167 0.024937 0.041039 0.053918 0.060500 0.059775 0.043421 0.007041 0.001766 0.148376 0.526136 1.049028 1.530774 1.860921 2.021431 1.967039 1.645113 1.143081 0.672960 0.373930 0.220316 0.127597 0.059462 0.018634 0.002687 
-0.000113 -0.001121 0.000686 0.006366 0.017564 0.033043 0.048073 0.058059 0.061571 0.053826 0.024539 -0.007034 0.051131 0.313739 0.781083 1.301948 1.715925 1.965210 2.024387 1.834053 1.403359 0.895333 0.503663 0.284228 0.168614 0.090286 0.035786 0.008331 
0.002456 -0.001258 -0.000635 0.002939 0.011353 0.025064 0.040902 0.053786 0.060923 0.059749 0.040672 0.003287 0.003663 0.156861 0.531270 1.044851 1.525910 1.862743 2.022275 1.959837 1.638562 1.146907 0.681461 0.376692 0.217602 0.125630 0.059856 0.019180 
0.008508 -0.000485 -0.001402 0.000665 0.006512 0.017744 0.033035 0.047888 0.058233 0.061974 0.052473 0.020763 -0.008437 0.056885 0.321542 0.781395 1.296427 1.714422 1.967463 2.021106 1.826025 1.401745 0.902504 0.509930 0.283847 0.165784 0.089538 0.036453 
0.019725 0.002322 -0.001635 -0.000791 0.003016 0.011538 0.025163 0.040770 0.053755 0.061344 0.059439 0.037850 0.000099 0.005858 0.164555 0.535820 1.041527 1.521799 1.863714 2.022292 1.953436 1.632895 1.150143 0.689144 0.379732 0.215451 0.123600 0.059976 
0.036962 0.008755 -0.000797 -0.001699 0.000632 0.006663 0.017908 0.033007 0.047764 0.058480 0.062216 0.050885 0.017265 -0.009300 0.062362 0.328499 0.781860 1.291900 1.712862 1.968677 2.017809 1.819034 1.400298 0.908810 0.515893 0.283994 0.163234 0.088563 
0.059858 0.020230 0.002272 -0.001990 -0.000966 0.003091 0.011719 0.025238 0.040659 0.053811 0.061726 0.058885 0.035027 -0.002598 0.008238 0.171575 0.539936 1.038905 1.518270 1.864009 2.021655 1.947664 1.627960 1.152940 0.696127 0.382934 0.213787 0.121576 
0.087431 0.037309 0.009041 -0.001045 -0.001998 0.000587 0.006813 0.018054 0.032972 0.047704 0.058768 0.062291 0.049130 0.014046 -0.009740 0.067561 0.334778 0.782483 1.288164 1.711247 1.969065 2.014493 1.812876 1.399020 0.914419 0.521551 0.284549 0.160967 
0.119608 0.059541 0.020673 0.002291 -0.002314 -0.001155 0.003159 0.011890 0.025294 0.040579 0.053937 0.062044 0.058123 0.032252 -0.004871 0.010723 0.178019 0.543726 1.036862 1.515197 1.863759 2.020494 1.942390 1.623634 1.155408 0.702510 0.386220 0.212542 
0.158974 0.086195 0.037501 0.009340 -0.001233 -0.002292 0.000529 0.006957 0.018183 0.032939 0.047706 0.059070 0.062207 0.047263 0.011099 -0.009850 0.072489 0.340508 0.783255 1.285066 1.709578 1.968793 2.011160 1.807395 1.397905 0.919463 0.526914 0.285421 
0.211653 0.117725 0.059060 0.021038 0.002360 -0.002599 -0.001349 0.003218 0.012049 0.025340 0.040535 0.054115 0.062283 0.057191 0.029556 -0.006782 0.013259 0.183973 0.547270 1.035300 1.512484 1.863070 2.018913 1.937519 1.619817 1.157625 0.708379 0.389536 
