0.064533 0.158375 0.278718 0.458954 0.671485 0.865848 0.983655 0.986438 0.875958 0.692121 0.490198 0.314382 0.184479 0.099315 0.048157 0.019925 0.006341 0.001318 0.000161 0.000002 0.000482 0.003258 0.010071 0.020596 0.031719 0.038921 0.038921 0.025427 
0.038272 0.106377 0.213147 0.363075 0.564337 0.774586 0.936725 0.999314 0.942862 0.789755 0.590658 0.397789 0.243765 0.136976 0.070178 0.031693 0.011682 0.003053 0.000436 -0.000021 0.000059 0.001475 0.006181 0.015065 0.026365 0.036015 0.040215 0.029730 
0.029089 0.066185 0.154648 0.282205 0.459935 0.671907 0.864885 0.981682 0.984569 0.875224 0.692692 0.491407 0.315397 0.184919 0.099308 0.048011 0.019822 0.006281 0.001233 0.000039 -0.000098 0.000477 0.003361 0.010210 0.020667 0.031634 0.039373 0.034701 
0.029284 0.041757 0.104763 0.212848 0.365794 0.564968 0.774344 0.935164 0.997259 0.941485 0.789704 0.591641 0.398976 0.244508 0.137164 0.070071 0.031557 0.011605 0.002985 0.000329 -0.000140 0.000001 0.001527 0.006312 0.015181 0.026320 0.036481 0.037872 
0.032885 0.031046 0.067284 0.153184 0.283628 0.461854 0.672053 0.863959 0.979749 0.982740 0.874487 0.693228 0.492584 0.316410 0.185375 0.099316 0.047867 0.019712 0.006214 0.001148 -0.000080 -0.000194 0.000474 0.003461 0.010350 0.020670 0.032010 0.038348 
0.036128 0.029359 0.043682 0.104346 0.212635 0.367757 0.566099 0.773907 0.933661 0.995247 0.940129 0.789632 0.592588 0.400146 0.245260 0.137371 0.069972 0.031418 0.011520 0.002914 0.000224 -0.000256 -0.000054 0.001578 0.006447 0.015232 0.026589 0.036229 
0.037204 0.031842 0.032306 0.068141 0.152587 0.284568 0.463635 0.672415 0.862923 0.977883 0.980943 0.873751 0.693732 0.493732 0.317419 0.185848 0.099338 0.047726 0.019597 0.006142 0.001061 -0.000197 -0.000287 0.000470 0.003566 0.010434 0.020857 0.032125 
0.035704 0.034811 0.029499 0.044975 0.104355 0.212664 0.369301 0.567310 0.773532 0.932119 0.993298 0.938790 0.789542 0.593501 0.401299 0.246020 0.137596 0.069884 0.031277 0.011429 0.002839 0.000121 -0.000368 -0.000107 0.001636 0.006542 0.015370 0.026825 
0.032036 0.036145 0.031132 0.033194 0.068863 0.152431 0.285376 0.465206 0.672885 0.861891 0.976027 0.979195 0.873012 0.694206 0.494852 0.318424 0.186335 0.099376 0.047589 0.019477 0.006063 0.000974 -0.000310 -0.000377 0.000474 0.003646 0.010547 0.021095 
0.026968 0.035088 0.033766 0.029620 0.045934 0.104567 0.212887 0.370621 0.568472 0.773234 0.930573 0.991381 0.937477 0.789432 0.594380 0.402434 0.246788 0.137837 0.069804 0.031134 0.011331 0.002760 0.000018 -0.000477 -0.000154 0.001682 0.006635 0.015568 
0.021319 0.031823 0.035194 0.030591 0.033853 0.069500 0.152533 0.286158 0.466607 0.673385 0.860901 0.974180 0.977482 0.872276 0.694650 0.495944 0.319423 0.186836 0.099428 0.047455 0.019352 0.005979 0.000884 -0.000421 -0.000461 0.000474 0.003715 0.010699 
0.015789 0.027024 0.034452 0.032899 0.029707 0.046691 0.104893 0.213257 0.371810 0.569554 0.772987 0.929054 0.989486 0.936187 0.789307 0.595228 0.403551 0.247560 0.138094 0.069735 0.030991 0.011228 0.002678 -0.000084 -0.000581 -0.000198 0.001717 0.006746 
0.010879 0.021507 0.031537 0.034340 0.030144 0.034362 0.070081 0.152803 0.286948 0.467877 0.673875 0.859958 0.972356 0.975794 0.871546 0.695067 0.497009 0.320418 0.187350 0.099494 0.047326 0.019222 0.005890 0.000793 -0.000529 -0.000541 0.000469 0.003786 
0.006876 0.016010 0.027011 0.033828 0.032154 0.029758 0.047315 0.105290 0.213737 0.372922 0.570554 0.772767 0.927572 0.987615 0.934915 0.789169 0.596045 0.404652 0.248338 0.138366 0.069675 0.030847 0.011118 0.002591 -0.000186 -0.000681 -0.000244 0.001747 
0.003865 0.011076 0.021655 0.031212 0.033566 0.029754 0.034763 0.070622 0.153188 0.287755 0.469049 0.674337 0.859055 0.970563 0.974127 0.870818 0.695460 0.498048 0.321406 0.187875 0.099574 0.047201 0.019089 0.005795 0.000701 -0.000634 -0.000618 0.000458 
0.001778 0.007022 0.016219 0.026948 0.033225 0.031494 0.029779 0.047845 0.105736 0.214301 0.373982 0.571479 0.772557 0.926131 0.985771 0.933655 0.789021 0.596834 0.405734 0.249119 0.138653 0.069626 0.030702 0.011003 0.002501 -0.000286 -0.000777 -0.000292 
0.000446 0.003955 0.011278 0.021766 0.030865 0.032859 0.029400 0.035087 0.071134 0.153657 0.288584 0.470143 0.674763 0.858184 0.968806 0.972480 0.870093 0.695832 0.499061 0.322387 0.188412 0.099668 0.047081 0.018951 0.005695 0.000606 -0.000736 -0.000694 
-0.000341 0.001814 0.007180 0.016411 0.026846 0.032647 0.030898 0.029774 0.048308 0.106216 0.214930 0.375008 0.572337 0.772349 0.924729 0.983956 0.932407 0.788861 0.597597 0.406799 0.249904 0.138953 0.069586 0.030558 0.010883 0.002406 -0.000385 -0.000870 
-0.000770 0.000434 0.004055 0.011478 0.021843 0.030508 0.032205 0.029069 0.035352 0.071626 0.154187 0.289431 0.471176 0.675152 0.857338 0.967088 0.970855 0.869366 0.696182 0.500050 0.323361 0.188958 0.099774 0.046966 0.018811 0.005589 0.000511 -0.000835 
-0.000962 -0.000390 0.001856 0.007345 0.016583 0.026717 0.032094 0.030350 0.029747 0.048721 0.106721 0.215610 0.376008 0.573137 0.772134 0.923364 0.982174 0.931170 0.788690 0.598335 0.407848 0.250690 0.139266 0.069556 0.030415 0.010758 0.002308 -0.000484 
-0.000933 -0.000847 0.000425 0.004163 0.011674 0.021891 0.030148 0.031596 0.028754 0.035572 0.072102 0.154766 0.290294 0.472160 0.675504 0.856511 0.965409 0.969253 0.868639 0.696513 0.501017 0.324328 0.189513 0.099894 0.046857 0.018668 0.005479 0.000414 
-0.000582 -0.001054 -0.000439 0.001904 0.007514 0.016736 0.026568 0.031566 0.029839 0.029702 0.049096 0.107246 0.216330 0.376988 0.573886 0.771910 0.922033 0.980425 0.929944 0.788506 0.599050 0.408880 0.251478 0.139592 0.069536 0.030272 0.010628 0.002206 
0.000315 -0.001030 -0.000922 0.000421 0.004279 0.011861 0.021916 0.029789 0.031024 0.028451 0.035756 0.072566 0.155381 0.291171 0.473102 0.675821 0.855699 0.963767 0.967674 0.867911 0.696824 0.501961 0.325286 0.190076 0.100025 0.046753 0.018522 0.005364 
0.002101 -0.000680 -0.001144 -0.000485 0.001960 0.007683 0.016870 0.026404 0.031059 0.029358 0.029642 0.049441 0.107787 0.217081 0.377953 0.574590 0.771676 0.920731 0.978710 0.928730 0.788311 0.599742 0.409895 0.252267 0.139929 0.069525 0.030131 0.010494 
0.005244 0.000215 -0.001127 -0.000996 0.000421 0.004400 0.012038 0.021920 0.029434 0.030482 0.028156 0.035913 0.073021 0.156026 0.292058 0.474008 0.676107 0.854897 0.962160 0.966120 0.867182 0.697116 0.502885 0.326237 0.190647 0.100168 0.046655 0.018375 
0.010356 0.001993 -0.000778 -0.001234 -0.000528 0.002022 0.007850 0.016987 0.026229 0.030573 0.028899 0.029570 0.049764 0.108341 0.217858 0.378904 0.575255 0.771429 0.919456 0.977027 0.927528 0.788105 0.600412 0.410896 0.253056 0.140278 0.069524 0.029991 
0.018226 0.005121 0.000113 -0.001224 -0.001069 0.000427 0.004524 0.012205 0.021908 0.029083 0.029966 0.027868 0.036048 0.073470 0.156695 0.292954 0.474884 0.676362 0.854105 0.960587 0.964590 0.866453 0.697389 0.503788 0.327180 0.191224 0.100323 0.046563 
0.029853 0.010215 0.001881 -0.000878 -0.001323 -0.000568 0.002089 0.008014 0.017088 0.026047 0.030104 0.028461 0.029488 0.050068 0.108905 0.218655 0.379843 0.575885 0.771171 0.918205 0.975377 0.926338 0.787888 0.601060 0.411881 0.253845 0.140637 0.069533 
