0.811392 1.041678 1.118585 1.068431 0.910891 1.423302 2.009821 1.995050 1.982191 1.864898 1.745893 1.039913 0.464739 0.660470 0.860566 1.000588 0.982881 0.796054 0.515755 0.251979 0.081475 0.011877 -0.000988 -0.000989 0.011869 0.081433 0.251778 0.512165 
0.663660 0.940430 1.097659 1.108161 0.954501 1.120593 1.749510 2.039896 1.995028 1.930179 1.842189 1.421414 0.695969 0.514150 0.764000 0.944190 1.012163 0.905879 0.660713 0.377005 0.154591 0.036823 0.001094 -0.002596 0.001092 0.036808 0.154679 0.373917 
0.515193 0.810327 1.035687 1.122341 1.021606 0.988636 1.427283 1.936815 2.039664 1.965299 1.908429 1.671642 1.043757 0.544104 0.616449 0.865462 0.996081 0.978592 0.794385 0.517437 0.255426 0.084039 0.011829 -0.003214 -0.003215 0.011814 0.084274 0.253556 
0.376508 0.665027 0.936037 1.099395 1.079450 0.971410 1.174053 1.703037 2.024733 2.012464 1.947015 1.825724 1.374129 0.750166 0.533485 0.737313 0.947428 1.007013 0.902705 0.660774 0.379834 0.157870 0.038163 -0.000206 -0.005094 -0.000229 0.038403 0.157091 
0.256185 0.517543 0.808355 1.035901 1.106385 1.011518 1.032917 1.431104 1.897713 2.042795 1.986553 1.910504 1.631343 1.047465 0.590088 0.608724 0.851386 0.996872 0.973704 0.792779 0.519056 0.258775 0.086542 0.011802 -0.005352 -0.005382 0.011973 0.086448 
0.159637 0.379297 0.665062 0.935898 1.091293 1.062019 0.991402 1.204185 1.680228 2.002932 2.028495 1.962461 1.802663 1.350543 0.781120 0.555654 0.722127 0.940743 1.005688 0.898901 0.660877 0.382572 0.161062 0.039480 -0.001444 -0.007524 -0.001361 0.039687 
0.088498 0.259104 0.518981 0.808628 1.032353 1.090782 1.011582 1.063627 1.435336 1.869735 2.040010 2.007063 1.906692 1.602204 1.051665 0.622393 0.611135 0.837781 0.993553 0.971230 0.790609 0.520693 0.262022 0.088984 0.011799 -0.007427 -0.007388 0.012051 
0.040827 0.162336 0.381602 0.666064 0.934942 1.080500 1.051581 1.009423 1.225585 1.665125 1.984082 2.040452 1.973849 1.782584 1.334734 0.803324 0.575770 0.714019 0.931228 1.003417 0.896394 0.660529 0.385303 0.164160 0.040778 -0.002641 -0.009824 -0.002444 
0.012058 0.090582 0.261785 0.520733 0.809185 1.026333 1.077773 1.015184 1.087398 1.438930 1.848552 2.036364 2.022628 1.902045 1.579918 1.055261 0.647693 0.617096 0.826752 0.987586 0.969159 0.788974 0.521996 0.265241 0.091362 0.011806 -0.009407 -0.009287 
-0.003515 0.041954 0.164907 0.383931 0.667571 0.932572 1.069537 1.045180 1.025408 1.242076 1.653973 1.968918 2.048771 1.981611 1.766236 1.322929 0.820598 0.593818 0.709960 0.921424 0.999686 0.894601 0.660271 0.387800 0.167226 0.042042 -0.003780 -0.012007 
-0.011117 0.012066 0.092583 0.264376 0.522877 0.809239 1.019139 1.067154 1.020230 1.106763 1.441882 1.832198 2.032726 2.033642 1.897432 1.562517 1.058231 0.668554 0.624499 0.818059 0.980340 0.966681 0.787897 0.523175 0.268308 0.093712 0.011821 -0.011288 
-0.014096 -0.004547 0.043037 0.167356 0.386466 0.669096 0.929086 1.059198 1.041285 1.039619 1.255336 1.645452 1.956800 2.054230 1.986527 1.752980 1.313797 0.834628 0.610074 0.708383 0.912151 0.994827 0.892980 0.660292 0.390109 0.170199 0.043299 -0.004862 
-0.013086 -0.012873 0.012072 0.094476 0.267016 0.525226 0.808623 1.011511 1.058478 1.025850 1.122991 1.444417 1.819419 2.029205 2.041065 1.892971 1.548740 1.060798 0.686258 0.632458 0.811244 0.972590 0.963614 0.787157 0.524401 0.271199 0.096015 0.011864 
-0.005884 -0.016098 -0.005537 0.044049 0.169758 0.389193 0.670382 0.924844 1.049714 1.039028 1.052292 1.266338 1.638896 1.947009 2.057503 1.989273 1.742096 1.306663 0.846394 0.624776 0.708405 0.903652 0.989214 0.891247 0.660576 0.392327 0.173041 0.044550 
0.011941 -0.014803 -0.014555 0.012059 0.096288 0.269758 0.527598 0.807383 1.003851 1.051347 1.031614 1.136859 1.446738 1.809331 2.025777 2.045742 1.888635 1.537697 1.063165 0.701591 0.640536 0.805907 0.964759 0.959995 0.786554 0.525740 0.273949 0.098242 
0.045781 -0.006840 -0.018014 -0.006497 0.044995 0.172172 0.392033 0.671326 0.920135 1.041111 1.037871 1.063636 1.275714 1.633874 1.938968 2.059107 1.990370 1.733005 1.301096 0.856536 0.638130 0.709477 0.895967 0.983145 0.889278 0.661044 0.394525 0.175752 
0.100382 0.012046 -0.016436 -0.016172 0.012020 0.098061 0.272596 0.529871 0.805625 0.996376 1.045442 1.037296 1.148901 1.448980 1.801297 2.022402 2.048332 1.884386 1.528750 1.065472 0.715088 0.648498 0.801733 0.957078 0.955925 0.785951 0.527193 0.276605 
0.178353 0.046980 -0.007733 -0.019846 -0.007437 0.045894 0.174626 0.394907 0.671906 0.915169 1.033340 1.037460 1.073834 1.283896 1.630075 1.932249 2.059433 1.990207 1.725276 1.296783 0.865487 0.650317 0.711244 0.889055 0.976834 0.887038 0.661611 0.396740 
0.279203 0.102437 0.012170 -0.017984 -0.017732 0.011958 0.099826 0.275500 0.531970 0.803464 0.989201 1.040513 1.042776 1.159502 1.451228 1.794849 2.019053 2.049327 1.880196 1.521427 1.067803 0.727138 0.656219 0.798471 0.949670 0.951512 0.785267 0.528735 
0.398984 0.180866 0.048140 -0.008565 -0.021598 -0.008363 0.046768 0.177125 0.397746 0.672138 0.910094 1.026324 1.037556 1.083048 1.291184 1.627259 1.926535 2.058774 1.989077 1.718592 1.293483 0.873551 0.661496 0.713463 0.882846 0.970431 0.884537 0.662207 
0.530332 0.281769 0.104415 0.012307 -0.019453 -0.019241 0.011883 0.101603 0.278433 0.533858 0.801001 0.982379 1.036361 1.047995 1.168955 1.453525 1.789637 2.015715 2.049095 1.876048 1.515379 1.070201 0.738030 0.663640 0.795928 0.942593 0.946854 0.784455 
0.662779 0.401252 0.183313 0.049261 -0.009343 -0.023277 -0.009273 0.047636 0.179662 0.400501 0.672058 0.905012 1.019979 1.037992 1.091416 1.297793 1.625237 1.921597 2.057351 1.987200 1.712721 1.291009 0.880942 0.671806 0.715968 0.877263 0.964040 0.881804 
0.783497 0.531948 0.284316 0.106329 0.012452 -0.020848 -0.020703 0.011805 0.103403 0.281361 0.535522 0.798322 0.975930 1.032832 1.052932 1.177479 1.455891 1.785397 2.012381 2.047915 1.871933 1.510339 1.072689 0.747985 0.670735 0.793952 0.935872 0.942034 
0.878873 0.663291 0.403534 0.185712 0.050347 -0.010074 -0.024888 -0.010165 0.048514 0.182222 0.403139 0.671707 0.899994 1.014225 1.038654 1.099060 1.303875 1.623859 1.917262 2.055333 1.984744 1.707490 1.289209 0.887812 0.681365 0.718645 0.872228 0.957732 
0.937120 0.782388 0.533552 0.286849 0.108192 0.012602 -0.022178 -0.022120 0.011738 0.105228 0.284252 0.536962 0.795497 0.969851 1.029803 1.057583 1.185244 1.458330 1.781930 2.009047 2.045996 1.867848 1.506109 1.075271 0.757171 0.677503 0.792423 0.929507 
0.951552 0.875782 0.663718 0.405814 0.188076 0.051405 -0.010766 -0.026439 -0.011030 0.049410 0.184789 0.405638 0.671127 0.895085 1.008988 1.039461 1.106082 1.309541 1.623003 1.913404 2.052851 1.981840 1.702771 1.287962 0.894273 0.690273 0.721416 0.867672 
0.923489 0.932164 0.781133 0.535121 0.289368 0.110018 0.012757 -0.023451 -0.023492 0.011692 0.107074 0.287081 0.538188 0.792580 0.964129 1.027180 1.061960 1.192384 1.460838 1.779080 2.005716 2.043503 1.863793 1.502531 1.077942 0.765721 0.683954 0.791248 
0.863532 0.945531 0.872566 0.664047 0.408078 0.190412 0.052441 -0.011423 -0.027933 -0.011864 0.050331 0.187345 0.407985 0.670356 0.890314 1.004203 1.040359 1.112567 1.314872 1.622572 1.909926 2.050006 1.978589 1.698467 1.287171 0.900405 0.698618 0.724225 
