0.000018 0.000190 0.000990 -0.058411 0.512962 1.096418 1.077386 1.157571 1.287474 1.530769 1.177881 0.806496 0.984186 0.983327 0.865875 0.671512 0.458626 0.276466 0.148667 0.073953 0.037351 0.021866 0.015097 0.010633 0.006558 0.003150 0.001013 0.000141 
0.000014 0.000046 0.004313 -0.064371 0.187097 0.841590 1.118356 1.108170 1.212328 1.439296 1.392743 0.959027 0.872183 1.002203 0.936695 0.774658 0.564306 0.362228 0.205851 0.105610 0.051950 0.027744 0.017793 0.012696 0.008529 0.004733 0.001923 0.000451 
0.000139 -0.000264 0.006474 -0.045479 0.016164 0.512763 1.021516 1.124051 1.145427 1.335231 1.457312 1.178403 0.880372 0.935859 0.987702 0.864729 0.671985 0.459894 0.277675 0.149311 0.074028 0.037115 0.021574 0.014883 0.010532 0.006546 0.003182 0.001039 
0.000480 -0.000540 0.006327 -0.022934 -0.048942 0.236519 0.791768 1.103245 1.129285 1.234035 1.425566 1.344115 1.008488 0.886248 0.972935 0.941503 0.773927 0.565282 0.363552 0.206809 0.105954 0.051838 0.027456 0.017529 0.012538 0.008477 0.004749 0.001956 
0.001107 -0.000551 0.004659 -0.006249 -0.055608 0.057460 0.512518 0.980582 1.129185 1.171317 1.341438 1.417788 1.178850 0.920973 0.923916 0.973110 0.868791 0.671739 0.461173 0.278876 0.149967 0.074116 0.036885 0.021280 0.014667 0.010429 0.006534 0.003212 
0.002056 -0.000179 0.002632 0.002616 -0.038677 -0.030600 0.262802 0.765703 1.081504 1.148906 1.254239 1.405179 1.319208 1.034794 0.903253 0.955217 0.936341 0.776905 0.565534 0.364921 0.207769 0.106312 0.051735 0.027169 0.017263 0.012378 0.008424 0.004761 
0.003319 0.000594 0.001088 0.005380 -0.018536 -0.055557 0.085174 0.512852 0.950822 1.128359 1.196351 1.341666 1.389403 1.179850 0.948000 0.922193 0.958991 0.868654 0.673793 0.461838 0.280147 0.150629 0.074218 0.036660 0.020986 0.014449 0.010325 0.006514 
0.004849 0.001726 0.000402 0.004759 -0.003996 -0.047337 -0.014235 0.280436 0.747471 1.062715 1.164369 1.270274 1.387714 1.302101 1.052441 0.918306 0.944625 0.928301 0.778825 0.566993 0.365841 0.208808 0.106676 0.051643 0.026884 0.016996 0.012216 0.008361 
0.006560 0.003151 0.000596 0.003045 0.003363 -0.028283 -0.051912 0.105980 0.512668 0.927929 1.126625 1.216335 1.340964 1.367851 1.180303 0.968125 0.924103 0.947451 0.865782 0.676138 0.462992 0.281136 0.151367 0.074324 0.036442 0.020691 0.014229 0.010210 
0.008346 0.004787 0.001507 0.001641 0.005335 -0.010963 -0.051943 0.000139 0.293238 0.733298 1.047624 1.176110 1.282576 1.373918 1.289019 1.065244 0.931393 0.938130 0.919928 0.779178 0.569078 0.366853 0.209701 0.107102 0.051552 0.026603 0.016727 0.012043 
0.010125 0.006540 0.002916 0.001138 0.004515 -0.000022 -0.035727 -0.046782 0.122440 0.511941 0.909935 1.124858 1.231664 1.340208 1.351163 1.180191 0.983911 0.927533 0.938247 0.861547 0.677970 0.464656 0.282050 0.152052 0.074474 0.036223 0.020398 0.013999 
0.011886 0.008317 0.004615 0.001590 0.002999 0.004689 -0.017467 -0.054063 0.012794 0.302892 0.721849 1.035596 1.184910 1.291927 1.363155 1.278629 1.074889 0.942785 0.934160 0.912040 0.778297 0.571252 0.368146 0.210486 0.107529 0.051489 0.026320 0.016452 
0.013775 0.010047 0.006432 0.002783 0.002000 0.005317 -0.003996 -0.041328 -0.041053 0.135837 0.510893 0.895575 1.123173 1.243299 1.339512 1.338078 1.179733 0.996642 0.931599 0.930920 0.856726 0.679110 0.466613 0.283057 0.152656 0.074647 0.036019 0.020098 
0.016175 0.011742 0.008235 0.004431 0.001956 0.004192 0.003201 -0.023262 -0.054579 0.023968 0.310378 0.712450 1.025909 1.191448 1.299003 1.354705 1.270259 1.082356 0.952720 0.931831 0.904882 0.776562 0.573232 0.369704 0.211260 0.107916 0.051452 0.026039 
0.019796 0.013561 0.009949 0.006268 0.002816 0.002981 0.005490 -0.008135 -0.045484 -0.035163 0.146953 0.509723 0.883963 1.121547 1.252090 1.338854 1.327707 1.179132 1.007100 0.935858 0.925071 0.851745 0.679598 0.468663 0.284220 0.153214 0.074813 0.035833 
0.025768 0.015902 0.011595 0.008099 0.004302 0.002526 0.005097 0.001169 -0.028306 -0.054040 0.033867 0.316330 0.704667 1.017986 1.196245 1.304328 1.347989 1.263475 1.088282 0.961401 0.930594 0.898493 0.774272 0.574899 0.371446 0.212090 0.108262 0.051426 
0.035661 0.019500 0.013350 0.009815 0.006093 0.003016 0.003946 0.005136 -0.012206 -0.048509 -0.029349 0.156322 0.508570 0.874456 1.119943 1.258699 1.338196 1.319410 1.178527 1.015817 0.940074 0.920382 0.846837 0.679537 0.470671 0.285541 0.153768 0.074958 
0.051394 0.025509 0.015636 0.011431 0.007925 0.004263 0.003214 0.005683 -0.001192 -0.032639 -0.052802 0.042668 0.321183 0.698186 1.011395 1.199695 1.308294 1.342577 1.257964 1.093101 0.969007 0.930091 0.892835 0.771645 0.576219 0.373288 0.213010 0.108584 
0.075080 0.035494 0.019218 0.013136 0.009644 0.005941 0.003356 0.004813 0.004365 -0.016085 -0.050653 -0.023734 0.164330 0.507516 0.866585 1.118333 1.263620 1.337511 1.312717 1.178000 1.023182 0.944121 0.916605 0.842126 0.679041 0.472556 0.286992 0.154354 
0.108901 0.051350 0.025262 0.015378 0.011241 0.007736 0.004326 0.003951 0.005958 -0.003727 -0.036329 -0.051108 0.050531 0.325235 0.692765 1.005820 1.202093 1.311196 1.338152 1.253485 1.097112 0.975696 0.930077 0.887838 0.768833 0.577203 0.375159 0.214030 
0.154992 0.075185 0.035327 0.018948 0.012911 0.009443 0.005835 0.003800 0.005536 0.003279 -0.019710 -0.052109 -0.018381 0.171265 0.506603 0.859996 1.116704 1.267227 1.336784 1.307276 1.177595 1.029482 0.947938 0.913544 0.837673 0.678208 0.474275 0.288537 
0.215144 0.109233 0.051292 0.025023 0.015122 0.011025 0.007550 0.004483 0.004682 0.005953 -0.006332 -0.039454 -0.049123 0.057591 0.328700 0.688214 1.001029 1.203662 1.313257 1.334483 1.249849 1.100530 0.981602 0.930386 0.883426 0.765945 0.577884 0.377007 
0.290140 0.155693 0.075285 0.035155 0.018687 0.012672 0.009223 0.005787 0.004311 0.006098 0.001960 -0.023056 -0.053028 -0.013315 0.177345 0.505850 0.854427 1.115047 1.269798 1.336010 1.302825 1.177333 1.034935 0.951496 0.911048 0.833504 0.677126 0.475808 
0.378794 0.216338 0.109594 0.051224 0.024789 0.014866 0.010786 0.007382 0.004723 0.005371 0.005704 -0.008933 -0.042088 -0.046961 0.063966 0.331728 0.684381 0.996851 1.204573 1.314650 1.331399 1.246905 1.103505 0.986844 0.930904 0.879521 0.763051 0.578298 
0.477153 0.291769 0.156461 0.075390 0.034978 0.018430 0.012419 0.008995 0.005799 0.004860 0.006493 0.000478 -0.026121 -0.053530 -0.008537 0.182739 0.505260 0.849674 1.113361 1.271547 1.335185 1.299161 1.177216 1.039708 0.954794 0.908996 0.829622 0.675864 
0.578485 0.380498 0.217595 0.109994 0.051151 0.024554 0.014604 0.010531 0.007242 0.005028 0.005994 0.005250 -0.011484 -0.044300 -0.044701 0.069755 0.334429 0.681145 0.993157 1.204957 1.315504 1.328772 1.244531 1.106148 0.991519 0.931548 0.876056 0.760202 
0.674476 0.478316 0.293397 0.157291 0.075510 0.034797 0.018172 0.012151 0.008770 0.005869 0.005419 0.006728 -0.001113 -0.028913 -0.053705 -0.004040 0.187576 0.504828 0.845583 1.111649 1.272639 1.334312 1.296130 1.177238 1.043933 0.957838 0.907295 0.826018 
0.757427 0.578482 0.382103 0.218898 0.110438 0.051081 0.024316 0.014334 0.010266 0.007136 0.005380 0.006535 0.004627 -0.013953 -0.046150 -0.042398 0.075044 0.336881 0.678405 0.989851 1.204918 1.315924 1.326506 1.242629 1.108536 0.995712 0.932265 0.872969 
