0.793114 0.911377 1.476111 1.865323 1.542472 1.319374 1.226992 1.349830 0.957491 0.608035 0.877757 1.064614 1.234959 1.380799 1.464494 1.431507 1.248488 0.938528 0.582508 0.279339 0.091287 0.014953 -0.000146 -0.000788 0.011911 0.081441 0.251779 0.514884 
0.663051 0.834339 1.176810 1.726191 1.742167 1.416519 1.251562 1.307158 1.183179 0.741384 0.709376 0.977396 1.152350 1.313294 1.433823 1.464670 1.357308 1.104321 0.760093 0.420425 0.171136 0.042311 0.002673 -0.002205 0.001175 0.036823 0.154512 0.376588 
0.522994 0.745195 0.981943 1.471906 1.788869 1.590651 1.310213 1.276799 1.276255 0.956533 0.681017 0.830451 1.071565 1.236224 1.381690 1.463490 1.428729 1.245619 0.937624 0.584326 0.282603 0.093620 0.014745 -0.002454 -0.003047 0.011855 0.084016 0.255002 
0.385797 0.636047 0.846834 1.221912 1.673399 1.727098 1.440132 1.276012 1.294421 1.133580 0.789453 0.723445 0.950057 1.159872 1.314135 1.433854 1.462666 1.354251 1.102258 0.760583 0.423195 0.174183 0.043446 0.001253 -0.004757 -0.000143 0.038180 0.157269 
0.263335 0.512031 0.733639 1.019329 1.467741 1.746402 1.597228 1.338986 1.285012 1.236659 0.955589 0.720777 0.819512 1.059486 1.242635 1.381835 1.462518 1.426009 1.242833 0.936758 0.586097 0.285773 0.095889 0.014554 -0.004678 -0.005221 0.011864 0.085837 
0.163666 0.384926 0.620523 0.862309 1.243975 1.644421 1.705371 1.462157 1.298881 1.275029 1.107778 0.814446 0.740470 0.934223 1.157359 1.318639 1.433159 1.460755 1.351269 1.100263 0.761068 0.425887 0.177144 0.044555 -0.000111 -0.007219 -0.001336 0.038824 
0.089926 0.267374 0.501442 0.732286 1.043225 1.464242 1.715125 1.597779 1.366809 1.287204 1.208246 0.955282 0.747015 0.818777 1.047821 1.244788 1.384254 1.460957 1.423424 1.240123 0.935927 0.587824 0.288853 0.098095 0.014379 -0.006825 -0.007232 0.011309 
0.040686 0.168935 0.381071 0.612060 0.875870 1.257487 1.623331 1.686567 1.479935 1.317506 1.258560 1.089846 0.830853 0.755564 0.925474 1.151903 1.322037 1.433668 1.458441 1.348440 1.098325 0.761549 0.428505 0.180021 0.045640 -0.001429 -0.009512 -0.002900 
0.011291 0.094276 0.268581 0.493335 0.734550 1.060302 1.460308 1.690729 1.597355 1.389490 1.288425 1.186706 0.954511 0.766402 0.821662 1.038674 1.244145 1.386938 1.459907 1.420621 1.237556 0.935120 0.589509 0.291846 0.100242 0.014212 -0.008826 -0.009436 
-0.004297 0.043185 0.172568 0.376776 0.607631 0.887502 1.266263 1.606355 1.671435 1.493903 1.332324 1.245761 1.076007 0.842491 0.768712 0.920780 1.146048 1.323823 1.434802 1.456266 1.345535 1.096497 0.762016 0.431052 0.182817 0.046691 -0.002646 -0.011866 
-0.011626 0.011830 0.098081 0.268330 0.487475 0.738322 1.073118 1.455914 1.671246 1.596835 1.407428 1.289553 1.170069 0.953251 0.781502 0.826055 1.031807 1.242079 1.389082 1.459391 1.417807 1.235001 0.934377 0.591144 0.294757 0.102323 0.014091 -0.010813 
-0.014242 -0.005339 0.045781 0.174900 0.372865 0.605670 0.897473 1.271983 1.592156 1.659337 1.504848 1.344120 1.235995 1.064926 0.851041 0.780185 0.918574 1.140615 1.324328 1.436023 1.454419 1.342594 1.094716 0.762495 0.433525 0.185531 0.047737 -0.003824 
-0.012812 -0.013636 0.012708 0.101163 0.267402 0.483403 0.742715 1.082955 1.451277 1.655413 1.596337 1.421586 1.290704 1.157071 0.951720 0.793596 0.831073 1.026762 1.239368 1.390508 1.459191 1.415148 1.232429 0.933674 0.592746 0.297580 0.104356 0.013995 
-0.005005 -0.016546 -0.006044 0.048192 0.176311 0.369585 0.605294 0.906022 1.275623 1.580057 1.649555 1.513450 1.353575 1.228542 1.055926 0.857481 0.790221 0.917972 1.135849 1.323933 1.437048 1.452882 1.339709 1.092940 0.762986 0.435931 0.188168 0.048775 
0.013894 -0.014793 -0.015406 0.013722 0.103561 0.266224 0.480724 0.747290 1.090591 1.446596 1.642340 1.595838 1.432821 1.291855 1.146822 0.950119 0.803464 0.836276 1.023140 1.236439 1.391256 1.459108 1.412708 1.229873 0.932981 0.594322 0.300321 0.106347 
0.049790 -0.006189 -0.018713 -0.006495 0.050296 0.177101 0.366980 0.605957 0.913350 1.277816 1.569625 1.641512 1.520233 1.361214 1.222822 1.048572 0.862447 0.799025 0.918427 1.131792 1.322938 1.437758 1.451576 1.336946 1.091166 0.763470 0.438278 0.190737 
0.108291 0.013774 -0.016714 -0.016936 0.014739 0.105381 0.265030 0.479124 0.751810 1.096557 1.442007 1.631386 1.595304 1.441793 1.292970 1.138680 0.948583 0.811640 0.841427 1.020626 1.233524 1.391431 1.459008 1.410486 1.227373 0.932281 0.595865 0.302992 
0.193245 0.050769 -0.007363 -0.020710 -0.006778 0.052061 0.177489 0.365012 0.607301 0.919636 1.278992 1.560542 1.634776 1.525595 1.367430 1.218405 1.042547 0.866369 0.806775 0.919582 1.128406 1.321560 1.438121 1.450415 1.334340 1.089408 0.763934 0.440571 
0.305603 0.110182 0.013633 -0.018541 -0.018256 0.015673 0.106733 0.263947 0.478356 0.756152 1.101238 1.437587 1.622080 1.594710 1.449003 1.294023 1.132173 0.947191 0.818510 0.846402 1.018972 1.230749 1.391145 1.458808 1.408454 1.224962 0.931573 0.597369 
0.442812 0.195691 0.051705 -0.008506 -0.022530 -0.006965 0.053498 0.177630 0.363615 0.609086 0.925035 1.279450 1.552566 1.629033 1.529832 1.372522 1.214973 1.037609 0.869546 0.813628 0.921194 1.125622 1.319954 1.438148 1.449328 1.331897 1.087687 0.764370 
0.598828 0.308153 0.112016 0.013476 -0.020254 -0.019402 0.016481 0.107719 0.263039 0.478228 0.760252 1.104920 1.433380 1.614069 1.594043 1.454824 1.295001 1.126948 0.945987 0.824360 0.851139 1.017985 1.228177 1.390498 1.458465 1.406575 1.222660 0.930862 
0.764775 0.444997 0.198076 0.052596 -0.009601 -0.024179 -0.007110 0.054635 0.177632 0.362714 0.611148 0.929684 1.279398 1.545505 1.624051 1.533171 1.376714 1.212296 1.033566 0.872190 0.819720 0.923099 1.123364 1.318227 1.437870 1.448262 1.329612 1.086019 
0.930159 0.600241 0.310643 0.113791 0.013316 -0.021844 -0.020415 0.017142 0.108425 0.262333 0.478590 0.764086 1.107818 1.429400 1.607089 1.593298 1.459539 1.295897 1.122741 0.944987 0.829408 0.855614 1.017514 1.225834 1.389578 1.457959 1.404811 1.220477 
1.084417 0.765155 0.447126 0.200397 0.053448 -0.010633 -0.025674 -0.007252 0.055512 0.177568 0.362238 0.613371 0.933696 1.278986 1.539205 1.619659 1.535784 1.380180 1.210201 1.030265 0.874450 0.825168 0.925181 1.121559 1.316452 1.437324 1.447180 1.327467 
1.218414 0.929472 0.601607 0.313069 0.115507 0.013163 -0.023310 -0.021326 0.017653 0.108921 0.261836 0.479326 0.767649 1.110098 1.425648 1.600938 1.592475 1.463364 1.296711 1.119348 0.944192 0.833820 0.859821 1.017440 1.223725 1.388453 1.457289 1.403130 
1.325446 1.082890 0.765514 0.449194 0.202651 0.054267 -0.011594 -0.027034 -0.007417 0.056166 0.177489 0.362118 0.615677 0.937172 1.278320 1.533544 1.615732 1.537807 1.383053 1.208561 1.027583 0.876433 0.830071 0.927363 1.120138 1.314679 1.436551 1.446056 
1.401505 1.216466 0.928812 0.602927 0.315426 0.117166 0.013028 -0.024656 -0.022164 0.018018 0.109262 0.261539 0.480343 0.770950 1.111888 1.422117 1.595460 1.591578 1.466465 1.297446 1.116613 0.943595 0.837725 0.863771 1.017672 1.221840 1.387180 1.456459 
1.444877 1.323529 1.081442 0.765860 0.451200 0.204836 0.055061 -0.012479 -0.028277 -0.007620 0.056634 0.177428 0.362295 0.618013 0.940193 1.277477 1.528420 1.612172 1.539343 1.385438 1.207280 1.025419 0.878218 0.834512 0.929589 1.119041 1.312941 1.435588 
