0.000589 -0.059269 0.510668 1.092579 1.072745 1.153488 1.285191 1.530710 1.179454 0.808536 0.985698 0.983995 0.866006 0.671514 0.458470 0.275580 0.146372 0.070114 0.032710 0.017783 0.012814 0.010573 0.008130 0.005191 0.002525 0.000815 0.000119 -0.000116 
0.003963 -0.064917 0.185589 0.838484 1.113985 1.103646 1.209041 1.438136 1.393609 0.960969 0.874041 1.003293 0.937050 0.774701 0.564267 0.361785 0.204312 0.102506 0.047579 0.023219 0.014506 0.011536 0.009396 0.006674 0.003781 0.001547 0.000375 -0.000086 
0.006215 -0.045881 0.015225 0.510474 1.017687 1.119447 1.141379 1.332958 1.457231 1.179939 0.882387 0.937375 0.988397 0.864887 0.671992 0.459716 0.276756 0.146999 0.070202 0.032511 0.017526 0.012610 0.010450 0.008082 0.005197 0.002557 0.000850 -0.000182 
0.006208 -0.023252 -0.049537 0.234968 0.788673 1.098897 1.124799 1.230772 1.424399 1.344949 1.010396 0.888095 0.974042 0.941887 0.773988 0.565233 0.363078 0.205243 0.102846 0.047493 0.022970 0.014266 0.011371 0.009311 0.006657 0.003803 0.001603 -0.000172 
0.004748 -0.006481 -0.056017 0.056466 0.510213 0.976773 1.124614 1.167303 1.339175 1.417685 1.180351 0.922964 0.925434 0.973830 0.868975 0.671751 0.460973 0.277926 0.147639 0.070303 0.032316 0.017266 0.012403 0.010326 0.008034 0.005202 0.002636 0.000179 
0.003012 0.002515 -0.038981 -0.031231 0.261210 0.762612 1.077185 1.144456 1.251000 1.404005 1.320011 1.036669 0.905088 0.956340 0.936753 0.776983 0.565476 0.364419 0.206176 0.103202 0.047416 0.022721 0.014024 0.011204 0.009227 0.006635 0.003895 0.000961 
0.001834 0.005485 -0.018748 -0.055977 0.084136 0.510528 0.947032 1.123823 1.192370 1.339411 1.389280 1.181315 0.949967 0.923714 0.959735 0.868863 0.673810 0.461619 0.279167 0.148285 0.070417 0.032125 0.017005 0.012194 0.010201 0.007979 0.005286 0.002129 
0.001556 0.005156 -0.004077 -0.047634 -0.014897 0.278808 0.744380 1.058425 1.159955 1.267058 1.386534 1.302873 1.054284 0.920130 0.945763 0.928742 0.778919 0.566927 0.365311 0.207190 0.103564 0.047349 0.022473 0.013779 0.011036 0.009134 0.006691 0.003558 
0.002136 0.003808 0.003487 -0.028479 -0.052344 0.104903 0.510322 0.924155 1.122124 1.212385 1.338718 1.367708 1.181734 0.970068 0.925626 0.948218 0.866016 0.676160 0.462752 0.280126 0.149008 0.070535 0.031941 0.016743 0.011983 0.010066 0.007989 0.005097 
0.003331 0.002807 0.005750 -0.011024 -0.052237 -0.000551 0.291576 0.730204 1.043363 1.171732 1.279381 1.372732 1.289762 1.067055 0.933206 0.939282 0.920395 0.779289 0.569004 0.366296 0.208057 0.103989 0.047283 0.022227 0.013533 0.010857 0.009089 0.006598 
0.004842 0.002681 0.005294 0.000123 -0.035910 -0.047228 0.121329 0.509576 0.906175 1.120391 1.227745 1.337970 1.351001 1.181589 0.985831 0.929059 0.939038 0.861804 0.677997 0.464397 0.281012 0.149677 0.070698 0.031755 0.016481 0.011762 0.009961 0.007937 
0.006398 0.003405 0.004176 0.005124 -0.017509 -0.054356 0.012078 0.301200 0.718752 1.031361 1.180568 1.288753 1.361963 1.279344 1.076670 0.944587 0.935327 0.912533 0.778423 0.571170 0.367563 0.208819 0.104413 0.047245 0.021979 0.013280 0.010693 0.009030 
0.007797 0.004689 0.003544 0.006112 -0.003831 -0.041499 -0.041512 0.134694 0.508508 0.891828 1.118741 1.239410 1.337283 1.337896 1.181099 0.998540 0.933126 0.931733 0.857007 0.679141 0.466335 0.281991 0.150268 0.070883 0.031582 0.016212 0.011547 0.009864 
0.008920 0.006185 0.003761 0.005378 0.003656 -0.023286 -0.054873 0.023227 0.308656 0.709349 1.021700 1.187140 1.295850 1.353507 1.270946 1.084108 0.954510 0.933012 0.905399 0.776704 0.573143 0.369095 0.209569 0.104799 0.047232 0.021733 0.013024 0.010543 
0.009747 0.007603 0.004701 0.004526 0.006302 -0.007948 -0.045644 -0.035637 0.145779 0.507320 0.880228 1.117148 1.248232 1.336633 1.327507 1.180466 1.008975 0.937387 0.925905 0.852048 0.679632 0.468367 0.283127 0.150811 0.071061 0.031428 0.015939 0.011341 
0.010391 0.008757 0.006029 0.004321 0.006293 0.001644 -0.028312 -0.054335 0.033101 0.314582 0.701563 1.013802 1.191972 1.301195 1.346785 1.264135 1.090005 0.963180 0.931788 0.899035 0.774428 0.574801 0.370813 0.210376 0.105143 0.047228 0.021494 0.012772 
0.011138 0.009595 0.007397 0.004881 0.005491 0.005964 -0.011999 -0.048661 -0.029836 0.155119 0.506150 0.870733 1.115576 1.254870 1.335982 1.319192 1.179831 1.017672 0.941605 0.921237 0.847161 0.679576 0.470357 0.284422 0.151352 0.071217 0.031287 0.015673 
0.012526 0.010221 0.008557 0.005964 0.004999 0.006888 -0.000696 -0.032629 -0.053099 0.041879 0.319408 0.695078 1.007235 1.195456 1.305182 1.341367 1.258597 1.094795 0.970776 0.931297 0.893401 0.771815 0.576114 0.372631 0.211275 0.105463 0.047219 0.021268 
0.015419 0.010931 0.009407 0.007217 0.005202 0.006358 0.005210 -0.015857 -0.050796 -0.024235 0.163100 0.505079 0.862872 1.113997 1.259821 1.335305 1.312481 1.179274 1.025016 0.945654 0.917480 0.842471 0.679083 0.472225 0.285848 0.151925 0.071350 0.031150 
0.021052 0.012287 0.010025 0.008343 0.006000 0.005725 0.007173 -0.003212 -0.036303 -0.051408 0.049719 0.323436 0.689654 1.001683 1.197887 1.308104 1.336936 1.254092 1.098780 0.977454 0.931295 0.888426 0.769017 0.577091 0.374478 0.212274 0.105780 0.047197 
0.031011 0.015177 0.010714 0.009189 0.007083 0.005626 0.007081 0.004139 -0.019463 -0.052244 -0.018896 0.170009 0.504150 0.856294 1.112398 1.263456 1.334586 1.307023 1.178841 1.031295 0.949471 0.914439 0.838038 0.678254 0.473927 0.287369 0.152550 0.071467 
0.047161 0.020845 0.012051 0.009804 0.008132 0.006132 0.006446 0.007176 -0.005797 -0.039413 -0.049425 0.056757 0.326877 0.685100 0.996914 1.199488 1.310185 1.333262 1.250431 1.102171 0.983351 0.931616 0.884035 0.766142 0.577764 0.376304 0.213367 0.106111 
0.071577 0.030868 0.014944 0.010482 0.008953 0.007008 0.006118 0.007642 0.002836 -0.022790 -0.053156 -0.013842 0.176065 0.503383 0.850735 1.110771 1.266055 1.333819 1.302555 1.178550 1.036728 0.953031 0.911961 0.833888 0.677176 0.475444 0.288948 0.153240 
0.106471 0.047114 0.020640 0.011813 0.009560 0.007940 0.006346 0.007125 0.006936 -0.008379 -0.042032 -0.047267 0.063111 0.329883 0.681264 0.992757 1.200430 1.311596 1.330173 1.247463 1.105120 0.988582 0.932144 0.880152 0.763261 0.578171 0.378069 0.214542 
0.153996 0.071693 0.030719 0.014713 0.010236 0.008709 0.006993 0.006648 0.008036 0.001370 -0.025835 -0.053651 -0.009078 0.181434 0.502779 0.845992 1.109114 1.267831 1.333002 1.298875 1.178405 1.041482 0.956329 0.909926 0.830025 0.675917 0.476773 0.290554 
0.215780 0.106870 0.047062 0.020435 0.011570 0.009300 0.007777 0.006627 0.007737 0.006490 -0.010911 -0.044229 -0.045010 0.068880 0.332563 0.678024 0.989084 1.200845 1.312469 1.327541 1.245065 1.107736 0.993248 0.932800 0.876707 0.760424 0.578352 0.379751 
0.292160 0.154815 0.071823 0.030565 0.014480 0.009976 0.008469 0.007037 0.007188 0.008270 -0.000206 -0.028609 -0.053820 -0.004594 0.186248 0.502332 0.841910 1.107429 1.268950 1.332136 1.295828 1.178402 1.045687 0.959374 0.908243 0.826439 0.674532 0.477920 
0.381336 0.217064 0.107314 0.047012 0.020225 0.011317 0.009030 0.007649 0.006955 0.008268 0.005875 -0.013362 -0.046067 -0.042711 0.074148 0.334994 0.675282 0.985798 1.200835 1.312908 1.325270 1.243140 1.110100 0.997432 0.933527 0.873640 0.757661 0.578342 
