0.110270 0.098068 0.084773 0.095572 0.154606 0.276780 0.395870 1.171414 1.929706 1.992229 2.011156 1.923100 1.822132 1.066594 0.321075 0.233666 0.124809 0.055536 0.018902 0.004403 0.000733 0.000091 0.001360 0.009056 0.027976 0.057213 0.088108 0.107757 
0.111004 0.105157 0.089983 0.085652 0.118128 0.211940 0.295489 0.743692 1.595124 2.007178 2.011103 1.974621 1.914333 1.484647 0.652076 0.237579 0.178104 0.085658 0.033796 0.009592 0.001702 0.000103 0.000204 0.004105 0.017170 0.041846 0.073259 0.099706 
0.107374 0.109735 0.097475 0.084839 0.095756 0.161842 0.231565 0.471598 1.171667 1.854120 2.037174 1.996876 1.969053 1.747758 1.067413 0.396509 0.187713 0.131405 0.055462 0.018946 0.004234 0.000403 -0.000190 0.001344 0.009339 0.028361 0.057442 0.087740 
0.099303 0.110548 0.104542 0.089709 0.085378 0.125123 0.185832 0.312185 0.793981 1.545207 1.990819 2.030205 1.994276 1.899188 1.435686 0.702489 0.253699 0.151256 0.092197 0.033377 0.009547 0.001436 -0.000229 0.000041 0.004248 0.017532 0.042197 0.073181 
0.087476 0.106933 0.109175 0.097021 0.084132 0.101186 0.150065 0.222690 0.514028 1.171856 1.812503 2.040608 2.020645 1.973456 1.707319 1.068168 0.438672 0.178119 0.119000 0.060585 0.018293 0.004106 0.000080 -0.000461 0.001331 0.009612 0.028758 0.057598 
0.073123 0.098932 0.110030 0.104044 0.088751 0.088798 0.122152 0.171224 0.331784 0.821110 1.519037 1.967844 2.047833 2.012436 1.877385 1.410453 0.729758 0.272747 0.135926 0.088741 0.036674 0.008808 0.001240 -0.000554 -0.000116 0.004387 0.017900 0.042507 
0.057740 0.087248 0.106468 0.108686 0.096020 0.085734 0.102411 0.138737 0.223988 0.542862 1.172606 1.782062 2.038101 2.043574 1.971881 1.678022 1.069485 0.467260 0.178723 0.107036 0.061500 0.019960 0.003395 -0.000157 -0.000729 0.001318 0.009887 0.029135 
0.042796 0.073081 0.098563 0.109570 0.103135 0.089043 0.091159 0.116288 0.163703 0.349394 0.839573 1.500690 1.947830 2.061321 2.026436 1.858504 1.393026 0.748373 0.289833 0.127692 0.082384 0.038919 0.009303 0.000619 -0.000793 -0.000277 0.004527 0.018258 
0.029493 0.057879 0.087027 0.106062 0.107921 0.095554 0.087650 0.100893 0.129961 0.228876 0.564769 1.172821 1.758487 2.034702 2.061467 1.969382 1.655560 1.070266 0.488946 0.182935 0.097621 0.059671 0.021937 0.003198 -0.000662 -0.000923 0.001299 0.010160 
0.018606 0.043073 0.073038 0.098250 0.108954 0.102348 0.090002 0.091960 0.110072 0.160242 0.365002 0.853185 1.486394 1.931526 2.071103 2.036712 1.843297 1.379632 0.762151 0.304940 0.123524 0.075672 0.039604 0.010451 0.000113 -0.001173 -0.000382 0.004660 
0.010419 0.029838 0.058009 0.086847 0.105590 0.107092 0.095640 0.089077 0.098003 0.123492 0.235246 0.582315 1.172480 1.739812 2.031285 2.074720 1.966834 1.637969 1.070488 0.506291 0.188647 0.090514 0.056469 0.023419 0.003540 -0.001225 -0.001173 0.001317 
0.004810 0.018937 0.043335 0.073017 0.097928 0.108228 0.101870 0.091085 0.091537 0.104321 0.159270 0.378880 0.863631 1.474814 1.918292 2.077962 2.044045 1.831126 1.368936 0.772775 0.318340 0.121856 0.069424 0.039059 0.011712 -0.000088 -0.001653 -0.000494 
0.001348 0.010680 0.030163 0.058144 0.086684 0.105032 0.106367 0.096051 0.089838 0.094523 0.118869 0.242212 0.596782 1.171802 1.724773 2.027964 2.084291 1.964353 1.623984 1.070371 0.520578 0.194973 0.085257 0.052673 0.024225 0.004200 -0.001680 -0.001502 
-0.000650 0.004974 0.019256 0.043588 0.073016 0.097558 0.107491 0.101681 0.092007 0.090270 0.099279 0.159901 0.391267 0.871892 1.465277 1.907409 2.082573 2.049115 1.821273 1.360266 0.781224 0.330270 0.121801 0.063886 0.037664 0.012802 -0.000003 -0.002137 
-0.001878 0.001363 0.010946 0.030475 0.058289 0.086506 0.104422 0.105811 0.096589 0.089971 0.090878 0.115693 0.249334 0.608954 1.170990 1.712481 2.024715 2.091032 1.961916 1.612720 1.070117 0.532586 0.201471 0.081453 0.048709 0.024395 0.004979 -0.001963 
-0.002557 -0.000851 0.005136 0.019571 0.043839 0.073016 0.097140 0.106813 0.101701 0.092647 0.088460 0.094989 0.161588 0.402369 0.878605 1.457348 1.898297 2.085458 2.052443 1.813161 1.353189 0.788134 0.340934 0.122814 0.059100 0.035719 0.013601 0.000289 
-0.002072 -0.002256 0.001347 0.011211 0.030784 0.058436 0.086297 0.103804 0.105427 0.097116 0.089580 0.087300 0.113648 0.256377 0.619364 1.170182 1.702296 2.021500 2.095603 1.959487 1.603536 1.069863 0.542850 0.207906 0.078786 0.044810 0.024031 0.005741 
0.000703 -0.002878 -0.001083 0.005281 0.019886 0.044092 0.073001 0.096690 0.106229 0.101844 0.092971 0.086322 0.091411 0.163972 0.412365 0.884203 1.450715 1.890524 2.087009 2.054424 1.806359 1.347391 0.793936 0.350510 0.124535 0.055026 0.033440 0.014075 
0.006403 -0.002036 -0.002602 0.001298 0.011468 0.031095 0.058579 0.086056 0.103214 0.105187 0.097549 0.088774 0.083916 0.112485 0.263214 0.628401 1.169461 1.693746 2.018291 2.098501 1.957040 1.595962 1.069692 0.551756 0.214153 0.077006 0.041099 0.023244 
0.014235 0.001166 -0.003090 -0.001323 0.005400 0.020199 0.044346 0.072963 0.096229 0.105751 0.102040 0.092988 0.084011 0.088477 0.166811 0.421412 0.888988 1.445136 1.883773 2.087521 2.055351 1.800551 1.342630 0.798932 0.359155 0.126724 0.051597 0.030980 
0.022136 0.006920 -0.001889 -0.002893 0.001224 0.011711 0.031409 0.058709 0.085789 0.102676 0.105056 0.097843 0.087655 0.080787 0.112010 0.269784 0.636353 1.168870 1.686480 2.015073 2.100095 1.954560 1.589647 1.069647 0.559589 0.220149 0.075922 0.037640 
0.028446 0.014109 0.001627 -0.003199 -0.001552 0.005494 0.020509 0.044598 0.072900 0.095776 0.105372 0.102235 0.092727 0.081632 0.086109 0.169938 0.429647 0.893172 1.440420 1.877813 2.087217 2.055449 1.795508 1.338719 0.803333 0.367004 0.129213 0.048736 
0.034457 0.020790 0.007274 -0.001669 -0.003117 0.001135 0.011936 0.031723 0.058825 0.085508 0.102200 0.104998 0.097978 0.086306 0.077938 0.112071 0.276062 0.643438 1.168429 1.680232 2.011838 2.100667 1.952042 1.584329 1.069747 0.566569 0.225868 0.075380 
0.046367 0.025910 0.013737 0.002048 -0.003218 -0.001757 0.005565 0.020811 0.044843 0.072817 0.095347 0.105081 0.102392 0.092226 0.079259 0.084232 0.173239 0.437187 0.896907 1.436417 1.872471 2.086267 2.054889 1.791058 1.335504 0.807291 0.374175 0.131888 
0.075263 0.031555 0.019275 0.007461 -0.001407 -0.003274 0.001043 0.012143 0.032031 0.058924 0.085222 0.101790 0.104980 0.097952 0.084796 0.075372 0.112549 0.282043 0.649824 1.168141 1.674801 2.008583 2.100429 1.949484 1.579805 1.069995 0.572863 0.231307 
0.134670 0.044424 0.023422 0.013155 0.002405 -0.003164 -0.001926 0.005620 0.021100 0.045077 0.072718 0.094950 0.104860 0.102488 0.091524 0.076938 0.082778 0.176634 0.444133 0.900303 1.433004 1.867618 2.084802 2.053802 1.787074 1.332866 0.810913 0.380767 
0.236475 0.075478 0.028924 0.017647 0.007487 -0.001129 -0.003365 0.000957 0.012333 0.032329 0.059006 0.084942 0.101443 0.104979 0.097769 0.083181 0.073081 0.113352 0.287738 0.655643 1.168001 1.670031 2.005311 2.099546 1.946888 1.575921 1.070386 0.578599 
0.386862 0.137503 0.042844 0.021011 0.012401 0.002684 -0.003055 -0.002055 0.005665 0.021375 0.045296 0.072610 0.094592 0.104693 0.102507 0.090656 0.074702 0.081686 0.180068 0.450567 0.903439 1.430083 1.863158 2.082925 2.052293 1.783460 1.330705 0.814279 
