0.064533 0.158375 0.278718 0.458954 0.671485 0.865848 0.983655 0.986438 0.813458 1.192121 1.552698 1.314382 1.184479 1.099315 1.110657 0.519925 -0.056159 0.001318 0.000161 0.000002 0.000482 0.003258 0.010071 0.020596 0.031719 0.038921 0.038921 0.025427 
0.038272 0.106377 0.213147 0.363075 0.564337 0.774586 0.936725 1.003221 0.876456 0.969442 1.410971 1.464195 1.239859 1.133069 1.136584 0.852005 0.191370 -0.063353 0.004342 -0.000021 0.000059 0.001475 0.006181 0.015065 0.026365 0.036015 0.040215 0.029730 
0.029089 0.066185 0.154648 0.282205 0.459935 0.671907 0.864641 0.988029 0.938182 0.887431 1.192692 1.479200 1.362028 1.172223 1.145939 1.035804 0.519822 0.018488 -0.045153 0.006386 -0.000342 0.000477 0.003361 0.010210 0.020667 0.031634 0.039373 0.034701 
0.029284 0.041757 0.104763 0.212848 0.365794 0.564983 0.773810 0.941496 0.973990 0.890612 1.018982 1.362348 1.450383 1.261445 1.154102 1.121477 0.802263 0.240883 -0.047887 -0.022940 0.006192 -0.000533 0.001542 0.006312 0.015181 0.026320 0.036481 0.037872 
0.032885 0.031046 0.067284 0.153184 0.283627 0.461896 0.671366 0.868674 0.973435 0.926309 0.928126 1.193186 1.439634 1.368125 1.198004 1.151031 0.994917 0.519670 0.059853 -0.055283 -0.006395 0.004521 -0.000214 0.003503 0.010349 0.020670 0.032010 0.038348 
0.036128 0.029359 0.043682 0.104346 0.212632 0.367823 0.565441 0.776564 0.936331 0.956306 0.907706 1.045366 1.337446 1.429916 1.281531 1.173642 1.099742 0.776275 0.267254 -0.029509 -0.038717 0.002414 0.002603 0.000921 0.006513 0.015229 0.026589 0.036229 
0.037204 0.031842 0.032306 0.068141 0.152581 0.284644 0.463136 0.673368 0.868395 0.959341 0.924650 0.955244 1.194231 1.411210 1.368246 1.222931 1.150165 0.965203 0.520096 0.087634 -0.055232 -0.018739 0.005185 0.001424 0.003067 0.010510 0.020851 0.032125 
0.035705 0.034811 0.029499 0.044975 0.104347 0.212735 0.369005 0.567219 0.778337 0.928225 0.945768 0.922842 1.063088 1.320342 1.412371 1.297451 1.189026 1.080956 0.758118 0.284975 -0.013108 -0.047409 -0.004261 0.004697 0.001545 0.006245 0.015441 0.026817 
0.032028 0.036145 0.031132 0.033194 0.068854 0.152485 0.285255 0.464684 0.675798 0.865379 0.947798 0.926636 0.975454 1.194729 1.389617 1.367439 1.242811 1.148392 0.942354 0.520000 0.108506 -0.051586 -0.028539 0.003112 0.003387 0.003123 0.010426 0.021148 
0.027001 0.035080 0.033767 0.029621 0.045926 0.104600 0.212883 0.370073 0.569606 0.778632 0.919760 0.939317 0.936018 1.075962 1.307264 1.398498 1.309640 1.200689 1.065869 0.744018 0.297861 0.001301 -0.052046 -0.011290 0.005244 0.002816 0.006088 0.015564 
0.021370 0.031837 0.035188 0.030593 0.033847 0.069514 0.152584 0.285775 0.466600 0.677770 0.861038 0.938565 0.930143 0.991327 1.194657 1.372891 1.366581 1.258037 1.146585 0.924402 0.519359 0.125031 -0.046455 -0.036036 -0.000324 0.004859 0.003708 0.010315 
0.015601 0.027085 0.034454 0.032896 0.029704 0.046692 0.104954 0.213070 0.371314 0.572032 0.777756 0.911782 0.935375 0.947501 1.085676 1.296877 1.387659 1.318880 1.209414 1.053843 0.732639 0.307597 0.013991 -0.054195 -0.017853 0.004571 0.004194 0.006249 
0.010336 0.021467 0.031584 0.034335 0.030141 0.034357 0.070128 0.152763 0.286404 0.468705 0.679063 0.856152 0.931198 0.934277 1.004146 1.194239 1.359767 1.365786 1.269572 1.144862 0.910083 0.518394 0.138491 -0.040724 -0.041687 -0.004346 0.005656 0.004614 
0.006714 0.015627 0.027049 0.033854 0.032147 0.029751 0.047341 0.105328 0.213354 0.372760 0.574210 0.776065 0.904551 0.933061 0.957523 1.093214 1.288507 1.379135 1.325849 1.215877 1.044159 0.723309 0.315162 0.025200 -0.054740 -0.023702 0.003054 0.005402 
0.005648 0.010538 0.021470 0.031273 0.033575 0.029743 0.034773 0.070683 0.153003 0.287218 0.470832 0.679697 0.851142 0.925307 0.938593 1.014692 1.193677 1.349357 1.365030 1.278265 1.143198 0.898511 0.517305 0.149668 -0.034833 -0.045890 -0.008531 0.005818 
0.006324 0.007399 0.015697 0.026910 0.033276 0.031489 0.029774 0.047897 0.105699 0.213780 0.374359 0.576025 0.773838 0.898109 0.931829 0.966286 1.099210 1.281724 1.372346 1.331069 1.220602 1.036238 0.715592 0.321193 0.035131 -0.054227 -0.028798 0.000989 
0.005451 0.006677 0.010914 0.021425 0.030906 0.032888 0.029387 0.035116 0.071175 0.153315 0.288220 0.472865 0.679769 0.846230 0.920583 0.942857 1.023495 1.193111 1.341022 1.364275 1.284778 1.141556 0.889042 0.516231 0.159097 -0.029016 -0.048959 -0.012648 
-0.001406 0.006930 0.008215 0.015842 0.026698 0.032708 0.030903 0.029779 0.048370 0.106068 0.214361 0.376043 0.577453 0.771284 0.892418 0.931327 0.973967 1.104098 1.276214 1.366862 1.334931 1.223981 1.029648 0.709175 0.326120 0.043966 -0.053014 -0.033182 
-0.016575 0.004668 0.007617 0.011430 0.021371 0.030494 0.032251 0.029066 0.035398 0.071612 0.153716 0.289382 0.474739 0.679386 0.841533 0.916778 0.946946 1.030940 1.192624 1.334291 1.363497 1.289606 1.139910 0.881207 0.515253 0.167164 -0.023398 -0.051145 
-0.036922 -0.003977 0.007232 0.009087 0.016069 0.026444 0.032142 0.030373 0.029770 0.048769 0.106448 0.215096 0.377749 0.578513 0.768547 0.887405 0.931315 0.980723 1.108178 1.271737 1.362366 1.337733 1.226309 1.024074 0.703817 0.330246 0.051861 -0.051342 
-0.052641 -0.020249 0.003571 0.008423 0.012045 0.021337 0.030052 0.031651 0.028773 0.035627 0.072006 0.154211 0.290665 0.476420 0.678649 0.837109 0.913701 0.950798 1.037316 1.192259 1.328814 1.362678 1.293121 1.138244 0.874654 0.514414 0.174156 -0.018041 
-0.049378 -0.040096 -0.006618 0.007259 0.009957 0.016373 0.026175 0.031576 0.029884 0.029746 0.049107 0.106854 0.215966 0.379432 0.579240 0.765731 0.882990 0.931629 0.986692 1.111660 1.268104 1.358628 1.339696 1.227809 1.019284 0.699326 0.333782 0.058954 
-0.012969 -0.053600 -0.023644 0.002245 0.009074 0.012721 0.021337 0.029594 0.031076 0.028499 0.035809 0.072371 0.154803 0.292030 0.477897 0.677645 0.832976 0.911196 0.954390 1.042840 1.192035 1.324327 1.361812 1.295602 1.136551 0.869119 0.513734 0.180292 
0.065361 -0.047236 -0.042780 -0.009255 0.007050 0.010786 0.016741 0.025912 0.031012 0.029424 0.029708 0.049395 0.107295 0.216952 0.381056 0.579680 0.762906 0.879095 0.932154 0.991990 1.114697 1.265163 1.355476 1.340991 1.228653 1.015106 0.695552 0.336880 
0.185741 -0.008186 -0.054140 -0.026758 0.000759 0.009565 0.013424 0.021380 0.029135 0.030519 0.028236 0.035950 0.072722 0.155486 0.293443 0.479173 0.676445 0.829136 0.909146 0.957719 1.047679 1.191955 1.320629 1.360899 1.297263 1.134830 0.864399 0.513214 
0.339649 0.071183 -0.044995 -0.045041 -0.011838 0.006641 0.011547 0.017158 0.025668 0.030454 0.028982 0.029652 0.049645 0.107780 0.218029 0.382601 0.579874 0.760119 0.875649 0.932811 0.996717 1.117397 1.262792 1.352783 1.341750 1.228971 1.011412 0.692371 
0.512849 0.190632 -0.003682 -0.054354 -0.029597 -0.000830 0.009898 0.014128 0.021465 0.028685 0.029975 0.027975 0.036057 0.073071 0.156252 0.294876 0.480258 0.675106 0.825577 0.907456 0.960794 1.051964 1.192013 1.317564 1.359940 1.298269 1.133083 0.860339 
0.689686 0.342167 0.076503 -0.042710 -0.046941 -0.014337 0.006068 0.012225 0.017609 0.025453 0.029906 0.028551 0.029578 0.049871 0.108311 0.219177 0.384053 0.579864 0.757402 0.872587 0.933544 1.000960 1.119840 1.260893 1.350453 1.342077 1.228868 1.008105 
