0.000134 0.000968 0.003898 0.012371 0.032710 0.075526 0.155288 0.222691 0.966409 1.739173 1.868405 1.983995 1.983299 1.928377 1.171514 0.396098 0.276275 0.148076 0.072745 0.035491 0.019584 0.012814 0.008773 0.005350 0.002559 0.000822 0.000120 -0.000038 
-0.000014 0.000379 0.001956 0.007047 0.020394 0.050404 0.113870 0.147493 0.550465 1.391197 1.844863 1.934320 1.994304 2.003099 1.594977 0.743991 0.295736 0.209395 0.104727 0.050404 0.025632 0.015458 0.010584 0.006983 0.003849 0.001560 0.000372 -0.000013 
-0.000062 0.000084 0.000874 0.003766 0.012163 0.032267 0.081911 0.109462 0.298535 0.967663 1.664984 1.914197 1.969354 2.027958 1.852774 1.171992 0.472073 0.231091 0.155060 0.072572 0.035259 0.019301 0.012610 0.008675 0.005334 0.002583 0.000847 0.000105 
-0.000034 -0.000049 0.000307 0.001844 0.006889 0.019637 0.056624 0.086973 0.163900 0.601333 1.342568 1.829726 1.953688 2.013052 1.986578 1.545179 0.794545 0.312589 0.183169 0.111396 0.049757 0.025366 0.015204 0.010433 0.006931 0.003858 0.001589 0.000378 
0.000097 -0.000089 0.000032 0.000783 0.003666 0.011266 0.037030 0.069302 0.099994 0.341097 0.968843 1.624727 1.918444 1.992772 2.031113 1.811138 1.172397 0.514741 0.222243 0.143046 0.077615 0.034344 0.019059 0.012402 0.008576 0.005317 0.002607 0.000868 
0.000385 -0.000052 -0.000087 0.000235 0.001796 0.006036 0.022606 0.052858 0.071596 0.183230 0.629046 1.317661 1.807933 1.971569 2.030336 1.963443 1.519123 0.821929 0.332339 0.168453 0.108085 0.052846 0.024413 0.015014 0.010277 0.006877 0.003868 0.001616 
0.000887 0.000092 -0.000117 -0.000026 0.000771 0.002978 0.012695 0.037597 0.057141 0.100720 0.370077 0.970575 1.595608 1.916720 2.015361 2.028333 1.780677 1.173355 0.543802 0.223569 0.131479 0.078469 0.035764 0.018233 0.012271 0.008469 0.005300 0.002631 
0.001642 0.000394 -0.000068 -0.000134 0.000240 0.001317 0.006418 0.024532 0.046201 0.063317 0.200591 0.648096 1.300553 1.789064 1.985299 2.043490 1.943273 1.500885 0.840636 0.350094 0.160823 0.101888 0.054899 0.024702 0.014394 0.010195 0.006814 0.003876 
0.002654 0.000907 0.000089 -0.000153 -0.000019 0.000483 0.002803 0.014440 0.035429 0.047534 0.105055 0.392145 0.971762 1.573322 1.914076 2.032923 2.024668 1.757081 1.173770 0.565929 0.228483 0.122462 0.076597 0.037508 0.017923 0.011861 0.008426 0.005273 
0.003876 0.001668 0.000404 -0.000092 -0.000132 0.000096 0.000947 0.007454 0.024905 0.039198 0.059108 0.215969 0.662299 1.287471 1.773869 1.995313 2.052948 1.926815 1.486691 0.854483 0.365842 0.157249 0.095347 0.055410 0.025651 0.013883 0.009962 0.006799 
0.005277 0.002668 0.000929 0.000080 -0.000157 -0.000074 0.000129 0.003163 0.015693 0.031898 0.040242 0.110887 0.409864 0.972381 1.555903 1.911389 2.045854 2.020991 1.738383 1.173619 0.583687 0.234874 0.115757 0.073370 0.038770 0.018152 0.011384 0.008318 
0.006769 0.003891 0.001688 0.000410 -0.000097 -0.000143 -0.000157 0.000876 0.008605 0.024057 0.032668 0.057400 0.229634 0.673339 1.277081 1.761712 2.002393 2.059490 1.913431 1.475209 0.865156 0.379855 0.156164 0.089281 0.054709 0.026722 0.013671 0.009618 
0.008120 0.005290 0.002690 0.000943 0.000080 -0.000151 -0.000218 -0.000125 0.003839 0.016276 0.027782 0.034807 0.117331 0.424517 0.972652 1.542088 1.908773 2.055112 2.017418 1.723320 1.173125 0.598358 0.241858 0.110902 0.069564 0.039371 0.018701 0.011007 
0.009260 0.006687 0.003922 0.001708 0.000417 -0.000085 -0.000205 -0.000423 0.001086 0.009586 0.022367 0.026856 0.057309 0.241823 0.682194 1.268711 1.751874 2.007217 2.063792 1.902400 1.465764 0.873635 0.392370 0.156683 0.083936 0.053176 0.027629 0.013743 
0.010794 0.007866 0.005282 0.002723 0.000956 0.000092 -0.000163 -0.000416 -0.000214 0.004631 0.016228 0.023507 0.030831 0.123946 0.436883 0.972778 1.530991 1.906207 2.061550 2.013922 1.711003 1.172489 0.610725 0.248994 0.107501 0.065606 0.039348 0.019370 
0.014016 0.008955 0.006551 0.003952 0.001733 0.000429 -0.000073 -0.000318 -0.000633 0.001497 0.010277 0.020135 0.021805 0.058288 0.252741 0.689501 1.261927 1.743778 2.010307 2.066378 1.893143 1.457924 0.880558 0.403592 0.158258 0.079351 0.051107 0.028254 
0.020023 0.010746 0.007599 0.005240 0.002761 0.000974 0.000112 -0.000207 -0.000624 -0.000137 0.005404 0.015650 0.019305 0.027997 0.130497 0.447498 0.972895 1.521971 1.903654 2.065827 2.010466 1.700792 1.171850 0.621323 0.256046 0.105236 0.061726 0.038805 
0.028561 0.014407 0.008740 0.006378 0.003965 0.001767 0.000451 -0.000076 -0.000466 -0.000753 0.002024 0.010645 0.017575 0.017474 0.059978 0.262566 0.695692 1.256415 1.736994 2.012056 2.067637 1.885227 1.451374 0.886358 0.413702 0.160531 0.075488 0.048720 
0.037852 0.020578 0.010837 0.007356 0.005161 0.002797 0.001005 0.000130 -0.000286 -0.000807 0.000079 0.006075 0.014655 0.015301 0.026058 0.136858 0.456746 0.973088 1.514558 1.901087 2.068438 2.007022 1.692214 1.171291 0.630540 0.262891 0.103859 0.058049 
0.046167 0.028562 0.014846 0.008625 0.006188 0.003954 0.001808 0.000481 -0.000100 -0.000628 -0.000772 0.002596 0.010699 0.014842 0.013795 0.062137 0.271456 0.701068 1.251937 1.731205 2.012759 2.067865 1.878337 1.445874 0.891336 0.422858 0.163260 0.072277 
0.054636 0.036590 0.020992 0.011030 0.007157 0.005053 0.002824 0.001047 0.000141 -0.000391 -0.000943 0.000397 0.006599 0.013343 0.011556 0.024818 0.142967 0.464915 0.973399 1.508403 1.898492 2.069755 2.003574 1.684918 1.170856 0.638663 0.269466 0.103175 
0.069640 0.043554 0.028286 0.015278 0.008603 0.006003 0.003918 0.001853 0.000516 -0.000147 -0.000784 -0.000695 0.003160 0.010470 0.012042 0.010691 0.064600 0.279545 0.705841 1.248300 1.726182 2.012641 2.067284 1.872239 1.441233 0.895705 0.431195 0.166279 
0.103033 0.051511 0.035102 0.021245 0.011290 0.007016 0.004927 0.002839 0.001097 0.000141 -0.000513 -0.001021 0.000781 0.006958 0.011797 0.008095 0.024127 0.148798 0.472223 0.973846 1.503241 1.895863 2.070056 2.000115 1.678641 1.170563 0.645912 0.275746 
0.169474 0.067503 0.040953 0.027770 0.015669 0.008661 0.005835 0.003861 0.001897 0.000551 -0.000214 -0.000920 -0.000538 0.003680 0.009995 0.009247 0.008088 0.067251 0.286951 0.710162 1.245356 1.721752 2.011870 2.066065 1.866761 1.437301 0.899618 0.438833 
0.281727 0.103313 0.048679 0.033458 0.021334 0.011585 0.006933 0.004794 0.002840 0.001149 0.000128 -0.000639 -0.001036 0.001200 0.007148 0.010088 0.004923 0.023865 0.154348 0.478838 0.974435 1.498872 1.893199 2.069556 1.996642 1.673180 1.170417 0.652455 
0.445870 0.172764 0.065796 0.038412 0.027054 0.015992 0.008784 0.005695 0.003789 0.001936 0.000581 -0.000294 -0.001025 -0.000315 0.004130 0.009312 0.006505 0.005916 0.070010 0.293773 0.714140 1.242983 1.717790 2.010580 2.064338 1.861776 1.433955 0.903184 
0.658423 0.287420 0.103923 0.046128 0.031713 0.021264 0.011890 0.006908 0.004665 0.002828 0.001197 0.000104 -0.000759 -0.000994 0.001628 0.007174 0.008270 0.002029 0.023941 0.159625 0.484889 0.975159 1.495140 1.890501 2.068418 1.993156 1.668379 1.170413 
0.906482 0.452391 0.176096 0.064458 0.035961 0.026173 0.016235 0.008953 0.005590 0.003708 0.001966 0.000603 -0.000381 -0.001094 -0.000044 0.004497 0.008459 0.003848 0.004115 0.072823 0.300095 0.717854 1.241081 1.714199 2.008874 2.062205 1.857186 1.431096 
