0.020603 0.010113 0.003458 0.001318 0.003044 0.009814 0.028036 0.008354 0.655629 1.358558 1.490198 1.710445 1.904808 2.077399 1.503777 0.813458 0.674782 0.458954 0.275421 0.145519 0.068071 0.030818 0.019925 0.023680 0.032562 0.039122 0.038963 0.031725 
0.026367 0.015078 0.006263 0.001864 0.001624 0.005398 0.020578 -0.021121 0.286828 1.039321 1.454546 1.596402 1.810605 2.039103 1.844520 1.131434 0.714464 0.569671 0.361818 0.203840 0.101004 0.045285 0.022808 0.020567 0.027946 0.036407 0.039905 0.036029 
0.031661 0.020670 0.010240 0.003528 0.001233 0.002548 0.015830 -0.018570 0.083217 0.656370 1.285098 1.538037 1.698088 1.950403 2.000660 1.501876 0.887431 0.628998 0.466569 0.276265 0.146031 0.068122 0.030704 0.019822 0.023587 0.032419 0.038927 0.038789 
0.035904 0.026372 0.015188 0.006376 0.001879 0.000917 0.011421 -0.006901 -0.005649 0.336859 0.990747 1.440860 1.618102 1.831108 2.022476 1.792812 1.179631 0.729963 0.543525 0.369405 0.204123 0.101275 0.045224 0.022689 0.020472 0.027832 0.036233 0.039710 
0.038620 0.031599 0.020735 0.010364 0.003637 0.000460 0.007254 0.002838 -0.028827 0.124816 0.657078 1.245594 1.544300 1.723722 1.954459 1.957928 1.499972 0.928126 0.619523 0.455143 0.282309 0.145872 0.068230 0.030592 0.019712 0.023488 0.032275 0.038735 
0.039520 0.035781 0.026376 0.015291 0.006550 0.001204 0.003935 0.007450 -0.022873 0.012749 0.363767 0.965933 1.420515 1.638259 1.850087 1.999237 1.764907 1.204714 0.748358 0.528847 0.366980 0.208141 0.100876 0.045238 0.022564 0.020371 0.027714 0.036061 
0.038546 0.038455 0.031538 0.020792 0.010562 0.003160 0.002015 0.007758 -0.009718 -0.028896 0.152849 0.658377 1.217251 1.544559 1.748461 1.952547 1.926406 1.498687 0.955243 0.620197 0.444121 0.284148 0.148059 0.067771 0.030561 0.019591 0.023384 0.032131 
0.035891 0.039334 0.035662 0.026372 0.015468 0.006293 0.001766 0.005907 0.000577 -0.031758 0.029182 0.382043 0.948953 1.403091 1.654211 1.864881 1.978964 1.744878 1.221173 0.764760 0.521217 0.361635 0.211123 0.101735 0.044833 0.022513 0.020255 0.027593 
0.031985 0.038360 0.038294 0.031469 0.020913 0.010482 0.003197 0.003887 0.005522 -0.019732 -0.025363 0.173990 0.659168 1.195759 1.543868 1.768111 1.949720 1.901783 1.496921 0.975456 0.624436 0.435612 0.283242 0.150578 0.067842 0.030258 0.019531 0.023265 
0.027460 0.035722 0.039152 0.035537 0.026416 0.015493 0.006145 0.002985 0.006326 -0.006651 -0.036585 0.043638 0.395501 0.936030 1.389335 1.666396 1.875927 1.962406 1.728948 1.232824 0.779156 0.517608 0.355917 0.212558 0.103268 0.044550 0.022312 0.020182 
0.023172 0.031832 0.038179 0.038129 0.031433 0.020969 0.010333 0.003772 0.005269 0.001917 -0.027443 -0.020336 0.190800 0.659426 1.179149 1.543101 1.783073 1.946853 1.882089 1.494649 0.991329 0.630134 0.429376 0.280962 0.152623 0.068468 0.029894 0.019402 
0.020090 0.027340 0.035550 0.038969 0.035432 0.026447 0.015407 0.006294 0.004320 0.005522 -0.013417 -0.038921 0.056387 0.405826 0.925829 1.378610 1.675598 1.884009 1.948923 1.715779 1.241349 0.791821 0.516456 0.350643 0.212777 0.104935 0.044577 0.022002 
0.019182 0.023083 0.031685 0.037994 0.037976 0.031409 0.020935 0.010284 0.004662 0.005981 -0.002278 -0.033309 -0.014701 0.204563 0.659369 1.166158 1.542377 1.794308 1.944063 1.866060 1.492088 1.004143 0.636407 0.424956 0.278087 0.154012 0.069427 0.029636 
0.021678 0.019941 0.027233 0.035378 0.038790 0.035346 0.026427 0.015306 0.006725 0.005486 0.003873 -0.019473 -0.039648 0.067669 0.413996 0.917675 1.370196 1.682496 1.889806 1.937794 1.704695 1.247726 0.802994 0.516877 0.346060 0.212156 0.106451 0.044899 
0.029550 0.018903 0.022970 0.031548 0.037808 0.037838 0.031366 0.020846 0.010398 0.005670 0.006061 -0.006640 -0.037727 -0.008896 0.216060 0.659198 1.155897 1.541672 1.802671 1.941326 1.852804 1.489437 1.014682 0.642816 0.421955 0.275039 0.154782 0.070520 
0.045434 0.021412 0.019735 0.027122 0.035212 0.038619 0.035262 0.026354 0.015260 0.007357 0.006364 0.001678 -0.024779 -0.039314 0.077688 0.420645 0.911133 1.363516 1.687616 1.893843 1.928442 1.695261 1.252591 0.812880 0.518326 0.342209 0.210994 0.107695 
0.071610 0.029636 0.018610 0.022818 0.031416 0.037631 0.037710 0.031292 0.020744 0.010677 0.006659 0.005613 -0.010935 -0.041013 -0.003157 0.225824 0.659050 1.147723 1.540951 1.808824 1.938605 1.841680 1.486834 1.023478 0.649129 0.420059 0.272051 0.155035 
0.108632 0.046098 0.021237 0.019487 0.026991 0.035056 0.038460 0.035165 0.026246 0.015303 0.008104 0.006919 -0.000847 -0.029374 -0.038276 0.086623 0.426206 0.905887 1.358137 1.691353 1.896515 1.920432 1.687159 1.256375 0.821661 0.520448 0.339052 0.209507 
0.154881 0.072614 0.029868 0.018339 0.022626 0.031280 0.037468 0.037583 0.031184 0.020667 0.011094 0.007547 0.004745 -0.015039 -0.043414 0.002393 0.234241 0.659005 1.141166 1.540188 1.813265 1.935876 1.832214 1.484357 1.030920 0.655222 0.419020 0.269246 
0.207845 0.109272 0.046820 0.021164 0.019221 0.026834 0.034908 0.038312 0.035048 0.026124 0.015445 0.008897 0.007161 -0.003549 -0.033326 -0.036774 0.094632 0.430978 0.901694 1.353745 1.694002 1.898116 1.913449 1.680147 1.259378 0.829493 0.523001 0.336519 
0.266687 0.154419 0.073489 0.030211 0.018113 0.022401 0.031134 0.037318 0.037450 0.031049 0.020636 0.011612 0.008289 0.003559 -0.018891 -0.045124 0.007692 0.241598 0.659105 1.135873 1.539369 1.816367 1.933121 1.824054 1.482049 1.037294 0.661034 0.418646 
0.334534 0.206114 0.109642 0.047548 0.021189 0.018956 0.026649 0.034764 0.038171 0.034909 0.026006 0.015681 0.009682 0.007120 -0.006322 -0.036712 -0.034975 0.101852 0.435172 0.898364 1.350107 1.695790 1.898873 1.907260 1.674032 1.261812 0.836516 0.525821 
0.418786 0.264398 0.153733 0.074213 0.030627 0.017944 0.022156 0.030974 0.037178 0.037309 0.030899 0.020662 0.012196 0.008866 0.002138 -0.022466 -0.046295 0.012714 0.248114 0.659367 1.131580 1.538489 1.818412 1.930336 1.816934 1.479926 1.042819 0.666543 
0.528796 0.333024 0.204386 0.109780 0.048243 0.021298 0.018706 0.026440 0.034619 0.038032 0.034752 0.025909 0.015997 0.010423 0.006832 -0.009095 -0.039606 -0.032992 0.108399 0.438940 0.895745 1.347053 1.696887 1.898957 1.901693 1.668662 1.263827 0.842847 
0.671746 0.419322 0.262382 0.152890 0.074783 0.031086 0.017835 0.021900 0.030800 0.037042 0.037158 0.030745 0.020749 0.012815 0.009274 0.000551 -0.025759 -0.047043 0.017458 0.253956 0.659794 1.128085 1.537548 1.819616 1.927519 1.810651 1.477991 1.047663 
0.848585 0.531848 0.331919 0.202709 0.109724 0.048881 0.021475 0.018483 0.026214 0.034470 0.037891 0.034584 0.025842 0.016378 0.011094 0.006335 -0.011819 -0.042077 -0.030904 0.114374 0.442388 0.893713 1.344455 1.697429 1.898501 1.896620 1.663912 1.265530 
1.051955 0.676653 0.420163 0.260630 0.151943 0.075204 0.031563 0.017783 0.021645 0.030611 0.036903 0.036997 0.030597 0.020894 0.013442 0.009519 -0.001148 -0.028781 -0.047461 0.021932 0.259253 0.660380 1.125231 1.536546 1.820144 1.924672 1.805047 1.476236 
1.267001 0.853817 0.534922 0.331158 0.201112 0.109508 0.049448 0.021704 0.018293 0.025976 0.034312 0.037744 0.034410 0.025812 0.016807 0.011682 0.005667 -0.014464 -0.044185 -0.028764 0.119859 0.445596 0.892169 1.342217 1.697519 1.897609 1.891943 1.659683 
