0.001668 0.000248 0.000021 0.000181 0.001085 0.004746 0.014992 -0.024431 0.583779 1.227916 1.295319 1.474663 1.682033 1.933526 1.484842 0.920923 0.865867 0.671504 0.458722 0.277123 0.150696 0.078105 0.043744 0.029711 0.022942 0.017026 0.010709 0.005180 
0.003167 0.000753 0.000036 0.000030 0.000414 0.002332 0.012562 -0.042092 0.236952 0.939648 1.290667 1.376243 1.573838 1.848782 1.760147 1.178281 0.870298 0.778544 0.564315 0.362525 0.207097 0.108646 0.057264 0.035003 0.025819 0.019956 0.013844 0.007769 
0.005239 0.001717 0.000244 -0.000036 0.000102 0.000758 0.010982 -0.031566 0.050095 0.583801 1.153727 1.343044 1.463205 1.729200 1.858016 1.482923 0.993657 0.818561 0.678307 0.459745 0.278352 0.151369 0.078194 0.043496 0.029386 0.022695 0.016913 0.010712 
0.007808 0.003228 0.000778 0.000003 -0.000025 -0.000201 0.008570 -0.014757 -0.026751 0.286432 0.890289 1.276496 1.398332 1.595662 1.833676 1.709100 1.225790 0.884296 0.751150 0.571597 0.363325 0.208097 0.109013 0.057153 0.034691 0.025520 0.019773 0.013793 
0.010713 0.005297 0.001765 0.000239 -0.000048 -0.000663 0.005632 -0.001795 -0.041786 0.091350 0.583796 1.113519 1.349219 1.489736 1.734788 1.816470 1.481002 1.033158 0.807602 0.666069 0.465941 0.278887 0.152095 0.078295 0.043254 0.029061 0.022448 0.016798 
0.013741 0.007846 0.003288 0.000800 0.000039 -0.000767 0.002910 0.004811 -0.030576 -0.008495 0.312786 0.864704 1.255694 1.418893 1.615939 1.811911 1.681832 1.250211 0.901235 0.735246 0.568850 0.367830 0.208412 0.109460 0.057049 0.034381 0.025220 0.019590 
0.016682 0.010713 0.005354 0.001807 0.000314 -0.000642 0.000902 0.006302 -0.014144 -0.041827 0.119031 0.584389 1.084494 1.349415 1.515367 1.734371 1.786096 1.479702 1.059121 0.806830 0.654238 0.467904 0.281742 0.152248 0.078487 0.043012 0.028736 0.022198 
0.019404 0.013687 0.007882 0.003339 0.000898 -0.000354 -0.000267 0.004977 -0.001853 -0.039317 0.007787 0.330507 0.846969 1.237839 1.435261 1.632008 1.793071 1.662418 1.266030 0.916226 0.726411 0.563169 0.371271 0.209970 0.109491 0.057031 0.034065 0.024919 
0.021948 0.016564 0.010711 0.005400 0.001913 0.000114 -0.000716 0.002787 0.004231 -0.023956 -0.038277 0.139812 0.584478 1.062344 1.348683 1.535907 1.733002 1.762585 1.477921 1.078217 0.809658 0.644920 0.467098 0.284907 0.152928 0.078417 0.042841 0.028402 
0.024609 0.019218 0.013633 0.007908 0.003437 0.000847 -0.000632 0.000893 0.005490 -0.008877 -0.044008 0.022081 0.343409 0.833307 1.223678 1.447873 1.644307 1.777903 1.647084 1.277063 0.929252 0.721618 0.557100 0.373137 0.212187 0.109647 0.056874 0.033801 
0.028100 0.021688 0.016447 0.010701 0.005476 0.001955 -0.000150 -0.000249 0.004185 0.000789 -0.031471 -0.033243 0.156257 0.584042 1.045099 1.347897 1.551752 1.731559 1.743970 1.475635 1.093008 0.813980 0.637880 0.464896 0.287573 0.154156 0.078294 0.042614 
0.033528 0.024314 0.019026 0.013573 0.007950 0.003521 0.000689 -0.000608 0.002174 0.004780 -0.015443 -0.046217 0.034660 0.353177 0.822382 1.212573 1.457511 1.653621 1.765773 1.634492 1.284990 0.940586 0.719302 0.551464 0.373762 0.214524 0.110117 0.056620 
0.042306 0.027808 0.021435 0.016320 0.010697 0.005561 0.001909 -0.000310 0.000539 0.004915 -0.003245 -0.037148 -0.027609 0.169648 0.583300 1.031494 1.347172 1.563865 1.730159 1.728986 1.473061 1.104775 0.818909 0.632659 0.462075 0.289562 0.155711 0.078286 
0.056363 0.033207 0.024035 0.018831 0.013510 0.008006 0.003553 0.000518 -0.000298 0.003290 0.003228 -0.021303 -0.046826 0.045762 0.360791 0.813521 1.203802 1.464855 1.660629 1.755961 1.623968 1.290789 0.950464 0.718579 0.546509 0.373523 0.216693 0.110882 
0.078457 0.041951 0.027499 0.021192 0.016189 0.010704 0.005625 0.001808 -0.000304 0.001449 0.005016 -0.007446 -0.041385 -0.021817 0.180768 0.582452 1.020641 1.346485 1.573099 1.728780 1.716747 1.470400 1.114296 0.824006 0.628863 0.459063 0.290910 0.157393 
0.111862 0.056173 0.032837 0.023755 0.018639 0.013451 0.008060 0.003531 0.000404 0.000218 0.004121 0.001129 -0.026417 -0.046383 0.055593 0.366885 0.806287 1.196787 1.470428 1.665855 1.747890 1.615078 1.295094 0.959091 0.718903 0.542276 0.372719 0.218575 
0.159065 0.078806 0.041592 0.027157 0.020954 0.016062 0.010714 0.005654 0.001696 -0.000129 0.002345 0.004591 -0.011583 -0.044495 -0.016099 0.190150 0.581635 1.011897 1.345799 1.580117 1.727388 1.706610 1.467785 1.122105 0.829036 0.626175 0.456092 0.291719 
0.220135 0.112971 0.056085 0.032437 0.023459 0.018455 0.013399 0.008097 0.003473 0.000382 0.000854 0.004633 -0.001299 -0.030825 -0.045245 0.064333 0.371892 0.800365 1.191094 1.474622 1.669696 1.741130 1.607504 1.298336 0.966644 0.719919 0.538728 0.371566 
0.292101 0.160644 0.079308 0.041267 0.026783 0.020712 0.015945 0.010721 0.005647 0.001609 0.000188 0.003143 0.003749 -0.015531 -0.046729 -0.010580 0.198181 0.580930 1.004789 1.345087 1.585415 1.725956 1.698105 1.465299 1.128587 0.833875 0.624351 0.453287 
0.370219 0.221382 0.114138 0.056109 0.032027 0.023140 0.018276 0.013352 0.008110 0.003399 0.000461 0.001539 0.004836 -0.003904 -0.034594 -0.043652 0.072138 0.376112 0.795513 1.186409 1.477736 1.672447 1.735365 1.601005 1.300812 0.973282 0.721385 0.535798 
0.450711 0.292154 0.162084 0.079926 0.040997 0.026382 0.020460 0.015838 0.010718 0.005611 0.001569 0.000611 0.003801 0.002590 -0.019229 -0.048278 -0.005321 0.205149 0.580380 0.998965 1.344334 1.589367 1.724473 1.690880 1.462982 1.134029 0.838462 0.623197 
0.533410 0.368782 0.222344 0.115309 0.056240 0.031626 0.022797 0.018099 0.013308 0.008097 0.003330 0.000638 0.002222 0.004759 -0.006580 -0.037802 -0.041770 0.079147 0.379757 0.791539 1.182496 1.479992 1.674334 1.730364 1.595391 1.302735 0.979140 0.723137 
0.622562 0.448390 0.291964 0.163366 0.080623 0.040793 0.025967 0.020195 0.015735 0.010701 0.005556 0.001587 0.001103 0.004298 0.001200 -0.022652 -0.049295 -0.000347 0.211273 0.580001 0.994161 1.343533 1.592254 1.722931 1.684670 1.460852 1.138646 0.842772 
0.725061 0.531490 0.367328 0.223059 0.116446 0.056463 0.031251 0.022433 0.017919 0.013261 0.008062 0.003280 0.000897 0.002864 0.004439 -0.009255 -0.040523 -0.039712 0.085477 0.382979 0.788291 1.179186 1.481562 1.675529 1.725957 1.590507 1.304253 0.984334 
0.846801 0.622331 0.446328 0.291597 0.164485 0.081367 0.040660 0.025549 0.019916 0.015633 0.010669 0.005495 0.001667 0.001633 0.004630 -0.000355 -0.025795 -0.049896 0.004339 0.216720 0.579798 0.990172 1.342682 1.594292 1.721331 1.679275 1.458909 1.142607 
0.988964 0.727078 0.529971 0.365907 0.223565 0.117526 0.056763 0.030912 0.022056 0.017733 0.013207 0.008011 0.003260 0.001223 0.003441 0.003915 -0.011880 -0.042825 -0.037559 0.091227 0.385884 0.785645 1.176350 1.482579 1.676166 1.722016 1.586232 1.305473 
1.146039 0.850559 0.622410 0.444516 0.291110 0.165447 0.082133 0.040593 0.025138 0.019624 0.015524 0.010623 0.005438 0.001806 0.002175 0.004804 -0.002019 -0.028669 -0.050175 0.008747 0.221620 0.579762 0.986843 1.341784 1.595646 1.719677 1.674537 1.457148 
1.306474 0.993114 0.729135 0.528792 0.364548 0.223897 0.118532 0.057122 0.030614 0.021671 0.017536 0.013142 0.007951 0.003275 0.001599 0.003939 0.003222 -0.014426 -0.044771 -0.035363 0.096482 0.388553 0.783503 1.173890 1.483147 1.676349 1.718446 1.582466 
