0.114863 0.116025 0.062309 0.673534 1.347009 1.459798 1.671414 1.865777 2.046999 1.492229 0.831363 0.728737 0.546587 0.383575 0.253672 0.155704 0.084773 0.037829 0.012132 0.002162 0.000091 -0.000068 0.001326 0.009049 0.027975 0.057212 0.088108 0.107059 
0.112073 0.119289 0.051038 0.322472 1.041424 1.432270 1.560508 1.770496 2.003209 1.822244 1.133537 0.750130 0.641436 0.461816 0.314559 0.201002 0.117050 0.058474 0.022670 0.005670 0.000513 -0.000205 0.000136 0.004092 0.017168 0.041846 0.073303 0.099027 
0.106706 0.120762 0.068650 0.137555 0.674484 1.273766 1.507693 1.658972 1.911287 1.970316 1.490543 0.905582 0.683046 0.554036 0.384058 0.253824 0.155590 0.084753 0.037973 0.012255 0.002074 -0.000190 -0.000327 0.001318 0.009335 0.028358 0.057509 0.087315 
0.097995 0.118203 0.091278 0.066287 0.372871 0.993063 1.418730 1.582183 1.790895 1.986557 1.770679 1.181985 0.765817 0.615256 0.469124 0.314457 0.200994 0.116955 0.058543 0.022827 0.005699 0.000315 -0.000503 -0.000014 0.004240 0.017525 0.042260 0.073022 
0.086169 0.111343 0.107566 0.057938 0.179255 0.675524 1.234443 1.514016 1.684526 1.915263 1.927640 1.488850 0.946518 0.673660 0.542447 0.389749 0.253312 0.155534 0.084729 0.038105 0.012367 0.001987 -0.000461 -0.000575 0.001313 0.009603 0.028800 0.057626 
0.072125 0.100776 0.114129 0.074934 0.084478 0.400040 0.968527 1.398505 1.602323 1.809778 1.963297 1.742914 1.207314 0.784394 0.600543 0.466424 0.318097 0.200321 0.116935 0.058600 0.022970 0.005721 0.000121 -0.000789 -0.000156 0.004376 0.017918 0.042629 
0.057131 0.087460 0.111693 0.094770 0.057534 0.207325 0.677132 1.206308 1.514322 1.709194 1.913277 1.896176 1.487773 0.973869 0.674419 0.531263 0.391239 0.255150 0.154913 0.084782 0.038217 0.012469 0.001900 -0.000723 -0.000813 0.001303 0.009886 0.029276 
0.042520 0.072522 0.102529 0.107073 0.065732 0.100739 0.418517 0.951832 1.381209 1.618254 1.824484 1.943007 1.723024 1.224011 0.800972 0.592877 0.460810 0.320708 0.200909 0.116493 0.058726 0.023093 0.005739 -0.000067 -0.001064 -0.000297 0.004515 0.018377 
0.029440 0.057154 0.089117 0.109261 0.084499 0.060791 0.228484 0.678200 1.185037 1.513678 1.728777 1.910384 1.871611 1.486209 0.994310 0.678739 0.522594 0.389992 0.257328 0.154824 0.084561 0.038384 0.012552 0.001814 -0.000976 -0.001044 0.001291 0.010238 
0.018666 0.042499 0.073609 0.102734 0.099620 0.060616 0.115048 0.432145 0.939186 1.367591 1.630417 1.835447 1.926436 1.707231 1.235895 0.815539 0.589231 0.454825 0.321779 0.202176 0.116172 0.058695 0.023253 0.005743 -0.000248 -0.001330 -0.000440 0.004710 
0.010520 0.029510 0.057723 0.090310 0.105435 0.076522 0.065576 0.245309 0.678709 1.168652 1.512965 1.743672 1.907456 1.851978 1.484135 1.010403 0.684513 0.516199 0.387377 0.259038 0.155291 0.084273 0.038476 0.012657 0.001721 -0.001219 -0.001275 0.001319 
0.004894 0.018827 0.042767 0.074835 0.101716 0.092608 0.058008 0.127671 0.442621 0.929248 1.357011 1.639601 1.843450 1.912944 1.694197 1.244647 0.828369 0.588039 0.449290 0.321640 0.203582 0.116160 0.058550 0.023388 0.005759 -0.000429 -0.001593 -0.000557 
0.001363 0.010705 0.029664 0.058617 0.090849 0.101005 0.070385 0.070993 0.259085 0.678884 1.155882 1.512301 1.754845 1.904609 1.836011 1.481768 1.023432 0.690859 0.511622 0.384172 0.260097 0.156093 0.084089 0.038470 0.012763 0.001636 -0.001463 -0.001488 
-0.000648 0.005027 0.018959 0.043311 0.075908 0.099855 0.086292 0.057019 0.138840 0.450928 0.921344 1.348745 1.646488 1.849173 1.901811 1.683248 1.251245 0.839702 0.588420 0.444449 0.320669 0.204840 0.116442 0.058386 0.023461 0.005786 -0.000607 -0.001847 
-0.001680 0.001394 0.010826 0.029968 0.059635 0.090767 0.096400 0.065694 0.076594 0.270596 0.678929 1.145836 1.511661 1.763150 1.901820 1.822819 1.479308 1.034178 0.697338 0.508466 0.380800 0.260543 0.157030 0.084072 0.038400 0.012840 0.001562 -0.001702 
-0.002087 -0.000731 0.005106 0.019132 0.044052 0.076703 0.097448 0.080718 0.057100 0.148756 0.457706 0.915039 1.342212 1.651603 1.853141 1.892456 1.673947 1.256326 0.849742 0.589828 0.440345 0.319162 0.205831 0.116936 0.058273 0.023470 0.005808 -0.000776 
-0.001928 -0.001856 0.001395 0.010926 0.030428 0.060638 0.090162 0.091855 0.062135 0.082142 0.280376 0.678984 1.137872 1.511010 1.769251 1.899051 1.811760 1.476891 1.043177 0.703716 0.506416 0.377494 0.260478 0.157967 0.084224 0.038309 0.012875 0.001494 
-0.000933 -0.002309 -0.000821 0.005145 0.019385 0.044907 0.077182 0.094711 0.075850 0.057891 0.157597 0.463389 0.910020 1.336981 1.655339 1.855747 1.884447 1.665977 1.260321 0.858671 0.591907 0.436937 0.317335 0.206518 0.117558 0.058247 0.023434 0.005809 
0.001423 -0.002135 -0.002024 0.001365 0.011043 0.031019 0.061544 0.089143 0.087499 0.059460 0.087510 0.288810 0.679131 1.131518 1.510320 1.773647 1.896277 1.802359 1.474598 1.050815 0.709872 0.505225 0.374377 0.260012 0.158819 0.084518 0.038235 0.012867 
0.005782 -0.001078 -0.002514 -0.000927 0.005167 0.019728 0.045805 0.077354 0.091798 0.071624 0.059151 0.165518 0.468278 0.906044 1.332735 1.657994 1.857290 1.877468 1.659095 1.263530 0.866648 0.594417 0.434158 0.315341 0.206911 0.118237 0.058319 0.023374 
0.012822 0.001342 -0.002324 -0.002191 0.001309 0.011198 0.031704 0.062307 0.087809 0.083393 0.057479 0.092633 0.296185 0.679415 1.126422 1.509577 1.776710 1.893483 1.794265 1.472470 1.057381 0.715743 0.504699 0.371510 0.259242 0.159542 0.084920 0.038201 
0.023309 0.005725 -0.001217 -0.002705 -0.001051 0.005191 0.020157 0.046693 0.077246 0.088815 0.067963 0.060714 0.172654 0.472585 0.902923 1.329241 1.659792 1.857993 1.871285 1.653109 1.266165 0.873809 0.597193 0.431931 0.313283 0.207039 0.118919 0.058482 
0.038217 0.012753 0.001248 -0.002498 -0.002361 0.001238 0.011405 0.032451 0.062905 0.086243 0.079565 0.056039 0.097485 0.302719 0.679855 1.122319 1.508774 1.778721 1.890662 1.787212 1.470524 1.063092 0.721308 0.504689 0.368918 0.258253 0.160116 0.085392 
0.058726 0.023256 0.005643 -0.001353 -0.002889 -0.001189 0.005231 0.020660 0.047535 0.076895 0.085833 0.064794 0.062465 0.179122 0.476460 0.900504 1.326329 1.660905 1.858029 1.865726 1.647867 1.268376 0.880274 0.600123 0.430182 0.311234 0.206938 0.119569 
0.085904 0.038289 0.012670 0.001140 -0.002664 -0.002536 0.001163 0.011667 0.033227 0.063336 0.084514 0.076018 0.055023 0.102064 0.308579 0.680452 1.119008 1.507910 1.779897 1.887814 1.780996 1.468761 1.068116 0.726563 0.505077 0.366605 0.257112 0.160538 
0.120161 0.059033 0.023224 0.005542 -0.001491 -0.003069 -0.001335 0.005299 0.021222 0.048305 0.076338 0.082902 0.062049 0.064324 0.185020 0.480013 0.898666 1.323870 1.661465 1.857531 1.860665 1.643243 1.270271 0.886142 0.603128 0.428841 0.309240 0.206646 
0.160812 0.086430 0.038413 0.012584 0.001019 -0.002828 -0.002715 0.001095 0.011982 0.034007 0.063604 0.082675 0.072744 0.054340 0.106377 0.313894 0.681201 1.116334 1.506989 1.780402 1.884941 1.775460 1.467176 1.072585 0.731520 0.505771 0.364560 0.255873 
0.206199 0.120681 0.059387 0.023220 0.005428 -0.001634 -0.003250 -0.001483 0.005400 0.021825 0.048990 0.075610 0.080051 0.059669 0.066239 0.190431 0.483322 0.897308 1.321769 1.661578 1.856602 1.856002 1.639138 1.271929 0.891500 0.606155 0.427849 0.307332 
