0.067983 0.100833 0.161294 0.218051 0.959221 1.733962 1.865826 1.983922 1.988270 1.944124 1.203706 0.445540 0.336275 0.206372 0.117157 0.059743 0.025590 0.008174 0.001585 0.000139 -0.000020 0.000749 0.005091 0.015736 0.032182 0.049561 0.060814 0.058068 
0.060801 0.081249 0.129570 0.147128 0.543762 1.384674 1.840934 1.932844 1.996236 2.012745 1.618541 0.785176 0.351641 0.270071 0.157234 0.085008 0.040166 0.015159 0.003881 0.000460 -0.000079 0.000083 0.002303 0.009657 0.023538 0.041196 0.056445 0.059525 
0.059077 0.068085 0.105590 0.116579 0.293985 0.960491 1.659617 1.911443 1.969253 2.033090 1.868760 1.204317 0.521422 0.290812 0.213068 0.116872 0.059636 0.025565 0.008171 0.001499 -0.000034 -0.000170 0.000743 0.005251 0.015954 0.032282 0.049732 0.058858 
0.058975 0.061251 0.086714 0.102341 0.164313 0.594631 1.335971 1.825612 1.952097 2.015055 1.996443 1.568949 0.835755 0.368295 0.243540 0.163688 0.084371 0.040111 0.015155 0.003844 0.000325 -0.000255 -0.000004 0.002385 0.009864 0.023696 0.041457 0.055372 
0.057901 0.058747 0.073148 0.092245 0.107409 0.337011 0.961593 1.619220 1.915522 1.992645 2.036402 1.827357 1.204849 0.563997 0.281692 0.200774 0.121805 0.058843 0.025574 0.008160 0.001413 -0.000201 -0.000315 0.000739 0.005409 0.016137 0.032571 0.049299 
0.054593 0.057962 0.064806 0.082649 0.086670 0.184121 0.622551 1.310924 1.803653 1.969868 2.032409 1.973521 1.543091 0.863161 0.387849 0.228524 0.160167 0.087468 0.039362 0.015209 0.003799 0.000192 -0.000425 -0.000087 0.002470 0.010038 0.023979 0.041425 
0.048888 0.056672 0.060479 0.073904 0.079684 0.108245 0.366403 0.963344 1.589923 1.913647 2.015207 2.033776 1.797121 1.205931 0.592967 0.282752 0.188932 0.122552 0.060381 0.024992 0.008220 0.001321 -0.000363 -0.000454 0.000739 0.005542 0.016391 0.032750 
0.041355 0.053551 0.058223 0.067068 0.075848 0.078191 0.201801 0.641847 1.293710 1.784599 1.983499 2.045630 1.953558 1.525046 0.881888 0.405413 0.220602 0.153764 0.089529 0.039849 0.014825 0.003827 0.000053 -0.000588 -0.000163 0.002537 0.010244 0.024240 
0.032910 0.048231 0.056097 0.062389 0.071865 0.069843 0.112639 0.388808 0.964601 1.567464 1.910846 2.032750 2.030259 1.773745 1.206464 0.615004 0.287405 0.179647 0.120574 0.062238 0.024919 0.007998 0.001293 -0.000530 -0.000585 0.000732 0.005685 0.016654 
0.024510 0.041095 0.052728 0.059142 0.067647 0.068771 0.073854 0.217411 0.656286 1.280558 1.769215 1.993415 2.055156 1.937301 1.511039 0.895754 0.420973 0.216743 0.147022 0.090047 0.040990 0.014545 0.003702 -0.000034 -0.000754 -0.000239 0.002605 0.010463 
0.016941 0.032953 0.047547 0.056131 0.063725 0.068423 0.062411 0.118521 0.406804 0.965311 1.549891 1.907998 2.045664 2.026729 1.755260 1.206429 0.632673 0.293542 0.172679 0.117243 0.063610 0.025380 0.007705 0.001201 -0.000659 -0.000719 0.000724 0.005834 
0.010706 0.024729 0.040715 0.052276 0.060171 0.066924 0.062203 0.072072 0.231263 0.667539 1.270126 1.756877 2.000396 2.061767 1.924113 1.499737 0.906444 0.434801 0.215380 0.140759 0.089351 0.042248 0.014559 0.003465 -0.000132 -0.000896 -0.000321 0.002675 
0.006001 0.017221 0.032876 0.047001 0.056524 0.064336 0.064369 0.056893 0.125017 0.421688 0.965678 1.535943 1.905223 2.054905 2.023299 1.740402 1.206045 0.647256 0.300277 0.167568 0.113335 0.064317 0.026153 0.007506 0.001021 -0.000774 -0.000843 0.000711 
0.002752 0.010963 0.024867 0.040322 0.052157 0.061023 0.065308 0.056376 0.071946 0.243611 0.676584 1.261730 1.746869 2.005119 2.066138 1.913273 1.490467 0.914939 0.447136 0.215626 0.135221 0.087822 0.043337 0.014850 0.003210 -0.000278 -0.001018 -0.000401 
0.000701 0.006186 0.017462 0.032723 0.046651 0.057062 0.064278 0.060136 0.052873 0.131691 0.434255 0.965896 1.524731 1.902502 2.061324 2.019945 1.728286 1.205515 0.659537 0.307169 0.163917 0.109277 0.064397 0.027040 0.007467 0.000785 -0.000905 -0.000953 
-0.000472 0.002842 0.011213 0.024927 0.039991 0.052276 0.061580 0.063112 0.051320 0.072918 0.254671 0.684059 1.254930 1.738617 2.008109 2.068789 1.904202 1.482796 0.921876 0.458182 0.216935 0.130448 0.085757 0.044137 0.015337 0.003008 -0.000474 -0.001138 
-0.001053 0.000704 0.006377 0.017652 0.032548 0.046493 0.057600 0.063664 0.055962 0.050022 0.138308 0.445045 0.966101 1.515610 1.899801 2.065579 2.016626 1.718270 1.204979 0.670050 0.313983 0.161407 0.105298 0.063954 0.027906 0.007590 0.000538 -0.001065 
-0.001269 -0.000529 0.002946 0.011438 0.024933 0.039758 0.052539 0.061808 0.060563 0.046993 0.074623 0.264628 0.690400 1.249409 1.731689 2.009762 2.070111 1.896469 1.476410 0.927688 0.468119 0.218947 0.126400 0.083372 0.044616 0.015936 0.002895 -0.000705 
-0.001259 -0.001152 0.000724 0.006566 0.017790 0.032390 0.046496 0.058050 0.062613 0.051973 0.048084 0.144742 0.454451 0.966373 1.508108 1.897096 2.068169 2.013316 1.709882 1.204518 0.679182 0.320594 0.159790 0.101524 0.063097 0.028669 0.007848 0.000315 
-0.000949 -0.001421 -0.000572 0.003061 0.011630 0.024910 0.039633 0.052869 0.061719 0.057821 0.043323 0.076813 0.273642 0.695910 1.244923 1.725768 2.010372 2.070399 1.889756 1.471069 0.932676 0.477105 0.221422 0.123009 0.080821 0.044783 0.016577 0.002878 
0.000138 -0.001477 -0.001253 0.000762 0.006743 0.017886 0.032274 0.046618 0.058365 0.061229 0.048235 0.046860 0.150929 0.462765 0.966756 1.501871 1.894371 2.069463 2.009997 1.702772 1.204178 0.687221 0.326941 0.158872 0.098016 0.061928 0.029284 0.008204 
0.002954 -0.001188 -0.001592 -0.000605 0.003182 0.011789 0.024880 0.039611 0.053209 0.061343 0.054997 0.040231 0.079319 0.281852 0.700805 1.241282 1.720623 2.010165 2.069875 1.883830 1.466583 0.937055 0.485276 0.224192 0.120195 0.078209 0.044668 0.017208 
0.008624 0.000018 -0.001711 -0.001361 0.000812 0.006904 0.017951 0.032214 0.046823 0.058523 0.059602 0.044775 0.046194 0.156844 0.470207 0.967269 1.496636 1.891621 2.069744 2.006662 1.696674 1.203977 0.694388 0.332998 0.158500 0.094799 0.060530 0.029732 
0.017791 0.003109 -0.001406 -0.001779 -0.000633 0.003303 0.011917 0.024860 0.039678 0.053518 0.060720 0.052167 0.037642 0.082022 0.289375 0.705238 1.238332 1.716081 2.009312 2.068710 1.878519 1.462801 0.940976 0.492749 0.227144 0.117885 0.075608 0.044309 
0.030011 0.009075 -0.000043 -0.001947 -0.001476 0.000868 0.007047 0.018001 0.032213 0.047074 0.058519 0.057801 0.041596 0.045965 0.162481 0.476948 0.967917 1.492198 1.888843 2.069225 2.003309 1.691387 1.203920 0.700849 0.338761 0.158556 0.091874 0.058973 
0.043745 0.018303 0.003327 -0.001594 -0.001977 -0.000661 0.003419 0.012022 0.024863 0.039817 0.053770 0.059888 0.049381 0.035485 0.084842 0.296311 0.709319 1.235953 1.712014 2.007944 2.067036 1.873695 1.459600 0.944548 0.499626 0.230196 0.116009 0.073066 
0.057312 0.030127 0.009532 -0.000046 -0.002175 -0.001598 0.000924 0.007173 0.018045 0.032270 0.047346 0.058358 0.055885 0.038692 0.046078 0.167848 0.483117 0.968695 1.488403 1.886040 2.068070 1.999940 1.686755 1.204001 0.706736 0.344240 0.158947 0.089233 
0.070615 0.043012 0.018729 0.003589 -0.001745 -0.002177 -0.000691 0.003527 0.012111 0.024895 0.040009 0.053949 0.058885 0.046672 0.033700 0.087720 0.302745 0.713129 1.234045 1.708326 2.006165 2.064956 1.869261 1.456883 0.947852 0.505989 0.233294 0.114504 
