0.000134 0.000968 0.003898 0.012371 0.032710 0.075526 0.155288 0.285191 0.466409 0.614173 1.368405 2.046495 1.983299 1.865877 1.671514 1.521098 0.776275 0.085576 0.072745 0.035491 0.019584 0.012814 0.008773 0.005350 0.002559 0.000822 0.000120 -0.000038 
-0.000014 0.000379 0.001956 0.007047 0.020394 0.050404 0.109964 0.213899 0.374684 0.504478 0.958144 1.758539 2.064616 1.932786 1.770758 1.630710 1.182455 0.385176 0.038320 0.054310 0.025632 0.015458 0.010584 0.006983 0.003849 0.001560 0.000372 -0.000013 
-0.000062 0.000084 0.000874 0.003766 0.012163 0.032511 0.075564 0.155605 0.292675 0.421276 0.689398 1.367566 1.969842 2.027958 1.852286 1.718623 1.447659 0.777478 0.160919 0.026429 0.041606 0.019057 0.012610 0.008675 0.005334 0.002583 0.000847 0.000105 
-0.000034 -0.000049 0.000307 0.001844 0.006873 0.020171 0.050306 0.109708 0.221105 0.348785 0.520989 1.007597 1.707457 2.047522 1.952108 1.791410 1.616674 1.134168 0.435718 0.054191 0.027021 0.031683 0.014670 0.010448 0.006931 0.003858 0.001589 0.000378 
0.000097 -0.000089 0.000032 0.000784 0.003624 0.011953 0.032357 0.074929 0.161139 0.281145 0.412454 0.731315 1.366686 1.927194 2.031113 1.876717 1.724155 1.408153 0.778632 0.202999 0.016469 0.028718 0.023732 0.011716 0.008618 0.005316 0.002607 0.000868 
0.000385 -0.000052 -0.000087 0.000238 0.001730 0.006691 0.020015 0.049530 0.113194 0.218323 0.334371 0.540381 1.033898 1.680156 2.023835 1.969945 1.810536 1.595964 1.109619 0.463128 0.072992 0.011247 0.027741 0.017606 0.009622 0.006943 0.003864 0.001616 
0.000888 0.000092 -0.000117 -0.000020 0.000694 0.003471 0.011818 0.031626 0.076636 0.162485 0.270042 0.413784 0.759624 1.366392 1.895755 2.028333 1.900283 1.723684 1.379787 0.780361 0.231513 0.016705 0.016268 0.024203 0.013148 0.007976 0.005377 0.002625 
0.001634 0.000394 -0.000068 -0.000126 0.000170 0.001606 0.006580 0.019431 0.050004 0.115651 0.212645 0.327020 0.557765 1.051537 1.660710 2.003132 1.983631 1.825474 1.578162 1.092883 0.481899 0.089833 0.002565 0.020900 0.019495 0.010033 0.006525 0.003947 
0.002707 0.000899 0.000089 -0.000145 -0.000072 0.000595 0.003379 0.011406 0.031417 0.078676 0.161103 0.261473 0.418680 0.780999 1.365583 1.871213 2.024668 1.918791 1.722263 1.358252 0.781565 0.253134 0.020549 0.006366 0.021935 0.014896 0.007849 0.005161 
0.003879 0.001700 0.000395 -0.000083 -0.000165 0.000092 0.001527 0.006316 0.018959 0.051146 0.116570 0.206614 0.323705 0.573129 1.064334 1.645344 1.986160 1.993603 1.836660 1.564017 1.080185 0.495843 0.104701 -0.002052 0.013704 0.019829 0.011100 0.006218 
0.004880 0.002725 0.000941 0.000080 -0.000170 -0.000131 0.000527 0.003221 0.010925 0.031754 0.080242 0.158363 0.255198 0.425035 0.798007 1.364238 1.851599 2.020991 1.932637 1.720769 1.341582 0.782221 0.270423 0.025893 -0.001229 0.018296 0.016152 0.008260 
0.006211 0.003702 0.001752 0.000415 -0.000101 -0.000207 0.000032 0.001433 0.005940 0.018791 0.052417 0.116281 0.201048 0.322858 0.586746 1.073974 1.632721 1.972278 2.000643 1.844880 1.552894 1.070190 0.506645 0.117866 -0.004171 0.006973 0.018938 0.012283 
0.008988 0.004699 0.002654 0.000994 0.000080 -0.000201 -0.000182 0.000466 0.002971 0.010545 0.032416 0.081153 0.155043 0.250758 0.431963 0.811931 1.362577 1.835648 2.017418 1.942784 1.719321 1.328514 0.782547 0.284661 0.031852 -0.006974 0.014068 0.016738 
0.013298 0.006487 0.003512 0.001753 0.000451 -0.000119 -0.000250 -0.000013 0.001286 0.005548 0.018908 0.053533 0.115162 0.196193 0.323595 0.598857 1.081435 1.622167 1.960765 2.005428 1.850813 1.544074 1.062223 0.515282 0.129565 -0.004677 0.000953 0.017202 
0.016691 0.009834 0.004684 0.002528 0.001028 0.000092 -0.000235 -0.000221 0.000385 0.002663 0.010330 0.033203 0.081447 0.151567 0.247755 0.439028 0.823554 1.360800 1.822470 2.013922 1.950083 1.717896 1.318161 0.782744 0.296630 0.037985 -0.011268 0.009674 
0.014920 0.014023 0.006965 0.003378 0.001702 0.000487 -0.000130 -0.000286 -0.000060 0.001082 0.005209 0.019231 0.054372 0.113510 0.192089 0.325370 0.609668 1.087356 1.613247 1.951041 2.008480 1.854983 1.536981 1.055851 0.522388 0.140004 -0.004115 -0.004314 
0.005347 0.016115 0.010663 0.004835 0.002392 0.001028 0.000112 -0.000261 -0.000254 0.000268 0.002341 0.010282 0.033982 0.081226 0.148166 0.245872 0.445993 0.833412 1.359045 1.811422 2.010466 1.955197 1.716459 1.309882 0.782948 0.306862 0.044057 -0.014424 
-0.008867 0.012307 0.014426 0.007561 0.003334 0.001614 0.000508 -0.000132 -0.000313 -0.000122 0.000840 0.004959 0.019675 0.054902 0.111542 0.188695 0.327826 0.619358 1.092169 1.605645 1.942672 2.010193 1.857784 1.531183 1.050760 0.528397 0.149359 -0.002844 
-0.016692 0.001211 0.015119 0.011390 0.005126 0.002279 0.000994 0.000130 -0.000275 -0.000289 0.000114 0.002040 0.010373 0.034668 0.080601 0.144963 0.244861 0.452737 0.841892 1.357393 1.802031 2.007022 1.958621 1.714985 1.303206 0.783242 0.315743 0.049944 
-0.001105 -0.012774 0.009517 0.014515 0.008203 0.003392 0.001513 0.000507 -0.000125 -0.000333 -0.000209 0.000581 0.004809 0.020171 0.055131 0.109409 0.185943 0.330721 0.628088 1.096175 1.599119 1.935341 2.010861 1.859514 1.526366 1.046707 0.533607 0.157790 
0.055583 -0.018264 -0.002670 0.013804 0.011972 0.005520 0.002214 0.000932 0.000141 -0.000276 -0.000333 -0.000070 0.001784 0.010569 0.035218 0.079672 0.142020 0.244529 0.459197 0.849283 1.355889 1.793944 2.003574 1.960729 1.713459 1.297783 0.783667 0.323561 
0.165431 0.000936 -0.016112 0.006656 0.014321 0.008838 0.003544 0.001416 0.000482 -0.000114 -0.000347 -0.000321 0.000324 0.004752 0.020664 0.055089 0.107217 0.183755 0.333890 0.635994 1.099588 1.593477 1.928815 2.010708 1.860396 1.522299 1.043502 0.538230 
0.330532 0.060949 -0.019292 -0.006273 0.012254 0.012390 0.005982 0.002207 0.000853 0.000141 -0.000269 -0.000389 -0.000274 0.001584 0.010833 0.035613 0.078521 0.139360 0.244724 0.465351 0.855804 1.354548 1.786896 2.000115 1.961801 1.711878 1.293349 0.784241 
0.542416 0.172399 0.003166 -0.018955 0.003796 0.013880 0.009430 0.003779 0.001339 0.000438 -0.000101 -0.000362 -0.000455 0.000084 0.004776 0.021119 0.054813 0.105037 0.182056 0.337220 0.643195 1.102558 1.588568 1.922922 2.009904 1.860603 1.518813 1.040994 
0.784967 0.336823 0.066039 -0.019894 -0.009592 0.010538 0.012639 0.006479 0.002262 0.000770 0.000128 -0.000260 -0.000459 -0.000484 0.001442 0.011135 0.035849 0.077217 0.136988 0.245328 0.471195 0.861624 1.353376 1.780684 1.996642 1.962052 1.710240 1.289702 
1.039060 0.546273 0.178793 0.005505 -0.021372 0.000985 0.013232 0.009953 0.004079 0.001292 0.000380 -0.000093 -0.000382 -0.000604 -0.000128 0.004865 0.021512 0.054342 0.102917 0.180777 0.340631 0.649792 1.105195 1.584267 1.917531 2.008582 1.860268 1.515779 
1.286688 0.785839 0.342565 0.070861 -0.020161 -0.012638 0.008711 0.012725 0.006985 0.002375 0.000692 0.000104 -0.000253 -0.000541 -0.000692 0.001357 0.011449 0.035932 0.075815 0.134892 0.246247 0.476740 0.866874 1.352365 1.775151 1.993156 1.961646 1.708549 
1.513103 1.037602 0.549880 0.184697 0.007898 -0.023423 -0.001745 0.012411 0.010394 0.004427 0.001282 0.000315 -0.000093 -0.000410 -0.000763 -0.000308 0.005001 0.021828 0.053711 0.100886 0.179856 0.344070 0.655869 1.107579 1.580476 1.912546 2.006845 1.859495 
