0.000587 -0.059400 0.510000 1.091066 1.070705 1.151915 1.285251 1.532992 1.183537 0.813177 0.989537 0.986289 0.866893 0.671671 0.458467 0.275449 0.145705 0.068602 0.030669 0.016211 0.012874 0.012856 0.012213 0.009831 0.006364 0.003109 0.001005 0.000040 
0.004002 -0.064960 0.185234 0.837393 1.112126 1.101704 1.208175 1.439296 1.396896 0.965494 0.878413 1.006398 0.938589 0.775145 0.564306 0.361742 0.203957 0.101415 0.045720 0.021278 0.013640 0.012696 0.012682 0.011199 0.008152 0.004652 0.001914 0.000357 
0.006393 -0.045888 0.015067 0.509780 1.016171 1.117431 1.139843 1.333040 1.459504 1.183987 0.886991 0.941201 0.990708 0.865806 0.672171 0.459708 0.276598 0.146305 0.068686 0.030495 0.015990 0.012691 0.012723 0.012130 0.009802 0.006383 0.003162 0.000737 
0.006681 -0.023204 -0.049598 0.234584 0.787566 1.097050 1.122891 1.229938 1.425566 1.348212 1.014881 0.892440 0.977149 0.943453 0.774461 0.565282 0.363018 0.204859 0.101739 0.045646 0.021062 0.013432 0.012538 0.012574 0.011142 0.008148 0.004710 0.001394 
0.005698 -0.006282 -0.056030 0.056282 0.509494 0.975255 1.122623 1.165803 1.339277 1.419949 1.184365 0.927533 0.929248 0.976157 0.869925 0.671951 0.460961 0.277742 0.146920 0.068784 0.030325 0.015766 0.012506 0.012590 0.012048 0.009771 0.006449 0.002507 
0.004605 0.003017 -0.038924 -0.031309 0.260797 0.761489 1.075350 1.142581 1.250197 1.405179 1.323251 1.041118 0.909407 0.959449 0.938346 0.777485 0.565534 0.364341 0.205763 0.102080 0.045581 0.020846 0.013221 0.012378 0.012466 0.011083 0.008214 0.004071 
0.004178 0.006466 -0.018529 -0.055994 0.083927 0.509784 0.945511 1.121856 1.190905 1.339535 1.391535 1.185296 0.954501 0.927515 0.962079 0.869844 0.674030 0.461601 0.278957 0.147541 0.068896 0.030159 0.015540 0.012318 0.012456 0.011959 0.009821 0.005930 
0.004668 0.006775 -0.003547 -0.047569 -0.014992 0.278367 0.743242 1.056601 1.158112 1.266285 1.387714 1.306090 1.058695 0.924423 0.948875 0.930360 0.779449 0.566993 0.365216 0.206749 0.102426 0.045526 0.020630 0.013007 0.012216 0.012350 0.011102 0.007851 
0.005925 0.006167 0.004497 -0.028239 -0.052366 0.104669 0.509555 0.922632 1.120181 1.210954 1.338862 1.369953 1.185683 0.974569 0.929414 0.950578 0.867026 0.676400 0.462730 0.279892 0.148240 0.069012 0.029998 0.015312 0.012127 0.012312 0.011938 0.009598 
0.007600 0.005921 0.007393 -0.010467 -0.052163 -0.000662 0.291109 0.729052 1.041550 1.169920 1.278638 1.373919 1.292956 1.071431 0.937474 0.942396 0.922039 0.779845 0.569078 0.366185 0.207590 0.102836 0.045471 0.020416 0.012790 0.012044 0.012283 0.010974 
0.009310 0.006457 0.007668 0.001161 -0.035651 -0.047254 0.121071 0.508785 0.904649 1.118471 1.226347 1.338133 1.353238 1.185506 0.990300 0.932835 0.941412 0.862843 0.678255 0.464371 0.280754 0.148886 0.069172 0.029835 0.015083 0.011925 0.012198 0.011854 
0.010739 0.007649 0.007291 0.006791 -0.016926 -0.054274 0.011951 0.300707 0.717585 1.029560 1.178786 1.288038 1.363155 1.282516 1.081011 0.948831 0.938443 0.914200 0.779006 0.571252 0.367436 0.208326 0.103246 0.045443 0.020198 0.012565 0.011886 0.012202 
0.011683 0.009125 0.007308 0.008501 -0.002765 -0.041221 -0.041543 0.134413 0.507695 0.890301 1.116843 1.238044 1.337465 1.340125 1.184985 1.002976 0.936891 0.934122 0.858073 0.679418 0.466304 0.281710 0.149455 0.069355 0.029685 0.014846 0.011729 0.012093 
0.012071 0.010492 0.007982 0.008495 0.005346 -0.022677 -0.054783 0.023085 0.308138 0.708169 1.019910 1.185389 1.295164 1.354705 1.274096 1.088415 0.958731 0.936129 0.907090 0.777312 0.573232 0.368953 0.209051 0.103618 0.045441 0.019981 0.012337 0.011742 
0.011968 0.011459 0.009106 0.008279 0.008704 -0.006856 -0.045348 -0.035671 0.145477 0.506486 0.878699 1.115272 1.246897 1.336833 1.329727 1.184323 1.013380 0.941140 0.928308 0.853141 0.679929 0.468332 0.282825 0.149977 0.069531 0.029553 0.014605 0.011541 
0.011595 0.011887 0.010302 0.008519 0.009412 0.003357 -0.027679 -0.054237 0.032944 0.314040 0.700370 1.012022 1.190250 1.300536 1.347989 1.267265 1.094279 0.967378 0.934907 0.900748 0.775062 0.574899 0.370656 0.209834 0.103950 0.045448 0.019772 0.012112 
0.011356 0.011807 0.011224 0.009256 0.009233 0.008380 -0.010880 -0.048347 -0.029875 0.154795 0.505295 0.869202 1.113721 1.253566 1.336201 1.321404 1.183658 1.022046 0.945346 0.923653 0.848280 0.679890 0.470319 0.284098 0.150497 0.069686 0.029432 0.014369 
0.011893 0.011430 0.011667 0.010205 0.009174 0.010009 0.001039 -0.031971 -0.052994 0.041708 0.318843 0.693872 1.005466 1.193761 1.304548 1.342576 1.261707 1.099037 0.974951 0.934417 0.895136 0.772472 0.576219 0.372460 0.210710 0.104257 0.045450 0.019573 
0.014145 0.011167 0.011611 0.011015 0.009546 0.010088 0.007639 -0.014713 -0.050465 -0.024278 0.162755 0.504204 0.861340 1.112164 1.258547 1.335541 1.314685 1.183073 1.029360 0.949384 0.919909 0.843615 0.679414 0.472183 0.285503 0.151050 0.069818 0.029316 
0.019385 0.011680 0.011240 0.011433 0.010210 0.009878 0.010294 -0.001456 -0.035623 -0.051295 0.049535 0.322848 0.688436 0.999924 1.196220 1.307496 1.338151 1.257183 1.102989 0.981607 0.934416 0.890182 0.769698 0.577203 0.374295 0.211686 0.104562 0.045438 
0.029198 0.013932 0.010966 0.011385 0.010854 0.009942 0.010800 0.006581 -0.018294 -0.051896 -0.018942 0.169644 0.503256 0.854761 1.110585 1.262211 1.334839 1.309220 1.182612 1.035611 0.953190 0.916880 0.839206 0.678602 0.473881 0.287004 0.151656 0.069933 
0.045412 0.019204 0.011469 0.011024 0.011203 0.010311 0.010577 0.010299 -0.004020 -0.038710 -0.049306 0.056560 0.326268 0.683870 0.995165 1.197848 1.309603 1.334482 1.253502 1.106349 0.987482 0.934738 0.885812 0.766845 0.577884 0.376107 0.212758 0.104881 
0.070042 0.029075 0.013726 0.010752 0.011141 0.010752 0.010406 0.011350 0.005290 -0.021598 -0.052792 -0.013892 0.175680 0.502470 0.849200 1.108978 1.264838 1.334088 1.304744 1.182294 1.041015 0.956739 0.914414 0.835080 0.677540 0.475394 0.288563 0.152327 
0.105230 0.045375 0.019026 0.011255 0.010785 0.010992 0.010495 0.011235 0.010059 -0.006583 -0.041307 -0.047140 0.062901 0.329253 0.680023 0.991018 1.198816 1.311038 1.331397 1.250515 1.109269 0.992692 0.935268 0.881948 0.763986 0.578298 0.377860 0.213911 
0.153065 0.070157 0.028945 0.013523 0.010521 0.010890 0.010711 0.010907 0.011733 0.003835 -0.024620 -0.053271 -0.009131 0.181031 0.501848 0.844457 1.107340 1.266642 1.333287 1.301056 1.182123 1.045742 0.960026 0.912391 0.831240 0.676297 0.476720 0.290150 
0.215129 0.105619 0.045333 0.018846 0.011035 0.010529 0.010811 0.010746 0.011826 0.009614 -0.009096 -0.043483 -0.044877 0.068658 0.331911 0.676773 0.987355 1.199256 1.311935 1.328770 1.248099 1.111856 0.997337 0.935924 0.878523 0.761170 0.578485 0.379529 
0.291739 0.153867 0.070287 0.028810 0.013317 0.010277 0.010643 0.010729 0.011420 0.011957 0.002270 -0.027372 -0.053425 -0.004650 0.185827 0.501384 0.840374 1.105675 1.267787 1.332437 1.298002 1.182093 1.049920 0.963061 0.910719 0.827676 0.674928 0.477864 
0.381102 0.216394 0.106052 0.045293 0.018661 0.010806 0.010264 0.010665 0.011046 0.012337 0.009000 -0.011528 -0.045299 -0.042571 0.073914 0.334323 0.674020 0.984079 1.199271 1.312396 1.326504 1.246156 1.114191 1.001501 0.936652 0.875473 0.758428 0.578482 
