0.027345 0.037989 0.070854 0.083533 0.775421 1.520940 1.671999 1.869145 1.993252 2.066277 1.397606 0.647945 0.497401 0.307180 0.166155 0.077667 0.030818 0.010328 0.003044 0.000804 0.000675 0.003299 0.010078 0.020598 0.031719 0.038921 0.038921 0.030664 
0.027823 0.030406 0.054294 0.036004 0.383675 1.181983 1.630743 1.772256 1.938956 2.079313 1.783359 0.990393 0.537708 0.401695 0.230309 0.116025 0.049993 0.018100 0.005546 0.001477 0.000436 0.001555 0.006195 0.015067 0.026366 0.036015 0.039887 0.035000 
0.030945 0.027173 0.043654 0.024913 0.158802 0.776511 1.447412 1.719128 1.855678 2.038050 1.989669 1.396672 0.722991 0.452121 0.314644 0.166582 0.077860 0.030704 0.010084 0.002792 0.000632 0.000640 0.003391 0.010215 0.020667 0.031654 0.038860 0.038134 
0.034730 0.027579 0.036349 0.026945 0.052079 0.434093 1.133586 1.616667 1.792987 1.958422 2.062320 1.732252 1.039698 0.554043 0.375707 0.237566 0.115914 0.050026 0.017903 0.005284 0.001255 0.000329 0.001590 0.006321 0.015181 0.026364 0.035989 0.039397 
0.037723 0.030315 0.032105 0.030625 0.015049 0.200939 0.777523 1.407825 1.724680 1.880231 2.041340 1.947064 1.395699 0.764732 0.443155 0.303094 0.172224 0.077374 0.030635 0.009838 0.002539 0.000462 0.000606 0.003481 0.010348 0.020725 0.031663 0.038586 
0.039050 0.033853 0.030839 0.032450 0.011126 0.070984 0.461455 1.108907 1.595925 1.812190 1.976400 2.038732 1.704925 1.065854 0.573262 0.361205 0.234833 0.119541 0.049376 0.017771 0.005018 0.001035 0.000224 0.001623 0.006445 0.015282 0.026409 0.035862 
0.038372 0.036839 0.031921 0.032789 0.018148 0.015318 0.229495 0.779147 1.379365 1.724233 1.903916 2.038692 1.915666 1.395313 0.792870 0.444345 0.291971 0.173674 0.079228 0.029985 0.009668 0.002280 0.000293 0.000572 0.003569 0.010470 0.020807 0.031632 
0.035774 0.038334 0.034230 0.032963 0.025700 0.002432 0.087876 0.480193 1.092055 1.578082 1.827205 1.990223 2.018124 1.685453 1.083352 0.590478 0.353769 0.229202 0.122135 0.049974 0.017211 0.004829 0.000808 0.000121 0.001657 0.006561 0.015393 0.026444 
0.031640 0.037894 0.036521 0.033794 0.030706 0.008271 0.019180 0.251134 0.780267 1.357740 1.722832 1.922540 2.035154 1.891164 1.394415 0.814078 0.449104 0.283383 0.172394 0.081411 0.029856 0.009224 0.002087 0.000117 0.000539 0.003653 0.010593 0.020888 
0.026516 0.035525 0.037769 0.035265 0.033482 0.018614 -0.002174 0.102768 0.494105 1.079256 1.563896 1.838466 2.000329 2.001244 1.670061 1.096011 0.605678 0.350370 0.223217 0.123187 0.051237 0.016764 0.004489 0.000630 0.000010 0.001689 0.006674 0.015502 
0.020998 0.031569 0.037366 0.036769 0.035146 0.027236 0.000732 0.024539 0.268423 0.780849 1.340987 1.721355 1.936501 2.031602 1.871588 1.392983 0.830923 0.455325 0.277088 0.169752 0.083115 0.030270 0.008713 0.001831 -0.000026 0.000499 0.003734 0.010711 
0.015630 0.026564 0.035165 0.037531 0.036414 0.032746 0.012002 -0.004264 0.115943 0.504871 1.069172 1.552733 1.846757 2.007499 1.987452 1.657414 1.105515 0.619135 0.349440 0.217695 0.123028 0.052625 0.016619 0.004041 0.000440 -0.000082 0.001714 0.006782 
0.010839 0.021112 0.031400 0.036956 0.037350 0.035807 0.023161 -0.004940 0.030515 0.282651 0.781107 1.327845 1.719921 1.946757 2.028149 1.855673 1.391236 0.844687 0.462123 0.272629 0.166528 0.084160 0.031008 0.008305 0.001487 -0.000158 0.000467 0.003807 
0.006890 0.015772 0.026551 0.034796 0.037596 0.037393 0.031144 0.006104 -0.004728 0.127645 0.513466 1.061125 1.543877 1.852757 2.012410 1.976025 1.646834 1.112844 0.631089 0.350097 0.212883 0.122035 0.053855 0.016760 0.003579 0.000199 -0.000157 0.001736 
0.003876 0.010979 0.021201 0.031172 0.036724 0.038060 0.035821 0.018910 -0.009150 0.036668 0.294600 0.781237 1.317424 1.718510 1.954162 2.024771 1.842530 1.389374 0.856154 0.469059 0.269606 0.163144 0.084585 0.031870 0.008063 0.001088 -0.000309 0.000445 
0.001764 0.007003 0.015911 0.026479 0.034488 0.037879 0.038081 0.028979 0.000960 -0.004116 0.138083 0.520528 1.054678 1.536751 1.856991 2.015585 1.966386 1.637888 1.118636 0.641746 0.351793 0.208819 0.120505 0.054806 0.017108 0.003175 -0.000094 -0.000234 
0.000429 0.003952 0.011124 0.021251 0.030932 0.036672 0.038761 0.035294 0.014718 -0.012217 0.042764 0.304808 0.781376 1.309084 1.717089 1.959378 2.021428 1.831515 1.387537 0.865860 0.475900 0.267703 0.159833 0.084492 0.032721 0.007989 0.000678 -0.000493 
-0.000325 0.001800 0.007125 0.016031 0.026366 0.034276 0.038292 0.038444 0.026473 -0.003472 -0.002788 0.147437 0.526488 1.049515 1.530925 1.859855 2.017416 1.958099 1.630261 1.123322 0.651287 0.354171 0.205464 0.118656 0.055444 0.017577 0.002861 -0.000422 
-0.000712 0.000410 0.004039 0.011265 0.021261 0.030716 0.036769 0.039367 0.034339 0.010709 -0.014390 0.048677 0.313662 0.781604 1.302351 1.715631 1.962901 2.018095 1.822156 1.385804 0.874191 0.482521 0.266674 0.156717 0.083991 0.033479 0.008057 0.000294 
-0.000764 -0.000440 0.001843 0.007254 0.016123 0.026235 0.034171 0.038761 0.038493 0.023779 -0.007259 -0.000987 0.155865 0.531648 1.045394 1.526083 1.861646 2.018198 1.950847 1.623710 1.127205 0.659871 0.356990 0.202750 0.116639 0.055779 0.018096 0.002650 
-0.000043 -0.000958 0.000383 0.004137 0.011395 0.021237 0.030548 0.036979 0.039833 0.033059 0.006948 -0.015866 0.054344 0.321451 0.781964 1.296875 1.714123 1.965105 2.014753 1.814101 1.384219 0.881436 0.488862 0.266322 0.153858 0.083182 0.034099 0.008231 
0.002535 -0.001102 -0.000579 0.001890 0.007385 0.016188 0.026106 0.034167 0.039231 0.038256 0.021006 -0.010479 0.001119 0.163504 0.536220 1.042124 1.521995 1.862589 2.018156 1.944398 1.618043 1.130496 0.667634 0.360085 0.200599 0.114559 0.055840 0.018615 
0.008475 -0.000321 -0.001222 0.000345 0.004242 0.011510 0.021193 0.030440 0.037264 0.040138 0.031538 0.003461 -0.016797 0.059741 0.328392 0.782475 1.292391 1.712561 1.966270 2.011397 1.807082 1.382801 0.887815 0.494899 0.266498 0.151281 0.082148 0.034562 
0.019095 0.002503 -0.001419 -0.000738 0.001937 0.007514 0.016228 0.025995 0.034250 0.039665 0.037773 0.018228 -0.013207 0.003416 0.170470 0.540354 1.039552 1.518489 1.862855 2.017460 1.938578 1.613109 1.133348 0.674695 0.363342 0.198935 0.112488 0.055665 
0.034865 0.008758 -0.000538 -0.001491 0.000293 0.004348 0.011609 0.021140 0.030395 0.037592 0.040279 0.029847 0.000250 -0.017301 0.064864 0.334653 0.783137 1.288698 1.710943 1.966611 2.008023 1.800898 1.381552 0.893496 0.500628 0.267082 0.148987 0.080959 
0.055292 0.019512 0.002538 -0.001707 -0.000912 0.001979 0.007637 0.016250 0.025913 0.034404 0.040037 0.037081 0.015493 -0.015511 0.005823 0.176864 0.544160 1.037557 1.515438 1.862579 2.016241 1.933258 1.608783 1.135869 0.681155 0.366682 0.197690 0.110473 
0.079668 0.035014 0.009054 -0.000695 -0.001755 0.000229 0.004450 0.011693 0.021089 0.030410 0.037936 0.040260 0.028040 -0.002691 -0.017472 0.069720 0.340364 0.783947 1.285639 1.709272 1.966293 2.004633 1.795391 1.380466 0.898610 0.506061 0.267982 0.146968 
0.108545 0.054757 0.019853 0.002623 -0.001959 -0.001093 0.002011 0.007748 0.016261 0.025867 0.034610 0.040332 0.036216 0.012834 -0.017452 0.008285 0.182768 0.547715 1.036040 1.512748 1.861863 2.014604 1.928341 1.604967 1.138140 0.687099 0.370050 0.196801 
