0.793569 0.976139 0.982881 0.820531 0.582508 0.397336 0.356894 0.470349 0.608035 1.364898 2.057550 2.064614 2.117666 2.186436 2.313949 1.748488 1.056085 0.860566 0.542472 0.261632 0.084517 0.012712 -0.000788 -0.000948 0.011877 0.081435 0.251778 0.514805 
0.659216 0.901855 1.001067 0.917003 0.702945 0.477573 0.358451 0.402489 0.498979 0.951781 1.758086 2.101057 2.087283 2.147397 2.289832 2.082464 1.379165 0.934931 0.706852 0.393241 0.160010 0.038389 0.001484 -0.002513 0.001107 0.036811 0.154515 0.376516 
0.516576 0.792003 0.971880 0.978615 0.818806 0.584326 0.401174 0.366994 0.425186 0.681017 1.361798 1.980827 2.111848 2.107577 2.235332 2.239006 1.745619 1.127347 0.812728 0.550368 0.264626 0.086929 0.012585 -0.003047 -0.003184 0.011829 0.084019 0.255203 
0.379374 0.659383 0.898735 0.996478 0.913786 0.703025 0.480231 0.369000 0.377964 0.514189 0.998708 1.705672 2.085294 2.109917 2.170958 2.275990 2.031184 1.425310 0.947793 0.679743 0.402206 0.162565 0.039628 0.000131 -0.005031 -0.000198 0.038163 0.157787 
0.258556 0.518268 0.790451 0.967734 0.974414 0.817162 0.585407 0.410131 0.358016 0.416355 0.720777 1.358746 1.938129 2.117517 2.135412 2.242590 2.198019 1.742791 1.165437 0.801269 0.539199 0.272723 0.088588 0.012519 -0.005221 -0.005335 0.011808 0.086523 
0.160978 0.382153 0.659511 0.895686 0.991982 0.910690 0.702411 0.486542 0.369473 0.364902 0.532339 1.022577 1.677099 2.062916 2.130977 2.192905 2.255455 2.003704 1.448423 0.963648 0.664128 0.401090 0.168755 0.040153 -0.001098 -0.007458 -0.001440 0.039485 
0.088966 0.261824 0.519895 0.788915 0.963676 0.970372 0.814962 0.588776 0.414801 0.349406 0.417695 0.747015 1.356364 1.906661 2.117190 2.162285 2.243785 2.168194 1.740628 1.190051 0.800030 0.528410 0.276520 0.092511 0.011887 -0.007233 -0.007405 0.011805 
0.040782 0.164088 0.384849 0.659612 0.892691 0.987660 0.907222 0.703029 0.491739 0.366962 0.358881 0.548539 1.037879 1.656439 2.043501 2.147802 2.210578 2.237806 1.984097 1.462993 0.977605 0.655587 0.396989 0.173812 0.041894 -0.002701 -0.009714 -0.002633 
0.011811 0.091351 0.265002 0.521460 0.787388 0.959770 0.966139 0.813304 0.592421 0.416650 0.343269 0.422621 0.766402 1.353551 1.882111 2.115919 2.184007 2.243972 2.145222 1.738025 1.207856 0.802422 0.520110 0.277483 0.096691 0.011790 -0.009437 -0.009325 
-0.003722 0.042049 0.167119 0.387464 0.659679 0.889802 0.983280 0.903924 0.704296 0.495316 0.364014 0.356872 0.562774 1.048428 1.639915 2.027795 2.160828 2.224417 2.223795 1.968587 1.472830 0.989648 0.651091 0.392452 0.177229 0.044268 -0.004137 -0.012029 
-0.011229 0.011866 0.093673 0.268095 0.522961 0.785912 0.955884 0.961922 0.812212 0.595536 0.417050 0.339368 0.429024 0.781502 1.350282 1.862508 2.114580 2.200976 2.244031 2.127137 1.734957 1.221414 0.806335 0.514063 0.276986 0.100322 0.012249 -0.011627 
-0.014364 -0.004770 0.043312 0.170068 0.389995 0.659742 0.886955 0.978883 0.900986 0.705672 0.497606 0.361450 0.357311 0.575318 1.055908 1.626190 2.015158 2.170841 2.235209 2.212786 1.955838 1.479617 1.000045 0.649074 0.388299 0.179341 0.046736 -0.005219 
-0.013638 -0.013144 0.011948 0.095949 0.271094 0.524413 0.784462 0.951988 0.957887 0.811465 0.597942 0.416783 0.337245 0.436019 0.793596 1.346775 1.846586 2.113287 2.214157 2.244080 2.112674 1.731641 1.232003 0.810885 0.509810 0.275809 0.103226 0.013042 
-0.005965 -0.016627 -0.005817 0.044571 0.172940 0.392447 0.659800 0.884109 0.974559 0.898390 0.706874 0.498988 0.359518 0.359312 0.586407 1.061296 1.614586 2.004871 2.178521 2.243635 2.204062 1.945172 1.484327 1.009034 0.648653 0.384779 0.180529 0.049015 
0.013972 -0.015408 -0.015037 0.012029 0.098185 0.274007 0.525823 0.783011 0.948114 0.954097 0.810864 0.599678 0.416273 0.336505 0.443166 0.803464 1.343228 1.833456 2.112019 2.224405 2.244099 2.100946 1.728275 1.240401 0.815629 0.506958 0.274382 0.105443 
0.050985 -0.006458 -0.018751 -0.006865 0.045810 0.175742 0.394830 0.659837 0.881263 0.970377 0.896054 0.707782 0.499762 0.358260 0.362331 0.596246 1.065226 1.604667 1.996352 2.184391 2.250223 2.197045 1.936156 1.487595 1.016815 0.649281 0.381936 0.181093 
0.107077 0.014900 -0.016937 -0.016869 0.012094 0.100375 0.276844 0.527187 0.781543 0.944304 0.950552 0.810274 0.600849 0.415755 0.336832 0.450232 0.811641 1.339777 1.822472 2.110737 2.232383 2.244054 2.091312 1.724993 1.247141 0.820334 0.505191 0.272938 
0.181252 0.052612 -0.006784 -0.020703 -0.007900 0.047016 0.178481 0.397147 0.659839 0.878430 0.966368 0.893893 0.708362 0.500146 0.357638 0.366011 0.605015 1.068129 1.596117 1.989171 2.188847 2.255368 2.191308 1.928472 1.489848 1.023568 0.650603 0.379734 
0.271604 0.108239 0.015744 -0.018256 -0.018604 0.012141 0.102514 0.279612 0.528498 0.780057 0.940591 0.947222 0.809611 0.601565 0.415355 0.337980 0.457092 0.818510 1.336501 1.813163 2.109417 2.238591 2.243922 2.083300 1.721875 1.252604 0.824872 0.504263 
0.378106 0.181161 0.053906 -0.007015 -0.022476 -0.008901 0.048180 0.181156 0.399401 0.659799 0.875632 0.962541 0.891834 0.708626 0.500293 0.357585 0.370112 0.612871 1.070303 1.588691 1.983008 2.192187 2.259369 2.186534 1.921878 1.491384 1.029447 0.652375 
0.503983 0.270445 0.109032 0.016458 -0.019402 -0.020223 0.012177 0.104596 0.282315 0.529751 0.778559 0.936995 0.944070 0.808832 0.601928 0.415135 0.339757 0.463685 0.824360 1.333442 1.805175 2.108043 2.243404 2.243691 2.076560 1.718961 1.257076 0.829182 
0.654435 0.376977 0.180928 0.054898 -0.007206 -0.024079 -0.009850 0.049304 0.183767 0.401590 0.659717 0.872885 0.958887 0.889824 0.708602 0.500311 0.358026 0.374467 0.619951 1.071960 1.582197 1.977633 2.194635 2.262453 2.182493 1.916182 1.492412 1.034586 
0.833238 0.504200 0.269489 0.109542 0.017024 -0.020413 -0.021716 0.012212 0.106618 0.284949 0.530945 0.777059 0.933525 0.941057 0.807915 0.602023 0.415123 0.342011 0.469986 0.829408 1.330614 1.798242 2.106610 2.247104 2.243356 2.070826 1.716267 1.260773 
1.039102 0.656667 0.376276 0.180628 0.055626 -0.007396 -0.025525 -0.010734 0.050390 0.186309 0.403710 0.659597 0.870204 0.955392 0.887825 0.708329 0.500274 0.358887 0.378965 0.626370 1.073248 1.576480 1.972872 2.196364 2.264794 2.179017 1.911232 1.493081 
1.263859 0.837035 0.504797 0.268740 0.109838 0.017435 -0.021324 -0.023083 0.012258 0.108582 0.287512 0.532079 0.775569 0.930184 0.938151 0.806857 0.601920 0.415323 0.344627 0.475993 0.833820 1.328020 1.792160 2.105116 2.249909 2.242919 2.065898 1.713793 
1.493496 1.043091 0.658993 0.375935 0.180311 0.056128 -0.007609 -0.026834 -0.011543 0.051446 0.188782 0.405760 0.659446 0.867597 0.952037 0.885811 0.707845 0.500231 0.360102 0.383527 0.632229 1.074275 1.571417 1.968597 2.197509 2.266527 2.175978 1.906903 
1.711533 1.266462 0.840583 0.505685 0.268193 0.109976 0.017699 -0.022161 -0.024327 0.012324 0.110490 0.289999 0.533155 0.774099 0.926965 0.935324 0.805665 0.601673 0.415727 0.347512 0.481714 0.837725 1.325651 1.786772 2.103563 2.251984 2.242383 2.061619 
1.903095 1.493734 1.046637 0.661360 0.375896 0.180009 0.056440 -0.007863 -0.028026 -0.012272 0.052478 0.191183 0.407737 0.659270 0.865069 0.948802 0.883766 0.707187 0.500214 0.361610 0.388099 0.637612 1.075118 1.566907 1.964711 2.198173 2.267758 2.173281 
