0.000020 0.000321 0.001657 0.005602 0.015003 0.035491 0.077327 0.155288 0.220891 0.963629 1.736542 1.866702 1.983299 1.983171 1.928377 1.171643 0.396794 0.277979 0.150707 0.075526 0.037291 0.019584 0.011014 0.005992 0.002719 0.000856 0.000126 -0.000015 
-0.000025 0.000089 0.000761 0.003126 0.009268 0.023219 0.052816 0.114822 0.146541 0.548053 1.388372 1.842642 1.933143 1.993947 2.003062 1.595014 0.744348 0.296913 0.211616 0.107552 0.052816 0.026584 0.014506 0.008172 0.004158 0.001628 0.000383 0.000008 
-0.000039 -0.000012 0.000285 0.001602 0.005473 0.014778 0.035015 0.083687 0.109462 0.296759 0.964915 1.662370 1.912484 1.968632 2.027808 1.852774 1.172143 0.472795 0.232804 0.157674 0.075320 0.037034 0.019301 0.010835 0.005927 0.002720 0.000871 0.000120 
-0.000008 -0.000054 0.000056 0.000720 0.003038 0.009103 0.022436 0.059004 0.087910 0.162962 0.598952 1.339770 1.827509 1.952492 2.012668 1.986529 1.545228 0.794929 0.313786 0.185386 0.114194 0.052138 0.026304 0.014266 0.008052 0.004132 0.001642 0.000390 
0.000115 -0.000063 -0.000044 0.000250 0.001541 0.005382 0.013863 0.039747 0.071052 0.099994 0.339347 0.966127 1.622129 1.916723 1.992025 2.030941 1.811138 1.172569 0.515489 0.223964 0.145644 0.080331 0.036095 0.019059 0.010652 0.005860 0.002720 0.000885 
0.000397 -0.000023 -0.000083 0.000023 0.000674 0.003012 0.008245 0.025378 0.055208 0.072520 0.182305 0.626696 1.314890 1.805720 1.970354 2.029927 1.963383 1.519183 0.822338 0.333554 0.170666 0.110857 0.055196 0.025337 0.014090 0.007927 0.004105 0.001655 
0.000899 0.000112 -0.000086 -0.000074 0.000209 0.001557 0.004704 0.015274 0.040282 0.058867 0.100720 0.368350 0.967890 1.593027 1.914990 2.014589 2.028141 1.780677 1.173547 0.544574 0.225299 0.134060 0.081154 0.037491 0.018233 0.010544 0.005784 0.002720 
0.001667 0.000404 -0.000037 -0.000110 -0.000016 0.000704 0.002554 0.008623 0.027277 0.048522 0.064228 0.199680 0.645776 1.297807 1.786855 1.984066 2.043056 1.943201 1.500956 0.841070 0.351328 0.163031 0.104634 0.057220 0.025613 0.013483 0.007875 0.004068 
0.002709 0.000913 0.000109 -0.000107 -0.000113 0.000234 0.001294 0.004538 0.017001 0.038084 0.049237 0.105055 0.390442 0.969107 1.570757 1.912339 2.032128 2.024456 1.757081 1.173982 0.566724 0.230221 0.125027 0.079252 0.039211 0.017923 0.010159 0.005771 
0.004078 0.001670 0.000412 -0.000049 -0.000145 -0.000006 0.000583 0.002203 0.009655 0.027624 0.041489 0.060006 0.215070 0.660008 1.284750 1.771664 1.994061 2.052490 1.926733 1.486774 0.854941 0.367094 0.159453 0.098068 0.057701 0.026550 0.012984 0.007671 
0.005693 0.002728 0.000919 0.000109 -0.000134 -0.000118 0.000196 0.000964 0.004907 0.018239 0.034523 0.041923 0.110887 0.408184 0.969756 1.553354 1.909643 2.045035 2.020760 1.738383 1.173850 0.584505 0.236620 0.118306 0.075995 0.040450 0.018152 0.009704 
0.007356 0.004073 0.001689 0.000416 -0.000064 -0.000161 -0.000008 0.000354 0.002151 0.010802 0.026751 0.034930 0.058286 0.228748 0.671076 1.274385 1.759511 2.001124 2.059008 1.913338 1.475302 0.865637 0.381123 0.158364 0.091977 0.056972 0.027608 0.012785 
0.009350 0.005524 0.002755 0.000934 0.000103 -0.000152 -0.000113 0.000070 0.000734 0.005592 0.018806 0.030378 0.036466 0.117331 0.422859 0.970056 1.539554 1.907021 2.054272 2.017168 1.723320 1.173375 0.599198 0.243611 0.113436 0.072161 0.041028 0.018701 
0.012869 0.007025 0.004014 0.001723 0.000420 -0.000079 -0.000160 -0.000061 0.000110 0.002378 0.011779 0.025037 0.029091 0.058183 0.240949 0.679959 1.266038 1.749678 2.005932 2.063288 1.902296 1.465868 0.874139 0.393654 0.158879 0.086608 0.055410 0.028503 
0.019370 0.009158 0.005298 0.002762 0.000960 0.000094 -0.000157 -0.000126 -0.000111 0.000667 0.006392 0.018742 0.026075 0.032468 0.123947 0.435247 0.970209 1.528472 1.904448 2.060688 2.013654 1.711003 1.172757 0.611587 0.250753 0.110020 0.068174 0.040984 
0.029116 0.013154 0.006748 0.003901 0.001756 0.000430 -0.000088 -0.000158 -0.000165 -0.000079 0.002806 0.012467 0.022781 0.024012 0.059150 0.251879 0.687293 1.259277 1.741586 2.009006 2.065852 1.893029 1.458037 0.881084 0.404893 0.160450 0.082001 0.053315 
0.040420 0.020023 0.009132 0.005058 0.002734 0.000991 0.000093 -0.000155 -0.000172 -0.000303 0.000765 0.007172 0.018151 0.021845 0.029613 0.130498 0.445883 0.970354 1.519467 1.901887 2.064944 2.010180 1.700792 1.172136 0.622207 0.257813 0.107740 0.064267 
0.050901 0.029412 0.013557 0.006560 0.003750 0.001774 0.000449 -0.000086 -0.000171 -0.000305 -0.000177 0.003349 0.012831 0.020198 0.019654 0.060829 0.261716 0.693510 1.253789 1.734806 2.010740 2.067090 1.885104 1.451497 0.886905 0.415019 0.162719 0.078115 
0.060563 0.039446 0.020579 0.009243 0.004841 0.002669 0.001021 0.000104 -0.000153 -0.000251 -0.000470 0.001001 0.007850 0.017141 0.017813 0.027652 0.136859 0.455151 0.970573 1.512069 1.899314 2.067535 2.006719 1.692214 1.171593 0.631443 0.264664 0.106349 
0.074881 0.048322 0.029401 0.014007 0.006469 0.003583 0.001767 0.000475 -0.000076 -0.000205 -0.000459 -0.000176 0.003937 0.012882 0.017443 0.015949 0.062977 0.270617 0.698912 1.249332 1.729021 2.011428 2.067297 1.878204 1.446006 0.891903 0.424189 0.165444 
0.105651 0.057124 0.038164 0.020992 0.009456 0.004669 0.002575 0.001042 0.000127 -0.000159 -0.000357 -0.000590 0.001339 0.008381 0.015815 0.014042 0.026392 0.142968 0.463340 0.970910 1.505927 1.896714 2.068832 2.003255 1.684918 1.171175 0.639586 0.271244 
0.168459 0.072223 0.045684 0.029114 0.014450 0.006472 0.003419 0.001735 0.000507 -0.000061 -0.000261 -0.000607 -0.000080 0.004516 0.012649 0.014621 0.012821 0.065429 0.278717 0.703710 1.245718 1.724002 2.011295 2.066697 1.872097 1.441375 0.896293 0.432541 
0.277530 0.105495 0.053975 0.036657 0.021245 0.009736 0.004552 0.002463 0.001051 0.000159 -0.000175 -0.000479 -0.000652 0.001743 0.008747 0.014256 0.010556 0.025682 0.148799 0.470668 0.971383 1.500779 1.894079 2.069114 1.999780 1.678641 1.170898 0.646854 
0.440192 0.171650 0.070065 0.043059 0.028588 0.014851 0.006555 0.003272 0.001682 0.000537 -0.000045 -0.000337 -0.000735 0.000097 0.005050 0.012170 0.011805 0.010193 0.068069 0.286134 0.708055 1.242795 1.719577 2.010511 2.065458 1.866611 1.437451 0.900225 
0.653416 0.283518 0.105761 0.051117 0.034994 0.021334 0.010050 0.004494 0.002343 0.001047 0.000193 -0.000203 -0.000606 -0.000653 0.002180 0.008943 0.012533 0.007359 0.025401 0.154348 0.477302 0.971996 1.496423 1.891409 2.068596 1.996291 1.673180 1.170768 
0.903809 0.447242 0.174936 0.068337 0.040494 0.027862 0.015185 0.006701 0.003152 0.001614 0.000564 -0.000033 -0.000426 -0.000832 0.000338 0.005514 0.011484 0.009043 0.007997 0.070818 0.292966 0.712057 1.240442 1.715618 2.009208 2.063712 1.861617 1.434114 
1.170778 0.659401 0.289216 0.106358 0.048543 0.033230 0.021264 0.010373 0.004493 0.002227 0.001030 0.000224 -0.000241 -0.000727 -0.000596 0.002626 0.008975 0.010702 0.004441 0.025458 0.159625 0.483372 0.972744 1.492705 1.888705 2.067440 1.992790 1.668379 
1.431264 0.907126 0.453776 0.178264 0.066979 0.038021 0.026971 0.015438 0.006894 0.003067 0.001537 0.000581 -0.000029 -0.000521 -0.000893 0.000626 0.005894 0.010627 0.006366 0.006173 0.073621 0.299298 0.715795 1.238560 1.712032 2.007488 2.061562 1.857019 
