0.287194 0.391561 0.473703 0.524707 1.234469 1.948746 1.986148 1.982933 1.865640 1.736992 0.978838 0.275906 0.274286 0.265839 0.270818 0.253110 0.201326 0.129571 0.063145 0.020400 0.002975 -0.000246 -0.000247 0.002967 0.020358 0.062945 0.128728 0.191951 
0.237001 0.340196 0.435967 0.459979 0.838134 1.633630 2.012290 1.994209 1.932126 1.841370 1.393807 0.580088 0.231690 0.269650 0.268907 0.265512 0.230596 0.166364 0.094545 0.038710 0.009217 0.000275 -0.000649 0.000273 0.009202 0.038627 0.094546 0.158498 
0.195297 0.287519 0.393031 0.430324 0.600839 1.235850 1.873808 2.030796 1.967710 1.910840 1.662774 0.980750 0.352660 0.228942 0.271863 0.269345 0.251856 0.200787 0.129930 0.063982 0.021033 0.002961 -0.000803 -0.000804 0.002956 0.020978 0.064429 0.125111 
0.158232 0.239200 0.343708 0.407615 0.478224 0.889129 1.584706 1.996117 2.012619 1.950836 1.825879 1.345513 0.631811 0.248862 0.242827 0.274380 0.263635 0.229657 0.166288 0.095212 0.039515 0.009547 -0.000051 -0.001274 -0.000050 0.009486 0.040037 0.093099 
0.123922 0.196255 0.292520 0.377780 0.421232 0.644616 1.236886 1.832854 2.033943 1.990569 1.914519 1.622493 0.982574 0.396107 0.219939 0.258898 0.273103 0.249935 0.200291 0.130270 0.064794 0.021650 0.002952 -0.001339 -0.001334 0.002885 0.022041 0.064406 
0.092291 0.157791 0.243580 0.338451 0.390873 0.498623 0.917464 1.559319 1.973357 2.029577 1.968085 1.803748 1.320936 0.660356 0.268934 0.227520 0.269883 0.265510 0.228041 0.166270 0.095852 0.040299 0.009873 -0.000362 -0.001868 -0.000422 0.010079 0.040701 
0.064316 0.122904 0.198850 0.293101 0.363857 0.421847 0.674662 1.238692 1.802940 2.031188 2.012616 1.912249 1.593357 0.984934 0.425947 0.221115 0.246387 0.272686 0.250363 0.199215 0.130673 0.065576 0.022253 0.002948 -0.001845 -0.001895 0.003005 0.022822 
0.041146 0.091457 0.158648 0.246300 0.330745 0.381474 0.516627 0.937212 1.541802 1.953490 2.042440 1.981202 1.784556 1.304151 0.680216 0.287015 0.219305 0.262511 0.266365 0.227678 0.165816 0.096548 0.041053 0.010192 -0.000652 -0.002476 -0.000687 0.010627 
0.023449 0.064009 0.122719 0.201395 0.290830 0.352940 0.425934 0.697580 1.240063 1.779874 2.027523 2.029671 1.909077 1.571060 0.986734 0.448851 0.225885 0.236435 0.269556 0.251129 0.198658 0.130784 0.066400 0.022832 0.002955 -0.002354 -0.002403 0.003174 
0.011125 0.041327 0.090982 0.160137 0.247148 0.322913 0.376341 0.532414 0.952061 1.528396 1.937302 2.051612 1.990634 1.769052 1.291388 0.695208 0.303091 0.215155 0.254807 0.265692 0.227984 0.165466 0.097073 0.041834 0.010502 -0.000939 -0.003059 -0.000884 
0.003369 0.023873 0.063720 0.123224 0.203229 0.287129 0.344608 0.431489 0.715971 1.240900 1.761725 2.023825 2.042117 1.905886 1.553632 0.987951 0.467384 0.232137 0.228804 0.265085 0.251426 0.198642 0.130814 0.067137 0.023431 0.002956 -0.002850 -0.002855 
-0.001025 0.011520 0.041359 0.090962 0.161702 0.246587 0.315682 0.373861 0.546352 0.963664 1.517739 1.924184 2.057866 1.997160 1.756600 1.281311 0.707015 0.317434 0.213500 0.247590 0.263821 0.228420 0.165409 0.097468 0.042584 0.010825 -0.001226 -0.003604 
-0.003247 0.003544 0.024123 0.063604 0.124127 0.204248 0.282804 0.338309 0.437661 0.731159 1.241381 1.747236 2.020222 2.050904 1.902791 1.539814 0.988807 0.482827 0.238988 0.223035 0.260049 0.251073 0.198948 0.130931 0.067765 0.024027 0.002963 -0.003329 
-0.004106 -0.001133 0.011790 0.041367 0.091326 0.163060 0.245064 0.309257 0.373110 0.558731 0.972998 1.509136 1.913427 2.061881 2.001451 1.746484 1.273248 0.716619 0.330280 0.213458 0.241106 0.261132 0.228701 0.165629 0.097830 0.043265 0.011155 -0.001505 
-0.003782 -0.003590 0.003666 0.024264 0.063712 0.125190 0.204534 0.278295 0.333594 0.444020 0.743957 1.241690 1.735512 2.016699 2.056880 1.899768 1.528720 0.989502 0.495962 0.245995 0.218729 0.254874 0.250110 0.199376 0.131198 0.068317 0.024591 0.002981 
-0.001764 -0.004562 -0.001237 0.011953 0.041433 0.091957 0.164094 0.242917 0.303653 0.373517 0.569781 0.980706 1.502135 1.904458 2.064184 2.004026 1.738125 1.266767 0.724654 0.341836 0.214480 0.235395 0.257922 0.228706 0.166046 0.098229 0.043874 0.011475 
0.003006 -0.004198 -0.003899 0.003723 0.024359 0.064029 0.126257 0.204218 0.273845 0.330115 0.450333 0.754921 1.241958 1.725903 2.013226 2.060706 1.896776 1.519709 0.990176 0.507323 0.252925 0.215570 0.249792 0.248638 0.199789 0.131619 0.068838 0.025105 
0.011772 -0.001996 -0.004975 -0.001359 0.012038 0.041595 0.092750 0.164775 0.240387 0.298818 0.374704 0.579701 0.987230 1.496413 1.896844 2.065169 2.005275 1.731093 1.261555 0.731554 0.352280 0.216209 0.230418 0.254407 0.228402 0.166574 0.098701 0.044429 
0.025569 0.003033 -0.004572 -0.004191 0.003718 0.024457 0.064518 0.127234 0.203431 0.269585 0.327600 0.456475 0.764453 1.242265 1.717932 2.009777 2.062879 1.893787 1.512312 0.990913 0.517296 0.259652 0.213310 0.244926 0.246768 0.200105 0.132165 0.069364 
0.044950 0.012039 -0.002202 -0.005351 -0.001508 0.012078 0.041864 0.093618 0.165118 0.237645 0.294673 0.376415 0.588655 0.992879 1.491721 1.890265 2.065137 2.005494 1.725069 1.257371 0.737620 0.361769 0.218402 0.226106 0.250739 0.227798 0.167144 0.099256 
0.069917 0.025991 0.003059 -0.004907 -0.004476 0.003663 0.024585 0.065134 0.128069 0.202286 0.265583 0.325843 0.462380 0.772854 1.242655 1.711241 2.006337 2.063771 1.890785 1.506178 0.991755 0.526171 0.266113 0.211754 0.240338 0.244599 0.200280 0.132803 
0.099888 0.045457 0.012277 -0.002384 -0.005698 -0.001687 0.012099 0.042234 0.094497 0.165155 0.234806 0.291135 0.378473 0.596788 0.997873 1.487867 1.884486 2.064309 2.004905 1.719821 1.254028 0.743065 0.370440 0.220894 0.222382 0.247025 0.226923 0.167702 
0.133496 0.070508 0.026381 0.003080 -0.005208 -0.004761 0.003573 0.024761 0.065833 0.128739 0.200876 0.261866 0.324680 0.468022 0.780351 1.243149 1.705562 2.002899 2.063664 1.887763 1.501042 0.992723 0.534164 0.272285 0.210751 0.236053 0.242216 0.200295 
0.168212 0.100585 0.045964 0.012491 -0.002548 -0.006023 -0.001890 0.012121 0.042690 0.095344 0.164927 0.231953 0.288126 0.380756 0.604220 1.002369 1.484697 1.879334 2.062859 2.003681 1.715178 1.251372 0.748041 0.378410 0.223569 0.219171 0.243336 0.225815 
0.200145 0.134212 0.071140 0.026753 0.003096 -0.005484 -0.005050 0.003463 0.024990 0.066579 0.129238 0.199279 0.258439 0.323985 0.473393 0.787116 1.243753 1.700690 1.999460 2.062772 1.884719 1.496702 0.993821 0.541445 0.278163 0.210182 0.232074 0.239686 
0.224512 0.168649 0.101329 0.046483 0.012687 -0.002700 -0.006335 -0.002111 0.012160 0.043214 0.096130 0.164477 0.229140 0.285572 0.383178 0.611053 1.006483 1.482088 1.874677 2.060917 2.001954 1.711012 1.249284 0.752658 0.385779 0.226349 0.216403 0.239719 
0.237064 0.199838 0.134925 0.071811 0.027119 0.003109 -0.005743 -0.005342 0.003347 0.025271 0.067341 0.129569 0.197553 0.255297 0.323660 0.478501 0.793285 1.244463 1.696468 1.996019 2.061259 1.881656 1.493003 0.995043 0.548144 0.283756 0.209955 0.228390 
0.236206 0.223050 0.169000 0.102104 0.047021 0.012874 -0.002843 -0.006639 -0.002343 0.012223 0.043787 0.096835 0.163841 0.226401 0.283410 0.385679 0.617372 1.010298 1.479942 1.870416 2.058586 1.999826 1.707227 1.247663 0.756995 0.392631 0.229179 0.214018 
