0.006934 -0.034598 0.567581 1.208244 1.276733 1.462414 1.679570 1.940778 1.498384 0.935884 0.878278 0.679570 0.462414 0.276733 0.145744 0.067581 0.027545 0.010039 0.004356 0.004777 0.008246 0.012432 0.015211 0.015205 0.012390 0.008046 0.003934 0.000217 
0.005939 -0.051048 0.223854 0.921268 1.270925 1.360282 1.566271 1.851395 1.771063 1.193085 0.884344 0.788895 0.570177 0.364188 0.204519 0.100978 0.043772 0.016645 0.006077 0.003995 0.006276 0.010382 0.014083 0.015557 0.014069 0.010299 0.005951 0.001399 
0.006946 -0.039452 0.039253 0.567889 1.134100 1.324583 1.451041 1.726728 1.865173 1.496349 1.008556 0.830993 0.686445 0.463492 0.277950 0.146344 0.067599 0.027294 0.009796 0.004233 0.004749 0.008240 0.012397 0.015145 0.015141 0.012363 0.008174 0.003119 
0.007617 -0.020933 -0.036039 0.273102 0.872129 1.256826 1.382487 1.588136 1.836233 1.719901 1.240499 0.898322 0.761556 0.577531 0.365012 0.205472 0.101265 0.043618 0.016374 0.005889 0.003925 0.006267 0.010365 0.014031 0.015488 0.014013 0.010410 0.005145 
0.007836 -0.005559 -0.049592 0.080148 0.567893 1.094063 1.330847 1.477659 1.732308 1.823535 1.494315 1.047996 0.820054 0.674278 0.469741 0.278473 0.147001 0.067632 0.027048 0.009551 0.004105 0.004717 0.008233 0.012363 0.015081 0.015067 0.012449 0.007398 
0.008139 0.003918 -0.036521 -0.017958 0.299244 0.846663 1.236165 1.403136 1.608457 1.814414 1.692522 1.264825 0.915241 0.745704 0.574853 0.369541 0.205743 0.101636 0.043473 0.016104 0.005696 0.003851 0.006255 0.010348 0.013981 0.015407 0.014073 0.009732 
0.008928 0.008456 -0.017726 -0.049592 0.107589 0.568435 1.065192 1.331162 1.503360 1.731886 1.793071 1.492905 1.073898 0.819301 0.662514 0.471756 0.281316 0.147087 0.067758 0.026804 0.009305 0.003973 0.004682 0.008225 0.012331 0.015005 0.015100 0.011919 
0.010254 0.010142 -0.002673 -0.045119 -0.001796 0.316789 0.828993 1.218462 1.419601 1.624562 1.795522 1.673000 1.280553 0.930211 0.736918 0.569238 0.373003 0.207257 0.101593 0.043417 0.015828 0.005501 0.003773 0.006241 0.010333 0.013919 0.015418 0.013702 
0.011878 0.010783 0.006380 -0.027405 -0.046022 0.128191 0.568460 1.043169 1.330563 1.523968 1.730509 1.769474 1.491015 1.092935 0.822148 0.653262 0.471000 0.284470 0.147702 0.067625 0.026632 0.009048 0.003837 0.004643 0.008217 0.012288 0.015000 0.014870 
0.013434 0.011419 0.010625 -0.009624 -0.049713 0.012404 0.329545 0.815369 1.204448 1.432319 1.636891 1.780304 1.657560 1.291496 0.943217 0.732172 0.563234 0.374891 0.209432 0.101678 0.043222 0.015603 0.005293 0.003691 0.006226 0.010306 0.013906 0.015291 
0.014575 0.012360 0.012161 0.002957 -0.034816 -0.040981 0.144493 0.567961 1.026030 1.329915 1.539884 1.729055 1.750774 1.488624 1.107668 0.826486 0.646284 0.468845 0.287125 0.148867 0.067442 0.026404 0.008822 0.003689 0.004604 0.008200 0.012275 0.014940 
0.015063 0.013457 0.012698 0.009907 -0.016120 -0.051852 0.024904 0.339190 0.804470 1.193479 1.442069 1.646235 1.768122 1.644866 1.299335 0.954530 0.729901 0.557659 0.375536 0.211728 0.102078 0.042932 0.015369 0.005100 0.003601 0.006204 0.010295 0.013885 
0.014798 0.014381 0.013151 0.012882 -0.001047 -0.040410 -0.035350 0.157764 0.567160 1.012517 1.329326 1.552071 1.727642 1.735708 1.485948 1.119376 0.831430 0.641124 0.466071 0.289102 0.150362 0.067375 0.026096 0.008605 0.003546 0.004553 0.008188 0.012272 
0.013817 0.014824 0.013757 0.013810 0.008361 -0.021915 -0.052410 0.035936 0.346697 0.795625 1.184835 1.449526 1.653274 1.758258 1.634242 1.305048 0.964387 0.729221 0.552764 0.375317 0.213858 0.102777 0.042642 0.015087 0.004919 0.003506 0.006178 0.010299 
0.012253 0.014607 0.014350 0.014058 0.012981 -0.005212 -0.044576 -0.029565 0.168780 0.566258 1.001745 1.328772 1.561382 1.726251 1.723387 1.483186 1.128841 0.836541 0.637385 0.463103 0.290440 0.151985 0.067489 0.025741 0.008369 0.003410 0.004496 0.008186 
0.010303 0.013700 0.014644 0.014255 0.014638 0.006277 -0.026969 -0.051928 0.045703 0.352697 0.788405 1.177938 1.455212 1.658534 1.750136 1.625254 1.309269 0.972992 0.729587 0.548588 0.374532 0.215702 0.103693 0.042420 0.014756 0.004736 0.003413 0.006155 
0.008188 0.012202 0.014409 0.014485 0.014945 0.012560 -0.009309 -0.047628 -0.023859 0.178070 0.565392 0.993074 1.328213 1.568477 1.724848 1.713169 1.480474 1.136594 0.841584 0.634753 0.460175 0.291239 0.153600 0.067785 0.025385 0.008100 0.003277 0.004442 
0.006137 0.010291 0.013551 0.014556 0.014869 0.015148 0.003871 -0.031321 -0.050759 0.054383 0.357622 0.782494 1.172357 1.459518 1.662409 1.743325 1.617584 1.312429 0.980524 0.730642 0.545095 0.373398 0.217224 0.104740 0.042302 0.014394 0.004535 0.003324 
0.004395 0.008186 0.012118 0.014238 0.014758 0.015733 0.011727 -0.013215 -0.049811 -0.018355 0.186020 0.564644 0.986033 1.327623 1.573854 1.723406 1.704584 1.477892 1.143022 0.846435 0.632982 0.457411 0.291611 0.155124 0.068235 0.025061 0.007796 0.003137 
0.003238 0.006123 0.010256 0.013391 0.014569 0.015528 0.015349 0.001293 -0.035038 -0.049144 0.062134 0.361768 0.777653 1.167775 1.462741 1.665196 1.737510 1.610991 1.314825 0.987140 0.732145 0.542218 0.372068 0.218435 0.105847 0.042297 0.014021 0.004309 
0.002986 0.004355 0.008174 0.012008 0.014116 0.015133 0.016377 0.010581 -0.016869 -0.051316 -0.013114 0.192913 0.564055 0.980272 1.326987 1.577884 1.721914 1.697281 1.475481 1.148409 0.851033 0.631879 0.454875 0.291654 0.156511 0.068802 0.024794 0.007465 
0.004057 0.003152 0.006111 0.010198 0.013238 0.014679 0.016181 0.015272 -0.001354 -0.038196 -0.047245 0.069091 0.365347 0.773690 1.163962 1.465104 1.667120 1.732462 1.605283 1.316669 0.992976 0.733933 0.539881 0.370648 0.219363 0.106961 0.042399 0.013659 
0.007118 0.002820 0.004319 0.008149 0.011884 0.014055 0.015577 0.016860 0.009205 -0.020248 -0.052294 -0.008158 0.198969 0.563643 0.975526 1.326299 1.580849 1.720365 1.690995 1.473258 1.152974 0.855352 0.631294 0.452592 0.291454 0.157742 0.069451 0.024594 
0.013321 0.003783 0.003061 0.006095 0.010120 0.013107 0.014871 0.016792 0.014953 -0.003997 -0.040871 -0.045174 0.075372 0.368509 0.770453 1.160746 1.466777 1.668352 1.728008 1.600308 1.318109 0.998149 0.735890 0.538010 0.369211 0.220045 0.108043 0.042597 
0.024465 0.006767 0.002636 0.004281 0.008110 0.011755 0.014056 0.016057 0.017177 0.007668 -0.023349 -0.052861 -0.003491 0.204353 0.563409 0.971594 1.325556 1.582963 1.718760 1.685524 1.471225 1.156883 0.859389 0.631109 0.450566 0.291078 0.158811 0.070150 
0.042872 0.013019 0.003493 0.002961 0.006071 0.010028 0.013008 0.015130 0.017336 0.014431 -0.006591 -0.043129 -0.043011 0.081075 0.371359 0.767820 1.157999 1.467895 1.669027 1.724023 1.595944 1.319253 1.002757 0.737940 0.536538 0.367804 0.220518 0.109069 
0.070871 0.024404 0.006424 0.002438 0.004236 0.008058 0.011633 0.014118 0.016547 0.017335 0.006022 -0.026181 -0.053109 0.000897 0.209194 0.563346 0.968320 1.324763 1.584392 1.717101 1.680714 1.469375 1.160263 0.863155 0.631234 0.448789 0.290581 0.159725 
0.110024 0.043208 0.012758 0.003194 0.002849 0.006036 0.009929 0.012947 0.015439 0.017800 0.013741 -0.009104 -0.045033 -0.040808 0.086286 0.373978 0.765690 1.155625 1.468561 1.669247 1.720410 1.592089 1.320179 1.006885 0.740028 0.535404 0.366461 0.220819 
