0.025417 0.070913 0.145888 0.275434 0.458452 0.671854 0.868149 0.990174 0.997484 0.825414 1.198553 1.548008 1.297488 1.159861 1.074590 1.092323 0.510183 -0.059443 0.000816 0.000530 0.002303 0.007001 0.014304 0.022027 0.027029 0.027029 0.022027 0.011557 
0.014989 0.044345 0.103148 0.203908 0.361702 0.564323 0.775713 0.940973 1.012210 0.888585 0.979388 1.412259 1.453191 1.218347 1.107516 1.114511 0.837963 0.185220 -0.064898 0.004328 0.001106 0.004307 0.010464 0.018309 0.025010 0.027654 0.025182 0.015613 
0.012868 0.025953 0.069284 0.147341 0.276439 0.459663 0.672353 0.867103 0.994647 0.949174 0.899205 1.198941 1.474457 1.345254 1.147816 1.121371 1.017471 0.509940 0.015038 -0.045716 0.006844 0.002120 0.007095 0.014353 0.021985 0.026905 0.027181 0.020282 
0.015326 0.016239 0.043557 0.102952 0.205317 0.362826 0.565288 0.775049 0.945889 0.983005 0.902614 1.028730 1.363508 1.439415 1.240113 1.128747 1.099488 0.788143 0.234565 -0.049555 -0.022938 0.007456 0.003859 0.010558 0.018315 0.024905 0.027782 0.024212 
0.019489 0.013520 0.026243 0.068564 0.148002 0.277815 0.460791 0.672145 0.871259 0.980149 0.937247 0.939724 1.199257 1.434841 1.351468 1.173802 1.126617 0.976585 0.509652 0.056243 -0.055904 -0.005853 0.007138 0.006498 0.014443 0.021915 0.026979 0.026732 
0.023468 0.015257 0.016863 0.043234 0.102815 0.206438 0.364207 0.565459 0.778106 0.940830 0.965349 0.919584 1.054921 1.338481 1.418983 1.260374 1.148482 1.077835 0.762080 0.260774 -0.031297 -0.038699 0.003811 0.007134 0.009964 0.018359 0.024929 0.027625 
0.026228 0.019002 0.013899 0.026425 0.068196 0.148489 0.279220 0.461403 0.674191 0.871226 0.966120 0.935540 0.966670 1.200128 1.406367 1.351703 1.198930 1.125900 0.946874 0.509947 0.083869 -0.055909 -0.018115 0.007952 0.008232 0.013928 0.022000 0.026947 
0.027349 0.022889 0.015216 0.017232 0.043075 0.102783 0.207487 0.365183 0.566869 0.780077 0.932899 0.954815 0.934602 1.072455 1.321256 1.401473 1.276464 1.164056 1.059131 0.743851 0.278336 -0.015012 -0.047377 -0.002736 0.009365 0.010593 0.018011 0.025023 
0.026903 0.025744 0.018648 0.014129 0.026548 0.068000 0.149011 0.280274 0.462557 0.676527 0.868444 0.954672 0.937463 0.986715 1.200457 1.384728 1.351008 1.219005 1.124273 0.924028 0.509723 0.104590 -0.052319 -0.027836 0.006028 0.010272 0.013940 0.021835 
0.024935 0.027084 0.022406 0.015169 0.017466 0.042987 0.102892 0.208313 0.366246 0.568940 0.780469 0.924628 0.948378 0.947655 1.085148 1.308059 1.387635 1.288820 1.175904 1.044123 0.729681 0.291069 -0.000715 -0.052001 -0.009639 0.010037 0.011878 0.017800 
0.021604 0.026748 0.025331 0.018351 0.014270 0.026626 0.067946 0.149476 0.281200 0.464243 0.678363 0.864285 0.945558 0.940908 1.002424 1.200223 1.367955 1.350258 1.234422 1.122609 0.906079 0.508959 0.120969 -0.047242 -0.035255 0.002731 0.011817 0.014508 
0.017903 0.024708 0.026797 0.022008 0.015102 0.017610 0.042963 0.103061 0.208993 0.367572 0.571123 0.779627 0.916832 0.944468 0.959013 1.094685 1.297557 1.376829 1.298222 1.184809 1.032176 0.718235 0.300657 0.011865 -0.054136 -0.016081 0.009480 0.013287 
0.015407 0.021463 0.026477 0.024965 0.018099 0.014340 0.026687 0.067975 0.149872 0.282181 0.466227 0.679521 0.859534 0.938316 0.944988 1.015078 1.199646 1.354786 1.349569 1.246142 1.121025 0.891764 0.507874 0.134288 -0.041563 -0.040831 -0.001160 0.012692 
0.014537 0.018291 0.024443 0.026463 0.021672 0.015019 0.017698 0.042984 0.103235 0.209642 0.369143 0.573126 0.777935 0.909759 0.942195 0.968915 1.102047 1.289078 1.368338 1.305349 1.191449 1.022568 0.708840 0.308079 0.022967 -0.054667 -0.021815 0.008076 
0.012940 0.016434 0.021476 0.026137 0.024610 0.017879 0.014362 0.026743 0.068039 0.150235 0.283294 0.468303 0.680040 0.854620 0.932546 0.949262 1.025461 1.198929 1.344334 1.348916 1.255017 1.119498 0.880197 0.506671 0.145327 -0.035723 -0.044962 -0.005220 
0.006126 0.015507 0.018882 0.024217 0.026086 0.021369 0.014926 0.017752 0.043028 0.103402 0.210339 0.370881 0.574823 0.775693 0.903450 0.941012 0.977564 1.107870 1.282187 1.361581 1.310723 1.196345 1.014723 0.701061 0.313969 0.032796 -0.054142 -0.026803 
-0.009217 0.012663 0.017447 0.021643 0.025780 0.024247 0.017676 0.014356 0.026793 0.068111 0.150610 0.284547 0.470332 0.680020 0.849778 0.927931 0.953492 1.034107 1.198210 1.335958 1.348263 1.261707 1.117989 0.870734 0.505485 0.154623 -0.029955 -0.047964 
-0.031083 0.003846 0.016160 0.019586 0.024070 0.025682 0.021073 0.014828 0.017785 0.043073 0.103572 0.211123 0.372705 0.576177 0.773120 0.897867 0.940557 0.985140 1.112588 1.276571 1.356129 1.314736 1.199892 1.008207 0.694585 0.318762 0.041531 -0.052917 
-0.050087 -0.013024 0.011972 0.018363 0.021941 0.025444 0.023869 0.017478 0.014336 0.026833 0.068181 0.151030 0.285919 0.472231 0.679569 0.845134 0.924222 0.957552 1.041401 1.197573 1.329186 1.347583 1.266707 1.116473 0.862905 0.504399 0.162560 -0.024385 
-0.051236 -0.034724 0.001391 0.016506 0.020332 0.024015 0.025275 0.020771 0.014726 0.017804 0.043110 0.103759 0.212008 0.374547 0.577197 0.770367 0.892943 0.940589 0.991799 1.116502 1.271990 1.351665 1.317685 1.202383 1.002706 0.689169 0.322757 0.049329 
-0.019075 -0.051522 -0.016579 0.010967 0.019134 0.022334 0.025156 0.023479 0.017275 0.014305 0.026858 0.068251 0.151515 0.287377 0.473957 0.678787 0.840751 0.921227 0.961378 1.047633 1.197060 1.323670 1.346861 1.270390 1.114934 0.856358 0.503456 0.169428 
0.056328 -0.049264 -0.037800 -0.001132 0.016572 0.021068 0.024050 0.024882 0.020458 0.014618 0.017809 0.043135 0.103979 0.212989 0.376357 0.577911 0.767541 0.888602 0.940941 0.997676 1.119824 1.268255 1.347958 1.319791 1.204044 0.997987 0.684623 0.326167 
0.175443 -0.014050 -0.052423 -0.019856 0.009730 0.019740 0.022788 0.024929 0.023087 0.017062 0.014266 0.026869 0.068327 0.152076 0.288889 0.475492 0.677756 0.836652 0.918792 0.964945 1.053019 1.196692 1.319144 1.346090 1.273035 1.113366 0.850830 0.502675 
0.329143 0.062643 -0.047115 -0.040387 -0.003653 0.016394 0.021756 0.024164 0.024518 0.020134 0.014499 0.017801 0.043151 0.104242 0.214054 0.378100 0.578356 0.764712 0.884768 0.941498 1.002887 1.122707 1.265213 1.344836 1.321226 1.205043 0.993878 0.680795 
0.502058 0.180774 -0.009313 -0.052907 -0.022853 0.008331 0.020177 0.023273 0.024766 0.022701 0.016836 0.014214 0.026865 0.068418 0.152713 0.290424 0.476834 0.676546 0.832842 0.916800 0.968249 1.057727 1.196473 1.315407 1.345269 1.274857 1.111767 0.846117 
0.677564 0.331793 0.068375 -0.044869 -0.042554 -0.006123 0.016010 0.022372 0.024342 0.024193 0.019803 0.014368 0.017778 0.043163 0.104556 0.215187 0.379754 0.578572 0.761929 0.881374 0.942180 1.007532 1.125259 1.262745 1.342172 1.322122 1.205514 0.990253 
0.842066 0.501599 0.185551 -0.004855 -0.053066 -0.025577 0.006823 0.020451 0.023764 0.024665 0.022329 0.016598 0.014147 0.026847 0.068531 0.153423 0.291959 0.477989 0.675211 0.829311 0.915157 0.971298 1.061887 1.196396 1.312304 1.344399 1.276019 1.110139 
0.987014 0.674831 0.334196 0.073608 -0.042579 -0.044359 -0.008511 0.015455 0.022903 0.024567 0.023911 0.019470 0.014221 0.017738 0.043177 0.104924 0.216370 0.381306 0.578596 0.759222 0.878356 0.942932 1.011695 1.127559 1.260751 1.339870 1.322583 1.205560 
