0.793000 0.973229 0.973870 0.796054 0.524765 0.279339 0.149030 0.157427 0.274472 0.457491 0.683393 0.947321 1.234959 1.498092 1.658857 1.644551 1.431507 1.068431 0.660470 0.319374 0.108994 0.021723 0.002095 -0.000146 0.012070 0.081475 0.251786 0.514906 
0.659134 0.900455 0.995928 0.901958 0.664635 0.393241 0.198320 0.137769 0.205036 0.359178 0.565385 0.811499 1.091189 1.374455 1.595814 1.675067 1.559827 1.262151 0.863076 0.477573 0.198320 0.053437 0.006594 -0.001016 0.001484 0.036891 0.154523 0.376609 
0.516669 0.791485 0.969147 0.969742 0.794385 0.526288 0.282603 0.151658 0.157984 0.273423 0.456533 0.683849 0.949022 1.236468 1.497885 1.656478 1.641005 1.428729 1.068103 0.662836 0.322908 0.111353 0.021436 -0.000295 -0.002454 0.011992 0.084040 0.255260 
0.379490 0.659311 0.897455 0.991508 0.898857 0.664607 0.395873 0.201505 0.139422 0.204654 0.357986 0.565062 0.812678 1.092980 1.375230 1.594488 1.671921 1.556439 1.260478 0.864176 0.480765 0.201505 0.054530 0.005086 -0.003636 0.000131 0.038218 0.157815 
0.258639 0.518372 0.789994 0.965156 0.965702 0.792737 0.527748 0.285773 0.154238 0.158575 0.272455 0.455631 0.684293 0.950664 1.237920 1.497660 1.654126 1.637517 1.426010 1.067792 0.665155 0.326358 0.113654 0.021167 -0.002601 -0.004678 0.011935 0.086542 
0.161020 0.382285 0.659468 0.894517 0.987187 0.895815 0.664556 0.398420 0.204611 0.141068 0.204337 0.356869 0.564763 0.813816 1.094706 1.375964 1.593164 1.668820 1.553114 1.258847 0.865260 0.483886 0.204611 0.055602 0.003633 -0.006163 -0.001164 0.039521 
0.088984 0.261922 0.520015 0.788525 0.961253 0.961747 0.791108 0.529147 0.288853 0.156772 0.159198 0.271564 0.454783 0.684727 0.952249 1.239316 1.497414 1.651799 1.634087 1.423348 1.067498 0.667428 0.329726 0.115900 0.020917 -0.004826 -0.006819 0.011897 
0.040802 0.164140 0.384995 0.659605 0.891640 0.982961 0.892831 0.664481 0.400883 0.207643 0.142707 0.204082 0.355825 0.564486 0.814918 1.096371 1.376658 1.591845 1.665763 1.549851 1.257256 0.866329 0.486937 0.207643 0.056653 0.002234 -0.008601 -0.002403 
0.011878 0.091368 0.265113 0.521601 0.787078 0.957436 0.957875 0.789498 0.530487 0.291846 0.159262 0.159852 0.270748 0.453988 0.685153 0.953779 1.240656 1.497149 1.649498 1.630714 1.420742 1.067217 0.669656 0.333015 0.118093 0.020684 -0.006972 -0.008880 
-0.003588 0.042061 0.167178 0.387624 0.659723 0.888822 0.978826 0.889902 0.664384 0.403265 0.210602 0.144339 0.203884 0.354851 0.564234 0.815983 1.097976 1.377311 1.590528 1.662751 1.546650 1.255704 0.867381 0.489920 0.210602 0.057685 0.000887 -0.010952 
-0.010863 0.011877 0.093695 0.268215 0.523133 0.785653 0.953701 0.954084 0.787905 0.531771 0.294755 0.161708 0.160535 0.270003 0.453243 0.685570 0.955255 1.241942 1.496864 1.647222 1.627398 1.418191 1.066950 0.671838 0.336227 0.120236 0.020468 -0.009042 
-0.013218 -0.004721 0.043299 0.170136 0.390174 0.659823 0.886060 0.974782 0.887027 0.664266 0.405570 0.213491 0.145964 0.203743 0.353944 0.564004 0.817016 1.099521 1.377923 1.589215 1.659783 1.543508 1.254189 0.868417 0.492837 0.213491 0.058697 -0.000409 
-0.011039 -0.012771 0.011893 0.095967 0.271229 0.524611 0.784249 0.950046 0.950372 0.786330 0.533000 0.297583 0.164112 0.161246 0.269326 0.452549 0.685982 0.956681 1.243173 1.496559 1.644972 1.624138 1.415692 1.066694 0.673976 0.339365 0.122329 0.020270 
-0.001655 -0.015403 -0.005802 0.044518 0.173016 0.392646 0.659904 0.883355 0.970824 0.884205 0.664126 0.407800 0.216313 0.147582 0.203655 0.353103 0.563798 0.818016 1.101009 1.378496 1.587904 1.656859 1.540426 1.252710 0.869436 0.495690 0.216313 0.059692 
0.020089 -0.012963 -0.014607 0.011927 0.098185 0.274159 0.526036 0.782866 0.946468 0.946736 0.784772 0.534176 0.300332 0.166475 0.161982 0.268715 0.451902 0.686388 0.958058 1.244352 1.496233 1.642746 1.620934 1.413245 1.066450 0.676069 0.342431 0.124375 
0.060669 -0.002852 -0.017509 -0.006834 0.045716 0.175821 0.395044 0.659969 0.880702 0.966950 0.881433 0.663967 0.409958 0.219069 0.149192 0.203619 0.352324 0.563615 0.818985 1.102442 1.379029 1.586596 1.653978 1.537401 1.251266 0.870437 0.498480 0.219069 
0.126376 0.019925 -0.014818 -0.016372 0.011977 0.100351 0.277006 0.527412 0.781503 0.942967 0.943174 0.783231 0.535301 0.303005 0.168798 0.162744 0.268168 0.451303 0.686790 0.959387 1.245478 1.495887 1.640546 1.617784 1.410849 1.066215 0.678120 0.345427 
0.221761 0.061631 -0.004003 -0.019538 -0.007818 0.046895 0.178552 0.397369 0.660016 0.878103 0.963158 0.878711 0.663788 0.412046 0.221761 0.150794 0.203631 0.351606 0.563455 0.819926 1.103820 1.379522 1.585290 1.651140 1.534434 1.249855 0.871421 0.501208 
0.348355 0.128333 0.019777 -0.016605 -0.018069 0.012042 0.102467 0.279774 0.528738 0.780159 0.939539 0.939683 0.781705 0.536377 0.305605 0.171083 0.163529 0.267681 0.450750 0.687188 0.960671 1.246554 1.495522 1.638369 1.614689 1.408502 1.065990 0.680128 
0.503876 0.224393 0.062577 -0.005107 -0.021493 -0.008756 0.048055 0.181211 0.399624 0.660048 0.875554 0.959446 0.876036 0.663591 0.414066 0.224393 0.152388 0.203691 0.350947 0.563318 0.820839 1.105145 1.379978 1.583986 1.648344 1.531522 1.248476 0.872388 
0.682095 0.351216 0.130248 0.019646 -0.018326 -0.019699 0.012123 0.104533 0.282463 0.530018 0.778834 0.936182 0.936262 0.780196 0.537405 0.308134 0.173330 0.164336 0.267252 0.450241 0.687582 0.961910 1.247580 1.495137 1.636217 1.611646 1.406203 1.065774 
0.873337 0.506486 0.226965 0.063509 -0.006167 -0.023375 -0.009650 0.049196 0.183802 0.401810 0.660064 0.873054 0.955810 0.873408 0.663375 0.416020 0.226964 0.153975 0.203795 0.350345 0.563203 0.821725 1.106418 1.380395 1.582685 1.645589 1.528666 1.247128 
1.065565 0.684020 0.354013 0.132122 0.019531 -0.019984 -0.021266 0.012218 0.106551 0.285078 0.531250 0.777527 0.932894 0.932909 0.778701 0.538387 0.310595 0.175540 0.165164 0.266880 0.449776 0.687975 0.963106 1.248557 1.494732 1.634088 1.608655 1.403951 
1.245811 0.874269 0.509038 0.229479 0.064428 -0.007183 -0.025187 -0.010500 0.050320 0.186325 0.403930 0.660064 0.870602 0.952250 0.870826 0.663143 0.417912 0.229479 0.155554 0.203943 0.349798 0.563110 0.822587 1.107641 1.380775 1.581385 1.642875 1.525863 
1.401745 1.065363 0.685904 0.356747 0.133956 0.019432 -0.021579 -0.022770 0.012328 0.108523 0.287619 0.532439 0.776239 0.929674 0.929621 0.777222 0.539324 0.312989 0.177715 0.166012 0.266562 0.449353 0.688365 0.964260 1.249486 1.494308 1.631981 1.605715 
1.523112 1.244522 0.875182 0.511534 0.231937 0.065333 -0.008157 -0.026931 -0.011308 0.051425 0.188782 0.405985 0.660050 0.868197 0.948762 0.868287 0.662894 0.419743 0.231937 0.157124 0.204131 0.349304 0.563040 0.823424 1.108815 1.381119 1.580088 1.640201 
1.602826 1.399583 1.065168 0.687749 0.359420 0.135753 0.019348 -0.023114 -0.024214 0.012451 0.110449 0.290089 0.533584 0.774967 0.926518 0.926397 0.775758 0.540219 0.315319 0.179855 0.166879 0.266297 0.448971 0.688754 0.965375 1.250368 1.493865 1.629898 
1.637567 1.520413 1.243262 0.876078 0.513975 0.234342 0.066226 -0.009089 -0.028609 -0.012075 0.052514 0.191176 0.407977 0.660022 0.865837 0.945344 0.865791 0.662630 0.421514 0.234342 0.158687 0.204360 0.348861 0.562991 0.824238 1.109942 1.381427 1.578792 
