-0.000006 -0.000006 0.000188 0.001206 0.003951 0.009441 0.019643 -0.022926 0.579609 1.217848 1.281818 1.461588 1.672530 1.928534 1.483168 0.920668 0.866034 0.672530 0.461588 0.281818 0.155348 0.079609 0.039574 0.019643 0.009441 0.003951 0.001206 0.000188 
0.000027 -0.000030 0.000027 0.000538 0.002299 0.006230 0.017546 -0.038662 0.235791 0.932389 1.278487 1.362517 1.562294 1.841551 1.757008 1.177498 0.870289 0.779051 0.566200 0.366424 0.212081 0.112076 0.056103 0.027744 0.013640 0.006230 0.002299 0.000538 
0.000176 -0.000037 -0.000037 0.000176 0.001205 0.003668 0.015647 -0.027004 0.051514 0.579612 1.143724 1.329647 1.450204 1.719693 1.852952 1.481169 0.993376 0.818773 0.679409 0.462655 0.283017 0.155931 0.079612 0.039307 0.019382 0.009299 0.003912 0.001205 
0.000534 0.000005 -0.000064 0.000005 0.000550 0.001752 0.012477 -0.009837 -0.023417 0.285213 0.883054 1.264408 1.384703 1.584154 1.826402 1.705876 1.224949 0.884297 0.751725 0.573550 0.367232 0.213016 0.112347 0.055935 0.027456 0.013432 0.006144 0.002286 
0.001202 0.000165 -0.000067 -0.000068 0.000207 0.000514 0.008584 0.002839 -0.037311 0.092684 0.579588 1.103577 1.335924 1.476807 1.725277 1.811338 1.479171 1.032851 0.807857 0.667247 0.468893 0.283521 0.156569 0.079629 0.039046 0.019119 0.009153 0.003869 
0.002270 0.000531 -0.000016 -0.000099 0.000050 -0.000127 0.004928 0.008725 -0.025720 -0.005254 0.311512 0.857492 1.243695 1.405358 1.604468 1.804597 1.678528 1.249313 0.901247 0.735887 0.570867 0.371744 0.213268 0.112701 0.055774 0.027169 0.013221 0.006055 
0.003823 0.001198 0.000154 -0.000101 -0.000018 -0.000345 0.002152 0.009295 -0.009539 -0.037438 0.120284 0.580162 1.074614 1.336220 1.502509 1.724856 1.780896 1.477795 1.058789 0.807126 0.655487 0.470897 0.286346 0.156638 0.079740 0.038785 0.018855 0.009003 
0.005961 0.002252 0.000528 -0.000044 -0.000055 -0.000333 0.000437 0.007057 0.002068 -0.034523 0.010937 0.329178 0.839780 1.225927 1.421818 1.620573 1.785717 1.659036 1.265077 0.916247 0.727115 0.565249 0.375192 0.214764 0.112642 0.055702 0.026876 0.013007 
0.008849 0.003774 0.001194 0.000135 -0.000068 -0.000243 -0.000379 0.004107 0.007263 -0.019381 -0.033970 0.140986 0.580235 1.052523 1.335584 1.523117 1.723485 1.757320 1.475941 1.077860 0.809996 0.646240 0.470130 0.289482 0.157235 0.079591 0.038598 0.018580 
0.012781 0.005865 0.002233 0.000516 -0.000022 -0.000159 -0.000602 0.001658 0.007630 -0.004950 -0.039275 0.025143 0.342027 0.826140 1.211851 1.434519 1.632907 1.770512 1.643625 1.276056 0.929283 0.722383 0.559241 0.377065 0.216920 0.112709 0.055493 0.026635 
0.018337 0.008684 0.003724 0.001181 0.000149 -0.000096 -0.000531 0.000127 0.005572 0.003859 -0.026925 -0.029017 0.157354 0.579782 1.035336 1.334892 1.539029 1.722039 1.738642 1.473584 1.092628 0.814356 0.639267 0.467965 0.292120 0.158382 0.079391 0.038354 
0.026384 0.012569 0.005760 0.002207 0.000521 -0.000011 -0.000370 -0.000569 0.002998 0.006980 -0.011509 -0.041543 0.037636 0.351744 0.815238 1.200828 1.444245 1.642255 1.758345 1.630960 1.283931 0.940625 0.720126 0.553663 0.377695 0.219197 0.113093 0.055187 
0.038029 0.018102 0.008523 0.003663 0.001175 0.000172 -0.000211 -0.000715 0.000953 0.006367 -0.000139 -0.032631 -0.023462 0.170670 0.579024 1.021788 1.334260 1.551208 1.720637 1.723597 1.470941 1.104370 0.819323 0.634111 0.465181 0.294080 0.159858 0.079308 
0.054880 0.026084 0.012371 0.005650 0.002178 0.000542 -0.000051 -0.000591 -0.000251 0.004171 0.005483 -0.017364 -0.042210 0.048655 0.359308 0.806398 1.192138 1.451674 1.649297 1.748498 1.620365 1.289680 0.950511 0.719460 0.548764 0.377461 0.221309 0.113774 
0.079406 0.037658 0.017848 0.008370 0.003596 0.001180 0.000177 -0.000380 -0.000731 0.001899 0.006531 -0.004306 -0.036894 -0.017746 0.181717 0.578160 1.010990 1.333663 1.560507 1.719257 1.711299 1.468212 1.113869 0.824456 0.630378 0.462204 0.295400 0.161463 
0.114673 0.054642 0.025736 0.012169 0.005542 0.002153 0.000563 -0.000142 -0.000755 0.000273 0.005057 0.003439 -0.022474 -0.041824 0.058404 0.365353 0.799186 1.185201 1.457330 1.654557 1.740393 1.611405 1.293936 0.959146 0.719839 0.544586 0.376662 0.223135 
0.163060 0.079685 0.037285 0.017560 0.008219 0.003532 0.001190 0.000149 -0.000556 -0.000578 0.002830 0.006167 -0.008409 -0.040033 -0.012103 0.191029 0.577328 1.002300 1.333065 1.567587 1.717863 1.701105 1.465533 1.121656 0.829522 0.627751 0.459266 0.296182 
0.224639 0.115703 0.054507 0.025357 0.011950 0.005439 0.002133 0.000567 -0.000267 -0.000825 0.000916 0.005622 0.001064 -0.026878 -0.040740 0.067065 0.370313 0.793285 1.179585 1.461606 1.658430 1.733600 1.603764 1.297129 0.966707 0.720908 0.541091 0.375514 
0.296537 0.164566 0.080118 0.036945 0.017238 0.008063 0.003477 0.001196 0.000087 -0.000707 -0.000283 0.003663 0.005384 -0.012325 -0.042293 -0.006657 0.198991 0.576608 0.995244 1.332438 1.572946 1.716431 1.692545 1.462983 1.128116 0.834395 0.625986 0.456493 
0.374170 0.225832 0.116792 0.054485 0.024967 0.011706 0.005339 0.002119 0.000548 -0.000406 -0.000791 0.001609 0.005877 -0.001490 -0.030643 -0.039201 0.074793 0.374488 0.788453 1.174974 1.464799 1.661213 1.727803 1.597200 1.299560 0.973352 0.722426 0.538211 
0.453948 0.296563 0.165935 0.080669 0.036661 0.016889 0.007895 0.003429 0.001192 -0.000003 -0.000808 0.000118 0.004353 0.004282 -0.015992 -0.043869 -0.001470 0.205892 0.576044 0.989472 1.331768 1.576958 1.714947 1.685266 1.460605 1.133536 0.839014 0.624888 
0.535872 0.372736 0.226742 0.117888 0.054571 0.024587 0.011435 0.005240 0.002106 0.000505 -0.000538 -0.000660 0.002298 0.005849 -0.004117 -0.033848 -0.037372 0.081727 0.378089 0.784499 1.171135 1.467133 1.663132 1.722772 1.591523 1.301437 0.979216 0.724227 
0.624309 0.451657 0.296346 0.167148 0.081300 0.036443 0.016524 0.007711 0.003386 0.001175 -0.000109 -0.000849 0.000589 0.004881 0.002946 -0.019385 -0.044912 0.003435 0.211951 0.575652 0.984718 1.331049 1.579905 1.713405 1.679005 1.458415 1.138133 0.843355 
0.726199 0.533999 0.371286 0.227406 0.118953 0.054751 0.024231 0.011143 0.005136 0.002090 0.000441 -0.000649 -0.000445 0.002946 0.005578 -0.006745 -0.036566 -0.035366 0.087983 0.381267 0.781270 1.167896 1.468779 1.664358 1.718336 1.586578 1.302911 0.984417 
0.847415 0.624130 0.449623 0.295954 0.168199 0.081981 0.036297 0.016155 0.007512 0.003341 0.001144 -0.000220 -0.000827 0.001099 0.005244 0.001445 -0.022501 -0.045539 0.008053 0.217334 0.575435 0.980778 1.330278 1.582000 1.711806 1.673560 1.456415 1.142073 
0.989053 0.728263 0.532525 0.369866 0.227861 0.119961 0.055009 0.023911 0.010835 0.005023 0.002067 0.000362 -0.000729 -0.000161 0.003529 0.005100 -0.009326 -0.038866 -0.033263 0.093662 0.384130 0.778644 1.165130 1.469870 1.665026 1.714367 1.582244 1.304089 
1.145486 0.851202 0.624261 0.447838 0.295441 0.169095 0.082685 0.036218 0.015793 0.007297 0.003288 0.001098 -0.000325 -0.000744 0.001622 0.005447 -0.000168 -0.025348 -0.045843 0.012395 0.222172 0.575386 0.977498 1.329458 1.583410 1.710151 1.668774 1.454598 
1.305049 0.993208 0.730365 0.531390 0.368510 0.228144 0.120898 0.055327 0.023632 0.010519 0.004899 0.002032 0.000276 -0.000771 0.000174 0.004033 0.004452 -0.011828 -0.040809 -0.031116 0.098848 0.386758 0.776520 1.162738 1.470510 1.665239 1.710770 1.578420 
