0.009150 0.012222 0.027891 0.067569 0.145531 0.275791 0.460742 0.678518 0.817690 1.505207 2.072709 1.892916 1.693551 1.472783 1.344955 0.647820 0.005426 0.027533 0.009826 0.003414 0.003105 0.007195 0.014345 0.022034 0.027030 0.027029 0.022027 0.013946 
0.010851 0.009407 0.017768 0.043836 0.100888 0.203974 0.362796 0.572491 0.718745 1.134678 1.843165 2.030742 1.795794 1.578696 1.438642 1.028548 0.281670 -0.022563 0.020462 0.005533 0.002603 0.004684 0.010545 0.018324 0.025013 0.027654 0.025033 0.017974 
0.014061 0.009161 0.011868 0.027759 0.067549 0.146070 0.276722 0.468429 0.632728 0.891572 1.503194 1.995918 1.938560 1.681314 1.520731 1.271521 0.648493 0.080185 -0.019132 0.015870 0.003005 0.003094 0.007258 0.014383 0.021990 0.026915 0.026950 0.021785 
0.017907 0.010959 0.009215 0.017496 0.043740 0.101131 0.204322 0.370473 0.546383 0.734193 1.182766 1.791367 2.014112 1.816389 1.600520 1.425029 0.979951 0.331607 -0.007181 -0.007034 0.011619 0.001985 0.004736 0.010605 0.018323 0.024926 0.027563 0.024852 
0.021644 0.014108 0.009136 0.011606 0.027548 0.067626 0.145929 0.282853 0.457074 0.623246 0.932180 1.501181 1.953135 1.942664 1.707065 1.527100 1.232043 0.649136 0.121683 -0.029448 0.002904 0.007796 0.002392 0.007360 0.014418 0.021942 0.026826 0.026806 
0.024695 0.017864 0.010996 0.009064 0.017227 0.043690 0.100725 0.208396 0.368135 0.531741 0.752536 1.207741 1.763375 1.990872 1.835458 1.620799 1.404756 0.955114 0.358423 0.011130 -0.023023 0.007710 0.005089 0.004097 0.010730 0.018316 0.024856 0.027444 
0.026658 0.021537 0.014124 0.009091 0.011371 0.027404 0.067132 0.148141 0.284770 0.446122 0.623913 0.959211 1.499790 1.921564 1.940799 1.731918 1.527464 1.203725 0.650372 0.149618 -0.029573 -0.009628 0.008382 0.004015 0.006877 0.014529 0.021898 0.026731 
0.027317 0.024556 0.017825 0.011002 0.008914 0.017047 0.043207 0.101580 0.211434 0.362873 0.524146 0.768888 1.224096 1.743261 1.970597 1.850339 1.636869 1.387401 0.938112 0.376610 0.027478 -0.031926 0.000897 0.007145 0.004695 0.010421 0.018390 0.024780 
0.026620 0.026516 0.021445 0.014123 0.009023 0.011215 0.026987 0.067162 0.150690 0.283940 0.437678 0.628146 0.979341 1.497920 1.896893 1.938019 1.751680 1.526874 1.182259 0.651101 0.170663 -0.026096 -0.019618 0.006225 0.005953 0.006907 0.014364 0.021924 
0.024751 0.027178 0.024431 0.017786 0.010978 0.008814 0.016727 0.042840 0.103109 0.212927 0.357233 0.520571 0.783237 1.235644 1.727247 1.954038 1.861470 1.649169 1.373713 0.925169 0.389982 0.041851 -0.036769 -0.006274 0.007645 0.005947 0.010223 0.018317 
0.021888 0.026539 0.026372 0.021362 0.014102 0.008976 0.011003 0.026511 0.067743 0.152766 0.281735 0.431505 0.633837 0.995132 1.495547 1.877153 1.935197 1.766750 1.526206 1.165674 0.651299 0.187381 -0.021123 -0.027305 0.002697 0.007398 0.007473 0.014135 
0.018137 0.024708 0.027059 0.024310 0.017739 0.010959 0.008700 0.016307 0.042782 0.104771 0.213204 0.352035 0.519450 0.795854 1.244070 1.713998 1.940554 1.869635 1.658483 1.363055 0.914948 0.400223 0.054521 -0.039121 -0.012984 0.006918 0.007313 0.010324 
0.014008 0.021764 0.026466 0.026242 0.021277 0.014079 0.008930 0.010708 0.026146 0.068654 0.154185 0.278933 0.427144 0.640102 1.007867 1.492888 1.861079 1.932451 1.778091 1.525579 1.152707 0.651186 0.201054 -0.015540 -0.033149 -0.001424 0.008171 0.008355 
0.010708 0.017945 0.024614 0.026958 0.024195 0.017690 0.010944 0.008532 0.015881 0.043019 0.106280 0.212641 0.347525 0.519901 0.806981 1.250351 1.702836 1.929424 1.875514 1.665492 1.354706 0.906775 0.408312 0.065724 -0.039865 -0.018987 0.005345 0.008509 
0.009354 0.014047 0.021585 0.026376 0.026130 0.021191 0.014061 0.008857 0.010360 0.025956 0.069698 0.154984 0.275957 0.424201 0.646504 1.018328 1.490142 1.847780 1.929757 1.786558 1.524968 1.142471 0.650960 0.212464 -0.009787 -0.037546 -0.005714 0.008310 
0.009415 0.011295 0.017810 0.024467 0.026861 0.024091 0.017643 0.010920 0.008309 0.015518 0.043471 0.107514 0.211536 0.343746 0.521379 0.816821 1.255122 1.693326 1.920071 1.879630 1.670719 1.348090 0.900215 0.414883 0.075667 -0.039546 -0.024241 0.003223 
0.007918 0.010335 0.014254 0.021396 0.026253 0.026029 0.021114 0.014041 0.008743 0.010003 0.025942 0.070738 0.155264 0.273040 0.422360 0.652808 1.027049 1.487446 1.836614 1.927079 1.792812 1.524340 1.134321 0.650758 0.222143 -0.004097 -0.040811 -0.009940 
0.000767 0.009998 0.011999 0.017767 0.024285 0.026752 0.023999 0.017602 0.010872 0.008046 0.015252 0.044054 0.108440 0.210103 0.340658 0.523527 0.825557 1.258815 1.685151 1.912061 1.882379 1.674560 1.342774 0.894952 0.420368 0.084529 -0.038524 -0.028786 
-0.013978 0.007105 0.011215 0.014600 0.021232 0.026098 0.025929 0.021049 0.014013 0.008588 0.009672 0.026079 0.071693 0.155136 0.270305 0.421375 0.658892 1.034417 1.484879 1.827107 1.924391 1.797351 1.523667 1.127788 0.650661 0.230478 0.001404 -0.043193 
-0.032690 -0.001868 0.010266 0.012750 0.017824 0.024090 0.026623 0.023919 0.017565 0.010793 0.007765 0.015092 0.044696 0.109067 0.208494 0.338194 0.526106 0.833345 1.261729 1.678067 1.905078 1.884056 1.677311 1.338442 0.890743 0.425066 0.092467 -0.037037 
-0.044884 -0.017766 0.005970 0.011949 0.015051 0.021116 0.025917 0.025826 0.020996 0.013971 0.008398 0.009389 0.026329 0.072518 0.154697 0.267813 0.421053 0.664696 1.040719 1.482484 1.818908 1.921677 1.800549 1.522937 1.122518 0.650711 0.237755 0.006656 
-0.035253 -0.036030 -0.004576 0.010249 0.013494 0.017977 0.023901 0.026473 0.023844 0.017530 0.010684 0.007486 0.015034 0.045346 0.109425 0.206814 0.336275 0.528951 0.840325 1.264076 1.671883 1.898889 1.884887 1.679199 1.334865 0.887398 0.429189 0.099617 
0.011632 -0.046036 -0.021278 0.004599 0.012518 0.015568 0.021058 0.025722 0.025714 0.020951 0.013912 0.008185 0.009166 0.026657 0.073193 0.154033 0.265589 0.421243 0.670195 1.046173 1.480276 1.811749 1.918932 1.802689 1.522143 1.118249 0.650925 0.244194 
0.106097 -0.033285 -0.038879 -0.007287 0.009986 0.014195 0.018212 0.023734 0.026307 0.023772 0.017492 0.010547 0.007225 0.015064 0.045966 0.109549 0.205135 0.334829 0.531949 0.846612 1.266006 1.666445 1.893323 1.885043 1.680394 1.331869 0.884764 0.432887 
0.249961 0.016331 -0.046768 -0.024512 0.003061 0.012919 0.016122 0.021063 0.025524 0.025593 0.020907 0.013835 0.007962 0.009005 0.027031 0.073715 0.153210 0.263636 0.421829 0.675389 1.050948 1.478258 1.805429 1.916153 1.803984 1.521285 1.114776 0.651306 
0.436268 0.112006 -0.031211 -0.041307 -0.009951 0.009513 0.014828 0.018514 0.023598 0.026130 0.023697 0.017445 0.010391 0.006990 0.015166 0.046531 0.109479 0.203505 0.333787 0.535023 0.852309 1.267627 1.661630 1.888250 1.884658 1.681031 1.329329 0.882718 
0.651847 0.255185 0.020762 -0.047170 -0.027476 0.001409 0.013156 0.016685 0.021128 0.025334 0.025462 0.020860 0.013740 0.007739 0.008905 0.027425 0.074088 0.152283 0.261945 0.422717 0.680286 1.055174 1.476422 1.799790 1.913344 1.804601 1.520366 1.111945 
0.881161 0.439411 0.117428 -0.029086 -0.043374 -0.012537 0.008867 0.015377 0.018864 0.023501 0.025949 0.023614 0.017387 0.010222 0.006789 0.015321 0.047027 0.109248 0.201953 0.333087 0.538119 0.857500 1.269018 1.657337 1.883574 1.883834 1.681213 1.327147 
