0.093497 0.180486 0.291197 0.463569 0.672266 0.865826 0.983119 0.983922 0.808477 1.187260 1.553162 1.325022 1.206372 1.128410 1.139621 0.542036 -0.043680 0.005933 0.000943 -0.000020 -0.000054 0.000743 0.005090 0.015736 0.032182 0.049561 0.060814 0.054522 
0.068180 0.132508 0.230505 0.371259 0.566593 0.774759 0.936519 1.001817 0.872576 0.964034 1.408144 1.469376 1.256311 1.159275 1.166492 0.878136 0.208728 -0.055169 0.006599 0.000151 -0.000147 0.000070 0.002301 0.009657 0.023538 0.041196 0.056667 0.055936 
0.057992 0.094984 0.176730 0.294799 0.464713 0.672774 0.864568 0.987356 0.935561 0.882471 1.187978 1.479833 1.372735 1.194025 1.174841 1.064604 0.541904 0.031081 -0.040376 0.007254 -0.000415 -0.000197 0.000739 0.005251 0.015954 0.032268 0.050081 0.056503 
0.055337 0.071472 0.130790 0.230254 0.374131 0.567376 0.774001 0.941186 0.972451 0.886685 1.013665 1.359694 1.455695 1.277886 1.180154 1.151192 0.828290 0.258290 -0.039551 -0.020548 0.006383 -0.000843 0.000003 0.002385 0.009864 0.023666 0.041792 0.054312 
0.054598 0.059761 0.095923 0.175237 0.296331 0.466832 0.672317 0.868554 0.972628 0.923585 0.923188 1.188616 1.440434 1.378898 1.219717 1.179746 1.023556 0.541723 0.072557 -0.050347 -0.005443 0.004400 -0.001021 0.000779 0.005411 0.016100 0.032809 0.049121 
0.052556 0.055262 0.073207 0.130272 0.230085 0.376307 0.567966 0.776774 0.935921 0.954636 0.903732 1.040138 1.334960 1.435354 1.297960 1.199544 1.129267 0.802201 0.284707 -0.021025 -0.036192 0.002624 0.002192 -0.000749 0.002539 0.010000 0.024103 0.041667 
0.048041 0.053468 0.060837 0.096623 0.174606 0.297456 0.468225 0.674402 0.868228 0.958407 0.921829 0.950327 1.189800 1.412170 1.379082 1.244557 1.178697 0.993685 0.542121 0.100446 -0.050142 -0.017705 0.005018 0.000489 0.000245 0.005594 0.016420 0.033086 
0.041266 0.051228 0.055255 0.074317 0.130173 0.230232 0.377632 0.569872 0.778565 0.927717 0.943973 0.918825 1.057947 1.318020 1.417932 1.313868 1.214782 1.110297 0.783944 0.302472 -0.004480 -0.044756 -0.004033 0.004189 -0.000250 0.002228 0.010300 0.024495 
0.033145 0.047044 0.052673 0.061547 0.097182 0.174481 0.298171 0.469922 0.676912 0.865168 0.946739 0.923720 0.970559 1.190434 1.390735 1.378338 1.264352 1.176744 0.970683 0.541996 0.121421 -0.046348 -0.027425 0.002901 0.002328 0.000207 0.005531 0.016854 
0.024839 0.040761 0.050172 0.055235 0.075088 0.130328 0.230422 0.378840 0.572385 0.778879 0.919158 0.937400 0.931959 1.070905 1.305101 1.404179 1.326045 1.226303 1.095031 0.769746 0.315401 0.010068 -0.049268 -0.011044 0.004642 0.000899 0.002029 0.010507 
0.017208 0.033107 0.046145 0.052051 0.062025 0.097693 0.174552 0.298791 0.471983 0.678961 0.860784 0.937387 0.927135 0.986455 1.190495 1.374161 1.377538 1.279495 1.174763 0.952581 0.541327 0.138046 -0.041072 -0.034845 -0.000578 0.003681 0.000700 0.005443 
0.010628 0.025078 0.040251 0.049290 0.055178 0.075679 0.130587 0.230650 0.380215 0.574932 0.778021 0.911090 0.933341 0.943402 1.080703 1.294870 1.393456 1.335274 1.234888 1.082829 0.758272 0.325178 0.022893 -0.051295 -0.017588 0.003879 0.002160 0.002150 
0.005485 0.017435 0.033002 0.045350 0.051517 0.062365 0.098160 0.174702 0.299517 0.474229 0.680330 0.855858 0.929904 0.931181 0.999296 1.190206 1.361185 1.376801 1.290948 1.172869 0.938116 0.540333 0.151604 -0.035200 -0.040420 -0.004640 0.004362 0.001518 
0.002577 0.010735 0.025194 0.039764 0.048528 0.055089 0.076156 0.130868 0.230974 0.381792 0.577228 0.776347 0.903771 0.930913 0.953386 1.088322 1.286651 1.385045 1.342230 1.241215 1.072974 0.748848 0.332782 0.034232 -0.051722 -0.023419 0.002275 0.003255 
0.002467 0.005710 0.017563 0.032835 0.044646 0.051039 0.062613 0.098572 0.174914 0.300425 0.476492 0.681038 0.850808 0.923902 0.935412 1.009863 1.189771 1.350920 1.376101 1.299562 1.171039 0.926400 0.539217 0.162875 -0.029173 -0.044548 -0.008864 0.004413 
0.004067 0.003226 0.010885 0.025202 0.039295 0.047858 0.054979 0.076545 0.131146 0.231437 0.383519 0.579159 0.774139 0.897246 0.929572 0.962113 1.094398 1.280015 1.378366 1.347438 1.245807 1.064886 0.741040 0.338850 0.044291 -0.051094 -0.028497 0.000126 
0.003938 0.003414 0.006108 0.017641 0.032608 0.044012 0.050605 0.062794 0.098925 0.175199 0.301518 0.478657 0.681182 0.845858 0.919069 0.939595 1.018688 1.189328 1.342725 1.375400 1.305997 1.169235 0.916792 0.538114 0.172395 -0.023224 -0.047546 -0.013020 
-0.002350 0.004568 0.004008 0.011108 0.025133 0.038834 0.047260 0.054854 0.076854 0.131425 0.232055 0.385325 0.580699 0.771602 0.891473 0.928965 0.969760 1.099364 1.274649 1.372988 1.351288 1.249056 1.058133 0.734533 0.343814 0.053248 -0.049769 -0.032863 
-0.016982 0.003051 0.004276 0.006646 0.017708 0.032333 0.043429 0.050208 0.062918 0.099225 0.175571 0.302768 0.480660 0.680869 0.841126 0.915161 0.943605 1.026156 1.188961 1.336130 1.374674 1.310748 1.167430 0.908820 0.537109 0.180550 -0.017477 -0.049662 
-0.036585 -0.005000 0.004768 0.004846 0.011411 0.025018 0.038371 0.046718 0.054718 0.077094 0.131718 0.232823 0.387151 0.581867 0.768884 0.886382 0.928851 0.976483 1.103520 1.270311 1.368595 1.354077 1.251257 1.052400 0.729086 0.347974 0.061263 -0.047989 
-0.051089 -0.020690 0.001853 0.005007 0.007283 0.017790 0.032024 0.042879 0.049841 0.062992 0.099486 0.176039 0.304136 0.482466 0.680201 0.836667 0.911983 0.947382 1.032554 1.188713 1.330785 1.373905 1.314188 1.165609 0.902134 0.536242 0.187627 -0.011995 
-0.045918 -0.039742 -0.007716 0.004697 0.005685 0.011789 0.024885 0.037906 0.046216 0.054571 0.077276 0.132037 0.233727 0.388949 0.582700 0.766085 0.881892 0.929066 0.982420 1.107077 1.266814 1.364957 1.356028 1.252634 1.047453 0.724509 0.351543 0.068471 
-0.006802 -0.051981 -0.024119 0.000430 0.005585 0.007981 0.017905 0.031695 0.042353 0.049494 0.063023 0.099720 0.176603 0.305584 0.484064 0.679264 0.832502 0.909382 0.950901 1.038100 1.188603 1.326427 1.373089 1.316596 1.163765 0.896468 0.535534 0.193846 
0.074990 -0.043673 -0.042408 -0.010425 0.004392 0.006485 0.012231 0.024754 0.037439 0.045744 0.054411 0.077412 0.132394 0.234744 0.390685 0.583242 0.763278 0.877925 0.929497 0.987689 1.110187 1.264005 1.361903 1.357311 1.253356 1.043123 0.720651 0.354672 
0.199374 -0.001901 -0.052456 -0.027264 -0.001148 0.006006 0.008706 0.018059 0.031360 0.041843 0.049159 0.063017 0.099944 0.177259 0.307076 0.485458 0.678129 0.828630 0.907239 0.954160 1.042961 1.188634 1.322854 1.372223 1.318186 1.161897 0.891621 0.534987 
0.357470 0.080920 -0.041333 -0.044652 -0.013078 0.003892 0.007218 0.012720 0.024639 0.036975 0.045290 0.054237 0.077514 0.132795 0.235851 0.392339 0.583536 0.760509 0.874408 0.930062 0.992389 1.112959 1.261763 1.359305 1.358058 1.253557 1.039281 0.717387 
0.534595 0.204341 0.002717 -0.052606 -0.030133 -0.002828 0.006272 0.009432 0.018252 0.031032 0.041344 0.048828 0.062980 0.100169 0.177998 0.308586 0.486657 0.676854 0.825041 0.905459 0.957168 1.047269 1.188800 1.319912 1.371309 1.319122 1.160006 0.887437 
0.714621 0.360017 0.086346 -0.038951 -0.046534 -0.015645 0.003231 0.007870 0.013241 0.024549 0.036519 0.044846 0.054048 0.077594 0.133246 0.237027 0.393896 0.583623 0.757808 0.871280 0.930708 0.996605 1.115471 1.259989 1.357067 1.358372 1.253337 1.035829 
