0.020085 0.068893 0.145538 0.275441 0.458722 0.673186 0.871026 0.993689 0.999364 0.885745 0.691382 0.474663 0.285969 0.150696 0.069258 0.027803 0.009833 0.003064 0.001085 0.001863 0.005180 0.010516 0.016184 0.019858 0.019858 0.016183 0.010508 0.002392 
0.007681 0.040805 0.102147 0.203825 0.361796 0.565044 0.777843 0.944368 1.011294 0.955057 0.795007 0.582668 0.375226 0.211630 0.104114 0.044564 0.016650 0.005449 0.001603 0.001143 0.003236 0.007701 0.013454 0.018375 0.020317 0.018375 0.013623 0.004990 
0.003725 0.020577 0.067191 0.146947 0.276462 0.459993 0.673739 0.870223 0.991753 0.997361 0.884788 0.691800 0.475900 0.287182 0.151369 0.069364 0.027585 0.009546 0.002855 0.001002 0.001882 0.005240 0.010549 0.016153 0.019775 0.019764 0.016417 0.008841 
0.004757 0.008918 0.039953 0.101888 0.205219 0.362964 0.566057 0.777744 0.942918 1.009189 0.953487 0.794752 0.583583 0.376536 0.212606 0.104489 0.044477 0.016373 0.005188 0.001455 0.001116 0.003284 0.007754 0.013456 0.018315 0.020205 0.018564 0.012740 
0.008124 0.004399 0.020824 0.066402 0.147565 0.277856 0.461139 0.674270 0.869419 0.989858 0.995401 0.883836 0.692187 0.477107 0.288388 0.152053 0.069482 0.027373 0.009257 0.002644 0.000917 0.001900 0.005298 0.010581 0.016124 0.019666 0.019867 0.016048 
0.012080 0.004740 0.009530 0.039567 0.101689 0.206328 0.364320 0.566963 0.777638 0.941489 1.007130 0.951943 0.794481 0.584464 0.377826 0.213586 0.104878 0.044399 0.016097 0.004926 0.001306 0.001088 0.003330 0.007805 0.013461 0.018229 0.020227 0.018465 
0.015622 0.007712 0.004799 0.020965 0.065965 0.148016 0.279199 0.462349 0.674725 0.868628 0.987999 0.993480 0.882889 0.692546 0.478284 0.289585 0.152747 0.069613 0.027166 0.008969 0.002431 0.000830 0.001916 0.005354 0.010615 0.016074 0.019636 0.019870 
0.018255 0.011583 0.004750 0.009888 0.039347 0.101604 0.207289 0.365699 0.567865 0.777490 0.940090 1.005112 0.950424 0.794197 0.585312 0.379096 0.214568 0.105281 0.044331 0.015823 0.004663 0.001154 0.001058 0.003374 0.007858 0.013450 0.018181 0.020241 
0.019794 0.015222 0.007429 0.005051 0.021047 0.065712 0.148437 0.280464 0.463581 0.675150 0.867828 0.986182 0.991596 0.881948 0.692879 0.479432 0.290774 0.153451 0.069757 0.026965 0.008681 0.002217 0.000742 0.001930 0.005411 0.010639 0.016037 0.019631 
0.020223 0.018005 0.011188 0.004753 0.010109 0.039209 0.101614 0.208176 0.367051 0.568768 0.777315 0.938709 1.003139 0.948927 0.793901 0.586130 0.380345 0.215552 0.105696 0.044273 0.015552 0.004398 0.001001 0.001026 0.003418 0.007906 0.013440 0.018161 
0.019625 0.019669 0.014860 0.007210 0.005210 0.021093 0.065570 0.148866 0.281666 0.464805 0.675562 0.867019 0.984399 0.989749 0.881011 0.693188 0.480551 0.291953 0.154163 0.069913 0.026771 0.008393 0.002001 0.000652 0.001943 0.005465 0.010658 0.016017 
0.018154 0.020173 0.017745 0.010859 0.004739 0.010247 0.039119 0.101698 0.209026 0.368363 0.569663 0.777126 0.937341 1.001206 0.947454 0.793593 0.586918 0.381574 0.216536 0.106123 0.044225 0.015285 0.004133 0.000846 0.000993 0.003460 0.007947 0.013437 
0.016012 0.019610 0.019516 0.014533 0.007025 0.005306 0.021116 0.065505 0.149314 0.282821 0.466006 0.675963 0.866208 0.982647 0.987938 0.880081 0.693473 0.481644 0.293122 0.154883 0.070082 0.026583 0.008105 0.001783 0.000560 0.001956 0.005515 0.010677 
0.013443 0.018150 0.020099 0.017488 0.010575 0.004708 0.010329 0.039060 0.101840 0.209857 0.369635 0.570543 0.776930 0.935987 0.999311 0.946003 0.793275 0.587678 0.382783 0.217520 0.106561 0.044188 0.015021 0.003866 0.000689 0.000959 0.003500 0.007985 
0.010700 0.016016 0.019582 0.019347 0.014235 0.006858 0.005356 0.021122 0.065495 0.149786 0.283940 0.467176 0.676352 0.865400 0.980922 0.986160 0.879157 0.693737 0.482710 0.294281 0.155610 0.070263 0.026403 0.007819 0.001564 0.000467 0.001966 0.005560 
0.008022 0.013456 0.018146 0.020007 0.017237 0.010321 0.004661 0.010372 0.039026 0.102029 0.210679 0.370869 0.571401 0.776730 0.934649 0.997449 0.944575 0.792949 0.588411 0.383973 0.218503 0.107011 0.044160 0.014761 0.003598 0.000531 0.000923 0.003535 
0.005603 0.010727 0.016024 0.019543 0.019171 0.013960 0.006701 0.005372 0.021118 0.065528 0.150280 0.285032 0.468314 0.676729 0.864597 0.979223 0.984413 0.878241 0.693981 0.483751 0.295429 0.156343 0.070455 0.026230 0.007534 0.001342 0.000372 0.001973 
0.003568 0.008060 0.013476 0.018138 0.019902 0.016996 0.010088 0.004599 0.010386 0.039010 0.102257 0.211498 0.372069 0.572235 0.776525 0.933328 0.995618 0.943168 0.792614 0.589120 0.385143 0.219484 0.107470 0.044143 0.014505 0.003330 0.000370 0.000885 
0.001978 0.005643 0.010758 0.016035 0.019493 0.018991 0.013703 0.006550 0.005360 0.021107 0.065595 0.150795 0.286100 0.469419 0.677090 0.863801 0.977551 0.982696 0.877331 0.694206 0.484767 0.296566 0.157081 0.070658 0.026064 0.007250 0.001119 0.000275 
0.000845 0.003597 0.008100 0.013500 0.018125 0.019789 0.016763 0.009870 0.004524 0.010379 0.039010 0.102519 0.212315 0.373237 0.573043 0.776316 0.932024 0.993818 0.941780 0.792273 0.589804 0.386294 0.220463 0.107939 0.044135 0.014253 0.003062 0.000208 
0.000176 0.001979 0.005683 0.010792 0.016046 0.019435 0.018811 0.013462 0.006400 0.005328 0.021091 0.065692 0.151329 0.287151 0.470493 0.677435 0.863012 0.975905 0.981006 0.876429 0.694414 0.485759 0.297692 0.157824 0.070872 0.025906 0.006968 0.000895 
0.000043 0.000801 0.003625 0.008141 0.013527 0.018108 0.019669 0.016538 0.009664 0.004438 0.010355 0.039024 0.102809 0.213133 0.374377 0.573824 0.776102 0.930739 0.992047 0.940412 0.791926 0.590464 0.387426 0.221438 0.108417 0.044138 0.014006 0.002793 
0.000670 0.000074 0.001978 0.005723 0.010830 0.016056 0.019371 0.018631 0.013232 0.006251 0.005278 0.021073 0.065813 0.151880 0.288185 0.471536 0.677764 0.862231 0.974285 0.979342 0.875533 0.694605 0.486728 0.298806 0.158571 0.071097 0.025756 0.006688 
0.002525 -0.000123 0.000755 0.003650 0.008183 0.013555 0.018086 0.019545 0.016322 0.009465 0.004341 0.010318 0.039051 0.103124 0.213952 0.375490 0.574580 0.775883 0.929471 0.990305 0.939062 0.791573 0.591104 0.388540 0.222410 0.108903 0.044151 0.013764 
0.006411 0.000443 -0.000031 0.001974 0.005762 0.010869 0.016065 0.019301 0.018453 0.013012 0.006101 0.005214 0.021054 0.065956 0.152446 0.289205 0.472550 0.678075 0.861456 0.972690 0.977703 0.874644 0.694781 0.487675 0.299909 0.159320 0.071332 0.025613 
0.013528 0.002257 -0.000292 0.000705 0.003674 0.008228 0.013584 0.018061 0.019419 0.016112 0.009272 0.004235 0.010272 0.039089 0.103460 0.214772 0.376579 0.575310 0.775659 0.928221 0.988590 0.937728 0.791215 0.591722 0.389635 0.223379 0.109397 0.044173 
0.025478 0.006136 0.000216 -0.000138 0.001967 0.005802 0.010911 0.016072 0.019226 0.018278 0.012800 0.005949 0.005138 0.021035 0.066119 0.153026 0.290212 0.473536 0.678370 0.860689 0.971120 0.976089 0.873761 0.694942 0.488601 0.301000 0.160073 0.071576 
0.044205 0.013296 0.001989 -0.000463 0.000653 0.003697 0.008273 0.013614 0.018031 0.019292 0.015908 0.009083 0.004121 0.010218 0.039139 0.103816 0.215593 0.377646 0.576016 0.775430 0.926989 0.986902 0.936412 0.790852 0.592320 0.390712 0.224343 0.109898 
