-0.000010 0.000119 0.000814 0.002518 0.005149 -0.054570 0.509730 1.072230 1.007930 1.005149 1.002518 1.063314 0.500119 -0.062510 -0.000010 0.000119 0.000814 0.002518 0.005149 0.007930 0.009730 0.009730 0.007930 0.005149 0.002518 0.000814 0.000119 -0.000010 
-0.000026 0.000011 0.000368 0.001545 0.007672 -0.059815 0.188691 0.830268 1.075410 1.002685 0.999860 1.067951 0.820681 0.179698 -0.066432 0.003917 0.000368 0.001545 0.003766 0.006591 0.009004 0.009955 0.009004 0.006591 0.003766 0.001545 0.000368 0.000011 
-0.000032 -0.000032 0.000118 0.000596 0.008900 -0.041220 0.020122 0.509690 0.997483 1.054546 0.992471 1.049183 0.988633 0.500118 0.012175 -0.046419 0.006466 0.000596 0.002553 0.005167 0.007915 0.009690 0.009690 0.007915 0.005167 0.002553 0.000840 0.000118 
-0.000002 -0.000051 0.000013 -0.000153 0.007910 -0.019475 -0.044280 0.238253 0.780618 1.060381 1.023530 1.020732 1.052985 0.771088 0.229276 -0.050924 -0.023272 0.006714 0.001044 0.003810 0.006593 0.008974 0.009912 0.008974 0.006593 0.003795 0.001578 0.000382 
0.000118 -0.000054 -0.000012 -0.000570 0.005580 -0.003728 -0.051247 0.061538 0.509608 0.956700 1.059616 1.017812 1.054302 0.947915 0.500076 0.053585 -0.056484 -0.006196 0.005580 0.001899 0.005226 0.007899 0.009650 0.009650 0.007900 0.005184 0.002586 0.000865 
0.000395 -0.000018 -0.000009 -0.000672 0.003052 0.004280 -0.035118 -0.025829 0.264679 0.754726 1.038714 1.042866 1.040094 1.031379 0.745252 0.255720 -0.032498 -0.038956 0.003065 0.004268 0.003165 0.006661 0.008942 0.009869 0.008945 0.006595 0.003823 0.001610 
0.000890 0.000112 0.000002 -0.000573 0.001072 0.006362 -0.015923 -0.051093 0.089378 0.510110 0.927089 1.058712 1.042284 1.053446 0.918367 0.500617 0.081419 -0.056367 -0.018424 0.006362 0.003573 0.004702 0.007962 0.009606 0.009612 0.007885 0.005200 0.002619 
0.001642 0.000400 0.000045 -0.000395 -0.000117 0.005212 -0.002252 -0.043680 -0.009351 0.282462 0.736669 1.019988 1.058027 1.055281 1.012714 0.727249 0.273520 -0.016046 -0.047556 -0.003486 0.006446 0.003759 0.006299 0.008987 0.009819 0.008917 0.006596 0.003850 
0.002652 0.000905 0.000172 -0.000215 -0.000617 0.003031 0.004402 -0.025578 -0.047343 0.110313 0.510096 0.904339 1.056887 1.061692 1.051667 0.895679 0.500641 0.102348 -0.052653 -0.028111 0.004402 0.005564 0.004693 0.007750 0.009628 0.009565 0.007872 0.005216 
0.003877 0.001664 0.000454 -0.000042 -0.000668 0.001097 0.005819 -0.009142 -0.048188 0.005138 0.295418 0.722670 1.004953 1.069450 1.066729 0.997736 0.713304 0.286492 -0.001579 -0.052102 -0.010393 0.007070 0.005011 0.006050 0.008884 0.009820 0.008880 0.006598 
0.005233 0.002676 0.000951 0.000169 -0.000496 -0.000120 0.004503 0.001074 -0.032933 -0.042108 0.126908 0.509544 0.886484 1.055014 1.076433 1.049840 0.877884 0.500126 0.118938 -0.047452 -0.035496 0.001074 0.007067 0.005224 0.007473 0.009587 0.009551 0.007851 
0.006596 0.003899 0.001703 0.000494 -0.000236 -0.000638 0.002429 0.005203 -0.015570 -0.050209 0.017912 0.305231 0.711395 0.992969 1.077919 1.075222 0.985810 0.702082 0.296321 0.011172 -0.054159 -0.016839 0.006471 0.006380 0.006102 0.008673 0.009808 0.008862 
0.007838 0.005243 0.002708 0.001007 0.000079 -0.000675 0.000697 0.005306 -0.002845 -0.038445 -0.036271 0.140444 0.508672 0.872258 1.053211 1.087468 1.048080 0.863717 0.499290 0.132470 -0.041648 -0.041039 -0.002845 0.007900 0.006074 0.007299 0.009460 0.009548 
0.008861 0.006592 0.003920 0.001757 0.000484 -0.000442 -0.000324 0.003597 0.003743 -0.021291 -0.050628 0.029208 0.312878 0.702170 0.983317 1.084111 1.081438 0.976214 0.692908 0.303986 0.022446 -0.054613 -0.022576 0.005028 0.007582 0.006437 0.008451 0.009746 
0.009526 0.007838 0.005249 0.002751 0.001043 -0.000066 -0.000686 0.001635 0.005480 -0.006931 -0.042514 -0.030273 0.151702 0.507682 0.860775 1.051453 1.095650 1.046365 0.852292 0.498336 0.143725 -0.035682 -0.045136 -0.006931 0.008102 0.007043 0.007292 0.009279 
0.009632 0.008859 0.006594 0.003945 0.001810 0.000420 -0.000590 0.000195 0.004478 0.001739 -0.026263 -0.049991 0.039231 0.318997 0.694560 0.975420 1.088549 1.085900 0.968371 0.685348 0.310121 0.032449 -0.054010 -0.027564 0.003039 0.008497 0.006977 0.008286 
0.009089 0.009472 0.007844 0.005262 0.002799 0.001045 -0.000221 -0.000528 0.002557 0.005126 -0.010950 -0.045453 -0.024348 0.161218 0.506710 0.851392 1.049704 1.101641 1.044658 0.842965 0.497400 0.153237 -0.029788 -0.048103 -0.010950 0.007776 0.007996 0.007452 
0.008213 0.009484 0.008843 0.006605 0.003978 0.001847 0.000322 -0.000646 0.000835 0.005039 -0.000595 -0.030526 -0.048655 0.048161 0.324019 0.688250 0.968844 1.091628 1.089001 0.961848 0.679087 0.315160 0.041359 -0.052706 -0.031842 0.000721 0.009090 0.007636 
0.007754 0.008925 0.009383 0.007848 0.005285 0.002844 0.001012 -0.000350 -0.000229 0.003382 0.004355 -0.014780 -0.047512 -0.018622 0.169376 0.505838 0.843637 1.047938 1.105936 1.042933 0.835266 0.496563 0.161393 -0.024090 -0.050188 -0.014780 0.007032 0.008850 
0.008342 0.008242 0.009323 0.008804 0.006623 0.004019 0.001860 0.000209 -0.000601 0.001523 0.005290 -0.003105 -0.034147 -0.046862 0.056154 0.328245 0.682998 0.963275 1.093643 1.091039 0.956331 0.673884 0.319402 0.049335 -0.050945 -0.035478 -0.001774 0.009373 
0.009560 0.008160 0.008809 0.009268 0.007844 0.005320 0.002880 0.000950 -0.000432 0.000175 0.004064 0.003268 -0.018356 -0.048884 -0.013154 0.176466 0.505110 0.837161 1.046139 1.108908 1.041175 0.828843 0.495869 0.168481 -0.018651 -0.051586 -0.018356 0.005970 
0.009373 0.009044 0.008368 0.009168 0.008742 0.006645 0.004063 0.001849 0.000101 -0.000458 0.002207 0.005260 -0.005686 -0.037205 -0.044778 0.063349 0.331886 0.678614 0.958480 1.094818 1.092235 0.951587 0.669547 0.323060 0.056511 -0.048891 -0.038550 -0.004341 
0.004675 0.010108 0.008636 0.008752 0.009136 0.007829 0.005361 0.002904 0.000871 -0.000454 0.000649 0.004585 0.001948 -0.021656 -0.049719 -0.007972 0.182705 0.504542 0.831696 1.044302 1.110838 1.039377 0.823432 0.495335 0.174718 -0.013495 -0.052446 -0.021656 
-0.006906 0.009129 0.009704 0.008578 0.009033 0.008661 0.006667 0.004105 0.001817 0.000012 -0.000232 0.002851 0.004987 -0.008265 -0.039772 -0.042517 0.069861 0.335093 0.674946 0.954288 1.095324 1.092763 0.947444 0.665926 0.326284 0.063007 -0.046658 -0.041131 
-0.024675 0.003215 0.010489 0.009149 0.008759 0.009000 0.007801 0.005405 0.002914 0.000787 -0.000415 0.001161 0.004940 0.000464 -0.024675 -0.050137 -0.003077 0.188260 0.504138 0.827043 1.042425 1.111941 1.037538 0.818830 0.494965 0.180272 -0.008626 -0.052888 
-0.043291 -0.009422 0.008679 0.010298 0.008855 0.008930 0.008565 0.006683 0.004142 0.001770 -0.000045 0.000062 0.003429 0.004509 -0.010794 -0.041919 -0.040157 0.075791 0.337976 0.671872 0.950571 1.095295 1.092754 0.943776 0.662896 0.329183 0.068921 -0.044326 
-0.053004 -0.027423 0.001644 0.010710 0.009673 0.008825 0.008870 0.007760 0.005443 0.002911 0.000707 -0.000316 0.001684 0.005136 -0.001129 -0.027423 -0.050230 0.001540 0.193262 0.503892 0.823045 1.040510 1.112380 1.035661 0.814882 0.494751 0.185273 -0.004034 
-0.041949 -0.045091 -0.011857 0.008059 0.010811 0.009181 0.008864 0.008463 0.006691 0.004170 0.001715 -0.000067 0.000404 0.003927 0.003862 -0.013242 -0.043705 -0.037753 0.081222 0.340612 0.669291 0.947233 1.094832 1.092311 0.940484 0.660360 0.331835 0.074338 
