0.002261 -0.059146 0.509833 1.090041 1.067838 1.147220 1.280599 1.531488 1.187707 0.823245 1.003038 0.999364 0.876396 0.676663 0.460142 0.275703 0.145538 0.067576 0.027803 0.011516 0.008222 0.011352 0.016384 0.019899 0.019865 0.016184 0.010509 0.005032 
0.007142 -0.064177 0.185243 0.836886 1.110241 1.097805 1.203191 1.435866 1.398057 0.972753 0.890592 1.020123 0.950133 0.782376 0.567446 0.362525 0.203966 0.100907 0.043835 0.017379 0.008655 0.009267 0.013844 0.018458 0.020332 0.018377 0.013459 0.007589 
0.011456 -0.044134 0.015348 0.509568 1.015068 1.114521 1.135179 1.328478 1.458085 1.188177 0.896995 0.954597 1.003709 0.875314 0.677234 0.461462 0.276879 0.146094 0.067584 0.027585 0.011326 0.008130 0.011305 0.016320 0.019806 0.019779 0.016163 0.010244 
0.013955 -0.019981 -0.048756 0.234582 0.786991 1.095098 1.118985 1.225019 1.422232 1.349430 1.022117 0.904528 0.990778 0.954961 0.781735 0.568505 0.363859 0.204857 0.101164 0.043694 0.017155 0.008513 0.009204 0.013793 0.018378 0.020236 0.018339 0.012902 
0.015209 -0.001149 -0.054198 0.056589 0.509239 0.974077 1.119671 1.161169 1.334803 1.418614 1.188573 0.937475 0.942542 0.989086 0.879436 0.677083 0.462793 0.278048 0.146665 0.067607 0.027373 0.011132 0.008032 0.011255 0.016256 0.019712 0.019744 0.015436 
0.016076 0.010332 -0.035620 -0.030411 0.260786 0.760849 1.073333 1.138667 1.245341 1.401938 1.324525 1.048329 0.921406 0.972984 0.949817 0.784800 0.568838 0.365239 0.205751 0.101439 0.043564 0.016932 0.008365 0.009137 0.013741 0.018295 0.020213 0.017606 
0.017037 0.015980 -0.013329 -0.054087 0.084259 0.509487 0.944261 1.118863 1.186300 1.335145 1.390281 1.189522 0.964382 0.940710 0.974938 0.879358 0.679230 0.463509 0.279290 0.147244 0.067646 0.027166 0.010936 0.007928 0.011203 0.016186 0.019701 0.019125 
0.018111 0.018210 0.003807 -0.044186 -0.014038 0.278346 0.742538 1.054521 1.154191 1.261492 1.384564 1.307419 1.065884 0.936335 0.962318 0.941795 0.786803 0.570375 0.366169 0.206728 0.101723 0.043446 0.016709 0.008213 0.009066 0.013679 0.018291 0.019763 
0.019023 0.018957 0.014014 -0.022974 -0.050386 0.105026 0.509217 0.921312 1.117149 1.206379 1.334555 1.368779 1.189927 0.984390 0.942513 0.963368 0.876543 0.681665 0.464710 0.280249 0.147903 0.067692 0.026966 0.010737 0.007820 0.011138 0.016181 0.019419 
0.019427 0.019274 0.018793 -0.003076 -0.048705 0.000345 0.291079 0.728287 1.039409 1.165993 1.273905 1.370857 1.294338 1.078597 0.949302 0.955750 0.933439 0.787237 0.572537 0.367192 0.207560 0.102071 0.043330 0.016488 0.008057 0.008981 0.013664 0.018140 
0.019073 0.019461 0.020391 0.010681 -0.030323 -0.045203 0.121452 0.508409 0.903262 1.115402 1.221801 1.333908 1.352140 1.189766 1.000063 0.945839 0.954135 0.872362 0.683583 0.466422 0.281135 0.148510 0.067785 0.026765 0.010537 0.007699 0.011101 0.016114 
0.017883 0.019394 0.020557 0.018157 -0.009498 -0.050741 0.013010 0.300668 0.716762 1.027360 1.174853 1.283365 1.360179 1.283949 1.088155 0.960576 0.951709 0.925566 0.786435 0.574785 0.368495 0.208287 0.102422 0.043244 0.016265 0.007891 0.008909 0.013635 
0.015960 0.018831 0.020220 0.021158 0.006757 -0.035833 -0.039422 0.134818 0.507281 0.888848 1.113737 1.233526 1.333318 1.339102 1.189261 1.012683 0.949803 0.946779 0.867594 0.684807 0.468425 0.282115 0.149040 0.067903 0.026579 0.010328 0.007582 0.011071 
0.013554 0.017614 0.019647 0.021676 0.016678 -0.015214 -0.051179 0.024194 0.308091 0.707288 1.017654 1.181450 1.290548 1.351812 1.275580 1.095537 0.970395 0.949310 0.918422 0.784776 0.576836 0.370063 0.209004 0.102737 0.043186 0.016042 0.007721 0.008849 
0.011018 0.015751 0.018757 0.021101 0.021297 0.002668 -0.039900 -0.033484 0.145904 0.506035 0.877184 1.112131 1.242407 1.332763 1.328778 1.188615 1.023031 0.953962 0.940901 0.862664 0.685376 0.470519 0.283252 0.149527 0.068016 0.026412 0.010115 0.007471 
0.008783 0.013418 0.017404 0.020105 0.022510 0.014655 -0.020182 -0.050564 0.034103 0.313985 0.699433 1.009712 1.186306 1.295976 1.345178 1.268796 1.101380 0.978964 0.948004 0.912047 0.782559 0.578571 0.371815 0.209779 0.103014 0.043138 0.015828 0.007553 
0.007361 0.010929 0.015532 0.018853 0.021967 0.020910 -0.001355 -0.042842 -0.027622 0.155245 0.504809 0.867626 1.110547 1.249103 1.332205 1.320526 1.187965 1.031643 0.958080 0.936183 0.857805 0.685395 0.472571 0.284548 0.150012 0.068110 0.026258 0.009907 
0.007389 0.008698 0.013246 0.017285 0.020684 0.023025 0.012304 -0.024441 -0.049254 0.042915 0.318780 0.692883 1.003103 1.189814 1.300044 1.339844 1.263286 1.106117 0.986460 0.947433 0.906401 0.780002 0.579959 0.373667 0.210647 0.103268 0.043087 0.015626 
0.009709 0.007244 0.010801 0.015337 0.019091 0.022737 0.020107 -0.005188 -0.044905 -0.021962 0.163227 0.503684 0.859705 1.108958 1.254111 1.331619 1.313876 1.187395 1.038905 0.962033 0.932378 0.853140 0.684974 0.474499 0.285975 0.150530 0.068183 0.026110 
0.015434 0.007230 0.008585 0.013057 0.017270 0.021312 0.023231 0.009778 -0.028061 -0.047490 0.050788 0.322779 0.687395 0.997511 1.192269 1.303046 1.335496 1.258807 1.110049 0.993041 0.947353 0.901416 0.777259 0.581009 0.375547 0.211616 0.103521 0.043025 
0.025961 0.009523 0.007115 0.010643 0.015190 0.019434 0.023365 0.018989 -0.008768 -0.046283 -0.016565 0.170137 0.502704 0.853069 1.107348 1.257801 1.330988 1.308477 1.186948 1.045104 0.965755 0.929289 0.848732 0.684216 0.476258 0.287496 0.151104 0.068241 
0.042950 0.015250 0.007071 0.008444 0.012872 0.017351 0.021939 0.023158 0.007182 -0.031118 -0.045438 0.057858 0.326191 0.682779 0.992703 1.193893 1.305205 1.331902 1.255171 1.113389 0.998843 0.947598 0.897014 0.774436 0.581752 0.377404 0.212682 0.103791 
0.068296 0.025809 0.009343 0.006970 0.010464 0.015101 0.019848 0.023833 0.017640 -0.012072 -0.047127 -0.011456 0.176194 0.501886 0.847454 1.105711 1.260455 1.330306 1.304066 1.186644 1.050458 0.969223 0.926764 0.844606 0.683205 0.477831 0.289077 0.151743 
0.104092 0.042866 0.015069 0.006909 0.008279 0.012704 0.017516 0.022525 0.022842 0.004588 -0.033686 -0.043211 0.064243 0.329170 0.678885 0.988509 1.194858 1.306692 1.328891 1.252227 1.116289 1.003982 0.948051 0.893119 0.771607 0.582227 0.379201 0.213829 
0.152451 0.068357 0.025651 0.009166 0.006807 0.010276 0.015073 0.020301 0.024138 0.016127 -0.015095 -0.047556 -0.006637 0.181565 0.501234 0.842657 1.104046 1.262285 1.329573 1.300442 1.186485 1.055135 0.972431 0.924684 0.840766 0.682012 0.479214 0.290684 
0.215040 0.104434 0.042779 0.014887 0.006740 0.008095 0.012565 0.017747 0.023047 0.022323 0.002044 -0.035834 -0.040888 0.070042 0.331823 0.675588 0.984800 1.195296 1.307639 1.326335 1.249853 1.118857 1.008558 0.948633 0.889663 0.768819 0.582474 0.380914 
0.292292 0.153223 0.068437 0.025488 0.008985 0.006628 0.010091 0.015104 0.020766 0.024284 0.014506 -0.017847 -0.047662 -0.002100 0.186380 0.500741 0.838523 1.102353 1.263455 1.328789 1.297450 1.186468 1.059266 0.975387 0.922955 0.837202 0.680691 0.480414 
0.382528 0.216300 0.104822 0.042695 0.014700 0.006559 0.007899 0.012460 0.018029 0.023490 0.021637 -0.000418 -0.037624 -0.038525 0.075340 0.334229 0.672790 0.981481 1.195310 1.308150 1.324139 1.247951 1.121173 1.012653 0.949289 0.886583 0.766104 0.582528 
