0.243263 0.180798 0.698443 1.192071 1.066029 1.030212 1.030528 1.129849 0.645311 0.215928 0.478838 0.734469 0.994615 1.181423 1.226437 1.109144 0.869767 0.587207 0.338406 0.165917 0.070564 0.027314 0.009606 0.006051 0.021201 0.063145 0.128769 0.198249 
0.229002 0.182491 0.404865 0.985488 1.162140 1.040223 1.021924 1.110492 0.920624 0.383904 0.304570 0.606826 0.868843 1.101465 1.222936 1.185565 0.999785 0.729076 0.455927 0.242570 0.110163 0.044086 0.015979 0.005775 0.010783 0.039019 0.094236 0.164797 
0.204217 0.195861 0.254482 0.698034 1.117723 1.113366 1.017918 1.076931 1.054638 0.645356 0.291801 0.434363 0.742187 0.993938 1.179075 1.223454 1.107258 0.869891 0.588917 0.340453 0.167162 0.070605 0.026540 0.008808 0.005876 0.021763 0.063982 0.128955 
0.171169 0.201079 0.196927 0.453691 0.935872 1.147740 1.061681 1.042852 1.095053 0.870701 0.434088 0.321746 0.581451 0.875730 1.099467 1.220098 1.182965 0.998873 0.730098 0.457955 0.244313 0.110807 0.043646 0.015103 0.005241 0.010998 0.039805 0.094403 
0.134329 0.191181 0.184825 0.294914 0.697588 1.077321 1.119129 1.043626 1.081798 1.013428 0.645394 0.334397 0.426185 0.730839 0.998452 1.176087 1.220577 1.105397 0.869989 0.590580 0.342469 0.168405 0.070666 0.025794 0.008028 0.005702 0.022348 0.064107 
0.098275 0.167541 0.184676 0.214305 0.479398 0.910009 1.126678 1.081605 1.062266 1.073001 0.844575 0.461157 0.341813 0.567523 0.872584 1.101215 1.216633 1.180481 0.997957 0.731078 0.459941 0.246038 0.111461 0.043232 0.014252 0.004715 0.011270 0.039879 
0.066536 0.135487 0.178586 0.183993 0.321790 0.697730 1.048073 1.118892 1.068447 1.080701 0.983423 0.646048 0.363414 0.428142 0.719871 0.998752 1.175473 1.217178 1.103639 0.870056 0.592198 0.344454 0.169645 0.070747 0.025073 0.007262 0.005608 0.022335 
0.041171 0.101080 0.161008 0.175371 0.229733 0.496476 0.891972 1.108532 1.097330 1.077502 1.053914 0.826320 0.479600 0.359881 0.560622 0.866499 1.101936 1.214467 1.177614 0.997118 0.732012 0.461886 0.247747 0.112125 0.042842 0.013417 0.004277 0.011105 
0.022821 0.069259 0.133891 0.168537 0.186778 0.341784 0.697360 1.025670 1.117705 1.088190 1.078693 0.960313 0.646218 0.385524 0.433651 0.711392 0.996302 1.175219 1.214355 1.101632 0.870167 0.593764 0.346410 0.170882 0.070846 0.024370 0.006581 0.005241 
0.011045 0.043099 0.102312 0.154113 0.170135 0.243197 0.508740 0.877987 1.094052 1.109293 1.088995 1.038540 0.812160 0.493232 0.375936 0.557723 0.860024 1.101121 1.213014 1.174906 0.996129 0.732958 0.463782 0.249439 0.112799 0.042468 0.012655 0.003700 
0.004809 0.023830 0.071471 0.130912 0.160795 0.191071 0.357457 0.696456 1.008145 1.116445 1.103250 1.076648 0.942130 0.645878 0.403289 0.440604 0.705166 0.992473 1.174518 1.212127 1.099584 0.870194 0.595318 0.348327 0.172118 0.070957 0.023725 0.005855 
0.003026 0.011277 0.045125 0.102302 0.147676 0.167402 0.254969 0.517875 0.866719 1.082600 1.118279 1.097532 1.026242 0.800758 0.503736 0.390250 0.557261 0.853977 1.099102 1.211734 1.172543 0.995035 0.733856 0.465656 0.251108 0.113476 0.042135 0.011903 
0.005060 0.004481 0.025143 0.072993 0.127330 0.154902 0.195987 0.370092 0.695236 0.994232 1.115229 1.114591 1.074683 0.927608 0.645247 0.417991 0.448118 0.700737 0.988045 1.173188 1.210272 1.097663 0.870114 0.596842 0.350222 0.173342 0.071093 0.023115 
0.011125 0.002351 0.011785 0.046963 0.101428 0.141944 0.166286 0.265286 0.524859 0.857493 1.073458 1.124967 1.103789 1.016299 0.791439 0.512088 0.403062 0.558354 0.848608 1.096255 1.210340 1.170507 0.993930 0.734670 0.467507 0.252758 0.114161 0.041842 
0.022512 0.004228 0.004321 0.026560 0.073862 0.123569 0.150460 0.201084 0.380470 0.693901 0.983046 1.114033 1.123065 1.072774 0.915860 0.644524 0.430410 0.455753 0.697708 0.983442 1.171265 1.208590 1.095933 0.869961 0.598306 0.352097 0.174558 0.071259 
0.041572 0.010318 0.001742 0.012490 0.048494 0.099991 0.136957 0.166241 0.274352 0.530326 0.849876 1.066047 1.129879 1.108291 1.008133 0.783767 0.518925 0.414577 0.560456 0.843959 1.092879 1.208707 1.168717 0.992884 0.735399 0.469320 0.254396 0.114859 
0.071448 0.021901 0.003405 0.004330 0.027945 0.074183 0.119863 0.147153 0.206128 0.389124 0.692589 0.973944 1.112823 1.129335 1.070886 0.906243 0.643845 0.441081 0.463276 0.695767 0.978899 1.168850 1.206941 1.094394 0.869782 0.599699 0.353949 0.175775 
0.115572 0.041310 0.009498 0.001235 0.013305 0.049685 0.098207 0.132677 0.166909 0.282345 0.534709 0.843553 1.059936 1.133412 1.111432 1.001311 0.777426 0.524676 0.424975 0.563213 0.839992 1.089189 1.206802 1.167087 0.991934 0.736062 0.471080 0.256023 
0.176998 0.071651 0.021279 0.002624 0.004480 0.029217 0.074065 0.116335 0.144732 0.210994 0.396439 0.691380 0.966455 1.111572 1.133897 1.068991 0.898283 0.643289 0.450388 0.470564 0.694667 0.974538 1.166053 1.205242 1.093020 0.869612 0.601020 0.355768 
0.257639 0.116300 0.041047 0.008687 0.000840 0.014161 0.050545 0.096228 0.129034 0.168048 0.289424 0.538308 0.838281 1.054810 1.135861 1.113508 0.995517 0.772173 0.529641 0.434413 0.566385 0.836640 1.085338 1.204631 1.165543 0.991089 0.736681 0.472780 
0.357549 0.178226 0.071862 0.020654 0.001909 0.004736 0.030331 0.073610 0.113048 0.143005 0.215619 0.402703 0.690317 0.960229 1.110266 1.137125 1.067075 0.891629 0.642900 0.458621 0.477556 0.694217 0.970424 1.162971 1.203446 1.091774 0.869476 0.602276 
0.474421 0.259240 0.117037 0.040782 0.007904 0.000551 0.015005 0.051105 0.094162 0.125953 0.169492 0.295724 0.541333 0.833871 1.050438 1.137451 1.114744 0.990519 0.767817 0.534031 0.443030 0.569807 0.833828 1.081431 1.202222 1.164033 0.990345 0.737278 
0.603481 0.359290 0.179456 0.072077 0.020037 0.001270 0.005062 0.031268 0.072903 0.110027 0.141820 0.219978 0.408134 0.689417 0.955000 1.108899 1.139300 1.065131 0.886016 0.642693 0.465995 0.484230 0.694266 0.966581 1.159689 1.201533 1.090619 0.869385 
0.737868 0.476006 0.260822 0.117779 0.040518 0.007164 0.000355 0.015800 0.051403 0.092080 0.123359 0.171126 0.301361 0.543937 0.830170 1.046648 1.138353 1.115310 0.986146 0.764203 0.537997 0.450942 0.573368 0.831481 1.077539 1.199612 1.162519 0.989689 
0.869343 0.604647 0.360988 0.180680 0.072293 0.019438 0.000709 0.005427 0.032024 0.072012 0.107276 0.141058 0.224068 0.412899 0.688685 0.950567 1.107471 1.140636 1.063159 0.881239 0.642669 0.472680 0.490582 0.694697 0.963013 1.156273 1.199497 1.089524 
0.989104 0.738462 0.477543 0.262380 0.118521 0.040262 0.006475 0.000235 0.016521 0.051476 0.090032 0.121183 0.172872 0.306435 0.546226 0.827056 1.043314 1.138702 1.115340 0.982268 0.761209 0.541645 0.458249 0.576989 0.829534 1.073711 1.196837 1.160973 
1.088462 0.869349 0.605785 0.362645 0.181894 0.072512 0.018867 0.000226 0.005804 0.032607 0.070992 0.104787 0.140627 0.227897 0.417126 0.688112 0.946775 1.105984 1.141300 1.061160 0.877144 0.642823 0.478803 0.496623 0.695421 0.959711 1.152776 1.197342 
1.159382 0.988573 0.739069 0.479040 0.263909 0.119259 0.040018 0.005845 0.000174 0.017155 0.051362 0.088048 0.119365 0.174675 0.311030 0.548279 0.824429 1.040339 1.138602 1.114938 0.978788 0.758734 0.545054 0.465037 0.580618 0.827925 1.069976 1.193931 
