0.093497 0.180486 0.291197 0.463569 0.672266 0.865826 0.920619 1.483922 1.933477 1.687260 1.490662 1.325022 1.268872 0.628410 0.014621 0.042036 0.018820 0.005933 0.000943 -0.000020 -0.000054 0.000743 0.005090 0.015736 0.032182 0.049561 0.060814 0.054522 
0.068180 0.132508 0.230505 0.371259 0.566593 0.778665 0.870113 1.177598 1.759295 1.850753 1.583925 1.399064 1.326623 0.983494 0.279774 -0.008582 0.032947 0.011237 0.002692 0.000151 -0.000147 0.000070 0.002301 0.009657 0.023538 0.041196 0.056667 0.055936 
0.057992 0.094984 0.176730 0.294799 0.464469 0.679122 0.818426 0.993215 1.481948 1.858057 1.734609 1.479345 1.372735 1.194514 0.628210 0.089018 -0.004483 0.025222 0.005767 0.000906 -0.000170 -0.000197 0.000739 0.005251 0.015954 0.032268 0.050081 0.056503 
0.055337 0.071472 0.130790 0.230269 0.373597 0.573693 0.751265 0.883981 1.224999 1.708264 1.835794 1.605925 1.421225 1.312355 0.933923 0.329064 0.006711 0.005741 0.017655 0.002188 0.000066 -0.000309 -0.000012 0.002385 0.009864 0.023666 0.041792 0.054312 
0.054598 0.059761 0.095922 0.175279 0.295645 0.471505 0.666691 0.807408 1.032581 1.479974 1.816600 1.740374 1.506012 1.378898 1.154138 0.627988 0.130144 -0.014665 0.012604 0.010798 0.000184 -0.000273 -0.000334 0.000737 0.005412 0.016100 0.032809 0.049121 
0.052556 0.055262 0.073204 0.130338 0.229430 0.378899 0.571294 0.735175 0.900827 1.249312 1.681013 1.814173 1.626373 1.441855 1.291458 0.908131 0.355233 0.024920 -0.009968 0.014069 0.005407 -0.000704 -0.000399 -0.000094 0.002473 0.010004 0.024103 0.041667 
0.048041 0.053468 0.060831 0.096699 0.174113 0.298333 0.474196 0.654906 0.806463 1.058441 1.478620 1.786312 1.740128 1.531777 1.379082 1.124951 0.628368 0.157701 -0.014671 0.000411 0.011622 0.001791 -0.000953 -0.000388 0.000738 0.005518 0.016426 0.033086 
0.041265 0.051229 0.055247 0.074387 0.129884 0.230070 0.382734 0.566070 0.726230 0.915663 1.265049 1.661614 1.795473 1.642609 1.458291 1.273510 0.890193 0.372771 0.041155 -0.018604 0.007574 0.007579 -0.000231 -0.000912 -0.000088 0.002516 0.010230 0.024503 
0.033154 0.047044 0.052665 0.061600 0.097070 0.173904 0.301205 0.473933 0.645769 0.809120 1.077410 1.476802 1.762883 1.738927 1.552445 1.378338 1.102641 0.628251 0.178359 -0.011086 -0.009250 0.009700 0.003717 -0.001111 -0.000706 0.000783 0.005644 0.016801 
0.024806 0.040769 0.050164 0.055267 0.075091 0.129748 0.231561 0.384786 0.560437 0.721416 0.928513 1.275994 1.646301 1.780440 1.655071 1.470967 1.259257 0.876333 0.385496 0.055404 -0.023193 0.000714 0.008195 0.000904 -0.001303 -0.000240 0.002609 0.010504 
0.017151 0.033095 0.046145 0.052063 0.062082 0.097295 0.174494 0.303558 0.472127 0.638962 0.813308 1.092053 1.474481 1.744350 1.737645 1.568415 1.377538 1.085241 0.627613 0.194685 -0.006020 -0.016620 0.006404 0.005155 -0.000722 -0.001087 0.000758 0.005841 
0.010817 0.025014 0.040247 0.049294 0.055242 0.075490 0.130029 0.233316 0.385482 0.555183 0.719140 0.939675 1.283822 1.633737 1.768442 1.664541 1.480668 1.248062 0.865216 0.395091 0.067937 -0.025303 -0.005692 0.007586 0.002161 -0.001387 -0.000505 0.002708 
0.006076 0.017470 0.032952 0.045350 0.051568 0.062329 0.097569 0.175571 0.305248 0.469596 0.633985 0.818146 1.103662 1.471869 1.729453 1.736402 1.580649 1.376801 1.071484 0.626673 0.207959 -0.000356 -0.022155 0.002512 0.005925 -0.000007 -0.001369 0.000650 
0.002777 0.011145 0.025149 0.039730 0.048561 0.055134 0.075747 0.130668 0.235013 0.385252 0.550552 0.718495 0.949401 1.289512 1.623240 1.758761 1.671701 1.488073 1.239202 0.856166 0.402535 0.078994 -0.025816 -0.011397 0.006131 0.003257 -0.001185 -0.000784 
0.000499 0.006308 0.017758 0.032763 0.044646 0.051111 0.062419 0.097974 0.176883 0.306323 0.466796 0.630423 0.823188 1.113030 1.469162 1.717300 1.735178 1.590000 1.376101 1.060482 0.625632 0.218963 0.005466 -0.026253 -0.001553 0.006067 0.000832 -0.001485 
-0.001001 0.002812 0.011458 0.025233 0.039238 0.047915 0.054947 0.075971 0.131560 0.236505 0.384422 0.546591 0.718917 0.957898 1.293703 1.614372 1.750821 1.677075 1.493703 1.232101 0.848747 0.408463 0.088781 -0.025281 -0.016362 0.004128 0.004070 -0.000778 
-0.001431 0.000351 0.006512 0.018011 0.032554 0.044012 0.050659 0.062424 0.098521 0.178262 0.306887 0.463981 0.627953 0.828190 1.120695 1.466497 1.707247 1.733937 1.597130 1.375400 1.051592 0.624626 0.228233 0.011212 -0.029231 -0.005556 0.005683 0.001657 
-0.000250 -0.001118 0.002824 0.011738 0.025285 0.038777 0.047317 0.054701 0.076224 0.132609 0.237740 0.383225 0.543271 0.720038 0.965345 1.296831 1.606817 1.744189 1.681059 1.497953 1.226323 0.842645 0.413308 0.097476 -0.024053 -0.020623 0.001795 0.004565 
0.002385 -0.001231 0.000242 0.006681 0.018225 0.032344 0.043429 0.050197 0.062400 0.099191 0.179606 0.307050 0.461293 0.626326 0.833022 1.127045 1.463956 1.698823 1.732654 1.602537 1.374674 1.044341 0.623736 0.236154 0.016758 -0.031335 -0.009373 0.004882 
0.004751 0.000329 -0.001123 0.002832 0.011973 0.025314 0.038346 0.046743 0.054422 0.076532 0.133732 0.238714 0.381822 0.540531 0.721612 0.971895 1.299198 1.600332 1.738550 1.683952 1.501119 1.221554 0.837617 0.417369 0.105238 -0.022373 -0.024250 -0.000717 
0.003764 0.002972 -0.000921 0.000192 0.006816 0.018400 0.032139 0.042879 0.049726 0.062382 0.099953 0.180854 0.306910 0.458803 0.625348 0.837615 1.132368 1.461583 1.691674 1.731317 1.606596 1.373905 1.038378 0.623005 0.243014 0.022041 -0.032758 -0.012943 
-0.003301 0.004656 0.000907 -0.001021 0.002850 0.012163 0.025322 0.037939 0.046183 0.054134 0.076902 0.134873 0.239445 0.380326 0.538302 0.723468 0.977682 1.301017 1.594727 1.733671 1.685977 1.503426 1.217559 0.833470 0.420859 0.112203 -0.020408 -0.027320 
-0.016240 0.002413 0.003399 -0.000534 0.000211 0.006926 0.018536 0.031938 0.042353 0.049250 0.062392 0.100775 0.181977 0.306548 0.456546 0.624870 0.841940 1.136881 1.459396 1.685537 1.729917 1.609587 1.373089 1.033436 0.622450 0.249031 0.027039 -0.033653 
-0.029905 -0.005887 0.004317 0.001448 -0.000827 0.002890 0.012313 0.025312 0.037552 0.045631 0.053853 0.077329 0.135989 0.239963 0.378813 0.536516 0.725491 0.982820 1.302439 1.589850 1.729381 1.687307 1.505046 1.214168 0.830054 0.423929 0.118489 -0.018270 
-0.034136 -0.019261 0.000896 0.003662 -0.000101 0.000300 0.007021 0.018636 0.031739 0.041843 0.048780 0.062439 0.101628 0.182964 0.306029 0.454532 0.624777 0.845990 1.140749 1.457400 1.680208 1.728456 1.611727 1.372223 1.029314 0.622074 0.254374 0.031747 
-0.016039 -0.032076 -0.008426 0.003774 0.001929 -0.000556 0.002960 0.012430 0.025282 0.037176 0.045089 0.053594 0.077804 0.137054 0.240299 0.377332 0.535110 0.727602 0.987405 1.303571 1.585579 1.725554 1.688076 1.506111 1.211252 0.827243 0.426686 0.124197 
0.036176 -0.034300 -0.022016 -0.000732 0.003769 0.000351 0.000455 0.007111 0.018705 0.031538 0.041344 0.048323 0.062527 0.102489 0.183815 0.305407 0.452755 0.624979 0.849774 1.144100 1.455587 1.675534 1.726936 1.613180 1.371309 1.025854 0.621870 0.259171 
0.129410 -0.013767 -0.033893 -0.010888 0.003062 0.002335 -0.000226 0.003065 0.012522 0.025233 0.036807 0.044559 0.053363 0.078313 0.138050 0.240485 0.375916 0.534027 0.729745 0.991519 1.304493 1.581816 1.722092 1.688387 1.506726 1.208713 0.824939 0.429208 
