0.007000 0.002303 -0.061970 0.500816 1.065557 1.010183 1.029823 1.074590 1.222361 0.797488 0.423008 0.698553 0.887914 0.997484 0.990174 0.868149 0.671854 0.458452 0.275434 0.145888 0.069858 0.034555 0.024157 0.025111 0.027872 0.027229 0.022068 0.014309 
0.010463 0.008212 -0.065301 0.180110 0.821821 1.071939 1.013744 1.044198 1.177828 1.042565 0.566472 0.525540 0.803607 0.954991 1.008304 0.940973 0.775713 0.564323 0.361702 0.203974 0.101983 0.048105 0.027090 0.023811 0.026591 0.028046 0.025094 0.018323 
0.014111 0.013441 -0.044023 0.012703 0.500671 0.990624 1.056571 1.016982 1.121371 1.148304 0.798623 0.498871 0.652554 0.893346 0.995317 0.988299 0.867347 0.672353 0.459659 0.276548 0.146488 0.069983 0.034435 0.023963 0.024905 0.027677 0.027084 0.022015 
0.017788 0.016873 -0.018878 -0.049750 0.229610 0.772024 1.056694 1.034374 1.065019 1.163217 0.993882 0.617287 0.541929 0.776182 0.959820 1.005741 0.939572 0.775584 0.565263 0.362939 0.204855 0.102328 0.048082 0.026918 0.023607 0.026387 0.027870 0.025006 
0.021275 0.019114 0.000870 -0.054008 0.054100 0.500485 0.949655 1.061410 1.042164 1.126617 1.108224 0.799711 0.541430 0.642868 0.879772 0.998393 0.985776 0.866587 0.672819 0.460836 0.277660 0.147102 0.070120 0.034316 0.023766 0.024697 0.027481 0.026982 
0.024233 0.020978 0.013287 -0.034466 -0.031283 0.255976 0.745984 1.034808 1.053494 1.084337 1.141981 0.968960 0.644948 0.561200 0.760246 0.954677 1.006947 0.937503 0.775503 0.566166 0.364159 0.205744 0.102689 0.048066 0.026745 0.023398 0.026179 0.027762 
0.026300 0.022866 0.019914 -0.011270 -0.053813 0.081920 0.500883 0.919854 1.060275 1.066480 1.125900 1.079324 0.801375 0.570383 0.643337 0.866635 0.997305 0.985617 0.865246 0.673335 0.461980 0.278767 0.147729 0.070269 0.034201 0.023565 0.024480 0.027365 
0.027227 0.024701 0.023124 0.006796 -0.042974 -0.014791 0.273699 0.727777 1.015862 1.068440 1.099489 1.123698 0.951875 0.663947 0.578467 0.751379 0.946656 1.007151 0.936696 0.774977 0.567114 0.365354 0.206638 0.103063 0.048058 0.026572 0.023178 0.026046 
0.026974 0.026136 0.024775 0.017972 -0.020870 -0.050023 0.102836 0.500763 0.896913 1.058216 1.085738 1.124273 1.057295 0.802515 0.592404 0.647375 0.856044 0.993512 0.985812 0.864425 0.673548 0.463162 0.279859 0.148369 0.070430 0.034089 0.023353 0.024326 
0.025763 0.026806 0.025828 0.023716 -0.000052 -0.047428 -0.000286 0.286594 0.713627 1.000604 1.079650 1.110911 1.109116 0.938851 0.678100 0.593716 0.746553 0.938301 1.005840 0.936567 0.774549 0.567882 0.366580 0.207529 0.103453 0.048060 0.026389 0.023003 
0.024106 0.026518 0.026514 0.026197 0.014661 -0.028172 -0.044748 0.119410 0.500105 0.878865 1.056109 1.100333 1.122609 1.040168 0.803108 0.610059 0.652877 0.847758 0.988384 0.985551 0.864145 0.673670 0.464255 0.280978 0.149012 0.070606 0.033974 0.023169 
0.022812 0.025371 0.026687 0.027076 0.023086 -0.006441 -0.049397 0.012502 0.296345 0.702200 0.988396 1.087907 1.119388 1.097597 0.928551 0.689091 0.607222 0.744204 0.930429 1.003345 0.936575 0.774408 0.568513 0.367775 0.208441 0.103851 0.048065 0.026223 
0.022992 0.023796 0.026164 0.027213 0.026951 0.010758 -0.033633 -0.038873 0.132926 0.499126 0.864444 1.054071 1.111229 1.121025 1.026678 0.803372 0.624629 0.658957 0.841321 0.982699 0.984653 0.864187 0.673871 0.465234 0.282099 0.149674 0.070786 0.033871 
0.026074 0.022566 0.024965 0.026853 0.028160 0.021613 -0.012122 -0.049765 0.023812 0.303931 0.692821 0.978518 1.093889 1.125596 1.088421 0.920300 0.697899 0.619224 0.743448 0.923285 1.000041 0.936437 0.774540 0.569104 0.368903 0.209371 0.104261 0.048078 
0.033784 0.022795 0.023428 0.025977 0.028034 0.027076 0.006689 -0.037650 -0.032837 0.144164 0.498027 0.852764 1.052078 1.119277 1.119498 1.015937 0.803509 0.636897 0.665179 0.836334 0.976878 0.983155 0.864353 0.674216 0.466134 0.283194 0.150356 0.070975 
0.048105 0.025925 0.022265 0.024614 0.027225 0.028958 0.019594 -0.017056 -0.049077 0.033848 0.309987 0.685055 0.970392 1.098120 1.130060 1.081008 0.913664 0.705159 0.629928 0.743740 0.916911 0.996226 0.936030 0.774864 0.569725 0.369961 0.210303 0.104688 
0.071182 0.033707 0.022562 0.023048 0.025958 0.028839 0.026675 0.002685 -0.040540 -0.026875 0.153659 0.496946 0.843182 1.050094 1.125139 1.117989 1.007302 0.803654 0.647398 0.671309 0.832481 0.971154 0.981158 0.864506 0.674707 0.467001 0.284248 0.151053 
0.105135 0.048149 0.025762 0.021927 0.024353 0.027716 0.029436 0.017246 -0.021281 -0.047692 0.042791 0.314946 0.678588 0.963587 1.100995 1.133172 1.074927 0.908326 0.711304 0.639514 0.744722 0.911266 0.992113 0.935319 0.775297 0.570414 0.370967 0.211220 
0.151755 0.071411 0.033634 0.022294 0.022690 0.026078 0.029548 0.025857 -0.001129 -0.042550 -0.021111 0.161796 0.495964 0.835227 1.048093 1.129312 1.116473 1.000300 0.803889 0.656520 0.677223 0.829517 0.965648 0.978771 0.864564 0.675320 0.467869 0.285259 
0.212115 0.105600 0.048210 0.025578 0.021571 0.024192 0.028256 0.029606 0.014722 -0.024866 -0.045851 0.050797 0.319108 0.673177 0.957788 1.102809 1.135229 1.069860 0.904044 0.716635 0.648142 0.746155 0.906280 0.987855 0.934315 0.775769 0.571180 0.371942 
0.286234 0.152455 0.071662 0.033557 0.021996 0.022377 0.026303 0.030115 0.024723 -0.004690 -0.043873 -0.015608 0.168864 0.495124 0.828548 1.046060 1.132169 1.114934 0.994579 0.804257 0.664550 0.682860 0.827245 0.960422 0.976093 0.864483 0.676018 0.468764 
0.372906 0.212986 0.106079 0.048283 0.025372 0.021219 0.024126 0.028792 0.029495 0.012128 -0.027887 -0.043719 0.058003 0.322684 0.668633 0.952761 1.103786 1.136455 1.065575 0.900628 0.721364 0.655949 0.747874 0.901878 0.983557 0.933046 0.776228 0.572020 
0.469695 0.287183 0.153150 0.071931 0.033474 0.021682 0.022121 0.026596 0.030521 0.023357 -0.007975 -0.044661 -0.010390 0.175079 0.494443 0.822880 1.043990 1.133990 1.113366 0.989875 0.804775 0.671707 0.688198 0.825516 0.955500 0.973208 0.864243 0.676767 
0.572921 0.373874 0.213836 0.106567 0.048364 0.025147 0.020885 0.024141 0.029286 0.029142 0.009536 -0.030418 -0.041410 0.064526 0.325826 0.664802 0.948337 1.104098 1.137021 1.061900 0.897924 0.725642 0.663053 0.749764 0.897984 0.979288 0.931550 0.776637 
0.677538 0.470668 0.288119 0.153837 0.072212 0.033384 0.021361 0.021925 0.026926 0.030761 0.021827 -0.010980 -0.045033 -0.005460 0.180611 0.493924 0.818021 1.041881 1.134990 1.111767 0.985985 0.805446 0.678160 0.693233 0.824212 0.950883 0.970182 0.863842 
0.776973 0.573868 0.374857 0.214670 0.107058 0.048448 0.024911 0.020579 0.024221 0.029714 0.028584 0.006994 -0.032530 -0.039004 0.070467 0.328641 0.661563 0.944387 1.103878 1.137059 1.058708 0.895809 0.729577 0.669555 0.751747 0.894527 0.975096 0.929862 
0.863285 0.678303 0.471680 0.289051 0.154516 0.072499 0.033287 0.021046 0.021786 0.027266 0.030842 0.020188 -0.013713 -0.045079 -0.000809 0.185588 0.493561 0.813815 1.039735 1.135334 1.110139 0.982751 0.806264 0.684040 0.697976 0.823239 0.946562 0.967070 
0.928020 0.777221 0.574844 0.375860 0.215495 0.107549 0.048532 0.024670 0.020309 0.024349 0.030062 0.027858 0.004532 -0.034282 -0.036554 0.075908 0.331209 0.658816 0.940816 1.103229 1.136673 1.055901 0.894185 0.733250 0.675540 0.753771 0.891448 0.971011 
