0.000018 0.000190 0.000990 0.004089 0.012962 0.033918 0.077386 0.095071 0.787474 1.530769 1.677881 1.868996 1.984186 2.045827 1.365875 0.609012 0.458626 0.276466 0.148667 0.073953 0.037351 0.021866 0.015097 0.010633 0.006558 0.003150 0.001013 0.000141 
0.000014 0.000046 0.000407 0.002035 0.007410 0.021278 0.055856 0.045670 0.395922 1.193202 1.638837 1.775434 1.934683 2.064703 1.757008 0.954346 0.497900 0.366135 0.205851 0.105610 0.051950 0.027744 0.017793 0.012696 0.008529 0.004733 0.001923 0.000451 
0.000139 -0.000020 0.000127 0.000907 0.003957 0.012518 0.040070 0.031034 0.170329 0.788601 1.457312 1.725034 1.855469 2.028877 1.969148 1.364974 0.684192 0.413507 0.284023 0.149067 0.074028 0.037115 0.021574 0.014883 0.010532 0.006546 0.003182 0.001039 
0.000465 -0.000006 -0.000005 0.000336 0.001946 0.006707 0.027394 0.028568 0.061475 0.446376 1.144866 1.624815 1.796146 1.954058 2.047611 1.705876 1.003740 0.514394 0.340282 0.213142 0.105420 0.051853 0.027456 0.017529 0.012538 0.008477 0.004749 0.001956 
0.001065 0.000136 -0.000056 0.000065 0.000865 0.003134 0.017275 0.027217 0.021038 0.212327 0.789680 1.417788 1.730608 1.879963 2.032063 1.926474 1.364034 0.726065 0.404700 0.272562 0.154682 0.073428 0.036927 0.021280 0.014667 0.010429 0.006534 0.003213 
0.001990 0.000479 -0.000026 -0.000058 0.000330 0.001166 0.009725 0.023516 0.012794 0.080212 0.473702 1.120268 1.604120 1.815331 1.971947 2.023927 1.678528 1.029982 0.533768 0.325913 0.210442 0.108969 0.051077 0.027235 0.017260 0.012378 0.008424 0.004764 
0.003243 0.001092 0.000134 -0.000098 0.000082 0.000237 0.004635 0.017825 0.014803 0.021239 0.240760 0.791337 1.389403 1.730178 1.903591 2.029313 1.895010 1.363681 0.754332 0.406044 0.261529 0.156107 0.075171 0.036161 0.021063 0.014443 0.010325 0.006520 
0.004778 0.002023 0.000493 -0.000053 -0.000032 -0.000104 0.001622 0.011694 0.016736 0.004112 0.096991 0.492390 1.103483 1.586331 1.830325 1.985684 2.003228 1.659036 1.047566 0.551136 0.318607 0.204844 0.111488 0.051551 0.026588 0.017067 0.012208 0.008370 
0.006506 0.003271 0.001120 0.000123 -0.000072 -0.000175 0.000125 0.006451 0.015634 0.004935 0.025050 0.262302 0.792471 1.367851 1.728796 1.922158 2.025678 1.870445 1.362816 0.775667 0.410955 0.253028 0.154802 0.077245 0.035919 0.020571 0.014282 0.010210 
0.008306 0.004792 0.002056 0.000499 -0.000030 -0.000154 -0.000427 0.002732 0.012106 0.009601 -0.000504 0.111798 0.506253 1.090737 1.572200 1.841566 1.995705 1.986258 1.643625 1.060309 0.566485 0.315336 0.198892 0.112468 0.052694 0.026055 0.016721 0.012084 
0.010125 0.006484 0.003302 0.001140 0.000145 -0.000108 -0.000496 0.000550 0.007773 0.012071 -0.002627 0.030362 0.279514 0.793057 1.351163 1.727341 1.936061 2.022030 1.850809 1.361417 0.792637 0.417324 0.246818 0.152138 0.078844 0.036222 0.020013 0.014056 
0.011945 0.008257 0.004800 0.002084 0.000523 -0.000020 -0.000383 -0.000448 0.003958 0.011292 0.002929 -0.002623 0.124903 0.516976 1.080696 1.561089 1.849839 2.002792 1.972379 1.630960 1.069897 0.580088 0.314532 0.193402 0.112237 0.053965 0.025826 0.016267 
0.013739 0.010047 0.006468 0.003323 0.001168 0.000177 -0.000231 -0.000714 0.001293 0.008424 0.007916 -0.008341 0.036288 0.293678 0.793316 1.338078 1.725929 1.946263 2.018484 1.834835 1.359703 0.806523 0.424268 0.242443 0.148891 0.079787 0.036851 0.019558 
0.015798 0.011753 0.008224 0.004807 0.002111 0.000563 -0.000059 -0.000623 -0.000187 0.005015 0.009631 -0.003033 -0.003129 0.136545 0.525536 1.072684 1.552280 1.855823 2.007622 1.960869 1.620365 1.077308 0.592186 0.315311 0.188622 0.111176 0.055081 0.025884 
0.019269 0.013366 0.009949 0.006463 0.003342 0.001207 0.000191 -0.000407 -0.000765 0.002153 0.008440 0.003594 -0.012602 0.042390 0.305573 0.793447 1.327707 1.724539 1.953616 2.015015 1.821636 1.357875 0.818111 0.431346 0.239502 0.145487 0.080113 0.037607 
0.026151 0.015385 0.011507 0.008188 0.004818 0.002143 0.000603 -0.000150 -0.000806 0.000279 0.005782 0.007422 -0.008244 -0.002567 0.146927 0.532568 1.066267 1.545197 1.860042 2.010719 1.951148 1.611405 1.083181 0.602983 0.317127 0.184590 0.109580 0.055920 
0.038354 0.019150 0.012981 0.009815 0.006463 0.003366 0.001253 0.000171 -0.000593 -0.000649 0.002995 0.007925 -0.000663 -0.015728 0.048432 0.315734 0.793587 1.319410 1.723135 1.958782 2.011585 1.810567 1.356071 0.827934 0.438327 0.237681 0.142155 0.079923 
0.056449 0.026540 0.015063 0.011222 0.008135 0.004837 0.002184 0.000628 -0.000275 -0.000896 0.000862 0.006225 0.004880 -0.012743 -0.001296 0.156227 0.538503 1.061132 1.539409 1.862891 2.012475 1.942782 1.603764 1.087947 0.612662 0.319624 0.181267 0.107667 
0.079327 0.039011 0.019172 0.012618 0.009644 0.006459 0.003401 0.001296 0.000118 -0.000752 -0.000391 0.003737 0.006989 -0.004731 -0.017966 0.054289 0.324546 0.793817 1.312717 1.721693 1.962256 2.008166 1.801156 1.354372 0.836381 0.445085 0.236731 0.139021 
0.105587 0.056678 0.026981 0.014841 0.010921 0.008057 0.004863 0.002231 0.000630 -0.000413 -0.000884 0.001492 0.006354 0.002160 -0.016597 0.000443 0.164604 0.543642 1.057036 1.534601 1.864666 2.013184 1.935454 1.597200 1.091909 0.621381 0.322559 0.178584 
0.136144 0.078426 0.039532 0.019300 0.012301 0.009443 0.006445 0.003447 0.001331 0.000038 -0.000862 -0.000029 0.004334 0.005733 -0.008546 -0.019509 0.059899 0.332296 0.794181 1.307276 1.720199 1.964413 2.004743 1.793050 1.352822 0.843740 0.451560 0.236457 
0.176464 0.103447 0.056636 0.027422 0.014715 0.010622 0.007953 0.004891 0.002283 0.000609 -0.000545 -0.000775 0.002117 0.006198 -0.000634 -0.019883 0.002485 0.172192 0.548195 1.053789 1.530543 1.865593 2.013072 1.928931 1.591523 1.095278 0.629276 0.325767 
0.236710 0.133550 0.077304 0.039898 0.019498 0.012041 0.009223 0.006418 0.003500 0.001355 -0.000059 -0.000913 0.000402 0.004765 0.004240 -0.012083 -0.020509 0.065236 0.339201 0.794695 1.302825 1.718648 1.965532 2.001307 1.785983 1.351437 0.850231 0.457728 
0.329135 0.174831 0.101317 0.056360 0.027826 0.014671 0.010341 0.007827 0.004918 0.002334 0.000567 -0.000656 -0.000582 0.002698 0.005796 -0.003428 -0.022675 0.004714 0.179109 0.552312 1.051239 1.527064 1.865843 2.012307 1.923040 1.586578 1.098207 0.636468 
0.463587 0.237370 0.131240 0.076027 0.040106 0.019736 0.011841 0.008995 0.006377 0.003554 0.001365 -0.000159 -0.000900 0.000869 0.005029 0.002581 -0.015340 -0.021083 0.070298 0.345427 0.795362 1.299161 1.717039 1.965828 1.997857 1.779753 1.350222 0.856022 
0.643056 0.332584 0.173617 0.099246 0.055889 0.028169 0.014693 0.010088 0.007685 0.004939 0.002379 0.000513 -0.000736 -0.000322 0.003213 0.005185 -0.006174 -0.025043 0.007053 0.185453 0.556103 1.049265 1.524038 1.865549 2.011023 1.917652 1.582244 1.100804 
0.861244 0.469146 0.238344 0.129206 0.074652 0.040161 0.019986 0.011699 0.008770 0.006321 0.003604 0.001364 -0.000254 -0.000828 0.001348 0.005129 0.000808 -0.018324 -0.021324 0.075094 0.351105 0.796176 1.296130 1.715374 1.965466 1.994393 1.774202 1.349170 
1.103149 0.649125 0.336060 0.172760 0.097263 0.055258 0.028436 0.014765 0.009870 0.007533 0.004950 0.002415 0.000451 -0.000778 -0.000012 0.003645 0.004401 -0.008841 -0.027046 0.009446 0.191309 0.559644 1.047767 1.521368 1.864815 2.009322 1.912670 1.578420 
