0.025417 0.070913 0.145888 0.275434 0.458452 0.609354 1.368149 2.052674 1.997484 1.887914 1.698553 1.548008 0.797488 0.097361 0.074590 0.029823 0.010183 0.003057 0.000816 0.000530 0.002303 0.007001 0.014304 0.022027 0.027029 0.027029 0.022027 0.011557 
0.014989 0.044345 0.103148 0.203908 0.365608 0.497917 0.955400 1.761286 2.074710 1.951085 1.795794 1.658353 1.207097 0.401940 0.045016 0.052011 0.017651 0.005533 0.001508 0.000422 0.001106 0.004307 0.010464 0.018309 0.025010 0.027654 0.025182 0.015613 
0.012868 0.025953 0.069284 0.147097 0.282786 0.413276 0.684560 1.367347 1.976092 2.042192 1.874303 1.745572 1.474457 0.798623 0.172719 0.028353 0.036025 0.009696 0.002831 0.000671 0.000496 0.002364 0.007095 0.014353 0.021985 0.026905 0.027181 0.020282 
0.015326 0.016239 0.043573 0.102418 0.211649 0.339557 0.514400 1.004862 1.710263 2.057682 1.970424 1.816389 1.644208 1.158714 0.452454 0.060937 0.024812 0.023769 0.004753 0.001333 0.000332 0.001123 0.004393 0.010542 0.018315 0.024905 0.027782 0.024212 
0.019489 0.013519 0.026285 0.067877 0.152717 0.271502 0.404318 0.726471 1.366503 1.933513 2.045394 1.898714 1.751015 1.434841 0.799711 0.214812 0.018470 0.023221 0.014409 0.001917 0.000569 0.000461 0.002423 0.007186 0.014401 0.021916 0.026979 0.026732 
0.023468 0.015253 0.016929 0.042576 0.105472 0.209111 0.325200 0.533694 1.031183 1.683017 2.034059 1.988278 1.835458 1.623392 1.134071 0.479837 0.079788 0.009125 0.019893 0.007697 0.000469 0.000308 0.001137 0.004476 0.010622 0.018293 0.024932 0.027625 
0.026228 0.018996 0.013975 0.025927 0.069150 0.153967 0.260602 0.405609 0.754730 1.366253 1.902139 2.042660 1.922261 1.750457 1.406367 0.801375 0.243339 0.018780 0.010855 0.014920 0.003331 -0.000115 0.000504 0.002475 0.007278 0.014426 0.021924 0.026953 
0.027357 0.022881 0.015287 0.016935 0.042984 0.107595 0.203523 0.317950 0.551012 1.048819 1.663634 2.013417 2.001981 1.850339 1.605486 1.117243 0.498580 0.096678 0.000529 0.013116 0.009594 0.000845 -0.000144 0.001228 0.004553 0.010684 0.018308 0.024952 
0.026850 0.025744 0.018701 0.014008 0.026025 0.070922 0.152445 0.252166 0.410520 0.776056 1.365478 1.877666 2.039038 1.940748 1.748950 1.384728 0.802515 0.264972 0.022698 0.001033 0.012689 0.005061 -0.000282 0.000272 0.002593 0.007350 0.014464 0.021956 
0.024940 0.027043 0.022447 0.015164 0.016917 0.044129 0.108257 0.197504 0.314729 0.566346 1.061601 1.648325 1.996507 2.011966 1.861470 1.591240 1.104454 0.512497 0.111592 -0.004005 0.005984 0.009938 0.001878 -0.000484 0.001170 0.004672 0.010736 0.018349 
0.021989 0.026691 0.025331 0.018408 0.013884 0.026625 0.072316 0.149562 0.245968 0.416911 0.793029 1.364155 1.858120 2.035404 1.954574 1.747373 1.367955 0.803108 0.282272 0.028113 -0.006483 0.009089 0.006303 0.000090 -0.000024 0.002645 0.007447 0.014509 
0.018397 0.024892 0.026738 0.022068 0.014917 0.017116 0.045439 0.107769 0.191909 0.313958 0.579959 1.071227 1.635753 1.982687 2.019019 1.869635 1.580017 1.094370 0.523272 0.124802 -0.006043 -0.000685 0.009057 0.003029 -0.000522 0.001004 0.004771 0.010811 
0.014575 0.022003 0.026513 0.024965 0.018063 0.013800 0.027519 0.073116 0.146107 0.241567 0.423882 0.806935 1.362511 1.842232 2.031873 1.964699 1.745842 1.354786 0.803372 0.296522 0.034140 -0.012151 0.004898 0.006874 0.000782 -0.000217 0.002605 0.007552 
0.010909 0.018446 0.024819 0.026452 0.021684 0.014643 0.017543 0.046613 0.106495 0.187004 0.314750 0.592080 1.078681 1.625242 1.971233 2.023817 1.875514 1.571099 1.086316 0.531883 0.136546 -0.006470 -0.006643 0.007332 0.004014 -0.000275 0.000823 0.004816 
0.007641 0.014660 0.022002 0.026332 0.024610 0.017684 0.013836 0.028517 0.073339 0.142508 0.238576 0.430986 0.818553 1.360750 1.829111 2.028419 1.971978 1.744336 1.344334 0.803509 0.308501 0.040341 -0.016368 0.000541 0.006814 0.001594 -0.000244 0.002507 
0.004807 0.011012 0.018499 0.024733 0.026174 0.021280 0.014409 0.018135 0.047522 0.104720 0.182839 0.316562 0.602908 1.084602 1.616361 1.961565 2.026883 1.879630 1.563909 1.079859 0.538963 0.147027 -0.005831 -0.011850 0.005061 0.004711 0.000177 0.000696 
0.002396 0.007699 0.014754 0.021994 0.026149 0.024247 0.017306 0.014006 0.029486 0.073076 0.138997 0.236687 0.437987 0.828417 1.359012 1.818116 2.025002 1.977071 1.742819 1.335958 0.803654 0.318743 0.046478 -0.019451 -0.003749 0.006226 0.002390 -0.000104 
0.000659 0.004763 0.011105 0.018555 0.024643 0.025892 0.020864 0.014255 0.018815 0.048128 0.102655 0.179381 0.319041 0.612621 1.089422 1.608796 1.953249 2.028608 1.882378 1.558017 1.074684 0.544946 0.156424 -0.004484 -0.016344 0.002460 0.005087 0.000747 
0.000175 0.002309 0.007725 0.014846 0.021987 0.025962 0.023869 0.016960 0.014290 0.030349 0.072428 0.135697 0.235657 0.444759 0.836910 1.357381 1.808773 2.021596 1.980476 1.741266 1.329186 0.803889 0.327633 0.052428 -0.021646 -0.007848 0.005220 0.003087 
0.001364 0.000722 0.004705 0.011178 0.018613 0.024552 0.025596 0.020450 0.014189 0.019523 0.048438 0.100445 0.176562 0.321946 0.621374 1.093443 1.602305 1.945967 2.029288 1.884056 1.553107 1.070549 0.550130 0.164894 -0.002672 -0.020193 -0.000318 0.005152 
0.003640 0.000557 0.002269 0.007726 0.014929 0.021982 0.025766 0.023479 0.016665 0.014657 0.031063 0.071492 0.132668 0.235298 0.451242 0.844319 1.355899 1.800732 2.018183 1.982564 1.739664 1.323670 0.804257 0.335459 0.058129 -0.023148 -0.011693 0.003896 
0.004935 0.001976 0.000879 0.004654 0.011228 0.018669 0.024458 0.025285 0.020055 0.014210 0.020208 0.048479 0.098192 0.174310 0.325117 0.629303 1.096874 1.596699 1.939486 2.029145 1.884887 1.548949 1.067264 0.554728 0.172574 -0.000558 -0.023474 -0.003166 
0.002338 0.004030 0.001007 0.002287 0.007712 0.014997 0.021977 0.025560 0.023087 0.016430 0.015077 0.031612 0.070345 0.129932 0.235459 0.457412 0.850861 1.354585 1.793728 2.014756 1.983616 1.738007 1.319144 0.804775 0.342438 0.063556 -0.024106 -0.015259 
-0.006013 0.004473 0.002544 0.001119 0.004624 0.011257 0.018718 0.024359 0.024964 0.019689 0.014304 0.020839 0.048288 0.095964 0.172548 0.328441 0.636526 1.099867 1.591825 1.933634 2.028351 1.885045 1.545373 1.064676 0.558889 0.179580 0.001742 -0.026261 
-0.018543 0.000616 0.004253 0.001492 0.002368 0.007694 0.015050 0.021967 0.025344 0.022701 0.016258 0.015519 0.031992 0.069055 0.127493 0.236025 0.463268 0.856705 1.353442 1.787557 2.011312 1.983847 1.736296 1.315407 0.805446 0.348738 0.068704 -0.024640 
-0.028623 -0.008810 0.003805 0.003045 0.001425 0.004626 0.011272 0.018757 0.024253 0.024636 0.019360 0.014457 0.021393 0.047901 0.093807 0.171209 0.331840 0.643143 1.102531 1.587561 1.928284 2.027036 1.884660 1.542252 1.062665 0.562721 0.186011 0.004149 
-0.024842 -0.021553 -0.001217 0.004314 0.001987 0.002508 0.007681 0.015087 0.021949 0.025118 0.022329 0.016145 0.015962 0.032211 0.067673 0.125338 0.236906 0.468819 0.861979 1.352463 1.782065 2.007854 1.983421 1.734532 1.312304 0.806263 0.354486 0.073583 
0.006609 -0.030620 -0.011525 0.002965 0.003464 0.001779 0.004665 0.011278 0.018783 0.024137 0.024308 0.019074 0.014651 0.021859 0.047354 0.091749 0.170231 0.335263 0.649238 1.104943 1.583807 1.923336 2.025305 1.883838 1.539490 1.061131 0.566303 0.191950 
