0.006934 0.027902 0.067581 0.145744 0.214233 0.962414 1.742070 1.878278 1.998384 1.998384 1.940778 1.179570 0.399914 0.276733 0.145744 0.067581 0.027545 0.010039 0.004356 0.004777 0.008246 0.012432 0.015211 0.015205 0.012390 0.008046 0.003934 0.000217 
0.002033 0.015358 0.044167 0.104861 0.138112 0.543876 1.390490 1.851395 1.946844 2.009491 2.017156 1.605302 0.749865 0.297782 0.208425 0.100978 0.043772 0.016645 0.006077 0.003995 0.006276 0.010382 0.014083 0.015557 0.014069 0.010299 0.005951 0.001399 
0.000599 0.006935 0.026802 0.074237 0.099920 0.290159 0.963736 1.667891 1.924011 1.983654 2.042980 1.865173 1.180098 0.475943 0.231564 0.152692 0.067355 0.027294 0.009796 0.004233 0.004749 0.008240 0.012397 0.015145 0.015141 0.012363 0.008174 0.003363 
0.001284 0.002352 0.014300 0.050156 0.078153 0.154546 0.594828 1.341905 1.836233 1.966132 2.028158 2.000602 1.555532 0.800477 0.314673 0.182188 0.107598 0.043084 0.016389 0.005889 0.003925 0.006267 0.010365 0.014031 0.015488 0.014013 0.010395 0.005679 
0.003120 0.000797 0.006152 0.031225 0.061621 0.090582 0.332769 0.964988 1.627642 1.928201 2.006986 2.046073 1.823535 1.180550 0.518665 0.222730 0.140644 0.072348 0.026361 0.009593 0.004104 0.004717 0.008233 0.012363 0.015081 0.015068 0.012407 0.008086 
0.005478 0.001314 0.001762 0.017123 0.046180 0.062864 0.173972 0.622600 1.317044 1.814414 1.983935 2.045362 1.977434 1.529502 0.827917 0.334460 0.167460 0.104240 0.046134 0.015446 0.005762 0.003848 0.006256 0.010348 0.013981 0.015410 0.014007 0.010390 
0.007969 0.003061 0.000317 0.007654 0.031569 0.049394 0.091422 0.361827 0.966776 1.598536 1.926421 2.029489 2.043233 1.793071 1.181555 0.547777 0.224070 0.129044 0.073153 0.027763 0.008806 0.004049 0.004676 0.008225 0.012331 0.015010 0.015024 0.012418 
0.010337 0.005408 0.000924 0.002320 0.018956 0.039349 0.054622 0.191442 0.641717 1.299972 1.795522 1.997589 2.058438 1.957231 1.511289 0.846678 0.352251 0.159818 0.097996 0.048150 0.015745 0.005203 0.003844 0.006233 0.010333 0.013927 0.015348 0.014000 
0.012392 0.007924 0.002771 0.000302 0.009451 0.029238 0.039709 0.095844 0.383990 0.968015 1.576259 1.923724 2.046968 2.039509 1.769473 1.182014 0.569953 0.228997 0.119996 0.071235 0.029491 0.008534 0.003715 0.004697 0.008208 0.012297 0.014946 0.014991 
0.013974 0.010318 0.005222 0.000642 0.003485 0.019262 0.032201 0.050422 0.206924 0.655996 1.286922 1.780304 2.007529 2.067818 1.940741 1.497120 0.860577 0.368034 0.156234 0.091412 0.048625 0.016704 0.004753 0.003686 0.006258 0.010306 0.013874 0.015297 
0.014953 0.012381 0.007828 0.002436 0.000792 0.010742 0.025579 0.032339 0.101744 0.401808 0.968690 1.558844 1.920985 2.059818 2.035774 1.750772 1.181906 0.587759 0.235401 0.113260 0.067962 0.030738 0.008801 0.003312 0.004652 0.008220 0.012254 0.014891 
0.015247 0.013956 0.010281 0.004950 0.000655 0.004737 0.018360 0.025548 0.048710 0.220684 0.667118 1.276563 1.768122 2.014538 2.074285 1.927324 1.485661 0.871301 0.382080 0.155139 0.085303 0.047890 0.017786 0.004601 0.003416 0.006268 0.010295 0.013821 
0.014835 0.014920 0.012371 0.007654 0.002214 0.001576 0.011354 0.021358 0.026830 0.108243 0.416559 0.969021 1.545032 1.918318 2.068998 2.032143 1.735705 1.181453 0.602477 0.242398 0.108376 0.064113 0.031323 0.009386 0.003007 0.004516 0.008239 0.012221 
0.013771 0.015201 0.013946 0.010193 0.004679 0.000944 0.005800 0.016625 0.019631 0.048609 0.232960 0.676059 1.268225 1.758258 2.019292 2.078515 1.916261 1.476238 0.879829 0.394628 0.155648 0.079918 0.046323 0.018704 0.004731 0.003130 0.006223 0.010299 
0.012201 0.014781 0.014897 0.012335 0.007435 0.002164 0.002462 0.011328 0.016994 0.022786 0.114902 0.429021 0.969208 1.533937 1.915701 2.075359 2.028591 1.723384 1.180857 0.614889 0.249546 0.104946 0.060113 0.031287 0.010091 0.002864 0.004322 0.008238 
0.010303 0.013732 0.015161 0.013930 0.010055 0.004475 0.001429 0.006560 0.014353 0.014486 0.049573 0.243957 0.683452 1.261474 1.750136 2.022313 2.081029 1.906973 1.468418 0.886799 0.405882 0.157214 0.075294 0.044223 0.019339 0.005062 0.002896 0.006123 
0.008200 0.012189 0.014737 0.014877 0.012264 0.007213 0.002282 0.003317 0.010769 0.012714 0.019889 0.121490 0.439727 0.969390 1.524920 1.913096 2.079561 2.025080 1.713168 1.180256 0.625531 0.256611 0.102654 0.056194 0.030732 0.010781 0.002885 0.004113 
0.005984 0.010291 0.013704 0.015129 0.013895 0.009883 0.004367 0.002026 0.006986 0.011759 0.010073 0.051248 0.253855 0.689728 1.255998 1.743325 2.023994 2.082219 1.899026 1.461888 0.892644 0.416023 0.159479 0.071393 0.041806 0.019658 0.005509 0.002750 
0.003926 0.008126 0.012177 0.014707 0.014852 0.012157 0.007021 0.002542 0.004061 0.009788 0.008641 0.017892 0.127883 0.449062 0.969647 1.517512 1.910478 2.082098 2.021583 1.704585 1.179734 0.634790 0.263468 0.101251 0.052478 0.029767 0.011372 0.003043 
0.002701 0.005828 0.010256 0.013686 0.015106 0.013834 0.009700 0.004365 0.002664 0.007091 0.008994 0.006320 0.053392 0.262810 0.695187 1.251556 1.737510 2.024631 2.082379 1.892105 1.456406 0.897666 0.425208 0.162200 0.068146 0.039224 0.019671 0.006003 
0.003302 0.003781 0.008023 0.012159 0.014690 0.014817 0.012021 0.006881 0.002904 0.004652 0.008486 0.004834 0.016601 0.134020 0.457314 0.970023 1.511361 1.907834 2.083342 2.018082 1.697285 1.179334 0.642954 0.270054 0.100543 0.049029 0.028494 0.011821 
0.006490 0.002744 0.005674 0.010198 0.013675 0.015087 0.013748 0.009525 0.004462 0.003290 0.006907 0.006164 0.003150 0.055840 0.270961 0.700041 1.247957 1.732462 2.024446 2.081731 1.885977 1.451783 0.902078 0.433575 0.165212 0.065475 0.036584 0.019406 
0.012108 0.003627 0.003692 0.007902 0.012131 0.014682 0.014770 0.011869 0.006803 0.003334 0.005072 0.006950 0.001318 0.015861 0.139876 0.464701 0.970534 1.506205 1.905155 2.083572 2.014572 1.691002 1.179075 0.650243 0.276345 0.100376 0.045869 0.026997 
0.018903 0.006933 0.002866 0.005537 0.010120 0.013665 0.015067 0.013642 0.009372 0.004643 0.003868 0.006471 0.003342 0.000487 0.058476 0.278425 0.704440 1.245050 1.728008 2.023611 2.080446 1.880470 1.447867 0.906032 0.441240 0.168399 0.063304 0.033957 
0.025344 0.012231 0.003985 0.003661 0.007774 0.012092 0.014677 0.014709 0.011713 0.006789 0.003797 0.005317 0.005248 -0.001905 0.015556 0.145449 0.471391 0.971186 1.501842 1.902442 2.083002 2.011048 1.685535 1.178961 0.656824 0.282338 0.100633 0.043003 
0.031391 0.018199 0.007309 0.003050 0.005427 0.010028 0.013652 0.015041 0.013521 0.009251 0.004890 0.004375 0.005825 0.000576 -0.001740 0.061223 0.285301 0.708494 1.242714 1.724023 2.022257 2.078655 1.875455 1.444537 0.909637 0.448304 0.171682 0.061565 
0.040420 0.023590 0.012196 0.004350 0.003685 0.007650 0.012041 0.014668 0.014635 0.011563 0.006836 0.004269 0.005395 0.003436 -0.004845 0.015592 0.150748 0.477514 0.971972 1.498117 1.899697 2.081795 2.007512 1.680727 1.178988 0.662828 0.288042 0.101221 
0.060196 0.028917 0.017331 0.007602 0.003279 0.005351 0.009929 0.013631 0.015008 0.013392 0.009168 0.005187 0.004794 0.005003 -0.002105 -0.003592 0.064024 0.291674 0.712281 1.240849 1.720410 2.020488 2.076459 1.870835 1.441694 0.912974 0.454851 0.175007 
