0.001668 0.000284 0.000181 -0.061677 0.503326 1.074016 1.032699 1.078105 1.161741 1.357819 0.978337 0.625207 0.876396 0.988319 0.984842 0.866130 0.671504 0.458459 0.275703 0.147220 0.072735 0.038069 0.026037 0.022942 0.020701 0.016384 0.010550 0.005144 
0.003155 0.000765 0.004012 -0.066067 0.181290 0.826566 1.086188 1.047592 1.110506 1.288725 1.202404 0.762355 0.721736 0.948274 1.000995 0.937433 0.774713 0.564240 0.361796 0.204695 0.104114 0.051499 0.030080 0.023877 0.021898 0.018767 0.013535 0.007700 
0.005212 0.001473 0.006619 -0.046285 0.012902 0.503162 0.999119 1.079184 1.065498 1.208943 1.284206 0.979523 0.700384 0.829171 0.992766 0.982679 0.865255 0.671959 0.459682 0.276879 0.147874 0.072859 0.037888 0.025764 0.022695 0.020536 0.016320 0.010574 
0.007768 0.002686 0.007119 -0.023210 -0.050639 0.230734 0.776777 1.071004 1.068380 1.131661 1.274582 1.154015 0.812862 0.737107 0.919648 1.005286 0.935417 0.774535 0.565165 0.363076 0.205640 0.104489 0.051443 0.029832 0.023607 0.021687 0.018652 0.013519 
0.010640 0.004590 0.006480 -0.006055 -0.056406 0.054205 0.502952 0.958182 1.084126 1.090924 1.214612 1.244553 0.980637 0.742253 0.818290 0.978243 0.985759 0.863695 0.672425 0.460875 0.278049 0.148540 0.072995 0.037711 0.025489 0.022448 0.020370 0.016255 
0.013568 0.007146 0.005941 0.003478 -0.038927 -0.032294 0.257040 0.750742 1.049181 1.087666 1.151322 1.253808 1.129366 0.840198 0.755376 0.902549 0.999627 0.937151 0.773653 0.566122 0.364335 0.206590 0.104878 0.051395 0.029585 0.023334 0.021476 0.018534 
0.016269 0.010122 0.006296 0.007284 -0.018293 -0.056344 0.081931 0.503322 0.928413 1.083098 1.115494 1.214321 1.216065 0.982306 0.770516 0.817594 0.964191 0.984675 0.864468 0.672281 0.462117 0.279207 0.149218 0.073143 0.037538 0.025212 0.022198 0.020199 
0.018493 0.013189 0.007763 0.008149 -0.003064 -0.047559 -0.015922 0.274701 0.732537 1.030299 1.102787 1.166823 1.235980 1.112531 0.858858 0.771655 0.892554 0.991108 0.937864 0.773997 0.566619 0.365651 0.207535 0.105281 0.051356 0.029338 0.023060 0.021256 
0.020093 0.016007 0.010120 0.008318 0.005348 -0.027990 -0.052685 0.102752 0.503172 0.905502 1.081151 1.135013 1.213119 1.194432 0.983429 0.791846 0.820495 0.952715 0.980887 0.865564 0.672627 0.463056 0.280424 0.149896 0.073304 0.037369 0.024936 0.021938 
0.021084 0.018303 0.012921 0.009037 0.008804 -0.009963 -0.052136 -0.001536 0.287531 0.718385 1.015106 1.114178 1.178600 1.221845 1.099737 0.872660 0.785933 0.886635 0.982273 0.937045 0.774986 0.567197 0.366800 0.208532 0.105688 0.051327 0.029094 0.022775 
0.021708 0.019924 0.015681 0.010657 0.009851 0.002041 -0.035385 -0.047539 0.119232 0.502480 0.887482 1.079161 1.149879 1.211881 1.177686 0.983987 0.808810 0.824886 0.943575 0.975765 0.866175 0.673488 0.463903 0.281569 0.150616 0.073469 0.037208 0.024651 
0.022506 0.020898 0.018005 0.012954 0.010428 0.008235 -0.016400 -0.054224 0.011134 0.297216 0.706954 1.002964 1.122624 1.187437 1.210765 1.089648 0.883287 0.798482 0.883223 0.973937 0.935025 0.776081 0.568048 0.367822 0.209518 0.106124 0.051301 0.028847 
0.024374 0.021486 0.019666 0.015457 0.011513 0.010713 -0.001856 -0.040937 -0.041790 0.132651 0.501465 0.873089 1.077244 1.161051 1.210721 1.164562 0.984198 0.822691 0.829882 0.936309 0.970085 0.866123 0.674645 0.464827 0.282618 0.151354 0.073654 0.037044 
0.028601 0.022252 0.020659 0.017694 0.013272 0.011652 0.006821 -0.022129 -0.054708 0.022327 0.304734 0.697568 0.993155 1.128803 1.194009 1.202019 1.081589 0.891722 0.809541 0.881434 0.966346 0.932182 0.777000 0.569157 0.368813 0.210454 0.106588 0.051285 
0.036883 0.024108 0.021244 0.019354 0.015399 0.012487 0.010945 -0.005919 -0.045043 -0.035877 0.143793 0.500327 0.861436 1.075378 1.169384 1.209616 1.154171 0.984265 0.834271 0.835044 0.930519 0.964270 0.865446 0.675901 0.465892 0.283604 0.152080 0.073863 
0.051283 0.028364 0.021996 0.020367 0.017440 0.013792 0.012588 0.004861 -0.027108 -0.054135 0.032247 0.310720 0.689793 0.985101 1.133238 1.198841 1.195027 1.075128 0.898601 0.819316 0.880720 0.959538 0.928814 0.777623 0.570443 0.369842 0.211337 0.107062 
0.074088 0.036735 0.023849 0.020966 0.019030 0.015509 0.013445 0.010648 -0.009917 -0.048018 -0.030037 0.153191 0.499205 0.851881 1.073526 1.175536 1.208528 1.145872 0.984326 0.844088 0.840137 0.925887 0.958552 0.864247 0.677121 0.467101 0.284570 0.152780 
0.107531 0.051299 0.028138 0.021723 0.020038 0.017277 0.014432 0.013203 0.002572 -0.031377 -0.052861 0.041074 0.315607 0.683316 0.978370 1.136322 1.202324 1.189359 1.069948 0.904357 0.827988 0.880723 0.953473 0.925136 0.777916 0.571823 0.370946 0.212185 
0.153450 0.074322 0.036604 0.023588 0.020652 0.018730 0.015759 0.014304 0.009932 -0.013724 -0.050112 -0.024394 0.161230 0.498179 0.843952 1.071661 1.180005 1.207429 1.139192 0.984462 0.852527 0.845036 0.922165 0.953052 0.862636 0.678223 0.468426 0.285551 
0.213016 0.107987 0.051331 0.027923 0.021427 0.019693 0.017215 0.015119 0.013506 0.000105 -0.035004 -0.051129 0.048966 0.319695 0.677893 0.972646 1.138351 1.204753 1.184696 1.065808 0.909292 0.835715 0.881202 0.948080 0.921300 0.777891 0.573229 0.372133 
0.286570 0.154098 0.074558 0.036492 0.023320 0.020309 0.018477 0.016113 0.015019 0.008899 -0.017279 -0.051516 -0.019010 0.168199 0.497293 0.837301 1.069770 1.183162 1.206305 1.133781 0.984719 0.859878 0.849680 0.919158 0.947833 0.860713 0.679165 0.469834 
0.373399 0.213851 0.108427 0.051377 0.027715 0.021106 0.019353 0.017249 0.015800 0.013526 -0.002433 -0.038065 -0.049103 0.056058 0.323196 0.673336 0.967699 1.139549 1.206353 1.180806 1.062519 0.913620 0.842634 0.881989 0.943283 0.917412 0.777577 0.574607 
0.471289 0.287639 0.154733 0.074792 0.036393 0.023041 0.019948 0.018282 0.016535 0.015570 0.007632 -0.020557 -0.052384 -0.013909 0.174316 0.496564 0.831660 1.067847 1.185289 1.205148 1.129372 0.985113 0.866361 0.854044 0.916713 0.942918 0.858564 0.679928 
0.575922 0.374730 0.214704 0.108856 0.051431 0.027511 0.020764 0.019030 0.017365 0.016440 0.013303 -0.004969 -0.040637 -0.046900 0.062468 0.326260 0.669491 0.963357 1.140088 1.207294 1.177517 1.059929 0.917491 0.848864 0.882971 0.939004 0.913543 0.777014 
0.680509 0.472759 0.288758 0.155367 0.075023 0.036303 0.022751 0.019580 0.018147 0.016994 0.015955 0.006200 -0.023554 -0.052833 -0.009094 0.179748 0.495996 0.826830 1.065889 1.186598 1.203955 1.125764 0.985650 0.872143 0.858126 0.914711 0.938309 0.856255 
0.776238 0.577150 0.376111 0.215584 0.109278 0.051489 0.027305 0.020408 0.018737 0.017546 0.017012 0.012872 -0.007457 -0.042787 -0.044596 0.068295 0.328997 0.666238 0.959492 1.140100 1.207708 1.174702 1.057914 0.921015 0.854504 0.884067 0.935175 0.909741 
0.853843 0.680915 0.474221 0.289927 0.156010 0.075251 0.036216 0.022449 0.019216 0.018070 0.017463 0.016180 0.004657 -0.026279 -0.052955 -0.004558 0.184624 0.495583 0.822655 1.063899 1.187255 1.202730 1.122801 0.986322 0.877356 0.861934 0.913058 0.933996 
0.906036 0.775288 0.578278 0.377525 0.216498 0.109700 0.051546 0.027095 0.020044 0.018479 0.017776 0.017504 0.012272 -0.009864 -0.044576 -0.042248 0.073623 0.331486 0.663476 0.956009 1.139687 1.207698 1.172263 1.056377 0.924273 0.859639 0.885224 0.931732 
