0.108120 0.088114 0.057254 0.028176 0.009891 0.004403 0.009744 0.027451 0.068915 0.154606 0.303436 0.515692 0.759632 0.974002 1.091295 1.071288 0.923100 0.699500 0.467528 0.276780 0.145448 0.067486 0.028880 0.018902 0.031059 0.058055 0.088308 0.108156 
0.110629 0.100044 0.073251 0.041929 0.017559 0.005670 0.005624 0.016340 0.043934 0.105050 0.221111 0.403620 0.637530 0.874732 1.047297 1.097884 1.009919 0.816536 0.581460 0.365864 0.204065 0.100672 0.043934 0.020718 0.022670 0.043426 0.073629 0.100125 
0.107694 0.107667 0.087943 0.057438 0.028530 0.010095 0.004234 0.009254 0.026987 0.068963 0.155494 0.305000 0.517157 0.759965 0.972678 1.088873 1.069149 0.922422 0.700387 0.469082 0.277952 0.145802 0.067292 0.028658 0.018946 0.031282 0.058169 0.088108 
0.099774 0.110138 0.099710 0.073265 0.042230 0.017872 0.005699 0.005270 0.015811 0.043675 0.105508 0.222395 0.405247 0.638526 0.874235 1.045303 1.095444 1.008430 0.816690 0.582803 0.367320 0.204838 0.100702 0.043675 0.020616 0.022827 0.043626 0.073595 
0.087910 0.107244 0.107224 0.087775 0.057617 0.028872 0.010290 0.004064 0.008772 0.026537 0.069027 0.156388 0.306546 0.518583 0.760269 0.971367 1.086504 1.067055 0.921740 0.701231 0.470599 0.279120 0.146179 0.067121 0.028443 0.018980 0.031491 0.058274 
0.073557 0.099430 0.109658 0.099384 0.073277 0.042521 0.018173 0.005721 0.004919 0.015293 0.043433 0.105978 0.223675 0.406844 0.639484 0.873727 1.043344 1.093057 1.006963 0.816817 0.584100 0.368753 0.205623 0.100759 0.043433 0.020512 0.022970 0.043812 
0.058370 0.087714 0.106803 0.106792 0.087611 0.057789 0.029203 0.010476 0.003893 0.008297 0.026102 0.069108 0.157288 0.308076 0.519972 0.760545 0.970069 1.084183 1.065002 0.921054 0.702034 0.472078 0.280283 0.146578 0.066974 0.028236 0.019006 0.031686 
0.043987 0.073517 0.099093 0.109190 0.099064 0.073288 0.042803 0.018464 0.005739 0.004571 0.014787 0.043207 0.106462 0.224949 0.408412 0.640407 0.873210 1.041420 1.090721 1.005518 0.816920 0.585354 0.370165 0.206419 0.100841 0.043207 0.020407 0.023101 
0.031867 0.058458 0.087520 0.106373 0.106369 0.087448 0.057955 0.029523 0.010653 0.003721 0.007830 0.025682 0.069205 0.158192 0.309587 0.521326 0.760795 0.968784 1.081909 1.062988 0.920366 0.702799 0.473521 0.281441 0.146998 0.066850 0.028037 0.019024 
0.023220 0.044149 0.073473 0.098763 0.108732 0.098752 0.073296 0.043075 0.018745 0.005751 0.004226 0.014292 0.042997 0.106957 0.226218 0.409952 0.641295 0.872686 1.039528 1.088433 1.004093 0.816999 0.586567 0.371554 0.207224 0.100947 0.042997 0.020302 
0.019034 0.032034 0.058538 0.087327 0.105952 0.105956 0.087289 0.058115 0.029833 0.010822 0.003547 0.007370 0.025277 0.069317 0.159101 0.311079 0.522645 0.761022 0.967513 1.079679 1.061013 0.919676 0.703528 0.474929 0.282593 0.147437 0.066748 0.027845 
0.020196 0.023327 0.044299 0.073425 0.098439 0.108284 0.098446 0.073303 0.043339 0.019015 0.005758 0.003885 0.013810 0.042805 0.107463 0.227479 0.411462 0.642150 0.872155 1.037668 1.086190 1.002687 0.817056 0.587740 0.372921 0.208037 0.101077 0.042805 
0.027663 0.019038 0.032189 0.058610 0.087137 0.105540 0.105552 0.087132 0.058270 0.030133 0.010983 0.003373 0.006918 0.024886 0.069445 0.160013 0.312553 0.523930 0.761226 0.966255 1.077493 1.059073 0.918985 0.704222 0.476303 0.283737 0.147894 0.066669 
0.042628 0.020090 0.023423 0.044438 0.073374 0.098120 0.107847 0.098147 0.073309 0.043594 0.019275 0.005759 0.003547 0.013339 0.042628 0.107980 0.228733 0.412944 0.642975 0.871619 1.035839 1.083991 1.001300 0.817093 0.588875 0.374266 0.208857 0.101229 
0.066610 0.027488 0.019035 0.032330 0.058673 0.086948 0.105137 0.105157 0.086979 0.058419 0.030422 0.011136 0.003196 0.006474 0.024511 0.069588 0.160928 0.314009 0.525183 0.761410 0.965010 1.075347 1.057168 0.918292 0.704884 0.477645 0.284875 0.148367 
0.101402 0.042468 0.019985 0.023508 0.044565 0.073320 0.097808 0.107420 0.097854 0.073312 0.043841 0.019525 0.005756 0.003211 0.012880 0.042468 0.108508 0.229979 0.414399 0.643770 0.871078 1.034039 1.081833 0.999932 0.817111 0.589975 0.375589 0.209683 
0.148857 0.066573 0.027323 0.019025 0.032459 0.058728 0.086761 0.104743 0.104772 0.086827 0.058563 0.030702 0.011280 0.003019 0.006037 0.024151 0.069745 0.161844 0.315445 0.526404 0.761574 0.963778 1.073240 1.055296 0.917599 0.705516 0.478955 0.286004 
0.210514 0.101596 0.042324 0.019881 0.023582 0.044682 0.073263 0.097502 0.107003 0.097568 0.073315 0.044080 0.019766 0.005747 0.002880 0.012433 0.042324 0.109044 0.231216 0.415826 0.644536 0.870533 1.032269 1.079716 0.998581 0.817111 0.591040 0.376891 
0.287126 0.149361 0.066555 0.027167 0.019010 0.032577 0.058776 0.086575 0.104357 0.104395 0.086679 0.058701 0.030972 0.011416 0.002840 0.005609 0.023806 0.069916 0.162762 0.316863 0.527595 0.761721 0.962560 1.071171 1.053456 0.916905 0.706118 0.480235 
0.378173 0.211349 0.101809 0.042195 0.019779 0.023646 0.044787 0.073201 0.097201 0.106594 0.097288 0.073316 0.044310 0.019997 0.005733 0.002551 0.011998 0.042195 0.109590 0.232444 0.417227 0.645276 0.869985 1.030526 1.077636 0.997247 0.817094 0.592071 
0.481485 0.288239 0.149879 0.066557 0.027020 0.018990 0.032682 0.058815 0.086390 0.103979 0.104027 0.086533 0.058834 0.031232 0.011544 0.002660 0.005189 0.023475 0.070102 0.163680 0.318261 0.528756 0.761850 0.961355 1.069139 1.051646 0.916210 0.706692 
0.593071 0.379434 0.212188 0.102042 0.042083 0.019678 0.023701 0.044881 0.073137 0.096905 0.106196 0.097014 0.073315 0.044532 0.020218 0.005713 0.002226 0.011576 0.042083 0.110144 0.233663 0.418601 0.645990 0.869434 1.028810 1.075593 0.995929 0.817062 
0.707240 0.482706 0.289343 0.150410 0.066578 0.026881 0.018966 0.032777 0.058847 0.086206 0.103610 0.103667 0.086390 0.058962 0.031483 0.011664 0.002479 0.004776 0.023160 0.070300 0.164599 0.319641 0.529889 0.761963 0.960163 1.067141 1.049865 0.915516 
0.817015 0.594041 0.380674 0.213031 0.102292 0.041985 0.019579 0.023747 0.044965 0.073068 0.096614 0.105806 0.096746 0.073314 0.044747 0.020430 0.005689 0.001905 0.011165 0.041985 0.110706 0.234873 0.419950 0.646679 0.868882 1.027120 1.073586 0.994628 
0.914822 0.707762 0.483899 0.290438 0.150953 0.066618 0.026753 0.018937 0.032860 0.058871 0.086023 0.103248 0.103315 0.086249 0.059086 0.031724 0.011776 0.002297 0.004372 0.022859 0.070511 0.165517 0.321002 0.530994 0.762061 0.958984 1.065178 1.048112 
0.993342 0.816953 0.594981 0.381895 0.213875 0.102559 0.041903 0.019483 0.023784 0.045039 0.072996 0.096328 0.105424 0.096484 0.073311 0.044954 0.020633 0.005660 0.001587 0.010767 0.041903 0.111274 0.236073 0.421274 0.647345 0.868327 1.025455 1.071612 
1.046386 0.914129 0.708261 0.485066 0.291525 0.151507 0.066675 0.026633 0.018904 0.032933 0.058888 0.085841 0.102893 0.102971 0.086111 0.059204 0.031957 0.011881 0.002114 0.003976 0.022573 0.070735 0.166434 0.322344 0.532073 0.762145 0.957818 1.063246 
1.069672 0.992070 0.816878 0.595893 0.383097 0.214721 0.102842 0.041835 0.019389 0.023813 0.045103 0.072921 0.096047 0.105052 0.096227 0.073307 0.045154 0.020826 0.005626 0.001272 0.010381 0.041835 0.111850 0.237262 0.422573 0.647987 0.867771 1.023815 
