0.018608 0.068636 0.145543 0.275647 0.459752 0.675458 0.873933 0.995571 0.935884 1.381091 1.746414 1.466525 1.279395 1.146831 1.130282 0.527545 -0.052662 0.003269 0.002116 0.004135 0.008087 0.012398 0.015205 0.015204 0.012390 0.008045 0.003934 -0.001474 
0.005103 0.040070 0.102084 0.203895 0.362349 0.566707 0.780575 0.950887 0.945504 1.131924 1.609071 1.640998 1.363752 1.202452 1.167942 0.864142 0.196275 -0.060887 0.006062 0.002806 0.005968 0.010314 0.014071 0.015555 0.014068 0.010299 0.006056 -0.000282 
-0.000171 0.019047 0.066900 0.146962 0.276713 0.461065 0.675769 0.879434 0.947189 1.008556 1.380154 1.672184 1.514452 1.267931 1.194103 1.055627 0.527294 0.021768 -0.043282 0.008421 0.003912 0.008104 0.012371 0.015141 0.015140 0.012356 0.008338 0.002285 
-0.000522 0.006294 0.039171 0.101812 0.205319 0.363579 0.567210 0.786786 0.922205 0.958882 1.179938 1.559252 1.626978 1.385947 1.224264 1.153271 0.814401 0.245576 -0.045584 -0.021214 0.009136 0.005459 0.010326 0.014023 0.015488 0.013999 0.010551 0.005214 
0.001586 0.000472 0.019243 0.066077 0.147590 0.278191 0.461562 0.681261 0.865927 0.935191 1.047996 1.379178 1.631886 1.520801 1.294478 1.199842 1.014951 0.527006 0.062921 -0.053493 -0.004286 0.008890 0.007432 0.012387 0.015079 0.015051 0.012516 0.008026 
0.004595 -0.000546 0.006861 0.038739 0.101598 0.206524 0.364308 0.571331 0.782996 0.905050 0.975224 1.204843 1.533174 1.606283 1.406611 1.244571 1.131978 0.788428 0.271743 -0.027367 -0.036989 0.005468 0.008675 0.009650 0.014045 0.015392 0.014062 0.010515 
0.007655 0.001191 0.000844 0.019334 0.065603 0.148128 0.279035 0.464452 0.682474 0.852866 0.933414 1.073898 1.378790 1.602729 1.521144 1.320149 1.199619 0.985459 0.527308 0.090497 -0.053526 -0.016562 0.009664 0.009088 0.011824 0.015076 0.015033 0.012575 
0.010365 0.004137 -0.000542 0.007175 0.038466 0.101576 0.207151 0.366299 0.574402 0.776262 0.895009 0.989635 1.221129 1.514914 1.588495 1.423080 1.260706 1.113640 0.770299 0.289270 -0.011125 -0.045685 -0.001103 0.010844 0.010217 0.013624 0.015411 0.014109 
0.012545 0.007310 0.000926 0.001068 0.019359 0.065378 0.148361 0.280317 0.467681 0.680917 0.842338 0.935275 1.092934 1.377891 1.580404 1.520535 1.340747 1.198484 0.962842 0.527100 0.111168 -0.049966 -0.026300 0.007696 0.011064 0.011769 0.014812 0.015106 
0.014171 0.010166 0.003782 -0.000545 0.007346 0.038325 0.101499 0.207815 0.368919 0.575920 0.769146 0.889042 1.002104 1.232609 1.500699 1.574363 1.435790 1.273106 1.099006 0.756240 0.301971 0.003126 -0.050329 -0.008033 0.011461 0.011437 0.013316 0.015309 
0.015115 0.012496 0.006994 0.000726 0.001194 0.019381 0.065203 0.148536 0.282074 0.470412 0.677977 0.834104 0.938660 1.107667 1.376457 1.562948 1.519849 1.356669 1.197311 0.945133 0.526360 0.127498 -0.044923 -0.033741 0.004359 0.012550 0.012251 0.014501 
0.015112 0.014188 0.009973 0.003487 -0.000568 0.007453 0.038220 0.101388 0.208743 0.371616 0.576208 0.762479 0.885577 1.012899 1.240969 1.489195 1.563253 1.445525 1.282552 1.087435 0.744914 0.311532 0.015660 -0.052489 -0.014504 0.010854 0.012772 0.013319 
0.014307 0.015025 0.012428 0.006720 0.000553 0.001266 0.019390 0.065017 0.148833 0.284102 0.472450 0.674437 0.827712 0.942677 1.119377 1.374708 1.549096 1.519203 1.368875 1.196216 0.931067 0.525308 0.140769 -0.039281 -0.039341 0.000429 0.013364 0.013053 
0.013616 0.014907 0.014128 0.009797 0.003235 -0.000609 0.007521 0.038098 0.101323 0.209935 0.374106 0.575635 0.756513 0.883731 1.022254 1.247187 1.479729 1.554444 1.452962 1.289722 1.078210 0.735649 0.318931 0.026714 -0.053050 -0.020268 0.009402 0.013938 
0.013980 0.014290 0.014869 0.012324 0.006486 0.000395 0.001304 0.019366 0.064833 0.149319 0.286213 0.473826 0.670719 0.822769 0.946885 1.128845 1.372847 1.537963 1.518575 1.378219 1.195173 0.919755 0.524144 0.151763 -0.033480 -0.043498 -0.003668 0.013544 
0.014819 0.014126 0.014758 0.013998 0.009627 0.003019 -0.000660 0.007550 0.037948 0.101362 0.211321 0.376270 0.574495 0.751292 0.882958 1.030372 1.251898 1.471867 1.547361 1.458626 1.295137 1.070749 0.728009 0.324805 0.036494 -0.052556 -0.025285 0.007401 
0.013196 0.014896 0.014446 0.014691 0.012178 0.006279 0.000253 0.001315 0.019299 0.064682 0.149996 0.288279 0.474642 0.667054 0.818962 0.951049 1.136601 1.371009 1.528908 1.517930 1.385360 1.194147 0.910555 0.523006 0.161015 -0.027755 -0.046529 -0.007701 
0.005068 0.015380 0.014762 0.014697 0.013818 0.009448 0.002831 -0.000716 0.007537 0.037782 0.101533 0.212821 0.378077 0.573001 0.746778 0.882902 1.037430 1.255533 1.465295 1.541573 1.462910 1.299192 1.064622 0.721680 0.329586 0.045179 -0.051367 -0.029595 
-0.011547 0.012429 0.015720 0.014746 0.014527 0.011992 0.006088 0.000128 0.001298 0.019191 0.064592 0.150833 0.290222 0.475007 0.663565 0.816043 0.955042 1.143029 1.369279 1.521461 1.517241 1.390795 1.193108 0.902996 0.521975 0.168911 -0.022230 -0.048681 
-0.033266 0.002556 0.015634 0.015452 0.014734 0.013615 0.009254 0.002666 -0.000778 0.007480 0.037620 0.101838 0.214369 0.379541 0.571305 0.742901 0.883323 1.043583 1.258392 1.459774 1.536765 1.466110 1.302181 1.059511 0.716420 0.333575 0.052927 -0.049723 
-0.050149 -0.015144 0.011345 0.016405 0.015152 0.014402 0.011776 0.005903 0.000016 0.001252 0.019053 0.064580 0.151794 0.292003 0.475022 0.660312 0.813821 0.958804 1.148417 1.367696 1.515272 1.516495 1.394896 1.192043 0.896726 0.521095 0.175739 -0.016967 
-0.047790 -0.036376 -0.000028 0.015609 0.016142 0.014863 0.013409 0.009043 0.002515 -0.000846 0.007384 0.037478 0.102269 0.215911 0.380695 0.569511 0.739586 0.884056 1.048967 1.260684 1.455113 1.532707 1.468450 1.304327 1.055184 0.712038 0.336984 0.059875 
-0.011990 -0.051084 -0.018466 0.010029 0.016933 0.015626 0.014329 0.011543 0.005716 -0.000088 0.001178 0.018896 0.064652 0.152840 0.293604 0.474772 0.657320 0.812144 0.962308 1.152981 1.366281 1.510078 1.515686 1.397944 1.190944 0.891480 0.520384 0.181718 
0.066140 -0.045682 -0.038999 -0.002611 0.015344 0.016792 0.015070 0.013219 0.008819 0.002371 -0.000925 0.007257 0.037370 0.102808 0.217411 0.381577 0.567693 0.736756 0.884985 1.053699 1.262561 1.451160 1.529228 1.470103 1.305802 1.051468 0.708382 0.339964 
0.187015 -0.007303 -0.051604 -0.021510 0.008550 0.017298 0.016137 0.014312 0.011306 0.005526 -0.000191 0.001078 0.018734 0.064808 0.153939 0.295024 0.474329 0.654592 0.810892 0.965553 1.156887 1.365035 1.505677 1.514814 1.400153 1.189809 0.887056 0.519844 
0.342624 0.071823 -0.043479 -0.041204 -0.005146 0.014875 0.017378 0.015340 0.013056 0.008585 0.002227 -0.001018 0.007106 0.037304 0.103435 0.218846 0.382228 0.565898 0.734342 0.886033 1.057877 1.264129 1.447794 1.526202 1.471201 1.306737 1.048237 0.705330 
0.519470 0.191761 -0.002895 -0.051802 -0.024284 0.006962 0.017505 0.016658 0.014350 0.011076 0.005329 -0.000301 0.000954 0.018580 0.065044 0.155063 0.296271 0.473747 0.652119 0.809975 0.968545 1.160264 1.363952 1.501914 1.513881 1.401688 1.188639 0.883296 
0.702781 0.345042 0.077008 -0.041234 -0.043052 -0.007600 0.014239 0.017885 0.015656 0.012928 0.008350 0.002077 -0.001127 0.006941 0.037287 0.104132 0.220200 0.382686 0.564159 0.732285 0.887143 1.061584 1.265468 1.444916 1.523532 1.471848 1.307235 1.045391 
