0.002146 0.010079 0.028375 0.070114 0.088207 0.783391 1.530710 1.681254 1.873817 1.988330 2.048198 1.366702 0.609143 0.458470 0.275451 0.145677 0.068411 0.030079 0.015003 0.011014 0.010573 0.009931 0.007971 0.005156 0.002519 0.000814 0.000119 -0.000367 
0.000364 0.005126 0.017114 0.049257 0.038320 0.390222 1.191090 1.640654 1.779788 1.939367 2.068014 1.758539 0.954746 0.497898 0.365654 0.203954 0.101329 0.045358 0.020394 0.012094 0.010584 0.010347 0.009087 0.006606 0.003768 0.001545 0.000390 -0.000325 
-0.000323 0.002038 0.009409 0.034618 0.023804 0.163534 0.784552 1.457231 1.728345 1.860233 2.033006 1.971554 1.365853 0.684350 0.413329 0.282953 0.146033 0.068489 0.029897 0.014778 0.010835 0.010450 0.009857 0.007945 0.005171 0.002552 0.000874 -0.000082 
-0.000410 0.000382 0.004295 0.023150 0.022054 0.054179 0.440734 1.142761 1.626587 1.800435 1.958703 2.050935 1.707457 1.004184 0.514394 0.339760 0.211191 0.101116 0.045291 0.020172 0.011886 0.010433 0.010249 0.009037 0.006602 0.003793 0.001609 0.000306 
-0.000183 -0.000303 0.001210 0.014036 0.021772 0.013888 0.205588 0.785668 1.417685 1.733859 1.884670 2.036178 1.928915 1.364965 0.726249 0.404501 0.271441 0.151607 0.067894 0.029760 0.014549 0.010653 0.010326 0.009784 0.007920 0.005182 0.002607 0.000865 
0.000240 -0.000403 -0.000356 0.007234 0.019199 0.006333 0.072990 0.468108 1.118171 1.605847 1.819556 1.976554 2.027263 1.680156 1.030469 0.533771 0.325351 0.208440 0.104644 0.044546 0.020015 0.011671 0.010280 0.010151 0.008989 0.006595 0.003832 0.001641 
0.000844 -0.000172 -0.000894 0.002694 0.014495 0.009347 0.014162 0.234086 0.787354 1.389281 1.733369 1.908242 2.033415 1.897484 1.364662 0.754541 0.405824 0.260356 0.152991 0.069641 0.029046 0.014397 0.010462 0.010201 0.009712 0.007892 0.005201 0.002651 
0.001651 0.000268 -0.000821 0.000117 0.009140 0.012358 -0.002312 0.089846 0.486845 1.101391 1.588016 1.834488 1.990254 2.006574 1.660710 1.048095 0.551142 0.318006 0.202791 0.107143 0.045050 0.019430 0.011530 0.010116 0.010054 0.008940 0.006592 0.003871 
0.002677 0.000889 -0.000422 -0.000984 0.004487 0.012230 -0.000536 0.018038 0.255696 0.788517 1.367708 1.731931 1.926755 2.029766 1.872951 1.363846 0.775901 0.410715 0.251806 0.151647 0.071719 0.028853 0.013967 0.010333 0.010066 0.009640 0.007866 0.005224 
0.003897 0.001706 0.000157 -0.001126 0.001232 0.009498 0.005170 -0.006901 0.104727 0.500761 1.088650 1.573842 1.845669 2.000238 1.989615 1.645344 1.060878 0.566494 0.314696 0.196790 0.108103 0.046221 0.018958 0.011237 0.009999 0.009947 0.008891 0.006593 
0.005239 0.002730 0.000875 -0.000729 -0.000544 0.005783 0.008605 -0.008113 0.023406 0.272977 0.789133 1.351000 1.730420 1.940607 2.026104 1.853345 1.362493 0.792894 0.417065 0.245549 0.148945 0.073323 0.029204 0.013471 0.010139 0.009962 0.009560 0.007845 
0.006591 0.003937 0.001746 -0.000055 -0.001132 0.002455 0.008634 -0.001547 -0.008996 0.117902 0.511536 1.078612 1.562690 1.853883 2.007290 1.975746 1.632721 1.070505 0.580100 0.313855 0.191253 0.107853 0.047521 0.018788 0.010832 0.009867 0.009857 0.008840 
0.007818 0.005261 0.002788 0.000776 -0.000930 0.000208 0.006405 0.004395 -0.013839 0.029385 0.287208 0.789422 1.337894 1.728953 1.950757 2.022545 1.837401 1.360824 0.806804 0.423990 0.241127 0.145662 0.074270 0.029881 0.013075 0.009853 0.009865 0.009488 
0.008789 0.006589 0.003990 0.001734 -0.000274 -0.000855 0.003503 0.006927 -0.007549 -0.009481 0.129610 0.520149 1.070605 1.553840 1.859810 2.012085 1.964246 1.622167 1.077954 0.592199 0.314599 0.186427 0.106774 0.048664 0.018905 0.010413 0.009681 0.009782 
0.009430 0.007790 0.005293 0.002825 0.000625 -0.000962 0.001074 0.006392 0.000024 -0.018113 0.035535 0.299169 0.789584 1.327503 1.727510 1.958061 2.019063 1.824230 1.359040 0.818413 0.431050 0.238141 0.142221 0.074600 0.030683 0.012845 0.009510 0.009748 
0.009706 0.008746 0.006593 0.004041 0.001670 -0.000433 -0.000376 0.004258 0.004674 -0.012796 -0.008899 0.140054 0.527234 1.064194 1.546717 1.863973 2.015148 1.954533 1.613247 1.083863 0.602999 0.316381 0.182351 0.105161 0.049530 0.019228 0.010048 0.009441 
0.009595 0.009377 0.007769 0.005331 0.002828 0.000467 -0.000826 0.001919 0.005848 -0.004278 -0.021249 0.041622 0.309394 0.789755 1.319187 1.726055 1.963178 2.015620 1.813188 1.357279 0.828258 0.438013 0.236276 0.138856 0.074415 0.031476 0.012782 0.009154 
0.009162 0.009614 0.008712 0.006606 0.004074 0.001572 -0.000498 0.000220 0.004688 0.002091 -0.017326 -0.007610 0.149415 0.533220 1.059064 1.540890 1.866768 2.016871 1.946176 1.605645 1.088664 0.612680 0.318843 0.178985 0.103230 0.050086 0.019672 0.009772 
0.008820 0.009406 0.009323 0.007761 0.005365 0.002794 0.000335 -0.000548 0.002661 0.004882 -0.008387 -0.023495 0.047522 0.318266 0.790016 1.312475 1.724562 1.966605 2.012188 1.803804 1.355621 0.836726 0.444754 0.235284 0.135688 0.073825 0.032176 0.012859 
0.009595 0.008866 0.009499 0.008686 0.006626 0.004083 0.001459 -0.000461 0.000863 0.004801 -0.000669 -0.021209 -0.005853 0.157848 0.538409 1.054974 1.536044 1.868490 2.017548 1.938856 1.599119 1.092660 0.621401 0.321745 0.176261 0.101135 0.050341 0.020167 
0.013041 0.008530 0.009187 0.009261 0.007764 0.005390 0.002732 0.000253 -0.000165 0.003257 0.003596 -0.012241 -0.025046 0.053173 0.326075 0.790410 1.307017 1.723018 1.968715 2.008752 1.795723 1.354110 0.844105 0.451212 0.234970 0.132779 0.072929 0.032740 
0.020661 0.009513 0.008572 0.009359 0.008666 0.006650 0.004068 0.001352 -0.000325 0.001499 0.004630 -0.003501 -0.024522 -0.003793 0.165491 0.543011 1.051734 1.531949 1.869364 2.017404 1.932341 1.593477 1.096062 0.629299 0.324922 0.174100 0.098979 0.050325 
0.033149 0.013292 0.008297 0.008950 0.009187 0.007776 0.005402 0.002654 0.000230 0.000286 0.003686 0.002074 -0.015815 -0.026052 0.058550 0.333036 0.790954 1.302548 1.721418 1.969789 2.005304 1.788681 1.352764 0.850616 0.457364 0.235183 0.130154 0.071811 
0.050074 0.021116 0.009512 0.008296 0.009198 0.008645 0.006673 0.004031 0.001266 -0.000106 0.002091 0.004211 -0.006332 -0.027339 -0.001546 0.172461 0.547176 1.049192 1.528434 1.869563 2.016608 1.926457 1.588568 1.099023 0.636492 0.328259 0.172429 0.096835 
0.070540 0.033398 0.013580 0.008123 0.008706 0.009101 0.007789 0.005401 0.002569 0.000270 0.000774 0.003947 0.000385 -0.019106 -0.026631 0.063650 0.339318 0.791651 1.298869 1.719761 1.970041 2.001841 1.782474 1.351585 0.856425 0.463207 0.235804 0.127815 
0.094749 0.049628 0.021509 0.009577 0.008049 0.009022 0.008619 0.006690 0.003980 0.001211 0.000180 0.002615 0.003582 -0.009113 -0.029729 0.000810 0.178855 0.551012 1.047225 1.525373 1.869219 2.015294 1.921076 1.584267 1.101651 0.643081 0.331679 0.171176 
0.125751 0.069169 0.033494 0.013881 0.008006 0.008465 0.009002 0.007799 0.005388 0.002491 0.000371 0.001272 0.004044 -0.001416 -0.022123 -0.026876 0.068481 0.345048 0.792494 1.295822 1.718051 1.969635 1.998365 1.776946 1.350569 0.861665 0.468751 0.236742 
0.170282 0.092753 0.049021 0.021825 0.009689 0.007835 0.008837 0.008585 0.006699 0.003921 0.001193 0.000516 0.003056 0.002781 -0.011814 -0.031754 0.003220 0.184759 0.554599 1.045734 1.522670 1.868437 2.013563 1.916100 1.580475 1.104026 0.649152 0.335126 
