0.007593 -0.057126 0.510183 1.090033 1.067569 1.145888 1.277723 1.527973 1.185827 0.825414 1.010209 1.010209 0.887914 0.685827 0.465473 0.277723 0.145888 0.067569 0.027533 0.010183 0.005346 0.007837 0.014504 0.022068 0.027036 0.027030 0.022027 0.014197 
0.014450 -0.060636 0.186243 0.836969 1.110147 1.097085 1.201060 1.432472 1.395067 0.972687 0.895286 1.029402 0.961692 0.793000 0.574754 0.366066 0.204966 0.100991 0.043741 0.016658 0.006525 0.005872 0.010853 0.018392 0.025025 0.027656 0.025017 0.018212 
0.020599 -0.038758 0.017440 0.509963 1.015045 1.114191 1.133793 1.325602 1.454631 1.186377 0.899205 0.961738 1.014473 0.886754 0.686377 0.466839 0.278971 0.146488 0.067560 0.027255 0.009940 0.005254 0.007851 0.014520 0.022016 0.026920 0.026926 0.021685 
0.024524 -0.012660 -0.045151 0.235646 0.787090 1.094960 1.118200 1.222858 1.418871 1.346517 1.022117 0.909228 0.999996 0.966433 0.792304 0.575826 0.367464 0.205921 0.101263 0.043556 0.016371 0.006352 0.005843 0.010879 0.018378 0.024936 0.027557 0.024374 
0.026574 0.007972 -0.048779 0.058751 0.509676 0.974038 1.119281 1.159731 1.331928 1.415220 1.186850 0.939724 0.949654 0.999771 0.890801 0.686205 0.468211 0.280211 0.147102 0.067568 0.026983 0.009694 0.005157 0.007860 0.014533 0.021962 0.026855 0.026120 
0.027464 0.020848 -0.028287 -0.026744 0.261912 0.760962 1.073154 1.137821 1.243152 1.398609 1.321686 1.048394 0.926112 0.982144 0.961205 0.795317 0.576171 0.368906 0.206877 0.101552 0.043385 0.016086 0.006176 0.005808 0.010902 0.018359 0.024919 0.026765 
0.027643 0.027271 -0.004229 -0.048627 0.086490 0.509966 0.944207 1.118416 1.184812 1.332271 1.386944 1.187875 0.966670 0.947794 0.985544 0.890649 0.688330 0.468969 0.281520 0.147723 0.067592 0.026719 0.009448 0.005054 0.007866 0.014538 0.021989 0.026208 
0.027213 0.029515 0.014272 -0.036842 -0.010311 0.279532 0.742665 1.054302 1.153286 1.259274 1.381266 1.304652 1.066010 0.941047 0.971420 0.953101 0.797268 0.577720 0.369897 0.207915 0.101850 0.043227 0.015804 0.005996 0.005768 0.010912 0.018417 0.024475 
0.026079 0.029488 0.025232 -0.013896 -0.044886 0.107323 0.509737 0.921243 1.116647 1.204842 1.331683 1.365498 1.188353 0.986715 0.949568 0.973899 0.887762 0.690743 0.470210 0.282546 0.148422 0.067623 0.026464 0.009200 0.004948 0.007857 0.014608 0.021744 
0.024144 0.028320 0.030019 0.007339 -0.041349 0.004131 0.292324 0.728428 1.039152 1.165030 1.271661 1.367590 1.291641 1.078784 0.954019 0.964795 0.944664 0.797652 0.579892 0.370977 0.208805 0.102212 0.043073 0.015526 0.005813 0.005714 0.010968 0.018327 
0.021435 0.026490 0.030848 0.021828 -0.021265 -0.039664 0.123813 0.508968 0.903179 1.114847 1.220217 1.331037 1.348915 1.188264 1.002424 0.952867 0.964592 0.883510 0.692641 0.471961 0.283496 0.149069 0.067702 0.026210 0.008954 0.004828 0.007875 0.014612 
0.018128 0.024116 0.029548 0.029304 0.000868 -0.043375 0.016852 0.301970 0.716916 1.027065 1.173835 1.281095 1.356943 1.281322 1.088401 0.965298 0.960700 0.936713 0.796801 0.582151 0.372337 0.209589 0.102577 0.042949 0.015246 0.005622 0.005673 0.011008 
0.014527 0.021228 0.027222 0.031543 0.017836 -0.026795 -0.033847 0.137241 0.507879 0.888752 1.113131 1.231898 1.330449 1.335930 1.187829 1.015079 0.956804 0.957163 0.878673 0.693844 0.474000 0.284538 0.149638 0.067807 0.025973 0.008700 0.004712 0.007898 
0.010993 0.017917 0.024373 0.030614 0.027749 -0.004896 -0.043803 0.028092 0.309448 0.707456 1.017323 1.180379 1.288254 1.348605 1.273019 1.095840 0.975122 0.958247 0.929493 0.795093 0.584212 0.373960 0.210361 0.102906 0.042855 0.014971 0.005427 0.005642 
0.007898 0.014386 0.021188 0.028076 0.031612 0.013679 -0.030883 -0.027872 0.148388 0.506670 0.877074 1.111475 1.240735 1.329896 1.325658 1.187250 1.025462 0.960937 0.951215 0.873676 0.694393 0.476131 0.285736 0.150162 0.067907 0.025756 0.008443 0.004604 
0.005606 0.010923 0.017762 0.024836 0.031395 0.025652 -0.009911 -0.043179 0.038053 0.315395 0.699615 1.009346 1.185183 1.293659 1.342000 1.266301 1.101738 0.983695 0.956890 0.923043 0.792830 0.585957 0.375765 0.211190 0.103195 0.042773 0.014705 0.005235 
0.004496 0.007860 0.014233 0.021317 0.028917 0.031156 0.009591 -0.033845 -0.021976 0.157788 0.505481 0.867505 1.109843 1.247390 1.329341 1.317457 1.186666 1.034107 0.965030 0.946429 0.868751 0.694392 0.478217 0.287090 0.150683 0.067989 0.025554 0.008193 
0.005049 0.005549 0.010814 0.017698 0.025420 0.031859 0.023228 -0.014217 -0.041860 0.046917 0.320243 0.693077 1.002704 1.188640 1.297704 1.336695 1.260854 1.106529 0.991196 0.956267 0.917325 0.790227 0.587353 0.377668 0.212110 0.103463 0.042688 0.014452 
0.007955 0.004382 0.007782 0.014102 0.021587 0.029661 0.030286 0.005694 -0.035927 -0.016282 0.165826 0.504391 0.859572 1.108207 1.252357 1.328756 1.310856 1.186160 1.041401 0.968957 0.942557 0.864022 0.693952 0.480178 0.288574 0.151237 0.068050 0.025359 
0.014212 0.004868 0.005464 0.010687 0.017735 0.026053 0.032016 0.020630 -0.017882 -0.040088 0.054839 0.324292 0.687602 0.997079 1.191047 1.300685 1.332375 1.256437 1.110514 0.997782 0.956138 0.912269 0.787439 0.588411 0.379599 0.213130 0.103728 0.042593 
0.025166 0.007729 0.004256 0.007672 0.014018 0.021962 0.030266 0.029103 0.002051 -0.037325 -0.010853 0.172792 0.503445 0.852924 1.106553 1.256008 1.328128 1.305507 1.185775 1.047631 0.972656 0.939402 0.859551 0.693174 0.481970 0.290151 0.151845 0.068097 
0.042487 0.013981 0.004689 0.005350 0.010562 0.017867 0.026683 0.031894 0.017965 -0.020982 -0.038028 0.061958 0.327754 0.682999 0.992240 1.192625 1.302823 1.328808 1.252861 1.113906 1.003588 0.956334 0.907797 0.784572 0.589162 0.381504 0.214244 0.104010 
0.068140 0.024970 0.007512 0.004113 0.007541 0.013989 0.022406 0.030710 0.027689 -0.001314 -0.038188 -0.005712 0.178902 0.502661 0.847298 1.104872 1.258624 1.327450 1.301143 1.185532 1.053015 0.976099 0.936814 0.855364 0.692144 0.483574 0.291785 0.152518 
0.104323 0.042372 0.013755 0.004507 0.005212 0.010453 0.018082 0.027273 0.031531 0.015304 -0.023593 -0.035793 0.068390 0.330780 0.679116 0.988016 1.193545 1.304290 1.325824 1.249976 1.116855 1.008730 0.956740 0.903835 0.781699 0.589645 0.383348 0.215439 
0.153259 0.068192 0.024770 0.007299 0.003954 0.007400 0.014021 0.022888 0.030991 0.026115 -0.004397 -0.038636 -0.000864 0.184325 0.502041 0.842491 1.103165 1.260417 1.326719 1.297566 1.185433 1.057722 0.979284 0.934671 0.851464 0.690932 0.484987 0.293445 
0.216697 0.104677 0.042256 0.013530 0.004319 0.005054 0.010371 0.018362 0.027798 0.030966 0.012694 -0.025784 -0.033464 0.074234 0.333480 0.675832 0.984278 1.193939 1.305219 1.323295 1.247659 1.119471 1.013309 0.957276 0.900313 0.778869 0.589898 0.385106 
0.295103 0.154063 0.068261 0.024567 0.007083 0.003778 0.007259 0.014109 0.023381 0.031114 0.024433 -0.007207 -0.038760 0.003702 0.189191 0.501581 0.838348 1.101432 1.261553 1.325939 1.294618 1.185473 1.061881 0.982218 0.932882 0.847841 0.689593 0.486217 
0.386764 0.218001 0.105078 0.042144 0.013301 0.004120 0.004884 0.010322 0.018690 0.028245 0.030234 0.010168 -0.027615 -0.031094 0.079576 0.335931 0.673046 0.980930 1.193911 1.305711 1.321124 1.245813 1.121834 1.017408 0.957886 0.897169 0.776113 0.589959 
