0.795126 0.920487 1.500588 1.923066 1.660470 1.527239 1.539913 1.745893 1.364898 0.919691 0.995050 0.947321 0.923302 0.973391 1.068431 1.118585 1.040623 0.820531 0.524765 0.254862 0.082277 0.012070 -0.000948 -0.000982 0.011870 0.081434 0.251778 0.514555 
0.663429 0.839086 1.191968 1.764496 1.826500 1.576650 1.512375 1.667508 1.596095 1.113773 0.932528 0.977396 0.929198 0.940906 1.020907 1.104321 1.096495 0.944190 0.675761 0.382115 0.156088 0.037200 0.001175 -0.002582 0.001094 0.036809 0.154530 0.376277 
0.522734 0.747149 0.990722 1.496412 1.846896 1.709467 1.519201 1.590388 1.671642 1.361798 0.990201 0.946647 0.955370 0.927039 0.976425 1.068103 1.115140 1.036630 0.818809 0.526288 0.258179 0.084769 0.011992 -0.003184 -0.003210 0.011824 0.084042 0.254814 
0.385421 0.636463 0.851356 1.236885 1.711849 1.811979 1.601296 1.537824 1.654829 1.545024 1.159357 0.944654 0.950057 0.938663 0.944231 1.022410 1.102258 1.092439 0.941095 0.675691 0.384789 0.159266 0.038491 -0.000143 -0.005086 -0.000209 0.038199 0.157197 
0.263056 0.511775 0.735504 1.027866 1.492204 1.804767 1.716862 1.549080 1.599223 1.631343 1.358746 1.027563 0.934649 0.944350 0.935849 0.978678 1.067834 1.111798 1.032741 0.817116 0.527748 0.261395 0.087198 0.011934 -0.005334 -0.005357 0.011863 0.085835 
0.163524 0.384509 0.620912 0.866647 1.258773 1.683001 1.790836 1.624343 1.561657 1.635454 1.517751 1.181925 0.959801 0.934223 0.938029 0.951160 1.023186 1.100329 1.088494 0.938073 0.675602 0.387373 0.162353 0.039758 -0.001402 -0.007501 -0.001372 0.038849 
0.089888 0.267033 0.501164 0.734047 1.051554 1.488655 1.773838 1.718247 1.577982 1.601994 1.602204 1.356364 1.051472 0.932891 0.933707 0.940331 0.983172 1.066999 1.108634 1.028948 0.815451 0.529147 0.264511 0.089564 0.011897 -0.007407 -0.007331 0.011329 
0.040704 0.168738 0.380615 0.612394 0.880037 1.272125 1.662040 1.772633 1.643139 1.581209 1.618965 1.498353 1.195964 0.973075 0.925474 0.934392 0.956926 1.025161 1.098036 1.084737 0.935113 0.675495 0.389869 0.165352 0.041003 -0.002614 -0.009742 -0.002906 
0.011324 0.094204 0.268192 0.493019 0.736196 1.068439 1.484676 1.749800 1.718669 1.601721 1.603754 1.579918 1.353551 1.068596 0.934786 0.925549 0.941952 0.987897 1.066694 1.105293 1.025320 0.813804 0.530488 0.267531 0.091871 0.011868 -0.009331 -0.009495 
-0.004276 0.043191 0.172326 0.376281 0.607894 0.891501 1.280752 1.645198 1.758114 1.658122 1.596918 1.606111 1.483055 1.205288 0.984459 0.920780 0.930302 0.961025 1.027755 1.095917 1.080939 0.932271 0.675361 0.392281 0.168266 0.042216 -0.003721 -0.012039 
-0.011644 0.011872 0.097978 0.267899 0.487110 0.739845 1.081074 1.480246 1.730683 1.719000 1.620696 1.605381 1.562518 1.350282 1.081493 0.938222 0.919641 0.942088 0.992050 1.066943 1.101979 1.021725 0.812217 0.531765 0.270459 0.094111 0.011889 -0.011237 
-0.014355 -0.005293 0.045775 0.174620 0.372328 0.605851 0.901308 1.286335 1.631143 1.746638 1.670075 1.609573 1.596257 1.470521 1.211577 0.994220 0.918574 0.926580 0.963791 1.030429 1.094158 1.077137 0.929483 0.675228 0.394606 0.171093 0.043424 -0.004787 
-0.013151 -0.013614 0.012754 0.101032 0.266932 0.482981 0.744110 1.090737 1.475585 1.715226 1.719357 1.635871 1.606992 1.548740 1.346775 1.091442 0.942311 0.915524 0.941521 0.995453 1.067522 1.098858 1.018137 0.810666 0.532996 0.273290 0.096302 0.011937 
-0.005851 -0.016599 -0.005976 0.048172 0.175996 0.369004 0.605384 0.909691 1.289847 1.619200 1.737487 1.679677 1.619855 1.588684 1.460075 1.215807 1.002593 0.917972 0.923477 0.965607 1.032900 1.092740 1.073423 0.926711 0.675096 0.396850 0.173837 0.044626 
0.011983 -0.015043 -0.015343 0.013773 0.103406 0.265715 0.480238 0.748552 1.098204 1.470891 1.702541 1.719714 1.648101 1.608568 1.537698 1.343229 1.099222 0.946612 0.912803 0.940681 0.998147 1.068233 1.095991 1.014586 0.809124 0.534185 0.276029 0.098448 
0.045806 -0.006915 -0.018702 -0.006406 0.050265 0.176755 0.366352 0.605949 0.916854 1.291922 1.608936 1.730082 1.687451 1.628288 1.582817 1.451285 1.218609 1.009780 0.918427 0.921037 0.966776 1.035046 1.091580 1.069865 0.923951 0.674948 0.399022 0.176507 
0.100545 0.012013 -0.016872 -0.016833 0.014792 0.105202 0.264484 0.478569 0.752935 1.104007 1.466299 1.691986 1.720036 1.658047 1.610076 1.528751 1.339778 1.105362 0.950889 0.911164 0.939803 1.000236 1.068937 1.093375 1.011113 0.807575 0.535330 0.278688 
0.179110 0.046950 -0.007965 -0.020634 -0.006668 0.052019 0.177113 0.364334 0.607190 0.922975 1.292989 1.600033 1.723991 1.693793 1.635270 1.578226 1.443833 1.220414 1.015957 0.919582 0.919223 0.967516 1.036837 1.090592 1.066493 0.921218 0.674771 0.401128 
0.281276 0.102586 0.012024 -0.018605 -0.018111 0.015730 0.106533 0.263363 0.477727 0.757135 1.108529 1.461890 1.683089 1.720297 1.666209 1.611490 1.521428 1.336502 1.110245 0.955013 0.910361 0.939014 1.001835 1.069553 1.090981 1.007752 0.806018 0.536423 
0.403168 0.181644 0.048051 -0.008981 -0.022387 -0.006835 0.053444 0.177225 0.362884 0.608867 0.928210 1.293346 1.592249 1.718899 1.698999 1.641098 1.574597 1.437477 1.221518 1.021279 0.921194 0.917971 0.967983 1.038281 1.089701 1.063315 0.918533 0.674559 
0.537460 0.283794 0.104567 0.012023 -0.020221 -0.019217 0.016540 0.107499 0.262417 0.477520 0.761091 1.112056 1.457703 1.675499 1.720483 1.672961 1.612799 1.515378 1.333442 1.114156 0.958923 0.910201 0.938382 1.003044 1.070034 1.088771 1.004523 0.804459 
0.674310 0.405141 0.184110 0.049109 -0.009946 -0.023969 -0.006960 0.054572 0.177199 0.361928 0.610814 0.932694 1.293202 1.585392 1.714573 1.703294 1.645998 1.571699 1.432027 1.222130 1.025879 0.923099 0.917205 0.968287 1.039409 1.088855 1.060322 0.915913 
0.802909 0.538439 0.286240 0.106486 0.012021 -0.021711 -0.020187 0.017205 0.108185 0.261672 0.477799 0.764778 1.114804 1.453755 1.668950 1.720588 1.678585 1.613997 1.510338 1.330615 1.117310 0.962592 0.910536 0.937933 1.003950 1.070360 1.086704 1.001434 
0.913371 0.674029 0.407045 0.186505 0.050127 -0.010845 -0.025394 -0.007082 0.055439 0.177107 0.361392 0.612920 0.936542 1.292707 1.579310 1.710844 1.706851 1.650145 1.569364 1.427329 1.222400 1.029873 0.925181 0.916854 0.968503 1.040260 1.088012 1.057499 
0.998487 0.801379 0.539362 0.288612 0.108343 0.012027 -0.023075 -0.021055 0.017719 0.108663 0.261133 0.478447 0.768191 1.116938 1.450047 1.663239 1.720612 1.683297 1.615087 1.506106 1.328020 1.119871 0.966015 0.911247 0.937674 1.004625 1.070528 1.084748 
1.054825 0.910917 0.673723 0.408878 0.188825 0.051112 -0.011670 -0.026682 -0.007226 0.056085 0.177000 0.361211 0.615105 0.939854 1.291965 1.573877 1.707582 1.709803 1.653671 1.567464 1.423261 1.222431 1.033357 0.927363 0.916853 0.968682 1.040872 1.087148 
1.082873 0.995676 0.799879 0.540229 0.290906 0.110139 0.012052 -0.024316 -0.021849 0.018088 0.108986 0.260794 0.479374 0.771341 1.118587 1.446571 1.658210 1.720558 1.687264 1.616072 1.502526 1.325651 1.121967 0.969200 0.912244 0.937599 1.005124 1.070542 
1.086246 1.052283 0.908556 0.673399 0.410637 0.191070 0.052071 -0.012416 -0.027852 -0.007407 0.056545 0.176910 0.361324 0.617316 0.942713 1.291055 1.568993 1.704692 1.712257 1.656684 1.565904 1.419722 1.222302 1.036413 0.929589 0.917141 0.968858 1.041283 
