0.000330 0.000834 0.003069 0.010039 -0.033667 0.571530 1.216104 1.287851 1.473683 1.686728 1.940778 1.491226 0.924614 0.867160 0.671710 0.458464 0.275446 0.145744 0.068869 0.031495 0.017899 0.015474 0.016047 0.015404 0.012432 0.008053 0.003935 0.001245 
0.000588 0.000385 0.001547 0.009425 -0.049203 0.225914 0.927158 1.280649 1.371936 1.575942 1.855165 1.767293 1.183414 0.872690 0.779172 0.564310 0.361733 0.203961 0.101536 0.046227 0.022513 0.015801 0.015649 0.015947 0.014151 0.010314 0.005888 0.002390 
0.001283 0.000301 0.000461 0.009223 -0.036591 0.040864 0.571638 1.142025 1.335635 1.462193 1.733796 1.865173 1.489282 0.997404 0.819939 0.678557 0.459454 0.276588 0.146344 0.068962 0.031332 0.017684 0.015287 0.015901 0.015308 0.012397 0.008080 0.003975 
0.002434 0.000614 -0.000228 0.007715 -0.017978 -0.033901 0.275442 0.877904 1.266570 1.394040 1.597693 1.839953 1.716181 1.230941 0.886766 0.751850 0.571598 0.362467 0.204873 0.101865 0.046164 0.022306 0.015594 0.015481 0.015825 0.014085 0.010313 0.005926 
0.004019 0.001358 -0.000417 0.005297 -0.003639 -0.046879 0.082122 0.571716 1.101924 1.341868 1.488692 1.739287 1.823535 1.487336 1.036958 0.809063 0.666363 0.465616 0.277037 0.147001 0.069067 0.031173 0.017466 0.015097 0.015754 0.015212 0.012365 0.008102 
0.005961 0.002544 -0.000053 0.002887 0.003888 -0.033880 -0.015681 0.301843 0.852423 1.245857 1.414614 1.617900 1.818086 1.688850 1.255378 0.903781 0.736016 0.568857 0.366907 0.205104 0.102275 0.046106 0.022100 0.015384 0.015311 0.015702 0.014021 0.010311 
0.008117 0.004143 0.000848 0.001192 0.005932 -0.016071 -0.046986 0.109808 0.572389 1.073004 1.342120 1.514293 1.738776 1.793071 1.486012 1.062973 0.808371 0.654573 0.467547 0.279810 0.147087 0.069264 0.031012 0.017246 0.014903 0.015607 0.015118 0.012332 
0.010299 0.006073 0.002226 0.000518 0.004959 -0.002841 -0.042703 0.000567 0.319609 0.834788 1.228090 1.430996 1.633902 1.799145 1.669375 1.271214 0.918844 0.727248 0.563181 0.370285 0.206579 0.102271 0.046135 0.021884 0.015170 0.015140 0.015581 0.013958 
0.012291 0.008198 0.003992 0.000854 0.003119 0.003828 -0.025964 -0.043500 0.130594 0.572557 1.050956 1.341443 1.534803 1.737316 1.769473 1.484207 1.082119 0.811278 0.645296 0.466711 0.282895 0.147702 0.069199 0.030921 0.017014 0.014708 0.015460 0.015026 
0.013887 0.010336 0.006035 0.002018 0.001746 0.005477 -0.009928 -0.047475 0.014829 0.332557 0.821224 1.214014 1.443621 1.646134 1.783880 1.653980 1.282261 0.931941 0.722521 0.557118 0.372091 0.208717 0.102393 0.046023 0.021719 0.014944 0.014967 0.015461 
0.014927 0.012282 0.008215 0.003775 0.001398 0.004557 0.000355 -0.033558 -0.038528 0.147045 0.572199 1.033810 1.340710 1.550619 1.735783 1.750772 1.481897 1.096958 0.815674 0.638295 0.464478 0.285485 0.148867 0.069082 0.030771 0.016811 0.014501 0.015313 
0.015336 0.013835 0.010361 0.005889 0.002112 0.003092 0.004773 -0.016554 -0.049761 0.027376 0.342369 0.810396 1.202992 1.453273 1.655384 1.771655 1.641330 1.290203 0.943343 0.720268 0.551487 0.372656 0.210976 0.102830 0.045812 0.021541 0.014733 0.014787 
0.015159 0.014837 0.012283 0.008144 0.003660 0.002261 0.005327 -0.003710 -0.039311 -0.032955 0.160442 0.571532 1.020303 1.340038 1.562704 1.734297 1.735705 1.479300 1.108770 0.820676 0.633112 0.461628 0.287398 0.150362 0.069079 0.030539 0.016617 0.014300 
0.014605 0.015211 0.013799 0.010334 0.005731 0.002488 0.004271 0.003225 -0.022473 -0.050445 0.038448 0.350026 0.801627 1.194302 1.460630 1.662329 1.761751 1.630748 1.296015 0.953287 0.719606 0.546537 0.372360 0.213071 0.103564 0.045599 0.021314 0.014535 
0.014108 0.015001 0.014759 0.012266 0.008019 0.003710 0.003242 0.005466 -0.007941 -0.043621 -0.027221 0.171568 0.570758 1.009544 1.339402 1.571911 1.732834 1.723384 1.476615 1.118336 0.825843 0.629352 0.458587 0.288673 0.151985 0.069255 0.030257 0.016402 
0.014333 0.014426 0.015091 0.013763 0.010256 0.005628 0.003068 0.005163 0.001131 -0.027644 -0.050075 0.048249 0.356163 0.794484 1.187365 1.466215 1.667495 1.753590 1.621801 1.300333 0.961977 0.719990 0.542309 0.371501 0.214880 0.104514 0.045452 0.021035 
0.016153 0.013919 0.014848 0.014688 0.012215 0.007883 0.003928 0.004207 0.005076 -0.012106 -0.046803 -0.021560 0.180956 0.570013 1.000892 1.338765 1.578902 1.731359 1.713168 1.473978 1.126188 0.830941 0.626700 0.455588 0.289413 0.153600 0.069611 0.029971 
0.020724 0.014114 0.014254 0.014980 0.013713 0.010142 0.005617 0.003766 0.005733 -0.001292 -0.032106 -0.049007 0.056960 0.361212 0.788652 1.181750 1.470422 1.671276 1.746742 1.614173 1.303586 0.969593 0.721062 0.538765 0.370294 0.216370 0.105595 0.045405 
0.029716 0.015868 0.013726 0.014705 0.014615 0.012131 0.007772 0.004286 0.005073 0.004269 -0.016082 -0.049106 -0.016096 0.188994 0.569379 0.993874 1.338101 1.584174 1.729848 1.704585 1.471469 1.132711 0.835847 0.624910 0.452756 0.289726 0.155124 0.070119 
0.045470 0.020401 0.013870 0.014087 0.014877 0.013640 0.010014 0.005707 0.004512 0.005992 -0.003893 -0.035929 -0.047483 0.064738 0.365474 0.783886 1.177139 1.473547 1.673969 1.740891 1.607620 1.306074 0.976290 0.722584 0.535839 0.368894 0.217548 0.106734 
0.070743 0.029515 0.015555 0.013521 0.014573 0.014534 0.012019 0.007709 0.004748 0.005795 0.003145 -0.019806 -0.050722 -0.010890 0.195969 0.568898 0.988138 1.337395 1.588101 1.728286 1.697285 1.469129 1.138192 0.840497 0.623789 0.450154 0.289713 0.156511 
0.107879 0.045641 0.020085 0.013600 0.013922 0.014776 0.013543 0.009892 0.005893 0.005252 0.005970 -0.006564 -0.039188 -0.045667 0.071721 0.369160 0.779997 1.173300 1.475815 1.675800 1.735807 1.601953 1.308007 0.982205 0.724389 0.533455 0.367407 0.218445 
0.157742 0.071447 0.029378 0.015225 0.013302 0.014446 0.014441 0.011890 0.007704 0.005278 0.006354 0.001787 -0.023255 -0.051803 -0.005968 0.202100 0.568587 0.983418 1.336640 1.590965 1.726669 1.691002 1.466977 1.142848 0.844868 0.623187 0.447808 0.289458 
0.219096 0.108991 0.045904 0.019793 0.013307 0.013754 0.014675 0.013427 0.009789 0.006162 0.005950 0.005703 -0.009235 -0.041959 -0.043674 0.078025 0.372420 0.776832 1.170061 1.477397 1.676941 1.731318 1.597018 1.309534 0.987455 0.726365 0.531539 0.365904 
0.289030 0.158811 0.072198 0.029310 0.014890 0.013068 0.014321 0.014336 0.011757 0.007762 0.005845 0.006747 0.000264 -0.026423 -0.052468 -0.001331 0.207553 0.568449 0.979513 1.335834 1.592979 1.724995 1.685535 1.465013 1.146845 0.848956 0.622986 0.445720 
0.364434 0.219541 0.110046 0.046242 0.019534 0.013000 0.013580 0.014568 0.013297 0.009718 0.006497 0.006581 0.005229 -0.011857 -0.044310 -0.041583 0.083751 0.375365 0.774267 1.167294 1.478426 1.677525 1.727298 1.592693 1.310764 0.992138 0.728432 0.530023 
0.443884 0.288482 0.159725 0.072970 0.029309 0.014561 0.012819 0.014189 0.014218 0.011629 0.007879 0.006422 0.006978 -0.001370 -0.029322 -0.052808 0.003029 0.212460 0.568478 0.976266 1.334980 1.594310 1.723268 1.680727 1.463230 1.150312 0.852772 0.623095 
0.528848 0.363029 0.219813 0.111029 0.046639 0.019315 0.012683 0.013394 0.014451 0.013160 0.009683 0.006881 0.007131 0.004586 -0.014400 -0.046302 -0.039447 0.088983 0.378071 0.772203 1.164902 1.479005 1.677656 1.723651 1.588877 1.311774 0.996340 0.730538 
