0.001662 0.000242 -0.000020 -0.000020 0.000242 0.001662 0.005138 0.010508 0.016183 -0.042642 0.519858 1.078683 1.010508 1.005138 1.001662 1.062742 0.499980 -0.062520 0.000242 0.001662 0.005138 0.010508 0.016183 0.019858 0.019858 0.016183 0.010508 0.005138 
0.003153 0.000751 0.000022 -0.000053 0.000022 0.000751 0.003153 0.007686 0.017358 -0.048031 0.200005 0.838688 1.079858 1.003780 0.999247 1.067157 0.820335 0.179635 -0.066384 0.004657 0.003153 0.007686 0.013452 0.018375 0.020317 0.018375 0.013452 0.007686 
0.005209 0.001714 0.000241 -0.000066 -0.000066 0.000241 0.001714 0.004965 0.016892 -0.030234 0.031982 0.519775 1.003945 1.057175 0.992514 1.048345 0.988034 0.499934 0.012141 -0.046145 0.008062 0.004965 0.010544 0.016152 0.019775 0.019775 0.016152 0.010544 
0.007745 0.003221 0.000779 -0.000004 -0.000104 -0.000004 0.000794 0.002686 0.014077 -0.009814 -0.032559 0.249507 0.789020 1.064862 1.024682 1.020158 1.052186 0.770702 0.229175 -0.050877 -0.022491 0.009553 0.007211 0.013471 0.018314 0.020228 0.018314 0.013455 
0.010579 0.005278 0.001766 0.000241 -0.000109 -0.000110 0.000283 0.001078 0.009993 0.004265 -0.040309 0.073333 0.519652 0.963172 1.062295 1.017907 1.053482 0.947291 0.499849 0.053529 -0.056190 -0.004549 0.009993 0.009892 0.016164 0.019693 0.019694 0.016122 
0.013459 0.007802 0.003286 0.000806 -0.000029 -0.000156 0.000037 0.000148 0.005943 0.010472 -0.025483 -0.014169 0.275875 0.763112 1.043228 1.044073 1.039557 1.030575 0.744828 0.255581 -0.032453 -0.038136 0.005956 0.010459 0.012801 0.018321 0.020138 0.018255 
0.016093 0.010613 0.005345 0.001816 0.000241 -0.000157 -0.000075 -0.000258 0.002770 0.010817 -0.007929 -0.040201 0.101108 0.520114 0.933569 1.061440 1.042429 1.052643 0.917718 0.500348 0.081341 -0.056052 -0.016726 0.010817 0.011567 0.015594 0.019692 0.019610 
0.018188 0.013462 0.007857 0.003350 0.000833 -0.000062 -0.000129 -0.000350 0.000741 0.008154 0.003964 -0.034068 0.002249 0.293602 0.745038 1.024534 1.059288 1.054781 1.011904 0.726788 0.273346 -0.016001 -0.046698 -0.000543 0.012662 0.013371 0.017900 0.020127 
0.019592 0.016054 0.010646 0.005411 0.001865 0.000232 -0.000138 -0.000312 -0.000282 0.004778 0.008899 -0.017584 -0.036496 0.121981 0.520061 0.910828 1.059661 1.061886 1.050881 0.895006 0.500331 0.102251 -0.052318 -0.026364 0.008899 0.013558 0.015540 0.019417 
0.019968 0.018172 0.013456 0.007912 0.003413 0.000850 -0.000044 -0.000250 -0.000624 0.001992 0.008810 -0.002903 -0.038600 0.016680 0.306503 0.731023 1.009529 1.070764 1.066265 0.996923 0.712807 0.286284 -0.001536 -0.051206 -0.007402 0.013309 0.014598 0.017592 
0.019079 0.019513 0.016049 0.010670 0.005476 0.001906 0.000256 -0.000179 -0.000613 0.000235 0.006297 0.005611 -0.024938 -0.031305 0.138514 0.519470 0.892981 1.057834 1.076675 1.049070 0.877189 0.499777 0.118821 -0.047097 -0.033703 0.005611 0.015061 0.016027 
0.017586 0.019704 0.018144 0.013468 0.007960 0.003470 0.000885 -0.000038 -0.000477 -0.000595 0.003362 0.008242 -0.009309 -0.040645 0.029397 0.316261 0.719732 0.997574 1.079283 1.074793 0.984992 0.701550 0.296081 0.011215 -0.053227 -0.013799 0.012733 0.015944 
0.016834 0.018845 0.019349 0.016053 0.010702 0.005532 0.001955 0.000290 -0.000307 -0.000811 0.001071 0.007146 0.001730 -0.030451 -0.025512 0.151990 0.518560 0.878763 1.056075 1.087757 1.047327 0.863000 0.498904 0.132334 -0.041274 -0.039199 0.001730 0.015894 
0.017123 0.017867 0.019429 0.018067 0.013495 0.008006 0.003524 0.000936 -0.000081 -0.000714 -0.000281 0.004564 0.006829 -0.015008 -0.041087 0.040637 0.323856 0.710491 0.987951 1.085525 1.081043 0.975393 0.692343 0.303713 0.022489 -0.053645 -0.019490 0.011311 
0.016096 0.017761 0.018779 0.019131 0.016038 0.010745 0.005584 0.002014 0.000305 -0.000488 -0.000840 0.002027 0.007365 -0.002318 -0.034520 -0.019556 0.163190 0.517533 0.867287 1.054359 1.095985 1.045628 0.851554 0.497914 0.143570 -0.035289 -0.043251 -0.002318 
0.009343 0.018015 0.018352 0.019212 0.017938 0.013521 0.008057 0.003583 0.000986 -0.000176 -0.000893 0.000238 0.005480 0.004870 -0.019959 -0.040472 0.050606 0.329923 0.702865 0.980081 1.090012 1.085538 0.967546 0.684751 0.309818 0.032492 -0.053007 -0.024433 
-0.006301 0.015769 0.018672 0.018883 0.018905 0.015991 0.010792 0.005641 0.002077 0.000287 -0.000678 -0.000700 0.002968 0.007054 -0.006301 -0.037460 -0.013673 0.172648 0.516525 0.857911 1.052652 1.102020 1.043937 0.842207 0.496943 0.153065 -0.029377 -0.046175 
-0.028667 0.007045 0.018587 0.018957 0.019089 0.017774 0.013532 0.008114 0.003649 0.001020 -0.000306 -0.000979 0.000877 0.006075 0.002580 -0.024202 -0.039159 0.059482 0.334895 0.696539 0.973533 1.093137 1.088672 0.961021 0.678459 0.314828 0.041402 -0.051670 
-0.048218 -0.010095 0.015025 0.019485 0.019128 0.018705 0.015909 0.010837 0.005707 0.002138 0.000235 -0.000841 -0.000418 0.003811 0.006326 -0.010095 -0.039519 -0.007986 0.180751 0.515618 0.850164 1.050926 1.106358 1.042228 0.834489 0.496072 0.161205 -0.023661 
-0.049876 -0.032261 0.004569 0.018847 0.019612 0.019069 0.017598 0.013519 0.008178 0.003721 0.001031 -0.000449 -0.000961 0.001566 0.006359 0.000112 -0.027804 -0.037388 0.067424 0.339072 0.691273 0.967990 1.095198 1.090741 0.955501 0.673226 0.319042 0.049378 
-0.018204 -0.049574 -0.013637 0.013962 0.020156 0.019480 0.018554 0.015800 0.010872 0.005784 0.002190 0.000155 -0.000955 -0.000029 0.004511 0.005280 -0.013637 -0.040891 -0.002559 0.187786 0.514855 0.843693 1.049167 1.109373 1.040485 0.828048 0.495346 0.168277 
0.056555 -0.047790 -0.035291 0.002021 0.018826 0.020263 0.019147 0.017427 0.013482 0.008245 0.003796 0.001017 -0.000585 -0.000845 0.002251 0.006361 -0.002427 -0.030842 -0.035325 0.074567 0.342665 0.686874 0.963220 1.096418 1.091969 0.950755 0.668861 0.322672 
0.174498 -0.013031 -0.050394 -0.016904 0.012666 0.020665 0.019903 0.018464 0.015675 0.010895 0.005867 0.002229 0.000058 -0.001009 0.000430 0.005049 0.004000 -0.016904 -0.041728 0.002585 0.193971 0.514254 0.838235 1.047368 1.111344 1.038702 0.822619 0.494781 
0.325870 0.063051 -0.045526 -0.037833 -0.000526 0.018561 0.020873 0.019310 0.017278 0.013425 0.008310 0.003869 0.000983 -0.000701 -0.000645 0.002895 0.006119 -0.004966 -0.033392 -0.033085 0.081030 0.345825 0.683191 0.959052 1.096967 1.092527 0.946610 0.665212 
0.494380 0.180038 -0.008145 -0.050797 -0.019891 0.011205 0.021008 0.020363 0.018437 0.015544 0.010904 0.005950 0.002254 -0.000043 -0.000999 0.000927 0.005421 0.002555 -0.019891 -0.042147 0.007442 0.199475 0.513817 0.833587 1.045528 1.112486 1.036878 0.818000 
0.662157 0.328744 0.068966 -0.043164 -0.039954 -0.003024 0.018090 0.021419 0.019541 0.017160 0.013353 0.008368 0.003936 0.000934 -0.000785 -0.000377 0.003473 0.005672 -0.007456 -0.035521 -0.030745 0.086911 0.348662 0.680102 0.955359 1.096979 1.092547 0.942940 
0.814036 0.494138 0.185025 -0.003536 -0.050875 -0.022608 0.009633 0.021191 0.020837 0.018471 0.015419 0.010899 0.006028 0.002265 -0.000138 -0.000929 0.001436 0.005634 0.000999 -0.022608 -0.042241 0.012022 0.204425 0.513538 0.829594 1.043649 1.112965 1.035015 
0.939648 0.659595 0.331373 0.074384 -0.040757 -0.041715 -0.005443 0.017449 0.021884 0.019822 0.017080 0.013273 0.008416 0.003992 0.000878 -0.000832 -0.000058 0.003972 0.005054 -0.009867 -0.037291 -0.028362 0.092295 0.351253 0.677507 0.952043 1.096557 1.092134 
