0.006934 0.027902 0.067581 0.145744 0.276733 0.462414 0.679570 0.878278 0.998384 0.998384 0.878278 0.679570 0.462414 0.276733 0.145744 0.067581 0.027545 0.010039 0.004356 0.004777 0.008246 0.012432 0.015211 0.015205 0.012390 0.008046 0.003934 0.000217 
0.002033 0.015358 0.044167 0.100955 0.204519 0.364188 0.570177 0.784989 0.950750 1.013397 0.950750 0.784989 0.570177 0.364188 0.204519 0.100978 0.043772 0.016645 0.006077 0.003995 0.006276 0.010382 0.014083 0.015557 0.014069 0.010299 0.005951 0.001399 
0.000599 0.006935 0.027046 0.067889 0.146307 0.277952 0.463736 0.680098 0.877380 0.996349 0.996349 0.877380 0.680098 0.463736 0.277950 0.146344 0.067599 0.027294 0.009796 0.004233 0.004749 0.008240 0.012397 0.015145 0.015141 0.012363 0.008174 0.003363 
0.001284 0.002337 0.014834 0.043823 0.101423 0.205419 0.365549 0.571198 0.784826 0.949195 1.011220 0.949195 0.784826 0.571199 0.365546 0.205457 0.101265 0.043618 0.016374 0.005889 0.003925 0.006267 0.010365 0.014031 0.015488 0.014013 0.010395 0.005679 
0.003121 0.000755 0.006839 0.026510 0.067935 0.147013 0.279131 0.465030 0.680592 0.876485 0.994357 0.994357 0.876485 0.680592 0.465026 0.279160 0.146959 0.067633 0.027048 0.009551 0.004105 0.004717 0.008233 0.012363 0.015081 0.015068 0.012407 0.008086 
0.005481 0.001248 0.002420 0.014466 0.043509 0.101806 0.206395 0.366865 0.572187 0.784644 0.947665 1.009091 0.947665 0.784645 0.572183 0.366883 0.206401 0.101569 0.043476 0.016104 0.005696 0.003851 0.006255 0.010348 0.013981 0.015410 0.014007 0.010390 
0.007974 0.002984 0.000816 0.006701 0.026097 0.067936 0.147715 0.280335 0.466277 0.681059 0.875594 0.992406 0.992406 0.875594 0.681056 0.466284 0.280363 0.147586 0.067682 0.026809 0.009304 0.003973 0.004682 0.008225 0.012331 0.015010 0.015024 0.012417 
0.010345 0.005337 0.001221 0.002411 0.014152 0.043242 0.102151 0.207389 0.368171 0.573131 0.784450 0.946158 1.007007 0.946159 0.784448 0.573132 0.368199 0.207348 0.101890 0.043346 0.015836 0.005500 0.003773 0.006241 0.010332 0.013927 0.015348 0.013999 
0.012401 0.007870 0.002892 0.000825 0.006537 0.025749 0.067938 0.148403 0.281547 0.467492 0.681494 0.874708 0.990493 0.990493 0.874707 0.681491 0.467511 0.281556 0.148225 0.067746 0.026578 0.009057 0.003836 0.004643 0.008216 0.012296 0.014946 0.014991 
0.013982 0.010285 0.005227 0.001190 0.002351 0.013863 0.043015 0.102486 0.208383 0.369466 0.574039 0.784240 0.944676 1.004966 0.944676 0.784236 0.574047 0.369493 0.208298 0.102225 0.043227 0.015570 0.005301 0.003690 0.006225 0.010314 0.013873 0.015296 
0.014959 0.012367 0.007777 0.002820 0.000799 0.006358 0.025442 0.067954 0.149084 0.282757 0.468682 0.681898 0.873827 0.988616 0.988617 0.873825 0.681899 0.468708 0.282741 0.148874 0.067825 0.026353 0.008808 0.003695 0.004602 0.008206 0.012260 0.014889 
0.015250 0.013954 0.010220 0.005138 0.001152 0.002259 0.013590 0.042820 0.102821 0.209371 0.370749 0.574915 0.784014 0.943218 1.002965 0.943216 0.784012 0.574931 0.370767 0.209250 0.102575 0.043120 0.015308 0.005098 0.003604 0.006207 0.010294 0.013824 
0.014839 0.014925 0.012324 0.007695 0.002758 0.000748 0.006167 0.025163 0.067988 0.149760 0.283959 0.469849 0.682275 0.872950 0.986776 0.986775 0.872947 0.682282 0.469876 0.283915 0.149534 0.067919 0.026136 0.008558 0.003550 0.004556 0.008192 0.012225 
0.013778 0.015208 0.013919 0.010155 0.005063 0.001106 0.002145 0.013327 0.042652 0.103163 0.210352 0.372015 0.575763 0.783775 0.941780 1.001004 0.941778 0.783776 0.575785 0.372019 0.210203 0.102939 0.043025 0.015049 0.004893 0.003513 0.006185 0.010273 
0.012192 0.014793 0.014888 0.012275 0.007621 0.002701 0.000679 0.005968 0.024907 0.068041 0.150436 0.285148 0.470992 0.682628 0.872077 0.984969 0.984968 0.872074 0.682640 0.471016 0.285080 0.150202 0.068026 0.025927 0.008308 0.003401 0.004507 0.008177 
0.010251 0.013737 0.015166 0.013878 0.010092 0.004996 0.001052 0.002014 0.013072 0.042508 0.103515 0.211326 0.373262 0.576584 0.783524 0.940364 0.999080 0.940361 0.783528 0.576610 0.373251 0.211156 0.103316 0.042942 0.014793 0.004684 0.003418 0.006160 
0.008159 0.012160 0.014750 0.014848 0.012223 0.007554 0.002646 0.000595 0.005763 0.024668 0.068113 0.151112 0.286325 0.472111 0.682959 0.871208 0.983194 0.983192 0.871207 0.682977 0.472129 0.286234 0.150878 0.068148 0.025726 0.008059 0.003248 0.004455 
0.006132 0.010230 0.013699 0.015125 0.013833 0.010031 0.004936 0.000991 0.001869 0.012823 0.042385 0.103877 0.212295 0.374491 0.577381 0.783262 0.938967 0.997191 0.938964 0.783271 0.577407 0.374463 0.212108 0.103705 0.042871 0.014542 0.004474 0.003319 
0.004397 0.008140 0.012131 0.014710 0.014806 0.012170 0.007493 0.002590 0.000499 0.005554 0.024445 0.068202 0.151792 0.287488 0.473205 0.683271 0.870343 0.981450 0.981447 0.870344 0.683292 0.473216 0.287377 0.151561 0.068283 0.025533 0.007809 0.003091 
0.003216 0.006101 0.010208 0.013664 0.015084 0.013786 0.009973 0.004880 0.000922 0.001715 0.012581 0.042280 0.104251 0.213257 0.375699 0.578153 0.782992 0.937589 0.995337 0.937587 0.783004 0.578178 0.375655 0.213059 0.104106 0.042811 0.014294 0.004261 
0.002931 0.004336 0.008119 0.012104 0.014671 0.014762 0.012117 0.007435 0.002533 0.000392 0.005341 0.024236 0.068309 0.152474 0.288637 0.474276 0.683564 0.869483 0.979734 0.979732 0.869488 0.683587 0.474277 0.288509 0.152251 0.068431 0.025349 0.007561 
0.004046 0.003108 0.006066 0.010188 0.013631 0.015042 0.013738 0.009917 0.004825 0.000847 0.001552 0.012344 0.042193 0.104636 0.214214 0.376886 0.578903 0.782713 0.936229 0.993514 0.936229 0.782729 0.578924 0.376827 0.214008 0.104517 0.042763 0.014051 
0.007313 0.002767 0.004271 0.008097 0.012079 0.014633 0.014717 0.012064 0.007381 0.002474 0.000276 0.005126 0.024040 0.068432 0.153161 0.289773 0.475323 0.683839 0.868629 0.978047 0.978045 0.868636 0.683864 0.475314 0.289630 0.152946 0.068591 0.025173 
0.013813 0.003830 0.002996 0.006029 0.010167 0.013600 0.015001 0.013689 0.009864 0.004772 0.000765 0.001382 0.012112 0.042123 0.105032 0.215165 0.378054 0.579629 0.782428 0.934887 0.991723 0.934889 0.782446 0.579646 0.377980 0.214955 0.104940 0.042726 
0.025005 0.007067 0.002599 0.004201 0.008073 0.012054 0.014597 0.014671 0.012012 0.007329 0.002412 0.000152 0.004910 0.023856 0.068570 0.153850 0.290895 0.476347 0.684098 0.867780 0.976386 0.976386 0.867791 0.684122 0.476327 0.290739 0.153647 0.068764 
0.042701 0.013580 0.003612 0.002879 0.005988 0.010147 0.013570 0.014959 0.013639 0.009812 0.004719 0.000677 0.001206 0.011886 0.042067 0.105439 0.216112 0.379202 0.580333 0.782136 0.933563 0.989961 0.933567 0.782157 0.580345 0.379114 0.215899 0.105372 
0.068948 0.024847 0.006822 0.002428 0.004128 0.008048 0.012031 0.014561 0.014625 0.011961 0.007279 0.002347 0.000021 0.004692 0.023683 0.068722 0.154543 0.292003 0.477348 0.684341 0.866937 0.974751 0.974752 0.866951 0.684364 0.477317 0.291838 0.154351 
0.105813 0.042686 0.013352 0.003392 0.002758 0.005945 0.010127 0.013541 0.014917 0.013590 0.009762 0.004666 0.000584 0.001025 0.011665 0.042026 0.105856 0.217053 0.380330 0.581016 0.781838 0.932256 0.988227 0.932263 0.781860 0.581022 0.380230 0.216840 
