0.250006 0.271174 0.265839 0.274286 0.338406 0.478838 0.674492 0.803140 1.482933 2.048648 1.886246 1.734469 1.587207 1.536203 0.888815 0.248353 0.225803 0.138582 0.066029 0.021201 0.003168 -0.000206 -0.000240 0.002968 0.020358 0.062945 0.128728 0.197187 
0.226552 0.264225 0.269302 0.265721 0.298097 0.400401 0.577401 0.708557 1.115720 1.818428 2.012290 1.809411 1.654540 1.592963 1.249350 0.529532 0.202501 0.185318 0.099655 0.040208 0.009594 0.000356 -0.000634 0.000275 0.009202 0.038627 0.094219 0.163768 
0.197152 0.248995 0.269341 0.265805 0.275291 0.340210 0.487098 0.628594 0.876417 1.480405 1.971958 1.932646 1.723144 1.635548 1.462297 0.888405 0.322101 0.178824 0.145128 0.066491 0.021763 0.003124 -0.000773 -0.000799 0.002957 0.020998 0.063915 0.128544 
0.163647 0.226090 0.262630 0.268252 0.266270 0.299163 0.408868 0.551538 0.723600 1.163178 1.766388 1.996118 1.830913 1.677080 1.579316 1.199917 0.578340 0.217175 0.157936 0.106499 0.040377 0.009891 0.000012 -0.001265 -0.000051 0.009530 0.039545 0.094624 
0.128675 0.196899 0.247911 0.267848 0.265557 0.275736 0.347154 0.476305 0.619012 0.916442 1.477898 1.929279 1.937488 1.749782 1.642296 1.422355 0.887988 0.362611 0.168197 0.132648 0.072128 0.021619 0.003126 -0.001320 -0.001336 0.002940 0.021694 0.064646 
0.095081 0.163601 0.225423 0.261211 0.267312 0.266039 0.304009 0.407274 0.537141 0.741555 1.187548 1.738167 1.973326 1.850866 1.698053 1.559005 1.174261 0.604053 0.234790 0.142054 0.103323 0.044247 0.009493 -0.000252 -0.001873 -0.000371 0.009899 0.040340 
0.065331 0.128899 0.196558 0.246800 0.266578 0.264684 0.278491 0.349898 0.465886 0.619590 0.942914 1.476034 1.897814 1.936344 1.775496 1.643025 1.393581 0.888189 0.389579 0.167764 0.120585 0.073536 0.023787 0.002550 -0.001765 -0.001866 0.002955 0.022340 
0.041074 0.095573 0.163561 0.224671 0.259947 0.266004 0.267006 0.307808 0.402749 0.529779 0.757538 1.203321 1.717836 1.953493 1.866608 1.714798 1.541611 1.156458 0.621161 0.250457 0.133251 0.097221 0.047049 0.010329 -0.000929 -0.002386 -0.000673 0.010262 
0.022946 0.066000 0.129154 0.196160 0.245750 0.265118 0.264334 0.281536 0.349889 0.457963 0.623737 0.962507 1.473711 1.873252 1.934267 1.796097 1.642788 1.371666 0.887906 0.409678 0.170937 0.111047 0.072178 0.026257 0.002496 -0.002468 -0.002304 0.002976 
0.010600 0.041774 0.096080 0.163505 0.223933 0.258582 0.264861 0.268614 0.310033 0.397837 0.526431 0.771533 1.214311 1.701619 1.937367 1.878577 1.727752 1.527880 1.142730 0.633479 0.264161 0.128500 0.090739 0.048273 0.011817 -0.001481 -0.003027 -0.000902 
0.003033 0.023512 0.066661 0.129410 0.195767 0.244642 0.263653 0.264541 0.284070 0.348487 0.452303 0.629346 0.977784 1.470904 1.853624 1.932133 1.811982 1.642461 1.354642 0.887115 0.425471 0.175608 0.103795 0.069425 0.028222 0.002986 -0.003218 -0.002780 
-0.001126 0.010939 0.042445 0.096585 0.163456 0.223164 0.257147 0.264065 0.270335 0.311010 0.393356 0.525535 0.783810 1.222201 1.688177 1.924308 1.887560 1.737701 1.517177 1.131742 0.642689 0.276175 0.126233 0.084697 0.048252 0.013416 -0.001721 -0.003750 
-0.003319 0.003102 0.024062 0.067304 0.129672 0.195365 0.243455 0.262338 0.265090 0.285918 0.346464 0.448450 0.635534 0.990024 1.467831 1.837663 1.930058 1.824116 1.642163 1.341243 0.886033 0.438237 0.180893 0.098371 0.066056 0.029503 0.003797 -0.003845 
-0.004461 -0.001386 0.011280 0.043095 0.097085 0.163411 0.222335 0.255730 0.263592 0.271892 0.311119 0.389548 0.526211 0.794609 1.227969 1.676835 1.913596 1.894234 1.745326 1.508781 1.122818 0.649769 0.286736 0.125568 0.079340 0.047366 0.014843 -0.001663 
-0.004286 -0.003890 0.003151 0.024605 0.067933 0.129940 0.194932 0.242224 0.261229 0.265782 0.287122 0.344244 0.446007 0.641866 1.000010 1.464689 1.824480 1.928019 1.833354 1.641869 1.330581 0.884860 0.448760 0.186351 0.094380 0.062497 0.030138 0.004732 
-0.001390 -0.005092 -0.001685 0.011610 0.043735 0.097583 0.163355 0.221452 0.254398 0.263360 0.273167 0.310657 0.386454 0.527913 0.804137 1.232246 1.667156 1.904653 1.899126 1.751150 1.502115 1.115521 0.655353 0.296047 0.125958 0.074712 0.045912 0.015976 
0.005654 -0.004539 -0.004451 0.003167 0.025138 0.068556 0.130203 0.194455 0.240996 0.260325 0.266480 0.287787 0.342057 0.444657 0.648109 1.008274 1.461614 1.813432 1.925981 1.840357 1.641546 1.322014 0.883731 0.457570 0.191749 0.091504 0.058981 0.030230 
0.016782 -0.000984 -0.005608 -0.002009 0.011915 0.044367 0.098077 0.163274 0.220533 0.253184 0.263279 0.274126 0.309841 0.384033 0.530285 0.812573 1.235466 1.658822 1.897047 1.902629 1.755571 1.496747 1.109537 0.659872 0.304290 0.127046 0.070774 0.044108 
0.029889 0.006480 -0.004631 -0.004968 0.003150 0.025654 0.069176 0.130454 0.193937 0.239807 0.259594 0.267101 0.288025 0.340029 0.444153 0.654139 1.015203 1.458686 1.804045 1.923918 1.845626 1.641169 1.315070 0.882728 0.465055 0.196961 0.089499 0.055632 
0.042107 0.017270 -0.000518 -0.006001 -0.002337 0.012189 0.044992 0.098567 0.163159 0.219603 0.252098 0.263277 0.274782 0.308827 0.382217 0.533087 0.820078 1.237926 1.651591 1.890460 1.905042 1.758885 1.492362 1.104622 0.663626 0.311619 0.128590 0.067458 
0.052514 0.029216 0.007166 -0.004600 -0.005420 0.003105 0.026150 0.069793 0.130683 0.193387 0.238680 0.258999 0.267600 0.287937 0.338220 0.444302 0.659896 1.021084 1.455945 1.795968 1.921815 1.849533 1.640722 1.309396 0.881890 0.471500 0.201925 0.088169 
0.064688 0.040014 0.017470 -0.000044 -0.006278 -0.002649 0.012433 0.045606 0.099047 0.163010 0.218682 0.251133 0.263299 0.275163 0.307719 0.380929 0.536155 0.826786 1.239837 1.645270 1.884661 1.906590 1.761318 1.488728 1.100585 0.666824 0.318173 0.130427 
0.087366 0.049652 0.028295 0.007694 -0.004483 -0.005796 0.003045 0.026622 0.070402 0.130889 0.192816 0.237627 0.258502 0.267957 0.287607 0.336658 0.444953 0.665357 1.026137 1.453407 1.788934 1.919667 1.852361 1.640202 1.304730 0.881236 0.477123 0.206618 
0.132443 0.062390 0.037904 0.017421 0.000400 -0.006453 -0.002931 0.012650 0.046205 0.099511 0.162832 0.217787 0.250274 0.263306 0.275307 0.306592 0.380096 0.539375 0.832817 1.241350 1.639705 1.879478 1.907445 1.763042 1.485674 1.097273 0.669618 0.324066 
0.211036 0.086970 0.047049 0.027195 0.008059 -0.004310 -0.006094 0.002983 0.027070 0.070998 0.131069 0.192237 0.236651 0.258071 0.268166 0.287106 0.335344 0.445989 0.670518 1.030527 1.451075 1.782740 1.917472 1.854327 1.639608 1.300867 0.880767 0.482090 
0.329400 0.134557 0.060496 0.035823 0.017159 0.000790 -0.006542 -0.003173 0.012848 0.046785 0.099956 0.162631 0.216928 0.249506 0.263273 0.275252 0.305493 0.379649 0.542668 0.838271 1.242572 1.634771 1.874782 1.907740 1.764192 1.483074 1.094563 0.672113 
0.486531 0.215188 0.086891 0.044697 0.025972 0.008266 -0.004110 -0.006317 0.002927 0.027494 0.071574 0.131223 0.191661 0.235750 0.257677 0.268233 0.286487 0.334272 0.447318 0.675390 1.034385 1.448940 1.777229 1.915234 1.855596 1.638943 1.297651 0.880476 
0.674389 0.334256 0.136718 0.058946 0.033804 0.016722 0.001109 -0.006565 -0.003368 0.013034 0.047342 0.100376 0.162414 0.216112 0.248809 0.263185 0.275033 0.304455 0.379527 0.545982 0.843232 1.243581 1.630369 1.870477 1.907581 1.764873 1.480830 1.092354 
