0.000215 0.000187 0.000828 0.003269 0.011126 -0.031005 0.575642 1.220448 1.290665 1.473683 1.683914 1.936433 1.487114 0.921953 0.866073 0.671509 0.458464 0.275647 0.146831 0.071530 0.035606 0.022244 0.018288 0.016047 0.012591 0.008087 0.003941 0.001267 
0.000576 0.000095 0.000353 0.001598 0.009984 -0.047364 0.229385 0.931572 1.284418 1.373423 1.574455 1.851395 1.762879 1.179944 0.870850 0.778614 0.564252 0.361791 0.204519 0.103375 0.049697 0.026927 0.019571 0.017136 0.014460 0.010382 0.005900 0.002411 
0.001305 0.000205 0.000116 0.000467 0.009453 -0.035463 0.043539 0.575722 1.146319 1.338409 1.462193 1.731022 1.860879 1.485197 0.994729 0.818811 0.678322 0.459454 0.276823 0.147472 0.071638 0.035417 0.021978 0.018061 0.015901 0.012534 0.008104 0.003990 
0.002459 0.000593 0.000070 -0.000276 0.007789 -0.017381 -0.032030 0.278906 0.882276 1.270290 1.395505 1.596228 1.836233 1.711809 1.227478 0.884896 0.751251 0.571522 0.362543 0.205472 0.103734 0.049628 0.026679 0.019314 0.016946 0.014359 0.010366 0.005938 
0.004039 0.001341 0.000236 -0.000640 0.005308 -0.003376 -0.045712 0.084812 0.575774 1.106168 1.344603 1.488692 1.736552 1.819292 1.483278 1.034269 0.807895 0.666095 0.465616 0.277305 0.148168 0.071757 0.035232 0.021710 0.017832 0.015754 0.012478 0.008120 
0.005975 0.002504 0.000675 -0.000643 0.002822 0.003984 -0.033245 -0.013781 0.305301 0.856754 1.249529 1.416058 1.616456 1.814414 1.684519 1.251921 0.901882 0.735377 0.568762 0.367002 0.205743 0.104174 0.049564 0.026430 0.019056 0.016755 0.014258 0.010349 
0.008135 0.004081 0.001455 -0.000315 0.000935 0.005946 -0.015775 -0.045783 0.112510 0.576422 1.077199 1.344818 1.514293 1.736078 1.788876 1.481979 1.060271 0.807165 0.654273 0.467547 0.280111 0.148293 0.071967 0.035045 0.021441 0.017601 0.015608 0.012421 
0.010332 0.006004 0.002625 0.000328 -0.000114 0.004876 -0.002725 -0.042030 0.002494 0.323061 0.839079 1.231715 1.432420 1.632478 1.795520 1.665084 1.267763 0.916917 0.726570 0.563069 0.370397 0.207257 0.104199 0.049585 0.026175 0.018795 0.016563 0.014158 
0.012365 0.008140 0.004187 0.001293 -0.000348 0.002829 0.003844 -0.025635 -0.042260 0.133309 0.576565 1.055104 1.344103 1.534803 1.734655 1.765325 1.480199 1.079404 0.810034 0.644965 0.466711 0.283226 0.148945 0.071914 0.034928 0.021162 0.017368 0.015460 
0.014057 0.010306 0.006081 0.002596 0.000093 0.001074 0.005377 -0.009793 -0.046763 0.016782 0.336002 0.825476 1.217594 1.445025 1.644731 1.780301 1.649729 1.278817 0.929986 0.721805 0.556989 0.372220 0.209432 0.104349 0.049467 0.025970 0.018524 0.016371 
0.015314 0.012301 0.008177 0.004230 0.001065 0.000158 0.004235 0.000372 -0.033198 -0.037252 0.149771 0.576182 1.037912 1.343335 1.550619 1.733158 1.746670 1.477914 1.094231 0.814395 0.637934 0.464478 0.285846 0.150146 0.071809 0.034754 0.020913 0.017126 
0.016172 0.013952 0.010297 0.006144 0.002458 0.000159 0.002382 0.004656 -0.016401 -0.049012 0.029355 0.345808 0.814609 1.206527 1.454657 1.654000 1.768120 1.637117 1.286765 0.941361 0.719515 0.551341 0.372802 0.211728 0.104812 0.049250 0.025754 0.018268 
0.016891 0.015159 0.012246 0.008222 0.004185 0.000939 0.000984 0.004974 -0.003692 -0.038921 -0.031645 0.163179 0.575492 1.024360 1.342628 1.562704 1.731706 1.731648 1.475341 1.106032 0.819362 0.632722 0.461628 0.287789 0.151676 0.071818 0.034498 0.020674 
0.018026 0.015971 0.013846 0.010304 0.006155 0.002307 0.000510 0.003524 0.003092 -0.022303 -0.049661 0.040452 0.353458 0.805804 1.197793 1.461995 1.660964 1.758259 1.626572 1.292584 0.951280 0.718818 0.546375 0.372522 0.213858 0.105572 0.049031 0.025490 
0.020415 0.016665 0.015001 0.012201 0.008249 0.004084 0.000979 0.001931 0.005083 -0.007922 -0.043201 -0.025877 0.174316 0.574694 1.013557 1.341958 1.571911 1.730277 1.719371 1.472679 1.115586 0.824495 0.628933 0.458587 0.289092 0.153332 0.072005 0.034193 
0.025175 0.017783 0.015773 0.013744 0.010310 0.006113 0.002212 0.001064 0.004380 0.000982 -0.027457 -0.049256 0.050278 0.359588 0.798624 1.190815 1.467562 1.666148 1.750140 1.617662 1.296908 0.959945 0.719168 0.542131 0.371678 0.215702 0.106547 0.048877 
0.033884 0.020123 0.016443 0.014848 0.012163 0.008241 0.003972 0.001187 0.002863 0.004666 -0.012087 -0.046355 -0.020183 0.183714 0.573926 1.004863 1.341288 1.578902 1.728836 1.709198 1.470065 1.123428 0.829561 0.626254 0.455588 0.289859 0.154980 0.072371 
0.048824 0.024828 0.017523 0.015583 0.013651 0.010301 0.006036 0.002208 0.001738 0.004916 -0.001456 -0.031904 -0.048154 0.059013 0.364630 0.792756 1.185158 1.471751 1.669947 1.743333 1.610069 1.300167 0.967536 0.720208 0.538573 0.370487 0.217224 0.107651 
0.072889 0.033606 0.019797 0.016217 0.014705 0.012122 0.008198 0.003884 0.001535 0.003696 0.003831 -0.016063 -0.048630 -0.014687 0.191762 0.573269 0.997803 1.340592 1.584174 1.727356 1.700656 1.467578 1.129941 0.834435 0.624437 0.452756 0.290199 0.156536 
0.108814 0.048883 0.024470 0.017238 0.015399 0.013564 0.010268 0.005943 0.002305 0.002460 0.005142 -0.004072 -0.035711 -0.046597 0.066814 0.368885 0.787956 1.180507 1.474859 1.672658 1.737523 1.603551 1.302661 0.974210 0.721697 0.535632 0.369101 0.218435 
0.157953 0.073523 0.033383 0.019443 0.015981 0.014573 0.012072 0.008127 0.003844 0.001988 0.004387 0.002680 -0.019787 -0.050220 -0.009451 0.198746 0.572766 0.992026 1.339855 1.588101 1.725826 1.693396 1.465261 1.135412 0.839055 0.623291 0.450154 0.290211 
0.219363 0.109981 0.049047 0.024121 0.016929 0.015217 0.013481 0.010211 0.005855 0.002498 0.003178 0.005088 -0.006758 -0.038956 -0.044750 0.073819 0.372564 0.784033 1.176629 1.477110 1.674506 1.732477 1.597918 1.304601 0.980103 0.723471 0.533234 0.367628 
0.289982 0.159214 0.074235 0.033225 0.019074 0.015732 0.014446 0.012009 0.008038 0.003862 0.002509 0.004916 0.001297 -0.023235 -0.051276 -0.004499 0.204886 0.572433 0.987268 1.339069 1.590965 1.724239 1.687153 1.463130 1.140059 0.843396 0.622663 0.447808 
0.366139 0.220045 0.111115 0.049303 0.023795 0.016599 0.015033 0.013396 0.010133 0.005786 0.002774 0.003854 0.004790 -0.009443 -0.041712 -0.042727 0.080145 0.375819 0.780834 1.173352 1.478675 1.675663 1.728027 1.593016 1.306135 0.985331 0.725417 0.531304 
0.445720 0.289577 0.160312 0.074995 0.033136 0.018701 0.015468 0.014320 0.011933 0.007944 0.003941 0.003067 0.005279 -0.000251 -0.026404 -0.051916 0.000166 0.210348 0.572274 0.983324 1.338234 1.592979 1.722595 1.681724 1.461187 1.144048 0.847456 0.622438 
0.529775 0.364683 0.220518 0.112191 0.049635 0.023504 0.016254 0.014841 0.013304 0.010040 0.005748 0.003116 0.004464 0.004286 -0.012079 -0.044049 -0.040606 0.085892 0.378757 0.778238 1.170548 1.479687 1.676263 1.724044 1.588722 1.307371 0.989994 0.727455 
0.622524 0.443884 0.289053 0.161254 0.075776 0.033113 0.018334 0.015191 0.014189 0.011844 0.007854 0.004079 0.003636 0.005482 -0.001909 -0.029302 -0.052232 0.004554 0.215263 0.572282 0.980039 1.337351 1.594310 1.720897 1.676954 1.459425 1.147507 0.851244 
0.729532 0.528586 0.363291 0.220819 0.113194 0.050026 0.023254 0.015901 0.014640 0.013203 0.009939 0.005745 0.003506 0.004994 0.003614 -0.014634 -0.046028 -0.038441 0.091144 0.381457 0.776142 1.168120 1.480251 1.676410 1.720433 1.584938 1.308387 0.994175 
