0.006737 -0.034595 0.567743 1.209064 1.278569 1.464837 1.681314 1.940400 1.495193 0.930470 0.872244 0.674633 0.459485 0.275608 0.145546 0.067584 0.027707 0.010859 0.006192 0.007200 0.009990 0.012054 0.012020 0.009791 0.006357 0.003108 0.001005 -0.000908 
0.005378 -0.051097 0.223908 0.921705 1.272257 1.362517 1.568524 1.852212 1.769285 1.188645 0.878413 0.783246 0.566200 0.362228 0.203957 0.100928 0.043826 0.017083 0.007410 0.006230 0.008529 0.011199 0.012305 0.011118 0.008138 0.004650 0.001973 -0.000561 
0.005780 -0.039676 0.039264 0.568085 1.134952 1.326421 1.453431 1.728427 1.864769 1.493172 1.003187 0.825005 0.681524 0.460541 0.276784 0.146120 0.067609 0.027490 0.010648 0.006072 0.007139 0.009939 0.011993 0.011967 0.009772 0.006375 0.003252 0.000168 
0.005622 -0.021531 -0.036099 0.273179 0.872603 1.258178 1.384706 1.590346 1.837010 1.718116 1.236091 0.892440 0.755939 0.573550 0.363017 0.204874 0.101206 0.043695 0.016848 0.007241 0.006144 0.008477 0.011142 0.012246 0.011080 0.008131 0.004794 0.001164 
0.004863 -0.006766 -0.049842 0.080166 0.568122 1.094947 1.332688 1.480017 1.733961 1.823106 1.491151 1.042670 0.814111 0.669371 0.466768 0.277267 0.146750 0.067649 0.027278 0.010435 0.005946 0.007076 0.009887 0.011934 0.011916 0.009741 0.006505 0.002492 
0.004153 0.001889 -0.037156 -0.018028 0.299343 0.847173 1.237536 1.405340 1.610626 1.815152 1.690730 1.260448 0.909407 0.740119 0.570867 0.367512 0.205108 0.101566 0.043572 0.016614 0.007067 0.006055 0.008424 0.011087 0.012189 0.011030 0.008238 0.004148 
0.004036 0.005462 -0.018970 -0.049868 0.107614 0.568696 1.066106 1.333005 1.505688 1.733496 1.792616 1.489753 1.068615 0.813401 0.657622 0.468762 0.280072 0.146811 0.067782 0.027065 0.010219 0.005816 0.007010 0.009835 0.011877 0.011853 0.009817 0.006018 
0.004701 0.006152 -0.004734 -0.045789 -0.001876 0.316909 0.829537 1.219851 1.421790 1.626689 1.796223 1.671201 1.276206 0.924423 0.731364 0.565249 0.370942 0.206588 0.101513 0.043537 0.016372 0.006890 0.005961 0.008369 0.011034 0.012120 0.011071 0.007914 
0.006019 0.005906 0.003366 -0.028686 -0.046322 0.128222 0.568753 1.044112 1.332409 1.526265 1.732076 1.768995 1.487876 1.087693 0.816290 0.648385 0.467985 0.283188 0.147402 0.067656 0.026924 0.009991 0.005683 0.006941 0.009784 0.011809 0.011860 0.009628 
0.007691 0.005896 0.006632 -0.011717 -0.050417 0.012314 0.329687 0.815947 1.205854 1.434492 1.638979 1.780969 1.655754 1.287177 0.937474 0.726649 0.559241 0.372798 0.208729 0.101588 0.043364 0.016181 0.006700 0.005865 0.008314 0.010971 0.012101 0.010973 
0.009374 0.006542 0.007299 -0.000078 -0.036134 -0.041306 0.144530 0.568283 1.027002 1.331762 1.542151 1.730580 1.750272 1.485496 1.102466 0.820668 0.641421 0.465811 0.285807 0.148543 0.067479 0.026726 0.009794 0.005537 0.006871 0.009725 0.011772 0.011812 
0.010773 0.007758 0.007205 0.005911 -0.018244 -0.052588 0.024804 0.339351 0.805080 1.194903 1.444227 1.648284 1.768751 1.643054 1.295045 0.948831 0.724408 0.553663 0.373412 0.210991 0.101979 0.043094 0.015979 0.006524 0.005759 0.008254 0.010924 0.012073 
0.011683 0.009219 0.007374 0.008033 -0.004100 -0.041763 -0.035698 0.157807 0.567511 1.013517 1.331175 1.554309 1.729128 1.735183 1.482832 1.114214 0.825653 0.636275 0.463018 0.287750 0.150014 0.067418 0.026447 0.009604 0.005395 0.006792 0.009673 0.011747 
0.011998 0.010562 0.008101 0.008347 0.004361 -0.024069 -0.053178 0.035827 0.346878 0.796267 1.186275 1.451670 1.655286 1.758853 1.632424 1.300786 0.958731 0.723757 0.548764 0.373163 0.213090 0.102668 0.042823 0.015728 0.006360 0.005650 0.008190 0.010894 
0.011705 0.011503 0.009227 0.008319 0.008146 -0.008283 -0.045963 -0.029935 0.168828 0.566637 1.002771 1.330622 1.563592 1.727697 1.722839 1.480082 1.123717 0.830803 0.632550 0.460031 0.289053 0.151615 0.067538 0.026121 0.009395 0.005260 0.006707 0.009632 
0.010864 0.011876 0.010409 0.008641 0.009203 0.002276 -0.029152 -0.052727 0.045585 0.352897 0.789076 1.179394 1.457341 1.660509 1.750697 1.623430 1.305034 0.967378 0.724152 0.544586 0.372350 0.214902 0.103575 0.042620 0.015428 0.006192 0.005542 0.008130 
0.009595 0.011632 0.011316 0.009398 0.009245 0.007739 -0.012398 -0.049048 -0.024251 0.178125 0.565799 0.994125 1.330065 1.570660 1.726255 1.712600 1.477381 1.131508 0.835884 0.629932 0.457086 0.289819 0.153208 0.067839 0.025791 0.009151 0.005128 0.006625 
0.008076 0.010819 0.011721 0.010347 0.009296 0.009740 -0.000133 -0.033531 -0.051589 0.054257 0.357840 0.783195 1.173828 1.461634 1.664348 1.743853 1.615754 1.308220 0.974951 0.725234 0.541091 0.371188 0.216395 0.104613 0.042520 0.015095 0.006006 0.005439 
0.006551 0.009556 0.011528 0.011156 0.009708 0.010070 0.006919 -0.016321 -0.051263 -0.018769 0.186079 0.565077 0.987108 1.329476 1.576010 1.724777 1.703994 1.474810 1.137972 0.840772 0.628174 0.454305 0.290159 0.154710 0.068294 0.025494 0.008872 0.004990 
0.005340 0.008028 0.010753 0.011556 0.010386 0.009995 0.009969 -0.002714 -0.037275 -0.050003 0.061999 0.362004 0.778382 1.169261 1.464843 1.667101 1.738007 1.609155 1.310642 0.981607 0.726765 0.538211 0.369831 0.217576 0.105712 0.042532 0.014751 0.005794 
0.004839 0.006485 0.009508 0.011398 0.011046 0.010119 0.010750 0.005786 -0.019992 -0.052799 -0.013548 0.192978 0.564513 0.981371 1.328841 1.580014 1.723248 1.696670 1.472410 1.143395 0.845406 0.627084 0.451752 0.290171 0.156077 0.068867 0.025252 0.008564 
0.005556 0.005241 0.007982 0.010664 0.011398 0.010521 0.010687 0.009919 -0.005363 -0.040460 -0.048132 0.068947 0.365600 0.774446 1.165461 1.467192 1.668991 1.732927 1.603442 1.312511 0.987482 0.728579 0.535872 0.368384 0.218476 0.106817 0.042652 0.014415 
0.008241 0.004673 0.006424 0.009448 0.011253 0.010995 0.010597 0.011268 0.004424 -0.023387 -0.053807 -0.008613 0.199038 0.564125 0.976648 1.328153 1.582953 1.721664 1.690364 1.470198 1.147995 0.849761 0.626512 0.449453 0.289941 0.157287 0.069520 0.025077 
0.014104 0.005295 0.005137 0.007933 0.010556 0.011262 0.010738 0.011336 0.009626 -0.008008 -0.043160 -0.046089 0.075219 0.368777 0.771236 1.162258 1.468853 1.670190 1.728444 1.598463 1.313975 0.992693 0.730563 0.533999 0.366922 0.219130 0.107891 0.042866 
0.024971 0.007912 0.004491 0.006361 0.009375 0.011106 0.011007 0.011111 0.011620 0.002899 -0.026503 -0.054403 -0.003965 0.204426 0.563915 0.972739 1.327411 1.585043 1.720025 1.684875 1.468175 1.151937 0.853833 0.626340 0.447412 0.289536 0.158337 0.070223 
0.043156 0.013827 0.005018 0.005023 0.007877 0.010435 0.011158 0.011021 0.011917 0.009129 -0.010603 -0.045443 -0.043952 0.080915 0.371644 0.768628 1.159524 1.469957 1.670832 1.724430 1.594093 1.315144 0.997338 0.732638 0.532525 0.365491 0.219577 0.108909 
0.070949 0.024933 0.007589 0.004292 0.006290 0.009289 0.010965 0.011078 0.011635 0.011813 0.001266 -0.029349 -0.054679 0.000404 0.209272 0.563875 0.969485 1.326617 1.586447 1.718332 1.680045 1.466335 1.155351 0.857632 0.626478 0.445621 0.289011 0.159233 
0.109856 0.043507 0.013591 0.004732 0.004898 0.007810 0.010307 0.011092 0.011353 0.012418 0.008464 -0.013118 -0.047371 -0.041775 0.086118 0.374277 0.766522 1.157162 1.470610 1.671022 1.720788 1.590234 1.316093 1.001502 0.734751 0.531390 0.364123 0.219851 
