0.049561 0.032182 0.015736 0.005090 0.000742 -0.000062 -0.000062 0.000742 -0.057410 0.515736 1.094682 1.049561 1.060814 1.060814 1.112061 0.532182 -0.046764 0.005090 0.000742 -0.000062 -0.000062 0.000742 0.005090 0.015736 0.032182 0.049561 0.060814 0.060814 
0.056274 0.041196 0.023538 0.009657 0.002301 0.000068 -0.000162 0.003975 -0.064106 0.189344 0.843851 1.107602 1.052367 1.058315 1.122680 0.861508 0.203226 -0.056750 0.006207 0.000068 -0.000162 0.000068 0.002301 0.009657 0.023538 0.041196 0.056274 0.062221 
0.060561 0.049467 0.032292 0.015954 0.005251 0.000739 -0.000445 0.006147 -0.045648 0.017458 0.515954 1.020085 1.096097 1.047866 1.107192 1.037260 0.532292 0.028161 -0.041136 0.007087 -0.000445 -0.000201 0.000739 0.005251 0.015954 0.032292 0.049467 0.060561 
0.061948 0.056087 0.041207 0.023719 0.009863 0.002400 -0.000547 0.006014 -0.023283 -0.048488 0.239141 0.794425 1.092614 1.073025 1.078885 1.107494 0.811913 0.252997 -0.041010 -0.020885 0.006319 -0.000852 0.000002 0.002385 0.009863 0.023719 0.041207 0.056087 
0.060314 0.060314 0.049374 0.032399 0.016164 0.005450 0.000050 0.004380 -0.006649 -0.055693 0.059046 0.516123 0.979449 1.101090 1.072943 1.112030 0.996424 0.532357 0.069804 -0.051023 -0.005577 0.004380 -0.001022 0.000780 0.005407 0.016165 0.032399 0.049374 
0.055905 0.061682 0.055905 0.041217 0.023890 0.010130 0.001809 0.002567 0.002202 -0.039032 -0.029956 0.265798 0.768751 1.070986 1.092176 1.097952 1.085674 0.786075 0.279628 -0.022360 -0.036474 0.002580 0.002189 -0.000748 0.002533 0.010060 0.023893 0.041217 
0.049283 0.060072 0.060072 0.049283 0.032496 0.016447 0.005062 0.001691 0.005009 -0.019005 -0.055556 0.087054 0.516869 0.949979 1.100110 1.097156 1.110899 0.966760 0.533000 0.097863 -0.050732 -0.017805 0.005009 0.000491 0.000239 0.005637 0.016365 0.032502 
0.041227 0.055726 0.061421 0.055727 0.041218 0.024134 0.009962 0.002458 0.004640 -0.004506 -0.047694 -0.013399 0.283805 0.750904 1.052298 1.107157 1.112852 1.066799 0.768068 0.297609 -0.005688 -0.044981 -0.004058 0.004191 -0.000255 0.002252 0.010330 0.024055 
0.032592 0.049194 0.059836 0.059837 0.049184 0.032655 0.016449 0.005188 0.003652 0.002902 -0.028815 -0.051821 0.108153 0.517093 0.927366 1.098209 1.116311 1.108852 0.943958 0.533124 0.119012 -0.046849 -0.027491 0.002902 0.002327 0.000216 0.005590 0.016624 
0.024260 0.041226 0.055552 0.061167 0.055544 0.041267 0.024223 0.009902 0.003763 0.005163 -0.011565 -0.052299 0.001169 0.296979 0.737111 1.037298 1.118404 1.124019 1.051616 0.754117 0.310757 0.008990 -0.049436 -0.011048 0.004646 0.000899 0.002081 0.010445 
0.016815 0.032711 0.049099 0.059607 0.059599 0.049119 0.032748 0.016381 0.005850 0.005125 -0.000568 -0.036320 -0.046599 0.124908 0.516771 0.909644 1.096262 1.130806 1.106762 0.926051 0.532704 0.135815 -0.041483 -0.034875 -0.000568 0.003680 0.000733 0.005473 
0.010447 0.024448 0.041242 0.055377 0.060914 0.055382 0.041301 0.024199 0.010138 0.005185 0.004468 -0.018157 -0.054413 0.014021 0.307004 0.726035 1.025348 1.126700 1.132237 1.039488 0.742889 0.320756 0.021948 -0.051404 -0.017574 0.003884 0.002176 0.002210 
0.005456 0.016912 0.032836 0.049013 0.059375 0.059374 0.049064 0.032749 0.016409 0.006827 0.005931 -0.004623 -0.041976 -0.040774 0.138600 0.516124 0.895547 1.094385 1.141600 1.104746 0.911775 0.531961 0.149553 -0.035518 -0.040414 -0.004623 0.004369 0.001571 
0.002623 0.010432 0.024579 0.041272 0.055205 0.060666 0.055239 0.041284 0.024158 0.010653 0.006440 0.002932 -0.024034 -0.054920 0.025393 0.314859 0.717003 1.015729 1.132723 1.138185 1.029696 0.733708 0.328586 0.033423 -0.051770 -0.023387 0.002285 0.003290 
0.002531 0.005601 0.016950 0.032939 0.048941 0.059146 0.059166 0.048992 0.032693 0.016598 0.007921 0.006108 -0.008840 -0.046182 -0.034786 0.150012 0.515352 0.884188 1.092555 1.149547 1.102781 0.900241 0.531095 0.161009 -0.029395 -0.044508 -0.008840 0.004433 
0.004120 0.003238 0.010468 0.024654 0.041301 0.055042 0.060430 0.055099 0.041213 0.024169 0.011367 0.007407 0.000855 -0.029158 -0.054368 0.035492 0.321180 0.709581 1.007862 1.136997 1.142384 1.021660 0.726140 0.334881 0.043621 -0.051081 -0.028448 0.000145 
0.003974 0.003475 0.005911 0.016973 0.033005 0.048876 0.058928 0.058969 0.048888 0.032623 0.016951 0.008996 0.005759 -0.012985 -0.049255 -0.028869 0.159677 0.514593 0.874926 1.090735 1.155307 1.100829 0.890808 0.530244 0.170716 -0.023348 -0.047470 -0.012985 
-0.002319 0.004633 0.003971 0.010592 0.024688 0.041314 0.054891 0.060207 0.054948 0.041105 0.024267 0.012196 0.008052 -0.001549 -0.033566 -0.053113 0.044496 0.326398 0.703454 1.001315 1.139914 1.145230 1.014949 0.719870 0.340074 0.052721 -0.049693 -0.032795 
-0.016936 0.003103 0.004322 0.006359 0.017015 0.033034 0.048810 0.058726 0.058775 0.048750 0.032575 0.017439 0.009970 0.004994 -0.016936 -0.051441 -0.023149 0.167982 0.513929 0.867288 1.088899 1.159377 1.098864 0.883004 0.529489 0.179061 -0.017502 -0.049550 
-0.036498 -0.004954 0.004838 0.004751 0.010813 0.024704 0.041303 0.054751 0.059997 0.054776 0.040982 0.024463 0.013069 0.008386 -0.004125 -0.037327 -0.051397 0.052563 0.330816 0.698379 0.995774 1.141771 1.147017 1.009247 0.714657 0.344466 0.060881 -0.047850 
-0.050941 -0.020629 0.001919 0.005027 0.006908 0.017100 0.033031 0.048736 0.058541 0.058577 0.048585 0.032573 0.018026 0.010797 0.003912 -0.020629 -0.052935 -0.017688 0.175214 0.513401 0.860924 1.087031 1.162129 1.096871 0.876478 0.528874 0.186332 -0.011918 
-0.045715 -0.039633 -0.007655 0.004765 0.005525 0.011126 0.024721 0.041267 0.054618 0.059796 0.054584 0.040864 0.024750 0.013933 0.008437 -0.006769 -0.040519 -0.049387 0.059829 0.334644 0.694168 0.991004 1.142790 1.147968 1.004322 0.710310 0.348268 0.068237 
-0.006621 -0.051794 -0.024040 0.000506 0.005571 0.007524 0.017240 0.033009 0.048653 0.058367 0.058371 0.048405 0.032626 0.018678 0.011459 0.002600 -0.024040 -0.053888 -0.012509 0.181592 0.513029 0.855570 1.085126 1.163844 1.094844 0.870966 0.528415 0.192747 
0.074907 -0.043403 -0.042275 -0.010349 0.004451 0.006257 0.011518 0.024754 0.041210 0.054487 0.059599 0.054375 0.040764 0.025117 0.014751 0.008243 -0.009408 -0.043215 -0.047195 0.066413 0.338033 0.690667 0.986837 1.143145 1.148256 1.000002 0.706677 0.351632 
0.198474 -0.001614 -0.052228 -0.027166 -0.001067 0.005950 0.008173 0.017436 0.032979 0.048557 0.058200 0.058157 0.048221 0.032738 0.019362 0.011952 0.001124 -0.027166 -0.054419 -0.007616 0.187284 0.512816 0.851022 1.083182 1.164736 1.092781 0.866264 0.528117 
0.354667 0.080991 -0.040993 -0.044492 -0.012989 0.003934 0.006921 0.011972 0.024813 0.041137 0.054355 0.059402 0.054154 0.040694 0.025546 0.015498 0.007843 -0.011995 -0.045486 -0.044902 0.072414 0.341093 0.687755 0.983143 1.142966 1.148013 0.996160 0.703636 
0.527973 0.203642 0.003113 -0.052335 -0.030017 -0.002745 0.006169 0.008831 0.017688 0.032952 0.048451 0.058032 0.057935 0.048043 0.032907 0.020054 0.012282 -0.000461 -0.030017 -0.054619 -0.003000 0.192419 0.512755 0.847126 1.081201 1.164969 1.090685 0.862218 
0.701087 0.357451 0.086572 -0.038539 -0.046346 -0.015543 0.003250 0.007504 0.012472 0.024905 0.041056 0.054216 0.059201 0.053929 0.040660 0.026020 0.016161 0.007272 -0.014498 -0.047391 -0.042561 0.077915 0.343903 0.685332 0.979826 1.142357 1.147342 0.992699 
