0.009150 0.012222 0.027891 0.067569 0.083031 0.775791 1.523242 1.678518 1.880190 2.005207 2.072709 1.392916 0.631051 0.472783 0.282455 0.147820 0.067926 0.027533 0.009826 0.003414 0.003105 0.007195 0.014345 0.022034 0.027030 0.027029 0.022027 0.013946 
0.010851 0.009407 0.017768 0.047743 0.034482 0.383661 1.183109 1.634991 1.781245 1.951085 2.089259 1.784648 0.979388 0.516196 0.376142 0.208235 0.101983 0.043843 0.016556 0.005533 0.002603 0.004684 0.010545 0.018324 0.025013 0.027654 0.025033 0.017974 
0.014061 0.009161 0.011624 0.034107 0.021162 0.158278 0.776966 1.449875 1.725746 1.866670 2.049825 1.995918 1.391929 0.706217 0.427713 0.290076 0.148249 0.067978 0.027255 0.009522 0.003249 0.003094 0.007258 0.014383 0.021990 0.026915 0.026950 0.021785 
0.017907 0.010975 0.008681 0.023828 0.020470 0.050243 0.434135 1.134846 1.621059 1.802003 1.970424 2.072068 1.733412 1.028730 0.532710 0.350352 0.215577 0.101794 0.043708 0.016235 0.005287 0.002519 0.004721 0.010605 0.018323 0.024926 0.027563 0.024852 
0.021643 0.014150 0.008448 0.016321 0.021235 0.011153 0.200255 0.778096 1.410438 1.731393 1.891170 2.052938 1.953135 1.390906 0.748075 0.418954 0.278679 0.153893 0.067356 0.027025 0.009217 0.003081 0.003079 0.007318 0.014419 0.021942 0.026826 0.026806 
0.024692 0.017930 0.010338 0.011721 0.019900 0.004682 0.068959 0.461473 1.110322 1.600451 1.821231 1.988278 2.048287 1.705960 1.054921 0.552105 0.336045 0.212927 0.105346 0.042895 0.015984 0.005036 0.002432 0.004755 0.010664 0.018319 0.024856 0.027444 
0.026653 0.021613 0.013625 0.010044 0.016848 0.008785 0.011337 0.228680 0.779797 1.382141 1.731033 1.914802 2.050118 1.921564 1.390471 0.776327 0.420344 0.267706 0.155345 0.069079 0.026221 0.008991 0.002904 0.003061 0.007376 0.014452 0.021904 0.026731 
0.027308 0.024627 0.017528 0.010910 0.013726 0.013083 -0.004027 0.085723 0.480176 1.093608 1.582748 1.836266 2.001981 2.027491 1.686367 1.072455 0.569491 0.328799 0.207377 0.107868 0.043335 0.015307 0.004861 0.002333 0.004786 0.010718 0.018319 0.024788 
0.026620 0.026569 0.021324 0.013600 0.011945 0.014650 -0.001122 0.015126 0.250219 0.780974 1.360673 1.729721 1.933374 2.046413 1.896893 1.389526 0.797647 0.425298 0.259264 0.154067 0.071134 0.025941 0.008491 0.002791 0.003031 0.007430 0.014485 0.021871 
0.024710 0.027219 0.024426 0.017237 0.012120 0.014180 0.005918 -0.008677 0.100516 0.494059 1.080930 1.568700 1.847548 2.011967 2.010429 1.670857 1.085147 0.584857 0.325584 0.201472 0.108850 0.044445 0.014747 0.004535 0.002279 0.004805 0.010771 0.018322 
0.021831 0.026539 0.026429 0.020977 0.014101 0.013347 0.011089 -0.008721 0.020411 0.267433 0.781605 1.344066 1.728334 1.947282 2.042697 1.877153 1.388047 0.814600 0.431710 0.253112 0.151429 0.072715 0.026209 0.007926 0.002611 0.003028 0.007474 0.014520 
0.018322 0.024649 0.027119 0.024126 0.017245 0.013435 0.013409 -0.000777 -0.010832 0.113607 0.504804 1.070955 1.557670 1.855861 2.019020 1.996458 1.658094 1.094685 0.598477 0.324836 0.196028 0.108623 0.045685 0.014493 0.004100 0.002210 0.004837 0.010818 
0.014548 0.021800 0.026466 0.026206 0.020737 0.014912 0.014071 0.006943 -0.014469 0.026309 0.281598 0.781909 1.331060 1.726987 1.957488 2.039084 1.861079 1.386255 0.828470 0.438694 0.248792 0.148209 0.073641 0.026805 0.007465 0.002341 0.003031 0.007522 
0.010863 0.018322 0.024602 0.026970 0.023819 0.017535 0.014573 0.011792 -0.006757 -0.011373 0.125233 0.513388 1.063009 1.548939 1.861883 2.023818 1.984858 1.647403 1.102047 0.610589 0.325668 0.191292 0.107566 0.046771 0.014528 0.003651 0.002085 0.004881 
0.007580 0.014573 0.021780 0.026376 0.025935 0.020665 0.015835 0.014157 0.002632 -0.018763 0.032382 0.293497 0.782087 1.320766 1.725661 1.964844 2.035550 1.847780 1.384350 0.840041 0.445811 0.245906 0.144830 0.073951 0.027530 0.007172 0.002014 0.003011 
0.004921 0.010912 0.018327 0.024556 0.026772 0.023575 0.018026 0.015414 0.009627 -0.011982 -0.010847 0.135599 0.520444 1.056658 1.541932 1.866140 2.026882 1.975048 1.638349 1.107871 0.621401 0.327536 0.187304 0.105974 0.047583 0.014772 0.003258 0.001904 
0.002954 0.007642 0.014604 0.021766 0.026253 0.025659 0.020764 0.016735 0.013708 -0.001610 -0.021918 0.038394 0.303661 0.782274 1.312545 1.724319 1.970013 2.032055 1.836614 1.382471 0.849847 0.452829 0.244136 0.141524 0.073746 0.028247 0.007049 0.001673 
0.001684 0.004942 0.010968 0.018340 0.024494 0.026542 0.023426 0.018632 0.015927 0.007129 -0.016491 -0.009611 0.144884 0.526405 1.051587 1.536218 1.869024 2.028605 1.966596 1.630616 1.112589 0.631092 0.330082 0.184023 0.104065 0.048086 0.015141 0.002956 
0.001355 0.002857 0.007698 0.014646 0.021750 0.026098 0.025412 0.021003 0.017530 0.012835 -0.005661 -0.024183 0.044221 0.312476 0.782552 1.305926 1.722937 1.973491 2.028573 1.827107 1.380697 0.858277 0.459622 0.243237 0.138414 0.073137 0.028876 0.007069 
0.002755 0.001447 0.004937 0.011031 0.018361 0.024411 0.026302 0.023382 0.019284 0.016121 0.004451 -0.020353 -0.007904 0.153244 0.531569 1.047555 1.531483 1.870834 2.029283 1.959183 1.623962 1.116502 0.639823 0.333065 0.181381 0.101991 0.048290 0.015563 
0.007196 0.001082 0.002729 0.007744 0.014698 0.021726 0.025917 0.025216 0.021348 0.018176 0.011639 -0.009458 -0.025751 0.049803 0.320229 0.782962 1.300559 1.721501 1.975649 2.025088 1.818908 1.379073 0.865619 0.466132 0.243013 0.135562 0.072224 0.029371 
0.015987 0.002650 0.001210 0.004905 0.011096 0.018385 0.024304 0.026070 0.023437 0.019929 0.016028 0.001700 -0.023645 -0.005894 0.160817 0.536147 1.044372 1.527495 1.871794 2.029139 1.952577 1.618195 1.119824 0.647729 0.336320 0.179301 0.099855 0.048224 
0.029712 0.007393 0.000866 0.002581 0.007776 0.014757 0.021690 0.025722 0.025083 0.021762 0.018655 0.010204 -0.012978 -0.026773 0.055113 0.327138 0.783523 1.296179 1.720006 1.976770 2.021591 1.811749 1.377617 0.872092 0.472332 0.243313 0.132992 0.071089 
0.047927 0.016375 0.002627 0.000991 0.004849 0.011158 0.018408 0.024179 0.025862 0.023577 0.020529 0.015684 -0.001053 -0.026442 -0.003694 0.167719 0.540291 1.041886 1.524086 1.872076 2.028344 1.946605 1.613163 1.122706 0.654930 0.339733 0.177707 0.097732 
0.069803 0.029897 0.007631 0.000709 0.002423 0.007792 0.014816 0.021641 0.025524 0.025015 0.022213 0.018962 0.008600 -0.016215 -0.027368 0.060149 0.333369 0.784237 1.292586 1.718452 1.977068 2.018081 1.805429 1.376330 0.877864 0.478222 0.244019 0.130706 
0.095666 0.047435 0.016703 0.002671 0.000798 0.004775 0.011213 0.018425 0.024041 0.025687 0.023785 0.021060 0.015129 -0.003758 -0.028812 -0.001383 0.174049 0.544107 1.039974 1.521127 1.871813 2.027029 1.941137 1.608743 1.125256 0.661527 0.343225 0.176531 
0.128695 0.068417 0.029932 0.007883 0.000609 0.002267 0.007792 0.014870 0.021581 0.025334 0.025010 0.022675 0.019104 0.006880 -0.019180 -0.027628 0.064919 0.339051 0.785097 1.289624 1.716841 1.976707 2.014558 1.799790 1.375208 0.883068 0.483811 0.245038 
0.175710 0.093690 0.046785 0.016957 0.002764 0.000638 0.004691 0.011257 0.018434 0.023897 0.025552 0.024045 0.021508 0.014398 -0.006386 -0.030817 0.000984 0.179891 0.547674 1.038538 1.518524 1.871109 2.025297 1.936076 1.604835 1.127555 0.667604 0.346742 
