0.013743 0.030180 0.067926 0.145531 0.212934 0.958809 1.736286 1.872881 1.997484 2.005207 1.955416 1.198553 0.418007 0.289764 0.152552 0.069858 0.027891 0.009826 0.003057 0.001173 0.002463 0.007035 0.014310 0.022028 0.027029 0.027029 0.022027 0.013248 
0.011919 0.019633 0.045230 0.104875 0.137465 0.541492 1.385628 1.845388 1.943237 2.012245 2.028098 1.622656 0.768991 0.313677 0.218311 0.105252 0.044835 0.016658 0.005430 0.001611 0.001414 0.004375 0.010476 0.018311 0.025011 0.027654 0.025076 0.017294 
0.013638 0.013840 0.029186 0.074615 0.099646 0.288757 0.960076 1.662151 1.918735 1.982866 2.049825 1.879722 1.198941 0.493940 0.244603 0.159598 0.069739 0.027672 0.009522 0.002831 0.001089 0.002501 0.007121 0.014356 0.021986 0.026912 0.027017 0.021360 
0.017133 0.012298 0.018686 0.051295 0.078151 0.153808 0.592356 1.337035 1.830314 1.962652 2.030985 2.011507 1.572763 0.819475 0.330522 0.192133 0.111984 0.044224 0.016386 0.005151 0.001454 0.001397 0.004447 0.010551 0.018315 0.024919 0.027626 0.024678 
0.021023 0.013844 0.013152 0.033712 0.062032 0.090249 0.331269 0.961275 1.621946 1.923042 2.006307 2.052938 1.837998 1.199257 0.536567 0.235777 0.147644 0.074835 0.026772 0.009260 0.002604 0.001004 0.002537 0.007204 0.014402 0.021933 0.026869 0.026792 
0.024352 0.017117 0.011764 0.021618 0.047393 0.062847 0.173147 0.620044 1.312167 1.808582 1.980578 2.048260 1.988304 1.546612 0.846790 0.350263 0.177462 0.108735 0.047347 0.015428 0.004937 0.001292 0.001379 0.004517 0.010624 0.018309 0.024877 0.027500 
0.026542 0.020872 0.013372 0.014746 0.034156 0.049837 0.091032 0.360231 0.963011 1.592883 1.921376 2.028916 2.050118 1.807450 1.200128 0.565588 0.237125 0.136135 0.075741 0.028207 0.008416 0.002453 0.000911 0.002571 0.007286 0.014438 0.021909 0.026796 
0.027329 0.024160 0.016682 0.012377 0.023557 0.040635 0.054590 0.190532 0.639079 1.295089 1.789775 1.994352 2.061405 1.968067 1.528281 0.865429 0.368009 0.169876 0.102597 0.049436 0.015713 0.004294 0.001206 0.001350 0.004586 0.010690 0.018315 0.024835 
0.026688 0.026367 0.020492 0.013364 0.016631 0.031922 0.040183 0.095399 0.382301 0.964200 1.570647 1.918790 2.046498 2.046413 1.783768 1.200457 0.587674 0.242059 0.127176 0.073919 0.029966 0.008089 0.002027 0.000883 0.002595 0.007363 0.014476 0.021896 
0.024775 0.027194 0.023855 0.016356 0.013596 0.023964 0.033558 0.050376 0.205932 0.653279 1.282033 1.774640 2.004409 2.070853 1.951542 1.513996 0.879210 0.383748 0.166345 0.096114 0.049981 0.016659 0.003762 0.000969 0.001370 0.004642 0.010754 0.018331 
0.021876 0.026596 0.026144 0.020069 0.013859 0.018008 0.028358 0.032844 0.101246 0.400031 0.964828 1.553273 1.916159 2.059448 2.042697 1.764987 1.200223 0.605392 0.248469 0.120525 0.070741 0.031243 0.008302 0.001535 0.000790 0.002649 0.007429 0.014522 
0.018347 0.024724 0.027045 0.023467 0.016325 0.014899 0.023162 0.026973 0.048652 0.219614 0.664326 1.271670 1.762539 2.011531 2.077385 1.938093 1.502425 0.889818 0.397750 0.165301 0.090105 0.049314 0.017727 0.003531 0.000623 0.001374 0.004712 0.010814 
0.014564 0.021861 0.026507 0.025847 0.019762 0.014649 0.018703 0.024229 0.027365 0.107693 0.414696 0.965113 1.539501 1.913598 2.068726 2.039084 1.749841 1.199646 0.620024 0.255471 0.115724 0.066984 0.031858 0.008837 0.001143 0.000608 0.002708 0.007501 
0.010876 0.018363 0.024681 0.026848 0.023083 0.016572 0.016011 0.021523 0.021122 0.048538 0.231814 0.673193 1.263327 1.752753 2.016396 2.081678 1.926997 1.492892 0.898232 0.410255 0.165860 0.084816 0.047814 0.018633 0.003584 0.000264 0.001326 0.004794 
0.007584 0.014605 0.021855 0.026395 0.025508 0.019627 0.015540 0.018757 0.019954 0.023350 0.114303 0.427075 0.965257 1.528446 1.911084 2.075182 2.035549 1.737443 1.198929 0.632352 0.262624 0.112375 0.063073 0.031851 0.009492 0.000917 0.000370 0.002746 
0.004875 0.010944 0.018385 0.024633 0.026602 0.022767 0.017015 0.016818 0.019344 0.016042 0.049490 0.242737 0.680515 1.256573 1.744708 2.019525 2.084254 1.917676 1.484966 0.905092 0.421468 0.167473 0.080285 0.045778 0.019256 0.003842 -0.000041 0.001222 
0.002748 0.007672 0.014653 0.021851 0.026248 0.025167 0.019664 0.016399 0.018275 0.015760 0.020482 0.120843 0.437700 0.965397 1.519468 1.908579 2.079476 2.032055 1.727152 1.198211 0.642912 0.269693 0.110161 0.059240 0.031324 0.010134 0.000858 0.000120 
0.001080 0.004938 0.011021 0.018414 0.024567 0.026327 0.022552 0.017570 0.017291 0.016840 0.011691 0.051154 0.252563 0.686722 1.251094 1.737972 2.021311 2.085503 1.909698 1.478331 0.910829 0.431567 0.169784 0.076475 0.043424 0.019564 0.004218 -0.000255 
-0.000108 0.002712 0.007758 0.014713 0.021842 0.026067 0.024861 0.019843 0.017147 0.017370 0.011771 0.018513 0.127190 0.446958 0.965613 1.512098 1.906060 2.082104 2.028573 1.718496 1.197573 0.652091 0.276553 0.108833 0.055609 0.030387 0.010679 0.000939 
-0.000370 0.000921 0.004977 0.011105 0.018448 0.024476 0.026042 0.022445 0.018167 0.017440 0.014163 0.008000 0.053287 0.261450 0.692116 1.246649 1.732231 2.022050 2.085721 1.902747 1.472748 0.915746 0.440712 0.172549 0.073315 0.040903 0.019566 0.004643 
0.001123 -0.000291 0.002647 0.007836 0.014783 0.021823 0.025860 0.024608 0.020127 0.017741 0.016141 0.008046 0.017248 0.133283 0.455135 0.965950 1.505984 1.903510 2.083435 2.025088 1.711124 1.197061 0.660176 0.283143 0.108197 0.052241 0.029142 0.011084 
0.005063 -0.000390 0.000765 0.004991 0.011194 0.018485 0.024360 0.025767 0.022438 0.018754 0.017298 0.011418 0.004889 0.055725 0.269535 0.696906 1.243048 1.727254 2.021964 2.085130 1.896588 1.468025 0.920054 0.449038 0.175603 0.070729 0.038322 0.019292 
0.011329 0.001375 -0.000418 0.002562 0.007901 0.014860 0.021790 0.025639 0.024421 0.020479 0.018163 0.014675 0.004609 0.016536 0.139097 0.462450 0.966425 1.500865 1.900924 2.083750 2.021592 1.704771 1.196693 0.667388 0.289437 0.108101 0.049160 0.027671 
0.018779 0.005443 -0.000330 0.000627 0.004983 0.011281 0.018519 0.024224 0.025517 0.022519 0.019293 0.016904 0.008679 0.002283 0.058352 0.276935 0.701244 1.240140 1.722871 2.021226 2.083899 1.891051 1.464012 0.923908 0.456664 0.178831 0.068640 0.035753 
0.026044 0.011411 0.001663 -0.000484 0.002471 0.007952 0.014937 0.021743 0.025414 0.024300 0.020868 0.018411 0.013042 0.001463 0.016256 0.144628 0.469070 0.967041 1.496539 1.898302 2.083263 2.018082 1.699235 1.196473 0.673894 0.295432 0.108427 0.046371 
0.033243 0.018066 0.005757 -0.000205 0.000516 0.004959 0.011361 0.018547 0.024074 0.025301 0.022668 0.019760 0.016296 0.005992 0.000113 0.061089 0.283749 0.705239 1.237803 1.718954 2.019966 2.082160 1.886008 1.460587 0.927415 0.463690 0.182154 0.066981 
0.043863 0.024316 0.011335 0.001962 -0.000494 0.002383 0.007989 0.015009 0.021683 0.025197 0.024243 0.021266 0.018490 0.011295 -0.001403 0.016317 0.149887 0.475125 0.967792 1.492850 1.895645 2.082136 2.014560 1.694361 1.196395 0.679825 0.301137 0.109080 
0.065689 0.030824 0.017190 0.005991 -0.000032 0.000440 0.004927 0.011432 0.018565 0.023917 0.025126 0.022868 0.020142 0.015513 0.003389 -0.001685 0.063882 0.290063 0.708970 1.235938 1.715408 2.018289 2.080016 1.881360 1.457651 0.930655 0.470199 0.185517 
