0.020626 0.010273 0.004100 0.003559 0.009814 0.027521 0.068071 0.148815 0.285532 0.416576 1.203243 1.967308 2.022102 2.014899 1.886484 1.744095 0.961737 0.213436 0.145519 0.067557 0.028036 0.013111 0.013155 0.021440 0.031920 0.038963 0.038928 0.031713 
0.026366 0.015143 0.006574 0.003053 0.005546 0.016524 0.043856 0.102433 0.214030 0.310432 0.770346 1.631018 2.042909 2.029951 1.959141 1.856161 1.390786 0.542934 0.137581 0.104763 0.043856 0.018100 0.011682 0.016645 0.026757 0.036098 0.039837 0.036012 
0.031651 0.020687 0.010377 0.004122 0.003393 0.009483 0.027215 0.067878 0.155867 0.240461 0.492622 1.203683 1.891565 2.066599 2.000172 1.932311 1.670028 0.963108 0.289318 0.099644 0.073868 0.027573 0.012972 0.013131 0.021427 0.031826 0.038790 0.038761 
0.035889 0.026369 0.015238 0.006650 0.002986 0.005284 0.016188 0.043156 0.109127 0.187904 0.327388 0.820920 1.581126 2.026227 2.048566 1.978483 1.841111 1.342287 0.593885 0.153980 0.077795 0.050022 0.017369 0.011620 0.016639 0.026710 0.035960 0.039655 
0.038598 0.031590 0.020745 0.010477 0.004138 0.003224 0.009194 0.026230 0.072903 0.143921 0.231723 0.535359 1.204050 1.849793 2.069595 2.023507 1.936593 1.629888 0.964404 0.331919 0.090129 0.061188 0.032319 0.012140 0.013141 0.021410 0.031733 0.038621 
0.039478 0.035770 0.026371 0.015330 0.006723 0.002912 0.005088 0.015168 0.046193 0.105841 0.173283 0.347235 0.848323 1.554977 2.002934 2.065721 1.996338 1.819401 1.317507 0.621681 0.173303 0.062351 0.046206 0.020363 0.010862 0.016693 0.026658 0.035824 
0.038456 0.038440 0.031529 0.020801 0.010574 0.004143 0.003131 0.008325 0.027583 0.073741 0.132418 0.233157 0.564485 1.204970 1.819197 2.066661 2.046012 1.934902 1.600885 0.966249 0.360937 0.090812 0.048959 0.032869 0.013633 0.012561 0.021467 0.031635 
0.035682 0.039306 0.035654 0.026372 0.015419 0.006783 0.002911 0.004461 0.015393 0.048198 0.099669 0.165747 0.365087 0.867047 1.536648 1.982609 2.078747 2.010042 1.800614 1.300523 0.640811 0.190658 0.054009 0.039500 0.022312 0.011338 0.016311 0.026682 
0.031603 0.038285 0.038287 0.031470 0.020855 0.010658 0.004210 0.002761 0.007974 0.029262 0.071854 0.123466 0.238174 0.586675 1.205347 1.795470 2.062845 2.063493 1.932290 1.578711 0.967546 0.383043 0.095106 0.039288 0.030685 0.015440 0.012491 0.021245 
0.026554 0.035591 0.039129 0.035542 0.026374 0.015496 0.006888 0.002757 0.003946 0.016282 0.048663 0.093153 0.162264 0.380927 0.880910 1.522364 1.965999 2.088080 2.020031 1.785498 1.287561 0.655093 0.206032 0.049738 0.032451 0.022709 0.012465 0.016036 
0.020953 0.031509 0.038149 0.038130 0.031413 0.020900 0.010770 0.004210 0.002322 0.008165 0.030463 0.068612 0.116823 0.244666 0.604494 1.205159 1.776643 2.059020 2.076344 1.929632 1.561401 0.968272 0.400801 0.100899 0.031935 0.027140 0.016755 0.012953 
0.016056 0.026316 0.035490 0.038974 0.035427 0.026370 0.015588 0.006975 0.002491 0.003732 0.017294 0.047918 0.087111 0.161268 0.395029 0.891598 1.510794 1.952466 2.094500 2.027085 1.773417 1.277289 0.666210 0.219694 0.047973 0.025876 0.021886 0.013705 
0.013728 0.020759 0.031326 0.038027 0.037985 0.031351 0.020951 0.010888 0.004117 0.001984 0.008677 0.031004 0.064794 0.112030 0.251748 0.619224 1.204627 1.761453 2.055301 2.085524 1.927046 1.547691 0.968649 0.415492 0.107307 0.026442 0.023011 0.017399 
0.014773 0.016354 0.026064 0.035340 0.038839 0.035315 0.026365 0.015693 0.007007 0.002209 0.003801 0.018147 0.046342 0.081791 0.161874 0.407630 0.900091 1.501262 1.941290 2.098683 2.031883 1.763654 1.269033 0.675142 0.231881 0.047827 0.020023 0.020220 
0.017410 0.014616 0.020728 0.031090 0.037890 0.037855 0.031287 0.021013 0.010983 0.003965 0.001809 0.009312 0.030926 0.060824 0.108688 0.258978 0.631647 1.203953 1.749012 2.051663 2.091884 1.924508 1.536697 0.968877 0.427897 0.113888 0.022409 0.018724 
0.018012 0.015549 0.016850 0.025866 0.035140 0.038708 0.035211 0.026366 0.015794 0.006982 0.001980 0.004074 0.018719 0.044234 0.077231 0.163533 0.418937 0.907026 1.493336 1.931890 2.101150 2.034948 1.755630 1.262360 0.682524 0.242799 0.048754 0.014932 
0.014512 0.016892 0.015482 0.020859 0.030843 0.037722 0.037735 0.031231 0.021078 0.011040 0.003799 0.001799 0.009933 0.030329 0.056933 0.106482 0.266123 0.642300 1.203277 1.738678 2.048067 2.096085 1.921981 1.527778 0.969096 0.438549 0.120407 0.019522 
0.010563 0.015477 0.015999 0.017459 0.025757 0.034906 0.038565 0.035118 0.026375 0.015877 0.006917 0.001838 0.004466 0.018977 0.041809 0.073393 0.165888 0.429128 0.912837 1.486702 1.923834 2.102295 2.036672 1.748915 1.256958 0.688789 0.252624 0.050394 
0.017532 0.010498 0.015954 0.016243 0.021127 0.030622 0.037523 0.037617 0.031188 0.021140 0.011058 0.003653 0.001928 0.010459 0.029326 0.053247 0.105162 0.273057 0.651568 1.202680 1.729981 2.044487 2.098622 1.919439 1.520462 0.969386 0.447835 0.126738 
0.052506 0.006848 0.012768 0.016134 0.018110 0.025748 0.034660 0.038403 0.035036 0.026392 0.015934 0.006834 0.001795 0.004906 0.018930 0.039221 0.070206 0.168697 0.438362 0.917825 1.481119 1.916807 2.102410 2.037350 1.743194 1.252585 0.694237 0.261515 
0.132819 0.016244 0.006744 0.014698 0.016855 0.021496 0.030447 0.037299 0.037494 0.031157 0.021191 0.011045 0.003551 0.002159 0.010845 0.028016 0.049826 0.104534 0.279719 0.659742 1.202208 1.722568 2.040905 2.099865 1.916869 1.514402 0.969793 0.456043 
0.269607 0.054924 0.003711 0.009992 0.015983 0.018751 0.025833 0.034420 0.038220 0.034961 0.026412 0.015964 0.006751 0.001844 0.005342 0.018610 0.036575 0.067594 0.171794 0.446775 0.922204 1.476396 1.910574 2.101718 2.037206 1.738236 1.249053 0.699081 
0.463389 0.138624 0.015507 0.003277 0.013207 0.017299 0.021928 0.030332 0.037061 0.037362 0.031136 0.021230 0.011011 0.003503 0.002457 0.011072 0.026483 0.046695 0.104447 0.286083 0.667039 1.201878 1.716176 2.037314 2.100094 1.914263 1.509332 0.970335 
0.703473 0.277017 0.057533 0.001076 0.007222 0.015585 0.019344 0.025999 0.034203 0.038021 0.034887 0.026432 0.015970 0.006684 0.001972 0.005735 0.018052 0.033943 0.065482 0.175065 0.454486 0.926124 1.472383 1.904965 2.100390 2.036411 1.733871 1.246210 
0.971016 0.470042 0.144150 0.015203 0.000098 0.011552 0.017571 0.022394 0.030278 0.036821 0.037221 0.031118 0.021253 0.010968 0.003512 0.002789 0.011136 0.024796 0.043856 0.104781 0.292147 0.673628 1.201695 1.710601 2.033712 2.099523 1.911621 1.505052 
1.243934 0.707520 0.283844 0.060252 -0.001125 0.004505 0.014976 0.019866 0.026229 0.034017 0.037811 0.034811 0.026447 0.015960 0.006642 0.002163 0.006064 0.017296 0.031372 0.063799 0.178429 0.461593 0.929697 1.468958 1.899850 2.098556 2.035096 1.729970 
1.501408 0.971829 0.476130 0.149405 0.015237 -0.002800 0.009787 0.017678 0.022866 0.030283 0.036589 0.037071 0.031097 0.021263 0.010926 0.003577 0.003132 0.011044 0.023010 0.041301 0.105443 0.297919 0.679639 1.201653 1.705689 2.030100 2.098315 1.908944 
1.726439 1.242129 0.711302 0.290172 0.063028 -0.002954 0.001873 0.014195 0.020301 0.026505 0.033869 0.037597 0.034729 0.026453 0.015939 0.006633 0.002400 0.006312 0.016378 0.028894 0.062486 0.181832 0.468183 0.933002 1.466021 1.895133 2.096319 2.033364 
