0.020626 0.010273 0.004100 0.003559 0.009814 0.027521 0.005571 0.648815 1.348032 1.479076 1.703243 1.904808 2.084602 1.514899 0.823984 0.681595 0.461737 0.275936 0.145519 0.067557 0.028036 0.013111 0.013155 0.021440 0.031920 0.038963 0.038928 0.031713 
0.026366 0.015143 0.006574 0.003053 0.005546 0.020431 -0.022550 0.282120 1.030436 1.443245 1.586752 1.806799 2.042909 1.854170 1.142734 0.723349 0.574379 0.363246 0.203987 0.100857 0.043856 0.018100 0.011682 0.016645 0.026757 0.036098 0.039837 0.036012 
0.031651 0.020687 0.010377 0.004122 0.003149 0.015830 -0.019171 0.080329 0.649520 1.274641 1.527046 1.690988 1.950403 2.007761 1.512867 0.897887 0.635848 0.469456 0.276867 0.146031 0.067521 0.027817 0.012972 0.013131 0.021427 0.031826 0.038790 0.038761 
0.035889 0.026369 0.015238 0.006666 0.002452 0.011616 -0.007097 -0.007183 0.332073 0.981880 1.429667 1.608579 1.827357 2.026227 1.802335 1.190824 0.738831 0.548311 0.370939 0.204319 0.101080 0.043690 0.017903 0.011605 0.016639 0.026710 0.035960 0.039655 
0.038598 0.031590 0.020744 0.010519 0.003450 0.007940 0.002838 -0.029513 0.121827 0.650193 1.235204 1.533436 1.716721 1.954459 1.964930 1.510836 0.938516 0.626407 0.458132 0.282996 0.145872 0.067544 0.027603 0.012827 0.013099 0.021411 0.031733 0.038621 
0.039478 0.035770 0.026368 0.015396 0.006065 0.005572 0.007692 -0.023115 0.011112 0.358905 0.957082 1.409428 1.628859 1.846390 2.002934 1.774307 1.215802 0.757209 0.533709 0.368617 0.208384 0.100634 0.043602 0.017702 0.011520 0.016627 0.026661 0.035824 
0.038455 0.038440 0.031523 0.020877 0.010075 0.005103 0.008527 -0.009718 -0.029664 0.149762 0.651459 1.206927 1.533820 1.741555 1.952547 1.933311 1.509427 0.965567 0.627115 0.447208 0.284916 0.148059 0.067002 0.027474 0.012673 0.013060 0.021391 0.031641 
0.035690 0.039306 0.035646 0.026443 0.015122 0.006700 0.007644 0.000865 -0.032046 0.027446 0.377108 0.940118 1.392106 1.644931 1.861237 1.982609 1.754158 1.232158 0.773594 0.526152 0.363372 0.211410 0.101448 0.043097 0.017579 0.011421 0.016609 0.026611 
0.031549 0.038294 0.038277 0.031524 0.020734 0.010144 0.007070 0.006371 -0.019732 -0.026210 0.170807 0.652218 1.185499 1.533249 1.761300 1.949720 1.908594 1.507540 0.985716 0.631386 0.438794 0.284090 0.150578 0.066995 0.027076 0.012581 0.013005 0.021367 
0.026559 0.035559 0.039129 0.035574 0.026368 0.014957 0.007989 0.008159 -0.006320 -0.036916 0.041805 0.390496 0.927212 1.378451 1.657233 1.872333 1.965999 1.738111 1.243708 0.787974 0.522614 0.357749 0.212889 0.102937 0.042717 0.017307 0.011364 0.016576 
0.021331 0.031460 0.038129 0.038150 0.031462 0.020523 0.010749 0.008544 0.002843 -0.027443 -0.021261 0.187526 0.652445 1.168952 1.532600 1.776353 1.946853 1.888809 1.505150 1.001526 0.637115 0.432650 0.281887 0.152623 0.067543 0.026620 0.012422 0.012975 
0.016554 0.026501 0.035426 0.038974 0.035491 0.026185 0.015090 0.009392 0.007448 -0.013043 -0.039294 0.054461 0.400753 0.917028 1.367824 1.666548 1.880465 1.952466 1.724828 1.252135 0.800623 0.521529 0.352569 0.213150 0.104562 0.042651 0.016928 0.011288 
0.012947 0.021299 0.031363 0.037976 0.038036 0.031314 0.020412 0.011669 0.009345 -0.001278 -0.033309 -0.015700 0.201200 0.652359 1.156023 1.531991 1.787677 1.944063 1.872691 1.502474 1.014279 0.643417 0.428319 0.279086 0.154012 0.068427 0.026273 0.012172 
0.011156 0.016542 0.026440 0.035295 0.038839 0.035360 0.025989 0.015504 0.010624 0.005890 -0.019058 -0.040063 0.065653 0.408857 0.908890 1.359505 1.673558 1.886311 1.941290 1.713634 1.258417 0.811779 0.522016 0.348076 0.212571 0.106037 0.042882 0.016539 
0.011865 0.012894 0.021274 0.031264 0.037838 0.037907 0.031113 0.020466 0.012705 0.009511 -0.005567 -0.037727 -0.009968 0.212610 0.652160 1.145822 1.531398 1.796127 1.941326 1.859349 1.499711 1.024757 0.649854 0.425405 0.276111 0.154782 0.069448 0.026100 
0.016209 0.010966 0.016524 0.026382 0.035171 0.038708 0.035179 0.025850 0.016120 0.011565 0.003782 -0.024324 -0.039769 0.075584 0.415442 0.902364 1.352918 1.678786 1.890395 1.931890 1.704091 1.263188 0.821649 0.523529 0.344313 0.211449 0.107241 0.043330 
0.026103 0.011545 0.012801 0.021251 0.031172 0.037710 0.037748 0.030902 0.020686 0.013721 0.009146 -0.009792 -0.041013 -0.004299 0.222290 0.651985 1.137707 1.530786 1.802364 1.938605 1.848140 1.496999 1.033495 0.656194 0.423593 0.273193 0.155035 0.070468 
0.043910 0.015972 0.010735 0.016485 0.026331 0.035058 0.038565 0.034966 0.025802 0.016851 0.012182 0.001342 -0.028881 -0.038769 0.084434 0.420942 0.897134 1.347631 1.682627 1.893112 1.923834 1.695884 1.266882 0.830413 0.525712 0.341240 0.210000 0.108139 
0.071404 0.026254 0.011248 0.012667 0.021222 0.031091 0.037582 0.037557 0.030718 0.021045 0.014634 0.008359 -0.013829 -0.043414 0.001183 0.230626 0.651914 1.131207 1.530130 1.806887 1.935876 1.838592 1.494415 1.040878 0.662313 0.422635 0.270456 0.154881 
0.108741 0.044550 0.015841 0.010485 0.016416 0.026285 0.034955 0.038403 0.034741 0.025855 0.017628 0.012483 -0.001278 -0.032795 -0.037305 0.092361 0.425654 0.892958 1.343327 1.685379 1.894759 1.916807 1.688770 1.269796 0.838229 0.528324 0.338789 0.208375 
0.154419 0.072213 0.026518 0.010998 0.012499 0.021180 0.031021 0.037450 0.037343 0.030583 0.021508 0.015401 0.007251 -0.017615 -0.045124 0.006416 0.237905 0.651989 1.125971 1.529415 1.810069 1.933121 1.830352 1.492003 1.047196 0.668150 0.422339 0.267963 
0.206681 0.109075 0.045197 0.015808 0.010236 0.016318 0.026241 0.034857 0.038220 0.034524 0.026005 0.018396 0.012498 -0.003972 -0.036145 -0.035541 0.099502 0.429791 0.889645 1.339776 1.687267 1.895559 1.910574 1.682555 1.272143 0.845236 0.531202 0.336884 
0.265738 0.153733 0.072873 0.026859 0.010805 0.012309 0.021121 0.030959 0.037308 0.037115 0.030509 0.022037 0.016001 0.005905 -0.021125 -0.046294 0.011375 0.244346 0.652228 1.121733 1.528636 1.812193 1.930336 1.823154 1.489780 1.052666 0.673682 0.422554 
0.335451 0.204988 0.109178 0.045815 0.015862 0.010003 0.016194 0.026194 0.034761 0.038021 0.034329 0.026237 0.019120 0.012265 -0.006668 -0.039003 -0.033593 0.105972 0.433504 0.887042 1.336806 1.688462 1.895686 1.904965 1.677087 1.274073 0.851550 0.534233 
0.423163 0.263784 0.152890 0.073381 0.027245 0.010673 0.012107 0.021046 0.030899 0.037157 0.036885 0.030497 0.022601 0.016432 0.004391 -0.024357 -0.047042 0.016057 0.250115 0.652633 1.118292 1.527793 1.813472 1.927519 1.816794 1.487746 1.057456 0.678907 
0.537337 0.334420 0.203345 0.109088 0.046379 0.015986 0.009796 0.016050 0.026140 0.034661 0.037811 0.034167 0.026536 0.019776 0.011823 -0.009318 -0.041440 -0.031539 0.111872 0.436899 0.885026 1.334291 1.689098 1.895271 1.899850 1.672243 1.275694 0.857272 
0.683836 0.424075 0.262091 0.151943 0.073742 0.027650 0.010600 0.011906 0.020953 0.030834 0.036996 0.036663 0.030546 0.023176 0.016698 0.002763 -0.027319 -0.047461 0.020471 0.255341 0.653198 1.115491 1.526888 1.814074 1.924672 1.811117 1.485895 1.061695 
0.862488 0.540463 0.333732 0.201781 0.108839 0.046874 0.016163 0.009622 0.015894 0.026074 0.034554 0.037597 0.034045 0.026883 0.020347 0.011206 -0.011890 -0.043516 -0.029433 0.117285 0.440055 0.883498 1.332134 1.689281 1.894419 1.895133 1.667921 1.277085 
