0.020596 0.010071 0.003257 0.000475 -0.000040 -0.000040 -0.062025 0.503257 1.072571 1.020596 1.031719 1.038921 1.101421 0.531719 -0.041904 0.010071 0.003257 0.000475 -0.000040 -0.000040 0.000475 0.003257 0.010071 0.020596 0.031719 0.038921 0.038921 0.031719 
0.026365 0.015065 0.006180 0.001472 0.000044 0.003802 -0.066363 0.181160 0.826493 1.081471 1.022459 1.032109 1.106228 0.856328 0.206053 -0.051342 0.010087 0.001472 0.000044 -0.000104 0.000044 0.001472 0.006180 0.015065 0.026365 0.036015 0.039821 0.036015 
0.031659 0.020667 0.010210 0.003360 0.000229 0.006219 -0.046515 0.012680 0.503360 0.998003 1.067298 1.018963 1.085390 1.026552 0.531659 0.032874 -0.036176 0.009708 0.000229 -0.000129 -0.000129 0.000473 0.003360 0.010210 0.020667 0.031659 0.038759 0.038759 
0.035896 0.026373 0.015180 0.006328 0.000992 0.006324 -0.023473 -0.050881 0.230805 0.777018 1.066587 1.043310 1.052833 1.091054 0.806602 0.255651 -0.035693 -0.016957 0.007859 -0.000542 -0.000189 -0.000008 0.001526 0.006312 0.015180 0.026373 0.035896 0.039647 
0.038601 0.031599 0.020734 0.010388 0.002773 0.005187 -0.006528 -0.056645 0.054110 0.503419 0.957396 1.072451 1.044228 1.090317 0.985651 0.531557 0.074374 -0.046085 -0.002853 0.005187 -0.000902 -0.000172 0.000471 0.003461 0.010346 0.020735 0.031599 0.038601 
0.039476 0.035779 0.026376 0.015358 0.005783 0.004236 0.002612 -0.039241 -0.032481 0.257313 0.751298 1.045061 1.062650 1.072050 1.069245 0.780637 0.282113 -0.017132 -0.032500 0.004249 0.002600 -0.000958 0.000008 0.001576 0.006441 0.015292 0.026379 0.035779 
0.038446 0.038446 0.031535 0.020878 0.009978 0.004513 0.005944 -0.018838 -0.056589 0.081964 0.504058 0.927954 1.071628 1.068625 1.089273 0.955923 0.532040 0.102294 -0.045816 -0.014983 0.005944 0.000657 -0.000795 0.000548 0.003553 0.010477 0.020801 0.031541 
0.035665 0.039310 0.035657 0.026456 0.015103 0.006475 0.006435 -0.003998 -0.047922 -0.016053 0.275177 0.733407 1.026472 1.077815 1.087096 1.050382 0.762506 0.299931 -0.000547 -0.040964 -0.002262 0.004699 -0.000483 -0.000402 0.001702 0.006558 0.015401 0.026385 
0.031483 0.038296 0.038286 0.031537 0.020744 0.010082 0.006568 0.003961 -0.028604 -0.052935 0.102915 0.504177 0.905370 1.069880 1.087959 1.087311 0.933060 0.532006 0.123307 -0.041954 -0.024574 0.003961 0.002538 -0.000898 0.000352 0.003709 0.010596 0.020865 
0.026390 0.035554 0.039139 0.035586 0.026385 0.014958 0.007822 0.007080 -0.010964 -0.052545 -0.001609 0.288212 0.719571 1.011570 1.089242 1.098405 1.035211 0.748436 0.312920 0.014046 -0.045377 -0.009131 0.005248 0.000653 -0.000698 0.001678 0.006720 0.015498 
0.020920 0.031429 0.038141 0.038161 0.031478 0.020543 0.010722 0.008133 0.000611 -0.036066 -0.047790 0.119525 0.503755 0.887676 1.068083 1.102628 1.085304 0.915094 0.531434 0.139977 -0.036610 -0.031867 0.000611 0.003934 -0.000458 0.000090 0.003799 0.010743 
0.015609 0.026391 0.035440 0.038988 0.035504 0.026206 0.015111 0.009284 0.006502 -0.017465 -0.054677 0.011120 0.298102 0.708455 0.999716 1.097714 1.106763 1.023095 0.737092 0.322764 0.026921 -0.047305 -0.015539 0.004576 0.001911 -0.000690 0.001545 0.006867 
0.010897 0.020981 0.031368 0.037998 0.038049 0.031331 0.020441 0.011678 0.009027 -0.003329 -0.041681 -0.042041 0.133077 0.503011 0.873607 1.066353 1.113593 1.083370 0.900760 0.530543 0.153586 -0.030668 -0.037318 -0.003329 0.004664 0.000304 -0.000068 0.003799 
0.006959 0.015733 0.026390 0.035329 0.038858 0.035374 0.026014 0.015545 0.010577 0.005080 -0.023255 -0.055203 0.022375 0.305826 0.699383 0.990190 1.103908 1.112847 1.013314 0.727798 0.330442 0.038315 -0.047633 -0.021239 0.003064 0.003007 -0.000396 0.001399 
0.003743 0.011028 0.021051 0.031305 0.037870 0.037921 0.031131 0.020505 0.012750 0.009289 -0.007434 -0.045849 -0.036127 0.144352 0.502145 0.862277 1.064666 1.121706 1.081484 0.889170 0.529533 0.164915 -0.024567 -0.041327 -0.007434 0.004767 0.001190 -0.000059 
0.001309 0.006996 0.015854 0.026394 0.035225 0.038730 0.035193 0.025878 0.016180 0.011580 0.003112 -0.028294 -0.054668 0.032358 0.312020 0.691924 0.982414 1.108349 1.117180 1.005291 0.720120 0.336589 0.048433 -0.046908 -0.026191 0.001008 0.003819 0.000104 
0.000119 0.003674 0.011122 0.021126 0.031249 0.037751 0.037763 0.030921 0.020734 0.013803 0.009021 -0.011472 -0.048883 -0.030282 0.153884 0.501295 0.853042 1.062985 1.127628 1.079610 0.879683 0.528541 0.174499 -0.018542 -0.044208 -0.011472 0.004346 0.002062 
0.000726 0.001310 0.006995 0.015957 0.026406 0.035132 0.038591 0.034979 0.025833 0.016931 0.012260 0.000814 -0.032621 -0.053432 0.041250 0.317116 0.685760 0.975958 1.111430 1.120155 0.998592 0.713745 0.341639 0.057455 -0.045486 -0.030433 -0.001375 0.004314 
0.002839 0.000438 0.003629 0.011178 0.021196 0.031206 0.037632 0.037573 0.030737 0.021102 0.014754 0.008334 -0.015318 -0.051034 -0.024633 0.162061 0.500542 0.845432 1.061286 1.131857 1.077722 0.871827 0.527650 0.182724 -0.012718 -0.046209 -0.015318 0.003510 
0.004501 0.001397 0.001412 0.006977 0.016033 0.026426 0.035049 0.038432 0.034753 0.025889 0.017727 0.012626 -0.001661 -0.036304 -0.051734 0.049209 0.321414 0.680652 0.970504 1.113446 1.122068 0.992902 0.708428 0.345892 0.065539 -0.043609 -0.034034 -0.003932 
0.002360 0.003475 0.000862 0.003629 0.011203 0.021257 0.031175 0.037509 0.037358 0.030601 0.021573 0.015559 0.007329 -0.018911 -0.052493 -0.019240 0.169168 0.499930 0.839096 1.059552 1.134764 1.075804 0.865251 0.526902 0.189878 -0.007156 -0.047525 -0.018911 
-0.006557 0.004411 0.002066 0.001609 0.006961 0.016084 0.026448 0.034971 0.038251 0.034534 0.026041 0.018516 0.012708 -0.004207 -0.039421 -0.049741 0.056370 0.325127 0.676407 0.965821 1.114621 1.123144 0.987989 0.703981 0.349558 0.072820 -0.041443 -0.037071 
-0.022226 0.000980 0.003952 0.001356 0.003686 0.011209 0.021303 0.031153 0.037376 0.037129 0.030525 0.022111 0.016199 0.006089 -0.022226 -0.053414 -0.014128 0.175425 0.499476 0.833769 1.057777 1.136630 1.073850 0.859689 0.526315 0.196179 -0.001881 -0.048305 
-0.039618 -0.009178 0.004079 0.002694 0.001889 0.006962 0.016111 0.026470 0.034896 0.038054 0.034338 0.026275 0.019261 0.012544 -0.006751 -0.042045 -0.047567 0.062851 0.328404 0.672875 0.961738 1.115127 1.123553 0.983682 0.700251 0.352790 0.079417 -0.039102 
-0.048670 -0.025259 -0.000561 0.004266 0.001888 0.003803 0.011206 0.021336 0.031133 0.037234 0.036897 0.030512 0.022684 0.016670 0.004682 -0.025259 -0.053913 -0.009300 0.180999 0.499183 0.829249 1.055960 1.137669 1.071858 0.854940 0.525892 0.201795 0.003104 
-0.036664 -0.041744 -0.011748 0.003545 0.003259 0.002234 0.006991 0.016121 0.026486 0.034817 0.037846 0.034173 0.026575 0.019937 0.012172 -0.009247 -0.044245 -0.045291 0.068751 0.331356 0.669933 0.958127 1.115097 1.123428 0.979852 0.697115 0.355696 0.085429 
0.007808 -0.048709 -0.028019 -0.002209 0.004421 0.002431 0.003978 0.011206 0.021354 0.031110 0.037082 0.036674 0.030559 0.023266 0.016978 0.003165 -0.028019 -0.054083 -0.004748 0.186020 0.499045 0.825381 1.054104 1.138047 1.069832 0.850848 0.525626 0.206855 
0.090941 -0.034184 -0.043510 -0.014236 0.002844 0.003744 0.002629 0.007054 0.016122 0.026493 0.034731 0.037633 0.034047 0.026924 0.020530 0.011627 -0.011662 -0.046084 -0.042968 0.074155 0.334060 0.667482 0.954892 1.114634 1.122872 0.976403 0.694474 0.358354 
