0.812151 0.917058 1.542291 2.024849 1.777375 1.708207 1.739915 1.964086 1.483986 0.898049 0.889867 0.751634 0.708207 0.789093 0.938911 1.042358 1.002458 0.803617 0.517337 0.251169 0.080526 0.011900 -0.000068 -0.000076 0.011852 0.080306 0.250479 0.513039 
0.681476 0.839157 1.190815 1.856528 1.941570 1.715771 1.696126 1.889928 1.793187 1.146215 0.860601 0.831594 0.712941 0.734875 0.862105 1.003660 1.043275 0.919879 0.664731 0.375841 0.152085 0.035696 0.002159 -0.000519 0.002139 0.035557 0.152077 0.371106 
0.534319 0.762003 0.968686 1.542090 1.971312 1.832137 1.667759 1.794717 1.910695 1.483322 0.950045 0.839588 0.772728 0.704777 0.790065 0.938709 1.041756 1.001864 0.803441 0.517670 0.251736 0.080898 0.011809 -0.000535 -0.000533 0.011661 0.081472 0.246389 
0.386563 0.659930 0.837290 1.231965 1.813590 1.947505 1.723406 1.703768 1.896021 1.750021 1.187306 0.858946 0.809754 0.728713 0.730798 0.863190 1.003110 1.042627 0.919459 0.664823 0.376342 0.152605 0.035849 0.001844 -0.001015 0.001642 0.036816 0.147711 
0.254841 0.531857 0.742202 0.998252 1.540482 1.944934 1.844089 1.674526 1.806785 1.884284 1.481506 0.979756 0.819714 0.770227 0.713630 0.786561 0.939663 1.040942 1.001301 0.803262 0.518002 0.252301 0.081269 0.011712 -0.000956 -0.001257 0.012760 0.077932 
0.150482 0.392712 0.643112 0.843199 1.252966 1.792985 1.939037 1.735444 1.715886 1.887621 1.729248 1.208283 0.864926 0.792815 0.735078 0.733842 0.860875 1.003691 1.041707 0.919089 0.664907 0.376841 0.153123 0.035991 0.001595 -0.001821 0.002346 0.034597 
0.077380 0.262004 0.524978 0.732950 1.017647 1.540908 1.924884 1.847156 1.689842 1.809964 1.864169 1.481805 0.999210 0.810416 0.763368 0.721100 0.786101 0.938511 1.041043 1.000460 0.803149 0.518320 0.252868 0.081623 0.011691 -0.001676 -0.001041 0.011750 
0.032872 0.155020 0.394052 0.631065 0.849621 1.267398 1.779363 1.927813 1.747632 1.728156 1.876437 1.715498 1.222686 0.871368 0.780717 0.736603 0.738623 0.859100 1.003288 1.041395 0.918482 0.665059 0.377326 0.153624 0.036208 0.001100 -0.002018 0.002089 
0.010174 0.078779 0.266865 0.517783 0.728007 1.032257 1.541853 1.907945 1.847892 1.706041 1.810789 1.847173 1.482653 1.013836 0.805441 0.756225 0.726221 0.787608 0.936809 1.040914 0.999930 0.802867 0.518703 0.253397 0.082044 0.011501 -0.002093 -0.001035 
0.001128 0.032204 0.159487 0.393183 0.622080 0.855755 1.278573 1.768626 1.916826 1.758940 1.739530 1.865477 1.704659 1.233824 0.877499 0.771716 0.735908 0.743310 0.858408 1.002177 1.041225 0.917968 0.665122 0.377838 0.154154 0.036336 0.000690 -0.002065 
-0.001466 0.008773 0.081078 0.269977 0.511096 0.725256 1.044186 1.542611 1.893226 1.848020 1.721222 1.810989 1.832406 1.483327 1.025755 0.802667 0.749610 0.729565 0.790018 0.935297 1.040337 0.999630 0.802562 0.519037 0.253978 0.082420 0.011284 -0.002280 
-0.002238 -0.000118 0.032388 0.163409 0.391256 0.615117 0.861575 1.287636 1.759413 1.906861 1.769164 1.749807 1.855534 1.695363 1.242841 0.883304 0.764760 0.734150 0.747437 0.858583 1.000782 1.040921 0.917626 0.665109 0.378361 0.154697 0.036390 0.000449 
-0.002398 -0.002246 0.007759 0.083710 0.271861 0.505044 0.723828 1.054347 1.542966 1.880294 1.848058 1.734961 1.811083 1.819437 1.483607 1.035889 0.801224 0.743641 0.731666 0.792761 0.934184 1.039405 0.999397 0.802323 0.519314 0.254592 0.082740 0.011129 
0.000330 -0.002615 -0.001394 0.033156 0.166720 0.388803 0.609592 0.867119 1.295129 1.751193 1.898050 1.778342 1.759027 1.846740 1.687074 1.250282 0.888824 0.759258 0.731863 0.750939 0.859352 0.999361 1.040406 0.917407 0.665087 0.378871 0.155228 0.036433 
0.011060 -0.002553 -0.003238 0.007145 0.086395 0.272879 0.499603 0.723289 1.063196 1.542902 1.868860 1.848160 1.747267 1.811229 1.807972 1.483473 1.044701 0.800675 0.738292 0.732889 0.795555 0.933481 1.038258 0.999123 0.802172 0.519564 0.255195 0.083033 
0.036512 0.000266 -0.003186 -0.002571 0.034301 0.169463 0.386098 0.605155 0.872404 1.301384 1.743719 1.890321 1.786580 1.767298 1.839025 1.679540 1.256478 0.894081 0.754853 0.729320 0.753863 0.860504 0.998044 1.039692 0.917245 0.665103 0.379353 0.155733 
0.083328 0.011068 -0.002798 -0.004335 0.006882 0.088994 0.273271 0.494720 0.723384 1.070998 1.542471 1.858695 1.848363 1.758273 1.811468 1.797783 1.482975 1.052458 0.800763 0.733509 0.733476 0.798260 0.933136 1.037006 0.998756 0.802099 0.519814 0.255762 
0.156208 0.036647 0.000209 -0.003913 -0.003593 0.035679 0.171706 0.383292 0.601576 0.877436 1.306631 1.736858 1.883545 1.793992 1.774736 1.832261 1.672627 1.261665 0.899081 0.751313 0.726676 0.756280 0.861891 0.996886 1.038819 0.917087 0.665176 0.379805 
0.256283 0.083640 0.011132 -0.003149 -0.005461 0.006908 0.091438 0.273203 0.490346 0.723943 1.077928 1.541741 1.849615 1.848662 1.768135 1.811796 1.788681 1.482181 1.059337 0.801318 0.729238 0.733598 0.800809 0.933087 1.035725 0.998279 0.802083 0.520083 
0.380234 0.156659 0.036841 0.000127 -0.004755 -0.004442 0.037188 0.173517 0.380478 0.598690 0.882215 1.311049 1.730527 1.877593 1.800686 1.781451 1.826319 1.666248 1.266019 0.903826 0.748473 0.724022 0.758258 0.863414 0.995905 1.037828 0.916903 0.665308 
0.520376 0.256763 0.083975 0.011230 -0.003604 -0.006568 0.007166 0.093698 0.272795 0.486432 0.724842 1.084114 1.540778 1.841467 1.849041 1.777004 1.812199 1.780515 1.481157 1.065468 0.802216 0.725431 0.733375 0.803170 0.933275 1.034464 0.997697 0.802101 
0.665490 0.380648 0.157094 0.037083 0.000002 -0.005675 -0.005119 0.038759 0.174956 0.377713 0.596374 0.886742 1.314776 1.724662 1.872346 1.806754 1.787537 1.821081 1.660339 1.269681 0.908319 0.746207 0.721416 0.759860 0.865001 0.995100 1.036759 0.916675 
0.802133 0.520695 0.257215 0.084335 0.011343 -0.004150 -0.007625 0.007606 0.095760 0.272136 0.482934 0.725993 1.089656 1.539640 1.834124 1.849483 1.785011 1.812662 1.773155 1.479958 1.070952 0.803368 0.722043 0.732896 0.805332 0.933648 1.033254 0.997021 
0.916394 0.665708 0.381054 0.157521 0.037361 -0.000173 -0.006640 -0.005635 0.040346 0.176078 0.375033 0.594533 0.891022 1.317925 1.719216 1.867702 1.812277 1.793075 1.816444 1.654850 1.272764 0.912563 0.744419 0.718895 0.761140 0.866603 0.994459 1.035643 
0.996267 0.802163 0.521037 0.257650 0.084717 0.011454 -0.004771 -0.008614 0.008184 0.097626 0.271293 0.479813 0.727325 1.094635 1.538373 1.827480 1.849971 1.792271 1.813168 1.766495 1.478631 1.075872 0.804702 0.719034 0.732230 0.807296 0.934163 1.032113 
1.034508 0.916060 0.665947 0.381461 0.157949 0.037660 -0.000401 -0.007624 -0.006006 0.041913 0.176930 0.372463 0.593088 0.895061 1.320587 1.714147 1.863574 1.817323 1.798135 1.812322 1.649741 1.275360 0.916565 0.743030 0.716483 0.762146 0.868188 0.993967 
1.031052 0.995454 0.802178 0.521397 0.258079 0.085116 0.011551 -0.005451 -0.009526 0.008865 0.099302 0.270317 0.477033 0.728787 1.099119 1.537013 1.821445 1.850493 1.798879 1.813706 1.760444 1.477213 1.080297 0.806168 0.716367 0.731428 0.809068 0.934783 
0.993606 1.033372 0.915672 0.666197 0.381875 0.158382 0.037969 -0.000679 -0.008608 -0.006249 0.043438 0.177552 0.370016 0.591976 0.898867 1.322839 1.709420 1.859890 1.821951 1.802774 1.808643 1.644975 1.277544 0.920335 0.741976 0.714193 0.762919 0.869731 
