0.120040 0.002255 0.557179 1.113967 0.998091 1.004481 0.998236 1.113575 0.568862 0.068244 0.314449 0.515056 0.759512 0.974609 1.092376 1.072248 0.923427 0.699137 0.466849 0.276238 0.145250 0.067536 0.028963 0.018886 0.030974 0.058017 0.088404 0.108361 
0.132185 0.020753 0.220251 0.894675 1.096752 0.986692 0.986971 1.096238 0.897110 0.251583 0.140333 0.423290 0.634534 0.875361 1.049099 1.100073 1.011280 0.816457 0.580308 0.364555 0.203312 0.100567 0.044114 0.020798 0.022548 0.043275 0.073815 0.098293 
0.128899 0.069854 0.054939 0.557257 1.060796 1.052441 0.963281 1.052466 1.060233 0.568830 0.120975 0.264484 0.535872 0.755452 0.975030 1.092042 1.071996 0.923407 0.699332 0.467073 0.276328 0.145189 0.067424 0.028901 0.018908 0.030997 0.058599 0.084217 
0.113335 0.110084 0.019531 0.262137 0.852042 1.102712 0.993669 0.993883 1.102040 0.854323 0.293429 0.139251 0.401462 0.649804 0.870640 1.049814 1.099645 1.011142 0.816559 0.580543 0.364725 0.203319 0.100466 0.044017 0.020790 0.022474 0.044276 0.069107 
0.092318 0.125845 0.050074 0.085333 0.556180 1.034603 1.064069 0.969270 1.063973 1.033869 0.567643 0.151418 0.244926 0.533095 0.763677 0.970975 1.092865 1.071533 0.923415 0.699522 0.467297 0.276419 0.145130 0.067310 0.028868 0.018714 0.032176 0.054707 
0.071521 0.118974 0.092887 0.025942 0.283906 0.831798 1.094189 1.005104 1.005253 1.093359 0.833924 0.315158 0.145804 0.384538 0.655669 0.873040 1.047130 1.100349 1.010731 0.816709 0.580769 0.364895 0.203329 0.100358 0.043970 0.020507 0.023528 0.041878 
0.053858 0.099037 0.118437 0.040869 0.105467 0.557212 1.014713 1.066794 0.983836 1.066579 1.013808 0.568565 0.171601 0.235943 0.525964 0.770520 0.969964 1.091581 1.071983 0.923141 0.699774 0.467508 0.276514 0.145060 0.067260 0.028555 0.019432 0.031246 
0.040019 0.075676 0.119778 0.080533 0.032814 0.299094 0.818579 1.082875 1.016701 1.016785 1.081888 0.820550 0.330307 0.152818 0.372455 0.656697 0.877179 1.044987 1.100070 1.010926 0.816618 0.581063 0.365053 0.203327 0.100321 0.043685 0.020829 0.023595 
0.029765 0.054976 0.103412 0.110749 0.035989 0.120767 0.558791 0.997938 1.067169 0.999301 1.066833 0.996863 0.570034 0.186951 0.231285 0.518550 0.775015 0.970921 1.089749 1.072203 0.923178 0.699855 0.467783 0.276576 0.145056 0.067043 0.028551 0.019918 
0.022952 0.039242 0.079739 0.118366 0.071279 0.039371 0.311013 0.808269 1.071783 1.027415 1.027435 1.070638 0.810085 0.342188 0.159517 0.363473 0.655507 0.881224 1.043927 1.099082 1.011262 0.816618 0.581264 0.365241 0.203357 0.100194 0.043491 0.021290 
0.019952 0.028472 0.056999 0.106014 0.103593 0.033309 0.133356 0.560193 0.983389 1.066922 1.013758 1.066466 0.982143 0.571327 0.199591 0.228828 0.511667 0.777736 0.972782 1.088107 1.071974 0.923441 0.699911 0.468011 0.276694 0.145008 0.066802 0.028775 
0.021614 0.022022 0.039331 0.083243 0.115894 0.064073 0.045599 0.320807 0.799498 1.061708 1.037041 1.036996 1.060405 0.801160 0.351945 0.165889 0.356537 0.653255 0.884710 1.043734 1.097811 1.011462 0.816787 0.581390 0.365443 0.203402 0.099995 0.043469 
0.029063 0.019630 0.027577 0.059356 0.107376 0.097087 0.031959 0.144158 0.561197 0.970635 1.066577 1.026777 1.066001 0.969219 0.572222 0.210444 0.227701 0.505433 0.779215 0.974976 1.086866 1.071391 0.923769 0.700030 0.468182 0.276848 0.144905 0.066627 
0.043568 0.021725 0.021064 0.040013 0.086125 0.112898 0.058321 0.051541 0.329021 0.791729 1.052785 1.045619 1.045509 1.051324 0.793236 0.360122 0.171976 0.351056 0.650478 0.887573 1.044136 1.096514 1.011450 0.817077 0.581505 0.365634 0.203438 0.099787 
0.066540 0.029309 0.019088 0.027089 0.061765 0.107863 0.091204 0.031503 0.153633 0.561782 0.959384 1.066292 1.038364 1.065595 0.957797 0.572699 0.219972 0.227469 0.499821 0.779817 0.977222 1.086034 1.070592 0.924054 0.700234 0.468327 0.276994 0.144779 
0.099619 0.043722 0.021635 0.020207 0.041077 0.088432 0.109651 0.053669 0.057217 0.335986 0.784712 1.044943 1.053253 1.053078 1.043324 0.786065 0.367051 0.177797 0.346674 0.647447 0.889858 1.044921 1.095321 1.011238 0.817419 0.581656 0.365799 0.203448 
0.144656 0.066532 0.029459 0.018439 0.026957 0.064085 0.107719 0.085891 0.031685 0.162050 0.561998 0.949407 1.066103 1.048653 1.065287 0.947650 0.572808 0.228442 0.227875 0.494776 0.779786 0.979381 1.085560 1.069687 0.924243 0.700515 0.468473 0.277104 
0.203433 0.099511 0.043881 0.021382 0.019506 0.042377 0.090234 0.106305 0.049885 0.062634 0.341937 0.778312 1.038056 1.060059 1.059820 1.036280 0.779512 0.372967 0.183360 0.343158 0.644316 0.891638 1.045943 1.094287 1.010864 0.817764 0.581865 0.365936 
0.277171 0.144554 0.066581 0.029497 0.017758 0.027120 0.066250 0.107112 0.081093 0.032334 0.169585 0.561914 0.940518 1.066010 1.057800 1.065073 0.938591 0.572616 0.236031 0.228747 0.490246 0.779291 0.981383 1.085383 1.068752 0.924321 0.700850 0.468638 
0.366051 0.203396 0.099464 0.044011 0.021008 0.018980 0.043811 0.091599 0.102954 0.046801 0.067795 0.347051 0.772443 1.031993 1.066146 1.065841 1.030060 0.773489 0.378045 0.188667 0.340343 0.641178 0.892980 1.047100 1.093430 1.010371 0.818080 0.582132 
0.468828 0.277201 0.144480 0.066665 0.029427 0.017094 0.027517 0.068229 0.106164 0.076762 0.033326 0.176370 0.561594 0.932564 1.065996 1.065955 1.064939 0.930467 0.572189 0.242870 0.229962 0.486181 0.778453 0.983199 1.085443 1.067836 0.924290 0.701218 
0.582448 0.366152 0.203347 0.099468 0.044096 0.020554 0.018628 0.045308 0.092591 0.099655 0.044294 0.072702 0.351467 0.767041 1.026638 1.071607 1.071238 1.024547 0.767934 0.382428 0.193720 0.338104 0.638090 0.893948 1.048323 1.092749 1.009798 0.818349 
0.701598 0.469044 0.277204 0.144434 0.066764 0.029262 0.016478 0.028098 0.070009 0.104964 0.072853 0.034571 0.182503 0.561095 0.925417 1.066046 1.073250 1.064868 0.923150 0.571584 0.249060 0.231431 0.482538 0.777361 0.984818 1.085689 1.066971 0.924163 
0.818564 0.582798 0.366247 0.203293 0.099510 0.044129 0.020050 0.018436 0.046822 0.093263 0.096445 0.042266 0.077358 0.355300 0.762057 1.021887 1.076523 1.076089 1.019637 0.762797 0.386228 0.198524 0.336344 0.635089 0.894595 1.049562 1.092232 1.009177 
0.923957 0.701974 0.469283 0.277193 0.144412 0.066861 0.029017 0.015928 0.028819 0.071592 0.103579 0.069326 0.036000 0.188069 0.560464 0.918970 1.066143 1.079798 1.064845 0.916533 0.570847 0.254681 0.233083 0.479275 0.776083 0.986238 1.086077 1.066173 
1.008534 0.818723 0.583170 0.366344 0.203243 0.099575 0.044106 0.019523 0.018391 0.048317 0.093664 0.093346 0.040640 0.081770 0.358641 0.757450 1.017653 1.080964 1.080465 1.015246 0.758037 0.389536 0.203084 0.334984 0.632199 0.894969 1.050783 1.091863 
1.065454 0.923688 0.702333 0.469540 0.277179 0.144412 0.066943 0.028710 0.015454 0.029644 0.072985 0.102063 0.066145 0.037559 0.193134 0.559738 0.913133 1.066275 1.085697 1.064856 0.910526 0.570016 0.259804 0.234866 0.476355 0.774671 0.987469 1.086571 
1.091624 1.007890 0.818826 0.583551 0.366450 0.203202 0.099652 0.044030 0.018993 0.018474 0.049769 0.093834 0.090374 0.039351 0.085948 0.361566 0.753184 1.013864 1.084987 1.084423 1.011300 0.753619 0.392429 0.207410 0.333960 0.629433 0.895113 1.051964 
