0.020567 0.010011 0.014931 -0.085463 0.499997 1.085934 0.988755 1.003212 0.998293 1.106504 0.531746 -0.046945 0.050711 0.031746 0.020567 0.010011 0.003212 0.000474 -0.000003 -0.000003 0.000474 0.003212 0.010011 0.020567 0.031746 0.038993 0.038993 0.031746 
0.026499 0.012814 0.027184 -0.078166 0.147089 0.852976 1.079538 0.982457 0.987099 1.094418 0.879358 0.183125 -0.039614 0.057240 0.024210 0.015103 0.006065 0.001424 0.000085 -0.000021 0.000085 0.001424 0.006065 0.014965 0.026361 0.036121 0.039976 0.036121 
0.032278 0.016405 0.030629 -0.035182 -0.032768 0.500017 1.032677 1.043054 0.962037 1.052618 1.053279 0.531779 0.005733 0.000562 0.052335 0.016405 0.010572 0.003188 0.000472 -0.000022 -0.000022 0.000470 0.003227 0.010034 0.020580 0.031740 0.038972 0.038932 
0.037048 0.021777 0.027915 0.005168 -0.079341 0.188949 0.810263 1.085421 0.989419 0.994075 1.100334 0.836670 0.224982 -0.040819 0.035188 0.039295 0.010397 0.007027 0.001306 0.000084 -0.000042 0.000073 0.001430 0.006086 0.014985 0.026365 0.036117 0.039829 
0.040027 0.028336 0.024530 0.027654 -0.054889 -0.002362 0.498882 1.006397 1.054630 0.968051 1.064220 1.027031 0.530656 0.036121 -0.019181 0.049332 0.024530 0.006658 0.004320 0.000255 -0.000011 -0.000043 0.000467 0.003241 0.010056 0.020591 0.031763 0.038738 
0.040811 0.034574 0.024177 0.033611 -0.011944 -0.072883 0.210692 0.789940 1.076822 1.000838 1.005509 1.091767 0.816372 0.246722 -0.034391 0.018040 0.044976 0.012813 0.004590 0.002318 -0.000191 -0.000014 0.000053 0.001436 0.006107 0.014998 0.026418 0.035839 
0.039415 0.039014 0.027437 0.031275 0.020326 -0.064021 0.017784 0.499855 0.986421 1.057305 0.982641 1.066921 1.007087 0.531642 0.056249 -0.028349 0.041976 0.031275 0.005787 0.003342 0.000950 -0.000281 0.000000 0.000451 0.003259 0.010067 0.020666 0.031505 
0.036166 0.040807 0.032640 0.028318 0.034473 -0.024214 -0.065965 0.225855 0.776641 1.065432 1.012419 1.017104 1.080409 0.803098 0.261882 -0.027502 0.005735 0.045822 0.016970 0.002691 0.002344 0.000139 -0.000224 0.000103 0.001430 0.006115 0.015080 0.026232 
0.031558 0.039861 0.037449 0.028506 0.035674 0.012717 -0.068829 0.033096 0.501376 0.969561 1.057628 0.998132 1.067270 0.990258 0.533175 0.071543 -0.033193 0.034338 0.035674 0.006885 0.001814 0.001414 -0.000241 -0.000125 0.000501 0.003243 0.010143 0.020572 
0.026139 0.036634 0.040092 0.031788 0.032367 0.033119 -0.033384 -0.059362 0.237748 0.766252 1.054265 1.023118 1.027817 1.069274 0.792732 0.273773 -0.020928 -0.003471 0.044452 0.021034 0.001875 0.001659 0.000609 -0.000342 0.000063 0.001454 0.006154 0.015071 
0.020455 0.031838 0.039856 0.036074 0.030479 0.038301 0.005639 -0.071436 0.045697 0.502721 0.954927 1.057331 1.012612 1.066998 0.975655 0.534532 0.084126 -0.035836 0.027232 0.038301 0.008887 0.000474 0.001426 0.000027 -0.000274 0.000505 0.003282 0.010172 
0.014989 0.026216 0.036964 0.039093 0.031803 0.035857 0.030704 -0.040507 -0.053087 0.247517 0.757402 1.044115 1.032728 1.037442 1.059155 0.783907 0.283539 -0.014683 -0.010629 0.042021 0.024540 0.001924 0.000688 0.000942 -0.000289 -0.000052 0.001492 0.006206 
0.010145 0.020403 0.032184 0.039495 0.035096 0.032787 0.039687 -0.000788 -0.072714 0.056510 0.503667 0.942088 1.056935 1.025656 1.066628 0.962848 0.535491 0.094922 -0.037150 0.020776 0.039687 0.011222 -0.000469 0.001083 0.000361 -0.000357 0.000453 0.003356 
0.006247 0.014897 0.026416 0.037082 0.038065 0.032410 0.038725 0.027765 -0.046176 -0.047099 0.255706 0.749554 1.035116 1.041290 1.046018 1.050188 0.776084 0.291725 -0.008724 -0.016333 0.039067 0.027423 0.002567 -0.000310 0.001063 -0.000114 -0.000175 0.001519 
0.003421 0.010094 0.020439 0.032487 0.038915 0.034526 0.035146 0.040197 -0.006594 -0.073098 0.065997 0.504195 0.930752 1.056599 1.037268 1.066317 0.951543 0.536031 0.104391 -0.037569 0.014943 0.040197 0.013609 -0.001003 0.000521 0.000652 -0.000352 0.000376 
0.001520 0.006263 0.014844 0.026670 0.037000 0.037138 0.033401 0.041018 0.024574 -0.050744 -0.041376 0.262647 0.742460 1.027199 1.048908 1.053650 1.042303 0.769013 0.298663 -0.003030 -0.020936 0.035860 0.029732 0.003593 -0.001208 0.000983 0.000117 -0.000259 
0.000301 0.003450 0.010045 0.020553 0.032695 0.038228 0.034313 0.037417 0.040077 -0.011830 -0.072844 0.074426 0.504355 0.920691 1.056360 1.047581 1.066104 0.941512 0.536202 0.112803 -0.037351 0.009679 0.040077 0.015908 -0.001181 -0.000149 0.000848 -0.000269 
-0.000285 0.001494 0.006251 0.014850 0.026928 0.036755 0.036368 0.034627 0.042805 0.021285 -0.054447 -0.035913 0.268572 0.735982 1.020237 1.055699 1.060455 1.035372 0.762560 0.304586 0.002404 -0.024674 0.032556 0.031534 0.004853 -0.001949 0.000741 0.000351 
-0.000129 0.000247 0.003435 0.010016 0.020724 0.032792 0.037510 0.034394 0.039533 0.039494 -0.016551 -0.072125 0.081973 0.504214 0.911718 1.056216 1.056752 1.065985 0.932571 0.536073 0.120333 -0.036667 0.004931 0.039494 0.018051 -0.001064 -0.000850 0.000932 
0.000557 -0.000250 0.001446 0.006216 0.014916 0.027159 0.036390 0.035774 0.035987 0.044157 0.017990 -0.057449 -0.030706 0.273661 0.730035 1.014101 1.061769 1.066540 1.029267 0.756636 0.309672 0.007582 -0.027710 0.029246 0.032901 0.006248 -0.002514 0.000379 
0.000909 0.000045 0.000218 0.003382 0.010012 0.020928 0.032780 0.036809 0.034711 0.041462 0.038569 -0.020805 -0.071062 0.088769 0.503838 0.903680 1.056152 1.064931 1.065946 0.924563 0.535709 0.127111 -0.035639 0.000649 0.038569 0.020008 -0.000713 -0.001533 
-0.000063 0.000719 -0.000165 0.001383 0.006168 0.015032 0.027344 0.035945 0.035353 0.037412 0.045134 0.014746 -0.059874 -0.025754 0.278053 0.724556 1.008671 1.067215 1.071999 1.023868 0.751181 0.314061 0.012505 -0.030169 0.025987 0.033893 0.007707 -0.002906 
-0.002167 0.000790 0.000233 0.000217 0.003301 0.010035 0.021147 0.032674 0.036157 0.035211 0.043194 0.037392 -0.024638 -0.069746 0.094915 0.503283 0.896449 1.056151 1.072249 1.065970 0.917363 0.535166 0.133239 -0.034358 -0.003211 0.037392 0.021767 -0.000177 
-0.003136 -0.000555 0.000827 -0.000044 0.001316 0.006114 0.015184 0.027476 0.035451 0.035095 0.038852 0.045792 0.011591 -0.061820 -0.021052 0.281862 0.719495 1.003846 1.072115 1.076914 1.019074 0.746144 0.317867 0.017178 -0.032150 0.022817 0.034566 0.009182 
0.000498 -0.002735 0.000593 0.000420 0.000239 0.003206 0.010083 0.021364 0.032488 0.035572 0.035852 0.044728 0.036030 -0.028088 -0.068247 0.100492 0.502596 0.889919 1.056198 1.078821 1.066042 0.910863 0.534491 0.138799 -0.032893 -0.006689 0.036030 0.023328 
0.010638 -0.003220 -0.001069 0.000881 0.000101 0.001250 0.006063 0.015360 0.027553 0.034934 0.034982 0.040274 0.046178 0.008548 -0.063365 -0.016594 0.285178 0.714811 0.999538 1.076540 1.081352 1.014797 0.741484 0.321181 0.021608 -0.033729 0.019759 0.034968 
0.024699 0.001278 -0.003227 0.000334 0.000591 0.000281 0.003108 0.010150 0.021565 0.032240 0.035064 0.036597 0.046071 0.034537 -0.031194 -0.066617 0.105569 0.501814 0.883999 1.056280 1.084744 1.066148 0.904973 0.533721 0.143860 -0.031298 -0.009822 0.034537 
0.035138 0.012052 -0.003175 -0.001585 0.000881 0.000256 0.001194 0.006020 0.015545 0.027577 0.034415 0.034999 0.041654 0.046334 0.005631 -0.064573 -0.012372 0.288079 0.710469 0.995676 1.080548 1.085374 1.010965 0.737165 0.324079 0.025802 -0.034972 0.016826 
