0.001648 0.000291 0.000218 0.012604 -0.082531 0.511602 1.118691 1.066320 1.161455 1.283096 1.563757 1.187525 0.790853 1.000890 0.985703 0.866539 0.671327 0.457924 0.275163 0.146897 0.072653 0.038139 0.026161 0.023059 0.020781 0.016417 0.010542 0.005117 
0.003100 0.000886 -0.002001 0.021559 -0.077842 0.153430 0.872935 1.130964 1.095108 1.202537 1.460449 1.434886 0.935339 0.866100 1.023948 0.936629 0.775067 0.563449 0.360644 0.203801 0.103720 0.051512 0.030294 0.024129 0.022100 0.018881 0.013557 0.007658 
0.005091 0.002195 -0.003884 0.020810 -0.037526 -0.029833 0.511628 1.065412 1.120569 1.120253 1.337488 1.510691 1.187693 0.843501 0.950539 1.006070 0.862304 0.671988 0.458060 0.275263 0.146896 0.072604 0.038095 0.026137 0.023048 0.020777 0.016420 0.010553 
0.007547 0.004054 -0.003835 0.013078 -0.000481 -0.079025 0.195297 0.830218 1.136809 1.102023 1.209528 1.466486 1.392364 0.977262 0.864769 1.001661 0.951553 0.770382 0.564558 0.360668 0.203857 0.103686 0.051461 0.030259 0.024113 0.022093 0.018879 0.013574 
0.010350 0.006221 -0.001732 0.004229 0.017809 -0.057250 0.000575 0.510497 1.039112 1.132096 1.126242 1.349159 1.484602 1.186704 0.873860 0.930595 1.002847 0.870356 0.668172 0.459350 0.275149 0.146925 0.072553 0.038050 0.026112 0.023037 0.020770 0.016451 
0.013318 0.008565 0.001608 -0.001433 0.018753 -0.017617 -0.072574 0.217047 0.809889 1.128171 1.113395 1.220977 1.458041 1.372230 0.999065 0.871072 0.984279 0.957074 0.772819 0.562266 0.361821 0.203641 0.103703 0.051403 0.030226 0.024097 0.022079 0.018928 
0.016202 0.011058 0.005241 -0.002616 0.010961 0.010455 -0.066399 0.020722 0.511476 1.019114 1.134721 1.140808 1.351928 1.464816 1.187821 0.893958 0.921228 0.995272 0.877027 0.667399 0.458531 0.275949 0.146674 0.072566 0.037994 0.026091 0.023015 0.020828 
0.018737 0.013666 0.008596 -0.000300 0.002708 0.019593 -0.029911 -0.065663 0.232216 0.796584 1.116743 1.124930 1.232589 1.446805 1.359120 1.014286 0.877836 0.971742 0.957760 0.776993 0.560511 0.361988 0.204032 0.103482 0.051413 0.030178 0.024069 0.022134 
0.020717 0.016264 0.011535 0.003711 -0.001532 0.015349 0.002820 -0.071224 0.036036 0.513001 1.002231 1.134995 1.156275 1.352347 1.448145 1.189484 0.909221 0.916187 0.987418 0.881352 0.668591 0.457160 0.276517 0.146735 0.072411 0.038002 0.026035 0.023057 
0.022099 0.018639 0.014155 0.007917 -0.001125 0.006758 0.018216 -0.039105 -0.059066 0.244116 0.786188 1.105536 1.135584 1.243320 1.435791 1.348916 1.026237 0.884286 0.962308 0.956232 0.781075 0.559837 0.361444 0.204564 0.103353 0.051333 0.030161 0.024070 
0.023054 0.020583 0.016553 0.011561 0.002370 0.000457 0.017963 -0.004284 -0.073848 0.048639 0.514349 0.987574 1.134648 1.170733 1.352147 1.433698 1.190968 0.921773 0.913349 0.980098 0.883904 0.670686 0.455977 0.276635 0.147024 0.072232 0.037963 0.026035 
0.024086 0.021990 0.018712 0.014507 0.006953 -0.001083 0.010250 0.015780 -0.046252 -0.052798 0.253891 0.777331 1.095346 1.145150 1.252965 1.425795 1.340251 1.036062 0.890408 0.954922 0.953644 0.784596 0.560028 0.360615 0.204959 0.103396 0.051179 0.030158 
0.026069 0.022995 0.020515 0.016907 0.011231 0.001426 0.002779 0.019337 -0.010737 -0.075143 0.059454 0.515299 0.974711 1.134203 1.183755 1.351848 1.421046 1.192053 0.932537 0.911841 0.973430 0.885216 0.673113 0.455190 0.276398 0.147379 0.072119 0.037868 
0.030142 0.024090 0.021873 0.018907 0.014646 0.005960 -0.000449 0.013119 0.012820 -0.051943 -0.046817 0.262087 0.769476 1.086307 1.153667 1.261561 1.416950 1.332586 1.044305 0.896244 0.948993 0.950532 0.787494 0.560811 0.359758 0.205143 0.103562 0.051016 
0.037748 0.026094 0.022911 0.020534 0.017219 0.010682 0.000890 0.005153 0.019836 -0.016567 -0.075543 0.068943 0.515829 0.963351 1.133818 1.195348 1.351610 1.409896 1.192717 0.941974 0.911230 0.967385 0.885652 0.675589 0.454811 0.275943 0.147693 0.072094 
0.050892 0.030101 0.024069 0.021794 0.019157 0.014585 0.005069 0.000568 0.015413 0.009608 -0.056535 -0.041101 0.269033 0.762373 1.078350 1.161242 1.269215 1.409186 1.325672 1.051298 0.901815 0.944167 0.947170 0.789815 0.561974 0.359001 0.205128 0.103783 
0.072147 0.037630 0.026083 0.022830 0.020632 0.017436 0.010025 0.000710 0.007439 0.019704 -0.021828 -0.075305 0.077374 0.515991 0.953265 1.133530 1.205642 1.351470 1.400020 1.193011 0.950352 0.911258 0.961912 0.885456 0.677977 0.454787 0.275381 0.147912 
0.104009 0.050826 0.030032 0.024020 0.021774 0.019411 0.014361 0.004334 0.001820 0.017201 0.006298 -0.060260 -0.035644 0.274964 0.755886 1.071348 1.167990 1.276042 1.402378 1.319374 1.057276 0.907128 0.940208 0.943710 0.791630 0.563372 0.358402 0.204951 
0.148021 0.072257 0.037532 0.026027 0.022768 0.020787 0.017542 0.009338 0.000825 0.009569 0.019109 -0.026574 -0.074601 0.084923 0.515852 0.944267 1.133338 1.214795 1.351425 1.391231 1.193002 0.957849 0.911753 0.956956 0.884797 0.680207 0.455057 0.274788 
0.204655 0.104207 0.050820 0.029940 0.023948 0.021815 0.019637 0.014018 0.003775 0.003206 0.018553 0.002981 -0.063285 -0.030443 0.280058 0.749930 1.065171 1.174019 1.282150 1.396395 1.313605 1.062415 0.912185 0.936952 0.940245 0.793008 0.564902 0.357977 
0.274214 0.148023 0.072402 0.037459 0.025933 0.022732 0.020976 0.017539 0.008668 0.001175 0.011513 0.018173 -0.030853 -0.073554 0.091721 0.515478 0.936204 1.133226 1.222957 1.351461 1.383377 1.192757 0.964594 0.912594 0.952468 0.883797 0.682249 0.455561 
0.357727 0.204280 0.104361 0.050863 0.029834 0.023862 0.021905 0.019819 0.013594 0.003389 0.004657 0.019532 -0.000283 -0.065732 -0.025498 0.284456 0.744441 1.059700 1.179423 1.287634 1.391118 1.308302 1.066856 0.916988 0.934275 0.936832 0.794010 0.566495 
0.456248 0.273688 0.147931 0.072561 0.037412 0.025811 0.022724 0.021179 0.017442 0.008046 0.001708 0.013259 0.016984 -0.034710 -0.072253 0.097868 0.514924 0.928947 1.133177 1.230259 1.351560 1.376328 1.192331 0.970688 0.913689 0.948403 0.882544 0.684092 
0.568102 0.357638 0.203856 0.104463 0.050944 0.029722 0.023771 0.022033 0.019947 0.013121 0.003164 0.006123 0.020191 -0.003458 -0.067700 -0.020802 0.288269 0.739369 1.054833 1.184283 1.292575 1.386446 1.303416 1.070712 0.921542 0.932079 0.933509 0.794692 
0.685736 0.457075 0.273230 0.147761 0.072718 0.037389 0.025675 0.022739 0.021380 0.017265 0.007491 0.002382 0.014807 0.015611 -0.038185 -0.070769 0.103447 0.514237 0.922390 1.133176 1.236817 1.351708 1.369979 1.191771 0.976213 0.914968 0.944722 0.881106 
0.795101 0.569690 0.357694 0.203411 0.104510 0.051047 0.029612 0.023683 0.022184 0.020021 0.012625 0.003086 0.007571 0.020578 -0.006522 -0.069267 -0.016350 0.291590 0.734674 1.050484 1.188668 1.297040 1.382291 1.298906 1.074075 0.925852 0.930286 0.930299 
0.879536 0.687187 0.458005 0.272849 0.147529 0.072860 0.037386 0.025535 0.022774 0.021567 0.017027 0.007013 0.003160 0.016165 0.014106 -0.041315 -0.069155 0.108526 0.513455 0.916443 1.133210 1.242725 1.351891 1.364239 1.191116 0.981239 0.916380 0.941387 
0.927215 0.795279 0.571234 0.357880 0.202964 0.104505 0.051161 0.029510 0.023602 0.022345 0.020041 0.012127 0.003137 0.008976 0.020735 -0.009459 -0.070497 -0.012133 0.294495 0.730321 1.046581 1.192637 1.301089 1.378581 1.294735 1.077022 0.929928 0.928831 
