0.110524 0.098308 0.084756 0.095354 0.154181 0.276238 0.457917 0.671320 0.867614 0.992987 1.011873 0.923427 0.759512 0.566238 0.383233 0.233442 0.124675 0.055455 0.018886 0.004481 0.000879 0.000211 0.001365 0.008932 0.027811 0.057131 0.088251 0.107953 
0.111458 0.105695 0.090231 0.085408 0.117477 0.207028 0.360838 0.563401 0.775124 0.942009 1.016584 0.979625 0.848112 0.663797 0.471645 0.303411 0.173851 0.085447 0.033692 0.009654 0.001941 0.000394 0.000344 0.003977 0.016853 0.041561 0.073326 0.100068 
0.108003 0.110514 0.098124 0.084852 0.095316 0.154221 0.276327 0.458049 0.671400 0.867546 0.992792 1.011700 0.923407 0.759627 0.566362 0.383273 0.233416 0.124652 0.055466 0.018906 0.004471 0.000833 0.000165 0.001358 0.008977 0.027855 0.057251 0.088091 
0.099992 0.111518 0.105565 0.090185 0.085457 0.117459 0.207097 0.360955 0.563522 0.775136 0.941865 1.016379 0.979520 0.848171 0.663932 0.471732 0.303411 0.173818 0.085441 0.033713 0.009662 0.001911 0.000342 0.000313 0.004000 0.016892 0.041669 0.073294 
0.088010 0.108010 0.110485 0.098009 0.084869 0.095332 0.154235 0.276426 0.458178 0.671479 0.867477 0.992599 1.011528 0.923385 0.759740 0.566485 0.383315 0.233391 0.124629 0.055477 0.018926 0.004461 0.000788 0.000118 0.001355 0.009004 0.027940 0.057301 
0.073267 0.099946 0.111524 0.105477 0.090129 0.085488 0.117466 0.207150 0.361079 0.563639 0.775148 0.941722 1.016176 0.979416 0.848228 0.664067 0.471819 0.303413 0.173787 0.085435 0.033733 0.009670 0.001882 0.000290 0.000286 0.004010 0.016952 0.041753 
0.057333 0.087958 0.107999 0.110448 0.097922 0.084863 0.095354 0.154256 0.276518 0.458312 0.671555 0.867409 0.992407 1.011358 0.923364 0.759852 0.566607 0.383357 0.233367 0.124606 0.055487 0.018945 0.004451 0.000743 0.000074 0.001345 0.009039 0.028025 
0.041824 0.073248 0.099910 0.111510 0.105406 0.090076 0.085504 0.117483 0.207202 0.361201 0.563757 0.775157 0.941581 1.015975 0.979312 0.848283 0.664199 0.471907 0.303415 0.173756 0.085428 0.033752 0.009678 0.001852 0.000241 0.000257 0.004021 0.017019 
0.028106 0.057360 0.087920 0.107978 0.110406 0.097848 0.084848 0.095375 0.154284 0.276607 0.458445 0.671629 0.867339 0.992218 1.011190 0.923341 0.759961 0.566729 0.383401 0.233344 0.124582 0.055496 0.018963 0.004440 0.000699 0.000031 0.001333 0.009080 
0.017087 0.041886 0.073236 0.099877 0.111484 0.105341 0.090026 0.085512 0.117505 0.207256 0.361321 0.563875 0.775164 0.941439 1.015777 0.979208 0.848337 0.664330 0.471994 0.303419 0.173725 0.085420 0.033771 0.009686 0.001822 0.000192 0.000226 0.004034 
0.009124 0.028182 0.057386 0.087890 0.107951 0.110361 0.097782 0.084827 0.095393 0.154317 0.276696 0.458577 0.671703 0.867269 0.992030 1.011023 0.923318 0.760069 0.566850 0.383445 0.233323 0.124559 0.055505 0.018981 0.004430 0.000656 -0.000013 0.001320 
0.004049 0.017156 0.041944 0.073229 0.099845 0.111452 0.105281 0.089978 0.085514 0.117529 0.207313 0.361439 0.563992 0.775171 0.941299 1.015581 0.979106 0.848389 0.664460 0.472082 0.303425 0.173695 0.085412 0.033789 0.009693 0.001793 0.000144 0.000193 
0.001309 0.009169 0.028254 0.057412 0.087865 0.107920 0.110315 0.097722 0.084804 0.095408 0.154353 0.276785 0.458707 0.671776 0.867198 0.991844 1.010858 0.923294 0.760175 0.566970 0.383491 0.233302 0.124536 0.055513 0.018999 0.004419 0.000613 -0.000058 
0.000160 0.004066 0.017223 0.041999 0.073225 0.099815 0.111415 0.105223 0.089932 0.085513 0.117554 0.207373 0.361556 0.564107 0.775177 0.941158 1.015386 0.979003 0.848440 0.664588 0.472171 0.303431 0.173666 0.085404 0.033807 0.009699 0.001765 0.000096 
-0.000104 0.001298 0.009216 0.028324 0.057438 0.087844 0.107887 0.110267 0.097665 0.084780 0.095421 0.154392 0.276875 0.458835 0.671848 0.867127 0.991659 1.010694 0.923270 0.760279 0.567090 0.383537 0.233283 0.124512 0.055520 0.019016 0.004409 0.000571 
0.000047 0.000127 0.004084 0.017288 0.042052 0.073224 0.099785 0.111375 0.105168 0.089888 0.085508 0.117578 0.207436 0.361673 0.564221 0.775182 0.941019 1.015193 0.978902 0.848489 0.664715 0.472259 0.303438 0.173637 0.085396 0.033824 0.009706 0.001737 
0.000530 -0.000150 0.001288 0.009263 0.028391 0.057465 0.087825 0.107852 0.110218 0.097611 0.084755 0.095431 0.154433 0.276966 0.458962 0.671918 0.867057 0.991476 1.010532 0.923245 0.760381 0.567209 0.383584 0.233264 0.124489 0.055527 0.019032 0.004399 
0.001710 -0.000001 0.000095 0.004104 0.017352 0.042104 0.073226 0.099755 0.111333 0.105113 0.089846 0.085501 0.117603 0.207500 0.361789 0.564333 0.775187 0.940880 1.015002 0.978801 0.848537 0.664841 0.472348 0.303447 0.173609 0.085387 0.033840 0.009712 
0.004390 0.000488 -0.000196 0.001279 0.009309 0.028456 0.057492 0.087807 0.107815 0.110168 0.097559 0.084729 0.095440 0.154476 0.277059 0.459088 0.671987 0.866986 0.991294 1.010372 0.923220 0.760482 0.567328 0.383632 0.233247 0.124466 0.055533 0.019047 
0.009718 0.001683 -0.000050 0.000063 0.004124 0.017415 0.042155 0.073229 0.099726 0.111289 0.105059 0.089804 0.085493 0.117628 0.207567 0.361905 0.564443 0.775190 0.940742 1.014813 0.978700 0.848584 0.664965 0.472437 0.303457 0.173582 0.085377 0.033855 
0.019063 0.004380 0.000447 -0.000241 0.001271 0.009355 0.028520 0.057521 0.087791 0.107777 0.110118 0.097508 0.084703 0.095448 0.154519 0.277153 0.459213 0.672055 0.866915 0.991113 1.010212 0.923194 0.760581 0.567446 0.383681 0.233230 0.124444 0.055538 
0.033869 0.009724 0.001656 -0.000099 0.000032 0.004144 0.017477 0.042205 0.073233 0.099697 0.111244 0.105006 0.089763 0.085484 0.117652 0.207635 0.362022 0.564552 0.775193 0.940605 1.014625 0.978600 0.848630 0.665088 0.472526 0.303468 0.173555 0.085367 
0.055543 0.019077 0.004371 0.000405 -0.000287 0.001264 0.009401 0.028582 0.057549 0.087776 0.107738 0.110067 0.097458 0.084677 0.095455 0.154564 0.277248 0.459337 0.672121 0.866844 0.990934 1.010054 0.923169 0.760679 0.567563 0.383730 0.233215 0.124421 
0.085357 0.033883 0.009730 0.001629 -0.000147 0.000001 0.004165 0.017538 0.042255 0.073239 0.099668 0.111198 0.104953 0.089723 0.085473 0.117676 0.207704 0.362138 0.564659 0.775195 0.940468 1.014439 0.978501 0.848675 0.665209 0.472615 0.303480 0.173529 
0.124398 0.055547 0.019092 0.004362 0.000364 -0.000332 0.001257 0.009446 0.028644 0.057579 0.087762 0.107699 0.110016 0.097409 0.084650 0.095461 0.154609 0.277344 0.459459 0.672185 0.866773 0.990756 1.009897 0.923142 0.760775 0.567679 0.383781 0.233200 
0.173504 0.085347 0.033896 0.009736 0.001603 -0.000195 -0.000029 0.004185 0.017597 0.042305 0.073246 0.099639 0.111151 0.104901 0.089683 0.085462 0.117700 0.207775 0.362255 0.564765 0.775195 0.940333 1.014254 0.978402 0.848718 0.665329 0.472704 0.303493 
0.233187 0.124376 0.055550 0.019106 0.004353 0.000323 -0.000377 0.001250 0.009491 0.028704 0.057608 0.087749 0.107659 0.109964 0.097361 0.084623 0.095466 0.154655 0.277441 0.459581 0.672248 0.866702 0.990580 1.009741 0.923115 0.760870 0.567795 0.383832 
0.303507 0.173479 0.085336 0.033909 0.009742 0.001576 -0.000244 -0.000059 0.004206 0.017656 0.042354 0.073253 0.099610 0.111103 0.104849 0.089643 0.085450 0.117724 0.207847 0.362372 0.564869 0.775195 0.940198 1.014071 0.978303 0.848760 0.665448 0.472793 
