0.000036 0.000341 0.001690 0.005667 0.015105 0.035582 0.077293 0.155006 0.282857 0.463067 0.673831 0.867100 0.984182 0.984063 0.866296 0.671447 0.458729 0.277424 0.150400 0.075482 0.037394 0.019712 0.011101 0.006029 0.002723 0.000852 0.000129 -0.000004 
0.000003 0.000124 0.000810 0.003220 0.009441 0.023434 0.052907 0.110619 0.212105 0.367191 0.567201 0.776403 0.938410 0.999757 0.938049 0.774908 0.563815 0.362117 0.206816 0.107215 0.052907 0.026838 0.014730 0.008294 0.004193 0.001623 0.000380 0.000023 
-0.000006 0.000035 0.000343 0.001702 0.005673 0.015088 0.035530 0.077228 0.154992 0.282956 0.463255 0.673969 0.867046 0.983946 0.983823 0.866234 0.671578 0.458916 0.277530 0.150395 0.075420 0.037337 0.019685 0.011100 0.006039 0.002734 0.000859 0.000128 
0.000020 0.000001 0.000124 0.000818 0.003231 0.009438 0.023399 0.052842 0.110570 0.212143 0.367345 0.567384 0.776455 0.938252 0.999492 0.937884 0.774952 0.563995 0.362276 0.206863 0.107173 0.052842 0.026796 0.014718 0.008300 0.004205 0.001633 0.000383 
0.000128 -0.000008 0.000034 0.000347 0.001713 0.005679 0.015070 0.035477 0.077162 0.154979 0.283056 0.463441 0.674105 0.866992 0.983711 0.983584 0.866171 0.671708 0.459103 0.277637 0.150390 0.075358 0.037281 0.019659 0.011098 0.006049 0.002745 0.000866 
0.000386 0.000018 -0.000001 0.000125 0.000825 0.003241 0.009434 0.023364 0.052777 0.110521 0.212183 0.367500 0.567566 0.776506 0.938094 0.999229 0.937719 0.774995 0.564173 0.362434 0.206912 0.107131 0.052777 0.026753 0.014706 0.008306 0.004216 0.001643 
0.000873 0.000128 -0.000011 0.000033 0.000351 0.001723 0.005685 0.015052 0.035424 0.077097 0.154967 0.283157 0.463627 0.674239 0.866937 0.983479 0.983348 0.866108 0.671835 0.459289 0.277744 0.150387 0.075297 0.037223 0.019632 0.011097 0.006059 0.002757 
0.001652 0.000389 0.000016 -0.000004 0.000126 0.000833 0.003252 0.009430 0.023327 0.052711 0.110473 0.212224 0.367654 0.567746 0.776556 0.937937 0.998969 0.937556 0.775036 0.564350 0.362593 0.206962 0.107090 0.052711 0.026710 0.014693 0.008312 0.004228 
0.002768 0.000879 0.000128 -0.000014 0.000031 0.000355 0.001734 0.005691 0.015033 0.035370 0.077032 0.154956 0.283258 0.463811 0.674371 0.866881 0.983248 0.983114 0.866044 0.671961 0.459474 0.277853 0.150384 0.075235 0.037166 0.019605 0.011096 0.006069 
0.004240 0.001662 0.000392 0.000014 -0.000006 0.000127 0.000841 0.003262 0.009426 0.023291 0.052646 0.110426 0.212267 0.367809 0.567924 0.776604 0.937781 0.998711 0.937393 0.775076 0.564524 0.362751 0.207013 0.107050 0.052646 0.026667 0.014681 0.008318 
0.006080 0.002780 0.000886 0.000128 -0.000017 0.000030 0.000360 0.001744 0.005696 0.015014 0.035316 0.076967 0.154946 0.283361 0.463995 0.674501 0.866826 0.983019 0.982881 0.865980 0.672084 0.459658 0.277962 0.150383 0.075174 0.037108 0.019578 0.011094 
0.008325 0.004252 0.001671 0.000396 0.000013 -0.000009 0.000128 0.000850 0.003273 0.009422 0.023254 0.052580 0.110379 0.212310 0.367963 0.568100 0.776650 0.937625 0.998456 0.937231 0.775114 0.564698 0.362910 0.207065 0.107010 0.052580 0.026623 0.014668 
0.011093 0.006090 0.002791 0.000892 0.000128 -0.000019 0.000028 0.000365 0.001755 0.005702 0.014995 0.035261 0.076902 0.154937 0.283464 0.464178 0.674629 0.866769 0.982792 0.982651 0.865916 0.672206 0.459841 0.278072 0.150382 0.075113 0.037050 0.019550 
0.014655 0.008331 0.004264 0.001681 0.000399 0.000011 -0.000012 0.000129 0.000858 0.003283 0.009418 0.023216 0.052514 0.110333 0.212354 0.368117 0.568275 0.776695 0.937471 0.998202 0.937070 0.775151 0.564869 0.363068 0.207118 0.106971 0.052514 0.026579 
0.019522 0.011091 0.006101 0.002802 0.000898 0.000129 -0.000022 0.000027 0.000369 0.001766 0.005708 0.014976 0.035206 0.076838 0.154929 0.283567 0.464360 0.674756 0.866713 0.982567 0.982422 0.865851 0.672326 0.460023 0.278183 0.150383 0.075053 0.036991 
0.026534 0.014642 0.008337 0.004276 0.001690 0.000402 0.000009 -0.000015 0.000130 0.000866 0.003294 0.009414 0.023179 0.052448 0.110288 0.212400 0.368272 0.568448 0.776739 0.937317 0.997951 0.936910 0.775187 0.565039 0.363226 0.207172 0.106932 0.052448 
0.036932 0.019494 0.011090 0.006112 0.002814 0.000905 0.000129 -0.000025 0.000026 0.000374 0.001777 0.005714 0.014956 0.035151 0.076773 0.154922 0.283671 0.464540 0.674880 0.866656 0.982343 0.982195 0.865786 0.672445 0.460204 0.278294 0.150385 0.074992 
0.052382 0.026489 0.014628 0.008344 0.004288 0.001699 0.000405 0.000007 -0.000018 0.000132 0.000875 0.003304 0.009409 0.023140 0.052382 0.110243 0.212446 0.368426 0.568620 0.776781 0.937164 0.997702 0.936750 0.775221 0.565207 0.363384 0.207227 0.106894 
0.074932 0.036872 0.019465 0.011088 0.006122 0.002825 0.000911 0.000129 -0.000028 0.000024 0.000379 0.001788 0.005719 0.014936 0.035095 0.076709 0.154916 0.283776 0.464720 0.675003 0.866599 0.982121 0.981969 0.865721 0.672561 0.460385 0.278406 0.150387 
0.106857 0.052316 0.026444 0.014615 0.008350 0.004301 0.001709 0.000409 0.000005 -0.000020 0.000133 0.000884 0.003315 0.009404 0.023102 0.052316 0.110199 0.212494 0.368580 0.568790 0.776822 0.937012 0.997454 0.936591 0.775254 0.565374 0.363542 0.207283 
0.150390 0.074872 0.036813 0.019436 0.011087 0.006133 0.002837 0.000918 0.000130 -0.000031 0.000023 0.000384 0.001799 0.005725 0.014915 0.035039 0.076646 0.154911 0.283882 0.464899 0.675125 0.866541 0.981901 0.981745 0.865655 0.672676 0.460564 0.278518 
0.207339 0.106821 0.052250 0.026398 0.014601 0.008357 0.004313 0.001718 0.000412 0.000003 -0.000023 0.000135 0.000892 0.003325 0.009399 0.023063 0.052249 0.110156 0.212542 0.368734 0.568959 0.776862 0.936860 0.997209 0.936434 0.775286 0.565540 0.363700 
0.278631 0.150395 0.074813 0.036753 0.019407 0.011085 0.006144 0.002849 0.000924 0.000130 -0.000034 0.000021 0.000389 0.001810 0.005730 0.014895 0.034983 0.076582 0.154907 0.283988 0.465078 0.675244 0.866483 0.981682 0.981523 0.865590 0.672790 0.460743 
0.363858 0.207397 0.106785 0.052183 0.026352 0.014588 0.008364 0.004325 0.001727 0.000415 0.000002 -0.000026 0.000136 0.000901 0.003336 0.009394 0.023023 0.052183 0.110114 0.212591 0.368887 0.569126 0.776901 0.936710 0.996965 0.936276 0.775317 0.565703 
0.460920 0.278744 0.150400 0.074753 0.036692 0.019377 0.011084 0.006156 0.002860 0.000930 0.000130 -0.000038 0.000020 0.000395 0.001822 0.005736 0.014873 0.034926 0.076519 0.154904 0.284094 0.465255 0.675363 0.866425 0.981465 0.981302 0.865524 0.672902 
0.565866 0.364015 0.207455 0.106750 0.052117 0.026305 0.014574 0.008371 0.004338 0.001737 0.000418 -0.000000 -0.000029 0.000138 0.000910 0.003346 0.009388 0.022983 0.052117 0.110072 0.212641 0.369041 0.569292 0.776939 0.936560 0.996724 0.936120 0.775347 
0.673012 0.461097 0.278858 0.150406 0.074694 0.036632 0.019347 0.011082 0.006167 0.002872 0.000937 0.000130 -0.000041 0.000019 0.000400 0.001833 0.005741 0.014852 0.034869 0.076457 0.154902 0.284201 0.465431 0.675479 0.866367 0.981250 0.981083 0.865457 
0.775376 0.566027 0.364173 0.207515 0.106716 0.052050 0.026258 0.014559 0.008377 0.004351 0.001746 0.000421 -0.000002 -0.000032 0.000139 0.000920 0.003357 0.009383 0.022943 0.052050 0.110031 0.212693 0.369194 0.569456 0.776975 0.936410 0.996484 0.935964 
