0.007114 0.003128 0.003493 0.009961 0.039362 -0.018063 0.647489 1.367810 1.460489 1.693374 1.881656 2.097080 1.506110 0.794642 0.689999 0.460156 0.275250 0.145256 0.067543 0.027975 0.012194 0.010117 0.015170 0.022266 0.027127 0.027088 0.022053 0.014259 
0.010423 0.004643 0.002840 0.003606 0.037948 -0.035654 0.248617 1.060283 1.450446 1.562799 1.781004 2.045268 1.877817 1.103364 0.705689 0.588790 0.359438 0.203271 0.100610 0.043936 0.017833 0.009912 0.012097 0.018758 0.025191 0.027783 0.025096 0.018291 
0.014279 0.007100 0.003673 -0.000678 0.030520 -0.010829 0.034573 0.647529 1.314688 1.514985 1.652312 1.935886 2.043590 1.505908 0.847293 0.640020 0.480946 0.271173 0.145772 0.067431 0.027923 0.012184 0.010133 0.015186 0.022267 0.027113 0.027079 0.022041 
0.018304 0.010325 0.005600 -0.001878 0.018673 0.015859 -0.036904 0.290451 1.017648 1.456509 1.569936 1.787997 2.050987 1.834853 1.145080 0.704570 0.566946 0.374676 0.198579 0.101494 0.043743 0.017812 0.009917 0.012115 0.018768 0.025183 0.027772 0.025083 
0.022063 0.014082 0.008240 -0.000251 0.007433 0.027490 -0.030615 0.064921 0.646415 1.288544 1.526758 1.658438 1.947393 2.017080 1.504554 0.877654 0.620444 0.478142 0.279383 0.141815 0.068475 0.027656 0.012202 0.010145 0.015202 0.022268 0.027103 0.027064 
0.025121 0.018046 0.011354 0.003161 0.000525 0.024335 -0.001325 -0.030523 0.312168 0.997403 1.448089 1.581529 1.799445 2.042225 1.814280 1.166678 0.711081 0.550004 0.380511 0.201011 0.098979 0.044679 0.017516 0.009972 0.012128 0.018778 0.025178 0.027752 
0.027112 0.021806 0.014796 0.007271 -0.001129 0.014162 0.020107 -0.039828 0.085008 0.647410 1.268704 1.529628 1.673138 1.949998 1.996876 1.505310 0.897754 0.611441 0.470984 0.286214 0.140903 0.067410 0.028301 0.011939 0.010223 0.015206 0.022272 0.027080 
0.027801 0.024920 0.018393 0.011394 0.001262 0.004670 0.025161 -0.013666 -0.023681 0.327305 0.984184 1.436879 1.593282 1.811054 2.030672 1.800734 1.181698 0.718052 0.537903 0.381510 0.205184 0.097003 0.044628 0.017826 0.009788 0.012208 0.018775 0.025160 
0.027123 0.026991 0.021860 0.015277 0.005750 -0.000039 0.018546 0.012442 -0.044715 0.100261 0.648954 1.251980 1.530145 1.688736 1.950251 1.979790 1.506615 0.913020 0.606761 0.463544 0.290701 0.141960 0.065794 0.028713 0.011986 0.010132 0.015276 0.022243 
0.025172 0.027759 0.024811 0.018880 0.010723 0.000445 0.008723 0.023770 -0.022908 -0.017154 0.339173 0.973875 1.425891 1.604151 1.821779 2.019343 1.790100 1.193449 0.724705 0.528900 0.380294 0.209266 0.096111 0.043867 0.018275 0.009696 0.012199 0.018802 
0.022269 0.027119 0.026847 0.022143 0.015307 0.004418 0.001956 0.021157 0.005309 -0.047403 0.112803 0.650323 1.237483 1.530041 1.703322 1.949883 1.964931 1.507746 0.925574 0.604279 0.456635 0.293416 0.143922 0.064368 0.028674 0.012261 0.010017 0.015299 
0.018844 0.025199 0.027642 0.024874 0.019230 0.009766 0.000495 0.012217 0.021319 -0.030103 -0.010956 0.348918 0.965108 1.415920 1.613930 1.831415 2.009032 1.781008 1.203076 0.731029 0.521942 0.378017 0.212791 0.096086 0.042820 0.018587 0.009775 0.012116 
0.015267 0.022330 0.027060 0.026768 0.022491 0.014980 0.003483 0.004285 0.022527 -0.001175 -0.048761 0.123558 0.651294 1.224783 1.529837 1.716470 1.949417 1.951869 1.508481 0.936341 0.603124 0.450375 0.294891 0.146219 0.063339 0.028278 0.012600 0.009968 
0.012023 0.018875 0.025215 0.027517 0.025059 0.019368 0.008781 0.001139 0.015089 0.018343 -0.035843 -0.005045 0.357083 0.957343 1.407101 1.622658 1.840000 1.999874 1.772919 1.211124 0.737065 0.516438 0.375216 0.215695 0.096654 0.041745 0.018686 0.009975 
0.010006 0.015209 0.022383 0.026975 0.026777 0.022796 0.014435 0.002956 0.006667 0.023022 -0.007037 -0.049225 0.132986 0.651847 1.213585 1.529692 1.728185 1.949009 1.940313 1.508798 0.945780 0.602863 0.444736 0.295491 0.148569 0.062719 0.027664 0.012896 
0.010230 0.011970 0.018880 0.025205 0.027431 0.025300 0.019306 0.007896 0.002165 0.017387 0.015115 -0.040484 0.000601 0.364000 0.950331 1.399362 1.630442 1.847641 1.991797 1.765586 1.217924 0.742834 0.512032 0.372163 0.218024 0.097606 0.040771 0.018583 
0.013097 0.010122 0.015155 0.022400 0.026893 0.026864 0.023007 0.013782 0.002786 0.008961 0.022886 -0.012330 -0.049052 0.141357 0.652033 1.203663 1.529643 1.738598 1.948699 1.930032 1.508749 0.954161 0.603236 0.439665 0.295461 0.150832 0.062455 0.026942 
0.018318 0.010489 0.011975 0.018858 0.025167 0.027403 0.025544 0.019080 0.007169 0.003427 0.019179 0.011789 -0.044259 0.005988 0.369903 0.943938 1.392580 1.637396 1.854453 1.984677 1.758872 1.223710 0.748342 0.508490 0.369012 0.219850 0.098794 0.039953 
0.026188 0.013187 0.010295 0.015120 0.022373 0.026831 0.027008 0.023106 0.013097 0.002910 0.011099 0.022287 -0.017108 -0.048413 0.148847 0.651919 1.194830 1.529689 1.747869 1.948483 1.920842 1.508401 0.961660 0.604074 0.435110 0.294969 0.152941 0.062486 
0.039311 0.017933 0.010719 0.012040 0.018814 0.025108 0.027435 0.025761 0.018736 0.006616 0.004823 0.020535 0.008457 -0.047334 0.011118 0.374970 0.938076 1.386621 1.643629 1.860544 1.978383 1.752690 1.228660 0.753593 0.505648 0.365855 0.221240 0.100117 
0.062753 0.025451 0.013167 0.010502 0.015112 0.022308 0.026795 0.027186 0.023097 0.012430 0.003269 0.013051 0.021347 -0.021420 -0.047430 0.155585 0.651571 1.186932 1.529813 1.756145 1.948347 1.912588 1.507819 0.968407 0.605254 0.431019 0.294136 0.154864 
0.101505 0.038843 0.017466 0.010904 0.012156 0.018756 0.025034 0.027518 0.025932 0.018310 0.006237 0.006284 0.021517 0.005176 -0.049832 0.015993 0.379340 0.932682 1.381370 1.649235 1.866008 1.972796 1.746978 1.232914 0.758587 0.503381 0.362749 0.222257 
0.156590 0.063204 0.024763 0.013052 0.010723 0.015130 0.022216 0.026785 0.027378 0.022993 0.011811 0.003811 0.014806 0.020154 -0.025310 -0.046196 0.161673 0.651045 1.179841 1.530000 1.763560 1.948274 1.905143 1.507060 0.974503 0.606685 0.427350 0.293051 
0.222956 0.102910 0.038536 0.016950 0.011036 0.012308 0.018693 0.024955 0.027637 0.026051 0.017835 0.006020 0.007760 0.022181 0.001984 -0.051851 0.020618 0.383128 0.927708 1.376722 1.654295 1.870927 1.967815 1.741687 1.236585 0.763330 0.501591 0.359732 
0.291782 0.158120 0.063795 0.024141 0.012858 0.010942 0.015173 0.022109 0.026800 0.027569 0.022811 0.011259 0.004495 0.016363 0.018777 -0.028818 -0.044778 0.167194 0.650387 1.173451 1.530233 1.770227 1.948248 1.898400 1.506171 0.980031 0.608298 0.424062 
0.356827 0.223384 0.104297 0.038376 0.016412 0.011113 0.012484 0.018633 0.024879 0.027779 0.026114 0.017338 0.005948 0.009218 0.022572 -0.001097 -0.053470 0.024999 0.386424 0.923111 1.372592 1.658878 1.875368 1.963352 1.736774 1.239765 0.767828 0.500201 
0.421117 0.290382 0.159460 0.064491 0.023595 0.012601 0.011145 0.015235 0.022000 0.026834 0.027744 0.022566 0.010784 0.005282 0.017730 0.017268 -0.031982 -0.043230 0.172215 0.649636 1.167672 1.530500 1.776242 1.948257 1.892268 1.505187 0.985059 0.610039 
0.499146 0.354047 0.223582 0.105643 0.038344 0.015870 0.011135 0.012669 0.018581 0.024811 0.027932 0.026124 0.016838 0.006006 0.010634 0.022733 -0.004051 -0.054753 0.029146 0.389305 0.918857 1.368907 1.663042 1.879392 1.959335 1.732204 1.242529 0.772090 
