0.000008 0.000127 0.000852 0.002723 0.006029 0.011101 0.019712 0.037394 0.087200 0.064462 0.777424 1.544666 1.659728 1.866296 1.972344 2.070120 1.367100 0.587894 0.474786 0.282857 0.155006 0.077293 0.035582 0.015105 0.005667 0.001690 0.000339 0.000048 
0.000017 0.000027 0.000378 0.001623 0.004193 0.008294 0.014868 0.024687 0.074025 0.027625 0.353819 1.215114 1.643268 1.755941 1.919083 2.079209 1.791407 0.923406 0.487611 0.388309 0.209953 0.110756 0.052907 0.023434 0.009441 0.003220 0.000808 0.000129 
0.000046 0.000005 0.000128 0.000858 0.002736 0.006000 0.011638 0.015510 0.057932 0.037011 0.117156 0.777568 1.491615 1.714162 1.825044 2.026407 2.016644 1.367085 0.640731 0.424846 0.303551 0.150817 0.077766 0.035491 0.015089 0.005673 0.001700 0.000343 
0.000130 0.000014 0.000026 0.000381 0.001644 0.004082 0.009242 0.010129 0.039725 0.051924 0.026402 0.395740 1.172581 1.649344 1.762941 1.925873 2.084840 1.748557 0.965332 0.486613 0.366427 0.225073 0.105981 0.053783 0.023276 0.009449 0.003230 0.000816 
0.000348 0.000044 0.000002 0.000126 0.000894 0.002534 0.007127 0.007700 0.023596 0.054879 0.017228 0.147562 0.776559 1.465541 1.725872 1.830980 2.037748 1.990149 1.365914 0.671277 0.405311 0.300654 0.158916 0.073764 0.036555 0.014859 0.005708 0.001708 
0.000817 0.000131 0.000011 0.000017 0.000434 0.001390 0.005100 0.006790 0.012514 0.045360 0.034726 0.032812 0.417543 1.152436 1.640935 1.774397 1.937122 2.075991 1.728096 0.987138 0.493247 0.349449 0.230790 0.108329 0.051260 0.024246 0.009183 0.003289 
0.001781 0.000341 0.000046 -0.000013 0.000189 0.000649 0.003244 0.006145 0.006806 0.030300 0.047471 0.008020 0.167708 0.777659 1.445769 1.728678 1.845493 2.040191 1.969959 1.366851 0.691560 0.396350 0.293405 0.165635 0.072806 0.035509 0.015539 0.005462 
0.003110 0.000888 0.000120 -0.000004 0.000077 0.000248 0.001742 0.005131 0.004877 0.016638 0.046159 0.022371 0.039684 0.432768 1.139317 1.629734 1.786014 1.948533 2.064354 1.714661 1.002362 0.500339 0.337314 0.231673 0.112418 0.049276 0.024230 0.009521 
0.005527 0.001685 0.000400 0.000013 0.000038 0.000082 0.000714 0.003723 0.004613 0.007880 0.034659 0.039782 0.003136 0.183021 0.779307 1.429112 1.729130 1.860905 2.040283 1.952886 1.368335 0.707008 0.391712 0.285875 0.170010 0.073816 0.033913 0.015988 
0.010000 0.003023 0.000868 0.000139 0.000011 0.000048 0.000154 0.002234 0.004452 0.004046 0.020670 0.044741 0.013115 0.046241 0.444725 1.129106 1.618754 1.796746 1.959063 2.052941 1.704136 1.014316 0.507115 0.328278 0.230341 0.116415 0.048373 0.023503 
0.015986 0.005819 0.001565 0.000412 0.000036 0.000042 -0.000047 0.001007 0.003750 0.003269 0.009858 0.037245 0.032625 0.000453 0.195624 0.780779 1.414680 1.728960 1.875308 2.039757 1.938041 1.369642 0.719743 0.389274 0.278877 0.172614 0.075731 0.032504 
0.022489 0.010341 0.003107 0.000774 0.000173 0.000040 -0.000056 0.000231 0.002589 0.003487 0.004082 0.024144 0.042263 0.005906 0.052470 0.454558 1.120436 1.608789 1.806389 1.968506 2.042547 1.695152 1.024144 0.513560 0.321289 0.227950 0.119855 0.048337 
0.031493 0.015627 0.006176 0.001511 0.000368 0.000094 -0.000009 -0.000112 0.001365 0.003421 0.002323 0.012170 0.038591 0.026117 -0.000900 0.206441 0.781854 1.402043 1.728690 1.888272 2.039134 1.924994 1.370551 0.730688 0.388164 0.272531 0.173978 0.077980 
0.048894 0.021447 0.010470 0.003313 0.000672 0.000195 0.000058 -0.000169 0.000430 0.002731 0.002495 0.004711 0.026995 0.039260 0.000151 0.058413 0.462813 1.112767 1.599974 1.814982 1.976901 2.033308 1.687170 1.032390 0.519717 0.315755 0.225036 0.122673 
0.080280 0.030890 0.015049 0.006491 0.001545 0.000300 0.000143 -0.000086 -0.000088 0.001681 0.002875 0.001785 0.014534 0.039060 0.020231 -0.001359 0.215932 0.782510 1.390907 1.728477 1.899806 2.038573 1.913451 1.371040 0.740305 0.387948 0.266807 0.174467 
0.124917 0.049834 0.020506 0.010398 0.003574 0.000609 0.000192 0.000051 -0.000243 0.000684 0.002673 0.001603 0.005723 0.029271 0.036006 -0.004503 0.064091 0.469819 1.105851 1.592239 1.822630 1.984353 2.025151 1.679941 1.039386 0.525607 0.311320 0.221871 
0.174327 0.082493 0.030642 0.014363 0.006711 0.001657 0.000234 0.000156 -0.000160 0.000013 0.001902 0.002220 0.001603 0.016810 0.038899 0.014914 -0.001180 0.224366 0.782799 1.381045 1.728360 1.910039 2.038110 1.903184 1.371161 0.748862 0.388368 0.261653 
0.218610 0.126656 0.051009 0.019721 0.010163 0.003838 0.000604 0.000161 0.000016 -0.000258 0.000941 0.002452 0.000869 0.006971 0.031041 0.032653 -0.008292 0.069511 0.475812 1.099551 1.585458 1.829449 1.990978 2.017952 1.673331 1.045367 0.531237 0.307752 
0.257016 0.173725 0.084551 0.030689 0.013646 0.006819 0.001826 0.000188 0.000126 -0.000214 0.000171 0.002011 0.001534 0.001716 0.018931 0.038274 0.010112 -0.000535 0.231919 0.782788 1.372271 1.728337 1.919131 2.037744 1.894007 1.370981 0.756536 0.389253 
0.304885 0.215343 0.127959 0.052317 0.019112 0.009809 0.004075 0.000659 0.000109 -0.000042 -0.000213 0.001171 0.002112 0.000310 0.008352 0.032375 0.029293 -0.011379 0.074675 0.480969 1.093782 1.579500 1.835547 1.996885 2.011580 1.667251 1.050509 0.536608 
0.390481 0.252845 0.172783 0.086423 0.030970 0.012946 0.006819 0.002029 0.000169 0.000057 -0.000242 0.000364 0.002012 0.000866 0.002065 0.020864 0.037308 0.005776 0.000454 0.238722 0.782542 1.364430 1.728391 1.927230 2.037460 1.885767 1.370565 0.763457 
0.541723 0.302594 0.212128 0.128889 0.053690 0.018675 0.009373 0.004267 0.000765 0.000042 -0.000113 -0.000118 0.001356 0.001691 -0.000075 0.009798 0.033335 0.025984 -0.013891 0.079585 0.485430 1.088481 1.574248 1.841019 2.002166 2.005917 1.661641 1.054953 
0.769725 0.391961 0.249097 0.171589 0.088097 0.031435 0.012294 0.006724 0.002247 0.000176 -0.000039 -0.000243 0.000571 0.001918 0.000246 0.002597 0.022600 0.036089 0.001862 0.001696 0.244876 0.782118 1.357396 1.728507 1.934469 2.037241 1.878336 1.369970 
1.058812 0.546586 0.300782 0.209004 0.129501 0.055079 0.018400 0.008888 0.004406 0.000908 -0.000030 -0.000189 0.000013 0.001488 0.001221 -0.000299 0.011260 0.033975 0.022764 -0.015922 0.084245 0.489308 1.083598 1.569598 1.845945 2.006904 2.000860 1.656449 
1.369243 0.775424 0.393624 0.245732 0.170212 0.089574 0.032040 0.011708 0.006549 0.002462 0.000207 -0.000150 -0.000221 0.000775 0.001744 -0.000306 0.003270 0.024139 0.034685 -0.001670 0.003122 0.250462 0.781562 1.351061 1.728670 1.940961 2.037070 1.871606 
1.651635 1.062178 0.551204 0.299371 0.205992 0.129842 0.056449 0.018270 0.008380 0.004490 0.001074 -0.000099 -0.000263 0.000168 0.001564 0.000728 -0.000376 0.012703 0.034344 0.019656 -0.017554 0.088662 0.492695 1.079091 1.565465 1.850394 2.011167 1.996323 
1.865488 1.368420 0.780622 0.395416 0.242711 0.168703 0.090861 0.032749 0.011199 0.006313 0.002662 0.000258 -0.000263 -0.000178 0.000964 0.001509 -0.000783 0.004047 0.025487 0.033149 -0.004858 0.004679 0.255549 0.780911 1.345335 1.728865 1.946803 2.036936 
1.992232 1.647164 1.065127 0.555585 0.298296 0.203107 0.129953 0.057777 0.018269 0.007870 0.004521 0.001250 -0.000160 -0.000329 0.000333 0.001587 0.000233 -0.000324 0.014105 0.034482 0.016673 -0.018848 0.092845 0.495667 1.074926 1.561776 1.854424 2.015013 
