0.001639 0.000242 -0.000002 -0.000002 0.011961 -0.084299 0.505108 1.096431 1.004478 1.019894 1.008175 1.102135 0.510493 -0.080830 0.013358 0.000242 -0.000002 -0.000002 0.000242 0.001639 0.005108 0.010493 0.016197 0.019894 0.019894 0.016197 0.010493 0.005108 
0.003095 0.000726 0.000181 -0.002162 0.021162 -0.078864 0.150098 0.860632 1.092902 0.999463 1.001429 1.097882 0.866446 0.154639 -0.076495 0.021844 -0.002108 0.000127 0.000044 0.000726 0.003095 0.007635 0.013450 0.018429 0.020396 0.018429 0.013450 0.007635 
0.005121 0.001608 0.000778 -0.004186 0.020584 -0.038169 -0.031592 0.505158 1.043199 1.058778 0.978693 1.062467 1.048892 0.510539 -0.028119 -0.036762 0.020835 -0.004186 0.000527 0.000201 0.001648 0.005119 0.010500 0.016194 0.019883 0.019883 0.016194 0.010500 
0.007657 0.002982 0.001671 -0.004551 0.012908 -0.000881 -0.080041 0.191981 0.817951 1.098800 1.006411 1.008373 1.103770 0.823757 0.196522 -0.077666 -0.000189 0.012967 -0.004610 0.000979 0.000606 0.003116 0.007645 0.013452 0.018421 0.020384 0.018421 0.013451 
0.010536 0.004919 0.002732 -0.003160 0.003916 0.017578 -0.057892 -0.001174 0.504053 1.016945 1.070355 0.984681 1.074036 1.022628 0.509429 0.002303 -0.056476 0.017836 0.003916 -0.003419 0.001316 0.001442 0.005160 0.010504 0.016191 0.019872 0.019872 0.016188 
0.013502 0.007404 0.003998 -0.000784 -0.002161 0.018574 -0.018020 -0.073586 0.213747 0.797658 1.090215 1.017816 1.019774 1.095175 0.803456 0.218287 -0.071203 -0.017318 0.018637 -0.002224 -0.001486 0.001615 0.002864 0.007704 0.013447 0.018414 0.020372 0.018407 
0.016247 0.010291 0.005630 0.001747 -0.004055 0.010638 0.010218 -0.067041 0.018982 0.505056 0.996994 1.073030 0.999246 1.076703 1.002668 0.510428 0.022463 -0.065616 0.010484 0.010638 -0.004321 0.000322 0.002149 0.004920 0.010573 0.016176 0.019864 0.019850 
0.018461 0.013315 0.007757 0.004028 -0.002700 0.001969 0.019406 -0.030316 -0.066671 0.228932 0.784390 1.078840 1.029384 1.031337 1.083790 0.790180 0.233472 -0.064280 -0.029605 0.019473 0.001902 -0.003411 0.001638 0.003217 0.007525 0.013511 0.018395 0.020348 
0.019892 0.016137 0.010357 0.006108 0.000212 -0.002981 0.015015 0.002577 -0.071865 0.034305 0.506607 0.980159 1.073354 1.014711 1.077019 0.985823 0.511974 0.037790 -0.070431 0.002851 0.015015 -0.003255 -0.001223 0.002623 0.004990 0.010473 0.016227 0.019823 
0.020354 0.018425 0.013219 0.008249 0.003348 -0.003534 0.006008 0.018021 -0.039513 -0.060070 0.240849 0.774031 1.067687 1.040069 1.042018 1.072628 0.779813 0.245388 -0.057673 -0.038793 0.018092 0.005937 -0.004254 0.000950 0.003710 0.007437 0.013485 0.018405 
0.019836 0.019889 0.016003 0.010650 0.006136 -0.001135 -0.001004 0.017619 -0.004532 -0.074489 0.046918 0.507981 0.965549 1.073057 1.029167 1.076715 0.971204 0.513344 0.050406 -0.073045 -0.004251 0.017619 -0.001285 -0.002579 0.002647 0.005288 0.010349 0.016231 
0.018430 0.020374 0.018315 0.013295 0.008605 0.002382 -0.003501 0.009488 0.015577 -0.046663 -0.053798 0.250640 0.765212 1.057551 1.049666 1.051611 1.062482 0.770986 0.255179 -0.051393 -0.045933 0.015652 0.009413 -0.004231 -0.000023 0.004066 0.007521 0.013385 
0.016179 0.019885 0.019829 0.015936 0.011008 0.005807 -0.002084 0.001308 0.018983 -0.010991 -0.075783 0.057742 0.508957 0.952735 1.072662 1.042185 1.076312 0.958380 0.514315 0.061234 -0.074330 -0.010702 0.018983 0.001019 -0.003537 0.002314 0.005650 0.010291 
0.013276 0.018443 0.020384 0.018197 0.013493 0.008748 0.001387 -0.002876 0.012346 0.012608 -0.052357 -0.047813 0.258852 0.757394 1.048567 1.058214 1.060155 1.053488 0.763161 0.263390 -0.045401 -0.051618 0.012687 0.012267 -0.003614 -0.001025 0.004209 0.007726 
0.010321 0.016103 0.019925 0.019745 0.015956 0.011324 0.005260 -0.002626 0.003671 0.019471 -0.016827 -0.076183 0.067240 0.509514 0.941424 1.072326 1.053772 1.075968 0.947059 0.514868 0.070736 -0.074721 -0.016531 0.019471 0.003375 -0.004088 0.001763 0.005971 
0.007987 0.013206 0.018431 0.020367 0.018117 0.013745 0.008690 0.000494 -0.001867 0.014629 0.009388 -0.056952 -0.042094 0.265815 0.750330 1.040664 1.065819 1.067755 1.045575 0.756088 0.270353 -0.039674 -0.056204 0.009471 0.014545 -0.002615 -0.001926 0.004151 
0.006196 0.010428 0.016029 0.019929 0.019664 0.016053 0.011545 0.004605 -0.002811 0.005947 0.019329 -0.022095 -0.075946 0.075679 0.509703 0.931388 1.072088 1.064060 1.075722 0.937013 0.515052 0.079179 -0.074474 -0.021791 0.019329 0.005643 -0.004282 0.001105 
0.003931 0.008251 0.013194 0.018391 0.020323 0.018096 0.014001 0.008469 -0.000242 -0.000623 0.016406 0.006069 -0.060681 -0.036633 0.271763 0.743882 1.033716 1.072596 1.074528 1.038618 0.749632 0.276301 -0.034206 -0.059924 0.006156 0.016318 -0.001380 -0.002669 
0.000415 0.006309 0.010592 0.015975 0.019889 0.019602 0.016208 0.011654 0.003918 -0.002701 0.008067 0.018723 -0.026846 -0.075242 0.083238 0.509591 0.922439 1.071944 1.073206 1.075571 0.928055 0.514936 0.086741 -0.073762 -0.026536 0.018723 0.007756 -0.004181 
-0.003237 0.003592 0.008487 0.013243 0.018329 0.020257 0.018135 0.014230 0.008130 -0.000803 0.000755 0.017747 0.002744 -0.063708 -0.031429 0.276874 0.737965 1.027594 1.078653 1.080581 1.032486 0.743707 0.281411 -0.028995 -0.062942 0.002836 0.017656 -0.000011 
-0.003846 -0.000258 0.006315 0.010791 0.015947 0.019811 0.019566 0.016397 0.011655 0.003250 -0.002357 0.010000 0.017777 -0.031131 -0.074195 0.090044 0.509244 0.914426 1.071881 1.081360 1.075500 0.920032 0.514584 0.093552 -0.072706 -0.030813 0.017777 0.009682 
0.001422 -0.003632 0.003171 0.008678 0.013342 0.018254 0.020177 0.018224 0.014413 0.007709 -0.001191 0.002197 0.018714 -0.000528 -0.066159 -0.026480 0.281288 0.732515 1.022178 1.084085 1.086009 1.027061 0.738250 0.285825 -0.024039 -0.065384 -0.000433 0.018619 
0.011410 -0.003326 -0.000882 0.006225 0.011004 0.015946 0.019706 0.019558 0.016600 0.011561 0.002630 -0.001828 0.011736 0.016578 -0.034994 -0.072895 0.096200 0.508718 0.907220 1.071881 1.088654 1.075492 0.912816 0.514053 0.099712 -0.071397 -0.034669 0.016578 
0.019263 0.002871 -0.003865 0.002702 0.008816 0.013477 0.018173 0.020092 0.018351 0.014543 0.007239 -0.001416 0.003655 0.019363 -0.003712 -0.068131 -0.021781 0.285118 0.727484 1.017366 1.088973 1.090892 1.022240 0.733211 0.289655 -0.019333 -0.067347 -0.003613 
0.015195 0.012941 -0.002666 -0.001439 0.006057 0.011214 0.015969 0.019586 0.019573 0.016801 0.011388 0.002076 -0.001159 0.013274 0.015195 -0.038475 -0.071412 0.101788 0.508059 0.900713 1.071928 1.095202 1.075532 0.906300 0.513390 0.105303 -0.069905 -0.038143 
-0.006681 0.019635 0.004301 -0.003951 0.002210 0.008899 0.013636 0.018094 0.020010 0.018500 0.014619 0.006746 -0.001496 0.005094 0.019739 -0.006784 -0.069702 -0.017326 0.288457 0.722830 1.013073 1.093384 1.095300 1.017937 0.728549 0.292993 -0.014871 -0.068908 
-0.041272 0.013679 0.014282 -0.001902 -0.001920 0.005826 0.011409 0.016011 0.019464 0.019608 0.016987 0.011152 0.001599 -0.000386 0.014622 0.013679 -0.041612 -0.069798 0.106876 0.507306 0.894817 1.072010 1.101099 1.075607 0.900395 0.512633 0.110395 -0.068282 
-0.070133 -0.009623 0.019777 0.005690 -0.003909 0.001715 0.008928 0.013804 0.018025 0.019936 0.018659 0.014640 0.006252 -0.001447 0.006492 0.019885 -0.009730 -0.070936 -0.013106 0.291379 0.718517 1.009224 1.097378 1.099290 1.014079 0.724229 0.295915 -0.010644 
