0.043381 0.149470 0.275209 0.460428 0.676470 0.874233 0.993812 1.005531 0.788296 1.176470 1.546366 1.264005 1.145377 1.055826 1.113582 0.510082 -0.081970 0.015109 0.005362 0.007985 0.009758 0.009750 0.007937 0.005142 0.002503 0.000803 0.001298 -0.007452 
0.009563 0.092261 0.207475 0.361133 0.567299 0.781608 0.944933 1.030848 0.867495 0.928480 1.420198 1.441570 1.184463 1.081680 1.123323 0.869862 0.153059 -0.076369 0.025311 0.004546 0.009190 0.009998 0.009031 0.006590 0.003755 0.001314 0.002283 -0.006140 
-0.004780 0.044260 0.146002 0.278030 0.459567 0.677341 0.869974 1.014168 0.955162 0.840936 1.176644 1.493317 1.318412 1.104177 1.110063 1.060288 0.510099 -0.029267 -0.035007 0.025966 0.003811 0.010291 0.009706 0.007933 0.005196 0.002137 0.002530 -0.002197 
-0.006921 0.012377 0.090157 0.207136 0.362495 0.567643 0.777162 0.959806 1.008549 0.866150 0.970402 1.377689 1.447624 1.191463 1.088589 1.129153 0.827131 0.194925 -0.077540 0.003287 0.019632 0.004462 0.010936 0.008893 0.006686 0.003363 0.002479 0.001033 
-0.003805 -0.003252 0.044786 0.144157 0.278782 0.461184 0.673088 0.878228 1.010877 0.935212 0.871285 1.175662 1.467244 1.330097 1.110168 1.121579 1.033971 0.508960 0.001147 -0.054715 0.022978 0.011924 0.006354 0.010799 0.007813 0.004918 0.002692 0.002628 
-0.000052 -0.007045 0.013928 0.089162 0.206255 0.364582 0.565159 0.779444 0.965452 0.991101 0.872451 0.992201 1.357568 1.439196 1.202922 1.099956 1.120500 0.806789 0.216673 -0.071078 -0.013834 0.025313 0.006861 0.008450 0.009976 0.006248 0.003521 0.003062 
0.002344 -0.004732 -0.002216 0.045222 0.142672 0.279873 0.460869 0.671999 0.884918 1.003350 0.925791 0.891387 1.176783 1.447475 1.332881 1.124736 1.124193 1.013957 0.509930 0.021300 -0.063850 0.015635 0.018662 0.005436 0.009854 0.008453 0.004549 0.003287 
0.003390 -0.000920 -0.007005 0.015035 0.088325 0.206011 0.365371 0.563470 0.783395 0.966220 0.978554 0.879182 1.007432 1.344467 1.427978 1.214543 1.111487 1.109056 0.793471 0.231841 -0.064155 -0.026114 0.026166 0.010982 0.006548 0.010009 0.006426 0.003597 
0.003592 0.002032 -0.005366 -0.001377 0.045399 0.141835 0.280499 0.459979 0.673022 0.889161 0.995564 0.920714 0.906637 1.178457 1.430818 1.333316 1.140205 1.124455 0.997058 0.511447 0.036620 -0.068661 0.008017 0.023042 0.006508 0.008350 0.008808 0.004631 
0.003794 0.003454 -0.001584 -0.006879 0.015778 0.087777 0.205979 0.365250 0.562972 0.787276 0.964708 0.969145 0.885594 1.019385 1.334278 1.416979 1.225284 1.122135 1.097834 0.783061 0.243740 -0.057549 -0.035290 0.024795 0.015015 0.005744 0.009278 0.006808 
0.005018 0.003765 0.001662 -0.005763 -0.000748 0.045495 0.141429 0.280565 0.459217 0.675053 0.891590 0.988294 0.917864 0.919165 1.179955 1.416387 1.333129 1.154666 1.124097 0.982385 0.512787 0.049228 -0.071269 0.000928 0.025646 0.008502 0.007006 0.008710 
0.007111 0.004148 0.003346 -0.002106 -0.006719 0.016278 0.087514 0.205876 0.364713 0.563382 0.790641 0.962089 0.961796 0.891688 1.029203 1.325631 1.406998 1.234938 1.131696 1.087629 0.774191 0.253513 -0.051270 -0.042419 0.022359 0.018501 0.005801 0.008233 
0.008275 0.005509 0.003920 0.001252 -0.006013 -0.000288 0.045616 0.141226 0.280221 0.458789 0.677486 0.892771 0.981650 0.916364 0.929903 1.181047 1.403754 1.332843 1.167691 1.123641 0.969507 0.513728 0.060048 -0.072547 -0.005515 0.027013 0.010838 0.006033 
0.007150 0.007247 0.004595 0.003173 -0.002545 -0.006568 0.016653 0.087446 0.205619 0.364059 0.564395 0.793427 0.958918 0.955902 0.897509 1.037434 1.317983 1.398171 1.243542 1.140209 1.078576 0.766322 0.261706 -0.045276 -0.048094 0.019397 0.021375 0.006439 
0.005448 0.007645 0.005976 0.004099 0.000840 -0.006198 0.000065 0.045794 0.141076 0.279632 0.458715 0.680013 0.893082 0.975605 0.915769 0.939319 1.181715 1.392624 1.332618 1.179285 1.123245 0.958131 0.514251 0.069542 -0.072930 -0.011338 0.027511 0.013226 
0.007446 0.006167 0.007214 0.005066 0.003006 -0.002939 -0.006446 0.016985 0.087483 0.205210 0.363443 0.565787 0.795674 0.955479 0.951099 0.903075 1.044413 1.311084 1.390426 1.251204 1.147779 1.070604 0.759206 0.268651 -0.039547 -0.052672 0.016186 0.023679 
0.015522 0.005208 0.006931 0.006352 0.004309 0.000458 -0.006367 0.000359 0.046026 0.140903 0.278923 0.458950 0.682480 0.892775 0.970112 0.915817 0.947681 1.182008 1.382768 1.332492 1.189580 1.122947 0.948030 0.514404 0.077979 -0.072676 -0.016594 0.027384 
0.025481 0.008675 0.005348 0.007041 0.005511 0.002880 -0.003304 -0.006358 0.017314 0.087559 0.204680 0.362941 0.567403 0.797445 0.951935 0.947154 0.908392 1.050377 1.304798 1.383638 1.258039 1.154521 1.063587 0.752706 0.274581 -0.034077 -0.056386 0.012879 
0.026799 0.017655 0.005257 0.006206 0.006614 0.004540 0.000119 -0.006543 0.000624 0.046296 0.140674 0.278177 0.459441 0.684808 0.892020 0.965120 0.916331 0.955169 1.181997 1.373999 1.332463 1.198734 1.122743 0.939017 0.514256 0.085535 -0.071958 -0.021334 
0.009569 0.026847 0.010029 0.004714 0.006764 0.005903 0.002803 -0.003648 -0.006299 0.017655 0.087634 0.204064 0.362580 0.569140 0.798803 0.948384 0.943900 0.913458 1.055505 1.299038 1.377675 1.264157 1.160545 1.057395 0.746735 0.279674 -0.028864 -0.059400 
-0.025606 0.025876 0.019596 0.005538 0.005517 0.006763 0.004778 -0.000170 -0.006730 0.000876 0.046586 0.140380 0.277448 0.460134 0.686958 0.890938 0.960586 0.917187 0.961911 1.181747 1.366161 1.332515 1.206898 1.122620 0.930938 0.513873 0.092340 -0.070898 
-0.061838 0.006315 0.027837 0.011440 0.004262 0.006415 0.006226 0.002772 -0.003970 -0.006262 0.018007 0.087684 0.203398 0.362369 0.570926 0.799806 0.944887 0.941214 0.918272 1.059939 1.293742 1.372418 1.269650 1.165943 1.051910 0.741233 0.284070 -0.023906 
-0.069586 -0.029454 0.024703 0.021331 0.006003 0.004890 0.006808 0.005010 -0.000413 -0.006924 0.001123 0.046877 0.140026 0.276770 0.460984 0.688915 0.889619 0.956468 0.918293 0.968007 1.181318 1.359128 1.332631 1.214202 1.122560 0.923665 0.513311 0.098494 
-0.019200 -0.063797 0.003153 0.028505 0.012861 0.003982 0.006024 0.006476 0.002776 -0.004269 -0.006237 0.018365 0.087697 0.202708 0.362301 0.572713 0.800504 0.941484 0.939001 0.922838 1.063791 1.288861 1.367764 1.274600 1.170798 1.047029 0.736148 0.287883 
0.104079 -0.068091 -0.032918 0.023346 0.022864 0.006610 0.004341 0.006765 0.005223 -0.000612 -0.007116 0.001367 0.047155 0.139623 0.276163 0.461951 0.690676 0.888128 0.952729 0.919578 0.973537 1.180756 1.352793 1.332796 1.220761 1.122548 0.917093 0.512617 
0.291204 -0.014738 -0.065354 0.000105 0.028898 0.014260 0.003858 0.005613 0.006654 0.002803 -0.004540 -0.006216 0.018720 0.087667 0.202017 0.362365 0.574468 0.800941 0.938198 0.937183 0.927160 1.067154 1.284356 1.363627 1.279076 1.175177 1.042665 0.731441 
0.511828 0.109164 -0.066467 -0.036035 0.021856 0.024201 0.007325 0.003878 0.006651 0.005409 -0.000776 -0.007299 0.001609 0.047408 0.139181 0.275636 0.463002 0.692245 0.886516 0.949334 0.920990 0.978570 1.180100 1.347065 1.332995 1.226672 1.122570 0.911130 
0.727074 0.294109 -0.010513 -0.066573 -0.002815 0.029057 0.015614 0.003871 0.005201 0.006764 0.002843 -0.004783 -0.006194 0.019063 0.087595 0.201343 0.362547 0.576168 0.801155 0.935044 0.935697 0.931246 1.070102 1.280190 1.359934 1.283136 1.179140 1.038746 
