0.793815 0.975710 0.977976 0.803617 0.541818 0.317826 0.225564 0.286773 0.457848 0.671251 0.878149 1.064370 1.234345 1.380469 1.464981 1.432738 1.249733 0.938911 0.581718 0.277927 0.090269 0.015016 0.000810 0.000142 0.011900 0.080315 0.250288 0.514149 
0.659061 0.903466 1.001113 0.908733 0.675875 0.418013 0.252259 0.238663 0.362737 0.562936 0.777023 0.973644 1.151369 1.312192 1.433917 1.466495 1.360000 1.106110 0.759656 0.418013 0.168478 0.041289 0.003840 -0.000072 0.002243 0.035611 0.151645 0.374122 
0.514492 0.793669 0.975164 0.977440 0.803438 0.542101 0.318327 0.225922 0.286779 0.457564 0.670916 0.877997 1.064500 1.234671 1.380745 1.464959 1.432379 1.249291 0.938748 0.581991 0.278437 0.090615 0.014922 0.000349 -0.000319 0.011807 0.080689 0.250841 
0.374617 0.659173 0.903084 1.000518 0.908344 0.675937 0.418449 0.252728 0.238855 0.362576 0.562593 0.776756 0.973632 1.151620 1.312527 1.434065 1.466289 1.359555 1.105768 0.759713 0.418448 0.168954 0.041429 0.003531 -0.000586 0.001932 0.035765 0.152157 
0.251397 0.514829 0.793522 0.974625 0.976901 0.803264 0.542380 0.318826 0.226279 0.286786 0.457282 0.670580 0.877845 1.064632 1.234995 1.381018 1.464935 1.432022 1.248851 0.938585 0.582262 0.278944 0.090959 0.014828 -0.000110 -0.000780 0.011718 0.081056 
0.152666 0.375111 0.659282 0.902706 0.999926 0.907956 0.676000 0.418880 0.253196 0.239046 0.362417 0.562251 0.776489 0.973621 1.151871 1.312861 1.434211 1.466084 1.359112 1.105430 0.759770 0.418880 0.169428 0.041569 0.003224 -0.001098 0.001624 0.035917 
0.081420 0.251952 0.515165 0.793376 0.974091 0.976363 0.803090 0.542657 0.319322 0.226636 0.286795 0.457001 0.670246 0.877693 1.064763 1.235320 1.381290 1.464909 1.431665 1.248415 0.938425 0.582532 0.279448 0.091301 0.014735 -0.000566 -0.001238 0.011628 
0.036068 0.153173 0.375604 0.659388 0.902331 0.999336 0.907568 0.676063 0.419309 0.253663 0.239239 0.362259 0.561910 0.776223 0.973610 1.152122 1.313194 1.434354 1.465878 1.358673 1.105094 0.759827 0.419310 0.169899 0.041708 0.002918 -0.001608 0.001317 
0.011540 0.081783 0.252505 0.515498 0.793229 0.973559 0.975827 0.802916 0.542933 0.319815 0.226992 0.286805 0.456722 0.669911 0.877541 1.064895 1.235643 1.381559 1.464882 1.431310 1.247982 0.938266 0.582800 0.279949 0.091641 0.014642 -0.001020 -0.001694 
0.001013 0.036217 0.153679 0.376095 0.659493 0.901959 0.998749 0.907181 0.676124 0.419736 0.254127 0.239432 0.362103 0.561570 0.775956 0.973599 1.152374 1.313525 1.434496 1.465672 1.358235 1.104761 0.759885 0.419737 0.170368 0.041846 0.002614 -0.002115 
-0.002146 0.011451 0.082144 0.253056 0.515829 0.793083 0.973031 0.975293 0.802742 0.543207 0.320306 0.227348 0.286816 0.456443 0.669577 0.877389 1.065028 1.235966 1.381826 1.464854 1.430957 1.247552 0.938108 0.583067 0.280448 0.091979 0.014550 -0.001472 
-0.002619 0.000710 0.036366 0.154183 0.376584 0.659597 0.901588 0.998164 0.906795 0.676185 0.420160 0.254590 0.239626 0.361949 0.561231 0.775689 0.973589 1.152625 1.313855 1.434636 1.465466 1.357800 1.104431 0.759942 0.420162 0.170834 0.041983 0.002311 
-0.001922 -0.002597 0.011363 0.082503 0.253605 0.516158 0.792937 0.972505 0.974761 0.802568 0.543479 0.320795 0.227703 0.286829 0.456166 0.669244 0.877237 1.065160 1.236288 1.382092 1.464825 1.430604 1.247124 0.937952 0.583333 0.280943 0.092315 0.014459 
0.002010 -0.003120 0.000409 0.036513 0.154684 0.377071 0.659701 0.901218 0.997583 0.906410 0.676245 0.420582 0.255051 0.239820 0.361796 0.560892 0.775423 0.973579 1.152876 1.314183 1.434773 1.465260 1.357368 1.104103 0.760000 0.420584 0.171297 0.042120 
0.014367 -0.002369 -0.003045 0.011275 0.082861 0.254151 0.516486 0.792792 0.971982 0.974231 0.802394 0.543749 0.321281 0.228057 0.286843 0.455891 0.668910 0.877086 1.065293 1.236610 1.382355 1.464794 1.430254 1.246700 0.937798 0.583598 0.281436 0.092650 
0.042256 0.001710 -0.003619 0.000109 0.036661 0.155184 0.377555 0.659804 0.900851 0.997004 0.906026 0.676304 0.421002 0.255511 0.240014 0.361644 0.560555 0.775157 0.973569 1.153127 1.314510 1.434909 1.465054 1.356938 1.103778 0.760057 0.421004 0.171758 
0.092983 0.014277 -0.002813 -0.003490 0.011188 0.083217 0.254696 0.516812 0.792648 0.971461 0.973703 0.802221 0.544018 0.321766 0.228411 0.286858 0.455616 0.668577 0.876935 1.065426 1.236931 1.382617 1.464762 1.429904 1.246279 0.937645 0.583861 0.281925 
0.172216 0.042391 0.001412 -0.004116 -0.000190 0.036807 0.155681 0.378037 0.659906 0.900485 0.996428 0.905644 0.676362 0.421420 0.255969 0.240209 0.361494 0.560218 0.774891 0.973559 1.153378 1.314836 1.435043 1.464848 1.356510 1.103455 0.760115 0.421421 
0.282412 0.093313 0.014186 -0.003256 -0.003934 0.011101 0.083572 0.255238 0.517136 0.792504 0.970943 0.973178 0.802047 0.544284 0.322248 0.228764 0.286874 0.455343 0.668245 0.876784 1.065559 1.237251 1.382876 1.464729 1.429555 1.245860 0.937494 0.584123 
0.421837 0.172671 0.042526 0.001116 -0.004609 -0.000487 0.036953 0.156177 0.378517 0.660007 0.900121 0.995854 0.905263 0.676419 0.421835 0.256426 0.240405 0.361346 0.559882 0.774626 0.973550 1.153629 1.315160 1.435175 1.464642 1.356085 1.103135 0.760173 
0.584383 0.282896 0.093642 0.014097 -0.003696 -0.004375 0.011014 0.083925 0.255777 0.517459 0.792360 0.970427 0.972655 0.801874 0.544549 0.322728 0.229117 0.286892 0.455072 0.667914 0.876633 1.065693 1.237570 1.383134 1.464695 1.429208 1.245444 0.937344 
0.760231 0.422250 0.173124 0.042660 0.000821 -0.005100 -0.000782 0.037098 0.156670 0.378995 0.660108 0.899759 0.995283 0.904883 0.676475 0.422248 0.256881 0.240600 0.361198 0.559547 0.774360 0.973540 1.153879 1.315483 1.435306 1.464437 1.355662 1.102817 
0.937196 0.584643 0.283378 0.093969 0.014008 -0.004133 -0.004814 0.010928 0.084277 0.256314 0.517780 0.792217 0.969913 0.972133 0.801701 0.544812 0.323206 0.229469 0.286910 0.454801 0.667582 0.876482 1.065826 1.237889 1.383391 1.464660 1.428863 1.245030 
1.102501 0.760289 0.422660 0.173574 0.042793 0.000528 -0.005589 -0.001076 0.037243 0.157161 0.379470 0.660208 0.899398 0.994714 0.904505 0.676530 0.422659 0.257335 0.240796 0.361052 0.559213 0.774095 0.973531 1.154129 1.315804 1.435435 1.464231 1.355241 
1.244620 0.937049 0.584901 0.283856 0.094295 0.013919 -0.004569 -0.005251 0.010843 0.084627 0.256849 0.518100 0.792075 0.969402 0.971614 0.801527 0.545073 0.323682 0.229821 0.286929 0.454532 0.667252 0.876332 1.065959 1.238206 1.383645 1.464623 1.428518 
1.354822 1.102188 0.760348 0.423069 0.174022 0.042925 0.000236 -0.006075 -0.001368 0.037387 0.157650 0.379944 0.660307 0.899039 0.994148 0.904128 0.676584 0.423067 0.257787 0.240993 0.360908 0.558880 0.773831 0.973523 1.154379 1.316124 1.435562 1.464025 
1.428175 1.244212 0.936903 0.585158 0.284332 0.094618 0.013830 -0.005002 -0.005685 0.010758 0.084976 0.257381 0.518418 0.791933 0.968893 0.971097 0.801355 0.545333 0.324156 0.230172 0.286950 0.454264 0.666922 0.876182 1.066092 1.238523 1.383898 1.464586 
1.463819 1.354406 1.101878 0.760406 0.423475 0.174467 0.043056 -0.000054 -0.006558 -0.001659 0.037531 0.158137 0.380415 0.660407 0.898681 0.993585 0.903752 0.676636 0.423474 0.258238 0.241190 0.360764 0.558548 0.773567 0.973514 1.154628 1.316442 1.435688 
