0.049612 0.032185 0.015863 0.005906 0.003905 0.009959 0.027641 0.068286 0.161996 0.204626 0.990061 1.806869 1.915504 2.044990 2.021948 1.984370 1.186971 0.377007 0.287380 0.145253 0.067540 0.028386 0.014983 0.018807 0.033023 0.049823 0.060974 0.060935 
0.056446 0.041212 0.023491 0.009929 0.003928 0.005834 0.016949 0.041858 0.123967 0.132961 0.530988 1.457646 1.910779 1.981550 2.037209 2.058696 1.651267 0.719940 0.283235 0.224326 0.098441 0.044147 0.019068 0.015177 0.025088 0.041641 0.056547 0.062485 
0.060902 0.049604 0.032208 0.015903 0.005937 0.003861 0.010447 0.023385 0.088815 0.111883 0.257461 0.990305 1.753753 1.969715 2.003530 2.076006 1.931094 1.187177 0.429913 0.237347 0.165810 0.063276 0.028868 0.014946 0.018844 0.033050 0.049819 0.060943 
0.062449 0.056423 0.041220 0.023525 0.009979 0.003819 0.006747 0.012154 0.056858 0.101897 0.131855 0.573045 1.415139 1.916698 1.988309 2.043879 2.064438 1.608654 0.762023 0.282217 0.202313 0.113446 0.039340 0.019983 0.015078 0.025135 0.041654 0.056527 
0.060912 0.060870 0.049596 0.032229 0.015973 0.005754 0.004972 0.006460 0.031417 0.085752 0.092176 0.288007 0.989392 1.727613 1.981203 2.009262 2.087342 1.904796 1.186226 0.460529 0.217722 0.162777 0.071298 0.024874 0.016064 0.018666 0.033107 0.049813 
0.056500 0.062415 0.056401 0.041221 0.023610 0.009755 0.004840 0.004261 0.014482 0.062455 0.084731 0.138383 0.594984 1.395019 1.908133 1.999525 2.055009 2.055699 1.588427 0.783987 0.288832 0.185205 0.119048 0.041656 0.017497 0.016107 0.024908 0.041716 
0.049871 0.060870 0.060841 0.049576 0.032314 0.015762 0.006483 0.003974 0.005517 0.038068 0.078336 0.083046 0.308293 0.990587 1.707774 1.983790 2.023573 2.089780 1.884801 1.187381 0.480884 0.208671 0.155391 0.077941 0.023924 0.015074 0.019400 0.032883 
0.041539 0.056543 0.062368 0.056367 0.041291 0.023455 0.010136 0.004874 0.002313 0.018549 0.063216 0.072408 0.145372 0.610344 1.381922 1.896777 2.010905 2.066303 2.044169 1.575225 0.799369 0.295907 0.172940 0.119815 0.045712 0.015551 0.016149 0.025286 
0.032970 0.049760 0.060893 0.060779 0.049622 0.032231 0.015861 0.006979 0.002426 0.006542 0.042373 0.070639 0.078240 0.323746 0.992328 1.691049 1.984024 2.038785 2.089867 1.867921 1.189081 0.496403 0.203946 0.147725 0.082239 0.024941 0.013532 0.019902 
0.025805 0.041455 0.056495 0.062351 0.056363 0.041272 0.023392 0.010657 0.004197 0.001449 0.022524 0.061761 0.063186 0.152047 0.622433 1.371732 1.885641 2.021403 2.076717 2.032863 1.564929 0.811480 0.302667 0.163776 0.118368 0.049676 0.014686 0.015481 
0.019953 0.033284 0.049626 0.060870 0.060771 0.049621 0.032124 0.016188 0.007025 0.001066 0.008471 0.044905 0.063474 0.075636 0.336490 0.993892 1.676548 1.983637 2.052990 2.089336 1.853265 1.190603 0.509211 0.201422 0.140592 0.084764 0.026862 0.012178 
0.014528 0.026186 0.041542 0.056374 0.062348 0.056373 0.041178 0.023501 0.011041 0.003235 0.001450 0.025941 0.059245 0.056011 0.158395 0.632399 1.363081 1.875520 2.030814 2.086046 2.022574 1.556171 0.821464 0.309098 0.156661 0.115861 0.053081 0.014686 
0.011221 0.019647 0.033663 0.049557 0.060791 0.060799 0.049565 0.032083 0.016580 0.006715 0.000103 0.010733 0.046196 0.056959 0.074362 0.347445 0.995057 1.663841 1.983152 2.065760 2.088708 1.840406 1.191725 0.520230 0.200228 0.134110 0.086049 0.029117 
0.015280 0.013545 0.026355 0.041751 0.056244 0.062335 0.056372 0.041075 0.023731 0.011213 0.002245 0.002044 0.028735 0.056205 0.050291 0.164457 0.640783 1.355430 1.866551 2.039178 2.094328 2.013438 1.548414 0.829867 0.315243 0.151001 0.112830 0.055864 
0.031423 0.010672 0.019123 0.034000 0.049577 0.060688 0.060818 0.049483 0.032129 0.016929 0.006187 -0.000451 0.013047 0.046612 0.051067 0.073984 0.357075 0.995802 1.652634 1.982726 2.077100 2.088142 1.829048 1.192426 0.529921 0.199930 0.128252 0.086459 
0.058072 0.016256 0.012663 0.026322 0.042014 0.056153 0.062296 0.056345 0.041011 0.024016 0.011183 0.001356 0.003021 0.030953 0.052914 0.045672 0.170254 0.647920 1.348530 1.858661 2.046598 2.101668 2.005384 1.541409 0.837019 0.321122 0.146443 0.109549 
0.086238 0.033641 0.010479 0.018491 0.034241 0.049674 0.060587 0.060801 0.049405 0.032253 0.017183 0.005550 -0.000648 0.015274 0.046397 0.045744 0.074244 0.365647 0.996177 1.642701 1.982398 2.087143 2.087675 1.818964 1.192757 0.538553 0.200269 0.122964 
0.106171 0.059774 0.017467 0.011939 0.026128 0.042282 0.056120 0.062229 0.056291 0.041005 0.024304 0.010992 0.000624 0.004234 0.032666 0.049524 0.041920 0.175793 0.654041 1.342245 1.851726 2.053192 2.108184 1.998286 1.535019 0.843155 0.326742 0.142751 
0.118192 0.085556 0.035703 0.010580 0.017828 0.034372 0.049829 0.060506 0.060741 0.049345 0.032433 0.017325 0.004883 -0.000552 0.017344 0.045719 0.040938 0.074971 0.373338 0.996251 1.633854 1.982164 2.096046 2.087304 1.809969 1.192786 0.546304 0.201075 
0.139762 0.102787 0.061040 0.018811 0.011389 0.025814 0.042522 0.056148 0.062141 0.056215 0.041060 0.024565 0.010680 0.000068 0.005580 0.033943 0.046129 0.038869 0.181076 0.659325 1.336490 1.845614 2.059067 2.113981 1.992014 1.529158 0.848452 0.332105 
0.202226 0.113889 0.084532 0.037578 0.010916 0.017182 0.034394 0.050017 0.060451 0.060642 0.049313 0.032648 0.017359 0.004233 -0.000220 0.019227 0.044699 0.036598 0.076042 0.380279 0.996089 1.625941 1.982010 2.103959 2.087015 1.801908 1.192577 0.553301 
0.337213 0.137351 0.099456 0.061932 0.020219 0.011012 0.025418 0.042717 0.056226 0.062039 0.056124 0.041165 0.024780 0.010288 -0.000315 0.006991 0.034845 0.042785 0.036396 0.186105 0.663911 1.331200 1.840208 2.064318 2.119155 1.986449 1.523763 0.853051 
0.559647 0.203629 0.110008 0.083256 0.039255 0.011435 0.016585 0.034321 0.050220 0.060424 0.060516 0.049306 0.032877 0.017298 0.003632 0.000296 0.020913 0.043426 0.032680 0.077367 0.386568 0.995746 1.618833 1.981918 2.111013 2.086790 1.794653 1.192188 
0.857065 0.342071 0.135420 0.096214 0.062505 0.021643 0.010797 0.024974 0.042859 0.056341 0.061931 0.056029 0.041306 0.024943 0.009847 -0.000536 0.008417 0.035428 0.039530 0.034403 0.190884 0.667914 1.326328 1.835406 2.069025 2.123786 1.981489 1.518786 
1.191665 0.565423 0.205217 0.106511 0.081796 0.040734 0.012095 0.016054 0.034169 0.050421 0.060420 0.060376 0.049324 0.033104 0.017158 0.003097 0.000952 0.022401 0.041969 0.029145 0.078876 0.392290 0.995271 1.612424 1.981875 2.117323 2.086615 1.788099 
1.514184 0.860585 0.346685 0.133890 0.093085 0.062806 0.023047 0.010728 0.024508 0.042946 0.056479 0.061827 0.055936 0.041470 0.025050 0.009383 -0.000611 0.009825 0.035738 0.036386 0.032811 0.195421 0.671425 1.321831 1.831120 2.073257 2.127944 1.977048 
1.782154 1.191045 0.570699 0.206935 0.103359 0.080205 0.042023 0.012858 0.015599 0.033955 0.050607 0.060437 0.060233 0.049362 0.033315 0.016956 0.002639 0.001713 0.023698 0.040380 0.025955 0.080517 0.397513 0.994699 1.606624 1.981866 2.122984 2.086476 
1.973053 1.509923 0.863687 0.351063 0.132698 0.090083 0.062876 0.024410 0.010787 0.024038 0.042979 0.056628 0.061731 0.055852 0.041645 0.025104 0.008917 -0.000557 0.011191 0.035818 0.033369 0.031557 0.199723 0.674519 1.317674 1.827278 2.077072 2.131686 
