0.025245 0.071357 0.145390 0.274919 0.457924 0.671657 0.880246 0.905079 1.498346 1.974280 1.686688 1.485004 1.285248 1.245478 0.574497 -0.056061 0.022012 0.003162 0.000885 0.000549 0.002279 0.006962 0.014284 0.022046 0.027078 0.027078 0.022561 0.011172 
0.014187 0.044800 0.103185 0.202754 0.360761 0.561365 0.796993 0.862677 1.157131 1.809358 1.879423 1.572254 1.366718 1.300833 0.964015 0.195091 -0.061757 0.026878 -0.000462 0.000648 0.001095 0.004235 0.010397 0.018307 0.025090 0.027674 0.025904 0.015809 
0.012205 0.025622 0.069937 0.146400 0.275152 0.453996 0.692373 0.830072 0.957558 1.498159 1.920979 1.741108 1.443983 1.339647 1.192240 0.574491 -0.003403 -0.028139 0.023745 -0.003297 0.001090 0.002254 0.006980 0.014292 0.022064 0.026906 0.027780 0.021172 
0.015477 0.015308 0.043975 0.102851 0.204252 0.355871 0.576705 0.774992 0.861352 1.198756 1.766509 1.885356 1.579371 1.373817 1.306774 0.921293 0.236918 -0.062970 0.004824 0.014609 -0.004080 0.002045 0.004128 0.010418 0.018345 0.024915 0.028131 0.025423 
0.020530 0.012796 0.025872 0.068941 0.147833 0.271431 0.462101 0.689582 0.810282 0.987754 1.496817 1.894656 1.752803 1.450150 1.351324 1.165980 0.573330 0.026966 -0.047885 0.020735 0.004809 -0.002843 0.003385 0.006776 0.014371 0.021929 0.027111 0.027829 
0.024998 0.015408 0.015978 0.043290 0.103548 0.202187 0.358329 0.582486 0.757961 0.867639 1.220271 1.746048 1.876805 1.590945 1.385373 1.298234 0.900961 0.258626 -0.056551 -0.012326 0.020277 -0.001685 -0.000403 0.005141 0.010203 0.018326 0.024933 0.028363 
0.027729 0.020145 0.013267 0.025773 0.069112 0.146934 0.270821 0.468875 0.682364 0.801110 1.007672 1.497592 1.874635 1.755595 1.464893 1.354100 1.146026 0.574278 0.047074 -0.057055 0.013372 0.011534 -0.003730 0.002397 0.007513 0.014107 0.021934 0.027298 
0.028454 0.024649 0.015482 0.016205 0.043362 0.103275 0.200539 0.362628 0.583404 0.745753 0.874410 1.235195 1.732619 1.865460 1.602679 1.397091 1.286905 0.887655 0.273754 -0.049671 -0.024633 0.021109 0.002452 -0.002319 0.005185 0.010568 0.018071 0.025085 
0.027504 0.027555 0.019955 0.013469 0.025944 0.069185 0.145396 0.272170 0.473361 0.674823 0.796270 1.022766 1.498908 1.857732 1.756033 1.480536 1.354526 1.129187 0.575773 0.062347 -0.061902 0.005728 0.015916 -0.002655 0.000867 0.008015 0.014131 0.021826 
0.025161 0.028504 0.024396 0.015493 0.016415 0.043649 0.102323 0.199896 0.366877 0.582114 0.736617 0.880881 1.246850 1.722096 1.854338 1.613528 1.407927 1.275798 0.877258 0.285612 -0.043107 -0.033841 0.019727 0.006495 -0.003152 0.004526 0.011051 0.017933 
0.021727 0.027622 0.027429 0.019792 0.013584 0.026317 0.068887 0.144005 0.274398 0.476115 0.667797 0.793623 1.035161 1.500046 1.843055 1.755848 1.495167 1.354332 1.114575 0.577092 0.074910 -0.064549 -0.001385 0.018525 -0.000677 -0.000467 0.008054 0.014381 
0.017989 0.025159 0.028529 0.024208 0.015439 0.016728 0.043841 0.101114 0.200069 0.370584 0.579780 0.729510 0.887027 1.256387 1.713111 1.844233 1.623287 1.417675 1.265710 0.868402 0.295345 -0.036872 -0.041002 0.017285 0.009977 -0.003114 0.003579 0.011385 
0.014703 0.021709 0.027651 0.027343 0.019619 0.013722 0.026736 0.068287 0.142994 0.276936 0.477654 0.661416 0.792295 1.045776 1.500787 1.830171 1.755565 1.508360 1.354040 1.101760 0.578012 0.085684 -0.065866 -0.007846 0.019892 0.001637 -0.001400 0.007727 
0.011502 0.018184 0.025137 0.028520 0.024044 0.015379 0.017118 0.043849 0.099900 0.200802 0.373672 0.576938 0.723844 0.892887 1.264351 1.705126 1.835278 1.631997 1.426373 1.256775 0.860548 0.303498 -0.030924 -0.046708 0.014318 0.012836 -0.002478 0.002599 
0.007174 0.014991 0.021787 0.027631 0.027257 0.019451 0.013916 0.027100 0.067505 0.142381 0.279505 0.478335 0.655659 0.791851 1.055070 1.501113 1.818788 1.755340 1.520122 1.353809 1.090449 0.578514 0.095130 -0.066290 -0.013684 0.020382 0.004004 -0.001925 
0.001715 0.011418 0.018448 0.025142 0.028472 0.023883 0.015358 0.017529 0.043673 0.098807 0.201895 0.376184 0.573858 0.719270 0.898477 1.271072 1.697893 1.827402 1.639762 1.434128 1.248922 0.853447 0.310403 -0.025243 -0.051314 0.011099 0.015121 -0.001457 
-0.002095 0.006508 0.015194 0.021945 0.027595 0.027144 0.019307 0.014163 0.027357 0.066644 0.142121 0.281969 0.478394 0.650475 0.792036 1.063309 1.501074 1.808677 1.755211 1.530584 1.353675 1.080413 0.578648 0.103519 -0.066075 -0.018954 0.020241 0.006287 
-0.000200 0.000982 0.011174 0.018724 0.025195 0.028389 0.023717 0.015394 0.017918 0.043347 0.097888 0.203207 0.378186 0.570690 0.715559 0.903806 1.276784 1.691279 1.820480 1.646699 1.441055 1.242025 0.846964 0.316292 -0.019820 -0.055053 0.007781 0.016901 
0.008416 -0.001973 0.005807 0.015293 0.022160 0.027564 0.026996 0.019197 0.014449 0.027494 0.065773 0.142156 0.284263 0.477997 0.645811 0.792681 1.070668 1.500739 1.799654 1.755175 1.539903 1.353636 1.071466 0.578482 0.111025 -0.065395 -0.023709 0.019637 
0.018247 0.001192 0.000421 0.010813 0.018979 0.025298 0.028278 0.023546 0.015487 0.018261 0.042912 0.097159 0.204642 0.379747 0.567524 0.712547 0.908873 1.281663 1.685197 1.814380 1.652915 1.447263 1.235955 0.841013 0.321344 -0.014654 -0.058092 0.004457 
0.018693 0.010360 -0.001618 0.005123 0.015290 0.022407 0.027548 0.026819 0.019125 0.014754 0.027517 0.064937 0.142426 0.286358 0.477262 0.641617 0.793665 1.077275 1.500172 1.791565 1.755217 1.548230 1.353678 1.063456 0.578080 0.117780 -0.064372 -0.027998 
0.001184 0.019221 0.002647 0.000031 0.010375 0.019193 0.025442 0.028152 0.023375 0.015629 0.018542 0.042402 0.096615 0.206133 0.380928 0.564415 0.710111 0.913683 1.285847 1.679586 1.808984 1.658503 1.452845 1.230591 0.835529 0.325699 -0.009744 -0.060555 
-0.031865 0.017497 0.012107 -0.001082 0.004488 0.015198 0.022665 0.027551 0.026623 0.019089 0.015061 0.027438 0.064162 0.142882 0.288246 0.476275 0.637850 0.794899 1.083231 1.499430 1.784283 1.755319 1.555696 1.353784 1.056253 0.577500 0.123884 -0.063096 
-0.062539 -0.002001 0.019877 0.004117 -0.000201 0.009892 0.019356 0.025616 0.028019 0.023210 0.015805 0.018758 0.041849 0.096244 0.207634 0.381785 0.561400 0.708155 0.918239 1.289450 1.674394 1.804192 1.663546 1.457883 1.225833 0.830465 0.329470 -0.005084 
-0.061637 -0.035351 0.016117 0.013657 -0.000409 0.003919 0.015032 0.022918 0.027571 0.026419 0.019083 0.015354 0.027275 0.063465 0.143482 0.289929 0.475104 0.634469 0.796314 1.088619 1.498558 1.777701 1.755467 1.562415 1.353938 1.049751 0.576787 0.129419 
-0.000668 -0.064122 -0.005072 0.020262 0.005568 -0.000287 0.009389 0.019466 0.025805 0.027889 0.023057 0.016001 0.018908 0.041278 0.096028 0.209112 0.382365 0.558500 0.706601 0.922549 1.292562 1.669582 1.799916 1.668110 1.462445 1.221593 0.825778 0.332749 
0.134455 -0.060048 -0.038493 0.014607 0.015017 0.000367 0.003428 0.014808 0.023153 0.027606 0.026218 0.019102 0.015624 0.027045 0.062854 0.144188 0.291414 0.473800 0.631435 0.797859 1.093506 1.497594 1.771730 1.755648 1.568483 1.354127 1.043860 0.575980 
0.335613 0.003512 -0.065370 -0.008018 0.020417 0.006975 -0.000246 0.008888 0.019523 0.025999 0.027768 0.022921 0.016206 0.018995 0.040707 0.095949 0.210544 0.382709 0.555728 0.705384 0.926623 1.295260 1.665112 1.796084 1.672256 1.466590 1.217800 0.821433 
