0.003850 0.010366 0.039343 -0.018394 0.645500 1.362497 1.451315 1.681822 1.870775 2.089896 1.503958 0.796556 0.693540 0.463033 0.276560 0.145500 0.067543 0.027644 0.010205 0.004804 0.005995 0.010713 0.016245 0.019904 0.019896 0.016197 0.010560 0.004748 
0.003645 0.003932 0.038167 -0.035763 0.247676 1.056797 1.443148 1.552128 1.769369 2.035936 1.873128 1.103487 0.708746 0.592213 0.361544 0.203938 0.100669 0.043866 0.016888 0.006426 0.004799 0.008087 0.013556 0.018452 0.020401 0.018419 0.013550 0.007367 
0.005408 -0.000267 0.030793 -0.010735 0.034196 0.645536 1.309365 1.505813 1.640771 1.925017 2.036410 1.503750 0.849195 0.643552 0.483824 0.272492 0.146027 0.067435 0.027585 0.010183 0.004811 0.006013 0.010726 0.016245 0.019896 0.019866 0.016279 0.010386 
0.008284 -0.000944 0.018929 0.016067 -0.036961 0.289468 1.014160 1.449206 1.559273 1.776375 2.041664 1.830163 1.145192 0.707615 0.570365 0.376788 0.199258 0.101560 0.043671 0.016856 0.006420 0.004814 0.008104 0.013562 0.018450 0.020370 0.018476 0.013386 
0.011446 0.001550 0.007884 0.027696 -0.030485 0.064550 0.644391 1.283221 1.517585 1.646908 1.936536 2.009904 1.502389 0.879544 0.623968 0.481022 0.280713 0.142082 0.068482 0.027311 0.010189 0.004816 0.006032 0.010737 0.016250 0.019869 0.019908 0.016076 
0.014356 0.005833 0.001536 0.024564 -0.001138 -0.030544 0.311166 0.993897 1.440788 1.570871 1.787836 2.032910 1.809588 1.166780 0.714115 0.553420 0.382629 0.201701 0.099053 0.044605 0.016550 0.006464 0.004823 0.008120 0.013573 0.018430 0.020410 0.018235 
0.016767 0.010426 0.000718 0.014645 0.020274 -0.039685 0.084650 0.645362 1.263374 1.520460 1.661617 1.939153 1.989704 1.503138 0.899631 0.614956 0.473865 0.287554 0.141180 0.067421 0.027949 0.009914 0.004886 0.006037 0.010755 0.016236 0.019915 0.019669 
0.018585 0.014347 0.003930 0.005735 0.025380 -0.013499 -0.023680 0.326296 0.980658 1.429578 1.582631 1.799457 2.021367 1.796041 1.181789 0.721074 0.541314 0.383635 0.205886 0.097086 0.044552 0.016849 0.006269 0.004900 0.008126 0.013568 0.018478 0.020219 
0.019736 0.017222 0.008869 0.001843 0.019056 0.012584 -0.044568 0.099916 0.646887 1.246639 1.520982 1.677225 1.939418 1.972622 1.504437 0.914885 0.610267 0.466426 0.292051 0.142248 0.065809 0.028355 0.009950 0.004786 0.006109 0.010739 0.016284 0.019797 
0.020122 0.019068 0.013635 0.003112 0.009830 0.023986 -0.022757 -0.017139 0.338161 0.970330 1.418588 1.593509 1.810194 2.010047 1.785405 1.193529 0.727716 0.532307 0.382425 0.209980 0.096201 0.043789 0.017288 0.006166 0.004887 0.008163 0.013591 0.018439 
0.019660 0.020026 0.017225 0.007508 0.003866 0.021692 0.005433 -0.047256 0.112468 0.648241 1.232129 1.520883 1.691823 1.939061 1.957767 1.505561 0.927427 0.607776 0.459518 0.294775 0.144221 0.064385 0.028309 0.010212 0.004663 0.006135 0.010777 0.016286 
0.018328 0.020196 0.019410 0.012643 0.003162 0.013360 0.021537 -0.029965 -0.010932 0.347904 0.961545 1.408612 1.603298 1.819842 1.999744 1.776312 1.203146 0.734028 0.525345 0.380154 0.213516 0.096184 0.042741 0.017590 0.006233 0.004800 0.008214 0.013627 
0.016233 0.019591 0.020379 0.016871 0.006550 0.006219 0.023085 -0.001062 -0.048617 0.123229 0.649200 1.219415 1.520683 1.704983 1.938605 1.944710 1.506289 0.938181 0.606613 0.453259 0.296260 0.146529 0.063360 0.027907 0.010539 0.004605 0.006107 0.010849 
0.013652 0.018210 0.020391 0.019536 0.011626 0.003806 0.016262 0.018565 -0.035716 -0.005016 0.356068 0.953764 1.399787 1.612035 1.828439 1.990594 1.768222 1.211184 0.740052 0.519837 0.377359 0.216432 0.096760 0.041664 0.017678 0.006422 0.004705 0.008253 
0.010911 0.016156 0.019610 0.020686 0.016300 0.006003 0.008621 0.023601 -0.006930 -0.049085 0.132663 0.649744 1.208205 1.520540 1.716709 1.938209 1.933157 1.506600 0.947609 0.606343 0.447622 0.296871 0.148890 0.062743 0.027286 0.010824 0.004636 0.006053 
0.008266 0.013650 0.018133 0.020639 0.019460 0.010713 0.004833 0.018586 0.015344 -0.040366 0.000632 0.362984 0.946739 1.392043 1.619827 1.836093 1.982525 1.760887 1.217974 0.745810 0.515427 0.374313 0.218773 0.097720 0.040687 0.017566 0.006666 0.004649 
0.006002 0.010937 0.016083 0.019707 0.020895 0.015622 0.005815 0.010933 0.023484 -0.012228 -0.048915 0.141036 0.649921 1.198270 1.520493 1.727135 1.937910 1.922880 1.506544 0.955977 0.606708 0.442553 0.296850 0.151163 0.062483 0.026557 0.011013 0.004744 
0.004653 0.008251 0.013621 0.018115 0.020891 0.019221 0.009959 0.006096 0.020402 0.012026 -0.044148 0.006020 0.368885 0.940333 1.385254 1.626790 1.842918 1.975413 1.754172 1.223750 0.751307 0.511881 0.371168 0.220609 0.098916 0.039869 0.017290 0.006913 
0.004909 0.005970 0.010918 0.016030 0.019861 0.020993 0.014914 0.005923 0.013087 0.022904 -0.017008 -0.048281 0.148527 0.649800 1.189425 1.520540 1.736418 1.937706 1.913693 1.506190 0.963464 0.607537 0.437998 0.296368 0.153283 0.062517 0.025796 0.011090 
0.007133 0.004716 0.008214 0.013571 0.018158 0.021113 0.018862 0.009382 0.007493 0.021780 0.008702 -0.047228 0.011149 0.373949 0.934459 1.379289 1.633031 1.849022 1.969127 1.747988 1.228689 0.756546 0.509035 0.368017 0.222011 0.100247 0.039225 0.016895 
0.011058 0.005109 0.005965 0.010862 0.016003 0.020049 0.020980 0.014224 0.006268 0.015053 0.021981 -0.021320 -0.047302 0.155265 0.649444 1.181517 1.520665 1.744706 1.937581 1.905443 1.505602 0.970200 0.608709 0.433909 0.295544 0.155216 0.062787 0.025053 
0.016417 0.007307 0.004829 0.008162 0.013506 0.018252 0.021290 0.018421 0.008981 0.008953 0.022782 0.005430 -0.049730 0.016023 0.378317 0.929055 1.374031 1.638644 1.854499 1.963549 1.742275 1.232933 0.761529 0.506763 0.364917 0.223039 0.101642 0.038754 
0.024358 0.010932 0.005323 0.005986 0.010777 0.016005 0.020252 0.020872 0.013583 0.006798 0.016821 0.020806 -0.025209 -0.046071 0.161352 0.648911 1.174416 1.520852 1.752133 1.937520 1.898001 1.504836 0.976284 0.610131 0.430241 0.294469 0.156953 0.063241 
0.038446 0.015891 0.007429 0.004979 0.008105 0.013437 0.018383 0.021412 0.017932 0.008742 0.010430 0.023464 0.002247 -0.051753 0.020645 0.382101 0.924071 1.369378 1.643711 1.859431 1.958575 1.736981 1.236594 0.766261 0.504970 0.361906 0.223749 0.103055 
0.063836 0.023729 0.010726 0.005535 0.006030 0.010679 0.016030 0.020451 0.020684 0.013010 0.007468 0.018390 0.019445 -0.028715 -0.044657 0.166871 0.648246 1.168016 1.521085 1.758811 1.937506 1.891261 1.503940 0.981800 0.611736 0.426954 0.293210 0.158493 
0.104449 0.038284 0.015342 0.007495 0.005152 0.008050 0.013371 0.018536 0.021480 0.017419 0.008651 0.011888 0.023873 -0.000823 -0.053374 0.025024 0.385393 0.919465 1.365242 1.648300 1.863886 1.954121 1.732067 1.239764 0.770748 0.503576 0.359007 0.224188 
0.159844 0.064536 0.023177 0.010458 0.005731 0.006095 0.010578 0.016077 0.020636 0.020433 0.012514 0.008244 0.019768 0.017952 -0.031876 -0.043112 0.171889 0.647487 1.162228 1.521352 1.764838 1.937527 1.885133 1.502950 0.986817 0.613469 0.424010 0.291819 
0.224398 0.105803 0.038250 0.014790 0.007507 0.005335 0.008004 0.013314 0.018701 0.021492 0.016905 0.008689 0.013304 0.024051 -0.003768 -0.054658 0.029167 0.388269 0.915201 1.361551 1.652470 1.867922 1.950112 1.727495 1.242518 0.774999 0.502517 0.356233 
