0.008418 0.040144 -0.018461 0.645257 1.361100 1.447846 1.676436 1.865071 2.086198 1.503958 0.800253 0.699244 0.468419 0.280029 0.146897 0.067787 0.027644 0.009962 0.003406 0.002526 0.005328 0.010542 0.016207 0.019896 0.019894 0.016197 0.010691 0.003974 
0.002270 0.037556 -0.035134 0.247488 1.056127 1.440779 1.547587 1.763555 2.030957 1.871162 1.105454 0.713726 0.598027 0.366085 0.206306 0.101351 0.043920 0.016833 0.005744 0.002430 0.003546 0.007742 0.013472 0.018434 0.020399 0.018397 0.013756 0.006893 
0.000162 0.029155 -0.010514 0.034532 0.645143 1.307986 1.502337 1.635390 1.919323 2.032721 1.503750 0.852884 0.649246 0.489205 0.275965 0.147434 0.067686 0.027585 0.009932 0.003405 0.002540 0.005345 0.010552 0.016204 0.019893 0.019827 0.016417 0.010760 
0.002058 0.017751 0.015221 -0.036446 0.289488 1.013368 1.446862 1.554726 1.770570 2.036694 1.828200 1.147154 0.712585 0.576171 0.381329 0.201633 0.102253 0.043729 0.016798 0.005728 0.002438 0.003563 0.007757 0.013474 0.018439 0.020338 0.018435 0.014546 
0.006612 0.008489 0.026241 -0.030541 0.064982 0.644054 1.281764 1.514134 1.641524 1.930853 2.006223 1.502389 0.883225 0.629652 0.486398 0.284190 0.143497 0.068741 0.027311 0.009930 0.003400 0.002555 0.005362 0.010558 0.016214 0.019866 0.019679 0.017562 
0.011954 0.004443 0.023654 -0.002070 -0.030158 0.311313 0.993077 1.438409 1.566344 1.782032 2.027952 1.807630 1.168738 0.719075 0.559218 0.387169 0.204084 0.099755 0.044668 0.016488 0.005762 0.002439 0.003582 0.007768 0.013484 0.018456 0.020074 0.019525 
0.016544 0.005602 0.015373 0.018946 -0.039905 0.085095 0.645098 1.261864 1.517004 1.656248 1.933475 1.986032 1.503138 0.903305 0.620630 0.479237 0.291035 0.142605 0.067687 0.027949 0.009648 0.003460 0.002558 0.005379 0.010564 0.016266 0.019584 0.020443 
0.019583 0.009930 0.008596 0.024650 -0.014467 -0.023402 0.326515 0.979847 1.427157 1.578116 1.793662 2.016416 1.794089 1.183742 0.726024 0.547104 0.388175 0.208276 0.097797 0.044619 0.016783 0.005558 0.002510 0.003585 0.007774 0.013553 0.018235 0.020438 
0.020959 0.014960 0.006606 0.019879 0.011355 -0.044899 0.100343 0.646685 1.245100 1.517508 1.671872 1.933747 1.968957 1.504437 0.918550 0.615931 0.471793 0.295536 0.143682 0.066082 0.028355 0.009676 0.003352 0.002625 0.005366 0.010634 0.016142 0.019632 
0.020948 0.018906 0.009011 0.012668 0.023392 -0.023739 -0.016951 0.338421 0.969540 1.416131 1.588995 1.804414 2.005102 1.783457 1.195479 0.732656 0.538089 0.386964 0.212378 0.096921 0.043860 0.017217 0.005445 0.002490 0.003619 0.007811 0.013524 0.018114 
0.019918 0.021010 0.013561 0.008539 0.022590 0.004286 -0.047665 0.112867 0.648088 1.230577 1.517385 1.686482 1.933402 1.954107 1.505562 0.931085 0.613431 0.464880 0.298264 0.145665 0.064667 0.028309 0.009931 0.003221 0.002645 0.005409 0.010654 0.015993 
0.018172 0.021320 0.017930 0.008975 0.016184 0.021050 -0.030950 -0.010818 0.348185 0.960781 1.406129 1.598778 1.814077 1.994807 1.774367 1.205092 0.738958 0.531120 0.384693 0.215921 0.096913 0.042816 0.017514 0.005504 0.002396 0.003668 0.007863 0.013417 
0.015913 0.020276 0.020694 0.012562 0.010822 0.024046 -0.002139 -0.049083 0.123597 0.649084 1.217860 1.517162 1.699650 1.932960 1.941055 1.506290 0.941831 0.612258 0.458617 0.299753 0.147982 0.063649 0.027906 0.010251 0.003154 0.002610 0.005490 0.010614 
0.013300 0.018358 0.021476 0.016917 0.009545 0.019081 0.018168 -0.036698 -0.004964 0.356359 0.953025 1.397284 1.607507 1.822689 1.985667 1.766280 1.213126 0.744973 0.525603 0.381898 0.218844 0.097499 0.041743 0.017599 0.005684 0.002292 0.003708 0.007902 
0.010546 0.015923 0.020594 0.020151 0.011973 0.013168 0.024617 -0.007948 -0.049595 0.132997 0.649656 1.206652 1.516999 1.711381 1.932578 1.929508 1.506601 0.951252 0.611977 0.452975 0.300367 0.150352 0.063039 0.027286 0.010528 0.003175 0.002551 0.005562 
0.007913 0.013221 0.018604 0.021428 0.016000 0.010507 0.021402 0.015023 -0.041341 0.000631 0.363276 0.946022 1.389525 1.615288 1.830355 1.977610 1.758948 1.219912 0.750721 0.521185 0.378851 0.221192 0.098468 0.040771 0.017482 0.005919 0.002227 0.003724 
0.005597 0.010480 0.016013 0.020819 0.019493 0.011743 0.015434 0.024549 -0.013192 -0.049460 0.141339 0.649854 1.196722 1.516935 1.721809 1.932294 1.919239 1.506544 0.959613 0.612333 0.447901 0.300350 0.152635 0.062786 0.026557 0.010710 0.003273 0.002496 
0.003712 0.007895 0.013201 0.018857 0.021213 0.015238 0.011712 0.023218 0.011771 -0.045114 0.005973 0.369174 0.939635 1.382726 1.622240 1.837191 1.970510 1.752235 1.225683 0.756209 0.517631 0.375706 0.223036 0.099673 0.039956 0.017203 0.006157 0.002221 
0.002460 0.005588 0.010432 0.016164 0.020931 0.018799 0.011811 0.017549 0.024012 -0.017924 -0.048852 0.148799 0.649748 1.187884 1.516966 1.731091 1.932104 1.910060 1.506188 0.967093 0.613153 0.443342 0.299872 0.154763 0.062828 0.025796 0.010780 0.003428 
0.002276 0.003678 0.007853 0.013243 0.019085 0.020876 0.014649 0.013058 0.024597 0.008506 -0.048183 0.011063 0.374232 0.933779 1.376755 1.628470 1.843304 1.964237 1.746055 1.230618 0.761439 0.514777 0.372554 0.224445 0.101013 0.039316 0.016804 0.006367 
0.003617 0.002452 0.005539 0.010409 0.016351 0.020936 0.018120 0.012117 0.019482 0.023128 -0.022192 -0.047896 0.155508 0.649402 1.179983 1.517078 1.739378 1.931993 1.901818 1.505599 0.973821 0.614315 0.439248 0.299052 0.156705 0.063105 0.025053 0.010742 
0.006532 0.002382 0.003630 0.007796 0.013335 0.019269 0.020454 0.014232 0.014472 0.025602 0.005288 -0.050673 0.015902 0.378590 0.928389 1.371493 1.634073 1.848789 1.958672 1.740345 1.234857 0.766413 0.512498 0.369454 0.225480 0.102417 0.038850 0.016323 
0.010608 0.003821 0.002471 0.005463 0.010413 0.016554 0.020844 0.017485 0.012609 0.021220 0.021987 -0.026040 -0.046682 0.161567 0.648876 1.172890 1.517255 1.746802 1.931944 1.894386 1.504832 0.979898 0.615728 0.435576 0.297981 0.158451 0.063566 0.024359 
0.015793 0.006643 0.002525 0.003577 0.007733 0.013466 0.019400 0.019981 0.013977 0.015906 0.026287 0.002153 -0.052683 0.020494 0.382363 0.923416 1.366837 1.639131 1.853727 1.953711 1.735056 1.238512 0.771136 0.510697 0.366443 0.226197 0.103839 0.038546 
0.023730 0.010394 0.004023 0.002514 0.005371 0.010441 0.016757 0.020672 0.016916 0.013244 0.022764 0.020659 -0.029509 -0.045282 0.167059 0.648215 1.166497 1.517480 1.753478 1.931942 1.887656 1.503935 0.985406 0.617324 0.432284 0.296725 0.160001 0.064168 
0.038387 0.015240 0.006699 0.002691 0.003526 0.007672 0.013621 0.019478 0.019483 0.013868 0.017326 0.026699 -0.000873 -0.054292 0.024846 0.385643 0.918820 1.362700 1.643712 1.858187 1.949269 1.730146 1.241677 0.775614 0.509296 0.363543 0.226644 0.105242 
0.064875 0.023178 0.010118 0.004209 0.002577 0.005275 0.010490 0.016946 0.020437 0.016421 0.013986 0.024119 0.019196 -0.032635 -0.043748 0.172053 0.647457 1.160716 1.517740 1.759502 1.931973 1.881538 1.502944 0.990414 0.619048 0.429336 0.295338 0.161360 
0.106605 0.038358 0.014684 0.006702 0.002868 0.003483 0.007620 0.013787 0.019502 0.018981 0.013889 0.018706 0.026881 -0.003777 -0.055562 0.028964 0.388507 0.914564 1.359009 1.647875 1.862228 1.945273 1.725579 1.244426 0.779855 0.508230 0.360769 0.226860 
