0.000194 0.000047 0.000219 0.001072 0.004419 0.013874 0.047398 -0.005992 0.660490 1.376090 1.458608 1.679362 1.858489 2.071256 1.484249 0.780358 0.683046 0.458111 0.276175 0.149169 0.075579 0.040046 0.025195 0.018396 0.013288 0.008254 0.003959 0.001264 
0.000562 0.000056 0.000099 0.000485 0.002398 0.005918 0.043808 -0.025416 0.261738 1.071687 1.454163 1.554790 1.761766 2.019876 1.853288 1.085091 0.695289 0.584611 0.359005 0.205581 0.106471 0.054174 0.030954 0.021316 0.015814 0.010749 0.005953 0.002392 
0.001271 0.000194 0.000044 0.000179 0.001616 0.000250 0.034457 -0.002775 0.046645 0.660511 1.322943 1.513092 1.638310 1.912743 2.017787 1.484051 0.832993 0.633043 0.478888 0.272107 0.149707 0.075485 0.039995 0.025166 0.018388 0.013292 0.008265 0.003971 
0.002402 0.000565 0.000064 -0.000028 0.001429 -0.002321 0.020998 0.021744 -0.026657 0.303562 1.029028 1.460206 1.561926 1.768777 2.025620 1.810337 1.126799 0.694147 0.562748 0.374242 0.200905 0.107377 0.053991 0.030923 0.021297 0.015813 0.010757 0.005965 
0.003983 0.001275 0.000223 -0.000173 0.001294 -0.002315 0.008368 0.031448 -0.022542 0.076993 0.659378 1.296775 1.524853 1.644445 1.924273 1.991299 1.482699 0.863337 0.613445 0.476073 0.280326 0.145772 0.076547 0.039728 0.025165 0.018377 0.013297 0.008276 
0.005978 0.002405 0.000618 -0.000202 0.000974 -0.001028 0.000083 0.026675 0.004582 -0.020264 0.325268 1.008760 1.451767 1.573517 1.780244 2.016882 1.789777 1.148390 0.700637 0.545788 0.380074 0.203354 0.104884 0.054937 0.030618 0.021329 0.015805 0.010767 
0.008290 0.003982 0.001345 -0.000028 0.000522 0.000300 -0.003202 0.015105 0.024085 -0.031736 0.097080 0.660355 1.276911 1.527711 1.659154 1.926902 1.971115 1.483458 0.883421 0.604420 0.468904 0.287165 0.144881 0.075500 0.040373 0.024884 0.018430 0.013290 
0.010763 0.005977 0.002476 0.000432 0.000138 0.000990 -0.002945 0.004227 0.027516 -0.007737 -0.013412 0.340396 0.995518 1.440537 1.585269 1.791871 2.005354 1.776245 1.163402 0.707585 0.533667 0.381072 0.207544 0.102930 0.054897 0.030917 0.021121 0.015866 
0.013348 0.008270 0.004048 0.001245 0.000031 0.000985 -0.001244 -0.002121 0.019497 0.016440 -0.036605 0.112333 0.661881 1.260164 1.528217 1.674762 1.927179 1.954049 1.484766 0.898670 0.599717 0.461452 0.291660 0.145959 0.073903 0.040785 0.024913 0.018315 
0.015838 0.010789 0.006007 0.002458 0.000339 0.000618 0.000295 -0.003779 0.008280 0.026141 -0.016958 -0.006875 0.352254 0.985185 1.429530 1.596137 1.802614 1.994049 1.765623 1.175145 0.714217 0.524645 0.379854 0.211643 0.102060 0.054146 0.031356 0.021006 
0.018177 0.013360 0.008305 0.004066 0.001122 0.000318 0.000997 -0.002600 -0.000136 0.022116 0.009327 -0.039275 0.124876 0.663231 1.245643 1.528101 1.689358 1.926834 1.939211 1.485900 0.911209 0.597212 0.454531 0.294383 0.147943 0.072494 0.040747 0.025169 
0.021061 0.015735 0.010830 0.006052 0.002366 0.000416 0.000960 -0.000685 -0.003747 0.011773 0.023705 -0.024131 -0.000666 0.361989 0.976394 1.419539 1.605915 1.812268 1.983763 1.756544 1.184765 0.720520 0.517669 0.377576 0.215184 0.102056 0.053109 0.031658 
0.025490 0.018104 0.013317 0.008376 0.004030 0.001064 0.000669 0.000652 -0.003558 0.002183 0.023495 0.002864 -0.040615 0.135631 0.664183 1.232919 1.527886 1.702514 1.926391 1.926170 1.486637 0.921959 0.596035 0.448260 0.295866 0.150261 0.071483 0.040351 
0.031747 0.021238 0.015623 0.010860 0.006084 0.002265 0.000615 0.001091 -0.001693 -0.003122 0.014645 0.020746 -0.029851 0.005256 0.370144 0.968606 1.410701 1.614642 1.820871 1.974628 1.748468 1.192805 0.726534 0.512146 0.374773 0.218104 0.102646 0.052044 
0.039737 0.025768 0.018119 0.013248 0.008438 0.003968 0.001094 0.000978 0.000090 -0.004108 0.004554 0.023999 -0.002977 -0.041061 0.145060 0.664718 1.221698 1.527730 1.714238 1.926006 1.914633 1.486957 0.931382 0.595751 0.442610 0.296474 0.152632 0.070880 
0.051080 0.031635 0.021470 0.015551 0.010864 0.006092 0.002203 0.000869 0.001020 -0.002601 -0.002114 0.016942 0.017534 -0.034471 0.010912 0.377051 0.961571 1.402943 1.622424 1.828530 1.966576 1.741148 1.199598 0.732282 0.507721 0.371718 0.220450 0.103620 
0.070634 0.039015 0.025951 0.018212 0.013183 0.008463 0.003908 0.001202 0.001192 -0.000580 -0.004301 0.006838 0.023871 -0.008250 -0.040871 0.153431 0.664886 1.211752 1.527670 1.724661 1.925719 1.904373 1.486911 0.939747 0.596102 0.437528 0.296452 0.154916 
0.104829 0.050272 0.031359 0.021706 0.015537 0.010841 0.006072 0.002199 0.001127 0.000787 -0.003350 -0.000871 0.018733 0.014224 -0.038225 0.016309 0.382945 0.955155 1.396141 1.629378 1.835359 1.959480 1.734446 1.205377 0.737769 0.504161 0.368565 0.222291 
0.157046 0.070683 0.038261 0.026022 0.018361 0.013137 0.008445 0.003869 0.001367 0.001295 -0.001281 -0.004200 0.008966 0.023281 -0.013007 -0.040215 0.160921 0.664754 1.202896 1.527704 1.733941 1.925527 1.895203 1.486566 0.947230 0.596918 0.432961 0.295968 
0.223698 0.106174 0.049640 0.030964 0.021914 0.015584 0.010796 0.006029 0.002255 0.001357 0.000435 -0.003925 0.000507 0.020088 0.010908 -0.041278 0.021449 0.388002 0.949270 1.390164 1.635609 1.841468 1.953209 1.728277 1.210319 0.742998 0.501300 0.365406 
0.295143 0.158990 0.070967 0.037525 0.025984 0.018545 0.013117 0.008389 0.003855 0.001566 0.001289 -0.001965 -0.003863 0.010907 0.022349 -0.017299 -0.039215 0.167660 0.664388 1.194975 1.527817 1.742226 1.925414 1.886969 1.485987 0.953961 0.598076 0.428859 
0.362299 0.224731 0.107583 0.049182 0.030488 0.022076 0.015680 0.010737 0.005973 0.002362 0.001541 0.000001 -0.004326 0.001949 0.021070 0.007643 -0.043756 0.026334 0.392362 0.943854 1.384893 1.641214 1.846950 1.947646 1.722578 1.214566 0.747972 0.499014 
0.425179 0.294066 0.160737 0.071435 0.036837 0.025852 0.018743 0.013125 0.008306 0.003868 0.001779 0.001189 -0.002600 -0.003343 0.012651 0.021164 -0.021168 -0.037963 0.173748 0.663844 1.187861 1.527992 1.749650 1.925363 1.879544 1.485230 0.960042 0.599485 
0.497207 0.359280 0.225446 0.109009 0.048885 0.029962 0.022185 0.015814 0.010672 0.005911 0.002505 0.001673 -0.000481 -0.004565 0.003407 0.021732 0.004467 -0.045754 0.030968 0.396140 0.938857 1.380227 1.646273 1.851886 1.942688 1.717298 1.218229 0.752694 
0.601076 0.421880 0.292805 0.162287 0.072044 0.036215 0.025640 0.018939 0.013156 0.008208 0.003906 0.001989 0.001009 -0.003168 -0.002682 0.014197 0.019796 -0.024656 -0.036528 0.179269 0.663169 1.181448 1.528214 1.756326 1.925360 1.872820 1.484343 0.965554 
0.757171 0.495798 0.356373 0.225889 0.110417 0.048734 0.029414 0.022239 0.015971 0.010611 0.005852 0.002671 0.001749 -0.000986 -0.004658 0.004847 0.022122 0.001402 -0.047352 0.035359 0.399427 0.934238 1.376078 1.650855 1.856346 1.938249 1.712398 1.221402 
0.970566 0.602797 0.418924 0.291413 0.163648 0.072757 0.035669 0.025365 0.019120 0.013208 0.008107 0.003963 0.002185 0.000767 -0.003660 -0.001916 0.015554 0.018295 -0.027800 -0.034963 0.184290 0.662400 1.175646 1.528470 1.762351 1.925392 1.866708 1.483363 
1.224159 0.761412 0.494725 0.353592 0.226104 0.111784 0.048712 0.028862 0.022240 0.016137 0.010558 0.005802 0.002847 0.001772 -0.001493 -0.004621 0.006245 0.022282 -0.001537 -0.048614 0.039515 0.402299 0.929961 1.372374 1.655018 1.860387 1.934255 1.707841 
