0.007588 0.005438 0.010288 0.027643 0.067543 0.145587 0.277151 0.476597 0.599673 1.388343 2.097080 1.999423 1.888343 1.673892 1.550815 0.777151 0.059650 0.079262 0.027643 0.010293 0.005395 0.007839 0.014503 0.022094 0.027088 0.027080 0.022066 0.014184 
0.010509 0.005825 0.006731 0.016893 0.043863 0.100822 0.201911 0.385931 0.494262 0.940196 1.816136 2.106949 1.944172 1.774226 1.653305 1.217810 0.351066 0.021094 0.064980 0.014752 0.006826 0.005916 0.010845 0.018413 0.025107 0.027762 0.025114 0.018236 
0.014225 0.007625 0.005409 0.010295 0.027530 0.068010 0.141401 0.297857 0.426669 0.652514 1.388320 2.043590 2.053475 1.847091 1.728336 1.497776 0.777301 0.112338 0.029061 0.048175 0.006094 0.005944 0.007823 0.014519 0.022094 0.027068 0.027088 0.022025 
0.018231 0.010562 0.005823 0.006732 0.016740 0.044721 0.096046 0.217038 0.364062 0.493274 0.982120 1.773273 2.112567 1.950957 1.781232 1.659393 1.175286 0.392986 0.019862 0.042868 0.029788 0.002096 0.006877 0.010742 0.018432 0.025093 0.027761 0.025093 
0.022005 0.014256 0.007653 0.005428 0.010066 0.028587 0.063996 0.149504 0.294971 0.407146 0.683064 1.387141 2.017080 2.064806 1.853028 1.740056 1.471714 0.776296 0.142738 0.009267 0.045114 0.014182 0.002018 0.008962 0.014322 0.022118 0.027058 0.027078 
0.025074 0.018236 0.010594 0.005882 0.006457 0.017710 0.042185 0.098389 0.222765 0.347097 0.499916 1.003923 1.752800 2.103704 1.962200 1.792694 1.650996 1.155150 0.414789 0.026262 0.025660 0.035419 0.004488 0.004438 0.011769 0.018175 0.025134 0.027746 
0.027051 0.021996 0.014270 0.007744 0.005174 0.010743 0.027535 0.063027 0.156226 0.287734 0.398196 0.703351 1.388070 1.996876 2.067238 1.867541 1.742872 1.451954 0.777400 0.162878 0.000047 0.037699 0.020890 0.001135 0.007993 0.015035 0.021863 0.027112 
0.027797 0.025044 0.018230 0.010688 0.005707 0.006787 0.017690 0.040191 0.102473 0.223657 0.334974 0.507017 1.019146 1.739353 2.092053 1.973607 1.804316 1.639808 1.142040 0.430013 0.033124 0.013294 0.036216 0.008620 0.002538 0.011809 0.018522 0.024938 
0.026997 0.027088 0.021957 0.014347 0.007664 0.005234 0.011186 0.025932 0.064028 0.160603 0.280217 0.393571 0.718802 1.389546 1.979790 2.067321 1.882954 1.743335 1.435309 0.779053 0.178185 -0.004848 0.030002 0.025252 0.002221 0.006473 0.015516 0.021920 
0.024835 0.027756 0.025047 0.018255 0.010690 0.005625 0.007259 0.016957 0.039280 0.106466 0.222333 0.325952 0.513801 1.031097 1.728816 2.080627 1.984131 1.815055 1.628839 1.131838 0.441969 0.039671 0.004028 0.034796 0.012660 0.001721 0.011139 0.019010 
0.022206 0.026857 0.027079 0.021975 0.014375 0.007560 0.005523 0.011177 0.024517 0.065935 0.163208 0.273231 0.391145 0.731540 1.390846 1.964931 2.066784 1.897356 1.743174 1.420888 0.780530 0.190783 -0.007542 0.022837 0.027840 0.004211 0.005141 0.015546 
0.019362 0.024903 0.027639 0.025065 0.018296 0.010616 0.005716 0.007594 0.015937 0.039236 0.109901 0.219950 0.318977 0.520255 1.040922 1.719820 2.070220 1.993569 1.824704 1.618887 1.123177 0.451802 0.045891 -0.003192 0.032315 0.016141 0.001770 0.010182 
0.015219 0.022557 0.026781 0.027014 0.022029 0.014347 0.007522 0.005880 0.010810 0.023498 0.068176 0.164574 0.266897 0.390047 0.742489 1.391746 1.951869 2.066151 1.910321 1.742914 1.408263 0.781609 0.201593 -0.008907 0.016322 0.029188 0.006535 0.004207 
0.009198 0.019502 0.025093 0.027513 0.025072 0.018325 0.010532 0.005929 0.007717 0.014887 0.039785 0.112716 0.217043 0.313456 0.526421 1.049166 1.711826 2.060967 2.001958 1.833302 1.610084 1.115517 0.460055 0.051824 -0.008956 0.029309 0.019001 0.002413 
0.003681 0.014675 0.022867 0.026793 0.026924 0.022076 0.014293 0.007570 0.006194 0.010225 0.022886 0.070470 0.165065 0.261185 0.389843 0.752109 1.392228 1.940313 2.065579 1.921855 1.742711 1.397139 0.782270 0.211079 -0.009376 0.010429 0.029661 0.008910 
0.003438 0.008314 0.019441 0.025337 0.027425 0.025055 0.018328 0.010485 0.006198 0.007640 0.013937 0.040716 0.114956 0.213885 0.309035 0.532319 1.056160 1.704586 2.052798 2.009405 1.840956 1.602361 1.108609 0.467061 0.057493 -0.013621 0.026052 0.021284 
0.011198 0.003511 0.014023 0.023081 0.026882 0.026837 0.022087 0.014242 0.007696 0.006415 0.009531 0.022630 0.072677 0.164926 0.256042 0.390276 0.760670 1.392341 1.930032 2.065107 1.932089 1.742604 1.387288 0.782563 0.219507 -0.009209 0.005104 0.029502 
0.023063 0.004698 0.007587 0.019218 0.025585 0.027396 0.025011 0.018304 0.010497 0.006470 0.007400 0.013144 0.041883 0.116692 0.210630 0.305480 0.537957 1.062138 1.697963 2.045586 2.016025 1.847781 1.595592 1.102319 0.473053 0.062904 -0.017420 0.022696 
0.028880 0.013330 0.003635 0.013340 0.023184 0.027028 0.026770 0.022055 0.014209 0.007879 0.006524 0.008806 0.022668 0.074728 0.164326 0.251415 0.391173 0.768347 1.392153 1.920842 2.064731 1.941181 1.742591 1.378525 0.782557 0.227054 -0.008574 0.000295 
0.019334 0.024404 0.006092 0.007036 0.018876 0.025805 0.027427 0.024945 0.018258 0.010568 0.006716 0.007042 0.012525 0.043184 0.117992 0.207370 0.302625 0.543337 1.067278 1.691872 2.039201 2.021926 1.853885 1.589646 1.096558 0.478209 0.068058 -0.020518 
-0.004048 0.027917 0.015275 0.003995 0.012675 0.023179 0.027207 0.026729 0.021985 0.014203 0.008096 0.006526 0.008099 0.022940 0.076594 0.163386 0.247256 0.392413 0.775272 1.391729 1.912588 2.064437 1.949280 1.742655 1.370696 0.782315 0.233852 -0.007596 
-0.023039 0.016023 0.025372 0.007551 0.006658 0.018453 0.025979 0.027508 0.024866 0.018198 0.010689 0.006916 0.006602 0.012079 0.044548 0.118920 0.204163 0.300347 0.548461 1.071719 1.686250 2.033525 2.027202 1.859362 1.584405 1.091266 0.482669 0.072959 
-0.006365 -0.007969 0.026701 0.017022 0.004538 0.012059 0.023078 0.027401 0.026715 0.021888 0.014222 0.008326 0.006433 0.007439 0.023396 0.078262 0.162194 0.243519 0.393905 0.781544 1.391127 1.905143 2.064207 1.956519 1.742781 1.363673 0.781895 0.239999 
0.077610 -0.025082 0.012800 0.026021 0.009025 0.006443 0.017982 0.026101 0.027625 0.024782 0.018133 0.010847 0.007063 0.006114 0.011795 0.045928 0.119530 0.201045 0.298548 0.553333 1.075576 1.681047 2.028455 2.031935 1.864293 1.579767 1.086391 0.486547 
0.245580 -0.004950 -0.011509 0.025300 0.018572 0.005222 0.011510 0.022899 0.027592 0.026725 0.021777 0.014266 0.008555 0.006261 0.006846 0.023991 0.079733 0.160819 0.240164 0.395579 0.787246 1.390391 1.898400 2.064027 1.963012 1.742953 1.357349 0.781343 
0.489933 0.082018 -0.026723 0.009689 0.026397 0.010481 0.006374 0.017488 0.026167 0.027766 0.024700 0.018070 0.011027 0.007156 0.005603 0.011656 0.047290 0.119868 0.198040 0.297149 0.557959 1.078940 1.676221 2.023904 2.036192 1.868748 1.575646 1.081894 
0.780697 0.250661 -0.003404 -0.014704 0.023766 0.019931 0.006010 0.011037 0.022657 0.027768 0.026756 0.021663 0.014329 0.008768 0.006027 0.006330 0.024690 0.081014 0.159313 0.237154 0.397383 0.792447 1.389561 1.892268 2.063883 1.968854 1.743158 1.351635 
1.077737 0.492904 0.086191 -0.028027 0.006704 0.026542 0.011894 0.006433 0.016991 0.026179 0.027917 0.024628 0.018016 0.011217 0.007194 0.005090 0.011645 0.048610 0.119977 0.195162 0.296087 0.562349 1.081887 1.671738 2.019801 2.040033 1.872784 1.571968 
