0.003850 0.010366 0.027624 0.067543 0.145500 0.288278 0.377096 1.181822 1.968431 1.992239 2.003958 1.870775 1.767759 0.963033 0.190622 0.157219 0.067543 0.027644 0.010205 0.004804 0.005995 0.010713 0.016245 0.019904 0.019896 0.016197 0.010560 0.004748 
0.003508 0.006084 0.017049 0.043964 0.098521 0.224918 0.284106 0.718098 1.641333 2.035936 2.001165 1.937517 1.867789 1.424092 0.510699 0.124211 0.121787 0.041714 0.017025 0.006426 0.004799 0.008087 0.013556 0.018452 0.020401 0.018419 0.013550 0.007367 
0.004870 0.003910 0.010159 0.028211 0.063259 0.166092 0.238258 0.429991 1.181999 1.915132 2.046295 1.962521 1.925017 1.714659 0.963267 0.243429 0.107081 0.088069 0.023408 0.010721 0.004772 0.006015 0.010726 0.016245 0.019896 0.019866 0.016278 0.010425 
0.007342 0.003656 0.005876 0.017927 0.039221 0.113521 0.202937 0.283087 0.760160 1.598691 2.041664 2.007847 1.944305 1.873734 1.381589 0.552736 0.123075 0.099701 0.056723 0.012256 0.007362 0.004691 0.008115 0.013561 0.018450 0.020370 0.018464 0.013509 
0.010365 0.004978 0.003735 0.011176 0.024246 0.071315 0.163067 0.218653 0.460593 1.181020 1.888810 2.057630 1.968276 1.936536 1.688536 0.962345 0.273948 0.087350 0.085002 0.031460 0.006761 0.005897 0.005820 0.010766 0.016247 0.019872 0.019879 0.016287 
0.013466 0.007398 0.003477 0.006841 0.015396 0.041583 0.119141 0.185845 0.289708 0.782100 1.578436 2.032910 2.018988 1.955551 1.865195 1.361472 0.574654 0.129574 0.082519 0.062328 0.014610 0.004899 0.005713 0.007868 0.013621 0.018430 0.020362 0.018487 
0.016268 0.010399 0.004786 0.004464 0.010112 0.023302 0.077997 0.155696 0.209617 0.480938 1.182146 1.868791 2.060066 1.982609 1.939153 1.668714 0.963531 0.294207 0.078194 0.077583 0.038130 0.005845 0.004912 0.006536 0.010530 0.016306 0.019844 0.019895 
0.018483 0.013500 0.007225 0.003881 0.006834 0.013406 0.045672 0.119938 0.173593 0.296787 0.797460 1.565204 2.021367 2.030294 1.966960 1.853864 1.348379 0.589993 0.136535 0.070181 0.063099 0.018703 0.002974 0.005747 0.008228 0.013439 0.018478 0.020349 
0.019872 0.016309 0.010278 0.004895 0.004957 0.008510 0.024315 0.082333 0.148050 0.204901 0.496450 1.183818 1.851887 2.060153 1.997844 1.939418 1.652005 0.965263 0.309633 0.073364 0.069882 0.042454 0.006897 0.003377 0.007022 0.010603 0.016194 0.019887 
0.020367 0.018501 0.013451 0.007146 0.004414 0.006123 0.012502 0.049660 0.118523 0.164443 0.303549 0.809551 1.554879 2.010047 2.040720 1.977487 1.842754 1.338193 0.602063 0.143181 0.060942 0.061652 0.022705 0.002132 0.005071 0.008730 0.013346 0.018439 
0.019888 0.019900 0.016303 0.010141 0.005225 0.004995 0.007105 0.026229 0.084894 0.140941 0.202385 0.509249 1.185313 1.837208 2.059620 2.012072 1.939061 1.637520 0.966818 0.322349 0.070736 0.062713 0.045006 0.008853 0.002029 0.007057 0.010903 0.016059 
0.018328 0.020400 0.018530 0.013333 0.007240 0.004803 0.005132 0.012466 0.053084 0.116051 0.157344 0.309981 0.819516 1.546092 1.999744 2.050061 1.986928 1.832659 1.329546 0.612008 0.149500 0.053752 0.059146 0.026147 0.002155 0.004110 0.009094 0.013424 
0.015990 0.019834 0.019960 0.016241 0.010075 0.005617 0.004675 0.006103 0.028474 0.086212 0.134486 0.201200 0.520258 1.186408 1.824323 2.058991 2.024864 1.938606 1.624829 0.967973 0.333278 0.069438 0.056195 0.046316 0.011142 0.001080 0.006737 0.011267 
0.013622 0.018210 0.020420 0.018544 0.013209 0.007457 0.004974 0.004115 0.013026 0.055882 0.113055 0.151702 0.316124 0.827899 1.538307 1.990594 2.058354 1.995320 1.823715 1.321899 0.620373 0.155534 0.048017 0.056114 0.028967 0.002771 0.003122 0.009245 
0.011587 0.016009 0.019757 0.020009 0.016155 0.010100 0.005962 0.004135 0.005513 0.030770 0.086652 0.128657 0.200909 0.529938 1.187083 1.812942 2.058423 2.036227 1.938210 1.613638 0.968709 0.342881 0.069035 0.050300 0.046752 0.013483 0.000539 0.006198 
0.009195 0.013876 0.018133 0.020413 0.018532 0.013127 0.007729 0.004941 0.003200 0.013971 0.058102 0.109808 0.147163 0.322002 0.835032 1.531274 1.982525 2.065707 2.002769 1.815851 1.315002 0.627489 0.161302 0.043383 0.052832 0.031210 0.003770 0.002234 
0.005552 0.011812 0.016107 0.019682 0.020020 0.016072 0.010205 0.006211 0.003486 0.005282 0.032977 0.086460 0.123398 0.201257 0.538559 1.187388 1.802835 2.057955 2.046292 1.937912 1.603721 0.969076 0.351426 0.069271 0.044973 0.046555 0.015735 0.000354 
0.001505 0.008982 0.014133 0.018115 0.020379 0.018491 0.013107 0.008005 0.004744 0.002443 0.015152 0.059815 0.106462 0.143492 0.327620 0.841147 1.524856 1.975413 2.072233 2.009392 1.808941 1.308722 0.633590 0.166813 0.039615 0.049451 0.032948 0.005004 
0.000464 0.004874 0.011926 0.016263 0.019628 0.019985 0.016010 0.010369 0.006346 0.002804 0.005347 0.035028 0.085804 0.118657 0.202072 0.546297 1.187390 1.793816 2.057582 2.055218 1.937707 1.594890 0.969141 0.359091 0.069974 0.040163 0.045896 0.017831 
0.006372 0.000950 0.008649 0.014363 0.018158 0.020320 0.018427 0.013148 0.008253 0.004425 0.001862 0.016469 0.061091 0.103111 0.140524 0.332981 0.846424 1.518968 1.969127 2.078042 2.015296 1.802854 1.302970 0.638854 0.172068 0.036550 0.046064 0.034250 
0.019740 0.000809 0.004214 0.011931 0.016454 0.019599 0.019911 0.015975 0.010568 0.006372 0.002140 0.005648 0.036893 0.084805 0.114384 0.203232 0.553282 1.187156 1.785732 2.057291 2.063152 1.937583 1.586993 0.968969 0.366005 0.071021 0.035820 0.044895 
0.035177 0.007805 0.000569 0.008235 0.014549 0.018252 0.020248 0.018349 0.013241 0.008456 0.004023 0.001456 0.017851 0.061992 0.099812 0.138134 0.338087 0.851002 1.513547 1.963549 2.083227 2.020575 1.797473 1.297684 0.643422 0.177070 0.034062 0.042729 
0.043641 0.021452 0.001338 0.003602 0.011840 0.016659 0.019597 0.019809 0.015967 0.010783 0.006301 0.001523 0.006134 0.038559 0.083553 0.110533 0.204646 0.559615 1.186740 1.778456 2.057065 2.070228 1.937521 1.579901 0.968618 0.372268 0.072322 0.031899 
0.039482 0.035784 0.009253 0.000350 0.007772 0.014681 0.018383 0.020169 0.018265 0.013371 0.008606 0.003571 0.001211 0.019248 0.062573 0.096602 0.136225 0.342943 0.854994 1.508543 1.958575 2.087869 2.025311 1.792696 1.292815 0.647405 0.181821 0.032053 
0.028360 0.042202 0.022966 0.002008 0.003056 0.011671 0.016863 0.019619 0.019692 0.015984 0.010995 0.006151 0.000972 0.006762 0.040029 0.082117 0.107066 0.206245 0.565378 1.186191 1.771879 2.056888 2.076560 1.937507 1.573507 0.968133 0.377964 0.073808 
0.030446 0.036347 0.036120 0.010682 0.000277 0.007286 0.014759 0.018536 0.020091 0.018184 0.013526 0.008701 0.003096 0.001113 0.020629 0.062882 0.093504 0.134718 0.347555 0.858493 1.503915 1.954121 2.092038 2.029571 1.788435 1.288322 0.650896 0.186330 
0.075425 0.025166 0.040631 0.024289 0.002781 0.002587 0.011440 0.017052 0.019660 0.019571 0.016022 0.011194 0.005937 0.000497 0.007494 0.041307 0.080548 0.103945 0.207974 0.570641 1.185545 1.765912 2.056748 2.082243 1.937527 1.567723 0.967553 0.383160 
0.190605 0.029177 0.033338 0.036224 0.012070 0.000332 0.006797 0.014784 0.018701 0.020022 0.018111 0.013692 0.008742 0.002617 0.001144 0.021967 0.062960 0.090532 0.133549 0.351932 0.861574 1.499627 1.950112 2.095791 2.033414 1.784618 1.284169 0.653970 
