0.018292 0.080964 0.059926 0.777424 1.549005 1.667546 1.876045 1.982093 2.077938 1.371438 0.587894 0.470447 0.275039 0.145257 0.067544 0.027764 0.010767 0.005667 0.006029 0.008157 0.009797 0.009758 0.007938 0.005142 0.002503 0.000803 0.000633 -0.003112 
0.001638 0.061727 0.022962 0.351214 1.217377 1.649500 1.764950 1.929082 2.088218 1.797642 0.925631 0.485386 0.382075 0.200944 0.100757 0.043898 0.017200 0.007216 0.005445 0.007042 0.009137 0.010017 0.009035 0.006591 0.003748 0.001430 0.001176 -0.002339 
-0.006268 0.039244 0.029403 0.113680 0.777176 1.496030 1.721970 1.834793 2.036155 2.024462 1.371423 0.640731 0.420508 0.295734 0.141069 0.068017 0.027674 0.010751 0.005673 0.006039 0.008161 0.009794 0.009753 0.007935 0.005167 0.002353 0.001485 -0.000214 
-0.007403 0.017821 0.038838 0.021568 0.393657 1.174540 1.655665 1.771932 1.935874 2.093848 1.754791 0.967557 0.484388 0.360194 0.216064 0.095983 0.044775 0.017042 0.007224 0.005455 0.007050 0.009138 0.010013 0.009027 0.006627 0.003598 0.001785 0.001648 
-0.004790 0.002424 0.036448 0.008888 0.144413 0.776293 1.469778 1.733757 1.840707 2.047500 1.997965 1.370252 0.671277 0.400973 0.292838 0.149168 0.064016 0.028738 0.010521 0.005708 0.006046 0.008165 0.009793 0.009741 0.007971 0.005072 0.002365 0.002670 
-0.001223 -0.005074 0.024100 0.021265 0.027708 0.415820 1.154318 1.647192 1.783439 1.947102 2.085003 1.734329 0.989363 0.491022 0.343216 0.221782 0.098331 0.042252 0.018013 0.006958 0.005514 0.007050 0.009140 0.010000 0.009050 0.006606 0.003377 0.003044 
0.001593 -0.006052 0.009551 0.029229 -0.000798 0.164662 0.777587 1.449880 1.736569 1.855243 2.049927 1.977780 1.371188 0.691560 0.392012 0.285589 0.155888 0.063059 0.027693 0.011202 0.005462 0.006118 0.008159 0.009785 0.009747 0.008010 0.004771 0.003283 
0.003188 -0.003468 -0.000931 0.025340 0.008688 0.034326 0.431280 1.141221 1.635900 1.795089 1.958516 2.073358 1.720897 1.004586 0.498115 0.331081 0.222666 0.102421 0.040269 0.017997 0.007297 0.005334 0.007122 0.009123 0.009993 0.009117 0.006350 0.003825 
0.003924 -0.000075 -0.005217 0.014232 0.021690 -0.006026 0.179988 0.779417 1.433154 1.736987 1.870686 2.050011 1.960704 1.372673 0.707007 0.387375 0.278059 0.160264 0.064070 0.026097 0.011651 0.005527 0.006023 0.008214 0.009752 0.009814 0.007857 0.004837 
0.004427 0.002551 -0.004563 0.003147 0.024255 -0.000716 0.040660 0.443393 1.131075 1.624839 1.805829 1.969061 2.061935 1.710373 1.016540 0.504890 0.322045 0.221335 0.106419 0.039367 0.017270 0.007775 0.005248 0.007102 0.009137 0.010022 0.009072 0.006210 
0.005161 0.004071 -0.001562 -0.003404 0.017078 0.014657 -0.008972 0.192563 0.781048 1.418694 1.736768 1.885112 2.049486 1.945852 1.373983 0.719742 0.384937 0.271062 0.162868 0.065986 0.024689 0.011648 0.005819 0.005904 0.008221 0.009781 0.009825 0.007680 
0.006264 0.004887 0.001589 -0.004742 0.006676 0.022041 -0.008029 0.046693 0.453331 1.122486 1.614811 1.815462 1.978524 2.051535 1.701386 1.026370 0.511335 0.315057 0.218945 0.109860 0.039332 0.016257 0.008117 0.005333 0.007005 0.009170 0.010064 0.008942 
0.007575 0.005568 0.003829 -0.002645 -0.001212 0.018639 0.008256 -0.010536 0.203331 0.782255 1.406056 1.736446 1.898089 2.048872 1.932798 1.374892 0.730688 0.383827 0.264717 0.164233 0.068235 0.023679 0.011289 0.006177 0.005849 0.008174 0.009849 0.009769 
0.008797 0.006458 0.005125 0.000575 -0.004292 0.009585 0.019258 -0.013860 0.052463 0.461656 1.114902 1.605950 1.824032 1.986937 2.042294 1.693399 1.034618 0.517493 0.309523 0.216031 0.112679 0.039890 0.015216 0.008246 0.005539 0.006898 0.009196 0.010090 
0.009679 0.007567 0.005939 0.003344 -0.003313 0.001062 0.019294 0.002463 -0.011168 0.212764 0.783023 1.394937 1.736185 1.909626 2.048323 1.921249 1.375380 0.740306 0.383611 0.258994 0.164724 0.070537 0.023076 0.010712 0.006493 0.005881 0.008104 0.009909 
0.010085 0.008692 0.006719 0.005150 -0.000351 -0.003431 0.011919 0.016190 -0.018574 0.057988 0.468710 1.108069 1.598185 1.831652 1.994404 2.034141 1.686165 1.041615 0.523383 0.305088 0.212868 0.114923 0.040830 0.014274 0.008175 0.005799 0.006831 0.009199 
0.009930 0.009588 0.007646 0.006218 0.002732 -0.003614 0.003269 0.019294 -0.002771 -0.011135 0.221134 0.783405 1.385102 1.736024 1.919855 2.047874 1.910979 1.375497 0.748865 0.384031 0.253840 0.164584 0.072751 0.022829 0.010027 0.006713 0.005989 0.008039 
0.009176 0.010048 0.008647 0.006994 0.005001 -0.001128 -0.002313 0.013746 0.012999 -0.022409 0.063271 0.474733 1.101849 1.591385 1.838440 2.001039 2.026948 1.679549 1.047595 0.529014 0.301520 0.209606 0.116663 0.042005 0.013490 0.007941 0.006062 0.006824 
0.007997 0.009906 0.009514 0.007790 0.006385 0.002075 -0.003612 0.005336 0.018813 -0.007499 -0.010614 0.228624 0.783472 1.376362 1.735963 1.928937 2.047521 1.901801 1.375313 0.756540 0.384917 0.249203 0.163983 0.074809 0.022876 0.009310 0.006821 0.006155 
0.006879 0.009131 0.009984 0.008666 0.007247 0.004723 -0.001734 -0.001043 0.015135 0.009782 -0.025533 0.068311 0.479907 1.096154 1.585418 1.844507 2.006951 2.020584 1.673466 1.052735 0.534387 0.298653 0.206340 0.117967 0.043314 0.012881 0.007587 0.006297 
0.006356 0.007981 0.009841 0.009464 0.007975 0.006442 0.001425 -0.003367 0.007227 0.017975 -0.011766 -0.009733 0.235362 0.783292 1.368560 1.735986 1.937022 2.047248 1.893563 1.374893 0.763461 0.386146 0.245032 0.163042 0.076681 0.023158 0.008611 0.006820 
0.006487 0.006985 0.009071 0.009903 0.008738 0.007460 0.004355 -0.002169 0.000305 0.016147 0.006601 -0.028073 0.073109 0.484376 1.090922 1.580164 1.849948 2.012235 2.014930 1.667852 1.057177 0.539503 0.296363 0.203126 0.118898 0.044688 0.012445 0.007152 
0.006724 0.006571 0.007994 0.009746 0.009441 0.008179 0.006401 0.000814 -0.002929 0.008929 0.016872 -0.015618 -0.008585 0.241452 0.782923 1.361565 1.736077 1.944244 2.047038 1.886134 1.374294 0.769730 0.387627 0.241285 0.161849 0.078356 0.023623 0.007961 
0.006667 0.006623 0.007130 0.009005 0.009815 0.008851 0.007621 0.003930 -0.002443 0.001680 0.016838 0.003497 -0.030129 0.077667 0.488255 1.086102 1.575518 1.854844 2.016971 2.009882 1.662659 1.061033 0.544367 0.294552 0.200002 0.119511 0.046077 0.012171 
0.007376 0.006548 0.006786 0.008031 0.009634 0.009443 0.008386 0.006277 0.000264 -0.002345 0.010441 0.015575 -0.019092 -0.007243 0.246976 0.782414 1.355271 1.736219 1.950717 2.046875 1.879409 1.373563 0.775428 0.389291 0.237920 0.160472 0.079834 0.024229 
0.012043 0.006159 0.006705 0.007298 0.008941 0.009728 0.008990 0.007729 0.003476 -0.002571 0.003047 0.017255 0.000493 -0.031780 0.081990 0.491638 1.081654 1.571394 1.859266 2.021229 2.005354 1.657845 1.064397 0.548986 0.293142 0.196991 0.119852 0.047448 
0.024939 0.006867 0.006310 0.006986 0.008088 0.009517 0.009466 0.008582 0.006088 -0.000215 -0.001649 0.011767 0.014136 -0.022227 -0.005762 0.252004 0.781803 1.349586 1.736398 1.956539 2.046746 1.873296 1.372738 0.780624 0.391084 0.234900 0.158964 0.081122 
0.048777 0.012043 0.005649 0.006734 0.007478 0.008883 0.009648 0.009143 0.007785 0.003013 -0.002570 0.004380 0.017439 -0.002393 -0.033090 0.086086 0.494601 1.077542 1.567716 1.863272 2.025068 2.001271 1.653374 1.067342 0.553368 0.292069 0.194106 0.119964 
