0.006779 0.028302 0.080000 0.061824 0.780062 1.551800 1.669358 1.876045 1.980282 2.075143 1.368800 0.586194 0.469763 0.274920 0.145257 0.067664 0.028449 0.012466 0.008306 0.008824 0.009968 0.009797 0.007946 0.005143 0.002503 0.000803 0.000316 -0.001134 
0.001459 0.013581 0.065887 0.022422 0.353832 1.220187 1.651942 1.765914 1.928118 2.085778 1.794793 0.923406 0.484225 0.381740 0.200917 0.100784 0.044232 0.018360 0.009441 0.008294 0.009482 0.010101 0.009053 0.006595 0.003744 0.001484 0.000662 -0.000859 
-0.000249 0.002733 0.048368 0.030180 0.114386 0.780231 1.498740 1.723788 1.834792 2.034347 2.021672 1.368786 0.639029 0.419818 0.295611 0.141069 0.068140 0.028363 0.012453 0.008310 0.008829 0.009968 0.009794 0.007945 0.005155 0.002451 0.001070 -0.000200 
-0.000039 -0.002882 0.028357 0.043727 0.021384 0.395649 1.177680 1.658007 1.772912 1.934910 2.091413 1.751946 0.965332 0.483224 0.359854 0.216036 0.096011 0.045114 0.018206 0.009449 0.008300 0.009485 0.010099 0.009049 0.006610 0.003689 0.001669 0.000387 
0.000698 -0.003987 0.010915 0.045066 0.010511 0.144839 0.779158 1.472687 1.735485 1.840729 2.045692 1.995181 1.367617 0.669573 0.400279 0.292711 0.149168 0.064143 0.029432 0.012224 0.008342 0.008831 0.009969 0.009789 0.007959 0.005110 0.002562 0.000892 
0.001259 -0.002522 -0.000276 0.033870 0.026438 0.027921 0.417427 1.157510 1.649611 1.784358 1.946162 2.082568 1.731489 0.987138 0.489854 0.342872 0.221751 0.098362 0.042596 0.019181 0.009183 0.008355 0.009482 0.010095 0.009060 0.006579 0.003754 0.001503 
0.001572 -0.000419 -0.004742 0.017690 0.037499 0.001340 0.165054 0.780213 1.452913 1.738295 1.855236 2.048139 1.974995 1.368557 0.689855 0.391314 0.285458 0.155888 0.063190 0.028391 0.012907 0.008094 0.008900 0.009955 0.009797 0.007940 0.005156 0.002391 
0.001897 0.001173 -0.004438 0.004000 0.034599 0.013999 0.034876 0.432661 1.144355 1.638416 1.795973 1.957572 2.070936 1.718057 1.002362 0.496943 0.330732 0.222633 0.102454 0.040617 0.019168 0.009521 0.008172 0.009544 0.010084 0.009049 0.006618 0.003603 
0.002516 0.002005 -0.002041 -0.003564 0.022105 0.029697 -0.003536 0.180432 0.781836 1.436239 1.738754 1.870645 2.048234 1.957927 1.370042 0.705300 0.386672 0.277925 0.160264 0.064204 0.026800 0.013358 0.008157 0.008797 0.010008 0.009771 0.007978 0.005052 
0.003550 0.002407 0.000399 -0.005261 0.008145 0.033137 0.004670 0.041489 0.444641 1.134113 1.627433 1.806708 1.968100 2.059528 1.707535 1.014316 0.503716 0.321692 0.221300 0.106454 0.039720 0.018445 0.010000 0.008081 0.009518 0.010106 0.009061 0.006576 
0.004936 0.002854 0.001984 -0.003449 -0.001502 0.024737 0.022455 -0.006226 0.193092 0.783297 1.421785 1.738587 1.885048 2.047708 1.943087 1.371351 0.718033 0.384229 0.270925 0.162868 0.066123 0.025397 0.013358 0.008447 0.008671 0.010019 0.009795 0.007968 
0.006467 0.003667 0.002765 -0.000643 -0.005214 0.011709 0.030629 -0.002602 0.047757 0.454502 1.125417 1.617459 1.816356 1.977543 2.049137 1.698555 1.024143 0.510158 0.314699 0.218908 0.109897 0.039689 0.017436 0.010342 0.008160 0.009419 0.010142 0.009083 
0.007905 0.004892 0.003245 0.001607 -0.004444 0.000879 0.026122 0.015880 -0.007592 0.203956 0.784370 1.409125 1.738317 1.898015 2.047086 1.930044 1.372262 0.728976 0.383116 0.264575 0.164233 0.068377 0.024391 0.013001 0.008802 0.008611 0.009975 0.009852 
0.009092 0.006355 0.003902 0.002903 -0.001701 -0.004572 0.014634 0.027604 -0.008410 0.053727 0.462786 1.117729 1.608632 1.824952 1.985939 2.039900 1.690577 1.032390 0.516311 0.309161 0.215992 0.112718 0.040251 0.016398 0.010471 0.008360 0.009313 0.010165 
0.009897 0.007820 0.004938 0.003586 0.001015 -0.005019 0.003301 0.026627 0.009940 -0.008067 0.213487 0.785031 1.397968 1.738102 1.909552 2.046526 1.918505 1.372754 0.738591 0.382895 0.258849 0.164724 0.070682 0.023792 0.012426 0.009114 0.008639 0.009905 
0.010160 0.009075 0.006287 0.004189 0.002834 -0.002649 -0.003548 0.016973 0.024334 -0.013113 0.059424 0.469821 1.110799 1.600882 1.832603 1.993393 2.031746 1.683352 1.039386 0.522198 0.304723 0.212826 0.114964 0.041196 0.015461 0.010399 0.008616 0.009247 
0.009839 0.009903 0.007741 0.005063 0.003824 0.000319 -0.005231 0.005628 0.026496 0.004579 -0.007906 0.221954 0.785328 1.388086 1.737979 1.919789 2.046066 1.908241 1.372877 0.747146 0.383311 0.253692 0.164584 0.072899 0.023550 0.011743 0.009330 0.008746 
0.009240 0.010126 0.009031 0.006281 0.004475 0.002601 -0.003431 -0.002287 0.018797 0.020970 -0.016943 0.064857 0.475842 1.104490 1.594085 1.839423 2.000022 2.024550 1.676745 1.045367 0.527824 0.301150 0.209563 0.116706 0.042376 0.014680 0.010163 0.008876 
0.008911 0.009791 0.009866 0.007685 0.005245 0.003947 -0.000407 -0.005142 0.007793 0.025899 -0.000261 -0.007279 0.229536 0.785327 1.379294 1.737948 1.928885 2.045703 1.899067 1.372699 0.754819 0.384192 0.249051 0.163983 0.074961 0.023602 0.011028 0.009435 
0.009109 0.009293 0.010069 0.008966 0.006337 0.004730 0.002246 -0.004033 -0.000893 0.020179 0.017602 -0.020068 0.070029 0.481024 1.098714 1.588112 1.845520 2.005933 2.018181 1.670669 1.050510 0.533192 0.298279 0.206295 0.118012 0.043690 0.014075 0.009808 
0.009432 0.009111 0.009769 0.009789 0.007656 0.005461 0.003957 -0.001111 -0.004814 0.009766 0.024958 -0.004628 -0.006308 0.236363 0.785092 1.371438 1.737993 1.936987 2.045422 1.890830 1.372285 0.761738 0.385416 0.244878 0.163041 0.076837 0.023888 0.010330 
0.009372 0.009297 0.009397 0.009997 0.008888 0.006445 0.004937 0.001809 -0.004456 0.000565 0.021181 0.014288 -0.022613 0.074945 0.485508 1.093409 1.582844 1.850990 2.011219 2.012520 1.665060 1.054954 0.538303 0.295984 0.203080 0.118945 0.045068 0.013642 
0.009680 0.009334 0.009326 0.009773 0.009685 0.007657 0.005690 0.003869 -0.001765 -0.004300 0.011538 0.023762 -0.008569 -0.005083 0.242537 0.784679 1.364391 1.738099 1.944229 2.045207 1.883401 1.371692 0.768005 0.386892 0.241127 0.161848 0.078515 0.024359 
0.013371 0.008886 0.009433 0.009537 0.009919 0.008806 0.006590 0.005089 0.001322 -0.004713 0.002038 0.021860 0.011063 -0.024674 0.079608 0.489408 1.088524 1.578180 1.855912 2.015961 2.007467 1.659871 1.058814 0.543163 0.294168 0.199954 0.119559 0.046462 
0.024969 0.009096 0.009157 0.009538 0.009800 0.009567 0.007683 0.005915 0.003700 -0.002349 -0.003642 0.013109 0.022379 -0.012125 -0.003674 0.248140 0.784136 1.358044 1.738251 1.950723 2.045042 1.876674 1.370966 0.773702 0.388550 0.237758 0.160472 0.079997 
0.047838 0.013245 0.008378 0.009514 0.009699 0.009842 0.008728 0.006759 0.005183 0.000813 -0.004820 0.003492 0.022263 0.007952 -0.026332 0.084027 0.492814 1.084017 1.574033 1.860357 2.020229 2.002934 1.655060 1.062180 0.547778 0.292753 0.196941 0.119903 
0.081288 0.025683 0.008588 0.008919 0.009736 0.009846 0.009446 0.007730 0.006124 0.003467 -0.002855 -0.002878 0.014486 0.020863 -0.015333 -0.002133 0.253242 0.783497 1.352308 1.738436 1.956566 2.044912 1.870559 1.370145 0.778899 0.390338 0.234735 0.158964 
0.120016 0.049171 0.013248 0.007867 0.009542 0.009872 0.009774 0.008659 0.006939 0.005221 0.000302 -0.004796 0.004904 0.022432 0.004967 -0.027651 0.088210 0.495804 1.079852 1.570330 1.864383 2.024079 1.998848 1.650590 1.065129 0.552156 0.291674 0.194054 
