0.000347 0.000896 0.003162 0.010149 0.040619 -0.014482 0.653292 1.373259 1.461438 1.686560 1.866979 2.078035 1.487975 0.781614 0.683232 0.457924 0.274920 0.145443 0.068800 0.031556 0.017998 0.015565 0.016119 0.015451 0.012449 0.008043 0.003918 0.001231 
0.000586 0.000464 0.001843 0.003580 0.038519 -0.033344 0.253474 1.066368 1.454163 1.560108 1.770030 2.027804 1.858578 1.087427 0.695853 0.584611 0.358441 0.203245 0.101181 0.046245 0.022690 0.015997 0.015814 0.016067 0.014217 0.010319 0.005858 0.002354 
0.001248 0.000316 0.001424 -0.001013 0.030719 -0.009553 0.038166 0.653327 1.320118 1.515917 1.645494 1.921222 2.024566 1.487786 0.834262 0.633236 0.478696 0.270838 0.145971 0.068707 0.031516 0.017982 0.015563 0.016117 0.015449 0.012448 0.008056 0.003919 
0.002372 0.000477 0.001403 -0.002888 0.018650 0.016447 -0.034578 0.295312 1.023721 1.460206 1.567233 1.777027 2.033542 1.815633 1.129148 0.694722 0.562748 0.373667 0.198557 0.102082 0.046069 0.022673 0.015990 0.015813 0.016065 0.014214 0.010326 0.005863 
0.003953 0.001047 0.001439 -0.002518 0.007093 0.027701 -0.029321 0.068525 0.652208 1.293956 1.527671 1.651615 1.932741 1.998077 1.486445 0.864619 0.613643 0.475875 0.279044 0.142026 0.069769 0.031260 0.017995 0.015558 0.016116 0.015445 0.012451 0.008060 
0.005919 0.002119 0.001494 -0.001056 -0.000496 0.024316 -0.000721 -0.028179 0.317032 1.003463 1.451767 1.578814 1.788480 2.024797 1.795078 1.150752 0.701222 0.545788 0.379489 0.200992 0.099583 0.047022 0.022381 0.016032 0.015805 0.016063 0.014213 0.010325 
0.008129 0.003710 0.001757 0.000453 -0.003413 0.013818 0.020329 -0.038515 0.088623 0.653199 1.274099 1.530524 1.666311 1.935359 1.977893 1.487214 0.884716 0.604623 0.468700 0.285870 0.141125 0.068723 0.031916 0.017727 0.015618 0.016102 0.015445 0.012441 
0.010391 0.005736 0.002471 0.001523 -0.002974 0.003636 0.025146 -0.013045 -0.021321 0.332173 0.990232 1.440537 1.590555 1.800094 2.013263 1.781551 1.165776 0.708181 0.533667 0.380477 0.205169 0.097624 0.046988 0.022694 0.015835 0.015866 0.016048 0.014200 
0.012496 0.008028 0.003777 0.002235 -0.001085 -0.002340 0.018197 0.012675 -0.043384 0.103887 0.654738 1.257357 1.531023 1.681905 1.935624 1.960826 1.488532 0.899978 0.599926 0.461243 0.290352 0.142193 0.067126 0.032340 0.017770 0.015509 0.016154 0.015411 
0.014217 0.010367 0.005646 0.002964 0.000841 -0.003809 0.007677 0.023759 -0.022271 -0.014778 0.344045 0.979910 1.429530 1.601412 1.810823 2.001952 1.770934 1.177532 0.714823 0.524645 0.379248 0.209255 0.096748 0.046243 0.023147 0.015731 0.015838 0.016063 
0.015433 0.012505 0.007903 0.004072 0.002261 -0.002434 -0.000362 0.020803 0.005553 -0.046053 0.116441 0.656101 1.242843 1.530902 1.696487 1.935269 1.945987 1.489676 0.912529 0.597427 0.454316 0.293062 0.144167 0.065717 0.032312 0.018039 0.015377 0.016160 
0.016093 0.014248 0.010269 0.005727 0.003319 -0.000127 -0.003778 0.011159 0.021312 -0.029449 -0.008563 0.353793 0.971130 1.419539 1.611179 1.820464 1.991659 1.761860 1.187165 0.721136 0.517669 0.376959 0.212784 0.096740 0.045213 0.023462 0.015797 0.015735 
0.016110 0.015491 0.012458 0.007844 0.004433 0.001931 -0.003385 0.001950 0.022169 -0.000920 -0.047393 0.127207 0.657067 1.230124 1.530681 1.709631 1.934814 1.932946 1.490423 0.923292 0.596256 0.448039 0.294533 0.146475 0.064707 0.031927 0.018374 0.015310 
0.015623 0.016112 0.014268 0.010161 0.005930 0.003462 -0.001124 -0.003153 0.014020 0.018340 -0.035173 -0.002636 0.361962 0.963353 1.410701 1.619896 1.829054 1.982518 1.753790 1.195218 0.727160 0.512146 0.374146 0.215692 0.097324 0.044154 0.023564 0.015985 
0.015330 0.016036 0.015540 0.012385 0.007873 0.004751 0.001383 -0.003929 0.004314 0.022659 -0.006770 -0.047839 0.136646 0.657616 1.218910 1.530518 1.721341 1.934419 1.921409 1.490753 0.932728 0.595978 0.442383 0.295128 0.148836 0.064105 0.031324 0.018665 
0.016228 0.015550 0.016105 0.014263 0.010093 0.006188 0.003405 -0.002019 -0.002146 0.016305 0.015116 -0.039798 0.003026 0.368882 0.956329 1.402943 1.627667 1.836699 1.974459 1.746475 1.202023 0.732918 0.507721 0.371082 0.218025 0.098293 0.043196 0.023465 
0.018861 0.015429 0.015964 0.015552 0.012316 0.007979 0.004974 0.000726 -0.004116 0.006591 0.022519 -0.012052 -0.047647 0.145028 0.657797 1.208970 1.530453 1.731751 1.934121 1.911148 1.490717 0.941105 0.596335 0.437296 0.295094 0.151110 0.063859 0.030613 
0.023204 0.016474 0.015537 0.016072 0.014230 0.010083 0.006451 0.003184 -0.002758 -0.000902 0.018085 0.011793 -0.043556 0.008429 0.374789 0.949923 1.396141 1.634610 1.843515 1.967357 1.739779 1.207814 0.738416 0.504161 0.367919 0.219854 0.099497 0.042395 
0.029870 0.018946 0.015584 0.015912 0.015522 0.012266 0.008143 0.005086 0.000038 -0.004008 0.008713 0.021915 -0.016819 -0.046990 0.152529 0.657678 1.200119 1.530481 1.741017 1.933918 1.901977 1.490381 0.948601 0.597156 0.432723 0.294597 0.153230 0.063908 
0.041769 0.022822 0.016692 0.015583 0.016016 0.014175 0.010133 0.006685 0.002845 -0.003322 0.000475 0.019430 0.008465 -0.046615 0.013576 0.379859 0.944049 1.390164 1.640831 1.849611 1.961080 1.733615 1.212769 0.743655 0.501300 0.364750 0.221247 0.100836 
0.064193 0.029144 0.018922 0.015774 0.015887 0.015453 0.012242 0.008341 0.005090 -0.000632 -0.003665 0.010648 0.020970 -0.021120 -0.045990 0.159278 0.657325 1.192204 1.530588 1.749290 1.933794 1.893743 1.489812 0.955345 0.598320 0.428616 0.293760 0.155164 
0.102240 0.041317 0.022359 0.016865 0.015679 0.015946 0.014106 0.010233 0.006874 0.002424 -0.003712 0.001917 0.020400 0.005188 -0.049097 0.018467 0.384233 0.938643 1.384893 1.646425 1.855079 1.955511 1.727920 1.217028 0.748639 0.499014 0.361632 0.222268 
0.156901 0.064662 0.028467 0.018802 0.015978 0.015888 0.015356 0.012244 0.008553 0.004999 -0.001254 -0.003139 0.012386 0.019773 -0.024999 -0.044738 0.165377 0.656794 1.185096 1.530758 1.756700 1.933733 1.886317 1.489066 0.961438 0.599734 0.424930 0.292670 
0.222971 0.103661 0.041026 0.021846 0.016985 0.015813 0.015872 0.014031 0.010369 0.007010 0.001954 -0.003940 0.003375 0.021052 0.001999 -0.051100 0.023108 0.388024 0.933657 1.380227 1.651474 1.860002 1.950547 1.722646 1.220704 0.753371 0.497207 0.358603 
0.291397 0.158442 0.065271 0.027856 0.018603 0.016179 0.015914 0.015246 0.012271 0.008762 0.004829 -0.001809 -0.002472 0.013926 0.018392 -0.028496 -0.043302 0.170908 0.656132 1.178689 1.530974 1.763363 1.933719 1.879593 1.488189 0.966962 0.601331 0.421625 
0.355686 0.223402 0.105064 0.040881 0.021311 0.017049 0.015969 0.015800 0.013959 0.010529 0.007091 0.001462 -0.004022 0.004815 0.021432 -0.001078 -0.052703 0.027505 0.391323 0.929048 1.376078 1.656045 1.864449 1.946101 1.717751 1.223889 0.757858 0.495798 
0.418664 0.289992 0.159793 0.065985 0.027321 0.018341 0.016365 0.015960 0.015132 0.012317 0.008956 0.004596 -0.002288 -0.001701 0.015276 0.016878 -0.031649 -0.041736 0.175940 0.655376 1.172893 1.531224 1.769375 1.933740 1.873481 1.487218 0.971987 0.603057 
0.494725 0.352895 0.223604 0.106425 0.040865 0.020773 0.017060 0.016136 0.015737 0.013896 0.010699 0.007119 0.000967 -0.003975 0.006213 0.021581 -0.004029 -0.053970 0.031667 0.394208 0.924781 1.372374 1.660198 1.868476 1.942101 1.713199 1.226658 0.762109 
