0.243703 0.243703 0.198413 0.128543 0.062570 0.020076 0.014682 -0.085957 0.499981 1.088900 1.008358 1.062570 1.116824 1.284351 0.743703 0.157766 0.210132 0.128543 0.062570 0.020076 0.002963 -0.000019 -0.000019 0.002963 0.020076 0.062570 0.128543 0.198413 
0.225759 0.249850 0.225759 0.164758 0.093672 0.035757 0.030015 -0.079056 0.146872 0.853531 1.088350 1.018942 1.074568 1.244210 1.078756 0.396853 0.146169 0.185876 0.091383 0.038046 0.008897 0.000534 -0.000131 0.000534 0.008897 0.037908 0.093534 0.164758 
0.198375 0.243567 0.243569 0.198336 0.129164 0.058535 0.040763 -0.035469 -0.033374 0.499902 1.035638 1.062752 1.021521 1.171210 1.231073 0.743606 0.210329 0.159966 0.149221 0.058535 0.020706 0.002901 -0.000135 -0.000136 0.002939 0.020168 0.062711 0.128626 
0.164783 0.225662 0.249711 0.225540 0.165724 0.089070 0.050966 0.008016 -0.080315 0.188615 0.810761 1.094283 1.026026 1.081647 1.250131 1.035968 0.438577 0.144892 0.163865 0.106588 0.033448 0.009876 0.000332 -0.000250 0.000455 0.008934 0.038037 0.093658 
0.128709 0.198333 0.243461 0.243221 0.199414 0.125311 0.066787 0.037858 -0.055214 -0.003081 0.498669 1.009354 1.074423 1.027659 1.182873 1.204774 0.742354 0.240604 0.140206 0.146307 0.066787 0.016861 0.003994 -0.000464 -0.000223 0.002913 0.020259 0.062850 
0.093782 0.164801 0.225616 0.249300 0.226450 0.163291 0.091590 0.056771 -0.009079 -0.073941 0.210241 0.790380 1.085733 1.037567 1.093184 1.241569 1.015570 0.460183 0.151249 0.146757 0.112388 0.035972 0.007455 0.001260 -0.000642 0.000426 0.008965 0.038165 
0.062992 0.128780 0.198357 0.243075 0.243785 0.198383 0.124501 0.073657 0.030598 -0.064385 0.016953 0.499546 0.989373 1.077193 1.042375 1.185634 1.184778 0.743212 0.260619 0.131020 0.139040 0.073657 0.016059 0.002978 0.000119 -0.000591 0.002952 0.020339 
0.038280 0.093893 0.164888 0.225331 0.249494 0.226375 0.161397 0.095849 0.057740 -0.021332 -0.067107 0.225287 0.777024 1.074393 1.049269 1.104882 1.230217 1.002197 0.475210 0.158066 0.134492 0.113353 0.040236 0.005573 0.001202 -0.000429 0.000159 0.009063 
0.020483 0.063100 0.128916 0.198211 0.243000 0.244118 0.196802 0.125658 0.078182 0.023057 -0.069230 0.032153 0.500970 0.972508 1.077610 1.057989 1.186043 1.167897 0.744617 0.275800 0.126160 0.131490 0.078182 0.017225 0.001412 0.000471 -0.000647 0.002822 
0.009072 0.038425 0.094033 0.164884 0.225139 0.249829 0.225589 0.160585 0.100016 0.056492 -0.030486 -0.060587 0.237064 0.766577 1.063274 1.060088 1.115697 1.219087 0.991733 0.486968 0.164569 0.125326 0.112101 0.044408 0.004773 0.000434 -0.000075 -0.000016 
0.002668 0.020580 0.063262 0.129005 0.198043 0.243153 0.244001 0.195410 0.127720 0.080933 0.016047 -0.071875 0.044643 0.502218 0.957868 1.077406 1.072593 1.185831 1.153243 0.745847 0.288272 0.123500 0.124472 0.080933 0.019295 0.000035 0.000373 -0.000475 
-0.000019 0.009007 0.038583 0.094187 0.164807 0.225118 0.250027 0.224518 0.160639 0.103624 0.054184 -0.037593 -0.054395 0.246718 0.757672 1.053173 1.069819 1.125424 1.208973 0.982809 0.496602 0.170743 0.118207 0.109788 0.048020 0.004839 -0.000619 0.000143 
-0.000238 0.002581 0.020621 0.063459 0.129038 0.197940 0.243372 0.243528 0.194415 0.130114 0.082443 0.009688 -0.073190 0.055346 0.503069 0.945025 1.077104 1.085759 1.185520 1.140385 0.746678 0.298956 0.122169 0.118104 0.082443 0.021698 -0.000945 -0.000081 
0.000149 0.000100 0.008932 0.038729 0.094329 0.164720 0.225220 0.250014 0.223420 0.161286 0.106610 0.051351 -0.043245 -0.048489 0.254792 0.749768 1.044223 1.078500 1.134100 1.200012 0.974888 0.504657 0.176631 0.112543 0.106951 0.051010 0.005498 -0.001701 
-0.000753 -0.000042 0.002581 0.020637 0.063646 0.129045 0.197925 0.243549 0.242837 0.193828 0.132560 0.083077 0.003950 -0.073611 0.064723 0.503501 0.933684 1.076860 1.097493 1.185269 1.129029 0.747092 0.308314 0.121733 0.112358 0.083077 0.024152 -0.001516 
-0.002680 -0.000045 0.000274 0.008896 0.038850 0.094446 0.164672 0.225377 0.249800 0.222422 0.162316 0.109019 0.048266 -0.047797 -0.042848 0.261618 0.742617 1.036355 1.086237 1.141833 1.192131 0.967720 0.511464 0.182254 0.107979 0.103861 0.053423 0.006540 
-0.001731 -0.001532 0.000059 0.002659 0.020655 0.063797 0.129055 0.197988 0.243631 0.242040 0.193599 0.134918 0.083080 -0.001219 -0.073395 0.073042 0.503566 0.923618 1.076714 1.107928 1.185114 1.118948 0.747138 0.316614 0.121935 0.107180 0.083080 0.026519 
0.007817 -0.003503 -0.000401 0.000452 0.008919 0.038942 0.094534 0.164683 0.225538 0.249425 0.221583 0.163581 0.110923 0.045082 -0.051483 -0.037466 0.267430 0.736083 1.029441 1.093147 1.148738 1.185205 0.961169 0.517256 0.187619 0.104281 0.100673 0.055331 
0.028729 -0.001651 -0.002342 0.000049 0.002794 0.020693 0.063903 0.129084 0.198109 0.243602 0.241211 0.193663 0.137120 0.082619 -0.005873 -0.072712 0.080481 0.503331 0.914641 1.076662 1.117220 1.185054 1.109955 0.746884 0.324034 0.122602 0.102518 0.082619 
0.056802 0.009228 -0.004149 -0.000876 0.000603 0.009002 0.039011 0.094599 0.164754 0.225671 0.248931 0.220919 0.164980 0.112389 0.041891 -0.054469 -0.032341 0.272406 0.730081 1.023353 1.099335 1.154922 1.179105 0.955149 0.522213 0.192727 0.101283 0.097478 
0.081816 0.030752 -0.001336 -0.003133 -0.000068 0.002964 0.020756 0.063971 0.129139 0.198263 0.243466 0.240401 0.193963 0.139135 0.081816 -0.010061 -0.071685 0.087169 0.502861 0.906599 1.076690 1.125519 1.185073 1.101898 0.746395 0.330703 0.123614 0.098322 
0.094335 0.057899 0.010703 -0.004622 -0.001431 0.000710 0.009135 0.039067 0.094649 0.164875 0.225760 0.248356 0.220429 0.166443 0.113482 0.038752 -0.056877 -0.027470 0.276685 0.724547 1.017971 1.104898 1.160481 1.173711 0.949597 0.526473 0.197581 0.098862 
0.094547 0.080761 0.032577 -0.000837 -0.003876 -0.000280 0.003148 0.020846 0.064010 0.129220 0.198432 0.243235 0.239640 0.194447 0.140952 0.080761 -0.013827 -0.070406 0.093206 0.502212 0.899364 1.076781 1.132958 1.185155 1.094648 0.745728 0.336721 0.124878 
0.096921 0.091279 0.058676 0.012194 -0.004932 -0.002035 0.000763 0.009304 0.039116 0.094694 0.165032 0.225797 0.247733 0.220101 0.167922 0.114254 0.035700 -0.058807 -0.022848 0.280382 0.719431 1.013193 1.109916 1.165494 1.168921 0.944464 0.530150 0.202185 
0.126326 0.091154 0.079520 0.034205 -0.000198 -0.004551 -0.000571 0.003330 0.020959 0.064034 0.129325 0.198599 0.242926 0.238946 0.195071 0.142571 0.079520 -0.017212 -0.068943 0.098676 0.501432 0.892829 1.076918 1.139650 1.185285 1.088098 0.744929 0.342172 
0.206545 0.095380 0.088335 0.059180 0.013667 -0.005096 -0.002660 0.000762 0.009496 0.039167 0.094741 0.165212 0.225778 0.247088 0.219920 0.169382 0.114755 0.032761 -0.060336 -0.018471 0.283587 0.714693 1.008933 1.114457 1.170031 1.164649 0.939709 0.533335 
0.347124 0.127905 0.088106 0.078146 0.035641 0.000546 -0.005149 -0.000923 0.003496 0.021092 0.064055 0.129450 0.198750 0.242555 0.238329 0.195800 0.143999 0.078146 -0.020252 -0.067349 0.103647 0.500558 0.886904 1.077090 1.145691 1.185448 1.082158 0.744035 
0.536106 0.210671 0.094175 0.085516 0.059454 0.015097 -0.005131 -0.003288 0.000708 0.009698 0.039226 0.094796 0.165402 0.225707 0.246442 0.219868 0.170801 0.115024 0.029946 -0.061529 -0.014328 0.286376 0.710296 1.005118 1.118580 1.174150 1.160822 0.935295 
