0.006961 0.002279 0.000549 0.000885 0.003162 0.010293 0.029876 0.074497 0.159541 0.296967 0.485004 0.698406 0.888343 0.998346 0.991016 0.868527 0.671657 0.457924 0.274919 0.145587 0.069776 0.034598 0.024246 0.025211 0.027965 0.027298 0.022095 0.014291 
0.010399 0.004234 0.001096 0.000511 0.001690 0.005759 0.017833 0.048088 0.111018 0.221381 0.385685 0.591221 0.799971 0.956361 1.010128 0.942267 0.775875 0.563519 0.360586 0.203134 0.101614 0.048088 0.027237 0.024006 0.026788 0.028213 0.025191 0.018329 
0.014302 0.006978 0.002292 0.000552 0.000879 0.003150 0.010269 0.029836 0.074453 0.159541 0.297063 0.485173 0.698524 0.888281 0.998120 0.990796 0.868480 0.671787 0.458094 0.275006 0.145576 0.069726 0.034563 0.024235 0.025206 0.027957 0.027289 0.022093 
0.018333 0.010414 0.004251 0.001104 0.000509 0.001680 0.005742 0.017801 0.048042 0.110988 0.221426 0.385828 0.591382 0.800008 0.956204 1.009880 0.942121 0.775927 0.563688 0.360725 0.203167 0.101574 0.048042 0.027214 0.024001 0.026783 0.028203 0.025185 
0.022092 0.014313 0.006995 0.002305 0.000555 0.000873 0.003137 0.010246 0.029794 0.074408 0.159543 0.297160 0.485341 0.698639 0.888219 0.997896 0.990578 0.868432 0.671915 0.458265 0.275095 0.145566 0.069676 0.034527 0.024223 0.025202 0.027949 0.027279 
0.025179 0.018338 0.010429 0.004267 0.001112 0.000507 0.001671 0.005725 0.017768 0.047994 0.110959 0.221473 0.385970 0.591542 0.800043 0.956047 1.009634 0.941975 0.775977 0.563856 0.360864 0.203203 0.101536 0.047994 0.027191 0.023995 0.026777 0.028193 
0.027270 0.022090 0.014324 0.007012 0.002318 0.000558 0.000867 0.003124 0.010222 0.029753 0.074364 0.159545 0.297258 0.485508 0.698753 0.888156 0.997673 0.990362 0.868384 0.672041 0.458434 0.275184 0.145556 0.069626 0.034490 0.024210 0.025198 0.027941 
0.028184 0.025172 0.018343 0.010444 0.004283 0.001121 0.000506 0.001661 0.005708 0.017735 0.047947 0.110931 0.221520 0.386113 0.591701 0.800077 0.955891 1.009391 0.941831 0.776025 0.564023 0.361003 0.203239 0.101498 0.047947 0.027168 0.023989 0.026772 
0.027933 0.027261 0.022089 0.014334 0.007029 0.002331 0.000562 0.000861 0.003111 0.010197 0.029711 0.074319 0.159549 0.297357 0.485674 0.698864 0.888093 0.997452 0.990147 0.868335 0.672165 0.458603 0.275274 0.145548 0.069576 0.034454 0.024198 0.025194 
0.026766 0.028174 0.025166 0.018348 0.010459 0.004299 0.001129 0.000504 0.001652 0.005690 0.017702 0.047899 0.110903 0.221569 0.386256 0.591858 0.800109 0.955736 1.009150 0.941687 0.776072 0.564187 0.361142 0.203276 0.101460 0.047899 0.027144 0.023983 
0.025190 0.027925 0.027252 0.022087 0.014345 0.007046 0.002344 0.000565 0.000855 0.003099 0.010173 0.029668 0.074275 0.159553 0.297456 0.485840 0.698974 0.888029 0.997234 0.989935 0.868286 0.672287 0.458770 0.275365 0.145541 0.069527 0.034416 0.024185 
0.023977 0.026761 0.028165 0.025160 0.018352 0.010474 0.004315 0.001137 0.000502 0.001643 0.005672 0.017668 0.047851 0.110876 0.221619 0.386399 0.592013 0.800140 0.955582 1.008911 0.941545 0.776117 0.564350 0.361282 0.203315 0.101424 0.047851 0.027120 
0.024171 0.025186 0.027918 0.027243 0.022086 0.014355 0.007063 0.002357 0.000568 0.000850 0.003086 0.010148 0.029625 0.074231 0.159558 0.297557 0.486005 0.699082 0.887965 0.997017 0.989724 0.868236 0.672407 0.458937 0.275457 0.145535 0.069477 0.034378 
0.027095 0.023970 0.026756 0.028156 0.025153 0.018357 0.010489 0.004331 0.001146 0.000501 0.001635 0.005655 0.017634 0.047803 0.110849 0.221670 0.386542 0.592167 0.800169 0.955429 1.008674 0.941403 0.776161 0.564512 0.361421 0.203355 0.101388 0.047803 
0.034340 0.024158 0.025182 0.027910 0.027234 0.022085 0.014366 0.007079 0.002370 0.000571 0.000845 0.003074 0.010122 0.029581 0.074187 0.159565 0.297658 0.486169 0.699188 0.887901 0.996801 0.989515 0.868185 0.672525 0.459103 0.275550 0.145529 0.069428 
0.047755 0.027069 0.023963 0.026751 0.028147 0.025147 0.018362 0.010503 0.004347 0.001154 0.000500 0.001626 0.005637 0.017599 0.047755 0.110823 0.221722 0.386685 0.592319 0.800197 0.955276 1.008439 0.941261 0.776204 0.564672 0.361560 0.203395 0.101352 
0.069379 0.034302 0.024144 0.025178 0.027903 0.027225 0.022084 0.014376 0.007096 0.002383 0.000575 0.000840 0.003061 0.010097 0.029537 0.074143 0.159572 0.297759 0.486332 0.699293 0.887836 0.996588 0.989307 0.868135 0.672642 0.459268 0.275643 0.145525 
0.101317 0.047706 0.027044 0.023957 0.026746 0.028138 0.025141 0.018366 0.010518 0.004362 0.001162 0.000499 0.001618 0.005619 0.017564 0.047706 0.110797 0.221775 0.386828 0.592470 0.800225 0.955125 1.008206 0.941121 0.776245 0.564830 0.361699 0.203437 
0.145522 0.069330 0.034262 0.024129 0.025174 0.027896 0.027217 0.022082 0.014386 0.007112 0.002396 0.000578 0.000835 0.003049 0.010071 0.029493 0.074099 0.159580 0.297861 0.486494 0.699396 0.887771 0.996375 0.989101 0.868084 0.672757 0.459432 0.275737 
0.203480 0.101283 0.047658 0.027017 0.023950 0.026742 0.028129 0.025135 0.018371 0.010532 0.004378 0.001171 0.000498 0.001609 0.005601 0.017528 0.047658 0.110772 0.221828 0.386971 0.592619 0.800250 0.954974 1.007975 0.940981 0.776286 0.564987 0.361838 
0.275831 0.145520 0.069281 0.034223 0.024114 0.025170 0.027889 0.027208 0.022081 0.014397 0.007128 0.002408 0.000582 0.000830 0.003037 0.010045 0.029448 0.074056 0.159589 0.297964 0.486655 0.699497 0.887706 0.996165 0.988897 0.868033 0.672871 0.459596 
0.361977 0.203523 0.101250 0.047609 0.026990 0.023942 0.026737 0.028121 0.025130 0.018376 0.010546 0.004394 0.001179 0.000497 0.001601 0.005583 0.017492 0.047609 0.110748 0.221883 0.387113 0.592767 0.800275 0.954823 1.007746 0.940841 0.776325 0.565143 
0.459758 0.275926 0.145519 0.069233 0.034183 0.024099 0.025165 0.027883 0.027200 0.022080 0.014407 0.007145 0.002421 0.000586 0.000825 0.003024 0.010018 0.029403 0.074013 0.159599 0.298067 0.486816 0.699597 0.887640 0.995956 0.988694 0.867981 0.672982 
0.565297 0.362116 0.203568 0.101217 0.047560 0.026963 0.023935 0.026732 0.028112 0.025124 0.018380 0.010561 0.004409 0.001188 0.000496 0.001593 0.005564 0.017456 0.047560 0.110725 0.221939 0.387256 0.592914 0.800299 0.954674 1.007518 0.940703 0.776363 
0.673093 0.459920 0.276022 0.145518 0.069185 0.034143 0.024084 0.025161 0.027876 0.027192 0.022079 0.014417 0.007161 0.002434 0.000589 0.000821 0.003012 0.009992 0.029358 0.073970 0.159610 0.298171 0.486975 0.699695 0.887574 0.995748 0.988492 0.867929 
0.776400 0.565450 0.362255 0.203614 0.101185 0.047510 0.026935 0.023927 0.026728 0.028104 0.025118 0.018385 0.010575 0.004425 0.001196 0.000496 0.001585 0.005546 0.017419 0.047510 0.110702 0.221995 0.387398 0.593059 0.800322 0.954525 1.007293 0.940565 
0.867877 0.673202 0.460081 0.276118 0.145519 0.069137 0.034102 0.024068 0.025157 0.027870 0.027184 0.022078 0.014427 0.007177 0.002446 0.000593 0.000817 0.003000 0.009964 0.029312 0.073927 0.159622 0.298275 0.487134 0.699792 0.887508 0.995542 0.988292 
0.940428 0.776435 0.565601 0.362394 0.203660 0.101154 0.047461 0.026907 0.023919 0.026724 0.028096 0.025113 0.018389 0.010589 0.004440 0.001205 0.000495 0.001577 0.005527 0.017381 0.047461 0.110680 0.222052 0.387540 0.593203 0.800343 0.954377 1.007069 
