0.018292 0.069126 0.145207 0.275912 0.461016 0.677676 0.876095 1.007817 0.910161 1.376095 1.763614 1.449297 1.275912 1.133686 1.153482 0.527645 -0.075828 0.015875 0.003977 0.006568 0.009847 0.012044 0.012036 0.009798 0.006348 0.003090 0.001506 -0.002965 
0.003821 0.040581 0.102222 0.203134 0.362511 0.568213 0.780871 0.970321 0.932484 1.096206 1.636020 1.647531 1.343506 1.184547 1.180104 0.896867 0.163874 -0.073450 0.024694 0.002919 0.008380 0.011171 0.012343 0.011149 0.008142 0.004532 0.002692 -0.002058 
-0.001942 0.018647 0.067688 0.146259 0.275586 0.461821 0.673628 0.896631 0.957447 0.962618 1.376074 1.710511 1.503790 1.234827 1.187979 1.100177 0.527627 -0.023150 -0.034248 0.024586 0.002402 0.010386 0.012000 0.012030 0.009818 0.006195 0.003814 0.000127 
-0.002391 0.004924 0.039724 0.102015 0.203578 0.363308 0.563762 0.795984 0.948122 0.931034 1.137915 1.593377 1.653611 1.350622 1.191547 1.185953 0.854108 0.205707 -0.074638 0.002669 0.018013 0.003660 0.012110 0.012208 0.011191 0.007978 0.005012 0.002227 
-0.000508 -0.001358 0.018844 0.066918 0.146364 0.276936 0.457898 0.681953 0.893553 0.937490 0.992787 1.374898 1.684385 1.515560 1.240932 1.199550 1.073850 0.526453 0.007237 -0.053965 0.021603 0.010524 0.006452 0.013103 0.011850 0.009718 0.006416 0.003885 
0.001820 -0.002454 0.005521 0.039330 0.101435 0.204988 0.360932 0.566277 0.801759 0.930806 0.937224 1.159505 1.573121 1.645207 1.362194 1.203006 1.177319 0.833737 0.227421 -0.068193 -0.014452 0.023702 0.006064 0.009640 0.013241 0.010853 0.008065 0.005259 
0.003792 -0.000869 -0.000971 0.019037 0.066123 0.147157 0.276244 0.457068 0.688823 0.886166 0.928090 1.012703 1.375828 1.664560 1.518428 1.255615 1.202220 1.053827 0.527388 0.027364 -0.063107 0.014266 0.017267 0.005552 0.012127 0.012521 0.009412 0.006696 
0.005446 0.001487 -0.002454 0.005982 0.038850 0.101478 0.205289 0.359196 0.570504 0.802681 0.918356 0.943864 1.174521 1.559887 1.634011 1.373929 1.214628 1.165896 0.820391 0.242556 -0.061287 -0.026731 0.024560 0.010200 0.007727 0.013262 0.011123 0.007977 
0.006760 0.003723 -0.001134 -0.000619 0.019022 0.065772 0.147630 0.274991 0.458263 0.693306 0.878505 0.923024 1.027780 1.377309 1.647848 1.518943 1.271198 1.202540 1.036920 0.528869 0.042657 -0.067925 0.006650 0.021660 0.006628 0.010597 0.012938 0.009472 
0.007995 0.005473 0.001252 -0.002398 0.006244 0.038536 0.101691 0.204802 0.358584 0.574648 0.801359 0.909019 0.950190 1.186265 1.549563 1.623035 1.384782 1.225369 1.154696 0.809954 0.254420 -0.054697 -0.035909 0.023198 0.014246 0.006903 0.012551 0.011557 
0.009792 0.006760 0.003602 -0.001271 -0.000376 0.018957 0.065728 0.147612 0.273903 0.460402 0.696000 0.871369 0.920170 1.040144 1.378613 1.633360 1.518836 1.285773 1.202241 1.022238 0.530174 0.055238 -0.070542 -0.000435 0.024279 0.008616 0.009244 0.012902 
0.011877 0.008180 0.005386 0.001080 -0.002319 0.006364 0.038437 0.101796 0.203980 0.358854 0.578249 0.798957 0.901735 0.956194 1.195883 1.540779 1.613074 1.394547 1.235023 1.144513 0.801057 0.264160 -0.048435 -0.043040 0.020774 0.017738 0.006943 0.011542 
0.012516 0.010193 0.006791 0.003430 -0.001327 -0.000232 0.018939 0.065804 0.147218 0.273188 0.462901 0.697448 0.864871 0.918654 1.050722 1.379517 1.620667 1.518630 1.298911 1.201844 1.009353 0.531080 0.066032 -0.071829 -0.006872 0.025658 0.010941 0.008279 
0.010501 0.012003 0.008476 0.005267 0.000933 -0.002248 0.006430 0.038486 0.101712 0.203096 0.359722 0.581244 0.796019 0.895905 0.961918 1.203919 1.532994 1.604264 1.403262 1.243629 1.135483 0.793161 0.272319 -0.042460 -0.048716 0.017825 0.020612 0.007572 
0.007713 0.011922 0.010559 0.006886 0.003241 -0.001362 -0.000145 0.018996 0.065875 0.146597 0.272860 0.465469 0.698023 0.858986 0.918038 1.059976 1.380000 1.609476 1.518482 1.310618 1.201507 0.997970 0.531567 0.075498 -0.072221 -0.012687 0.026165 0.013318 
0.008579 0.009560 0.011941 0.008816 0.005173 0.000789 -0.002202 0.006501 0.038608 0.101447 0.202290 0.360970 0.583677 0.792821 0.891172 0.967383 1.210707 1.525960 1.596534 1.411033 1.251292 1.127535 0.786018 0.279229 -0.036750 -0.053294 0.014625 0.022914 
0.015606 0.007499 0.011229 0.010833 0.007040 0.003064 -0.001413 -0.000079 0.019119 0.065878 0.145865 0.272872 0.467958 0.697970 0.853662 0.918062 1.068177 1.380113 1.599557 1.518432 1.321027 1.201270 0.987862 0.531685 0.083907 -0.071977 -0.017933 0.026043 
0.024711 0.009815 0.008779 0.011726 0.009148 0.005131 0.000639 -0.002186 0.006606 0.038747 0.101037 0.201625 0.362450 0.585616 0.789521 0.887302 0.972594 1.216481 1.519541 1.589759 1.417977 1.258128 1.120543 0.779492 0.285124 -0.031299 -0.057006 0.011328 
0.025461 0.017736 0.007577 0.010513 0.010995 0.007236 0.002915 -0.001491 -0.000012 0.019291 0.065791 0.145101 0.273163 0.470298 0.697458 0.848848 0.918554 1.075500 1.379923 1.590725 1.518475 1.330294 1.201128 0.978843 0.531502 0.091434 -0.071267 -0.022665 
0.008027 0.026072 0.011182 0.008177 0.011398 0.009442 0.005143 0.000484 -0.002194 0.006752 0.038868 0.100521 0.201124 0.364059 0.587126 0.786213 0.884129 0.977552 1.221420 1.513650 1.583807 1.424201 1.264246 1.114377 0.773496 0.290181 -0.026106 -0.060017 
-0.026928 0.024539 0.019677 0.007889 0.009821 0.011047 0.007456 0.002802 -0.001597 0.000066 0.019490 0.065614 0.144356 0.273677 0.472454 0.696610 0.844495 0.919389 1.082076 1.379498 1.582826 1.518598 1.338570 1.201066 0.970760 0.531084 0.098209 -0.070215 
-0.062453 0.004779 0.027059 0.012610 0.007751 0.010992 0.009682 0.005204 0.000329 -0.002218 0.006932 0.038950 0.099937 0.200788 0.365726 0.588268 0.782957 0.881529 0.982259 1.225664 1.508225 1.578560 1.429799 1.269739 1.108918 0.767968 0.294542 -0.021167 
-0.068910 -0.030769 0.023365 0.021417 0.008384 0.009184 0.011001 0.007682 0.002723 -0.001722 0.000158 0.019698 0.065354 0.143662 0.274366 0.474413 0.695513 0.840562 0.920477 1.088004 1.378894 1.575731 1.518783 1.345986 1.201069 0.963483 0.530486 0.104334 
-0.016480 -0.064409 0.001620 0.027726 0.014051 0.007492 0.010541 0.009862 0.005300 0.000181 -0.002250 0.007136 0.038985 0.099314 0.200608 0.367403 0.589095 0.779790 0.879405 0.986717 1.229327 1.503217 1.573916 1.434854 1.274689 1.104064 0.762858 0.298319 
0.109889 -0.067422 -0.034228 0.022007 0.022957 0.009020 0.008617 0.010872 0.007898 0.002675 -0.001855 0.000264 0.019898 0.065027 0.143036 0.275187 0.476175 0.694236 0.837009 0.921748 1.093368 1.378158 1.569334 1.519015 1.352656 1.201120 0.956907 0.529757 
0.301603 -0.012036 -0.065964 -0.001425 0.028119 0.015473 0.007381 0.010068 0.009979 0.005419 0.000044 -0.002282 0.007352 0.038970 0.098678 0.200569 0.369057 0.589653 0.776735 0.877681 0.990933 1.232500 1.498584 1.569787 1.439432 1.279163 1.099728 0.758125 
0.528932 0.114945 -0.065804 -0.037340 0.020517 0.024305 0.009762 0.008132 0.010678 0.008095 0.002653 -0.001985 0.000381 0.020079 0.064646 0.142490 0.276105 0.477746 0.692829 0.833799 0.923148 1.098234 1.377328 1.563546 1.519281 1.358678 1.201207 0.950942 
0.753734 0.304471 -0.007829 -0.067181 -0.004343 0.028281 0.016851 0.007404 0.009594 0.010038 0.005548 -0.000075 -0.002307 0.007570 0.038904 0.098048 0.200657 0.370664 0.589983 0.773808 0.876292 0.994915 1.235258 1.494291 1.566102 1.443593 1.283221 1.095839 
