-0.000001 -0.000001 0.011865 -0.084946 0.503090 1.092285 0.998079 1.012035 1.000316 1.095736 0.506348 -0.082848 0.012710 0.000146 -0.000001 -0.000001 0.000146 0.000991 0.003090 0.006348 0.009798 0.012035 0.012035 0.009798 0.006348 0.003090 0.000991 0.000146 
0.000164 -0.002158 0.021145 -0.079150 0.148875 0.857616 1.087589 0.992182 0.993372 1.090601 0.861133 0.151622 -0.077718 0.021558 -0.002125 0.000131 0.000026 0.000439 0.001872 0.004619 0.008136 0.011149 0.012338 0.011149 0.008136 0.004619 0.001872 0.000439 
0.000683 -0.004182 0.020588 -0.038264 -0.032242 0.503135 1.039050 1.052380 0.970838 1.054612 1.042495 0.506391 -0.030141 -0.037413 0.020740 -0.004182 0.000531 0.000107 0.000998 0.003097 0.006352 0.009796 0.012028 0.012028 0.009796 0.006352 0.003098 0.000957 
0.001383 -0.004566 0.012916 -0.000895 -0.080330 0.190755 0.814930 1.093486 0.999133 1.000320 1.096492 0.818443 0.193502 -0.078892 -0.000477 0.012952 -0.004602 0.000964 0.000318 0.001889 0.004624 0.008137 0.011144 0.012331 0.011144 0.008137 0.004636 0.001755 
0.002079 -0.003254 0.003924 0.017586 -0.057986 -0.001828 0.502026 1.012794 1.063958 0.976831 1.066185 1.016232 0.505278 0.000276 -0.057130 0.017742 0.003924 -0.003411 0.001222 0.000789 0.003133 0.006353 0.009795 0.012021 0.012022 0.009791 0.006385 0.002892 
0.002768 -0.001074 -0.002173 0.018587 -0.018032 -0.073876 0.212516 0.794633 1.084900 1.010542 1.011726 1.087901 0.798141 0.215263 -0.072434 -0.017607 0.018625 -0.002211 -0.001498 0.001326 0.001633 0.004680 0.008132 0.011140 0.012324 0.011132 0.008187 0.004380 
0.003598 0.001091 -0.004148 0.010650 0.010230 -0.067134 0.018326 0.503025 0.992841 1.066635 0.991400 1.068857 0.996273 0.506274 0.020432 -0.066272 0.010391 0.010650 -0.004309 0.000229 0.001492 0.002888 0.006419 0.009781 0.012018 0.012003 0.009852 0.006138 
0.004728 0.002793 -0.002991 0.001960 0.019423 -0.030326 -0.066961 0.227698 0.781362 1.073524 1.022112 1.023294 1.076519 0.784864 0.230444 -0.065515 -0.029896 0.019463 0.001919 -0.003421 0.001347 0.001982 0.004496 0.008195 0.011123 0.012305 0.011189 0.007999 
0.006201 0.004072 -0.000447 -0.003074 0.015030 0.002593 -0.071958 0.033646 0.504571 0.976003 1.066960 1.006869 1.069177 0.979429 0.507818 0.035754 -0.071090 0.002758 0.015030 -0.003239 -0.001315 0.001964 0.002954 0.006316 0.009833 0.011981 0.012050 0.009743 
0.007903 0.005217 0.002109 -0.003826 0.006001 0.018042 -0.039520 -0.060362 0.239610 0.770998 1.062370 1.032800 1.033979 1.065359 0.774496 0.242356 -0.058912 -0.039084 0.018085 0.005958 -0.004261 0.000658 0.002471 0.004405 0.008168 0.011136 0.012316 0.011157 
0.009611 0.006491 0.004095 -0.001797 -0.001095 0.017638 -0.004513 -0.074581 0.046256 0.505941 0.961390 1.066664 1.021329 1.068877 0.964811 0.509185 0.048366 -0.073707 -0.004343 0.017638 -0.001265 -0.002671 0.001985 0.003247 0.006190 0.009838 0.011998 0.012051 
0.011050 0.007978 0.005568 0.001139 -0.003794 0.009483 0.015602 -0.046667 -0.054091 0.249397 0.762176 1.052234 1.042401 1.043577 1.055217 0.765669 0.252143 -0.052636 -0.046226 0.015647 0.009438 -0.004236 -0.000316 0.002822 0.004485 0.008067 0.011164 0.012341 
0.011996 0.009544 0.006847 0.003762 -0.002750 0.001217 0.019006 -0.010968 -0.075874 0.057077 0.506912 0.948574 1.066270 1.034351 1.068478 0.951989 0.510153 0.059190 -0.074995 -0.010793 0.019006 0.001042 -0.003628 0.001649 0.003606 0.006130 0.009788 0.012052 
0.012355 0.010934 0.008174 0.005708 0.000140 -0.003170 0.012344 0.012637 -0.052359 -0.048107 0.257605 0.754354 1.043249 1.050952 1.052126 1.046226 0.757842 0.260350 -0.046648 -0.051912 0.012685 0.012296 -0.003617 -0.001319 0.002962 0.004686 0.007958 0.011181 
0.012096 0.011916 0.009565 0.007160 0.003211 -0.003294 0.003581 0.019498 -0.016801 -0.076273 0.066572 0.507465 0.937260 1.065936 1.045943 1.068139 0.940669 0.510704 0.068687 -0.075389 -0.016622 0.019498 0.003402 -0.004178 0.001096 0.003922 0.006157 0.009712 
0.011171 0.012343 0.010858 0.008426 0.005646 -0.000757 -0.002162 0.014629 0.009421 -0.056952 -0.042389 0.264564 0.747286 1.035345 1.058559 1.059731 1.038316 0.750769 0.267309 -0.040925 -0.056499 0.009471 0.014578 -0.002615 -0.002221 0.002900 0.004943 0.007887 
0.009640 0.012104 0.011839 0.009664 0.007378 0.002551 -0.003481 0.005857 0.019359 -0.022064 -0.076035 0.075008 0.507650 0.927221 1.065699 1.056235 1.067898 0.930624 0.510885 0.077126 -0.075145 -0.021881 0.019359 0.005674 -0.004371 0.000434 0.004142 0.006261 
0.007875 0.011135 0.012304 0.010840 0.008682 0.005422 -0.001497 -0.000920 0.016409 0.006106 -0.060678 -0.036929 0.270508 0.740834 1.028397 1.065339 1.066508 1.031362 0.744313 0.273253 -0.035461 -0.060220 0.006159 0.016356 -0.001378 -0.002965 0.002676 0.005203 
0.006423 0.009587 0.012069 0.011781 0.009820 0.007485 0.001861 -0.003375 0.007978 0.018757 -0.026812 -0.075331 0.082564 0.507533 0.918270 1.065557 1.065385 1.067751 0.921667 0.510766 0.084684 -0.074436 -0.026624 0.018757 0.007790 -0.004270 -0.000259 0.004252 
0.005435 0.007922 0.011076 0.012242 0.010882 0.008909 0.005078 -0.002062 0.000457 0.017752 0.002786 -0.063703 -0.031727 0.275615 0.734913 1.022273 1.071400 1.072566 1.025233 0.738387 0.278360 -0.030254 -0.063240 0.002841 0.017697 -0.000006 -0.003535 0.002333 
0.004253 0.006619 0.009560 0.011995 0.011750 0.010011 0.007483 0.001188 -0.003033 0.009912 0.017814 -0.031094 -0.074283 0.089368 0.507182 0.910254 1.065494 1.073543 1.067684 0.913646 0.510412 0.091490 -0.073382 -0.030902 0.017814 0.009719 -0.003934 -0.000934 
0.001908 0.005622 0.008020 0.011003 0.012167 0.010974 0.009092 0.004653 -0.002454 0.001898 0.018722 -0.000483 -0.066152 -0.026778 0.280025 0.729459 1.016857 1.076835 1.077998 1.019810 0.732929 0.282770 -0.025302 -0.065683 -0.000425 0.018664 0.001429 -0.003931 
-0.001561 0.004159 0.006829 0.009560 0.011894 0.011745 0.010215 0.007386 0.000563 -0.002507 0.011648 0.016619 -0.034953 -0.072982 0.095521 0.506651 0.903045 1.065495 1.080842 1.067680 0.906431 0.509879 0.097645 -0.072076 -0.034756 0.016619 0.011451 -0.003414 
-0.004164 0.001435 0.005757 0.008155 0.010925 0.012087 0.011103 0.009221 0.004179 -0.002683 0.003355 0.019372 -0.003663 -0.068121 -0.022081 0.283851 0.724424 1.012044 1.081725 1.082886 1.014992 0.727889 0.286596 -0.020600 -0.067646 -0.003603 0.019312 0.002881 
-0.002753 -0.002121 0.003986 0.007037 0.009584 0.011778 0.011765 0.010417 0.007211 0.000006 -0.001841 0.013187 0.015239 -0.038431 -0.071498 0.101106 0.505989 0.896536 1.065544 1.087394 1.067724 0.899916 0.509213 0.103232 -0.070587 -0.038230 0.015239 0.012986 
0.004314 -0.004252 0.000939 0.005836 0.008313 0.010850 0.012009 0.011255 0.009296 0.003683 -0.002767 0.004793 0.019751 -0.006731 -0.069689 -0.017627 0.287186 0.719766 1.007750 1.086140 1.087298 1.010692 0.723226 0.289930 -0.016142 -0.069209 -0.006668 0.019689 
0.014330 -0.001988 -0.002604 0.003751 0.007230 0.009628 0.011660 0.011804 0.010604 0.006973 -0.000476 -0.001071 0.014536 0.013728 -0.041563 -0.069884 0.106191 0.505231 0.890638 1.065627 1.093296 1.067803 0.894012 0.508453 0.108320 -0.068967 -0.041358 0.013728 
0.019834 0.005705 -0.004211 0.000440 0.005861 0.008481 0.010783 0.011939 0.011417 0.009317 0.003185 -0.002722 0.006190 0.019899 -0.009673 -0.070921 -0.013408 0.290104 0.715450 1.003901 1.090137 1.091293 1.006837 0.718905 0.292848 -0.011919 -0.070436 -0.009608 
