0.115092 0.116367 0.124608 0.173067 0.283844 0.459243 0.671320 0.866288 0.985381 0.992987 0.894106 0.728459 0.546109 0.383233 0.253571 0.155729 0.084776 0.037773 0.012087 0.002204 0.000211 0.000040 0.001326 0.008925 0.027809 0.057130 0.088381 0.107179 
0.112372 0.116049 0.117638 0.142067 0.219935 0.364554 0.563697 0.774828 0.938292 1.003690 0.954903 0.816457 0.636685 0.460938 0.314119 0.200962 0.117102 0.058415 0.022548 0.005658 0.000689 0.000049 0.000260 0.003959 0.016851 0.041538 0.073532 0.099457 
0.107470 0.115166 0.115821 0.124949 0.172987 0.284011 0.459413 0.671400 0.866179 0.985135 0.992792 0.894111 0.728628 0.546276 0.383273 0.253502 0.155651 0.084762 0.037814 0.012128 0.002200 0.000165 -0.000009 0.001316 0.008974 0.027814 0.057429 0.087888 
0.099296 0.112695 0.115704 0.117524 0.142259 0.219931 0.364755 0.563834 0.774819 0.938097 1.003445 0.954799 0.816560 0.636875 0.461049 0.314095 0.200876 0.117052 0.058434 0.022597 0.005680 0.000661 -0.000005 0.000225 0.003989 0.016848 0.041763 0.073390 
0.087653 0.107614 0.115181 0.115500 0.125035 0.173087 0.284092 0.459612 0.671472 0.866070 0.984890 0.992599 0.894115 0.728795 0.546442 0.383315 0.253434 0.155574 0.084747 0.037855 0.012169 0.002196 0.000119 -0.000061 0.001322 0.008969 0.027952 0.057497 
0.073265 0.099232 0.112843 0.115501 0.117378 0.142394 0.220006 0.364902 0.563994 0.774800 0.937904 1.003201 0.954697 0.816660 0.637062 0.461160 0.314072 0.200791 0.117002 0.058452 0.022645 0.005701 0.000634 -0.000062 0.000204 0.003981 0.016916 0.041909 
0.057511 0.087512 0.107695 0.115169 0.115268 0.125044 0.173209 0.284192 0.459786 0.671557 0.865955 0.984650 0.992407 0.894118 0.728960 0.546607 0.383357 0.253367 0.155497 0.084732 0.037895 0.012209 0.002194 0.000070 -0.000102 0.001305 0.008989 0.028089 
0.042010 0.073169 0.099196 0.112921 0.115349 0.117238 0.142486 0.220116 0.365041 0.564146 0.774788 0.937709 1.002962 0.954594 0.816759 0.637248 0.461271 0.314051 0.200707 0.116951 0.058469 0.022692 0.005724 0.000604 -0.000112 0.000175 0.003974 0.017006 
0.028211 0.057510 0.087416 0.107744 0.115143 0.115081 0.125023 0.173327 0.284312 0.459945 0.671643 0.865843 0.984409 0.992218 0.894120 0.729123 0.546771 0.383401 0.253302 0.155420 0.084717 0.037935 0.012250 0.002189 0.000025 -0.000144 0.001280 0.009029 
0.017102 0.042086 0.073096 0.099170 0.112962 0.115221 0.117109 0.142551 0.220242 0.365183 0.564287 0.774780 0.937513 1.002724 0.954493 0.816856 0.637433 0.461382 0.314032 0.200623 0.116901 0.058486 0.022740 0.005745 0.000575 -0.000159 0.000138 0.003974 
0.009081 0.028318 0.057505 0.087346 0.107771 0.115107 0.114922 0.124988 0.173438 0.284447 0.460099 0.671725 0.865733 0.984169 0.992031 0.894122 0.729284 0.546935 0.383445 0.253238 0.155344 0.084700 0.037974 0.012291 0.002185 -0.000018 -0.000189 0.001255 
0.003983 0.017196 0.042148 0.073039 0.099148 0.112978 0.115108 0.116990 0.142598 0.220373 0.365332 0.564421 0.774771 0.937321 1.002487 0.954393 0.816952 0.637615 0.461494 0.314013 0.200540 0.116850 0.058502 0.022788 0.005765 0.000547 -0.000207 0.000097 
0.001232 0.009138 0.028413 0.057501 0.087293 0.107784 0.115064 0.114781 0.124946 0.173540 0.284592 0.460250 0.671801 0.865626 0.983930 0.991845 0.894123 0.729443 0.547098 0.383490 0.253175 0.155267 0.084683 0.038013 0.012331 0.002181 -0.000059 -0.000237 
0.000055 0.003997 0.017287 0.042201 0.072995 0.099129 0.112980 0.115004 0.116879 0.142635 0.220506 0.365487 0.564550 0.774761 0.937130 1.002251 0.954294 0.817045 0.637796 0.461605 0.313997 0.200459 0.116798 0.058518 0.022834 0.005786 0.000522 -0.000255 
-0.000289 0.001212 0.009197 0.028500 0.057500 0.087250 0.107787 0.115017 0.114653 0.124901 0.173636 0.284743 0.460402 0.671873 0.865520 0.983694 0.991660 0.894124 0.729599 0.547259 0.383537 0.253114 0.155191 0.084666 0.038051 0.012370 0.002177 -0.000100 
-0.000306 0.000012 0.004017 0.017374 0.042249 0.072960 0.099110 0.112970 0.114906 0.116775 0.142664 0.220640 0.365646 0.564675 0.774749 0.936943 1.002017 0.954194 0.817138 0.637975 0.461717 0.313981 0.200377 0.116747 0.058533 0.022880 0.005806 0.000498 
-0.000141 -0.000341 0.001195 0.009258 0.028579 0.057501 0.087214 0.107782 0.114965 0.114533 0.124856 0.173726 0.284898 0.460556 0.671941 0.865414 0.983460 0.991476 0.894125 0.729754 0.547420 0.383584 0.253053 0.155115 0.084648 0.038089 0.012408 0.002175 
0.000474 -0.000358 -0.000030 0.004039 0.017456 0.042294 0.072933 0.099091 0.112951 0.114811 0.116676 0.142687 0.220772 0.365810 0.564798 0.774734 0.936757 1.001785 0.954095 0.817229 0.638153 0.461829 0.313967 0.200297 0.116695 0.058547 0.022926 0.005827 
0.002174 -0.000182 -0.000395 0.001180 0.009318 0.028654 0.057505 0.087185 0.107772 0.114910 0.114421 0.124809 0.173811 0.285056 0.460710 0.672005 0.865308 0.983229 0.991293 0.894125 0.729908 0.547580 0.383632 0.252994 0.155040 0.084630 0.038126 0.012447 
0.005849 0.000451 -0.000411 -0.000071 0.004064 0.017535 0.042337 0.072912 0.099072 0.112926 0.114719 0.116582 0.142707 0.220904 0.365976 0.564919 0.774717 0.936573 1.001556 0.953996 0.817319 0.638329 0.461940 0.313953 0.200218 0.116643 0.058561 0.022970 
0.012485 0.002173 -0.000224 -0.000449 0.001169 0.009378 0.028724 0.057512 0.087159 0.107756 0.114853 0.114313 0.124764 0.173893 0.285216 0.460866 0.672066 0.865201 0.983001 0.991112 0.894123 0.730060 0.547739 0.383681 0.252937 0.154965 0.084611 0.038162 
0.023014 0.005870 0.000428 -0.000464 -0.000110 0.004089 0.017611 0.042378 0.072896 0.099052 0.112896 0.114629 0.116491 0.142724 0.221034 0.366145 0.565039 0.774697 0.936390 1.001329 0.953897 0.817407 0.638503 0.462052 0.313942 0.200139 0.116591 0.058574 
0.038197 0.012524 0.002173 -0.000266 -0.000503 0.001159 0.009436 0.028791 0.057522 0.087137 0.107737 0.114793 0.114210 0.124718 0.173972 0.285376 0.461022 0.672126 0.865093 0.982774 0.990932 0.894122 0.730209 0.547897 0.383730 0.252880 0.154890 0.084591 
0.058586 0.023058 0.005893 0.000405 -0.000519 -0.000148 0.004116 0.017684 0.042419 0.072884 0.099032 0.112862 0.114541 0.116404 0.142740 0.221163 0.366316 0.565159 0.774675 0.936208 1.001104 0.953798 0.817494 0.638676 0.462164 0.313931 0.200061 0.116539 
0.084572 0.038231 0.012562 0.002174 -0.000309 -0.000556 0.001151 0.009493 0.028856 0.057533 0.087118 0.107715 0.114732 0.114111 0.124674 0.174049 0.285537 0.461180 0.672183 0.864985 0.982550 0.990753 0.894119 0.730358 0.548055 0.383781 0.252824 0.154816 
0.116487 0.058598 0.023101 0.005915 0.000381 -0.000573 -0.000185 0.004144 0.017754 0.042460 0.072875 0.099012 0.112824 0.114454 0.116320 0.142754 0.221291 0.366487 0.565278 0.774652 0.936027 1.000881 0.953700 0.817579 0.638848 0.462276 0.313921 0.199985 
0.154742 0.084551 0.038265 0.012601 0.002174 -0.000353 -0.000609 0.001144 0.009549 0.028918 0.057547 0.087100 0.107689 0.114669 0.114014 0.124630 0.174124 0.285699 0.461338 0.672239 0.864876 0.982328 0.990576 0.894116 0.730504 0.548211 0.383831 0.252770 
0.199909 0.116435 0.058608 0.023144 0.005938 0.000358 -0.000628 -0.000220 0.004171 0.017821 0.042500 0.072869 0.098992 0.112783 0.114367 0.116238 0.142767 0.221418 0.366660 0.565397 0.774627 0.935846 1.000660 0.953602 0.817663 0.639018 0.462387 0.313912 
