0.018292 0.069245 0.145864 0.277424 0.463067 0.690984 0.790107 1.493812 2.077938 1.859720 1.673831 1.447010 1.360977 0.645257 -0.018393 0.039483 0.010767 0.005667 0.006029 0.008157 0.009797 0.009758 0.007938 0.005142 0.002503 0.000803 0.000633 -0.003112 
0.003789 0.040609 0.102552 0.204348 0.362229 0.591166 0.704327 1.095052 1.861763 2.024097 1.759661 1.546009 1.440409 1.056092 0.247623 -0.035692 0.038318 0.005065 0.005583 0.007042 0.009137 0.010017 0.009035 0.006591 0.003748 0.001430 0.001176 -0.002476 
-0.002093 0.018650 0.067773 0.147457 0.272962 0.483926 0.640977 0.842744 1.493610 2.024462 1.913968 1.632779 1.501500 1.307837 0.645283 0.034241 -0.010696 0.031344 0.001498 0.006577 0.008122 0.009796 0.009753 0.007935 0.005167 0.002352 0.001524 -0.000752 
-0.002815 0.004902 0.039633 0.103280 0.200192 0.377164 0.569399 0.703173 1.136761 1.818805 2.029834 1.766670 1.553148 1.446460 1.013440 0.289448 -0.036937 0.016247 0.020142 0.000867 0.007991 0.009014 0.010024 0.009026 0.006628 0.003587 0.001908 0.000706 
-0.001394 -0.001484 0.018638 0.068096 0.143843 0.281308 0.480939 0.621463 0.873070 1.492258 1.997965 1.925494 1.638914 1.513267 1.281677 0.644154 0.064587 -0.030470 0.028330 0.009616 0.002651 0.009243 0.009581 0.009770 0.007971 0.005043 0.002577 0.001592 
0.000287 -0.002834 0.005242 0.040199 0.100510 0.202997 0.382922 0.552380 0.709718 1.158331 1.798244 2.021088 1.778134 1.564743 1.438028 0.993178 0.311155 -0.030550 -0.000920 0.025816 0.003273 0.005541 0.010023 0.009748 0.009106 0.006551 0.003629 0.002162 
0.001495 -0.001702 -0.001339 0.019469 0.066565 0.143050 0.288341 0.473648 0.612449 0.893179 1.492999 1.977780 1.928116 1.653625 1.516131 1.261821 0.645135 0.084671 -0.039670 0.020962 0.016353 0.001768 0.008257 0.010269 0.009536 0.008010 0.004982 0.002799 
0.002274 0.000023 -0.003016 0.005982 0.039931 0.098297 0.207418 0.383945 0.540175 0.716705 1.173345 1.784698 2.009557 1.789757 1.576499 1.426806 0.979942 0.326283 -0.023702 -0.013246 0.026655 0.007420 0.003631 0.010037 0.010095 0.008921 0.006546 0.003723 
0.002942 0.001424 -0.002049 -0.000985 0.020028 0.064617 0.144136 0.293018 0.466132 0.607719 0.908461 1.494295 1.960704 1.928389 1.669231 1.516643 1.245081 0.646664 0.099922 -0.044545 0.013313 0.020744 0.002855 0.006715 0.010734 0.009609 0.007857 0.005042 
0.003860 0.002346 -0.000263 -0.003081 0.006754 0.039027 0.097196 0.211670 0.382795 0.531078 0.723350 1.185103 1.774061 1.998247 1.800498 1.587369 1.415806 0.969616 0.338142 -0.017169 -0.022473 0.025276 0.011476 0.002802 0.009342 0.010589 0.008807 0.006475 
0.005088 0.003097 0.001299 -0.002346 -0.000467 0.020111 0.062937 0.146086 0.295899 0.459189 0.605172 0.921026 1.495427 1.945852 1.928042 1.683827 1.516534 1.230568 0.648017 0.112463 -0.047221 0.006194 0.023363 0.004846 0.005360 0.010755 0.009898 0.007680 
0.006353 0.004007 0.002393 -0.000575 -0.002965 0.007320 0.037881 0.096990 0.215314 0.380600 0.524045 0.729646 1.194743 1.764970 1.987951 1.810151 1.597150 1.405823 0.960831 0.347877 -0.010965 -0.029652 0.022838 0.014973 0.002837 0.008367 0.010944 0.008852 
0.007575 0.005094 0.003255 0.001124 -0.002532 0.000073 0.019819 0.061710 0.148350 0.297515 0.452921 0.603949 0.931792 1.496170 1.932798 1.927594 1.696986 1.516324 1.217851 0.648974 0.123216 -0.048567 -0.000274 0.024743 0.007169 0.004405 0.010423 0.010242 
0.009014 0.006241 0.004133 0.002405 -0.000858 -0.002724 0.007629 0.036733 0.097401 0.218302 0.377885 0.518482 0.735644 1.202801 1.756888 1.978805 1.818754 1.605881 1.396991 0.953049 0.356033 -0.005048 -0.035378 0.019875 0.017848 0.003464 0.007367 0.011083 
0.010536 0.007567 0.005083 0.003379 0.000931 -0.002600 0.000540 0.019296 0.060927 0.150657 0.298234 0.447293 0.603622 0.941221 1.496499 1.921249 1.927203 1.708712 1.516173 1.206638 0.649513 0.132643 -0.049019 -0.006121 0.025248 0.009543 0.003860 0.009874 
0.011014 0.009231 0.006180 0.004221 0.002378 -0.001075 -0.002429 0.007703 0.035705 0.098214 0.220691 0.374916 0.514033 0.741368 1.209608 1.749565 1.970741 1.826410 1.613668 1.389240 0.946020 0.362942 0.000603 -0.040004 0.016662 0.020147 0.004475 0.006471 
0.009215 0.010729 0.007646 0.005077 0.003448 0.000751 -0.002569 0.000887 0.018654 0.060529 0.152873 0.298305 0.442243 0.603936 0.949584 1.496463 1.910979 1.926908 1.719137 1.516119 1.196699 0.649684 0.141012 -0.048835 -0.011398 0.025120 0.011828 0.003674 
0.005733 0.010779 0.009454 0.006187 0.004270 0.002315 -0.001211 -0.002131 0.007590 0.034846 0.099280 0.222560 0.371845 0.510460 0.746829 1.215397 1.742864 1.963633 1.833237 1.620626 1.382445 0.939610 0.368836 0.005995 -0.043764 0.013350 0.021939 0.005722 
0.003784 0.008523 0.010808 0.007790 0.005090 0.003459 0.000600 -0.002467 0.001104 0.017971 0.060447 0.154933 0.297899 0.437715 0.604721 0.957059 1.496128 1.901801 1.926706 1.728418 1.516160 1.187849 0.649556 0.148500 -0.048185 -0.016160 0.024530 0.013958 
0.007105 0.005171 0.010420 0.009653 0.006260 0.004288 0.002226 -0.001269 -0.001863 0.007338 0.034172 0.100495 0.223980 0.368763 0.507596 0.752031 1.220345 1.736698 1.957352 1.839342 1.626862 1.376475 0.933731 0.373894 0.011131 -0.046824 0.010032 0.023295 
0.015902 0.004131 0.007845 0.010778 0.007975 0.005128 0.003420 0.000483 -0.002319 0.001198 0.017300 0.060616 0.156807 0.297140 0.433657 0.605853 0.963779 1.495557 1.893563 1.926584 1.736704 1.516279 1.179935 0.649194 0.155236 -0.047191 -0.020455 0.023597 
0.024277 0.008554 0.004782 0.009976 0.009810 0.006388 0.004282 0.002120 -0.001264 -0.001643 0.006989 0.033679 0.101786 0.225018 0.365727 0.505315 0.756979 1.224593 1.731002 1.951780 1.844819 1.632472 1.371212 0.928320 0.378256 0.016011 -0.049307 0.006764 
0.022412 0.017648 0.004663 0.007213 0.010653 0.008179 0.005189 0.003347 0.000401 -0.002148 0.001185 0.016672 0.060983 0.158486 0.296118 0.430022 0.607243 0.969845 1.494807 1.886134 1.926525 1.744128 1.516461 1.172828 0.648654 0.161323 -0.045945 -0.024329 
0.003585 0.024939 0.010020 0.004554 0.009482 0.009917 0.006555 0.004263 0.002009 -0.001210 -0.001478 0.006579 0.033353 0.103103 0.225731 0.362775 0.503518 0.761677 1.228254 1.725727 1.946814 1.849750 1.637535 1.366553 0.923329 0.382034 0.020641 -0.051311 
-0.027821 0.021041 0.019199 0.005336 0.006646 0.010449 0.008386 0.005271 0.003252 0.000350 -0.001972 0.001082 0.016104 0.061502 0.159969 0.294904 0.426768 0.608820 0.975341 1.493925 1.879409 1.926514 1.750804 1.516690 1.166423 0.647982 0.166841 -0.044516 
-0.052914 0.000517 0.025330 0.011469 0.004470 0.008964 0.009973 0.006746 0.004240 0.001899 -0.001123 -0.001370 0.006135 0.033178 0.104410 0.226168 0.359928 0.502124 0.766132 1.231422 1.720830 1.942368 1.854204 1.642121 1.362412 0.918716 0.385322 0.025028 
-0.042956 -0.030969 0.019538 0.020560 0.006113 0.006153 0.010185 0.008582 0.005370 0.003149 0.000325 -0.001807 0.000908 0.015610 0.062134 0.161265 0.293551 0.423859 0.610530 0.980336 1.492946 1.873296 1.926537 1.756827 1.516953 1.160628 0.647216 0.171860 
0.029179 -0.054181 -0.002425 0.025491 0.012876 0.004515 0.008442 0.009979 0.006949 0.004220 0.001799 -0.001019 -0.001318 0.005681 0.033134 0.105684 0.226371 0.357203 0.501069 0.770353 1.234172 1.716276 1.938369 1.858239 1.646287 1.358716 0.914445 0.388193 
