0.011880 -0.084922 0.503966 1.098404 1.021069 1.075482 1.143288 1.370606 0.965862 0.590532 0.880518 0.984867 0.984182 0.866296 0.671327 0.458044 0.275724 0.147761 0.072687 0.035582 0.019712 0.012913 0.008824 0.005362 0.002551 0.000813 0.000125 -0.000024 
0.021143 -0.079138 0.149073 0.860211 1.100038 1.031500 1.090689 1.292521 1.222628 0.717053 0.699038 0.960689 0.997940 0.938213 0.774881 0.563481 0.360957 0.204591 0.104366 0.050467 0.025874 0.015694 0.010734 0.007042 0.003848 0.001538 0.000505 -0.002145 
0.020575 -0.038243 -0.032226 0.504016 1.045147 1.075324 1.034230 1.197576 1.317462 0.966083 0.643368 0.830339 1.005230 0.979771 0.866772 0.671417 0.458229 0.275828 0.147758 0.072630 0.035530 0.019685 0.012907 0.008829 0.005372 0.002520 0.001361 -0.004059 
0.012932 -0.000886 -0.080320 0.190951 0.817519 1.105901 1.038396 1.097597 1.298453 1.180086 0.759106 0.697910 0.938498 1.012760 0.933324 0.775865 0.563533 0.361122 0.204638 0.104328 0.050407 0.025834 0.015680 0.010735 0.007061 0.003733 0.002490 -0.004221 
0.004050 0.017581 -0.057961 -0.001815 0.502905 1.018872 1.086855 1.040168 1.209143 1.291298 0.965148 0.673911 0.810565 1.002003 0.987648 0.862773 0.672659 0.458198 0.275962 0.147753 0.072573 0.035477 0.019659 0.012899 0.008864 0.005167 0.003646 -0.002569 
-0.001824 0.018607 -0.018016 -0.073867 0.212711 0.797215 1.097282 1.049749 1.108964 1.289904 1.159932 0.781038 0.704412 0.921211 1.018179 0.935558 0.773447 0.564712 0.361015 0.204736 0.104283 0.050347 0.025795 0.015658 0.010786 0.006806 0.004748 0.000041 
-0.003457 0.010779 0.010231 -0.067106 0.018337 0.503901 0.998900 1.089484 1.054683 1.211809 1.271437 0.966321 0.694192 0.801365 0.994425 0.994147 0.861817 0.671791 0.459078 0.275817 0.147814 0.072505 0.035427 0.019621 0.012956 0.008617 0.005875 0.002664 
-0.001870 0.002313 0.019448 -0.030304 -0.066951 0.227891 0.783935 1.085873 1.061263 1.120494 1.278566 1.146804 0.796389 0.711374 0.908768 1.018766 0.939533 0.771568 0.564904 0.361512 0.204596 0.104308 0.050274 0.025742 0.015705 0.010597 0.007155 0.004777 
0.001131 -0.002377 0.015164 0.002600 -0.071926 0.033657 0.505444 0.982043 1.089762 1.070097 1.212125 1.254693 0.968040 0.709638 0.796490 0.986567 0.998302 0.862829 0.670370 0.459726 0.275982 0.147707 0.072502 0.035342 0.019647 0.012844 0.008682 0.006351 
0.004096 -0.002699 0.006359 0.018072 -0.039493 -0.060351 0.239802 0.773563 1.074686 1.071894 1.131141 1.267451 1.136585 0.808469 0.718019 0.899424 1.017139 0.943418 0.770769 0.564383 0.362150 0.204550 0.104244 0.050232 0.025718 0.015663 0.010501 0.007646 
0.006376 -0.000214 -0.000393 0.017776 -0.004500 -0.074546 0.046266 0.506811 0.967411 1.089419 1.084502 1.211822 1.240175 0.969582 0.722370 0.793814 0.979243 1.000687 0.864745 0.669135 0.459922 0.276376 0.147577 0.072453 0.035313 0.019627 0.012709 0.008973 
0.007999 0.003130 -0.002662 0.009847 0.015637 -0.046635 -0.054079 0.249589 0.764731 1.064515 1.081438 1.140702 1.257355 1.127905 0.818423 0.724334 0.892129 1.014453 0.946744 0.770834 0.563575 0.362650 0.204676 0.104106 0.050203 0.025709 0.015546 0.010576 
0.009330 0.006046 -0.001161 0.001924 0.019149 -0.010950 -0.075836 0.057088 0.507779 0.954575 1.088977 1.097469 1.211421 1.227454 0.970725 0.733313 0.792467 0.972571 1.001833 0.866994 0.668297 0.459760 0.276836 0.147515 0.072349 0.035318 0.019551 0.012639 
0.010773 0.008140 0.002135 -0.002032 0.012713 0.012678 -0.052323 -0.048093 0.257796 0.756900 1.055496 1.089932 1.149213 1.248411 1.120228 0.826796 0.730361 0.886290 1.011246 0.949449 0.771492 0.562738 0.362938 0.204925 0.103959 0.050163 0.025688 0.015420 
0.012657 0.009645 0.005497 -0.001701 0.004294 0.019647 -0.016777 -0.076232 0.066584 0.508328 0.943240 1.088594 1.109006 1.211080 1.216236 0.971448 0.742928 0.792014 0.966523 1.002105 0.869294 0.667865 0.459380 0.277254 0.147540 0.072219 0.035314 0.019450 
0.015333 0.011025 0.008080 0.001241 -0.001020 0.015003 0.009467 -0.056911 -0.042372 0.264754 0.749821 1.047558 1.097483 1.156782 1.240549 1.113303 0.833918 0.736122 0.881551 1.007789 0.951580 0.772531 0.562000 0.363025 0.205229 0.103852 0.050097 0.025641 
0.019351 0.012753 0.009865 0.004840 -0.001884 0.006575 0.019513 -0.022036 -0.075990 0.075022 0.508509 0.933180 1.088309 1.119244 1.210838 1.206293 0.971802 0.751483 0.792199 0.961046 1.001748 0.871506 0.667787 0.458891 0.277577 0.147645 0.072093 0.035273 
0.025566 0.015304 0.011281 0.007859 0.000505 0.000228 0.016788 0.006158 -0.060633 -0.036910 0.270698 0.743359 1.040574 1.104207 1.163524 1.233644 1.106995 0.840024 0.741622 0.877679 1.004236 0.953206 0.773805 0.561417 0.362950 0.205539 0.103805 0.050004 
0.035188 0.019271 0.012905 0.009973 0.004153 -0.001774 0.008701 0.018917 -0.026779 -0.075283 0.082579 0.508389 0.924208 1.088118 1.128341 1.210692 1.197440 0.971854 0.759155 0.792849 0.956086 1.000931 0.873563 0.668003 0.458369 0.277790 0.147807 0.071986 
0.049888 0.025469 0.015335 0.011509 0.007518 -0.000057 0.001609 0.018138 0.002842 -0.063654 -0.031705 0.275805 0.737427 1.034415 1.110210 1.169547 1.227565 1.101217 0.845291 0.746864 0.874509 1.000679 0.954396 0.775211 0.561008 0.362755 0.205821 0.103818 
0.071906 0.035065 0.019217 0.013092 0.009974 0.003483 -0.001428 0.010641 0.017980 -0.031056 -0.074232 0.089385 0.508034 0.916170 1.088006 1.136445 1.210626 1.189522 0.971670 0.766073 0.793842 0.951594 0.999773 0.875432 0.668452 0.457864 0.277894 0.148005 
0.103883 0.049758 0.025357 0.015416 0.011693 0.007096 -0.000445 0.003055 0.019113 -0.000421 -0.066099 -0.026754 0.280216 0.731963 1.028963 1.115588 1.174946 1.222194 1.095907 0.849860 0.751850 0.871916 0.997175 0.955214 0.776680 0.560772 0.362478 0.206059 
0.148218 0.071853 0.034914 0.019190 0.013293 0.009880 0.002861 -0.000898 0.012382 0.016790 -0.034911 -0.072928 0.095540 0.507500 0.908939 1.087957 1.143690 1.210625 1.182411 0.971307 0.772340 0.795087 0.947526 0.998364 0.877104 0.669083 0.457407 0.277905 
0.206246 0.103984 0.049623 0.025239 0.015534 0.011823 0.006625 -0.000671 0.004517 0.019769 -0.003596 -0.068064 -0.022054 0.284043 0.726917 1.024114 1.120421 1.179800 1.217427 1.091015 0.853843 0.756584 0.869803 0.993762 0.955713 0.778164 0.560696 0.362153 
0.277837 0.148429 0.071824 0.034748 0.019186 0.013491 0.009706 0.002307 -0.000228 0.013927 0.015416 -0.038384 -0.071441 0.101127 0.506834 0.902407 1.087956 1.150189 1.210672 1.176001 0.970810 0.778036 0.796516 0.943841 0.996773 0.878578 0.669853 0.457016 
0.361805 0.206378 0.104109 0.049490 0.025124 0.015675 0.011898 0.006132 -0.000751 0.005960 0.020153 -0.006659 -0.069629 -0.017597 0.287378 0.722247 1.019782 1.124778 1.184179 1.213180 1.086500 0.857334 0.761074 0.868092 0.990463 0.955941 0.779629 0.560764 
0.456701 0.277707 0.148626 0.071816 0.034580 0.019202 0.013675 0.009471 0.001829 0.000547 0.015280 0.013910 -0.041512 -0.069823 0.106215 0.506073 0.896486 1.087989 1.156039 1.210755 1.170202 0.970217 0.783232 0.798076 0.940503 0.995051 0.879861 0.670726 
0.560960 0.361454 0.206457 0.104246 0.049366 0.025017 0.015825 0.011920 0.005636 -0.000702 0.007361 0.020307 -0.009595 -0.070856 -0.013375 0.290297 0.717919 1.015896 1.128718 1.188142 1.209378 1.082326 0.860407 0.765327 0.866719 0.987291 0.955939 0.781050 
