0.018292 0.069126 0.145207 0.287631 0.375078 1.177676 1.962032 1.984380 1.996099 1.864376 1.763614 0.961016 0.189975 0.157123 0.067544 0.027645 0.010110 0.004156 0.003977 0.006568 0.009847 0.012044 0.012036 0.009798 0.006348 0.003090 0.001506 -0.002965 
0.003821 0.040719 0.100071 0.224252 0.282921 0.715079 1.636020 2.028656 1.993107 1.930236 1.862475 1.421075 0.509476 0.123924 0.121770 0.041718 0.017008 0.006139 0.003576 0.005071 0.008243 0.011171 0.012343 0.011149 0.008142 0.004532 0.002692 -0.002058 
-0.001981 0.019185 0.063512 0.166852 0.237216 0.428045 1.177842 1.908735 2.038440 1.954666 1.918619 1.710511 0.961245 0.242779 0.106986 0.088073 0.023413 0.010626 0.004122 0.003992 0.006577 0.009848 0.012039 0.012028 0.009818 0.006195 0.003814 0.000128 
-0.002515 0.005866 0.035136 0.114933 0.202783 0.281596 0.757227 1.593359 2.034389 1.999794 1.937027 1.868420 1.378568 0.551509 0.122787 0.099686 0.056732 0.012242 0.007074 0.003464 0.005095 0.008248 0.011169 0.012331 0.011180 0.007978 0.005011 0.002238 
-0.000719 -0.000281 0.015449 0.070826 0.164173 0.217728 0.458468 1.176938 1.882393 2.049784 1.960425 1.930140 1.684385 0.960318 0.273295 0.087256 0.085011 0.031468 0.006667 0.005243 0.003793 0.006616 0.009847 0.012025 0.012062 0.009689 0.006416 0.003914 
0.001568 -0.001571 0.004011 0.037090 0.120293 0.186054 0.288130 0.779100 1.573155 2.025618 2.010945 1.948276 1.859880 1.358448 0.573424 0.129285 0.082507 0.062341 0.014598 0.004609 0.004482 0.004845 0.008304 0.011150 0.012358 0.011105 0.008009 0.005315 
0.003581 -0.000384 -0.000874 0.014687 0.077013 0.156918 0.208881 0.478680 1.178069 1.862399 2.052210 1.974767 1.932757 1.664560 0.961500 0.293551 0.078101 0.077595 0.038141 0.005752 0.004256 0.004505 0.006377 0.009902 0.012030 0.012037 0.009623 0.006696 
0.005250 0.001589 -0.001540 0.002492 0.040935 0.120835 0.174046 0.295225 0.794366 1.559957 2.014081 2.022248 1.959692 1.848547 1.345351 0.588758 0.136244 0.070171 0.063115 0.018694 0.002683 0.004512 0.005202 0.008114 0.011218 0.012348 0.011021 0.008173 
0.006760 0.003518 -0.000152 -0.002118 0.015854 0.080989 0.149292 0.204349 0.494115 1.179706 1.845527 2.052292 1.990005 1.933025 1.647848 0.963228 0.308974 0.073272 0.069898 0.042470 0.006805 0.002717 0.004988 0.006443 0.009795 0.012096 0.011955 0.009678 
0.008260 0.005208 0.001818 -0.002193 0.001945 0.044764 0.119192 0.165059 0.302048 0.806371 1.549640 2.002780 2.032670 1.970223 1.837437 1.335161 0.600824 0.142889 0.060935 0.061673 0.022698 0.001839 0.003834 0.005697 0.008018 0.011202 0.012346 0.010990 
0.009718 0.006760 0.003676 -0.000297 -0.003237 0.017899 0.083273 0.142158 0.201993 0.506880 1.181149 1.830874 2.051767 2.004230 1.932672 1.633360 0.964778 0.321687 0.070644 0.062733 0.045025 0.008761 0.001368 0.005019 0.006734 0.009674 0.012105 0.011928 
0.010997 0.008269 0.005296 0.001960 -0.003122 0.002197 0.048077 0.116517 0.158070 0.308557 0.816267 1.540843 1.992501 2.042009 1.979665 1.827344 1.326509 0.610765 0.149207 0.053747 0.059171 0.026142 0.001862 0.002870 0.006053 0.008097 0.011111 0.012346 
0.011942 0.009719 0.006791 0.003903 -0.000753 -0.004001 0.020259 0.084370 0.135654 0.200942 0.517882 1.182189 1.818006 2.051151 2.017020 1.932219 1.620667 0.965928 0.332613 0.069347 0.056218 0.046339 0.011051 0.000417 0.004692 0.007092 0.009621 0.012048 
0.012330 0.011011 0.008259 0.005484 0.001925 -0.004077 0.002996 0.050795 0.113341 0.152502 0.314784 0.824599 1.533036 1.983373 2.050307 1.988055 1.818401 1.318858 0.619126 0.155240 0.048015 0.056144 0.028964 0.002477 0.001878 0.006195 0.008303 0.011006 
0.011957 0.011957 0.009703 0.006886 0.004097 -0.001397 -0.004389 0.022658 0.084629 0.129765 0.200765 0.527575 1.182812 1.806630 2.050601 2.028382 1.931823 1.609476 0.966659 0.342213 0.068945 0.050326 0.046778 0.013392 -0.000127 0.004146 0.007410 0.009656 
0.010935 0.012289 0.011012 0.008276 0.005713 0.001717 -0.004931 0.004145 0.052956 0.109934 0.148011 0.320744 0.831696 1.525974 1.975324 2.057667 1.995503 1.810536 1.311958 0.626237 0.161007 0.043383 0.052865 0.031210 0.003476 0.000985 0.006138 0.008566 
0.009767 0.011865 0.011944 0.009692 0.007040 0.004205 -0.002128 -0.004445 0.024958 0.084285 0.124440 0.201208 0.536219 1.183070 1.796521 2.050150 2.038448 1.931523 1.599557 0.967021 0.350755 0.069182 0.045004 0.046585 0.015645 -0.000313 0.003491 0.007636 
0.008834 0.010917 0.012222 0.010995 0.008341 0.005938 0.001369 -0.005629 0.005504 0.054624 0.106446 0.144370 0.326441 0.837789 1.519525 1.968226 2.064206 2.002124 1.803625 1.305675 0.632334 0.166517 0.039618 0.049488 0.032951 0.004710 0.000249 0.005919 
0.007752 0.009933 0.011789 0.011896 0.009700 0.007236 0.004210 -0.002875 -0.004224 0.027094 0.083500 0.119631 0.202102 0.543988 1.183031 1.787494 2.049796 2.047378 1.931316 1.590725 0.967082 0.358417 0.069885 0.040197 0.045929 0.017743 -0.000207 0.002805 
0.005583 0.009074 0.010956 0.012137 0.010962 0.008455 0.006130 0.000919 -0.006154 0.006978 0.055866 0.102965 0.141419 0.331875 0.843052 1.513604 1.961950 2.070028 2.008027 1.797537 1.299920 0.637594 0.171771 0.036555 0.046105 0.034255 0.006078 -0.000312 
0.002138 0.007762 0.010131 0.011738 0.011817 0.009733 0.007456 0.004116 -0.003593 -0.003784 0.029036 0.082390 0.115290 0.203328 0.551009 1.182762 1.779398 2.049522 2.055319 1.931189 1.582826 0.966907 0.365327 0.070933 0.035857 0.044932 0.019654 0.000135 
-0.000701 0.005166 0.009269 0.011041 0.012041 0.010919 0.008611 0.006275 0.000402 -0.006507 0.008501 0.056740 0.099549 0.139036 0.337049 0.847625 1.508151 1.956377 2.075227 2.013306 1.792153 1.294632 0.642157 0.176771 0.034069 0.042773 0.035185 0.007510 
0.000659 0.001520 0.007677 0.010340 0.011714 0.011716 0.009789 0.007682 0.003934 -0.004254 -0.003172 0.030775 0.081042 0.111372 0.204797 0.557380 1.182318 1.772106 2.049311 2.062403 1.931125 1.575731 0.966553 0.371588 0.072235 0.031940 0.043681 0.021367 
0.008956 -0.000927 0.004703 0.009410 0.011161 0.011943 0.010874 0.008796 0.006366 -0.000153 -0.006701 0.010026 0.057301 0.096232 0.137126 0.341968 0.851618 1.503117 1.951406 2.079885 2.018043 1.787372 1.289760 0.646137 0.181521 0.032063 0.039531 0.035795 
0.022883 0.001323 0.000969 0.007514 0.010544 0.011715 0.011605 0.009866 0.007898 0.003681 -0.004842 -0.002431 0.032311 0.079520 0.107839 0.206441 0.563182 1.181746 1.765511 2.049147 2.068744 1.931109 1.569334 0.966065 0.377280 0.073721 0.028404 0.042247 
0.036134 0.010384 -0.001006 0.004217 0.009494 0.011302 0.011851 0.010832 0.008996 0.006402 -0.000720 -0.006752 0.011522 0.057595 0.093036 0.135612 0.346637 0.855122 1.498461 1.946951 2.084067 2.022307 1.783107 1.285264 0.649625 0.186028 0.030459 0.036400 
0.040680 0.024206 0.002092 0.000496 0.007289 0.010731 0.011736 0.011495 0.009960 0.008095 0.003372 -0.005348 -0.001594 0.033653 0.077875 0.104654 0.208209 0.568485 1.181081 1.759526 2.049016 2.074437 1.931127 1.563546 0.965481 0.382474 0.075339 0.025214 
0.033395 0.036242 0.011769 -0.000957 0.003731 0.009523 0.011453 0.011772 0.010800 0.009202 0.006384 -0.001282 -0.006676 0.012968 0.057661 0.089974 0.134432 0.351066 0.858213 1.494147 1.942939 2.087834 2.026155 1.779287 1.281107 0.652696 0.190302 0.029192 
