0.245914 0.265546 0.140102 0.696088 1.293766 1.283278 1.460889 1.659590 1.952215 1.487027 0.918203 0.940586 0.799871 0.656339 0.518624 0.388961 0.265958 0.156189 0.072534 0.023241 0.003850 0.000201 0.000029 0.002973 0.020078 0.062571 0.128610 0.198054 
0.224021 0.276325 0.163174 0.355599 1.047160 1.320435 1.350531 1.545027 1.854208 1.791585 1.155636 0.896373 0.889539 0.726066 0.586497 0.452924 0.326384 0.208634 0.110378 0.043608 0.010601 0.000986 -0.000024 0.000557 0.008902 0.037898 0.093635 0.164626 
0.193950 0.266424 0.215116 0.192821 0.696110 1.240666 1.337772 1.419859 1.713908 1.898801 1.486806 0.970758 0.890541 0.820682 0.652309 0.519127 0.388778 0.265861 0.156221 0.072653 0.023333 0.003833 0.000089 -0.000085 0.002953 0.020153 0.062756 0.129089 
0.159891 0.239132 0.254052 0.161840 0.397491 1.004518 1.326511 1.357676 1.552083 1.860021 1.748655 1.197285 0.895160 0.867674 0.741350 0.581828 0.453759 0.326121 0.208609 0.110465 0.043728 0.010644 0.000914 -0.000151 0.000484 0.008932 0.037956 0.094657 
0.125172 0.202090 0.263323 0.195162 0.223173 0.695030 1.214519 1.349553 1.426016 1.725503 1.872366 1.485432 1.001026 0.870901 0.817899 0.660565 0.515157 0.389752 0.265549 0.156282 0.072769 0.023424 0.003817 -0.000022 -0.000197 0.002945 0.020055 0.064025 
0.092284 0.162310 0.244786 0.236726 0.168130 0.419246 0.984288 1.318089 1.369285 1.563592 1.851351 1.728115 1.218817 0.901580 0.850711 0.747228 0.584283 0.451195 0.326989 0.208310 0.110601 0.043840 0.010686 0.000842 -0.000279 0.000449 0.008710 0.039120 
0.063167 0.124327 0.208832 0.255861 0.185810 0.243241 0.696065 1.194681 1.352425 1.440753 1.728192 1.852235 1.486170 1.021034 0.861835 0.810759 0.667440 0.514232 0.388618 0.266150 0.156061 0.072949 0.023504 0.003802 -0.000142 -0.000250 0.002665 0.020868 
0.039282 0.090458 0.166477 0.245585 0.224258 0.174883 0.434408 0.971094 1.306874 1.381054 1.575265 1.839888 1.714601 1.233772 0.908462 0.838588 0.748270 0.588478 0.449173 0.326871 0.208616 0.110498 0.044021 0.010716 0.000760 -0.000341 0.000176 0.009100 
0.021445 0.061753 0.125464 0.213218 0.248113 0.180797 0.258466 0.697646 1.177965 1.352942 1.456390 1.728530 1.835219 1.487456 1.036210 0.857092 0.803336 0.671970 0.515276 0.386936 0.266519 0.156150 0.072958 0.023648 0.003755 -0.000195 -0.000474 0.002701 
0.009632 0.038726 0.089720 0.170556 0.244156 0.214898 0.181324 0.446292 0.960813 1.295883 1.391938 1.586056 1.828647 1.703997 1.245460 0.915028 0.829562 0.747094 0.592582 0.448235 0.326044 0.209061 0.110485 0.044110 0.010775 0.000709 -0.000494 -0.000002 
0.002968 0.021566 0.060526 0.127512 0.215826 0.240895 0.177993 0.270976 0.699047 1.163480 1.352837 1.471016 1.728246 1.820428 1.488568 1.048677 0.854548 0.796443 0.674725 0.517226 0.385443 0.266437 0.156465 0.072944 0.023745 0.003765 -0.000296 -0.000721 
-0.000007 0.010026 0.037879 0.089853 0.174078 0.241660 0.207589 0.187440 0.456046 0.952073 1.285912 1.401731 1.595757 1.818422 1.694934 1.255026 0.921266 0.822582 0.744856 0.596127 0.448164 0.324933 0.209370 0.110642 0.044125 0.010849 0.000673 -0.000722 
-0.000901 0.003303 0.021327 0.059696 0.129898 0.217190 0.234325 0.176524 0.281696 0.700047 1.150793 1.352634 1.484203 1.727864 1.807433 1.489284 1.059358 0.853333 0.790197 0.676240 0.519511 0.384350 0.266000 0.156845 0.072994 0.023786 0.003810 -0.000453 
-0.000959 0.000113 0.010207 0.037001 0.090583 0.176978 0.238636 0.201738 0.193272 0.464216 0.944336 1.277095 1.410475 1.604408 1.809349 1.686873 1.263013 0.927217 0.817055 0.742092 0.599051 0.448689 0.323794 0.209465 0.110921 0.044130 0.010913 0.000626 
-0.000635 -0.000992 0.003596 0.020867 0.059274 0.132340 0.217675 0.228376 0.175954 0.291088 0.700626 1.139611 1.352491 1.495957 1.727540 1.795941 1.489583 1.068714 0.853012 0.784572 0.676878 0.521849 0.383666 0.265345 0.157182 0.073131 0.023802 0.003846 
0.000553 -0.001157 0.000290 0.010185 0.036222 0.091697 0.179302 0.235357 0.196990 0.198840 0.471135 0.937351 1.269361 1.418274 1.612115 1.801356 1.679567 1.269754 0.932904 0.812625 0.739075 0.601399 0.449597 0.322757 0.209359 0.111253 0.044173 0.010951 
0.003847 -0.000814 -0.001004 0.003794 0.020296 0.059209 0.134695 0.217527 0.222996 0.176024 0.299422 0.700835 1.129705 1.352446 1.506410 1.727312 1.785724 1.489515 1.077012 0.853326 0.779514 0.676885 0.524100 0.383341 0.264582 0.157423 0.073344 0.023820 
0.010961 0.000453 -0.001295 0.000471 0.010000 0.035598 0.093049 0.181122 0.231978 0.193109 0.204152 0.477037 0.930983 1.262585 1.425245 1.618992 1.794319 1.672879 1.275482 0.938332 0.809060 0.735958 0.603243 0.450743 0.321879 0.209091 0.111588 0.044274 
0.023858 0.003804 -0.000974 -0.000958 0.003882 0.019693 0.059439 0.136897 0.216915 0.218131 0.176562 0.306874 0.700741 1.120889 1.352497 1.515720 1.727179 1.776596 1.489148 1.084431 0.854106 0.774969 0.676428 0.526197 0.383311 0.263788 0.157551 0.073613 
0.044435 0.010950 0.000330 -0.001372 0.000626 0.009695 0.035149 0.094536 0.182505 0.228591 0.189930 0.209207 0.482101 0.925145 1.256634 1.431496 1.625147 1.788106 1.666722 1.280374 0.943503 0.806194 0.732833 0.604650 0.452025 0.321177 0.208703 0.111894 
0.073916 0.023922 0.003722 -0.001107 -0.000876 0.003861 0.019105 0.059904 0.138912 0.215960 0.213732 0.177447 0.313575 0.700410 1.113008 1.352628 1.524037 1.727123 1.768403 1.488548 1.091099 0.855229 0.770888 0.675629 0.528108 0.383518 0.263013 0.157571 
0.112154 0.044645 0.010924 0.000194 -0.001398 0.000737 0.009307 0.034872 0.096088 0.183514 0.225255 0.187329 0.214010 0.486467 0.919774 1.251392 1.437121 1.630676 1.782600 1.661035 1.284572 0.948420 0.803904 0.729758 0.605684 0.453372 0.320650 0.208234 
0.157495 0.074232 0.024012 0.003614 -0.001212 -0.000778 0.003744 0.018565 0.060553 0.140731 0.214752 0.209755 0.178585 0.319624 0.699900 1.105934 1.352824 1.531493 1.727130 1.761018 1.487770 1.097118 0.856603 0.767228 0.674577 0.529823 0.383910 0.262287 
0.207715 0.112360 0.044891 0.010893 0.000052 -0.001386 0.000795 0.008869 0.034756 0.097657 0.184204 0.222007 0.185209 0.218563 0.490248 0.914821 1.246755 1.442202 1.635658 1.777697 1.655767 1.288187 0.953086 0.802090 0.726770 0.606399 0.454737 0.320285 
0.261627 0.157339 0.074545 0.024126 0.003490 -0.001293 -0.000682 0.003549 0.018090 0.061342 0.142352 0.213359 0.206159 0.179908 0.325106 0.699256 1.099562 1.353068 1.538201 1.727183 1.754333 1.486862 1.102570 0.858160 0.763948 0.673339 0.531341 0.384445 
0.320068 0.207174 0.112510 0.045160 0.010864 -0.000087 -0.001350 0.000799 0.008408 0.034786 0.099207 0.184622 0.218870 0.183489 0.222873 0.493536 0.910245 1.242636 1.446806 1.640164 1.773312 1.650877 1.291312 0.957509 0.800676 0.723893 0.606842 0.456084 
0.385085 0.261045 0.157120 0.074842 0.024260 0.003364 -0.001353 -0.000600 0.003291 0.017691 0.062235 0.143784 0.211833 0.202909 0.181362 0.330088 0.698517 1.093800 1.353346 1.544258 1.727270 1.748259 1.485861 1.107523 0.859847 0.761011 0.671969 0.532670 
0.457392 0.319981 0.206630 0.112606 0.045438 0.010843 -0.000216 -0.001303 0.000750 0.007944 0.034944 0.100716 0.184809 0.215858 0.182108 0.226948 0.496408 0.906010 1.238963 1.450993 1.644250 1.769371 1.646330 1.294023 0.961697 0.799598 0.721140 0.607055 
