0.092986 0.181487 0.290048 0.462945 0.672069 0.878011 0.898122 1.484805 1.957253 1.675252 1.490061 1.312805 1.292122 0.628471 -0.008689 0.053818 0.018807 0.005906 0.000961 0.000044 0.000005 0.000742 0.005019 0.015643 0.032136 0.049603 0.062106 0.053474 
0.066008 0.133430 0.230503 0.369231 0.563631 0.796132 0.858432 1.146872 1.793276 1.863816 1.567876 1.382824 1.338966 1.016084 0.247319 -0.021556 0.050202 0.009030 0.002813 0.000240 -0.000010 0.000138 0.002225 0.009477 0.023397 0.040987 0.058367 0.056301 
0.056117 0.093861 0.178003 0.293437 0.457964 0.692988 0.827772 0.950558 1.484602 1.903980 1.729722 1.449076 1.367199 1.238840 0.628415 0.043950 0.003691 0.039437 0.001761 0.001498 -0.000021 -0.000022 0.000737 0.005039 0.015728 0.031786 0.051317 0.058577 
0.055485 0.068814 0.131212 0.231124 0.366017 0.578119 0.774356 0.857014 1.188470 1.750433 1.869792 1.575042 1.389939 1.344881 0.973312 0.289107 -0.022767 0.028188 0.024148 -0.001897 0.001166 -0.000164 0.000131 0.002223 0.009593 0.023032 0.042153 0.057091 
0.056933 0.057645 0.094172 0.177267 0.290497 0.466594 0.689665 0.808164 0.980651 1.483256 1.877682 1.741468 1.455279 1.378871 1.212538 0.627205 0.074299 -0.016031 0.036476 0.009902 -0.002438 0.001069 -0.000260 0.000742 0.005153 0.015453 0.032358 0.051402 
0.055973 0.055376 0.070091 0.131183 0.228076 0.369521 0.583773 0.757088 0.863406 1.209895 1.729992 1.861280 1.586663 1.401512 1.336314 0.952929 0.310777 -0.016346 0.011078 0.029861 0.000516 -0.001308 0.000816 -0.000173 0.002362 0.009441 0.023167 0.042745 
0.051105 0.056033 0.058412 0.095239 0.175063 0.290028 0.474019 0.682109 0.798949 1.000599 1.483973 1.857702 1.744306 1.470059 1.381642 1.192540 0.628104 0.094387 -0.025179 0.029160 0.016663 -0.003332 0.000056 0.000391 0.000537 0.005181 0.015355 0.032909 
0.043001 0.055154 0.055204 0.071460 0.130564 0.225600 0.374454 0.584851 0.744591 0.870216 1.224800 1.716546 1.849989 1.598440 1.413247 1.324958 0.939572 0.325867 -0.009464 -0.001190 0.030741 0.004668 -0.003237 0.000791 0.000173 0.002199 0.009370 0.023446 
0.033305 0.050779 0.055290 0.059228 0.095986 0.172645 0.291293 0.479075 0.674417 0.793956 1.015737 1.485257 1.840819 1.744800 1.485734 1.382063 1.175658 0.629550 0.109641 -0.030002 0.021564 0.021078 -0.002253 -0.001520 0.000831 0.000635 0.004985 0.015463 
0.023785 0.043111 0.054419 0.055181 0.072695 0.129432 0.224278 0.379096 0.583819 0.735216 0.876647 1.236474 1.706004 1.838912 1.609339 1.424098 1.313826 0.929124 0.337688 -0.002898 -0.010359 0.029402 0.008731 -0.004090 0.000059 0.000675 0.002074 0.009272 
0.015602 0.033648 0.050396 0.054705 0.060107 0.096223 0.170620 0.293353 0.482298 0.667359 0.791123 1.028148 1.486392 1.826150 1.744672 1.500400 1.381863 1.161005 0.630820 0.122184 -0.032626 0.014498 0.023722 -0.000271 -0.002911 0.000838 0.000930 0.004765 
0.009158 0.024122 0.043139 0.053737 0.055348 0.073624 0.128129 0.223888 0.383048 0.581769 0.727931 0.882704 1.246036 1.697013 1.828841 1.619151 1.433861 1.303712 0.920218 0.347383 0.003340 -0.017481 0.027005 0.012236 -0.004082 -0.000945 0.001035 0.002092 
0.004629 0.015725 0.033942 0.049973 0.054299 0.060938 0.096064 0.169129 0.295694 0.484217 0.661020 0.789611 1.038747 1.487149 1.813274 1.744439 1.513632 1.381564 1.148148 0.631692 0.132938 -0.033920 0.008082 0.025127 0.002040 -0.003901 0.000497 0.001265 
0.002222 0.009080 0.024421 0.043099 0.053141 0.055640 0.074225 0.126870 0.224150 0.386289 0.579205 0.722144 0.888445 1.254018 1.689037 1.819915 1.627912 1.442576 1.294749 0.912314 0.355499 0.009290 -0.023149 0.024084 0.015118 -0.003483 -0.001968 0.001170 
0.001538 0.004605 0.015840 0.034164 0.049548 0.054055 0.061646 0.095655 0.168143 0.298059 0.485206 0.655346 0.788999 1.047997 1.487498 1.801905 1.744258 1.525432 1.381326 1.136794 0.632146 0.142366 -0.034321 0.002289 0.025656 0.004400 -0.004477 -0.000061 
0.001090 0.002406 0.009072 0.024662 0.043001 0.052655 0.055984 0.074543 0.125761 0.224843 0.388892 0.576386 0.717494 0.893905 1.260744 1.681825 1.812067 1.635725 1.450350 1.286869 0.905164 0.362366 0.014973 -0.027717 0.020912 0.017422 -0.002500 -0.002884 
-0.000732 0.001704 0.004681 0.015962 0.034302 0.049153 0.053939 0.062196 0.095116 0.167585 0.300323 0.485517 0.650269 0.789038 1.056171 1.487483 1.791816 1.744169 1.535933 1.381187 1.126715 0.632232 0.150735 -0.034085 -0.002934 0.025554 0.006671 -0.004689 
-0.003640 0.000836 0.002601 0.009147 0.024847 0.042857 0.052284 0.056325 0.074637 0.124846 0.225812 0.390945 0.573457 0.713739 0.899100 1.266446 1.675240 1.805174 1.642707 1.457297 1.279945 0.898631 0.368219 0.020398 -0.031419 0.017643 0.019218 -0.001277 
-0.004602 -0.001440 0.001752 0.004835 0.016101 0.034361 0.048801 0.053918 0.062586 0.094526 0.167377 0.302426 0.485326 0.645723 0.789558 1.063450 1.487169 1.782822 1.744171 1.545290 1.381145 1.117726 0.632018 0.158222 -0.033384 -0.007641 0.024988 0.008786 
0.000083 -0.004220 0.000452 0.002777 0.009296 0.024982 0.042680 0.052016 0.056632 0.074563 0.124132 0.226949 0.392530 0.570509 0.710709 0.904037 1.271301 1.669190 1.799106 1.648963 1.463524 1.273848 0.892629 0.373234 0.025565 -0.034420 0.014366 0.020577 
0.010717 -0.004277 -0.002137 0.001690 0.005040 0.016260 0.034355 0.048499 0.053959 0.062830 0.093939 0.167447 0.304342 0.484761 0.641653 0.790437 1.069969 1.486618 1.774768 1.744250 1.553652 1.381184 1.109673 0.631568 0.164958 -0.032339 -0.011881 0.024078 
0.021561 0.001511 -0.004628 -0.000020 0.002917 0.009504 0.025081 0.042485 0.051834 0.056885 0.074370 0.123612 0.228181 0.393715 0.567597 0.708274 0.908721 1.275451 1.663612 1.793748 1.654591 1.469126 1.268459 0.887096 0.377553 0.030476 -0.036844 0.011141 
0.022915 0.012451 -0.003765 -0.002792 0.001532 0.005274 0.016438 0.034300 0.048244 0.054034 0.062946 0.093388 0.167735 0.306063 0.483916 0.638010 0.791582 1.075831 1.485884 1.767525 1.744391 1.561150 1.381287 1.102428 0.630940 0.171043 -0.031041 -0.015700 
0.008003 0.022227 0.002958 -0.004877 -0.000547 0.003013 0.009756 0.025154 0.042283 0.051719 0.057079 0.074097 0.123270 0.229453 0.394563 0.564760 0.706332 0.913160 1.279011 1.658453 1.788996 1.659671 1.474182 1.263677 0.881982 0.381287 0.035138 -0.038789 
-0.019138 0.021566 0.013991 -0.003113 -0.003387 0.001298 0.005517 0.016631 0.034215 0.048031 0.054123 0.062957 0.092893 0.168193 0.307590 0.482864 0.634751 0.792924 1.081122 1.485015 1.760986 1.744579 1.567900 1.381439 1.095885 0.630180 0.176558 -0.029560 
-0.040333 0.004976 0.022621 0.004389 -0.004984 -0.001100 0.003064 0.010033 0.025213 0.042084 0.051650 0.057211 0.073775 0.123087 0.230729 0.395125 0.562020 0.704802 0.917361 1.282073 1.653672 1.784764 1.664273 1.478761 1.259414 0.877246 0.384530 0.039555 
-0.027948 -0.022231 0.020085 0.015342 -0.002356 -0.003910 0.001005 0.005754 0.016835 0.034114 0.047855 0.054209 0.062883 0.092465 0.168780 0.308930 0.481659 0.631835 0.794408 1.085913 1.484046 1.755059 1.744802 1.573998 1.381625 1.089954 0.629326 0.181574 
0.043737 -0.041540 0.002074 0.022786 0.005781 -0.004965 -0.001657 0.003070 0.010321 0.025265 0.041895 0.051612 0.057283 0.073429 0.123043 0.231983 0.395444 0.559393 0.703617 0.921333 1.284715 1.649231 1.780979 1.668456 1.482921 1.255597 0.872852 0.387356 
