0.811946 1.043939 1.119873 1.068574 0.983817 0.835672 1.446602 2.081853 1.972268 1.866219 1.671461 1.624169 1.025202 0.573493 0.872917 1.002458 0.984776 0.796818 0.515060 0.250501 0.080354 0.011861 -0.000076 -0.000077 0.011852 0.080306 0.250796 0.511062 
0.662825 0.943623 1.101732 1.103578 1.040788 0.858005 1.073523 1.826641 2.081324 1.918564 1.758056 1.678501 1.365231 0.724215 0.680066 0.968030 1.014092 0.908873 0.660735 0.374589 0.151740 0.035612 0.002141 -0.000523 0.002142 0.035502 0.152453 0.371640 
0.512420 0.812113 1.042502 1.116206 1.088722 0.934283 0.889055 1.446951 2.028284 2.025867 1.824504 1.725802 1.571480 1.025902 0.626517 0.822574 1.022459 0.980037 0.797201 0.515361 0.251070 0.080724 0.011768 -0.000545 -0.000523 0.011601 0.081390 0.249973 
0.371811 0.663910 0.943331 1.096193 1.118840 1.018701 0.857587 1.115940 1.783940 2.086644 1.924839 1.764745 1.684724 1.323206 0.766626 0.678942 0.945549 1.028538 0.903754 0.661782 0.374968 0.152268 0.035762 0.001822 -0.001008 0.001663 0.036125 0.152495 
0.249922 0.513123 0.813281 1.037232 1.124097 1.085799 0.914899 0.920232 1.446120 2.001699 2.036747 1.829980 1.737418 1.545768 1.025445 0.657251 0.802638 1.018870 0.987587 0.793110 0.516816 0.251420 0.081122 0.011664 -0.000970 -0.001116 0.011726 0.081815 
0.152640 0.371977 0.665623 0.940053 1.097681 1.124538 1.001745 0.864645 1.138303 1.763606 2.077490 1.935573 1.775892 1.676462 1.303567 0.788918 0.685451 0.927973 1.033583 0.905760 0.659428 0.376474 0.152522 0.035952 0.001537 -0.001597 0.001387 0.036514 
0.082153 0.249857 0.514552 0.812272 1.035263 1.130385 1.078591 0.906138 0.941072 1.447441 1.981403 2.038736 1.844033 1.740132 1.526356 1.027096 0.677723 0.793278 1.010930 0.993759 0.792064 0.516160 0.252683 0.081228 0.011655 -0.001466 -0.001629 0.011835 
0.036842 0.152632 0.372821 0.666145 0.937469 1.100929 1.125279 0.989730 0.872133 1.154064 1.750320 2.065537 1.946478 1.787199 1.665407 1.290950 0.804630 0.692421 0.915240 1.033794 0.909508 0.657613 0.376994 0.153371 0.035921 0.001297 -0.002193 0.001165 
0.011963 0.082279 0.250231 0.515647 0.810673 1.035397 1.134242 1.071092 0.901757 0.957034 1.449314 1.964230 2.038370 1.858991 1.740491 1.510057 1.029291 0.693361 0.788242 1.002710 0.997587 0.792986 0.514954 0.253706 0.081652 0.011475 -0.001918 -0.002117 
0.000988 0.037010 0.152781 0.373828 0.665847 0.936044 1.104117 1.123728 0.980857 0.879312 1.166527 1.739956 2.053809 1.956501 1.797626 1.654572 1.281241 0.817070 0.699076 0.905609 1.031792 0.913165 0.656882 0.376798 0.154360 0.035988 0.000946 -0.002732 
-0.002516 0.012003 0.082373 0.250902 0.516227 0.809236 1.036519 1.136288 1.064101 0.899614 0.970266 1.451002 1.949296 2.037384 1.872942 1.740230 1.495982 1.031309 0.706288 0.785408 0.995024 0.999644 0.794813 0.513934 0.254275 0.082309 0.011261 -0.002415 
-0.003231 0.000822 0.037063 0.153147 0.374706 0.665195 0.935529 1.106778 1.121068 0.974047 0.886177 1.176844 1.731138 2.043105 1.965436 1.806967 1.644752 1.273069 0.827385 0.705402 0.898026 1.028732 0.916264 0.657016 0.376313 0.155214 0.036223 0.000511 
-0.002958 -0.002862 0.011956 0.082536 0.251682 0.516405 0.808180 1.038030 1.137077 1.057736 0.898826 0.981703 1.452280 1.936167 2.036302 1.885456 1.739869 1.483699 1.032927 0.717426 0.783904 0.987989 1.000463 0.796975 0.513309 0.254486 0.083033 0.011102 
0.000065 -0.003721 0.000637 0.037085 0.153671 0.375372 0.664468 0.935636 1.108843 1.117852 0.968694 0.892768 1.185565 1.723319 2.033561 1.973323 1.815258 1.636081 1.265897 0.836119 0.711442 0.891900 1.025149 0.918744 0.657742 0.375796 0.155858 0.036575 
0.011023 -0.003516 -0.003206 0.011858 0.082794 0.252447 0.516332 0.807519 1.039633 1.136983 1.051974 0.898947 0.991812 1.453127 1.924547 2.035286 1.896538 1.739568 1.472916 1.034124 0.727238 0.783295 0.981579 1.000408 0.799190 0.513089 0.254479 0.083713 
0.036976 -0.000342 -0.004222 0.000415 0.037130 0.154275 0.375834 0.663809 0.936145 1.110355 1.114364 0.964440 0.899105 1.193029 1.716250 2.025107 1.980269 1.822605 1.628491 1.259474 0.843603 0.717216 0.886875 1.021316 0.920649 0.658850 0.375379 0.156300 
0.084295 0.011018 -0.004059 -0.003582 0.011746 0.083138 0.253135 0.516126 0.807204 1.041178 1.136258 1.046764 0.899714 1.000864 1.453596 1.914204 2.034373 1.906321 1.739363 1.463406 1.034951 0.735991 0.783324 0.975740 0.999725 0.801317 0.513224 0.254364 
0.156580 0.037376 -0.000686 -0.004738 0.000157 0.037226 0.154902 0.376130 0.663281 0.936904 1.111382 1.110762 0.961047 0.905192 1.199471 1.709794 2.017615 1.986391 1.829124 1.621854 1.253667 0.850071 0.722732 0.882717 1.017388 0.922051 0.660191 0.375118 
0.254217 0.084762 0.011067 -0.004572 -0.003999 0.011639 0.083546 0.253724 0.515869 0.807176 1.042591 1.135071 1.042055 0.900951 1.009037 1.453757 1.904952 2.033562 1.914964 1.739251 1.454983 1.035475 0.743862 0.783820 0.970417 0.998581 0.803288 0.513652 
0.375031 0.156738 0.037743 -0.000966 -0.005267 -0.000133 0.037377 0.155517 0.376303 0.662909 0.937808 1.111988 1.107145 0.958349 0.911027 1.205072 1.703864 2.010953 1.991797 1.834922 1.616041 1.248388 0.855701 0.727991 0.879261 1.013455 0.923018 0.661666 
0.514314 0.254087 0.085116 0.011150 -0.005050 -0.004455 0.011549 0.083995 0.254214 0.515612 0.807376 1.043836 1.133546 1.037802 0.902533 1.016461 1.453677 1.896635 2.032837 1.922616 1.739218 1.447492 1.035762 0.750981 0.784661 0.965564 0.997098 0.805072 
0.663204 0.375118 0.156812 0.038061 -0.001190 -0.005804 -0.000443 0.037575 0.156098 0.376390 0.662694 0.938785 1.112236 1.103572 0.956221 0.916612 1.209974 1.698398 2.005002 1.996582 1.840094 1.610932 1.243574 0.860633 0.732996 0.876384 1.009577 0.923612 
0.806659 0.515159 0.254005 0.085371 0.011248 -0.005494 -0.004939 0.011477 0.084465 0.254615 0.515390 0.807754 1.044899 1.131773 1.033961 0.904368 1.023235 1.453413 1.889126 2.032180 1.929410 1.739245 1.440806 1.035868 0.757448 0.785755 0.961135 0.995364 
0.923888 0.664758 0.375366 0.156835 0.038323 -0.001372 -0.006342 -0.000766 0.037809 0.156636 0.376424 0.662627 0.939784 1.112177 1.100084 0.954567 0.921948 1.214290 1.693347 1.999659 2.000828 1.844721 1.606424 1.239177 0.864979 0.737750 0.873987 1.005790 
0.993447 0.808049 0.516144 0.253987 0.085543 0.011344 -0.005907 -0.005438 0.011423 0.084938 0.254942 0.515223 0.808269 1.045779 1.129821 1.030495 0.906385 1.029442 1.453014 1.882316 2.031576 1.935460 1.739319 1.434818 1.035841 0.763347 0.787033 0.957089 
1.002117 0.923893 0.666293 0.375758 0.156831 0.038528 -0.001526 -0.006873 -0.001091 0.038064 0.157126 0.376430 0.662695 0.940771 1.111858 1.096705 0.953308 0.927042 1.218114 1.688670 1.994837 2.004602 1.848873 1.602433 1.235155 0.868832 0.742260 0.871993 
0.953390 0.991400 0.809248 0.517232 0.254043 0.085650 0.011427 -0.006293 -0.005941 0.011384 0.085401 0.255209 0.515122 0.808884 1.046479 1.127741 1.027367 0.908530 1.035150 1.452517 1.876117 2.031011 1.940863 1.739426 1.429438 1.035716 0.768745 0.788443 
0.870337 0.998571 0.923668 0.667785 0.376279 0.156821 0.038679 -0.001665 -0.007392 -0.001411 0.038330 0.157569 0.376430 0.662883 0.941721 1.111319 1.093450 0.952380 0.931900 1.221520 1.684333 1.990463 2.007963 1.852608 1.598884 1.231472 0.872268 0.746535 
