0.056383 0.060319 0.083121 0.150277 0.275661 0.457921 0.671323 0.878756 0.903146 1.499707 1.984370 1.709213 1.518851 1.324128 1.280799 0.599681 -0.042649 0.026701 0.003905 0.000882 0.000215 0.000789 0.005029 0.015644 0.032136 0.049603 0.061124 0.059792 
0.057767 0.056901 0.067796 0.109973 0.205311 0.360871 0.561275 0.796138 0.860689 1.156216 1.814435 1.895528 1.600932 1.404097 1.338966 0.994811 0.214263 -0.053269 0.029043 -0.000314 0.000556 0.000240 0.002247 0.009481 0.023387 0.041157 0.056746 0.061582 
0.060110 0.056507 0.059812 0.083461 0.150119 0.276320 0.453897 0.692022 0.828565 0.955632 1.499545 1.931094 1.763638 1.477811 1.378497 1.227542 0.599680 0.010034 -0.023424 0.024495 -0.003315 0.000730 0.000748 0.005054 0.015688 0.032099 0.049855 0.060613 
0.061426 0.058132 0.056605 0.067713 0.110019 0.206201 0.356309 0.576496 0.774131 0.859357 1.197859 1.771614 1.901478 1.608043 1.411168 1.344881 0.952083 0.256106 -0.054454 0.007007 0.014752 -0.004196 0.001167 0.002133 0.009538 0.023357 0.041332 0.056569 
0.060361 0.060280 0.056570 0.059557 0.083332 0.151296 0.272419 0.462190 0.689119 0.808781 0.985831 1.498229 1.904796 1.775339 1.483960 1.390145 1.201263 0.598524 0.040428 -0.043144 0.021492 0.004774 -0.003230 0.001858 0.004879 0.015707 0.032193 0.049877 
0.056410 0.061368 0.058317 0.056499 0.067324 0.111137 0.203770 0.358817 0.582335 0.757018 0.865661 1.219387 1.751183 1.892943 1.619609 1.422698 1.336314 0.931743 0.277831 -0.048007 -0.010125 0.020415 -0.001824 -0.001310 0.003163 0.009283 0.023448 0.041423 
0.049833 0.060207 0.060376 0.056671 0.059111 0.084038 0.150387 0.271579 0.469076 0.681877 0.799565 1.005773 1.499024 1.884801 1.778136 1.498685 1.392892 1.181290 0.599477 0.060560 -0.052289 0.014136 0.011484 -0.004149 0.000871 0.005595 0.015470 0.032351 
0.041538 0.056267 0.061325 0.058499 0.056206 0.067546 0.111226 0.201914 0.363057 0.583331 0.744753 0.872421 1.234338 1.737777 1.881617 1.631335 1.434389 1.324958 0.918429 0.292975 -0.041099 -0.022415 0.021243 0.002285 -0.003242 0.003196 0.009634 0.023323 
0.032325 0.049839 0.060064 0.060504 0.056587 0.059021 0.084482 0.148924 0.272729 0.473603 0.674353 0.794676 1.020881 1.500369 1.867920 1.778580 1.514308 1.393288 1.164433 0.600977 0.075858 -0.057111 0.006499 0.015848 -0.003097 -0.000668 0.006070 0.015563 
0.023296 0.041538 0.056177 0.061323 0.058553 0.056030 0.067920 0.110577 0.201156 0.367209 0.582101 0.735592 0.878867 1.246021 1.727281 1.870510 1.642177 1.445199 1.313825 0.908025 0.304850 -0.034508 -0.031604 0.019855 0.006304 -0.004088 0.002512 0.010132 
0.015895 0.032261 0.049796 0.060002 0.060565 0.056471 0.059186 0.084462 0.147641 0.274798 0.476352 0.667358 0.791989 1.033278 1.501539 1.853265 1.778401 1.528922 1.393065 1.149802 0.602301 0.088445 -0.059732 -0.000606 0.018438 -0.001138 -0.002023 0.006094 
0.010501 0.023438 0.041450 0.056118 0.061339 0.058509 0.056038 0.068166 0.109626 0.201270 0.370808 0.579803 0.728478 0.884987 1.255580 1.718326 1.860420 1.651931 1.454920 1.303711 0.899161 0.314600 -0.028245 -0.038747 0.017406 0.009765 -0.004068 0.001538 
0.005763 0.016298 0.032251 0.049698 0.059992 0.060555 0.056413 0.059434 0.084078 0.146749 0.277211 0.477858 0.661007 0.790635 1.043889 1.502312 1.840406 1.778122 1.542097 1.392744 1.136968 0.603227 0.099243 -0.061024 -0.007061 0.019788 0.001157 -0.002983 
0.000534 0.010664 0.023699 0.041344 0.056061 0.061345 0.058441 0.056178 0.068207 0.108636 0.201980 0.373792 0.576975 0.722817 0.890822 1.263561 1.710374 1.851480 1.660633 1.463593 1.294749 0.891300 0.322769 -0.022270 -0.044435 0.014432 0.012606 -0.003457 
-0.003538 0.005217 0.016661 0.032320 0.049578 0.059984 0.060510 0.056438 0.059651 0.083473 0.146257 0.279682 0.478490 0.655274 0.790175 1.053176 1.502668 1.829048 1.777901 1.553840 1.392483 1.125639 0.603734 0.108714 -0.061422 -0.012894 0.020265 0.003504 
-0.002465 -0.000369 0.010631 0.024011 0.041273 0.055988 0.061327 0.058400 0.056377 0.068054 0.107738 0.203072 0.376205 0.573892 0.718253 0.896394 1.270295 1.703174 1.843620 1.668390 1.471322 1.286870 0.884192 0.329689 -0.016561 -0.049024 0.011207 0.014873 
0.005762 -0.003738 0.004567 0.016930 0.032460 0.049464 0.059947 0.060461 0.056536 0.059783 0.082760 0.146117 0.282069 0.478491 0.650105 0.790353 1.061407 1.502656 1.818965 1.777776 1.564284 1.392321 1.115584 0.603873 0.117126 -0.061183 -0.018159 0.020111 
0.016635 -0.001238 -0.001115 0.010438 0.024322 0.041257 0.055894 0.061281 0.058410 0.056584 0.067745 0.106993 0.204400 0.378117 0.570709 0.714553 0.901708 1.276016 1.696592 1.836714 1.675318 1.478224 1.279948 0.877702 0.335595 -0.011111 -0.052748 0.007885 
0.019496 0.007864 -0.003645 0.003887 0.017088 0.032653 0.049372 0.059873 0.060425 0.056688 0.059810 0.082014 0.146267 0.284304 0.478032 0.645449 0.790997 1.068759 1.502345 1.809970 1.777744 1.573584 1.392254 1.106619 0.603711 0.124657 -0.060479 -0.022908 
0.004557 0.017961 0.000121 -0.001684 0.010128 0.024603 0.041299 0.055785 0.061213 0.058473 0.056766 0.067320 0.106420 0.205860 0.379596 0.567518 0.711551 0.906768 1.280902 1.690541 1.830632 1.681525 1.484405 1.273851 0.871742 0.340663 -0.005918 -0.055770 
-0.027190 0.018540 0.009779 -0.003317 0.003228 0.017136 0.032875 0.049309 0.059764 0.060410 0.056872 0.059734 0.081287 0.146648 0.286354 0.477232 0.641256 0.791983 1.075362 1.501799 1.801909 1.777790 1.581892 1.392268 1.098590 0.603314 0.131436 -0.059432 
-0.058217 0.001282 0.018914 0.001543 -0.002078 0.009738 0.024835 0.041391 0.055667 0.061130 0.058580 0.056905 0.066818 0.106017 0.207384 0.380703 0.564378 0.709123 0.911573 1.285094 1.684958 1.825256 1.687106 1.489962 1.268462 0.866252 0.345035 -0.000981 
-0.058133 -0.031050 0.017332 0.011496 -0.002806 0.002619 0.017089 0.033109 0.049275 0.059631 0.060418 0.057067 0.059567 0.080609 0.147211 0.288207 0.476181 0.637483 0.793221 1.081316 1.501077 1.794655 1.777898 1.589339 1.392346 1.091369 0.602739 0.137564 
0.003705 -0.060184 -0.001904 0.019547 0.002980 -0.002310 0.009300 0.025011 0.041518 0.055548 0.061042 0.058720 0.056992 0.066271 0.105775 0.208922 0.381494 0.561326 0.707172 0.916130 1.288704 1.679793 1.820482 1.692140 1.494973 1.263679 0.861180 0.348822 
0.143123 -0.056651 -0.034528 0.015940 0.013015 -0.002154 0.002078 0.016961 0.033337 0.049268 0.059487 0.060446 0.057257 0.059324 0.079999 0.147912 0.289864 0.474946 0.634090 0.794642 1.086704 1.500224 1.788100 1.778052 1.596039 1.392472 1.084849 0.602032 
0.352118 0.008147 -0.061751 -0.004978 0.019909 0.004398 -0.002394 0.008840 0.025129 0.041669 0.055435 0.060956 0.058879 0.057024 0.065703 0.105678 0.210441 0.382013 0.558385 0.705620 0.920442 1.291824 1.675006 1.816226 1.696698 1.499509 1.259414 0.856486 
0.601230 0.148182 -0.055039 -0.037661 0.014417 0.014342 -0.001397 0.001615 0.016770 0.033549 0.049283 0.059341 0.060492 0.057431 0.059021 0.079466 0.148716 0.291330 0.473581 0.631040 0.796192 1.091595 1.499277 1.782155 1.778240 1.602088 1.392632 1.078941 
0.852134 0.354997 0.012353 -0.062981 -0.007925 0.020039 0.005775 -0.002348 0.008378 0.025192 0.041830 0.055333 0.060878 0.059046 0.057004 0.065136 0.105709 0.211918 0.382304 0.555570 0.704404 0.924521 1.294531 1.670561 1.812413 1.700836 1.503628 1.255595 
