0.108321 0.088192 0.057179 0.028029 0.009810 0.004481 0.021674 -0.058300 0.568862 1.240119 1.291011 1.515056 1.747793 2.060547 1.592376 0.986310 0.935146 0.699137 0.466849 0.276238 0.145250 0.067536 0.028963 0.018886 0.030974 0.058017 0.088404 0.108361 
0.111067 0.100343 0.073248 0.041678 0.017437 0.003507 0.027056 -0.062804 0.191117 0.957576 1.299375 1.383205 1.617718 1.954676 1.902096 1.247076 0.931690 0.837576 0.578156 0.364693 0.203312 0.100567 0.044114 0.020798 0.022548 0.043275 0.073677 0.100444 
0.108304 0.108263 0.088178 0.057180 0.028635 0.005682 0.025066 -0.028527 -0.005704 0.568830 1.186912 1.345477 1.474087 1.802211 2.007190 1.592119 1.038757 0.884998 0.719927 0.462898 0.276866 0.145150 0.067426 0.028901 0.018906 0.031036 0.058061 0.088392 
0.100406 0.111001 0.100313 0.073138 0.042679 0.012775 0.018609 0.004976 -0.064079 0.232894 0.914858 1.305370 1.390369 1.624864 1.960577 1.859177 1.288645 0.930360 0.815642 0.593472 0.360136 0.204261 0.100342 0.044029 0.020778 0.022597 0.043335 0.073695 
0.088381 0.108243 0.108233 0.087950 0.058336 0.024767 0.013842 0.022059 -0.048321 0.024603 0.567643 1.160684 1.357220 1.480306 1.813904 1.980811 1.590709 1.068916 0.865255 0.717123 0.471234 0.273020 0.146208 0.067101 0.028868 0.018923 0.031098 0.058105 
0.073714 0.100361 0.110987 0.100009 0.074157 0.040279 0.015235 0.024308 -0.012200 -0.057721 0.254553 0.894529 1.296884 1.401991 1.636465 1.951994 1.838649 1.310098 0.936664 0.798610 0.599383 0.362703 0.201812 0.101248 0.043670 0.020807 0.022638 0.043395 
0.058152 0.088358 0.108249 0.107924 0.088633 0.057384 0.023942 0.020620 0.014699 -0.057541 0.044649 0.568565 1.140760 1.360063 1.495101 1.816694 1.960735 1.591409 1.088816 0.856087 0.709963 0.478188 0.272220 0.145157 0.067689 0.028555 0.019004 0.031149 
0.043443 0.073720 0.100385 0.110733 0.100311 0.074190 0.038419 0.019435 0.025171 -0.024533 -0.050903 0.269632 0.881225 1.285608 1.413774 1.648226 1.940618 1.825147 1.324974 0.943429 0.786419 0.600456 0.367009 0.199903 0.101168 0.043916 0.020597 0.022748 
0.031264 0.058164 0.088400 0.108085 0.107925 0.089085 0.055880 0.025084 0.025054 0.007057 -0.062436 0.059861 0.570034 1.123952 1.360554 1.510795 1.817130 1.943775 1.592659 1.103885 0.851242 0.702519 0.482795 0.273388 0.143557 0.068045 0.028551 0.018915 
0.022767 0.043521 0.073756 0.100319 0.110572 0.100753 0.073512 0.037641 0.023544 0.023819 -0.033767 -0.044400 0.281442 0.870831 1.274556 1.424674 1.659103 1.929464 1.814554 1.336583 0.949880 0.777325 0.599312 0.371224 0.199078 0.100379 0.044303 0.020478 
0.018803 0.031333 0.058232 0.088396 0.107898 0.108153 0.089086 0.054565 0.027131 0.027714 -0.000053 -0.065131 0.072362 0.571327 1.109372 1.360425 1.525478 1.816944 1.929040 1.593735 1.116245 0.848597 0.695605 0.485629 0.275461 0.142147 0.067951 0.028775 
0.020530 0.022712 0.043612 0.073806 0.100179 0.110582 0.101058 0.072548 0.037729 0.027093 0.021406 -0.040954 -0.038226 0.291127 0.861977 1.264521 1.434487 1.668890 1.919325 1.805503 1.346069 0.956003 0.770277 0.597105 0.374880 0.199121 0.099305 0.044552 
0.029063 0.018756 0.031345 0.058335 0.088337 0.107778 0.108447 0.088730 0.053648 0.029511 0.029134 -0.006513 -0.066496 0.083076 0.572222 1.096587 1.360198 1.538722 1.816658 1.916101 1.594415 1.126819 0.847281 0.689339 0.487222 0.277869 0.141137 0.067501 
0.044589 0.020704 0.022648 0.043693 0.073845 0.100031 0.110715 0.101150 0.071557 0.038410 0.030020 0.018469 -0.046685 -0.032339 0.299232 0.854126 1.255639 1.443250 1.677627 1.910338 1.797455 1.353979 0.961840 0.764683 0.594372 0.377914 0.199757 0.098204 
0.066833 0.029309 0.018796 0.031333 0.058430 0.088252 0.107745 0.108699 0.088157 0.053138 0.031942 0.029679 -0.012350 -0.066967 0.092462 0.572699 1.085307 1.360032 1.550535 1.816429 1.904664 1.594678 1.136068 0.846859 0.683694 0.487938 0.280329 0.140535 
0.097204 0.044426 0.020932 0.022622 0.043747 0.073859 0.099921 0.110902 0.101042 0.070666 0.039473 0.032371 0.015281 -0.051317 -0.026717 0.306089 0.847028 1.247838 1.451069 1.685419 1.902430 1.790160 1.360641 0.967412 0.760186 0.591386 0.380372 0.200778 
0.140291 0.066058 0.029459 0.018913 0.031323 0.058488 0.088171 0.107790 0.108855 0.087475 0.052985 0.034286 0.029593 -0.017618 -0.066801 0.100791 0.572808 1.075301 1.359963 1.561047 1.816297 1.894501 1.594574 1.144261 0.847073 0.678615 0.488021 0.282702 
0.202036 0.096363 0.044099 0.021163 0.022654 0.043774 0.073845 0.099871 0.111094 0.100772 0.069932 0.040772 0.034218 0.011994 -0.055083 -0.021354 0.311931 0.840548 1.240994 1.458060 1.692381 1.895476 1.783483 1.366292 0.972726 0.756555 0.588300 0.382325 
0.284920 0.140342 0.065252 0.029497 0.019087 0.031332 0.058502 0.088109 0.107892 0.108901 0.086763 0.053125 0.036474 0.029044 -0.022370 -0.066169 0.108238 0.572616 1.066385 1.359989 1.570416 1.816257 1.885428 1.594172 1.151574 0.847753 0.674050 0.487642 
0.383842 0.203428 0.095699 0.043654 0.021366 0.022746 0.043779 0.073808 0.099880 0.111258 0.100382 0.069374 0.042204 0.035627 0.008701 -0.058147 -0.016249 0.316936 0.834599 1.234976 1.464331 1.698622 1.889347 1.777338 1.371107 0.977784 0.753623 0.585206 
0.486919 0.286952 0.140630 0.064464 0.029427 0.019295 0.031367 0.058478 0.088073 0.108029 0.108839 0.086068 0.053501 0.038475 0.028153 -0.026656 -0.065194 0.114933 0.572189 1.058405 1.360095 1.578792 1.816296 1.877289 1.593536 1.158138 0.848776 0.669950 
0.582162 0.384984 0.204886 0.095208 0.043127 0.021523 0.022888 0.043769 0.073758 0.099941 0.111377 0.099912 0.068989 0.043701 0.036663 0.005460 -0.060635 -0.011398 0.321244 0.829118 1.229665 1.469977 1.704236 1.883923 1.771662 1.375227 0.982588 0.751266 
0.666270 0.485943 0.288787 0.141103 0.063725 0.029262 0.019516 0.031428 0.058426 0.088065 0.108181 0.108682 0.085421 0.054061 0.040278 0.027010 -0.030520 -0.063966 0.120977 0.571584 1.051232 1.360265 1.586307 1.816397 1.869956 1.592723 1.164052 0.850052 
0.749387 0.579205 0.385807 0.206361 0.094881 0.042552 0.021627 0.023066 0.043754 0.073703 0.100038 0.111444 0.099392 0.068765 0.045213 0.037379 0.002308 -0.062644 -0.006797 0.324968 0.824056 1.224959 1.475077 1.709304 1.879102 1.766406 1.378766 0.987143 
0.851511 0.662971 0.484782 0.290425 0.141718 0.063054 0.029017 0.019734 0.031513 0.058360 0.088080 0.108330 0.108446 0.084842 0.054761 0.041884 0.025683 -0.034002 -0.062554 0.126454 0.570847 1.044760 1.360482 1.593074 1.816543 1.863324 1.591780 1.169400 
0.991454 0.747907 0.576359 0.386358 0.207818 0.094700 0.041954 0.021675 0.023266 0.043741 0.073650 0.100158 0.111456 0.098851 0.068688 0.046707 0.037824 -0.000732 -0.064252 -0.002441 0.328201 0.819372 1.220771 1.479701 1.713895 1.874799 1.761527 1.381815 
1.174250 0.853100 0.660014 0.483487 0.291873 0.142438 0.062460 0.028710 0.019937 0.031618 0.058291 0.088116 0.108464 0.108148 0.084339 0.055565 0.043299 0.024223 -0.037139 -0.061012 0.131430 0.570016 1.038900 1.360735 1.599191 1.816723 1.857303 1.590744 
1.384450 0.995531 0.746763 0.573636 0.386678 0.209235 0.094650 0.041354 0.021669 0.023476 0.043737 0.073606 0.100289 0.111414 0.098307 0.068740 0.048158 0.038038 -0.003646 -0.065523 0.001680 0.331018 0.815030 1.217029 1.483907 1.718067 1.870939 1.756990 
