0.000161 0.000896 0.003310 0.010955 0.030736 0.073893 0.166775 0.201018 0.969960 1.767064 1.860926 1.987154 1.973337 1.952381 1.171327 0.371987 0.286786 0.146250 0.070635 0.033993 0.019762 0.015199 0.012922 0.010018 0.006396 0.003099 0.000998 0.000123 
0.000056 0.000424 0.001740 0.006137 0.018854 0.046344 0.129879 0.134633 0.519942 1.427605 1.862475 1.923707 1.982641 2.017946 1.627910 0.710456 0.281037 0.224632 0.100346 0.048633 0.024980 0.016849 0.014042 0.011600 0.008243 0.004641 0.001884 0.000424 
0.000131 0.000164 0.000889 0.003277 0.011474 0.026517 0.094432 0.116637 0.253811 0.970176 1.713956 1.915175 1.945735 2.027408 1.899083 1.171493 0.424865 0.236758 0.166840 0.066407 0.034485 0.019700 0.015194 0.012922 0.010022 0.006402 0.003113 0.000995 
0.000425 0.000064 0.000431 0.001617 0.007075 0.014096 0.061370 0.107801 0.133490 0.561961 1.385087 1.868420 1.930509 1.989341 2.023684 1.585262 0.752501 0.280006 0.202640 0.115389 0.043852 0.025887 0.016712 0.014051 0.011602 0.008247 0.004652 0.001889 
0.000997 0.000134 0.000195 0.000673 0.004394 0.007522 0.034583 0.091379 0.096906 0.284316 0.969236 1.687823 1.926701 1.951508 2.038759 1.872763 1.170501 0.455452 0.217137 0.163840 0.074465 0.030501 0.020794 0.014975 0.012951 0.010022 0.006411 0.003122 
0.001894 0.000421 0.000118 0.000166 0.002622 0.004613 0.016462 0.066992 0.090627 0.139981 0.583863 1.364956 1.859880 1.941769 2.000501 2.014940 1.565001 0.774427 0.286607 0.185553 0.121030 0.046193 0.023393 0.017705 0.013786 0.011653 0.008246 0.004663 
0.003134 0.000988 0.000200 -0.000055 0.001370 0.003402 0.006614 0.041269 0.083973 0.087751 0.304561 0.970404 1.667992 1.929325 1.965859 2.041210 1.852746 1.171616 0.475778 0.208091 0.156488 0.081144 0.029561 0.019778 0.015667 0.012700 0.010087 0.006407 
0.004660 0.001888 0.000487 -0.000068 0.000508 0.002641 0.002688 0.020568 0.067778 0.078297 0.146934 0.599184 1.351848 1.848548 1.953191 2.011826 2.003406 1.551763 0.789770 0.293669 0.173310 0.121836 0.050275 0.021438 0.017711 0.014127 0.011465 0.008314 
0.006469 0.003111 0.001046 0.000097 0.000006 0.001836 0.001858 0.007673 0.045609 0.076286 0.082921 0.319973 0.972118 1.651275 1.929597 1.981112 2.041312 1.835844 1.173276 0.491269 0.203370 0.148855 0.085477 0.030588 0.018212 0.016128 0.012759 0.009984 
0.008292 0.004687 0.001912 0.000463 -0.000163 0.000990 0.001950 0.001845 0.024582 0.066347 0.069066 0.153573 0.611236 1.341648 1.837437 1.963733 2.022270 1.992095 1.541433 0.801843 0.300416 0.164167 0.120427 0.054264 0.020565 0.017007 0.014607 0.011369 
0.009858 0.006484 0.003142 0.001058 -0.000030 0.000293 0.001852 0.000502 0.009636 0.048177 0.069130 0.080292 0.332675 0.973655 1.636781 1.929248 1.995357 2.040795 1.821167 1.174758 0.504049 0.200851 0.141755 0.088037 0.032519 0.016834 0.016138 0.013046 
0.011445 0.008196 0.004727 0.001950 0.000365 -0.000087 0.001336 0.000974 0.001868 0.028037 0.063857 0.061883 0.159884 0.621163 1.332986 1.827342 1.973187 2.031629 1.981802 1.532642 0.811790 0.306835 0.157073 0.117958 0.057694 0.020558 0.016017 0.014950 
0.013398 0.009797 0.006444 0.003210 0.001015 -0.000092 0.000646 0.001513 -0.000456 0.011933 0.049504 0.062625 0.078995 0.343590 0.974792 1.624082 1.928800 2.008166 2.040181 1.808286 1.175839 0.515040 0.199662 0.135306 0.089358 0.034783 0.015853 0.015792 
0.015082 0.011643 0.008091 0.004756 0.001977 0.000258 0.000110 0.001470 -0.000030 0.002484 0.030870 0.060842 0.056155 0.165910 0.629510 1.325324 1.818397 1.981592 2.039940 1.972662 1.524851 0.820155 0.312967 0.151434 0.114966 0.060502 0.021144 0.014999 
0.015227 0.013707 0.009825 0.006377 0.003268 0.000946 -0.000066 0.000956 0.000955 -0.001006 0.014280 0.049955 0.056743 0.078592 0.353179 0.975510 1.612883 1.928411 2.019547 2.039628 1.796907 1.176501 0.524703 0.199368 0.129481 0.089803 0.037099 0.015280 
0.014081 0.015012 0.011896 0.008025 0.004760 0.001979 0.000189 0.000362 0.001403 -0.000933 0.003482 0.033127 0.057575 0.051528 0.171671 0.636609 1.318413 1.810532 1.989055 2.047310 1.964603 1.517811 0.827270 0.318833 0.146897 0.111722 0.062735 0.022112 
0.015063 0.014555 0.013922 0.009930 0.006314 0.003290 0.000881 0.000038 0.001171 0.000290 -0.001199 0.016539 0.049775 0.051429 0.078828 0.361711 0.975859 1.602957 1.928120 2.029630 2.039175 1.786802 1.176792 0.533307 0.199712 0.124226 0.089618 0.039327 
0.023315 0.013321 0.014780 0.012153 0.008018 0.004735 0.001954 0.000180 0.000618 0.001174 -0.001678 0.004716 0.034878 0.054211 0.047768 0.177175 0.642693 1.312118 1.803621 1.995692 2.053855 1.957501 1.511387 0.833368 0.324440 0.143226 0.108381 0.064462 
0.041398 0.015140 0.013851 0.014026 0.010092 0.006270 0.003268 0.000835 0.000198 0.001274 -0.000406 -0.001099 0.018643 0.049131 0.046632 0.079530 0.369362 0.975907 1.594118 1.927923 2.038572 2.038818 1.777785 1.176781 0.541030 0.200523 0.119487 0.088970 
0.065753 0.024652 0.012735 0.014429 0.012382 0.008071 0.004689 0.001906 0.000231 0.000846 0.000825 -0.002248 0.006083 0.036192 0.050840 0.044710 0.182422 0.647940 1.306351 1.797534 2.001609 2.059682 1.951225 1.505492 0.838628 0.329791 0.140258 0.105035 
0.087980 0.043283 0.015452 0.013165 0.014022 0.010289 0.006253 0.003208 0.000816 0.000393 0.001270 -0.001084 -0.000763 0.020559 0.048146 0.042301 0.080578 0.376262 0.975718 1.586212 1.927805 2.046524 2.038543 1.769703 1.176533 0.548000 0.201677 0.115215 
0.101741 0.066669 0.026052 0.012323 0.013996 0.012567 0.008174 0.004628 0.001844 0.000331 0.001029 0.000396 -0.002645 0.007514 0.037132 0.047520 0.042228 0.187416 0.652490 1.301052 1.792152 2.006901 2.064885 1.945656 1.500065 0.843190 0.334886 0.137867 
0.111367 0.086739 0.044969 0.015948 0.012527 0.013922 0.010500 0.006261 0.003121 0.000823 0.000602 0.001171 -0.001713 -0.000243 0.022277 0.046909 0.038393 0.081879 0.382512 0.975349 1.579112 1.927750 2.053618 2.038332 1.762428 1.176105 0.554318 0.203085 
0.135956 0.098537 0.067267 0.027468 0.012073 0.013515 0.012698 0.008313 0.004562 0.001777 0.000469 0.001159 -0.000082 -0.002879 0.008961 0.037752 0.044290 0.040227 0.192160 0.656456 1.296169 1.787374 2.011650 2.069545 1.940692 1.495054 0.847167 0.339731 
0.204677 0.107902 0.085314 0.046458 0.016583 0.011956 0.013744 0.010708 0.006294 0.003019 0.000854 0.000808 0.000992 -0.002275 0.000417 0.023797 0.045486 0.034867 0.083364 0.388194 0.974848 1.572710 1.927743 2.059966 2.038170 1.755852 1.175543 0.560067 
0.344332 0.134447 0.095445 0.067592 0.028865 0.011968 0.013012 0.012775 0.008476 0.004499 0.001713 0.000629 0.001234 -0.000583 -0.002967 0.010389 0.038100 0.041171 0.038627 0.196662 0.659930 1.291661 1.783112 2.015924 2.073732 1.936246 1.490419 0.850650 
0.565316 0.206400 0.104782 0.083756 0.047756 0.017322 0.011462 0.013504 0.010902 0.006347 0.002915 0.000905 0.000999 0.000752 -0.002761 0.001182 0.025126 0.043931 0.031686 0.084981 0.393377 0.974250 1.566917 1.927770 2.065666 2.038045 1.749887 1.174885 
0.853716 0.348698 0.133275 0.092479 0.067687 0.030220 0.011993 0.012506 0.012798 0.008648 0.004444 0.001657 0.000800 0.001255 -0.001085 -0.002926 0.011775 0.038217 0.038178 0.037365 0.200929 0.662988 1.287494 1.779295 2.019780 2.077503 1.932247 1.486125 
