0.050239 0.035343 0.025601 0.032665 0.068286 0.145253 0.286635 0.372729 1.176347 1.967877 2.004481 2.033667 1.915504 1.818192 1.007529 0.221119 0.172620 0.072564 0.028386 0.009959 0.003160 0.001628 0.005239 0.015691 0.032145 0.049605 0.060946 0.060827 
0.056556 0.042803 0.029126 0.026311 0.046239 0.098607 0.224160 0.281145 0.712687 1.637360 2.040891 2.021958 1.975528 1.916802 1.472896 0.548793 0.146868 0.131220 0.043949 0.017115 0.005667 0.001838 0.002676 0.009584 0.023407 0.041191 0.056469 0.062392 
0.060825 0.050251 0.035326 0.025606 0.033164 0.064047 0.165810 0.236578 0.425606 1.176541 1.914615 2.058569 1.992232 1.969715 1.765051 1.007742 0.273940 0.122518 0.093122 0.024154 0.010447 0.003092 0.001630 0.005268 0.015730 0.032162 0.049619 0.060875 
0.062347 0.056570 0.042804 0.029020 0.027263 0.041453 0.113627 0.202133 0.280097 0.754748 1.594748 2.046657 2.028659 1.982299 1.922707 1.430359 0.590826 0.145761 0.109173 0.058978 0.012333 0.006568 0.001700 0.002703 0.009621 0.023434 0.041212 0.056435 
0.060826 0.060810 0.050286 0.035114 0.026744 0.029203 0.072088 0.162779 0.216929 0.456194 1.175578 1.888332 2.069936 1.997988 1.981203 1.738887 1.006799 0.304472 0.102824 0.090088 0.032209 0.006460 0.004180 0.001418 0.005326 0.015761 0.032190 0.049614 
0.056403 0.062304 0.056621 0.042544 0.030040 0.024810 0.043796 0.119240 0.185013 0.286683 0.776689 1.574523 2.037942 2.039819 1.993529 1.914129 1.410209 0.612741 0.152287 0.092030 0.064603 0.014674 0.004069 0.002691 0.002457 0.009704 0.023460 0.041228 
0.049607 0.060773 0.060855 0.050038 0.035820 0.025768 0.028287 0.078750 0.155393 0.207856 0.476519 1.176721 1.868350 2.072403 2.012323 1.983790 1.719024 1.007964 0.324744 0.093705 0.082700 0.038883 0.005517 0.003159 0.002119 0.005103 0.015859 0.032206 
0.041227 0.056360 0.062332 0.056427 0.042892 0.030074 0.022892 0.047881 0.120018 0.172737 0.293729 0.792048 1.561321 2.026437 2.051143 2.004922 1.902759 1.397082 0.628076 0.159275 0.079729 0.065393 0.018754 0.002108 0.002696 0.002816 0.009548 0.023557 
0.032287 0.049565 0.060789 0.060728 0.050099 0.036299 0.024238 0.029338 0.083069 0.147726 0.203109 0.492010 1.178410 1.851484 2.072521 2.027559 1.984024 1.702275 1.009675 0.340183 0.088912 0.075032 0.043211 0.006542 0.001587 0.002588 0.005189 0.015789 
0.023565 0.041254 0.056349 0.062272 0.056322 0.043383 0.029398 0.022053 0.051876 0.118581 0.163561 0.300461 0.804136 1.551027 2.015155 2.061587 2.015434 1.891610 1.386862 0.640141 0.165949 0.070529 0.063966 0.022742 0.001231 0.001992 0.003315 0.009485 
0.015697 0.032320 0.049578 0.060760 0.060577 0.050387 0.036329 0.022894 0.031292 0.085616 0.140591 0.200563 0.504789 1.179920 1.836843 2.072020 2.041788 1.983637 1.687750 1.011209 0.352912 0.086320 0.067895 0.045766 0.008471 0.000204 0.002605 0.005502 
0.009594 0.023498 0.041295 0.056354 0.062138 0.056386 0.043737 0.028438 0.022079 0.055311 0.116085 0.156432 0.306865 0.814098 1.542270 2.004891 2.070946 2.024858 1.881477 1.378181 0.650082 0.172296 0.063376 0.061479 0.026171 0.001219 0.001002 0.003676 
0.005881 0.015670 0.032296 0.049626 0.060678 0.060491 0.050740 0.036004 0.021948 0.033578 0.086924 0.134108 0.199346 0.515780 1.181029 1.823997 2.071422 2.054581 1.983152 1.675019 1.012343 0.363854 0.085058 0.061408 0.047080 0.010733 -0.000780 0.002267 
0.003824 0.009825 0.023422 0.041323 0.056349 0.061996 0.056571 0.043880 0.027450 0.022696 0.058125 0.113066 0.150759 0.312982 0.822478 1.534514 1.995779 2.079257 2.033234 1.872494 1.370501 0.658443 0.178357 0.057679 0.058468 0.028978 0.001801 -0.000016 
0.001710 0.006217 0.015732 0.032246 0.049666 0.060571 0.060491 0.051050 0.035462 0.021409 0.035915 0.087358 0.128249 0.199025 0.525444 1.181719 1.812653 2.070885 2.065945 1.982726 1.663789 1.013058 0.373470 0.084691 0.055544 0.047519 0.013047 -0.001357 
-0.000933 0.003772 0.010111 0.023384 0.041325 0.056318 0.061893 0.056811 0.043823 0.026563 0.023695 0.060363 0.109797 0.146187 0.318833 0.829609 1.527510 1.987749 2.086627 2.040668 1.864591 1.363571 0.665555 0.184153 0.053082 0.055205 0.031209 0.002766 
-0.001577 0.001046 0.006459 0.015871 0.032198 0.049670 0.060468 0.060569 0.051264 0.034812 0.021226 0.038163 0.087161 0.122960 0.199342 0.534049 1.182038 1.802583 2.070447 2.076012 1.982398 1.653832 1.013404 0.382028 0.084963 0.050250 0.047326 0.015273 
0.003966 -0.001693 0.003557 0.010401 0.023405 0.041300 0.056261 0.061849 0.057053 0.043604 0.025833 0.024929 0.062095 0.106431 0.142483 0.324426 0.835723 1.521120 1.980675 2.093172 2.047275 1.857643 1.357257 0.671652 0.189691 0.049352 0.051843 0.032934 
0.017344 -0.001502 0.000350 0.006589 0.016067 0.032170 0.049630 0.060386 0.060703 0.051368 0.034132 0.021337 0.040255 0.086501 0.118187 0.200125 0.541771 1.182054 1.793602 2.070106 2.084938 1.982164 1.644962 1.013449 0.389706 0.085701 0.045471 0.046670 
0.034223 0.005301 -0.002277 0.003223 0.010663 0.023485 0.041252 0.056183 0.061865 0.057268 0.043265 0.025279 0.026295 0.063391 0.103059 0.139481 0.329761 0.840998 1.515260 1.974426 2.098998 2.053163 1.851518 1.351472 0.676912 0.194972 0.046323 0.048475 
0.045673 0.019227 -0.001192 -0.000328 0.006611 0.016297 0.032167 0.049552 0.060330 0.060872 0.051362 0.033470 0.021682 0.042159 0.085501 0.113883 0.201253 0.548742 1.181834 1.785554 2.069846 2.092874 1.982010 1.637026 1.013257 0.396632 0.086784 0.041158 
0.045159 0.035138 0.006699 -0.002688 0.002808 0.010880 0.023615 0.041190 0.056091 0.061931 0.057437 0.042845 0.024898 0.027725 0.064313 0.099740 0.137056 0.334841 0.845576 1.509867 1.968885 2.104202 2.058427 1.846099 1.346154 0.681475 0.200001 0.043872 
0.037268 0.044422 0.020913 -0.000699 -0.000958 0.006538 0.016542 0.032190 0.049447 0.060301 0.061055 0.051262 0.032856 0.022211 0.043865 0.084249 0.110002 0.202634 0.555060 1.181434 1.778313 2.069651 2.099952 1.981918 1.629895 1.012886 0.402908 0.088121 
0.041900 0.041931 0.035733 0.008113 -0.002937 0.002345 0.011045 0.023782 0.041122 0.055993 0.062034 0.057553 0.042377 0.024679 0.029170 0.064915 0.096511 0.135111 0.339671 0.849568 1.504891 1.963949 2.108862 2.063146 1.841284 1.341252 0.685454 0.204779 
0.089642 0.033760 0.042987 0.022401 -0.000065 -0.001520 0.006387 0.016783 0.032237 0.049327 0.060296 0.061235 0.051083 0.032309 0.022880 0.045373 0.082812 0.106504 0.204199 0.560809 1.180899 1.771772 2.069505 2.106285 1.981875 1.623462 1.012381 0.408616 
0.209314 0.040330 0.038815 0.036056 0.009509 -0.003040 0.001859 0.011154 0.023971 0.041057 0.055899 0.062160 0.057614 0.041887 0.024606 0.030596 0.065245 0.093395 0.133569 0.344257 0.853066 1.500290 1.959531 2.113048 2.067391 1.836986 1.336727 0.688941 
0.413825 0.091294 0.030597 0.041420 0.023699 0.000673 -0.002006 0.006173 0.017009 0.032304 0.049205 0.060312 0.061401 0.050842 0.031839 0.023653 0.046690 0.081244 0.103352 0.205894 0.566058 1.180268 1.765841 2.069395 2.111969 1.981866 1.617639 1.011780 
0.692012 0.213615 0.039097 0.035825 0.036148 0.010862 -0.003013 0.001371 0.011209 0.024170 0.041000 0.055814 0.062297 0.057622 0.041394 0.024662 0.031980 0.065344 0.090406 0.132364 0.348608 0.856148 1.496030 1.955559 2.116819 2.071219 1.833131 1.332541 
