0.006952 0.002231 0.000329 -0.000002 0.011717 -0.085608 0.502231 1.092890 1.002564 1.022046 1.015359 1.113016 0.522046 -0.071655 0.018671 0.002231 0.000329 -0.000002 -0.000002 0.000329 0.002231 0.006952 0.014283 0.022046 0.027078 0.027078 0.022046 0.014283 
0.010393 0.004212 0.001126 -0.002092 0.021104 -0.079531 0.147992 0.857209 1.089845 0.999340 1.006118 1.107214 0.878081 0.165310 -0.069197 0.025330 -0.001163 0.000197 -0.000015 0.000059 0.000989 0.004212 0.010393 0.018306 0.025084 0.027761 0.025084 0.018306 
0.014293 0.006929 0.002779 -0.003849 0.020580 -0.038424 -0.032912 0.502280 1.039666 1.056876 0.980852 1.069647 1.059762 0.522080 -0.018946 -0.031441 0.022836 -0.003849 0.000523 -0.000054 0.000328 0.002241 0.006968 0.014292 0.022042 0.027063 0.027063 0.022042 
0.018320 0.010283 0.005168 -0.003596 0.012980 -0.000947 -0.080720 0.189869 0.814531 1.095755 1.006298 1.013063 1.113093 0.835379 0.207186 -0.070364 0.003308 0.013922 -0.004538 0.000913 -0.000073 0.001004 0.004226 0.010406 0.018309 0.025074 0.027744 0.025073 
0.022066 0.014090 0.008061 -0.001147 0.004261 0.017570 -0.058158 -0.002504 0.501173 1.013421 1.068465 0.986847 1.081212 1.033486 0.520959 0.011473 -0.051147 0.019849 0.004261 -0.003426 0.001050 0.000113 0.002280 0.006980 0.014301 0.022037 0.027048 0.027045 
0.025112 0.018060 0.011303 0.002724 -0.001195 0.018648 -0.018094 -0.074277 0.211628 0.794243 1.087182 1.017714 1.024465 1.104490 0.815065 0.228943 -0.063899 -0.013810 0.019603 -0.002150 -0.001560 0.000925 0.000745 0.004289 0.010413 0.018313 0.025064 0.027721 
0.027092 0.021811 0.014798 0.007085 -0.002030 0.010989 0.010207 -0.067318 0.017643 0.502175 0.993479 1.071153 1.001418 1.083875 1.013513 0.521947 0.031631 -0.060278 0.012509 0.010989 -0.004332 0.000045 0.000809 0.002039 0.007058 0.014299 0.022036 0.027022 
0.027766 0.024912 0.018406 0.011336 0.000819 0.002946 0.019482 -0.030398 -0.067373 0.226808 0.780979 1.075818 1.029292 1.036030 1.093096 0.801777 0.244121 -0.056972 -0.026086 0.020449 0.001978 -0.003493 0.000936 0.001092 0.004114 0.010489 0.018303 0.025041 
0.027060 0.026971 0.021866 0.015274 0.005557 -0.000944 0.015373 0.002563 -0.072153 0.032955 0.503725 0.976653 1.071489 1.016890 1.084187 0.996657 0.523482 0.046956 -0.065085 0.004888 0.015373 -0.003269 -0.001511 0.001274 0.002108 0.006967 0.014361 0.022001 
0.025049 0.027722 0.024804 0.018891 0.010659 -0.000004 0.006995 0.018099 -0.039603 -0.060784 0.238718 0.770624 1.064677 1.039988 1.046712 1.081924 0.791397 0.256030 -0.050361 -0.035262 0.019079 0.006015 -0.004344 0.000236 0.001579 0.004030 0.010474 0.018324 
0.022022 0.027053 0.026825 0.022148 0.015299 0.004218 0.001045 0.017984 -0.004550 -0.074788 0.045558 0.505098 0.962052 1.071204 1.031352 1.083879 0.982026 0.524841 0.059570 -0.067692 -0.002202 0.017984 -0.001302 -0.002878 0.001287 0.002404 0.006852 0.014378 
0.018359 0.025071 0.027604 0.024867 0.019239 0.009696 0.000040 0.010485 0.015656 -0.046761 -0.054524 0.248503 0.761809 1.054552 1.049596 1.056307 1.071770 0.782558 0.265814 -0.044079 -0.042392 0.016649 0.009492 -0.004329 -0.000749 0.001928 0.004118 0.010386 
0.014339 0.022077 0.026990 0.026746 0.022495 0.014968 0.003277 0.003369 0.019355 -0.011012 -0.076093 0.056372 0.506072 0.949246 1.070821 1.044377 1.083472 0.969190 0.525802 0.070396 -0.068969 -0.008642 0.019355 0.000998 -0.003847 0.000945 0.002766 0.006802 
0.010288 0.018383 0.025081 0.027476 0.025052 0.019375 0.008705 0.000677 0.013353 0.012689 -0.052463 -0.048550 0.256708 0.753996 1.045580 1.058154 1.064852 1.062768 0.774720 0.274018 -0.038083 -0.048066 0.013695 0.012348 -0.003720 -0.001762 0.002065 0.004327 
0.006840 0.014274 0.022124 0.026901 0.026754 0.022800 0.014419 0.002743 0.005744 0.019850 -0.016852 -0.076503 0.065860 0.506628 0.937944 1.070497 1.055970 1.083125 0.957858 0.526343 0.079895 -0.069352 -0.014459 0.019850 0.003351 -0.004408 0.000384 0.003085 
0.004592 0.010230 0.018381 0.025066 0.027388 0.025292 0.019310 0.007815 0.001696 0.015646 0.009471 -0.057066 -0.042842 0.263665 0.746935 1.037688 1.065769 1.072454 1.054847 0.767635 0.280973 -0.032353 -0.052641 0.010489 0.014628 -0.002729 -0.002674 0.002002 
0.003309 0.006956 0.014212 0.022134 0.026816 0.026841 0.023010 0.013762 0.002566 0.008031 0.019714 -0.022122 -0.076277 0.074290 0.506816 0.927916 1.070271 1.066265 1.082875 0.947800 0.526517 0.088337 -0.069097 -0.019707 0.019714 0.005616 -0.004613 -0.000284 
0.001776 0.004860 0.010230 0.018352 0.025024 0.027359 0.025536 0.019083 0.007082 0.002951 0.017434 0.006154 -0.060802 -0.037392 0.269607 0.740491 1.030752 1.072557 1.079228 1.047881 0.761167 0.286914 -0.026882 -0.056350 0.007184 0.016403 -0.001502 -0.003429 
-0.000984 0.003421 0.007129 0.014170 0.022101 0.026751 0.026984 0.023108 0.013074 0.002684 0.010163 0.019115 -0.026877 -0.075584 0.081839 0.506703 0.918976 1.070140 1.075418 1.082720 0.938831 0.526390 0.095897 -0.068377 -0.024440 0.019115 0.007725 -0.004523 
-0.004008 0.001430 0.005100 0.010290 0.018300 0.024959 0.027389 0.025752 0.018736 0.006524 0.004340 0.018785 0.002831 -0.063838 -0.032200 0.274712 0.734578 1.024641 1.078624 1.085283 1.041740 0.755230 0.292018 -0.021668 -0.059357 0.003874 0.017742 -0.000141 
-0.004198 -0.001666 0.003426 0.007336 0.014154 0.022030 0.026711 0.027161 0.023099 0.012403 0.003036 0.012108 0.018175 -0.031166 -0.074547 0.088636 0.506355 0.910971 1.070088 1.083578 1.082645 0.930796 0.526028 0.102705 -0.067313 -0.028706 0.018175 0.009648 
0.001285 -0.004414 0.001003 0.005295 0.010400 0.018235 0.024881 0.027470 0.025923 0.018308 0.006140 0.005793 0.019763 -0.000440 -0.066296 -0.027262 0.279120 0.729132 1.019236 1.084066 1.090712 1.036306 0.749760 0.296424 -0.016708 -0.061788 0.000616 0.018708 
0.011373 -0.003689 -0.002300 0.003335 0.007557 0.014165 0.021931 0.026698 0.027353 0.022994 0.011781 0.003572 0.013855 0.016983 -0.035032 -0.073258 0.094782 0.505827 0.903773 1.070100 1.090879 1.082633 0.923569 0.525486 0.108863 -0.065996 -0.032550 0.016983 
0.019353 0.002726 -0.004658 0.000528 0.005437 0.010546 0.018164 0.024797 0.027588 0.026041 0.017831 0.005917 0.007261 0.020421 -0.003622 -0.068276 -0.022574 0.282944 0.724105 1.014436 1.088964 1.095597 1.031477 0.744709 0.300247 -0.011999 -0.063740 -0.002554 
0.015606 0.012901 -0.003040 -0.002867 0.003165 0.007776 0.014199 0.021818 0.026710 0.027542 0.022810 0.011225 0.004249 0.015405 0.015606 -0.038516 -0.071785 0.100360 0.505168 0.897275 1.070159 1.097433 1.082669 0.917042 0.524813 0.114452 -0.064496 -0.036012 
-0.005612 0.019728 0.004149 -0.004756 0.000030 0.005524 0.010716 0.018096 0.024716 0.027728 0.026104 0.017332 0.005841 0.008711 0.020807 -0.006692 -0.069854 -0.018130 0.286277 0.719455 1.010153 1.093386 1.100006 1.027165 0.740035 0.303578 -0.007534 -0.065291 
-0.039130 0.014098 0.014238 -0.002286 -0.003357 0.002933 0.007979 0.014254 0.021701 0.026741 0.027717 0.022564 0.010746 0.005030 0.016764 0.014098 -0.041656 -0.070182 0.105439 0.504413 0.891388 1.070252 1.103337 1.082740 0.911125 0.524044 0.119542 -0.062866 
-0.066506 -0.008544 0.019871 0.005530 -0.004725 -0.000471 0.005557 0.010896 0.018036 0.024644 0.027879 0.026114 0.016830 0.005893 0.010120 0.020963 -0.009636 -0.071096 -0.013922 0.289193 0.715146 1.006316 1.097390 1.103998 1.023299 0.735702 0.306493 -0.003304 
