0.006989 0.002453 0.001216 0.003162 0.009961 0.039694 -0.016162 0.652211 1.375141 1.468253 1.698406 1.881656 2.092047 1.498346 0.787311 0.685278 0.458255 0.274919 0.145256 0.067874 0.029876 0.016916 0.017447 0.022933 0.027298 0.027127 0.022057 0.014279 
0.010401 0.004315 0.001442 0.001900 0.003534 0.038022 -0.034725 0.251840 1.066464 1.458360 1.569577 1.783681 2.042591 1.871039 1.095450 0.699509 0.585566 0.358509 0.203197 0.100684 0.044865 0.021056 0.016093 0.020011 0.025536 0.027868 0.025109 0.018308 
0.014291 0.007010 0.002428 0.001760 -0.001026 0.030523 -0.010487 0.036488 0.652256 1.322012 1.522735 1.657334 1.935886 2.038568 1.498159 0.839969 0.635293 0.479031 0.270831 0.145772 0.067773 0.029837 0.016911 0.017457 0.022935 0.027288 0.027116 0.022052 
0.018311 0.010429 0.004209 0.002394 -0.002829 0.018592 0.015941 -0.035963 0.293684 1.023829 1.464412 1.576701 1.790668 2.048316 1.828088 1.137177 0.698390 0.563713 0.373734 0.198499 0.101574 0.044685 0.021045 0.016097 0.020018 0.025532 0.027856 0.025100 
0.022045 0.014332 0.006816 0.003559 -0.002172 0.007073 0.027492 -0.030263 0.066848 0.651147 1.295861 1.534494 1.663448 1.947393 2.012070 1.496818 0.870337 0.615712 0.476215 0.279031 0.141815 0.068827 0.029583 0.016934 0.017463 0.022938 0.027279 0.027104 
0.025084 0.018364 0.010183 0.005233 -0.000053 -0.000435 0.024245 -0.001237 -0.029568 0.315411 1.003583 1.455981 1.588280 1.802110 2.039560 1.807529 1.158787 0.704901 0.546761 0.379556 0.200925 0.099064 0.045634 0.020760 0.016152 0.020019 0.025529 0.027845 
0.027080 0.022104 0.014092 0.007534 0.002582 -0.003060 0.013792 0.020107 -0.039464 0.086947 0.652148 1.276016 1.537350 1.678138 1.949998 1.991876 1.497587 0.890443 0.606704 0.469044 0.285852 0.140903 0.067772 0.030240 0.016677 0.017535 0.022929 0.027273 
0.027821 0.025136 0.018178 0.010542 0.005271 -0.001962 0.003698 0.025065 -0.013573 -0.022713 0.330558 0.990364 1.444760 1.600019 1.813713 2.028013 1.793996 1.173817 0.711872 0.534650 0.380543 0.205093 0.097094 0.045596 0.021080 0.015967 0.020089 0.025513 
0.027234 0.027122 0.021994 0.014162 0.008019 0.001055 -0.001981 0.018166 0.012441 -0.044341 0.102213 0.653697 1.259286 1.537854 1.693725 1.950251 1.974800 1.498906 0.905715 0.602018 0.461592 0.290329 0.141960 0.066167 0.030665 0.016729 0.017437 0.022985 
0.025528 0.027827 0.025100 0.018085 0.011041 0.004598 -0.002788 0.007740 0.023667 -0.022810 -0.016173 0.342437 0.980054 1.433761 1.610875 1.824432 2.016690 1.783375 1.185579 0.718527 0.525637 0.379313 0.209169 0.096208 0.044847 0.021539 0.015875 0.020069 
0.022995 0.027249 0.027117 0.021861 0.014459 0.008054 -0.000284 0.000004 0.020767 0.005306 -0.047018 0.114768 0.655071 1.244782 1.537737 1.708301 1.949883 1.959952 1.500050 0.918276 0.599530 0.454670 0.293033 0.143922 0.064750 0.030639 0.017009 0.017316 
0.019975 0.025557 0.027847 0.024989 0.018162 0.011402 0.003640 -0.002747 0.011223 0.021210 -0.030000 -0.009962 0.352191 0.971286 1.423779 1.620641 1.834062 2.006385 1.774296 1.195217 0.724851 0.518669 0.377024 0.212689 0.096188 0.043813 0.021861 0.015953 
0.017260 0.022950 0.027300 0.027057 0.021793 0.014821 0.007733 -0.001225 0.002322 0.022128 -0.001178 -0.048366 0.125536 0.656047 1.232075 1.537520 1.721438 1.949417 1.946901 1.500798 0.929048 0.598371 0.448397 0.294498 0.146219 0.063732 0.030256 0.017354 
0.016152 0.019872 0.025574 0.027856 0.024869 0.018362 0.011551 0.002654 -0.002114 0.014084 0.018228 -0.035735 -0.004038 0.360366 0.963520 1.414949 1.629356 1.842642 1.997232 1.766221 1.203275 0.730887 0.513155 0.374210 0.215587 0.096762 0.042751 0.021969 
0.017655 0.017292 0.022880 0.027342 0.026971 0.021813 0.015141 0.007193 -0.001758 0.004691 0.022613 -0.007041 -0.048820 0.134977 0.656606 1.220872 1.537362 1.733142 1.949009 1.935355 1.501129 0.938493 0.598104 0.442746 0.295088 0.148569 0.063121 0.029654 
0.021877 0.016407 0.019808 0.025567 0.027840 0.024788 0.018616 0.011499 0.001768 -0.001097 0.016370 0.014995 -0.040371 0.001621 0.367293 0.956508 1.407200 1.637127 1.850277 1.989162 1.758901 1.210086 0.736656 0.508738 0.371145 0.217911 0.097720 0.041789 
0.028944 0.017861 0.017402 0.022812 0.027348 0.026889 0.021911 0.015365 0.006545 -0.001935 0.006974 0.022467 -0.012334 -0.048637 0.143360 0.656797 1.210943 1.537300 1.743546 1.948699 1.925085 1.501093 0.946880 0.598472 0.437663 0.295048 0.150832 0.062868 
0.040984 0.021621 0.016665 0.019803 0.025532 0.027796 0.024767 0.018874 0.011284 0.001040 0.000155 0.018151 0.011663 -0.044141 0.007020 0.373206 0.950114 1.400407 1.644068 1.857083 1.982047 1.752200 1.215883 0.742165 0.505187 0.367982 0.219731 0.098913 
0.062909 0.028203 0.017955 0.017569 0.022765 0.027311 0.026826 0.022066 0.015478 0.005866 -0.001817 0.009100 0.021859 -0.017113 -0.047989 0.150863 0.656688 1.202104 1.537332 1.752805 1.948483 1.915905 1.500758 0.954386 0.599305 0.433095 0.294546 0.152941 
0.100242 0.040354 0.021246 0.016895 0.019857 0.025475 0.027730 0.024805 0.019105 0.010950 0.000487 0.001541 0.019495 0.008326 -0.047210 0.012162 0.378283 0.944251 1.394438 1.650288 1.863168 1.975759 1.746031 1.220844 0.747416 0.502335 0.364812 0.221115 
0.154864 0.063186 0.027479 0.017941 0.017770 0.022744 0.027235 0.026790 0.022255 0.015483 0.005204 -0.001463 0.011041 0.020909 -0.021425 -0.046997 0.157613 0.656345 1.194200 1.537444 1.761072 1.948347 1.907662 1.500189 0.961139 0.600480 0.428992 0.293703 
0.222127 0.101636 0.039898 0.020789 0.017080 0.019963 0.025404 0.027651 0.024893 0.019290 0.010534 0.000108 0.002992 0.020466 0.005039 -0.049704 0.017050 0.382663 0.938858 1.389176 1.655881 1.868626 1.970178 1.740332 1.225108 0.752411 0.500058 0.361694 
0.292608 0.156590 0.063646 0.026802 0.017831 0.017985 0.022749 0.027132 0.026780 0.022458 0.015393 0.004591 -0.000926 0.012783 0.019707 -0.025315 -0.045752 0.163714 0.655824 1.187103 1.537617 1.768476 1.948274 1.900227 1.499443 0.967241 0.601905 0.425311 
0.358665 0.222820 0.103045 0.039604 0.020282 0.017211 0.020105 0.025328 0.027566 0.025018 0.019422 0.010070 -0.000110 0.004458 0.021118 0.001842 -0.051718 0.021687 0.386460 0.933883 1.384518 1.660929 1.873539 1.965202 1.735054 1.228789 0.757155 0.498259 
0.422010 0.291330 0.158120 0.064248 0.026193 0.017642 0.018198 0.022779 0.027015 0.026794 0.022659 0.015223 0.004045 -0.000249 0.014329 0.018321 -0.028823 -0.044325 0.169247 0.655172 1.180707 1.537837 1.775133 1.948248 1.893494 1.498566 0.972775 0.603513 
0.496859 0.355747 0.223243 0.104438 0.039455 0.019753 0.017287 0.020270 0.025255 0.027483 0.025166 0.019499 0.009583 -0.000181 0.005907 0.021498 -0.001244 -0.053332 0.026081 0.389767 0.929286 1.380377 1.665499 1.877975 1.960745 1.730153 1.231980 0.761653 
0.605250 0.419054 0.289919 0.159460 0.064954 0.025659 0.017391 0.018395 0.022829 0.026895 0.026829 0.022845 0.014992 0.003575 0.000533 0.015684 0.016802 -0.031988 -0.042767 0.174280 0.654425 1.174922 1.538091 1.781138 1.948257 1.887372 1.497596 0.977809 
0.765916 0.495795 0.352955 0.223435 0.105789 0.039436 0.019221 0.017309 0.020445 0.025190 0.027410 0.025324 0.019522 0.009094 -0.000124 0.007313 0.021647 -0.004204 -0.054609 0.030239 0.392657 0.925031 1.376681 1.669650 1.881993 1.956733 1.725597 1.234754 
