0.045021 0.149593 0.274404 0.457924 0.671570 0.867936 0.989172 1.006276 0.796556 1.191222 1.563757 1.279399 1.155752 1.060934 1.115222 0.510205 -0.082774 0.012604 0.000462 0.001687 0.005117 0.010495 0.016197 0.019894 0.019894 0.016197 0.011673 -0.002344 
0.012663 0.092966 0.207163 0.359606 0.563601 0.775744 0.938998 1.028489 0.871914 0.940319 1.436852 1.458483 1.197557 1.089294 1.126423 0.870567 0.152747 -0.077896 0.021614 -0.001318 0.003255 0.007640 0.013450 0.018429 0.020410 0.018227 0.015377 0.001474 
0.000344 0.045912 0.146125 0.277212 0.457048 0.672436 0.863686 1.009544 0.955920 0.849195 1.191382 1.510691 1.333799 1.114560 1.115188 1.061940 0.510221 -0.030085 -0.037526 0.021061 -0.002477 0.005668 0.010464 0.016192 0.019934 0.019512 0.017917 0.008186 
0.000706 0.015492 0.090868 0.206816 0.360952 0.563934 0.771300 0.953884 1.006207 0.870575 0.982232 1.394327 1.464524 1.204558 1.096216 1.132269 0.827842 0.194605 -0.079083 -0.000422 0.013770 -0.001459 0.008593 0.013318 0.018516 0.020000 0.019379 0.014127 
0.006585 0.001889 0.046450 0.144279 0.277951 0.458650 0.668177 0.871948 1.006271 0.935981 0.879542 1.190385 1.484602 1.345477 1.120558 1.126719 1.035635 0.509082 0.000316 -0.057250 0.018067 0.005645 0.001747 0.011569 0.016071 0.019642 0.020050 0.018009 
0.013042 0.000596 0.017059 0.089879 0.205927 0.363023 0.561438 0.773584 0.959545 0.988774 0.876882 1.004023 1.374189 1.456083 1.216017 1.107597 1.123631 0.807506 0.216345 -0.072637 -0.017554 0.019453 0.000954 0.006123 0.014407 0.018069 0.020142 0.019949 
0.017718 0.005666 0.002941 0.046898 0.142793 0.279029 0.458319 0.667083 0.878647 0.998760 0.926573 0.899643 1.191492 1.464817 1.348255 1.135134 1.129349 1.015633 0.510051 0.020456 -0.066399 0.010720 0.012391 0.000846 0.010636 0.016709 0.019258 0.020628 
0.020265 0.012175 0.000648 0.018182 0.089048 0.205675 0.363797 0.559739 0.777537 0.960327 0.976244 0.883619 1.019244 1.361070 1.444852 1.227639 1.119140 1.112203 0.794194 0.231505 -0.065729 -0.029845 0.020308 0.005089 0.004237 0.014446 0.018239 0.020200 
0.020917 0.017399 0.005039 0.003796 0.047087 0.141954 0.279642 0.457415 0.668102 0.882899 0.990991 0.921508 0.914891 1.193153 1.448143 1.348682 1.150610 1.129628 0.998746 0.511566 0.035763 -0.071225 0.003096 0.016781 0.001935 0.009144 0.017062 0.019326 
0.020380 0.020315 0.011512 0.000788 0.018940 0.088506 0.205635 0.363660 0.559229 0.781420 0.958829 0.966851 0.890036 1.031189 1.350865 1.433841 1.238380 1.129801 1.100996 0.783790 0.243396 -0.059138 -0.039033 0.018939 0.009136 0.003449 0.013721 0.018612 
0.019699 0.021073 0.017022 0.004650 0.004440 0.047195 0.141548 0.279695 0.456637 0.670127 0.885337 0.983737 0.918670 0.927418 1.194636 1.433696 1.348489 1.165079 1.129285 0.984085 0.512906 0.048358 -0.073849 -0.003998 0.019393 0.003945 0.007811 0.016963 
0.018906 0.020717 0.020194 0.010990 0.000961 0.019455 0.088250 0.205525 0.363108 0.559628 0.784787 0.956224 0.959517 0.896136 1.040998 1.342200 1.423847 1.248034 1.139376 1.090807 0.774927 0.253162 -0.052875 -0.046173 0.016505 0.012636 0.003522 0.012681 
0.016526 0.020176 0.021212 0.016605 0.004408 0.004916 0.047328 0.141343 0.279338 0.456195 0.672555 0.886526 0.977110 0.917181 0.938154 1.195714 1.421046 1.348196 1.178112 1.128845 0.971219 0.513846 0.059165 -0.075141 -0.010446 0.020769 0.006298 0.006850 
0.011604 0.019033 0.021147 0.020009 0.010552 0.001125 0.019846 0.088188 0.205260 0.362438 0.560630 0.787575 0.953067 0.953639 0.901963 1.049221 1.334536 1.415007 1.256639 1.147902 1.081768 0.767064 0.261347 -0.046896 -0.051859 0.013545 0.015524 0.004176 
0.006278 0.015895 0.020629 0.021375 0.016187 0.004231 0.005285 0.047517 0.141193 0.278737 0.456106 0.675077 0.886846 0.971082 0.916599 0.947568 1.196368 1.409900 1.347965 1.189713 1.128465 0.959855 0.514367 0.068646 -0.075539 -0.016274 0.021276 0.008702 
0.005198 0.010627 0.018992 0.021602 0.019830 0.010159 0.001259 0.020193 0.088230 0.204843 0.361807 0.562010 0.789824 0.949642 0.948852 0.907535 1.056191 1.327620 1.407249 1.264302 1.155484 1.073812 0.759953 0.268284 -0.041183 -0.056448 0.010336 0.017842 
0.011014 0.006050 0.015179 0.020991 0.021569 0.015798 0.004069 0.005595 0.047761 0.141019 0.278014 0.456327 0.677539 0.886548 0.965604 0.916658 0.955929 1.196647 1.400028 1.347832 1.200016 1.128182 0.949765 0.514519 0.077070 -0.075300 -0.021535 0.021157 
0.019658 0.006444 0.009814 0.018810 0.022031 0.019691 0.009794 0.001361 0.020538 0.088312 0.204305 0.361290 0.563616 0.791597 0.946112 0.944922 0.912858 1.062147 1.321317 1.400448 1.271138 1.162240 1.066810 0.753459 0.274206 -0.035728 -0.060173 0.007031 
0.020581 0.013164 0.006110 0.014453 0.021239 0.021784 0.015453 0.003900 0.005875 0.048043 0.140789 0.277256 0.456803 0.679862 0.885802 0.960629 0.917185 0.963415 1.196622 1.391242 1.347796 1.209178 1.127994 0.940764 0.514371 0.084614 -0.074596 -0.026280 
0.003723 0.021038 0.007813 0.009185 0.018525 0.022406 0.019601 0.009451 0.001432 0.020893 0.088393 0.203682 0.360914 0.565342 0.792957 0.942575 0.941684 0.917929 1.067266 1.315541 1.394473 1.277255 1.168276 1.060634 0.747495 0.279292 -0.030530 -0.063198 
-0.030557 0.019667 0.015121 0.006403 0.013761 0.021374 0.022006 0.015157 0.003720 0.006143 0.048345 0.140494 0.276514 0.457482 0.682007 0.884729 0.956111 0.918052 0.970156 1.196359 1.383389 1.347842 1.217348 1.127887 0.932696 0.513987 0.091406 -0.073551 
-0.065647 0.000471 0.022042 0.009239 0.008739 0.018167 0.022712 0.019558 0.009129 0.001482 0.021261 0.088449 0.203008 0.360688 0.567117 0.793962 0.939092 0.939014 0.922749 1.071691 1.310228 1.389203 1.282749 1.173687 1.055163 0.741998 0.283681 -0.025587 
-0.072253 -0.034410 0.018502 0.016873 0.006879 0.013133 0.021405 0.022222 0.014908 0.003534 0.006405 0.048647 0.140139 0.275824 0.458317 0.683959 0.883419 0.952010 0.919170 0.976250 1.195915 1.376340 1.347951 1.224660 1.127842 0.925436 0.513424 0.097547 
-0.020896 -0.067616 -0.002689 0.022723 0.010675 0.008465 0.017767 0.022946 0.019549 0.008831 0.001520 0.021634 0.088468 0.202310 0.360605 0.568893 0.794662 0.935702 0.936816 0.927320 1.075535 1.305331 1.384537 1.287700 1.178554 1.050297 0.736920 0.287486 
0.103120 -0.070773 -0.037879 0.017154 0.018421 0.007498 0.012583 0.021348 0.022419 0.014701 0.003349 0.006665 0.048937 0.139735 0.275204 0.459269 0.685715 0.881936 0.948287 0.920467 0.981779 1.195340 1.369989 1.348109 1.231227 1.127845 0.918875 0.512729 
0.290800 -0.016450 -0.069184 -0.005735 0.023130 0.012090 0.008346 0.017348 0.023108 0.019564 0.008560 0.001553 0.022003 0.088445 0.201612 0.360654 0.570637 0.795101 0.932430 0.935013 0.931648 1.078889 1.300809 1.380388 1.292177 1.182946 1.045948 0.732218 
0.511939 0.108193 -0.069163 -0.041001 0.015673 0.019774 0.008225 0.012118 0.021221 0.022589 0.014532 0.003173 0.006921 0.049202 0.139292 0.274665 0.460307 0.687279 0.880333 0.944907 0.921890 0.986810 1.194669 1.364245 1.348302 1.237145 1.127882 0.912924 
0.727858 0.293697 -0.012239 -0.070414 -0.008653 0.023302 0.013460 0.008365 0.016928 0.023201 0.019591 0.008317 0.001588 0.022361 0.088378 0.200931 0.360820 0.572326 0.795317 0.929289 0.933543 0.935740 1.081829 1.296627 1.376683 1.296237 1.186922 1.042044 
