0.800433 1.002996 1.042291 0.938911 0.789093 0.708207 0.751634 0.889867 0.898049 1.483986 1.964086 1.739915 1.708207 1.777375 2.024849 1.542358 0.916521 0.815335 0.517337 0.251169 0.080526 0.011900 -0.000068 -0.000076 0.011852 0.080306 0.250479 0.513039 
0.660358 0.918747 1.043812 1.003531 0.862118 0.734875 0.712941 0.831594 0.860601 1.146215 1.793187 1.889928 1.696126 1.715771 1.941558 1.856657 1.190279 0.840290 0.685849 0.373690 0.152223 0.035696 0.002159 -0.000519 0.002139 0.035557 0.151940 0.373257 
0.513724 0.800412 1.001925 1.042053 0.938575 0.790091 0.704774 0.772728 0.839588 0.950045 1.483322 1.910695 1.794717 1.667762 1.832111 1.971446 1.541793 0.968626 0.765032 0.538265 0.247561 0.081436 0.011770 -0.000534 -0.000535 0.011700 0.080934 0.250564 
0.373634 0.660848 0.918060 1.043099 1.003162 0.863099 0.730828 0.728708 0.809755 0.858946 1.187306 1.750022 1.896020 1.703773 1.723376 1.947596 1.813538 1.231492 0.838689 0.663905 0.389271 0.148016 0.036791 0.001722 -0.001015 0.001764 0.035875 0.152300 
0.250904 0.514259 0.800329 1.001109 1.041348 0.939575 0.786527 0.713654 0.770220 0.819716 0.979756 1.481506 1.884282 1.806792 1.674503 1.844124 1.945023 1.540076 0.998444 0.745135 0.535600 0.256238 0.077871 0.012793 -0.001196 -0.001017 0.011679 0.081331 
0.152675 0.374107 0.661156 0.917566 1.042083 1.003865 0.860758 0.733849 0.735090 0.792809 0.864927 1.208283 1.729247 1.887627 1.715874 1.735436 1.939153 1.792811 1.252590 0.844722 0.646864 0.395447 0.150931 0.034481 0.002429 -0.001821 0.001512 0.036107 
0.081659 0.251339 0.514718 0.800286 1.000104 1.041481 0.938489 0.786023 0.721125 0.763369 0.810412 0.999212 1.481803 1.864173 1.809962 1.689817 1.847234 1.924905 1.540469 1.018003 0.735813 0.528580 0.263533 0.077344 0.011717 -0.000967 -0.001751 0.011723 
0.036363 0.153064 0.374592 0.661461 0.916886 1.041682 1.003542 0.858993 0.738599 0.736626 0.780712 0.871368 1.222686 1.715499 1.876442 1.728132 1.747656 1.927920 1.779110 1.267111 0.851217 0.634664 0.396786 0.155581 0.032717 0.002143 -0.002018 0.001046 
0.011583 0.082037 0.251783 0.515208 0.800059 0.999457 1.041354 0.936850 0.787507 0.726234 0.756237 0.805435 1.013836 1.482652 1.847179 1.810778 1.706027 1.847992 1.907904 1.541413 1.032730 0.730815 0.521277 0.268479 0.078787 0.010091 -0.000975 -0.002153 
0.000678 0.036504 0.153504 0.375115 0.661638 0.916325 1.041434 1.002482 0.858324 0.743259 0.735934 0.771717 0.877495 1.233824 1.704663 1.865476 1.739504 1.758991 1.916910 1.768320 1.278364 0.857397 0.625564 0.395905 0.160137 0.032037 0.001140 -0.002065 
-0.002314 0.011407 0.082363 0.252306 0.515629 0.799799 0.999067 1.040765 0.935392 0.789908 0.729562 0.749630 0.802662 1.025752 1.483330 1.832411 1.810969 1.721225 1.848129 1.893130 1.542182 1.044748 0.728019 0.514505 0.271648 0.081135 0.008650 -0.001432 
-0.002238 0.000482 0.036556 0.153972 0.375655 0.661716 0.915950 1.041061 1.001122 0.858527 0.747365 0.734172 0.764768 0.883297 1.242841 1.695370 1.855526 1.749785 1.769236 1.906918 1.759073 1.287495 0.863251 0.618510 0.393962 0.164134 0.032222 -0.000151 
-0.002242 -0.002402 0.011285 0.082634 0.252877 0.515978 0.799599 0.998763 1.039816 0.934325 0.792652 0.731646 0.743666 0.801222 1.035884 1.483612 1.819439 1.811058 1.734982 1.848167 1.880154 1.542556 1.054980 0.726552 0.508380 0.273576 0.083816 0.007604 
-0.001470 -0.002615 0.000406 0.036590 0.154440 0.376182 0.661769 0.915707 1.040487 0.999724 0.859325 0.750852 0.731877 0.759272 0.888817 1.250282 1.687081 1.846726 1.759012 1.778430 1.898077 1.750830 1.295048 0.868819 0.612910 0.391492 0.167508 0.032999 
0.006963 -0.003264 -0.002527 0.011242 0.082880 0.253448 0.516290 0.799481 0.998431 1.038647 0.933659 0.795452 0.732852 0.738319 0.800677 1.044695 1.483479 1.807970 1.811203 1.747304 1.848263 1.868682 1.542513 1.063888 0.725980 0.502876 0.274627 0.086548 
0.034155 -0.002688 -0.003186 0.000383 0.036658 0.154890 0.376682 0.661849 0.915526 1.039720 0.998421 0.860506 0.753766 0.729326 0.754873 0.894075 1.256478 1.679547 1.839005 1.767292 1.786677 1.890319 1.743341 1.301355 0.874123 0.608409 0.388769 0.170306 
0.089191 0.006678 -0.004389 -0.002744 0.011272 0.083131 0.253988 0.516595 0.799438 0.998015 1.037372 0.933346 0.798167 0.733425 0.733534 0.800770 1.052451 1.482981 1.797776 1.811443 1.758324 1.848456 1.858486 1.542104 1.071739 0.726045 0.497939 0.275045 
0.172597 0.035545 -0.003746 -0.003913 0.000362 0.036781 0.155317 0.377153 0.661978 0.915354 1.038800 0.997272 0.861921 0.756177 0.726671 0.751336 0.899077 1.261665 1.672631 1.832238 1.774741 1.794095 1.883516 1.736472 1.306650 0.879169 0.604773 0.385945 
0.274999 0.091676 0.006686 -0.005540 -0.003070 0.011353 0.083402 0.254487 0.516913 0.799449 0.997496 1.036068 0.933323 0.800728 0.733535 0.729260 0.801328 1.059332 1.482186 1.788671 1.811774 1.768199 1.848742 1.849380 1.541398 1.078711 0.726577 0.493516 
0.383114 0.174450 0.037067 -0.004626 -0.004755 0.000310 0.036961 0.155726 0.377598 0.662160 0.915159 1.037767 0.996297 0.863468 0.758153 0.724007 0.748497 0.903826 1.266019 1.666248 1.826295 1.781466 1.800791 1.877539 1.730135 1.311110 0.883959 0.601838 
0.489559 0.274609 0.093971 0.006930 -0.006669 -0.003503 0.011466 0.083702 0.254949 0.517249 0.799491 0.996877 1.034784 0.933532 0.803103 0.733301 0.725448 0.802231 1.065465 1.481160 1.780501 1.812183 1.777078 1.849108 1.841210 1.540458 1.084933 0.727452 
0.599478 0.380333 0.175926 0.038652 -0.005329 -0.005675 0.000212 0.037191 0.156124 0.378027 0.662386 0.914922 1.036659 0.995494 0.865078 0.759755 0.721391 0.746232 0.908322 1.269681 1.660335 1.821056 1.787562 1.806859 1.872268 1.724269 1.314876 0.888495 
0.728579 0.486022 0.273965 0.096067 0.007358 -0.007746 -0.004030 0.011591 0.084029 0.255386 0.517607 0.799546 0.996170 1.033552 0.933923 0.805279 0.732814 0.722054 0.803385 1.070952 1.479958 1.773137 1.812651 1.785093 1.849536 1.833849 1.539342 1.090507 
0.892782 0.597596 0.377639 0.177081 0.040251 -0.005869 -0.006640 0.000060 0.037456 0.156518 0.378449 0.662644 0.914634 1.035508 0.994852 0.866703 0.761037 0.718860 0.744443 0.912571 1.272764 1.654843 1.816420 1.793111 1.812380 1.867603 1.718823 1.318060 
1.095514 0.729891 0.482866 0.273135 0.097963 0.007927 -0.008752 -0.004634 0.011711 0.084380 0.255807 0.517984 0.799597 0.995388 1.032390 0.934454 0.807258 0.732141 0.719038 0.804723 1.075875 1.478628 1.766474 1.813164 1.792359 1.850010 1.827189 1.538096 
1.320755 0.896827 0.596115 0.375055 0.177962 0.041830 -0.006259 -0.007624 -0.000148 0.037743 0.156917 0.378869 0.662921 0.914294 1.034340 0.994358 0.868307 0.762047 0.716439 0.743052 0.916578 1.275360 1.649729 1.812300 1.798179 1.817423 1.863455 1.713756 
1.536758 1.100023 0.731333 0.480053 0.272170 0.099666 0.008601 -0.009677 -0.005300 0.011815 0.084753 0.256226 0.518377 0.799632 0.994550 1.031307 0.935087 0.809044 0.731334 0.716364 0.806191 1.080302 1.477207 1.760421 1.813709 1.798972 1.850517 1.821141 
1.709033 1.323036 0.900637 0.594970 0.372595 0.178609 0.043367 -0.006518 -0.008608 -0.000410 0.038040 0.157324 0.379296 0.663204 0.913903 1.033175 0.993993 0.869869 0.762824 0.714141 0.741996 0.920351 1.277544 1.644959 1.808623 1.802827 1.822046 1.859753 
