0.001639 0.000242 -0.000002 -0.000002 0.000242 0.001639 0.016827 -0.075444 0.516197 1.105832 1.008175 1.016197 0.998775 1.091045 0.501639 -0.085696 0.011717 -0.000002 0.000242 0.001639 0.005108 0.010493 0.016197 0.019894 0.019894 0.016197 0.010493 0.005108 
0.003095 0.000726 0.000044 -0.000011 0.000181 -0.001425 0.024213 -0.071954 0.160453 0.871426 1.099848 0.999463 0.994483 1.087088 0.856091 0.147729 -0.079546 0.021107 -0.002108 0.000864 0.003095 0.007635 0.013450 0.018429 0.020396 0.018429 0.013450 0.007635 
0.005119 0.001646 0.000242 -0.000050 0.000527 -0.003935 0.022241 -0.033290 -0.022738 0.516232 1.052582 1.062467 0.975004 1.053084 1.037818 0.501685 -0.032998 -0.038420 0.020584 -0.003935 0.002184 0.005081 0.010502 0.016194 0.019883 0.019883 0.016194 0.010500 
0.007646 0.003104 0.000740 -0.000086 0.000920 -0.004551 0.013659 0.002187 -0.073125 0.202328 0.828727 1.105732 1.006411 1.001441 1.092994 0.813410 0.189606 -0.080734 -0.000939 0.012967 -0.003859 0.004047 0.007522 0.013463 0.018421 0.020384 0.018421 0.013452 
0.010507 0.005128 0.001683 0.000027 0.001057 -0.003419 0.004175 0.019252 -0.052999 0.007679 0.515113 1.026310 1.074036 0.981000 1.064671 1.011568 0.500576 -0.002590 -0.058151 0.017578 0.004175 -0.001744 0.006209 0.010296 0.016220 0.019869 0.019872 0.016191 
0.013454 0.007649 0.003164 0.000481 0.000914 -0.001549 -0.002161 0.019339 -0.014935 -0.066663 0.224085 0.808416 1.097133 1.017816 1.012856 1.084417 0.793118 0.211364 -0.074288 -0.018082 0.018637 -0.001460 0.001599 0.008539 0.013202 0.018462 0.020365 0.018414 
0.016191 0.010502 0.005201 0.001439 0.000724 0.000056 -0.004321 0.010904 0.011909 -0.062135 0.027835 0.516102 1.006341 1.076703 0.995573 1.067356 0.991622 0.501576 0.017557 -0.067307 0.010218 0.010904 -0.002630 0.005228 0.011001 0.015965 0.019920 0.019850 
0.018395 0.013444 0.007721 0.002985 0.000826 0.000927 -0.003478 0.001969 0.020184 -0.027215 -0.059741 0.239262 0.795130 1.085744 1.029384 1.024433 1.073050 0.779850 0.226542 -0.067382 -0.030383 0.019473 0.002680 -0.000310 0.008568 0.013547 0.018265 0.020414 
0.019892 0.016157 0.010562 0.005106 0.001505 0.001189 -0.001496 -0.003255 0.015289 0.004285 -0.066946 0.043157 0.517638 0.989489 1.077019 1.011045 1.067690 0.974792 0.503122 0.032871 -0.072139 0.002577 0.015289 -0.001547 0.003696 0.011475 0.016021 0.019802 
0.020374 0.018405 0.013464 0.007703 0.002898 0.001312 0.000230 -0.004325 0.006008 0.018813 -0.036395 -0.053133 0.251170 0.784753 1.074577 1.040069 1.035128 1.061905 0.769491 0.238451 -0.060791 -0.039584 0.018092 0.006728 -0.001136 0.007887 0.014031 0.018160 
0.019661 0.019889 0.016178 0.010576 0.004987 0.001799 0.001203 -0.002860 -0.001285 0.017900 -0.002807 -0.069557 0.055769 0.518998 0.974861 1.076715 1.025509 1.067403 0.960187 0.504493 0.045474 -0.074770 -0.004532 0.017900 0.000440 0.002353 0.011498 0.016304 
0.018226 0.020260 0.018430 0.013499 0.007611 0.002982 0.001660 -0.000753 -0.004306 0.009488 0.016382 -0.043528 -0.046854 0.260953 0.775917 1.064427 1.049666 1.044735 1.051777 0.760673 0.248235 -0.054528 -0.046738 0.015652 0.010217 -0.001096 0.006921 0.014379 
0.016653 0.019586 0.019829 0.016235 0.010535 0.004933 0.002158 0.000862 -0.003826 0.001019 0.019271 -0.009250 -0.070838 0.066592 0.519959 0.962030 1.076312 1.038534 1.067017 0.947377 0.505465 0.056289 -0.076072 -0.010991 0.019271 0.002761 0.001408 0.011165 
0.014514 0.018414 0.020137 0.018443 0.013522 0.007510 0.003188 0.001797 -0.001764 -0.003694 0.012346 0.013426 -0.049206 -0.040862 0.269157 0.768082 1.055429 1.058214 1.053293 1.042801 0.752856 0.256439 -0.048552 -0.052436 0.012687 0.013085 -0.000463 0.005926 
0.010613 0.016959 0.019598 0.019745 0.016283 0.010468 0.004967 0.002474 0.000301 -0.004384 0.003375 0.019767 -0.015069 -0.071225 0.076089 0.520502 0.950702 1.075968 1.050129 1.066691 0.936071 0.506018 0.065778 -0.076479 -0.016827 0.019767 0.005133 0.000870 
0.005032 0.014448 0.018656 0.020053 0.018431 0.013519 0.007447 0.003448 0.001732 -0.002674 -0.002699 0.014629 0.010219 -0.053785 -0.035136 0.276111 0.760999 1.047512 1.065819 1.060907 1.034906 0.745791 0.263395 -0.042842 -0.057036 0.009471 0.015377 0.000552 
0.000689 0.009954 0.017170 0.019688 0.019664 0.016294 0.010404 0.005079 0.002696 -0.000366 -0.004585 0.005643 0.019632 -0.020320 -0.070974 0.084528 0.520677 0.940648 1.075722 1.060425 1.066462 0.926039 0.506203 0.074208 -0.076249 -0.022095 0.019632 0.007418 
0.001803 0.004296 0.014220 0.018903 0.020028 0.018391 0.013489 0.007444 0.003713 0.001505 -0.003426 -0.001468 0.016406 0.006914 -0.057497 -0.029668 0.282051 0.754534 1.040550 1.072596 1.067694 1.027966 0.739344 0.269336 -0.037390 -0.060768 0.006156 0.017163 
0.009547 0.000803 0.009263 0.017269 0.019835 0.019602 0.016262 0.010359 0.005248 0.002806 -0.001066 -0.004492 0.007756 0.019034 -0.025055 -0.070258 0.092086 0.520551 0.931682 1.075571 1.069579 1.066329 0.917095 0.506087 0.081757 -0.075553 -0.026846 0.019034 
0.018513 0.003189 0.003734 0.013872 0.019122 0.020063 0.018329 0.013437 0.007500 0.003949 0.001158 -0.004003 -0.000103 0.017747 0.003602 -0.060508 -0.024457 0.287154 0.748600 1.034414 1.078653 1.073761 1.021851 0.733427 0.274440 -0.032195 -0.063800 0.002836 
0.018095 0.011489 0.001151 0.008590 0.017261 0.020017 0.019566 0.016192 0.010341 0.005451 0.002807 -0.001747 -0.004164 0.009682 0.018095 -0.029324 -0.069198 0.098892 0.520190 0.923652 1.075500 1.077740 1.066275 0.909086 0.505736 0.088555 -0.074513 -0.031131 
-0.000433 0.019490 0.004638 0.003347 0.013444 0.019296 0.020148 0.018254 0.013371 0.007607 0.004141 0.000730 -0.004407 0.001326 0.018714 0.000342 -0.062943 -0.019501 0.291560 0.743133 1.028984 1.084085 1.079202 1.016443 0.727978 0.278847 -0.027255 -0.066255 
-0.034994 0.016903 0.013234 0.001683 0.007965 0.017157 0.020212 0.019558 0.016094 0.010349 0.005668 0.002714 -0.002380 -0.003652 0.011410 0.016903 -0.033171 -0.067885 0.105047 0.519650 0.916428 1.075492 1.085042 1.066284 0.901884 0.505206 0.094702 -0.073220 
-0.068231 -0.003613 0.020147 0.006103 0.003121 0.012966 0.019417 0.020270 0.018173 0.013299 0.007750 0.004279 0.000254 -0.004649 0.002771 0.019363 -0.002828 -0.064899 -0.014796 0.295383 0.738085 1.024159 1.088973 1.084099 1.011639 0.722947 0.282670 -0.022565 
-0.071744 -0.038475 0.015527 0.014781 0.002356 0.007407 0.016975 0.020405 0.019573 0.015982 0.010382 0.005883 0.002541 -0.002946 -0.002999 0.012941 0.015527 -0.036636 -0.066389 0.110634 0.518977 0.909905 1.075532 1.091597 1.066341 0.895382 0.504544 0.100281 
-0.018119 -0.069805 -0.006681 0.020532 0.007550 0.003041 0.012466 0.019482 0.020415 0.018094 0.013230 0.007916 0.004362 -0.000245 -0.004744 0.004197 0.019739 -0.005887 -0.066453 -0.010334 0.298713 0.733413 1.019852 1.093384 1.088520 1.007353 0.718293 0.286002 
0.105360 -0.070138 -0.041612 0.014019 0.016138 0.003133 0.006926 0.016730 0.020584 0.019608 0.015867 0.010434 0.006083 0.002307 -0.003436 -0.002242 0.014282 0.014019 -0.039756 -0.064763 0.115722 0.518210 0.903992 1.075607 1.097503 1.066432 0.889491 0.503787 
0.288917 -0.013908 -0.071043 -0.009623 0.020687 0.008954 0.003090 0.011964 0.019495 0.020570 0.018025 0.013170 0.008092 0.004392 -0.000747 -0.004711 0.005582 0.019885 -0.008820 -0.067671 -0.006107 0.301627 0.729083 1.015990 1.097378 1.092524 1.003512 0.713980 
