0.025245 0.071357 0.157108 0.188981 0.957924 1.757595 1.856809 1.991016 1.986628 1.974280 1.198406 0.399066 0.308685 0.159541 0.074497 0.029876 0.010293 0.003162 0.000885 0.000549 0.002279 0.006962 0.014284 0.022046 0.027078 0.027078 0.022561 0.011172 
0.014325 0.042648 0.124303 0.123164 0.507627 1.416513 1.855328 1.923300 1.991162 2.035813 1.652968 0.738224 0.306095 0.242499 0.108866 0.048226 0.017833 0.005759 0.001690 0.000511 0.001095 0.004235 0.010397 0.018307 0.025090 0.027674 0.025904 0.015809 
0.012743 0.021447 0.090530 0.108030 0.241376 0.958209 1.704476 1.911065 1.949606 2.040704 1.920979 1.198562 0.451934 0.258654 0.180136 0.070278 0.030374 0.010231 0.003151 0.000879 0.000552 0.002292 0.006979 0.014292 0.022064 0.026906 0.027782 0.021134 
0.016418 0.010720 0.056894 0.102056 0.122539 0.549336 1.374081 1.861258 1.930112 1.997869 2.041552 1.610313 0.780259 0.305057 0.220508 0.123917 0.043453 0.018742 0.005619 0.001691 0.000508 0.001104 0.004251 0.010407 0.018346 0.024914 0.028142 0.025299 
0.021607 0.009400 0.029780 0.086751 0.088625 0.272001 0.957086 1.678421 1.922576 1.955391 2.052059 1.894656 1.197561 0.482513 0.239030 0.177141 0.078345 0.026396 0.011324 0.002925 0.000902 0.000552 0.002307 0.006987 0.014342 0.021929 0.027140 0.027618 
0.025881 0.013898 0.013737 0.062148 0.084614 0.129385 0.571152 1.353882 1.852773 1.941360 2.009042 2.032808 1.590045 0.802174 0.311652 0.203422 0.129565 0.045802 0.016251 0.006608 0.001419 0.000556 0.001107 0.004259 0.010455 0.018270 0.024989 0.028111 
0.028213 0.020242 0.008917 0.036663 0.078873 0.079571 0.292433 0.958121 1.658596 1.925229 1.969737 2.054520 1.874635 1.198667 0.502829 0.229981 0.169793 0.085032 0.025462 0.010307 0.003612 0.000644 0.000620 0.002299 0.007028 0.014318 0.021934 0.027087 
0.028556 0.025562 0.011992 0.018291 0.062719 0.072032 0.136569 0.586489 1.340680 1.841478 1.952794 2.020366 2.021279 1.576800 0.817508 0.318707 0.191180 0.130379 0.049892 0.014299 0.006610 0.001752 0.000366 0.001171 0.004271 0.010465 0.018267 0.024890 
0.027299 0.028537 0.018456 0.010301 0.041162 0.070847 0.074753 0.308022 0.959761 1.641845 1.925539 1.984990 2.054624 1.857732 1.200317 0.518311 0.225257 0.162165 0.089374 0.026495 0.008740 0.004066 0.000699 0.000513 0.002366 0.007033 0.014336 0.021826 
0.024896 0.029071 0.024601 0.011194 0.022643 0.061150 0.062580 0.143360 0.598600 1.330395 1.830378 1.963360 2.030808 2.009970 1.566464 0.829570 0.325448 0.182038 0.128977 0.053889 0.013429 0.005901 0.002226 0.000267 0.001147 0.004321 0.010484 0.018198 
0.021727 0.027696 0.028403 0.016932 0.012526 0.043861 0.063433 0.072095 0.320875 0.961264 1.627302 1.925220 1.999246 2.054105 1.843055 1.201790 0.531082 0.222735 0.155070 0.091943 0.028432 0.007361 0.004070 0.000980 0.000381 0.002393 0.007080 0.014307 
0.018078 0.025069 0.029409 0.023404 0.011271 0.026369 0.058562 0.055204 0.149772 0.608601 1.321666 1.820276 1.972843 2.040169 1.999676 1.557668 0.839506 0.331860 0.174945 0.126516 0.057328 0.013425 0.004907 0.002564 0.000336 0.001054 0.004383 0.010505 
0.014229 0.021709 0.028125 0.027917 0.015850 0.015042 0.045302 0.056723 0.070748 0.331917 0.962395 1.614551 1.924792 2.012074 2.053489 1.830171 1.202863 0.542063 0.221543 0.148626 0.093272 0.030703 0.006379 0.003718 0.001326 0.000317 0.002369 0.007153 
0.010510 0.017967 0.025354 0.029512 0.022215 0.011945 0.029427 0.055478 0.049306 0.155865 0.617027 1.313955 1.811312 1.981275 2.048487 1.990532 1.549872 0.847861 0.337984 0.169307 0.123530 0.060144 0.014013 0.003886 0.002689 0.000526 0.000956 0.004429 
0.007209 0.014135 0.021787 0.028487 0.027222 0.015207 0.017578 0.045854 0.050673 0.070286 0.341612 0.963124 1.603303 1.924413 2.023475 2.052936 1.818788 1.203517 0.551717 0.221246 0.142805 0.093725 0.033024 0.005805 0.003148 0.001627 0.000342 0.002319 
0.004443 0.010490 0.017908 0.025682 0.029401 0.021155 0.013001 0.031876 0.052160 0.044528 0.161669 0.624202 1.307011 1.803422 1.988762 2.055868 1.982469 1.542826 0.854967 0.343843 0.164770 0.120294 0.062384 0.014984 0.002965 0.002612 0.000773 0.000899 
0.002271 0.007223 0.014053 0.021945 0.028735 0.026428 0.014941 0.020002 0.045764 0.045220 0.070458 0.350230 0.963494 1.593334 1.924124 2.033581 2.052485 1.808677 1.203801 0.560312 0.221587 0.137554 0.093548 0.035257 0.005588 0.002471 0.001834 0.000448 
0.000902 0.004425 0.010443 0.017917 0.026002 0.029119 0.020274 0.014291 0.033795 0.048756 0.040634 0.167198 0.630359 1.300693 1.796484 1.995417 2.062427 1.975363 1.536396 0.861056 0.349444 0.161101 0.116961 0.064119 0.016190 0.002201 0.002372 0.001024 
0.000613 0.002240 0.007191 0.013998 0.022160 0.028858 0.025613 0.014985 0.022252 0.045203 0.040303 0.071095 0.357953 0.963570 1.584457 1.923923 2.042545 2.052132 1.799654 1.203782 0.568026 0.222394 0.132820 0.092909 0.037334 0.005665 0.001761 0.001929 
0.001249 0.000966 0.004381 0.010378 0.017992 0.026285 0.028714 0.019586 0.015714 0.035259 0.045356 0.037454 0.172459 0.635673 1.294915 1.790369 2.001348 2.068269 1.969084 1.530493 0.866308 0.354787 0.158133 0.113622 0.065417 0.017529 0.001613 0.002012 
0.001916 0.000814 0.002232 0.007119 0.013976 0.022407 0.028862 0.024823 0.015276 0.024300 0.044293 0.035870 0.072077 0.364913 0.963414 1.576520 1.923798 2.050518 2.051863 1.791565 1.203526 0.574987 0.223545 0.128553 0.091928 0.039225 0.005977 0.001068 
0.001571 0.001431 0.001079 0.004320 0.010302 0.018122 0.026514 0.028225 0.019085 0.017198 0.036332 0.042014 0.034863 0.177456 0.640286 1.289610 1.784960 2.006651 2.073489 1.963513 1.525057 0.870861 0.359876 0.155743 0.110335 0.066342 0.018933 0.001197 
0.000424 0.001809 0.001030 0.002248 0.007020 0.013987 0.022665 0.028762 0.024090 0.015758 0.026138 0.043125 0.031873 0.073314 0.371213 0.963080 1.569394 1.923733 2.057630 2.051661 1.784283 1.203088 0.581298 0.224950 0.124709 0.090695 0.040917 0.006473 
0.000943 0.001082 0.001561 0.001227 0.004251 0.010225 0.018290 0.026682 0.027686 0.018758 0.018695 0.037074 0.038767 0.032762 0.182198 0.644308 1.284728 1.780156 2.011407 2.078167 1.958549 1.520037 0.874829 0.364715 0.153832 0.107138 0.066947 0.020352 
0.007108 -0.000155 0.001625 0.001244 0.002286 0.006907 0.014026 0.022918 0.028577 0.023431 0.016388 0.027768 0.041768 0.028268 0.074737 0.376935 0.962614 1.562972 1.923713 2.063995 2.051509 1.777701 1.202517 0.587039 0.226539 0.121248 0.089277 0.042412 
0.021752 0.000835 0.000570 0.001637 0.001398 0.004183 0.010154 0.018483 0.026788 0.027125 0.018587 0.020172 0.037533 0.035636 0.031071 0.186691 0.647834 1.280226 1.775870 2.015684 2.082370 1.954105 1.515393 0.878303 0.369310 0.152324 0.104053 0.067280 
0.043716 0.007847 -0.000656 0.001379 0.001443 0.002342 0.006792 0.014089 0.023153 0.028325 0.022855 0.017128 0.029198 0.040274 0.025017 0.076293 0.382152 0.962052 1.557163 1.923727 2.069709 2.051394 1.771730 1.201848 0.592280 0.228259 0.118132 0.087728 
0.067383 0.023110 0.000854 0.000056 0.001660 0.001577 0.004122 0.010094 0.018687 0.026835 0.026562 0.018553 0.021604 0.037752 0.032634 0.029725 0.190947 0.650939 1.276067 1.772031 2.019542 2.086156 1.950108 1.511089 0.881359 0.373671 0.151153 0.101094 
