0.002275 0.003449 0.021676 -0.058293 0.567787 1.232835 1.268310 1.468419 1.675806 1.972128 1.503958 0.914323 0.888509 0.676436 0.459565 0.275163 0.145257 0.067543 0.027888 0.011602 0.008272 0.011380 0.016417 0.019943 0.019904 0.016199 0.010514 0.005009 
0.003348 0.000188 0.026904 -0.062767 0.190924 0.954348 1.285621 1.349270 1.557942 1.872768 1.811447 1.165168 0.871914 0.803640 0.564403 0.361464 0.203118 0.100614 0.043920 0.017570 0.008795 0.009340 0.013901 0.018536 0.020419 0.018431 0.013479 0.007565 
0.005591 -0.001872 0.024003 -0.028453 -0.005665 0.567765 1.179594 1.322724 1.427420 1.730239 1.918821 1.503750 0.966784 0.838331 0.697175 0.455581 0.275799 0.145200 0.067475 0.027835 0.011589 0.008284 0.011394 0.016419 0.019935 0.019888 0.016221 0.010445 
0.008509 -0.001328 0.015256 0.004847 -0.063980 0.232722 0.911619 1.291570 1.356389 1.565079 1.878704 1.768583 1.206772 0.870575 0.781662 0.579672 0.356895 0.204096 0.100437 0.043863 0.017537 0.008797 0.009355 0.013910 0.018534 0.020403 0.018449 0.013348 
0.011553 0.001687 0.006263 0.020984 -0.048197 0.024688 0.566582 1.153335 1.334417 1.433609 1.741946 1.892491 1.502389 0.996957 0.818558 0.694320 0.463883 0.271962 0.146299 0.067193 0.027811 0.011573 0.008296 0.011407 0.016423 0.019920 0.019914 0.016009 
0.014347 0.006062 0.001104 0.020932 -0.012308 -0.057565 0.254407 0.891274 1.283039 1.367965 1.576671 1.870155 1.748109 1.228259 0.876870 0.764585 0.585536 0.359448 0.201675 0.101390 0.043533 0.017552 0.008792 0.009370 0.013920 0.018521 0.020442 0.018187 
0.016705 0.010559 0.000822 0.013015 0.013619 -0.057373 0.044781 0.567509 1.133379 1.337209 1.448374 1.744750 1.872464 1.503138 1.016872 0.809359 0.687109 0.470804 0.271170 0.145291 0.067822 0.027505 0.011621 0.008295 0.011425 0.016414 0.019972 0.019659 
0.018527 0.014362 0.004157 0.005270 0.021777 -0.024621 -0.050694 0.269515 0.877955 1.271718 1.379704 1.588423 1.858815 1.734660 1.243170 0.883626 0.752349 0.586564 0.363741 0.199794 0.101357 0.043808 0.017329 0.008855 0.009373 0.013918 0.018577 0.020245 
0.019713 0.017167 0.009019 0.001923 0.017421 0.005977 -0.062226 0.060040 0.568985 1.116537 1.337652 1.464037 1.745200 1.855552 1.504437 1.031954 0.804485 0.679616 0.475379 0.272347 0.143733 0.068220 0.027510 0.011499 0.008360 0.011408 0.016468 0.019857 
0.020140 0.019005 0.013667 0.003335 0.009342 0.020408 -0.033833 -0.044141 0.281355 0.867545 1.260619 1.390560 1.599290 1.847694 1.724121 1.254813 0.890068 0.743211 0.585373 0.367943 0.198997 0.100614 0.044222 0.017197 0.008828 0.009407 0.013944 0.018544 
0.019720 0.019994 0.017178 0.007669 0.003926 0.020052 -0.001132 -0.064881 0.072588 0.570286 1.101923 1.337473 1.478691 1.745027 1.840866 1.505561 1.044328 0.801810 0.672652 0.478180 0.274428 0.142364 0.068168 0.027742 0.011354 0.008379 0.011447 0.016477 
0.018438 0.020207 0.019345 0.012689 0.003379 0.012852 0.017979 -0.040997 -0.037918 0.291070 0.858676 1.250538 1.400329 1.609069 1.837590 1.715124 1.264334 0.896182 0.736119 0.583121 0.371585 0.199068 0.099587 0.044500 0.017235 0.008728 0.009455 0.013985 
0.016430 0.019648 0.020338 0.016833 0.006718 0.006262 0.021444 -0.007589 -0.066206 0.083346 0.571189 1.089104 1.337197 1.491906 1.744755 1.827975 1.506289 1.054916 0.800465 0.666336 0.479740 0.276844 0.141395 0.067759 0.028039 0.011274 0.008343 0.011520 
0.014014 0.018323 0.020395 0.019471 0.011684 0.004017 0.015740 0.015028 -0.046706 -0.031982 0.299206 0.850811 1.241610 1.409049 1.617797 1.828636 1.707128 1.272277 0.902010 0.730481 0.580343 0.374606 0.199733 0.098532 0.044565 0.017395 0.008618 0.009492 
0.011585 0.016358 0.019665 0.020640 0.016270 0.006176 0.008649 0.021959 -0.013422 -0.066638 0.092776 0.571675 1.077790 1.336981 1.503689 1.744540 1.816586 1.506600 1.064179 0.800013 0.660641 0.480424 0.279313 0.140834 0.067132 0.028293 0.011282 0.008281 
0.009503 0.014018 0.018248 0.020638 0.019397 0.010780 0.005038 0.018052 0.011825 -0.051314 -0.026314 0.306092 0.843699 1.233764 1.416825 1.625580 1.820762 1.699887 1.278974 0.907574 0.725941 0.577311 0.377051 0.200781 0.097578 0.044428 0.017610 0.008547 
0.008222 0.011613 0.016290 0.019759 0.020846 0.015599 0.005991 0.010947 0.021843 -0.018685 -0.066433 0.101148 0.571793 1.067751 1.336863 1.514173 1.744421 1.806471 1.506544 1.072385 0.800198 0.655513 0.480476 0.281694 0.140631 0.066398 0.028451 0.011367 
0.008534 0.009486 0.013995 0.018232 0.020884 0.019159 0.010034 0.006294 0.019857 0.008524 -0.055056 -0.020905 0.311964 0.837205 1.226874 1.423773 1.632533 1.813842 1.693263 1.284658 0.912879 0.722265 0.574180 0.378991 0.202066 0.096783 0.044130 0.017828 
0.011509 0.008182 0.011598 0.016241 0.019911 0.020941 0.014897 0.006101 0.013090 0.021264 -0.023433 -0.065762 0.108638 0.571610 1.058802 1.336839 1.523513 1.744395 1.797445 1.506190 1.079713 0.800849 0.650899 0.480064 0.283920 0.140724 0.065633 0.028498 
0.018018 0.008582 0.009447 0.013949 0.018276 0.021103 0.018802 0.009463 0.007684 0.021226 0.005218 -0.058096 -0.015754 0.316998 0.831243 1.220809 1.430001 1.638766 1.807746 1.687170 1.289507 0.917928 0.719290 0.571041 0.380494 0.203486 0.096163 0.043711 
0.028436 0.011685 0.008168 0.011544 0.016219 0.020097 0.020927 0.014214 0.006447 0.015045 0.020343 -0.027713 -0.064748 0.115375 0.571193 1.050789 1.336897 1.531861 1.744447 1.789353 1.505601 1.086290 0.801844 0.646750 0.479309 0.285960 0.141052 0.064886 
0.043212 0.018162 0.008679 0.009394 0.013890 0.018370 0.021276 0.018364 0.009067 0.009139 0.022220 0.001963 -0.060560 -0.010857 0.321335 0.825749 1.215453 1.435603 1.644372 1.802356 1.681546 1.293661 0.922723 0.716890 0.567953 0.381623 0.204971 0.095718 
0.064188 0.028278 0.011874 0.008181 0.011463 0.016224 0.020297 0.020817 0.013578 0.006976 0.016803 0.019171 -0.031571 -0.063481 0.121462 0.570597 1.043584 1.337017 1.539347 1.744561 1.782068 1.504836 1.092218 0.803091 0.643022 0.478301 0.287804 0.141566 
0.095436 0.042664 0.018253 0.008813 0.009336 0.013825 0.018501 0.021396 0.017877 0.008832 0.010609 0.022895 -0.001202 -0.062545 -0.006212 0.325088 0.820675 1.210701 1.440660 1.649431 1.797569 1.676342 1.297234 0.927269 0.714968 0.564951 0.382433 0.206473 
0.142221 0.063556 0.028042 0.012061 0.008218 0.011368 0.016253 0.020494 0.020629 0.013010 0.007646 0.018363 0.017813 -0.035047 -0.062031 0.126979 0.569870 1.037080 1.337186 1.546086 1.744722 1.775483 1.503940 1.097579 0.804521 0.639674 0.477108 0.289450 
0.207957 0.095300 0.042093 0.018288 0.008969 0.009280 0.013763 0.018656 0.021461 0.017368 0.008744 0.012061 0.023298 -0.004256 -0.064128 -0.001811 0.328350 0.815978 1.206469 1.445241 1.654014 1.793299 1.671515 1.300316 0.931572 0.713446 0.562060 0.382971 
0.290906 0.142981 0.063002 0.027743 0.012232 0.008274 0.011270 0.016302 0.020677 0.020378 0.012518 0.008421 0.019732 0.016324 -0.038178 -0.060451 0.131997 0.569047 1.031187 1.337389 1.552174 1.744915 1.769508 1.502950 1.102442 0.806081 0.636669 0.475782 
0.383278 0.209401 0.095294 0.041519 0.018270 0.009135 0.009233 0.013710 0.018820 0.021472 0.016856 0.008786 0.013470 0.023470 -0.007183 -0.065375 0.002354 0.331195 0.811624 1.202682 1.449405 1.658177 1.789472 1.667030 1.302984 0.935640 0.712259 0.559294 
