0.794289 0.978020 0.984771 0.821299 0.581718 0.407258 0.269289 0.969778 1.757188 1.854500 1.995916 2.052651 2.202516 1.685501 1.165641 1.261452 1.120071 0.861198 0.541818 0.260245 0.083470 0.012739 0.000142 -0.000029 0.011861 0.080307 0.250302 0.514074 
0.659147 0.904648 1.005142 0.920007 0.700757 0.495880 0.275118 0.543193 1.418592 1.853816 1.921224 2.016358 2.169141 2.002021 1.369493 1.184046 1.223592 1.001509 0.703044 0.390981 0.157334 0.037293 0.002588 -0.000417 0.002159 0.035590 0.151663 0.374066 
0.514439 0.794157 0.977399 0.984774 0.816907 0.602588 0.357683 0.322455 0.969906 1.703614 1.908278 1.954395 2.107084 2.149780 1.686005 1.218370 1.210882 1.140114 0.856808 0.542638 0.260746 0.083839 0.012651 -0.000320 -0.000493 0.011763 0.080698 0.250826 
0.374554 0.659298 0.904126 1.005471 0.914875 0.715869 0.474299 0.274492 0.585368 1.375765 1.859238 1.927706 2.023201 2.175389 1.959872 1.411645 1.182635 1.201000 1.016163 0.698358 0.392382 0.157715 0.037458 0.002280 -0.000932 0.001841 0.035754 0.152166 
0.251366 0.514821 0.793805 0.977955 0.980284 0.824817 0.599857 0.338514 0.353331 0.968878 1.677018 1.919335 1.960067 2.118796 2.124020 1.685350 1.248808 1.190721 1.136569 0.864705 0.538982 0.262400 0.083991 0.012593 -0.000781 -0.000959 0.011676 0.081067 
0.152660 0.375098 0.659160 0.904745 1.002400 0.916863 0.721582 0.457615 0.281500 0.607424 1.355326 1.850178 1.938647 2.034503 2.167154 1.940108 1.433677 1.188858 1.183315 1.021415 0.700793 0.390381 0.159223 0.037348 0.002024 -0.001455 0.001532 0.035912 
0.081419 0.251976 0.514916 0.794363 0.976411 0.978834 0.831348 0.592774 0.329917 0.373947 0.969959 1.656726 1.921491 1.974318 2.121606 2.104560 1.686801 1.268986 1.181138 1.128673 0.871223 0.538368 0.261943 0.085053 0.012255 -0.001177 -0.001433 0.011593 
0.036052 0.153224 0.375403 0.659621 0.904384 0.999871 0.920588 0.722463 0.445772 0.288966 0.622901 1.341912 1.838330 1.949753 2.045968 2.156126 1.927366 1.449126 1.195543 1.170477 1.021834 0.704968 0.388916 0.159742 0.037843 0.001531 -0.001907 0.001213 
0.011476 0.081833 0.252418 0.515317 0.794689 0.974323 0.979351 0.835534 0.585409 0.325641 0.389728 0.971586 1.639550 1.921298 1.989471 2.122065 2.088212 1.688795 1.284329 1.175883 1.120500 0.875396 0.539719 0.260932 0.085882 0.012229 -0.001740 -0.001838 
0.000927 0.036221 0.153697 0.375799 0.660218 0.903316 0.998429 0.924220 0.721128 0.437026 0.296116 0.635107 1.331407 1.826704 1.959978 2.056553 2.145320 1.917528 1.461304 1.201915 1.160741 1.020039 0.709050 0.388531 0.159548 0.038479 0.001131 -0.002446 
-0.002286 0.011413 0.082198 0.252836 0.515942 0.794563 0.972428 0.980774 0.837946 0.578576 0.323564 0.402798 0.973037 1.624599 1.920487 2.003617 2.121903 2.074088 1.690609 1.296962 1.172831 1.112861 0.877797 0.541973 0.260106 0.086259 0.012431 -0.002325 
-0.003056 0.000656 0.036401 0.154094 0.376365 0.660676 0.901965 0.997856 0.927294 0.718732 0.430327 0.302936 0.645189 1.322441 1.816096 1.969119 2.066052 2.135529 1.909227 1.471355 1.207960 1.153057 1.017187 0.712572 0.389009 0.159067 0.038976 0.000903 
-0.002841 -0.002786 0.011385 0.082506 0.253319 0.516631 0.794082 0.970934 0.982531 0.839117 0.572392 0.322815 0.414078 0.974090 1.611445 1.919578 2.016328 2.121644 2.061756 1.692022 1.307806 1.171111 1.105876 0.878958 0.544558 0.259675 0.086278 0.012698 
0.000798 -0.003671 0.000376 0.036569 0.154482 0.377050 0.660920 0.900589 0.997879 0.929745 0.715812 0.425082 0.309467 0.653690 1.314478 1.806641 1.977212 2.074503 2.126888 1.901924 1.479824 1.213720 1.146831 1.013812 0.715472 0.390078 0.158555 0.039261 
0.012922 -0.003268 -0.003310 0.011348 0.082788 0.253888 0.517274 0.793382 0.969852 0.984342 0.839413 0.566830 0.322959 0.424031 0.974724 1.599794 1.918731 2.027610 2.121444 2.050924 1.693012 1.317324 1.170289 1.099517 0.879245 0.547194 0.259650 0.086078 
0.039344 0.000750 -0.004245 0.000071 0.036711 0.154907 0.377788 0.660962 0.899315 0.998287 0.931622 0.712639 0.420935 0.315732 0.660942 1.307267 1.798269 1.984364 2.082013 2.119327 1.895371 1.487043 1.219215 1.141708 1.010188 0.717796 0.391526 0.158141 
0.085768 0.013053 -0.003614 -0.003828 0.011275 0.083072 0.254533 0.517820 0.792575 0.969129 0.986067 0.839077 0.561836 0.323739 0.432924 0.974989 1.589418 1.917984 2.037596 2.121342 2.041363 1.693631 1.325782 1.170106 1.093730 0.878902 0.549739 0.259978 
0.157883 0.039264 0.000708 -0.004757 -0.000261 0.036824 0.155389 0.378527 0.660840 0.898200 0.998934 0.932994 0.709367 0.417654 0.321736 0.667178 1.300673 1.790853 1.990691 2.088696 2.112720 1.889430 1.493244 1.224453 1.137455 1.006468 0.719613 0.393208 
0.260598 0.085425 0.013072 -0.003900 -0.004324 0.011158 0.083373 0.255233 0.518253 0.791737 0.968703 0.987639 0.838278 0.557356 0.324984 0.440936 0.974953 1.580131 1.917333 2.046442 2.121335 2.032889 1.693947 1.333360 1.170393 1.088462 0.878097 0.552127 
0.395021 0.157797 0.039065 0.000639 -0.005207 -0.000613 0.036914 0.155929 0.379237 0.660598 0.897263 0.999717 0.933931 0.706088 0.415072 0.327482 0.672576 1.294610 1.784263 1.996301 2.094661 2.106937 1.884017 1.498606 1.229436 1.133906 1.002744 0.720994 
0.554327 0.261451 0.085098 0.012984 -0.004150 -0.004792 0.011003 0.083699 0.255965 0.518576 0.790917 0.968515 0.989025 0.837138 0.553342 0.326571 0.448194 0.974681 1.571779 1.916763 2.054297 2.121408 2.025347 1.694023 1.340185 1.171026 1.083663 0.876950 
0.722001 0.396896 0.157883 0.038783 0.000527 -0.005604 -0.000978 0.036990 0.156518 0.379900 0.660274 0.896500 1.000568 0.934494 0.702860 0.413065 0.332972 0.677277 1.289015 1.778382 2.001287 2.100001 2.101859 1.879069 1.503270 1.234165 1.130937 0.999075 
0.875553 0.556327 0.262484 0.084818 0.012802 -0.004383 -0.005231 0.010821 0.084051 0.256710 0.518802 0.790146 0.968513 0.990216 0.835745 0.549749 0.328409 0.454801 0.974230 1.564235 1.916259 2.061295 2.121544 2.018609 1.693918 1.346359 1.171914 1.079290 
0.995496 0.722687 0.398784 0.158128 0.038452 0.000363 -0.005962 -0.001347 0.037059 0.157142 0.380507 0.659900 0.895902 1.001436 0.934739 0.699720 0.411537 0.338211 0.681393 1.283838 1.773106 2.005731 2.104799 2.097384 1.874535 1.507348 1.238646 1.128451 
1.075301 0.873972 0.558128 0.263656 0.084603 0.012541 -0.004616 -0.005645 0.010625 0.084426 0.257449 0.518947 0.789443 0.968654 0.991211 0.834168 0.546536 0.330430 0.460839 0.973647 1.557392 1.915805 2.067548 2.121727 2.012568 1.693678 1.351965 1.172989 
1.126369 0.992031 0.723101 0.400651 0.158516 0.038098 0.000147 -0.006294 -0.001712 0.037131 0.157786 0.381057 0.659503 0.895451 1.002289 0.934714 0.696692 0.410407 0.343205 0.685017 1.279038 1.768349 2.009702 2.109122 2.093426 1.870376 1.510932 1.242883 
1.174196 1.071661 0.872260 0.559737 0.264928 0.084464 0.012219 -0.004862 -0.006036 0.010426 0.084819 0.258171 0.519029 0.788816 0.968901 0.992018 0.832459 0.543667 0.332580 0.466376 0.972967 1.551160 1.915386 2.073154 2.121946 2.007135 1.693339 1.357070 
1.246887 1.124627 0.988694 0.723284 0.402474 0.159032 0.037741 -0.000122 -0.006613 -0.002067 0.037210 0.158439 0.381551 0.659103 0.895130 1.003102 0.934459 0.693788 0.409614 0.347962 0.688223 1.274579 1.764039 2.013257 2.113029 2.089911 1.866554 1.514098 
