0.243865 0.244600 0.201577 0.138507 0.090216 0.087621 0.148221 0.274901 0.457906 0.674291 0.886373 1.046634 1.112607 1.064710 0.915031 0.701629 0.473334 0.273801 0.130115 0.047722 0.012927 0.003145 0.000868 0.003183 0.020125 0.062580 0.128550 0.198390 
0.225789 0.250280 0.227473 0.170455 0.110379 0.081785 0.109522 0.203608 0.360470 0.563993 0.783784 0.975963 1.093270 1.102812 1.000645 0.813309 0.586360 0.367832 0.194159 0.081785 0.025741 0.006234 0.001573 0.000986 0.009004 0.037930 0.093546 0.164742 
0.198360 0.243738 0.244462 0.201545 0.138567 0.090306 0.087653 0.148189 0.274885 0.457973 0.674400 0.886407 1.046539 1.112455 1.064614 0.915028 0.701677 0.473396 0.273876 0.130195 0.047763 0.012882 0.003028 0.000758 0.003165 0.020218 0.062727 0.128626 
0.164767 0.225705 0.250133 0.227380 0.170475 0.110464 0.081852 0.109516 0.203572 0.360493 0.564093 0.783868 0.975931 1.093132 1.102677 1.000597 0.813338 0.586417 0.367900 0.194240 0.081852 0.025742 0.006147 0.001448 0.000914 0.009044 0.038064 0.093668 
0.128705 0.198328 0.243611 0.244329 0.201508 0.138629 0.090393 0.087685 0.148157 0.274870 0.458040 0.674507 0.886441 1.046445 1.112304 1.064517 0.915023 0.701725 0.473459 0.273951 0.130275 0.047803 0.012837 0.002912 0.000648 0.003146 0.020314 0.062869 
0.093790 0.164793 0.225618 0.249988 0.227288 0.170494 0.110551 0.081918 0.109511 0.203538 0.360517 0.564192 0.783951 0.975899 1.092996 1.102543 1.000547 0.813366 0.586475 0.367968 0.194321 0.081918 0.025743 0.006060 0.001324 0.000842 0.009086 0.038195 
0.063009 0.128787 0.198295 0.243483 0.244198 0.201470 0.138692 0.090479 0.087715 0.148127 0.274856 0.458107 0.674612 0.886473 1.046352 1.112155 1.064420 0.915017 0.701773 0.473522 0.274027 0.130354 0.047842 0.012793 0.002797 0.000539 0.003128 0.020409 
0.038325 0.093912 0.164820 0.225530 0.249846 0.227196 0.170512 0.110637 0.081983 0.109506 0.203505 0.360541 0.564289 0.784032 0.975868 1.092862 1.102409 1.000496 0.813392 0.586533 0.368038 0.194401 0.081984 0.025742 0.005974 0.001200 0.000771 0.009127 
0.020503 0.063148 0.128869 0.198262 0.243356 0.244069 0.201432 0.138753 0.090565 0.087746 0.148099 0.274844 0.458173 0.674715 0.886504 1.046261 1.112007 1.064323 0.915009 0.701820 0.473587 0.274103 0.130433 0.047880 0.012748 0.002682 0.000431 0.003110 
0.009169 0.038454 0.094034 0.164846 0.225441 0.249704 0.227105 0.170528 0.110722 0.082048 0.109501 0.203474 0.360566 0.564385 0.784112 0.975837 1.092729 1.102276 1.000444 0.813418 0.586592 0.368109 0.194482 0.082049 0.025742 0.005888 0.001076 0.000700 
0.003093 0.020597 0.063286 0.128950 0.198228 0.243230 0.243941 0.201394 0.138814 0.090650 0.087776 0.148071 0.274833 0.458238 0.674817 0.886535 1.046170 1.111861 1.064225 0.915001 0.701867 0.473653 0.274180 0.130511 0.047917 0.012702 0.002567 0.000323 
0.000630 0.009211 0.038583 0.094156 0.164873 0.225353 0.249564 0.227015 0.170544 0.110806 0.082111 0.109497 0.203444 0.360592 0.564480 0.784190 0.975806 1.092598 1.102144 1.000391 0.813442 0.586651 0.368181 0.194563 0.082113 0.025740 0.005802 0.000954 
0.000216 0.003076 0.020691 0.063424 0.129032 0.198194 0.243103 0.243814 0.201356 0.138873 0.090734 0.087806 0.148045 0.274824 0.458304 0.674916 0.886565 1.046081 1.111716 1.064127 0.914990 0.701913 0.473719 0.274258 0.130588 0.047954 0.012657 0.002453 
0.000832 0.000560 0.009252 0.038710 0.094277 0.164900 0.225265 0.249424 0.226925 0.170560 0.110889 0.082174 0.109493 0.203416 0.360618 0.564573 0.784266 0.975775 1.092469 1.102012 1.000337 0.813466 0.586710 0.368253 0.194644 0.082176 0.025739 0.005716 
0.002340 0.000109 0.003060 0.020783 0.063561 0.129114 0.198160 0.242977 0.243688 0.201317 0.138932 0.090817 0.087836 0.148019 0.274815 0.458369 0.675015 0.886594 1.045994 1.111572 1.064029 0.914979 0.701960 0.473786 0.274336 0.130666 0.047990 0.012612 
0.005631 0.000711 0.000491 0.009293 0.038837 0.094398 0.164926 0.225177 0.249285 0.226836 0.170575 0.110972 0.082237 0.109490 0.203389 0.360645 0.564665 0.784341 0.975745 1.092341 1.101881 1.000282 0.813489 0.586770 0.368327 0.194725 0.082238 0.025736 
0.012566 0.002227 0.000004 0.003043 0.020876 0.063698 0.129195 0.198126 0.242852 0.243563 0.201279 0.138990 0.090900 0.087866 0.147995 0.274808 0.458433 0.675111 0.886622 1.045907 1.111430 1.063931 0.914966 0.702005 0.473854 0.274415 0.130743 0.048025 
0.025733 0.005545 0.000590 0.000423 0.009334 0.038963 0.094518 0.164952 0.225089 0.249147 0.226747 0.170590 0.111053 0.082298 0.109487 0.203363 0.360672 0.564756 0.784415 0.975715 1.092215 1.101751 1.000227 0.813510 0.586830 0.368401 0.194806 0.082300 
0.048059 0.012520 0.002115 -0.000101 0.003027 0.020967 0.063834 0.129276 0.198093 0.242727 0.243438 0.201241 0.139048 0.090981 0.087895 0.147971 0.274802 0.458498 0.675206 0.886650 1.045821 1.111289 1.063833 0.914953 0.702051 0.473923 0.274494 0.130819 
0.082361 0.025730 0.005460 0.000470 0.000355 0.009375 0.039088 0.094638 0.164978 0.225001 0.249010 0.226659 0.170604 0.111133 0.082360 0.109485 0.203339 0.360700 0.564846 0.784487 0.975685 1.092090 1.101621 1.000170 0.813531 0.586890 0.368476 0.194887 
0.130895 0.048093 0.012474 0.002003 -0.000206 0.003011 0.021059 0.063969 0.129357 0.198059 0.242603 0.243314 0.201203 0.139104 0.091061 0.087925 0.147949 0.274797 0.458562 0.675300 0.886677 1.045736 1.111150 1.063734 0.914938 0.702096 0.473992 0.274574 
0.194969 0.082422 0.025726 0.005375 0.000351 0.000288 0.009416 0.039213 0.094757 0.165004 0.224914 0.248873 0.226572 0.170618 0.111213 0.082420 0.109483 0.203316 0.360728 0.564935 0.784558 0.975655 1.091966 1.101492 1.000112 0.813551 0.586951 0.368552 
0.274655 0.130971 0.048126 0.012428 0.001891 -0.000309 0.002995 0.021150 0.064104 0.129437 0.198025 0.242480 0.243192 0.201165 0.139160 0.091141 0.087954 0.147928 0.274794 0.458625 0.675392 0.886704 1.045653 1.111011 1.063635 0.914922 0.702141 0.474062 
0.368629 0.195051 0.082482 0.025721 0.005290 0.000232 0.000221 0.009456 0.039337 0.094876 0.165030 0.224827 0.248737 0.226485 0.170632 0.111291 0.082480 0.109482 0.203294 0.360757 0.565023 0.784628 0.975626 1.091844 1.101364 1.000054 0.813570 0.587011 
0.474133 0.274736 0.131047 0.048158 0.012382 0.001780 -0.000412 0.002980 0.021240 0.064238 0.129517 0.197991 0.242357 0.243069 0.201128 0.139215 0.091219 0.087984 0.147908 0.274791 0.458688 0.675482 0.886729 1.045570 1.110874 1.063536 0.914905 0.702185 
0.587072 0.368706 0.195132 0.082541 0.025716 0.005206 0.000115 0.000154 0.009497 0.039461 0.094994 0.165056 0.224741 0.248602 0.226398 0.170645 0.111368 0.082540 0.109481 0.203274 0.360786 0.565110 0.784696 0.975596 1.091723 1.101236 0.999995 0.813588 
0.702229 0.474204 0.274818 0.131122 0.048190 0.012335 0.001670 -0.000515 0.002964 0.021330 0.064372 0.129597 0.197958 0.242234 0.242948 0.201090 0.139269 0.091297 0.088013 0.147889 0.274789 0.458751 0.675572 0.886754 1.045488 1.110738 1.063437 0.914887 
0.813606 0.587133 0.368784 0.195214 0.082600 0.025710 0.005121 -0.000003 0.000088 0.009537 0.039584 0.095112 0.165082 0.224655 0.248468 0.226312 0.170658 0.111445 0.082599 0.109481 0.203254 0.360816 0.565195 0.784764 0.975567 1.091603 1.101109 0.999936 
