0.245914 0.253827 0.226039 0.196088 0.207829 0.294997 0.460889 0.671309 0.877996 0.901089 1.504140 2.014805 1.788153 1.656339 1.506905 1.474899 0.765958 0.070251 0.084253 0.023241 0.003850 0.000201 0.000029 0.002973 0.020078 0.062571 0.128610 0.198054 
0.226172 0.255207 0.242764 0.208595 0.194163 0.240982 0.369635 0.561842 0.795874 0.858999 1.155636 1.828960 1.947873 1.709250 1.567393 1.532377 1.179381 0.355637 0.030789 0.064727 0.008450 0.001123 -0.000024 0.000557 0.008902 0.037898 0.093635 0.164489 
0.198125 0.245829 0.253525 0.226059 0.196073 0.207929 0.295726 0.456874 0.691919 0.827694 0.953529 1.504035 1.961648 1.842671 1.615294 1.561173 1.421515 0.765898 0.122983 0.034245 0.043928 -0.000342 0.000627 -0.000124 0.002954 0.020151 0.062794 0.128551 
0.164480 0.226203 0.254970 0.242610 0.208625 0.194089 0.242104 0.365098 0.577023 0.773755 0.857579 1.197285 1.786236 1.953941 1.716410 1.574406 1.538165 1.136550 0.397474 0.029695 0.042810 0.023573 -0.003675 0.000791 0.000361 0.008932 0.038079 0.093716 
0.128571 0.198154 0.245725 0.253290 0.226030 0.195897 0.209159 0.291991 0.465143 0.688937 0.807798 0.983682 1.502776 1.935469 1.854464 1.621438 1.572719 1.395112 0.764683 0.153425 0.014642 0.041022 0.007753 -0.003421 0.000884 0.002705 0.020295 0.062944 
0.093794 0.164503 0.226181 0.254770 0.242498 0.208363 0.195169 0.239810 0.367691 0.582796 0.756539 0.863793 1.218817 1.765902 1.945523 1.728025 1.585877 1.529473 1.116109 0.419193 0.036234 0.025797 0.029292 -0.001350 -0.001789 0.001283 0.008710 0.038285 
0.063141 0.128606 0.198167 0.245602 0.253146 0.225698 0.196639 0.208287 0.291292 0.472036 0.681598 0.798478 1.003576 1.503627 1.915592 1.857354 1.636158 1.575365 1.375013 0.765577 0.173604 0.005612 0.033763 0.014467 -0.004421 -0.000223 0.003375 0.020158 
0.038239 0.093949 0.164521 0.226125 0.254654 0.242148 0.208693 0.195272 0.238054 0.372021 0.583736 0.744163 0.870470 1.233772 1.752592 1.934313 1.739800 1.597511 1.517993 1.102693 0.434332 0.043232 0.013625 0.030176 0.002716 -0.003832 0.001219 0.009100 
0.020327 0.063163 0.128721 0.198137 0.245539 0.252849 0.225666 0.197147 0.206870 0.292557 0.476583 0.673977 0.793481 1.018639 1.505027 1.898830 1.857889 1.651776 1.575661 1.358031 0.767018 0.188950 0.000907 0.026222 0.018837 -0.003453 -0.001883 0.003819 
0.009632 0.038276 0.094020 0.164573 0.226088 0.254456 0.241895 0.209153 0.194669 0.237382 0.376257 0.582459 0.734886 0.876833 1.245460 1.742192 1.923323 1.750690 1.608262 1.506736 1.092188 0.446200 0.049914 0.004552 0.028843 0.006693 -0.004794 0.000448 
0.003816 0.020718 0.063160 0.128797 0.198156 0.245428 0.252536 0.225858 0.197201 0.205646 0.294725 0.479357 0.666887 0.790684 1.030993 1.506252 1.884292 1.857802 1.666385 1.575337 1.343277 0.768283 0.201584 -0.001599 0.019212 0.021435 -0.001581 -0.003354 
-0.000607 0.010026 0.038479 0.094021 0.164641 0.226059 0.254188 0.241815 0.209472 0.193782 0.237578 0.379932 0.580122 0.727656 0.882868 1.255026 1.733332 1.913348 1.760492 1.617926 1.496498 1.083224 0.455944 0.056267 -0.002474 0.026450 0.010110 -0.004890 
-0.004426 0.003459 0.021171 0.063222 0.128822 0.198206 0.245259 0.252295 0.226112 0.196897 0.204823 0.297228 0.480888 0.660447 0.789217 1.041561 1.507081 1.871549 1.857613 1.679555 1.574917 1.330320 0.769150 0.212429 -0.002777 0.012852 0.022794 0.000624 
-0.004393 -0.001687 0.010207 0.038801 0.094017 0.164697 0.226014 0.253915 0.241861 0.209574 0.192867 0.238370 0.382984 0.577259 0.721881 0.888617 1.263013 1.725474 1.904523 1.769242 1.626541 1.487414 1.075262 0.464108 0.062332 -0.008047 0.023534 0.012906 
0.002880 -0.005089 0.002885 0.021578 0.063372 0.128825 0.198244 0.245064 0.252146 0.226323 0.196372 0.204410 0.299782 0.481541 0.654629 0.788645 1.050805 1.507492 1.860307 1.857483 1.691294 1.574557 1.318867 0.769599 0.221947 -0.003061 0.007114 0.023277 
0.015127 -0.003513 -0.002665 0.010185 0.039176 0.094054 0.164729 0.225941 0.253683 0.241963 0.209472 0.192054 0.239547 0.385460 0.574143 0.717204 0.894102 1.269754 1.718369 1.896777 1.777047 1.634213 1.479412 1.068055 0.471023 0.068131 -0.012520 0.020367 
0.023130 0.005049 -0.005394 0.002203 0.021887 0.063599 0.128832 0.198244 0.244871 0.252078 0.226439 0.195736 0.204356 0.302250 0.481563 0.649379 0.788711 1.058991 1.507536 1.850339 1.857447 1.701733 1.574296 1.308690 0.769680 0.230406 -0.002710 0.001945 
0.017101 0.016842 -0.002397 -0.003484 0.010000 0.039553 0.094151 0.164733 0.225838 0.253511 0.242070 0.209206 0.191397 0.240960 0.387429 0.570927 0.713394 0.899329 1.275482 1.711882 1.889985 1.784023 1.641058 1.472368 1.061465 0.476923 0.073669 -0.016128 
-0.002708 0.022520 0.007062 -0.005403 0.001491 0.022084 0.063884 0.128861 0.198199 0.244697 0.252069 0.226442 0.195068 0.204596 0.304563 0.481120 0.644643 0.789243 1.066298 1.507281 1.841459 1.857505 1.711029 1.574130 1.299603 0.769461 0.237983 -0.001893 
-0.019036 0.013829 0.018121 -0.001146 -0.004126 0.009695 0.039902 0.094310 0.164714 0.225712 0.253401 0.242152 0.208819 0.190914 0.242510 0.388963 0.567703 0.710285 0.904300 1.280374 1.705925 1.884016 1.790277 1.647183 1.466150 1.055407 0.481985 0.078950 
-0.000733 -0.006895 0.021568 0.008889 -0.005176 0.000796 0.022170 0.064204 0.128916 0.198114 0.244549 0.252096 0.226338 0.194416 0.205073 0.306690 0.480334 0.640372 0.790119 1.072856 1.506791 1.833513 1.857640 1.719332 1.574046 1.291453 0.769007 0.244808 
0.083975 -0.021367 0.010609 0.019026 0.000171 -0.004594 0.009307 0.040204 0.094519 0.164682 0.225570 0.253341 0.242189 0.208350 0.190605 0.244124 0.390122 0.564529 0.707751 0.909018 1.284572 1.700436 1.878752 1.795904 1.652683 1.460640 1.049818 0.486350 
0.250981 0.000678 -0.010661 0.020364 0.010519 -0.004763 0.000149 0.022160 0.064538 0.128999 0.198002 0.244428 0.252139 0.226138 0.193812 0.205734 0.308621 0.479295 0.636522 0.791248 1.078764 1.506124 1.826373 1.857836 1.726774 1.574026 1.284111 0.768374 
0.490132 0.088748 -0.023220 0.007477 0.019612 0.001504 -0.004900 0.008869 0.040452 0.094766 0.164644 0.225422 0.253320 0.242174 0.207831 0.190458 0.245756 0.390962 0.561443 0.705697 0.913487 1.288187 1.695366 1.874091 1.800985 1.657639 1.455736 1.044649 
0.767610 0.256586 0.002273 -0.014045 0.018976 0.011953 -0.004209 -0.000431 0.022070 0.064869 0.129107 0.197873 0.244330 0.252180 0.225859 0.193273 0.206535 0.310354 0.478071 0.633053 0.792562 1.084106 1.505326 1.819932 1.858079 1.733469 1.574055 1.277471 
1.039857 0.493421 0.093277 -0.024673 0.004458 0.019927 0.002820 -0.005059 0.008408 0.040645 0.095037 0.164608 0.225276 0.253322 0.242106 0.207289 0.190456 0.247369 0.391530 0.558467 0.704042 0.917714 1.291312 1.690673 1.869946 1.805589 1.662119 1.451351 
1.271443 0.766751 0.261690 0.003996 -0.017084 0.017455 0.013196 -0.003550 -0.000935 0.021917 0.065185 0.129234 0.197742 0.244253 0.252208 0.225518 0.192810 0.207441 0.311897 0.476714 0.629927 0.794006 1.088950 1.504434 1.814101 1.858353 1.739513 1.574119 
1.447413 1.035408 0.496294 0.097570 -0.025789 0.001563 0.020011 0.004095 -0.005089 0.007944 0.040783 0.095318 0.164581 0.225138 0.253335 0.241984 0.206744 0.190583 0.248942 0.391867 0.555616 0.702724 0.921706 1.294023 1.686321 1.866245 1.809774 1.666181 
