0.009163 0.012355 0.027955 0.067543 0.156975 0.189312 0.960156 1.764218 1.868861 2.006110 1.999423 1.979312 1.193374 0.386271 0.293592 0.147489 0.067874 0.027643 0.009961 0.003494 0.003118 0.007172 0.014331 0.022055 0.027080 0.027078 0.022113 0.013923 
0.010806 0.009570 0.018131 0.041746 0.121732 0.123543 0.508593 1.420668 1.864732 1.937394 2.005853 2.045268 1.652968 0.728769 0.291404 0.228404 0.099462 0.044073 0.016830 0.005759 0.002693 0.004664 0.010500 0.018329 0.025089 0.027751 0.025185 0.018038 
0.014044 0.009191 0.012737 0.023836 0.088025 0.106833 0.242109 0.960389 1.711127 1.923115 1.964680 2.053475 1.926001 1.193541 0.439163 0.243580 0.168085 0.063636 0.028118 0.009889 0.003493 0.003135 0.007193 0.014343 0.022055 0.027046 0.027147 0.021966 
0.018018 0.010823 0.010438 0.013352 0.056811 0.099607 0.122406 0.550621 1.378169 1.870689 1.944193 2.012537 2.050987 1.610313 0.770823 0.290390 0.206425 0.114504 0.039277 0.017720 0.005619 0.002713 0.004684 0.010517 0.018338 0.025060 0.027788 0.025131 
0.021928 0.013907 0.010354 0.008713 0.031926 0.084969 0.087073 0.272626 0.959464 1.685013 1.934646 1.970441 2.064806 1.899667 1.192550 0.469766 0.223976 0.165091 0.071686 0.024117 0.010972 0.003277 0.003181 0.007211 0.014360 0.022037 0.027055 0.027142 
0.025131 0.017754 0.011916 0.007949 0.015686 0.062455 0.082410 0.128886 0.572539 1.358055 1.862162 1.955449 2.023680 2.042225 1.590045 0.792758 0.297009 0.189351 0.120142 0.041604 0.015211 0.006608 0.002460 0.004753 0.010532 0.018336 0.025054 0.027794 
0.027184 0.021637 0.014664 0.009400 0.007760 0.038612 0.077566 0.077894 0.292875 0.960651 1.665198 1.937276 1.984781 2.067238 1.879636 1.193667 0.490106 0.214947 0.157744 0.078354 0.023160 0.009945 0.003974 0.002946 0.007296 0.014358 0.022031 0.027052 
0.027855 0.024901 0.018105 0.012000 0.006015 0.019763 0.063251 0.070067 0.135825 0.587875 1.344967 1.850842 1.966869 2.034987 2.030672 1.576801 0.808111 0.304088 0.177120 0.120946 0.045671 0.013241 0.006610 0.002811 0.004586 0.010613 0.018321 0.025042 
0.027110 0.027053 0.021671 0.015179 0.007891 0.008788 0.042943 0.069881 0.073046 0.308287 0.962385 1.648497 1.937553 2.000023 2.067321 1.862720 1.195328 0.505612 0.210243 0.150117 0.082678 0.024170 0.008368 0.004439 0.003022 0.007213 0.014419 0.021996 
0.025062 0.027819 0.024770 0.018600 0.011363 0.005170 0.023751 0.061822 0.060828 0.142452 0.599940 1.334787 1.839742 1.977407 2.045415 2.019343 1.566464 0.820193 0.310853 0.167989 0.119535 0.049645 0.012352 0.005902 0.003302 0.004511 0.010601 0.018338 
0.022021 0.027117 0.026898 0.021940 0.015237 0.006566 0.010729 0.045498 0.062725 0.070404 0.320989 0.963941 1.634021 1.937208 2.014257 2.066784 1.848030 1.196812 0.518407 0.207740 0.143023 0.085229 0.026084 0.006979 0.004452 0.003326 0.007104 0.014433 
0.018372 0.025096 0.027704 0.024815 0.018959 0.010433 0.005195 0.027182 0.059327 0.053638 0.148753 0.609877 1.326146 1.829659 1.986858 2.054757 2.009032 1.557666 0.830148 0.317289 0.160907 0.117064 0.053061 0.012330 0.004908 0.003657 0.004607 0.010514 
0.014393 0.022082 0.027065 0.026808 0.022279 0.014935 0.005637 0.013009 0.046809 0.056217 0.069096 0.331902 0.965096 1.621339 1.936764 2.027056 2.066151 1.835135 1.197895 0.529412 0.206567 0.136579 0.086541 0.028332 0.005987 0.004109 0.003696 0.007061 
0.010418 0.018397 0.025117 0.027578 0.024985 0.019106 0.009470 0.005816 0.029994 0.056304 0.047904 0.154771 0.618234 1.318504 1.820726 1.995260 2.063052 1.999874 1.549868 0.838522 0.323438 0.155281 0.114069 0.055855 0.012900 0.003885 0.003800 0.004825 
0.007104 0.014327 0.022135 0.026986 0.026807 0.022579 0.014411 0.005115 0.015345 0.047244 0.050329 0.068685 0.341490 0.965831 1.610159 1.936380 2.038425 2.065580 1.823742 1.198558 0.539090 0.206290 0.130759 0.086977 0.030631 0.005403 0.003549 0.004023 
0.005097 0.010360 0.018397 0.025113 0.027489 0.025214 0.019053 0.008605 0.006821 0.032232 0.053028 0.043271 0.160525 0.625341 1.311613 1.812874 2.002719 2.070406 1.991797 1.542822 0.845646 0.329321 0.150755 0.110824 0.058073 0.013853 0.002963 0.003742 
0.004256 0.007224 0.014266 0.022153 0.026907 0.026884 0.022787 0.013777 0.004947 0.017595 0.047047 0.045009 0.068913 0.350022 0.966196 1.600251 1.936093 2.048497 2.065107 1.813624 1.198850 0.547709 0.206650 0.125510 0.086782 0.032843 0.005175 0.002880 
0.003523 0.005372 0.010362 0.018371 0.025079 0.027458 0.025448 0.018837 0.007894 0.008063 0.033967 0.049651 0.039504 0.166023 0.631433 1.305338 1.805976 2.009352 2.076934 1.984677 1.536391 0.851754 0.334946 0.147097 0.107481 0.059786 0.015041 0.002199 
0.002181 0.004377 0.007401 0.014225 0.022127 0.026847 0.027019 0.022885 0.013110 0.005073 0.019691 0.046388 0.040203 0.069609 0.357673 0.966258 1.591431 1.935901 2.057428 2.064732 1.804594 1.198841 0.555446 0.207477 0.120776 0.086125 0.034898 0.005241 
0.001610 0.003183 0.005619 0.010423 0.018323 0.025023 0.027487 0.025657 0.018502 0.007357 0.009439 0.035266 0.046267 0.036438 0.171266 0.636688 1.299590 1.799901 2.015265 2.082744 1.978383 1.530490 0.857023 0.340313 0.144140 0.104132 0.061062 0.016362 
0.005542 0.001499 0.004389 0.007612 0.014211 0.022062 0.026811 0.027189 0.022876 0.012460 0.005433 0.021601 0.045386 0.035863 0.070650 0.364574 0.966084 1.583543 1.935788 2.065369 2.064437 1.796498 1.198594 0.562430 0.208647 0.116510 0.085126 0.036766 
0.017747 0.001194 0.002763 0.005821 0.010535 0.018262 0.024951 0.027565 0.025822 0.018086 0.006991 0.010880 0.036191 0.042934 0.033949 0.176256 0.641246 1.294309 1.794533 2.020554 2.087931 1.972797 1.525056 0.861593 0.345425 0.141761 0.100836 0.061965 
0.038436 0.006027 0.000867 0.004307 0.007837 0.014224 0.021970 0.026801 0.027375 0.022773 0.011857 0.005977 0.023315 0.044132 0.031944 0.071945 0.370825 0.965730 1.576460 1.935739 2.072451 2.064208 1.789210 1.198167 0.568763 0.210071 0.112667 0.083876 
0.062548 0.019148 0.000940 0.002294 0.005970 0.010684 0.018196 0.024874 0.027680 0.025935 0.017621 0.006786 0.012337 0.036799 0.039689 0.031939 0.180998 0.645220 1.289444 1.789767 2.025300 2.092574 1.967815 1.520039 0.865579 0.350287 0.139862 0.097630 
0.082442 0.039908 0.006652 0.000300 0.004145 0.008060 0.014261 0.021864 0.026815 0.027558 0.022591 0.011319 0.006660 0.024833 0.042694 0.028406 0.073424 0.376509 0.965243 1.570076 1.935737 2.078789 2.064027 1.782621 1.197607 0.574526 0.211679 0.109207 
0.094536 0.062859 0.020529 0.000832 0.001803 0.006063 0.010857 0.018133 0.024798 0.027818 0.025995 0.017133 0.006726 0.013775 0.037135 0.036555 0.030331 0.185496 0.648702 1.284954 1.785519 2.029570 2.096744 1.963352 1.515397 0.869071 0.354905 0.138365 
0.106093 0.080876 0.041190 0.007381 -0.000189 0.003920 0.008268 0.014319 0.021754 0.026848 0.027727 0.022349 0.010858 0.007446 0.026160 0.041123 0.025213 0.075035 0.381695 0.964659 1.564300 1.935769 2.084478 2.063883 1.776642 1.196950 0.579789 0.213418 
0.137205 0.091569 0.062940 0.021869 0.000853 0.001309 0.006103 0.011040 0.018078 0.024730 0.027966 0.026001 0.016643 0.006795 0.015172 0.037241 0.033546 0.029059 0.189761 0.651768 1.280804 1.781714 2.033424 2.100499 1.959335 1.511097 0.872145 0.359287 
