0.022778 0.031854 -0.055100 0.568019 1.231193 1.263199 1.458400 1.662822 1.962245 1.504631 0.929873 0.917008 0.710321 0.489672 0.295488 0.155270 0.070757 0.028120 0.009960 0.003162 0.001361 0.003432 0.010060 0.020576 0.031748 0.038993 0.039059 0.031386 
0.024623 0.041441 -0.056519 0.192264 0.953711 1.282506 1.341720 1.545916 1.860404 1.806017 1.173100 0.894586 0.835981 0.597429 0.387099 0.218040 0.106690 0.045300 0.016930 0.005679 0.001790 0.001875 0.006172 0.014988 0.026366 0.036111 0.040076 0.035990 
0.027316 0.043437 -0.018417 -0.002327 0.567954 1.177934 1.317582 1.417390 1.717272 1.908971 1.504447 0.982330 0.866801 0.731027 0.485674 0.296140 0.155245 0.070713 0.028065 0.009921 0.003143 0.001364 0.003452 0.010085 0.020594 0.031725 0.039016 0.039434 
0.031215 0.039834 0.019338 -0.057737 0.234137 0.910932 1.288432 1.348814 1.553057 1.866368 1.763185 1.214715 0.893230 0.813968 0.612673 0.382531 0.219044 0.106544 0.045256 0.016880 0.005650 0.001782 0.001888 0.006196 0.015014 0.026363 0.036026 0.040951 
0.035412 0.035488 0.040485 -0.038214 0.028079 0.566787 1.151628 1.329253 1.423566 1.728997 1.882675 1.503110 1.012500 0.847000 0.728139 0.493963 0.292318 0.156376 0.070455 0.028039 0.009878 0.003125 0.001367 0.003472 0.010112 0.020623 0.031529 0.040124 
0.038431 0.033593 0.045588 0.002180 -0.051331 0.255874 0.890567 1.279862 1.360374 1.564650 1.857848 1.742742 1.236215 0.899507 0.796858 0.618511 0.385085 0.216649 0.107528 0.044938 0.016880 0.005614 0.001775 0.001900 0.006218 0.015077 0.026108 0.037046 
0.039106 0.034463 0.042262 0.033170 -0.047409 0.048200 0.567736 1.131633 1.332016 1.438324 1.731817 1.862682 1.503884 1.032412 0.837773 0.720895 0.500871 0.291541 0.155399 0.071108 0.027732 0.009900 0.003095 0.001373 0.003483 0.010197 0.020379 0.032245 
0.037066 0.036458 0.037720 0.046486 -0.010120 -0.044462 0.271017 0.877237 1.268500 1.372093 1.576407 1.846535 1.729326 1.251137 0.906246 0.784588 0.619513 0.389379 0.214795 0.107526 0.045225 0.016641 0.005646 0.001755 0.001902 0.006305 0.014901 0.026465 
0.032726 0.037532 0.035496 0.046681 0.025570 -0.052266 0.063477 0.569231 1.114760 1.332424 1.453980 1.732284 1.845803 1.505207 1.047491 0.832871 0.713369 0.505432 0.292732 0.153873 0.071530 0.027735 0.009754 0.003130 0.001345 0.003559 0.010110 0.020452 
0.026964 0.036368 0.035575 0.041759 0.045156 -0.019313 -0.037906 0.282882 0.866822 1.257362 1.382928 1.587281 1.835442 1.718819 1.262792 0.912670 0.775417 0.618297 0.393581 0.214024 0.106814 0.045651 0.016494 0.005589 0.001766 0.001934 0.006301 0.014820 
0.020755 0.032750 0.036146 0.037441 0.049321 0.018498 -0.054915 0.076040 0.570547 1.100119 1.332211 1.468625 1.732129 1.831149 1.506355 1.059862 0.830168 0.706372 0.508220 0.294829 0.152536 0.071501 0.027965 0.009583 0.003118 0.001374 0.003587 0.010000 
0.014912 0.027325 0.035381 0.035563 0.045241 0.042758 -0.026455 -0.031676 0.292618 0.857948 1.247244 1.392673 1.597065 1.825365 1.709852 1.272325 0.918767 0.768291 0.616020 0.397225 0.214120 0.105817 0.045941 0.016517 0.005457 0.001791 0.001981 0.006221 
0.009956 0.021126 0.032416 0.035158 0.039725 0.050716 0.012074 -0.056229 0.086812 0.571462 1.087276 1.331899 1.481832 1.731875 1.818290 1.507107 1.070447 0.828794 0.700024 0.509766 0.297260 0.151598 0.071116 0.028260 0.009478 0.003052 0.001438 0.003559 
0.006131 0.015127 0.027473 0.034362 0.036147 0.048101 0.039832 -0.032140 -0.025730 0.300769 0.850077 1.238282 1.401368 1.605799 1.816439 1.701888 1.280280 0.924579 0.762619 0.613216 0.400246 0.214810 0.104792 0.046018 0.016662 0.005316 0.001806 0.002016 
0.003504 0.010000 0.021454 0.031860 0.034578 0.042064 0.051233 0.006270 -0.056644 0.096257 0.571956 1.075940 1.331649 1.493605 1.731679 1.806933 1.507441 1.079707 0.828315 0.694297 0.510437 0.299743 0.151068 0.070513 0.028512 0.009460 0.002960 0.001494 
0.002025 0.006080 0.015399 0.027420 0.033443 0.037118 0.050387 0.036651 -0.036724 -0.020048 0.307670 0.842960 1.230403 1.409118 1.613587 1.808593 1.694677 1.286988 0.930125 0.758046 0.610160 0.402693 0.215884 0.103869 0.045894 0.016862 0.005214 0.001795 
0.001514 0.003452 0.010123 0.021688 0.031195 0.034356 0.044318 0.051117 0.001035 -0.056421 0.104643 0.572081 1.065880 1.331497 1.504077 1.731579 1.796851 1.507409 1.087911 0.828473 0.689137 0.510475 0.302139 0.150896 0.069803 0.028669 0.009519 0.002872 
0.001757 0.002007 0.006088 0.015676 0.027202 0.032680 0.038326 0.052167 0.033368 -0.040440 -0.014624 0.313553 0.836459 1.223482 1.416041 1.620545 1.801701 1.688083 1.292684 0.935414 0.754338 0.607003 0.404633 0.217194 0.103104 0.045607 0.017065 0.005171 
0.002803 0.001490 0.003420 0.010303 0.021811 0.030497 0.034429 0.046418 0.050537 -0.003686 -0.055729 0.112147 0.571903 1.056910 1.331441 1.513406 1.731572 1.787857 1.507078 1.095235 0.829096 0.684491 0.510050 0.304380 0.151019 0.069061 0.028714 0.009635 
0.005188 0.001698 0.001965 0.006156 0.015926 0.026865 0.032092 0.039671 0.053512 0.030078 -0.043455 -0.009455 0.318599 0.830490 1.217387 1.422244 1.626782 1.795634 1.682021 1.297544 0.940446 0.751329 0.603840 0.406137 0.218639 0.102514 0.045201 0.017239 
0.009785 0.002761 0.001427 0.003413 0.010519 0.021825 0.029815 0.034739 0.048333 0.049613 -0.007942 -0.054693 0.118899 0.571490 1.048877 1.331467 1.521742 1.731643 1.779798 1.506512 1.101809 0.830063 0.680310 0.509282 0.306435 0.151378 0.068337 0.028650 
0.017369 0.005255 0.001624 0.001909 0.006274 0.016131 0.026445 0.031678 0.041081 0.054482 0.026838 -0.045893 -0.004541 0.322946 0.824988 1.212002 1.427821 1.632391 1.790272 1.676428 1.301709 0.945225 0.748897 0.600726 0.407268 0.220150 0.102099 0.044713 
0.028491 0.009950 0.002745 0.001337 0.003433 0.010749 0.021744 0.029181 0.035232 0.050052 0.048437 -0.011776 -0.053403 0.125000 0.570896 1.041652 1.331557 1.529216 1.731775 1.772545 1.505770 1.107734 0.831283 0.676549 0.508261 0.308292 0.151922 0.067662 
0.044177 0.017444 0.005359 0.001545 0.001848 0.006430 0.016283 0.025975 0.031425 0.042508 0.055134 0.023686 -0.047851 0.000124 0.326709 0.819905 1.207222 1.432854 1.637454 1.785513 1.671254 1.305293 0.949754 0.746942 0.597700 0.408078 0.221677 0.101846 
0.067054 0.028253 0.010111 0.002754 0.001232 0.003477 0.010977 0.021583 0.028613 0.035868 0.051574 0.047075 -0.015229 -0.051929 0.130533 0.570170 1.035128 1.331696 1.535943 1.731953 1.765993 1.504897 1.113093 0.832686 0.673169 0.507055 0.309953 0.152608 
0.101741 0.043618 0.017465 0.005485 0.001469 0.001790 0.006609 0.016380 0.025482 0.031318 0.043918 0.055513 0.020644 -0.049409 0.004545 0.329980 0.815199 1.202962 1.437411 1.642040 1.781270 1.666458 1.308386 0.954040 0.745387 0.594784 0.408617 0.223186 
0.153398 0.066523 0.027952 0.010258 0.002783 0.001125 0.003541 0.011190 0.021360 0.028121 0.036608 0.052906 0.045580 -0.018338 -0.050324 0.135566 0.569348 1.029215 1.331870 1.542019 1.732164 1.760050 1.503930 1.117953 0.834219 0.670133 0.505716 0.311423 
0.224654 0.101764 0.043056 0.017431 0.005622 0.001401 0.001740 0.006798 0.016423 0.024987 0.031339 0.045287 0.055662 0.017728 -0.050629 0.008732 0.332834 0.810835 1.199147 1.441551 1.646206 1.777472 1.662003 1.311065 0.958092 0.744169 0.591993 0.408925 
