0.027346 0.038194 0.070690 0.145732 0.274918 0.457923 0.671802 0.869509 1.005794 0.918693 1.398043 1.796258 1.485199 1.306667 1.154106 1.163494 0.530858 -0.075500 0.014880 0.000884 0.000694 0.003261 0.010021 0.020569 0.031746 0.038993 0.039190 0.030613 
0.027689 0.030677 0.050478 0.101920 0.203173 0.360579 0.563682 0.774159 0.965238 0.935111 1.111419 1.664005 1.682888 1.377756 1.210469 1.195043 0.902938 0.165271 -0.073804 0.022801 -0.001614 0.001668 0.006088 0.014970 0.026364 0.036089 0.040282 0.035241 
0.030958 0.027494 0.037689 0.071009 0.145588 0.274987 0.458623 0.667756 0.890061 0.955453 0.971170 1.398018 1.743130 1.539664 1.265571 1.208414 1.110217 0.530860 -0.022825 -0.035266 0.021467 -0.003479 0.003816 0.010005 0.020592 0.031682 0.039232 0.038692 
0.035107 0.028082 0.030395 0.050372 0.102074 0.202976 0.361684 0.559116 0.789294 0.943062 0.933688 1.153136 1.621345 1.688938 1.384849 1.217471 1.200915 0.860206 0.207114 -0.075006 0.000749 0.013461 -0.003048 0.007050 0.014880 0.026319 0.036242 0.040105 
0.038453 0.031155 0.027582 0.037404 0.071102 0.145408 0.276126 0.454878 0.675988 0.887022 0.935520 1.001360 1.396837 1.716978 1.551406 1.271666 1.219999 1.083919 0.529707 0.007560 -0.055006 0.018458 0.004635 -0.000105 0.011160 0.020347 0.031781 0.039240 
0.039938 0.035071 0.028302 0.030247 0.050285 0.101897 0.203987 0.359336 0.561695 0.795016 0.925792 0.939900 1.174736 1.601073 1.680504 1.396401 1.228932 1.192306 0.839863 0.228838 -0.068575 -0.016399 0.019133 -0.000645 0.004626 0.015882 0.026072 0.036368 
0.039257 0.038295 0.031294 0.027632 0.037273 0.070837 0.146164 0.275174 0.454151 0.682852 0.879623 0.926166 1.021290 1.397765 1.697128 1.554245 1.286338 1.222684 1.063924 0.530662 0.027684 -0.064171 0.011097 0.011365 -0.000973 0.010184 0.021039 0.031599 
0.036209 0.039870 0.035050 0.028437 0.030218 0.049965 0.102283 0.204048 0.357518 0.566005 0.795909 0.913361 0.946577 1.189756 1.587824 1.669278 1.408114 1.240556 1.180906 0.826543 0.243982 -0.061684 -0.028704 0.019967 0.003505 0.002733 0.015897 0.026452 
0.031712 0.039091 0.038249 0.031365 0.027732 0.037019 0.070853 0.146684 0.273693 0.455377 0.687371 0.871945 0.921135 1.036390 1.399239 1.680391 1.554732 1.301910 1.223018 1.047044 0.532163 0.042974 -0.069011 0.003453 0.015753 0.000126 0.008649 0.021519 
0.026978 0.036119 0.039734 0.035069 0.028565 0.030125 0.049748 0.102782 0.203414 0.356787 0.570214 0.794589 0.904030 0.952939 1.201508 1.577482 1.658273 1.418945 1.251299 1.169729 0.816133 0.255856 -0.055108 -0.037910 0.018586 0.007566 0.001914 0.015210 
0.021560 0.032038 0.038898 0.038182 0.031470 0.027776 0.036769 0.071082 0.146746 0.272415 0.457502 0.690114 0.864801 0.918305 1.048781 1.400536 1.665878 1.554597 1.316474 1.222733 1.032390 0.533488 0.055553 -0.071651 -0.003659 0.018371 0.002126 0.007301 
0.014245 0.027366 0.036185 0.039541 0.035107 0.028684 0.029971 0.049712 0.103127 0.202501 0.356929 0.573856 0.792209 0.896749 0.958975 1.211137 1.568679 1.648283 1.428688 1.260955 1.159570 0.807262 0.265605 -0.048860 -0.045069 0.016146 0.011067 0.001957 
0.006354 0.021250 0.032419 0.038772 0.038076 0.031596 0.027757 0.036602 0.071370 0.146444 0.271546 0.459959 0.691610 0.858309 0.916806 1.059385 1.401435 1.653158 1.554363 1.329602 1.222350 1.019532 0.534414 0.066345 -0.072962 -0.010121 0.019750 0.004456 
0.002591 0.013259 0.027538 0.036365 0.039351 0.035135 0.028775 0.029817 0.049806 0.103249 0.201562 0.357670 0.576870 0.789303 0.890924 0.964724 1.219187 1.560877 1.639443 1.437383 1.269563 1.150563 0.799393 0.273774 -0.042899 -0.050774 0.013184 0.013945 
0.006835 0.005817 0.020725 0.032747 0.038737 0.037955 0.031702 0.027708 0.036535 0.071613 0.145917 0.271090 0.462468 0.692227 0.852441 0.916204 1.068664 1.401916 1.641940 1.554188 1.341299 1.222028 1.008177 0.534921 0.075809 -0.073378 -0.015959 0.020254 
0.016246 0.003608 0.012377 0.027505 0.036595 0.039210 0.035138 0.028829 0.029707 0.049961 0.103162 0.200724 0.358798 0.579306 0.786143 0.886201 0.970210 1.225989 1.553826 1.631683 1.445133 1.277228 1.142638 0.792276 0.280694 -0.037204 -0.055379 0.009971 
0.020126 0.009124 0.005639 0.020093 0.032975 0.038782 0.037845 0.031765 0.027657 0.036555 0.071760 0.145277 0.270996 0.464891 0.692208 0.847141 0.916242 1.076885 1.402027 1.631995 1.554109 1.351697 1.221804 0.998097 0.535059 0.084215 -0.073158 -0.021228 
0.006661 0.018039 0.004860 0.011656 0.027306 0.036825 0.039136 0.035114 0.028847 0.029660 0.050125 0.102908 0.200043 0.360166 0.581234 0.782881 0.882347 0.975439 1.231776 1.547392 1.624877 1.452056 1.284067 1.135669 0.785776 0.286599 -0.031768 -0.059116 
-0.025979 0.019536 0.011256 0.005759 0.019429 0.033085 0.038888 0.037760 0.031778 0.027622 0.036638 0.071795 0.144602 0.271199 0.467159 0.691722 0.842356 0.916747 1.084227 1.401838 1.623137 1.554125 1.360955 1.221676 0.989105 0.534897 0.091739 -0.072471 
-0.062152 0.003345 0.019395 0.006248 0.011113 0.026985 0.037027 0.039128 0.035067 0.028836 0.029675 0.050267 0.102531 0.199536 0.361672 0.582724 0.779611 0.879195 0.980414 1.236727 1.541487 1.618895 1.458259 1.290187 1.129525 0.779806 0.291667 -0.026589 
-0.071441 -0.030264 0.018602 0.013201 0.006116 0.018783 0.033084 0.039030 0.037705 0.031747 0.027611 0.036762 0.071722 0.143940 0.271639 0.469242 0.690892 0.838037 0.917599 1.090819 1.401413 1.615213 1.554219 1.369220 1.221628 0.981048 0.534498 0.098511 
-0.021666 -0.064611 0.000081 0.020376 0.007701 0.010745 0.026579 0.037182 0.039175 0.035005 0.028806 0.029742 0.050367 0.102070 0.199202 0.363244 0.583839 0.776390 0.876620 0.985136 1.240981 1.536048 1.613618 1.463837 1.295683 1.124089 0.774304 0.296036 
0.104632 -0.070158 -0.034125 0.017416 0.014948 0.006659 0.018184 0.032985 0.039190 0.037681 0.031685 0.027624 0.036903 0.071555 0.143325 0.272264 0.471128 0.689808 0.834140 0.918706 1.096761 1.400808 1.608094 1.554376 1.376626 1.221645 0.973798 0.533921 
0.299822 -0.016993 -0.066590 -0.003095 0.021037 0.009171 0.010539 0.026121 0.037284 0.039263 0.034938 0.028765 0.029848 0.050417 0.101559 0.199029 0.364834 0.584634 0.773255 0.874525 0.989610 1.244652 1.531027 1.608944 1.468870 1.300634 1.119257 0.769220 
0.533210 0.110184 -0.068691 -0.037605 0.016044 0.016499 0.007344 0.017650 0.032805 0.039349 0.037683 0.031605 0.027658 0.037045 0.071310 0.142775 0.273030 0.472818 0.688537 0.830623 0.919998 1.102137 1.400071 1.601673 1.554579 1.383286 1.221710 0.967249 
0.764513 0.303115 -0.012563 -0.068168 -0.006159 0.021425 0.010623 0.010480 0.025639 0.037331 0.039377 0.034873 0.028724 0.029976 0.050415 0.101025 0.199001 0.366407 0.585157 0.770231 0.872832 0.993842 1.247832 1.526381 1.604787 1.473427 1.305111 1.114945 
0.961311 0.532405 0.115236 -0.067093 -0.040740 0.014540 0.017858 0.008134 0.017193 0.032560 0.039496 0.037707 0.031519 0.027711 0.037174 0.071004 0.142300 0.273901 0.474318 0.687132 0.827450 0.921422 1.107015 1.399238 1.595862 1.554817 1.389297 1.221811 
1.111078 0.760148 0.305992 -0.008369 -0.069408 -0.009097 0.021583 0.012035 0.010549 0.025152 0.037324 0.039505 0.034817 0.028688 0.030116 0.050362 0.100487 0.199101 0.367939 0.585449 0.767330 0.871476 0.997841 1.250597 1.522076 1.601074 1.477566 1.309171 
