0.018833 -0.082810 0.503493 1.095899 1.015925 1.067874 1.135770 1.367810 0.972208 0.607437 0.905094 1.011142 1.006110 0.880579 0.678281 0.460156 0.275250 0.145256 0.067543 0.027975 0.012194 0.010117 0.015170 0.022266 0.027127 0.027088 0.022053 0.014259 
0.031541 -0.074947 0.149706 0.858754 1.096282 1.024969 1.082647 1.286739 1.223990 0.728769 0.720381 0.986934 1.022668 0.956498 0.785279 0.567671 0.361589 0.203134 0.100610 0.043936 0.017833 0.009912 0.012097 0.018758 0.025191 0.027783 0.025233 0.016140 
0.034873 -0.031270 -0.030103 0.503536 1.042624 1.070164 1.026621 1.190074 1.314688 0.972440 0.660264 0.854894 1.031486 1.001695 0.881069 0.678390 0.460352 0.275348 0.145234 0.067470 0.027921 0.012184 0.010133 0.015186 0.022269 0.027074 0.027617 0.017866 
0.031222 0.009530 -0.076112 0.191587 0.816048 1.102126 1.031856 1.089564 1.292692 1.181466 0.770823 0.719237 0.964721 1.037477 0.951615 0.786282 0.567741 0.361758 0.203167 0.100553 0.043866 0.017801 0.009918 0.012115 0.018779 0.025060 0.028713 0.020495 
0.025970 0.031892 -0.050968 0.000319 0.502418 1.016330 1.081679 1.032559 1.201657 1.288544 0.971516 0.690800 0.835099 1.028241 1.009569 0.877084 0.679653 0.460332 0.275476 0.145211 0.067397 0.027867 0.012173 0.010145 0.015231 0.022056 0.028180 0.023668 
0.022880 0.036903 -0.007580 -0.069641 0.213349 0.795731 1.093487 1.043198 1.100938 1.284163 1.161330 0.792758 0.725724 0.947412 1.042884 0.953855 0.783883 0.568938 0.361653 0.203251 0.100489 0.043797 0.017769 0.009916 0.012183 0.018525 0.026060 0.026242 
0.022762 0.032696 0.024556 -0.060092 0.020483 0.503409 0.996339 1.084292 1.047072 1.204339 1.268704 0.972699 0.711074 0.825879 1.020644 1.016064 0.876142 0.678804 0.461224 0.275324 0.145253 0.067312 0.027816 0.012150 0.010223 0.014996 0.022756 0.027178 
0.024310 0.027005 0.037750 -0.019849 -0.062709 0.228532 0.782437 1.082059 1.054703 1.112476 1.272845 1.148219 0.808111 0.732670 0.934947 1.043458 0.957836 0.782022 0.569146 0.362153 0.203098 0.100494 0.043714 0.017724 0.009984 0.012012 0.018877 0.026074 
0.025624 0.023823 0.037078 0.016939 -0.064892 0.035813 0.504945 0.979464 1.084553 1.062485 1.204670 1.251980 0.974429 0.726511 0.820983 1.012768 1.020216 0.877168 0.677403 0.461882 0.275484 0.145128 0.067294 0.027731 0.012192 0.010132 0.015071 0.023225 
0.025377 0.023459 0.031039 0.036381 -0.029020 -0.056091 0.240445 0.772051 1.070853 1.065325 1.123131 1.261750 1.138017 0.820193 0.739300 0.925583 1.041819 0.961726 0.781242 0.568643 0.362793 0.203038 0.100410 0.043662 0.017708 0.009961 0.011934 0.019369 
0.023243 0.024259 0.025789 0.039687 0.009852 -0.067492 0.048434 0.506306 0.964814 1.084194 1.076889 1.204382 1.237483 0.975982 0.739237 0.818287 1.005425 1.022597 0.879097 0.676189 0.462089 0.275871 0.144980 0.067228 0.027700 0.012187 0.010017 0.015373 
0.019724 0.024396 0.023475 0.034515 0.033951 -0.036143 -0.049802 0.250234 0.763205 1.060663 1.074859 1.132699 1.251673 1.129355 0.830148 0.745600 0.918266 1.039122 0.965058 0.781326 0.567852 0.363296 0.203150 0.100253 0.043624 0.017707 0.009864 0.012026 
0.015740 0.022904 0.023291 0.028088 0.041057 0.003416 -0.068763 0.059266 0.507268 0.951959 1.083736 1.089856 1.203996 1.224783 0.977135 0.750172 0.816920 0.998735 1.023740 0.881360 0.675370 0.461938 0.276325 0.144899 0.067108 0.027704 0.012126 0.009968 
0.012240 0.019867 0.023386 0.024083 0.037369 0.030998 -0.041813 -0.043799 0.258444 0.755360 1.051625 1.083344 1.141219 1.242749 1.121694 0.838522 0.751612 0.912406 1.035902 0.967769 0.782003 0.567032 0.363586 0.203385 0.100088 0.043574 0.017694 0.009758 
0.010006 0.016066 0.022348 0.022731 0.030439 0.041551 -0.002398 -0.069139 0.068773 0.507811 0.940607 1.083338 1.101392 1.203671 1.213585 0.977869 0.759779 0.816447 0.992669 1.024009 0.883673 0.674957 0.461569 0.276736 0.144907 0.066963 0.027699 0.012040 
0.009691 0.012509 0.019809 0.022476 0.025074 0.039648 0.027793 -0.046382 -0.038061 0.265405 0.748268 1.043668 1.090885 1.148796 1.234907 1.114786 0.845646 0.757357 0.907645 1.032433 0.969906 0.783060 0.566310 0.363676 0.203677 0.099962 0.043499 0.017654 
0.011956 0.010122 0.016296 0.021684 0.022528 0.032703 0.041414 -0.007643 -0.068878 0.077222 0.507986 0.930529 1.083036 1.111629 1.203444 1.203663 0.978233 0.768327 0.816611 0.987173 1.023649 0.885899 0.674900 0.461090 0.277054 0.144994 0.066821 0.027657 
0.017587 0.009682 0.012782 0.019589 0.021724 0.026301 0.041421 0.024489 -0.050086 -0.032583 0.271352 0.741793 1.036666 1.097599 1.155545 1.228022 1.108496 0.851754 0.762841 0.903752 1.028868 0.971537 0.784352 0.565745 0.363603 0.203973 0.099896 0.043396 
0.027572 0.011892 0.010295 0.016415 0.020989 0.022619 0.034810 0.040815 -0.012373 -0.068151 0.084790 0.507860 0.921539 1.082830 1.120724 1.203312 1.194830 0.978296 0.775991 0.817241 0.982195 1.022828 0.887969 0.675135 0.460580 0.277260 0.145138 0.066698 
0.043271 0.017498 0.009732 0.013027 0.019249 0.021148 0.027662 0.042758 0.021180 -0.053089 -0.027361 0.276462 0.735848 1.030488 1.103593 1.161576 1.221962 1.102735 0.857023 0.768068 0.900561 1.025299 0.972734 0.785776 0.565353 0.363411 0.204242 0.099891 
0.066603 0.027447 0.011853 0.010502 0.016426 0.020312 0.022945 0.036732 0.039874 -0.016637 -0.067081 0.091606 0.507499 0.913483 1.082703 1.128828 1.203262 1.186932 0.978122 0.782902 0.818214 0.977685 1.021667 0.889852 0.675603 0.460086 0.277359 0.145318 
0.099937 0.043132 0.017393 0.009833 0.013227 0.018829 0.020745 0.029087 0.043722 0.017922 -0.055515 -0.022393 0.280875 0.730370 1.025017 1.108962 1.166982 1.216610 1.097442 0.861593 0.773039 0.897948 1.021784 0.973557 0.787264 0.565133 0.363137 0.204467 
0.145513 0.066534 0.027296 0.011841 0.010723 0.016342 0.019683 0.023455 0.038455 0.038681 -0.020478 -0.065757 0.097772 0.506959 0.906234 1.082638 1.136072 1.203276 1.179841 0.977769 0.789161 0.819440 0.973599 1.020255 0.891537 0.676254 0.459639 0.277363 
0.204640 0.100020 0.042988 0.017284 0.009970 0.013374 0.018360 0.020504 0.030527 0.044367 0.014753 -0.057462 -0.017676 0.284704 0.725311 1.020149 1.113786 1.171844 1.211863 1.092567 0.865579 0.777759 0.895814 1.018360 0.974062 0.788766 0.565073 0.362814 
0.277289 0.145707 0.066490 0.027129 0.011852 0.010942 0.016179 0.019121 0.024105 0.039982 0.037304 -0.023937 -0.064251 0.103370 0.506287 0.899685 1.082621 1.142570 1.203338 1.173451 0.977282 0.794851 0.820849 0.969897 1.018661 0.893024 0.677043 0.459259 
0.362469 0.204759 0.100126 0.042846 0.017176 0.010130 0.013466 0.017869 0.020409 0.031950 0.044739 0.011696 -0.059009 -0.013203 0.288042 0.720629 1.015799 1.118134 1.176231 1.207635 1.088069 0.869071 0.782234 0.894082 1.015049 0.974295 0.790249 0.565158 
0.458954 0.277153 0.145886 0.066466 0.026959 0.011883 0.011145 0.015954 0.018636 0.024860 0.041318 0.035794 -0.027052 -0.062613 0.108468 0.505520 0.893746 1.082639 1.148418 1.203435 1.167672 0.976700 0.800039 0.822389 0.966540 1.016936 0.894321 0.677935 
0.565371 0.362121 0.204825 0.100244 0.042712 0.017076 0.010299 0.013505 0.017375 0.020443 0.033330 0.044882 0.008764 -0.060218 -0.008964 0.290963 0.716287 1.011894 1.122065 1.180201 1.203852 1.083912 0.872145 0.786472 0.892688 1.011866 0.974299 0.791688 
