0.837035 1.124164 1.249219 1.251579 1.185501 1.116578 1.064370 1.007635 0.780282 1.171251 1.555715 1.343508 1.395540 1.569999 1.907236 1.484776 0.892040 0.806259 0.514393 0.250330 0.080315 0.011854 -0.000077 -0.000078 0.011852 0.080306 0.251461 0.506721 
0.668599 0.995275 1.206518 1.262652 1.222588 1.149155 1.087537 1.056443 0.860601 0.921366 1.418592 1.475643 1.335741 1.455796 1.782360 1.772876 1.152102 0.825150 0.680601 0.372093 0.151794 0.035594 0.002137 -0.000523 0.002150 0.035387 0.153561 0.367976 
0.509731 0.837764 1.120154 1.251493 1.250557 1.186702 1.112882 1.085097 0.957177 0.832456 1.170954 1.502565 1.398277 1.354902 1.624574 1.853791 1.484251 0.944196 0.755983 0.535326 0.246719 0.081221 0.011721 -0.000547 -0.000495 0.011386 0.082395 0.248528 
0.367693 0.671519 0.992790 1.205579 1.263625 1.223028 1.145204 1.102925 1.034299 0.858945 0.962766 1.375765 1.481840 1.343252 1.463204 1.788295 1.729765 1.193369 0.823590 0.658672 0.387673 0.147582 0.036685 0.001688 -0.000950 0.001439 0.036695 0.152822 
0.247479 0.511595 0.838140 1.117770 1.251701 1.252014 1.182776 1.121695 1.082177 0.937138 0.862341 1.169503 1.476394 1.410324 1.361452 1.636426 1.827325 1.482572 0.974066 0.736114 0.532666 0.255392 0.077653 0.012725 -0.001131 -0.001241 0.011841 0.082855 
0.152246 0.368066 0.673175 0.991416 1.204101 1.265324 1.220639 1.147978 1.109086 1.017005 0.864938 0.984046 1.355326 1.473555 1.355220 1.475068 1.779747 1.709043 1.214520 0.829665 0.641646 0.393847 0.150496 0.034354 0.002463 -0.001908 0.001279 0.037422 
0.082931 0.247109 0.512966 0.838426 1.115747 1.252249 1.251539 1.182014 1.128943 1.075019 0.927629 0.881981 1.170157 1.456526 1.413468 1.376577 1.639374 1.807162 1.483005 0.993676 0.726820 0.525651 0.262687 0.077105 0.011692 -0.000952 -0.002076 0.012337 
0.037892 0.151885 0.368600 0.674386 0.990201 1.203263 1.265728 1.219045 1.152419 1.110366 1.004611 0.871362 0.998759 1.341909 1.462479 1.367348 1.487092 1.768407 1.695347 1.229093 0.836202 0.629461 0.395190 0.155128 0.032605 0.002189 -0.002246 0.001039 
0.012543 0.082977 0.247029 0.514138 0.838455 1.114374 1.252335 1.250490 1.183362 1.133741 1.067600 0.922464 0.896772 1.171368 1.439770 1.414260 1.392600 1.639970 1.790114 1.483986 1.008456 0.721851 0.518357 0.267622 0.078544 0.010100 -0.001057 -0.002459 
0.000922 0.038098 0.151726 0.369219 0.675233 0.989278 1.202638 1.265223 1.218640 1.156788 1.109364 0.995355 0.877468 1.010198 1.331406 1.451623 1.378594 1.498232 1.757289 1.684561 1.240399 0.842424 0.620378 0.394307 0.159671 0.031954 0.001152 -0.002379 
-0.002534 0.012619 0.082963 0.247184 0.515097 0.838403 1.113435 1.251864 1.249570 1.185717 1.136722 1.060695 0.919527 0.908843 1.172403 1.425241 1.414430 1.407613 1.639943 1.775292 1.484793 1.020527 0.719084 0.511592 0.270778 0.080903 0.008669 -0.001612 
-0.002588 0.000963 0.038131 0.151706 0.369868 0.675836 0.988640 1.201946 1.264303 1.219143 1.160638 1.107253 0.988159 0.883258 1.019504 1.322446 1.441783 1.388750 1.508283 1.747188 1.675317 1.249583 0.848321 0.613343 0.392357 0.163664 0.032164 -0.000197 
-0.002502 -0.002502 0.012676 0.082908 0.247483 0.515887 0.838376 1.112701 1.250985 1.248985 1.188471 1.138453 1.054415 0.917941 0.919126 1.173036 1.412511 1.414499 1.421187 1.639816 1.762267 1.485204 1.030811 0.717648 0.505471 0.272695 0.083603 0.007609 
-0.001583 -0.002962 0.001099 0.038099 0.151767 0.370506 0.676315 0.988199 1.201101 1.263268 1.220249 1.163908 1.104587 0.982416 0.888776 1.027226 1.314487 1.433097 1.397854 1.517283 1.738237 1.667076 1.257188 0.853933 0.607760 0.389878 0.167044 0.032953 
0.006939 -0.003584 -0.002493 0.012759 0.082850 0.247846 0.516569 0.838406 1.112023 1.249863 1.248753 1.191319 1.139311 1.048733 0.917260 0.928089 1.173246 1.401284 1.414628 1.433328 1.639749 1.750744 1.485197 1.039772 0.717108 0.499968 0.273740 0.086354 
0.034111 -0.002867 -0.003502 0.001260 0.038072 0.151871 0.371114 0.676749 0.987865 1.200107 1.262273 1.221733 1.166636 1.101651 0.977764 0.894042 1.033698 1.307279 1.425492 1.406014 1.525338 1.730367 1.659588 1.263548 0.859283 0.603275 0.387148 0.169852 
0.089010 0.006614 -0.004749 -0.002572 0.012873 0.082820 0.248221 0.517189 0.838492 1.111323 1.248622 1.248832 1.194105 1.139549 1.043600 0.917222 0.936001 1.173084 1.391332 1.414854 1.444168 1.639777 1.740496 1.484824 1.047678 0.717205 0.495031 0.274158 
0.172154 0.035491 -0.003985 -0.004179 0.001398 0.038086 0.152001 0.371685 0.677179 0.987571 1.198995 1.261393 1.223441 1.168886 1.098608 0.973970 0.899059 1.039157 1.300684 1.418844 1.413345 1.532564 1.723452 1.652718 1.268895 0.864375 0.599653 0.384320 
0.274116 0.091504 0.006577 -0.005922 -0.002763 0.013008 0.082832 0.248587 0.517780 0.838616 1.110570 1.247348 1.249166 1.196750 1.139337 1.038968 0.917652 0.943041 1.172620 1.382467 1.415175 1.453864 1.639899 1.731336 1.484152 1.054706 0.717767 0.490609 
0.381487 0.174019 0.036995 -0.004918 -0.004958 0.001483 0.038148 0.152151 0.372225 0.677621 0.987277 1.197799 1.260656 1.225269 1.170721 1.095556 0.970866 0.903826 1.043783 1.294618 1.413020 1.419956 1.539068 1.717361 1.646379 1.273409 0.869212 0.596730 
0.486652 0.273733 0.093802 0.006774 -0.007058 -0.003065 0.013151 0.082892 0.248939 0.518355 0.838760 1.109754 1.246093 1.249704 1.199216 1.138796 1.034792 0.918423 0.949336 1.171920 1.374535 1.415577 1.462567 1.640099 1.723112 1.483247 1.060984 0.718672 
0.594382 0.378708 0.175506 0.038555 -0.005666 -0.005807 0.001501 0.038256 0.152320 0.372741 0.678074 0.986960 1.196555 1.260070 1.227146 1.172199 1.092556 0.968330 0.908344 1.047717 1.289017 1.407902 1.425940 1.544945 1.711977 1.640510 1.277228 0.873795 
0.719829 0.483119 0.273098 0.095894 0.007155 -0.008129 -0.003469 0.013289 0.082997 0.249282 0.518924 0.838906 1.108881 1.244890 1.250399 1.201487 1.138014 1.031031 0.919445 0.954988 1.171042 1.367407 1.416040 1.470408 1.640361 1.715695 1.482165 1.066614 
0.878128 0.592514 0.376018 0.176668 0.040125 -0.006241 -0.006695 0.001448 0.038398 0.152511 0.373242 0.678532 0.986608 1.195290 1.259629 1.229024 1.173369 1.089646 0.966265 0.912615 1.051072 1.283833 1.403386 1.431380 1.550276 1.707195 1.635060 1.280466 
1.071677 0.721169 0.479968 0.272276 0.097781 0.007679 -0.009119 -0.003958 0.013408 0.083143 0.249624 0.519489 0.839039 1.107959 1.243761 1.251212 1.203561 1.137058 1.027646 0.920647 0.960077 1.170034 1.360977 1.416551 1.477502 1.640669 1.708977 1.480954 
1.283214 0.882218 0.591047 0.373441 0.177553 0.041672 -0.006659 -0.007601 0.001324 0.038563 0.152726 0.373736 0.678986 0.986215 1.194027 1.259321 1.230868 1.174276 1.086853 0.964595 0.916643 1.053940 1.279025 1.399387 1.436343 1.555130 1.702931 1.629988 
1.479649 1.076242 0.722640 0.477162 0.271319 0.099471 0.008311 -0.010022 -0.004516 0.013500 0.083324 0.249974 0.520049 0.839149 1.107002 1.242714 1.252109 1.205442 1.135979 1.024604 0.921976 0.964670 1.168933 1.355157 1.417095 1.483946 1.641010 1.702871 
1.625260 1.285549 0.886073 0.589917 0.370989 0.178201 0.043175 -0.006938 -0.008506 0.001133 0.038740 0.152968 0.374231 0.679428 0.985780 1.192783 1.259132 1.232657 1.174959 1.084189 0.963258 0.920437 1.056395 1.274559 1.395831 1.440888 1.559565 1.699111 
