0.000347 0.000896 0.003162 0.010149 0.028900 0.071456 0.153292 0.287322 0.484876 0.600622 1.378698 2.078035 1.976256 1.867551 1.659795 1.543862 0.774920 0.059506 0.080519 0.031556 0.017998 0.015565 0.016119 0.015451 0.012449 0.008043 0.003918 0.001231 
0.000586 0.000464 0.001706 0.005731 0.017400 0.046245 0.106608 0.211220 0.395829 0.499485 0.936000 1.801349 2.085034 1.921457 1.756476 1.642945 1.213590 0.350111 0.021591 0.067364 0.020538 0.016135 0.015814 0.016067 0.014217 0.010319 0.005858 0.002354 
0.001246 0.000355 0.000886 0.003162 0.010126 0.028817 0.071942 0.149113 0.308015 0.434924 0.653446 1.378676 2.024566 2.030332 1.826310 1.714228 1.490800 0.775051 0.112195 0.030337 0.052109 0.013807 0.016101 0.016078 0.015450 0.012448 0.008056 0.003919 
0.002361 0.000600 0.000461 0.001701 0.005732 0.017241 0.047135 0.101847 0.226345 0.373940 0.498473 0.977914 1.758498 2.090676 1.928261 1.763482 1.649015 1.171043 0.392022 0.020369 0.045275 0.035591 0.011402 0.016754 0.015942 0.014225 0.010326 0.005864 
0.003925 0.001259 0.000361 0.000878 0.003186 0.009891 0.029887 0.067955 0.157223 0.305117 0.415377 0.683978 1.377499 1.998077 2.041687 1.832257 1.725937 1.464715 0.774029 0.142596 0.010561 0.049070 0.021903 0.012163 0.017194 0.015234 0.012480 0.008060 
0.005863 0.002371 0.000612 0.000454 0.001745 0.005458 0.018213 0.044623 0.104209 0.232067 0.356955 0.505093 0.999709 1.738038 2.081837 1.939523 1.774943 1.640600 1.150885 0.413816 0.026781 0.028089 0.041239 0.013791 0.014296 0.016945 0.013960 0.010380 
0.008129 0.003920 0.001273 0.000355 0.000937 0.002928 0.010568 0.028848 0.067011 0.163953 0.297866 0.406404 0.704247 1.378431 1.977893 2.044142 1.846780 1.728743 1.444932 0.775116 0.162737 0.001360 0.041676 0.028618 0.011268 0.016200 0.015929 0.012230 
0.010195 0.005932 0.002369 0.000609 0.000517 0.001551 0.005789 0.018198 0.042649 0.108311 0.232956 0.344812 0.512171 1.014923 1.724603 2.070211 1.950947 1.786565 1.629393 1.137753 0.429031 0.033654 0.015745 0.042052 0.017921 0.012376 0.016961 0.014302 
0.012291 0.008028 0.003982 0.001253 0.000414 0.000827 0.002980 0.011013 0.027258 0.068035 0.168338 0.290336 0.401755 0.719680 1.379909 1.960826 2.044248 1.862202 1.729195 1.428264 0.776751 0.178045 -0.003517 0.034001 0.032987 0.012341 0.014655 0.016394 
0.014783 0.010102 0.005911 0.002397 0.000636 0.000490 0.001449 0.006258 0.017472 0.041759 0.112322 0.231630 0.335769 0.518932 1.026865 1.714078 2.058808 1.961490 1.797303 1.618406 1.127529 0.440978 0.040212 0.006501 0.040648 0.021959 0.011538 0.016268 
0.016407 0.012579 0.007903 0.003998 0.001287 0.000427 0.000696 0.003259 0.011007 0.025857 0.069964 0.170952 0.283337 0.399305 0.732402 1.381210 1.945987 2.043735 1.876615 1.729024 1.413822 0.778211 0.190644 -0.006193 0.026858 0.035584 0.014319 0.013299 
0.015289 0.015128 0.010179 0.005817 0.002439 0.000677 0.000390 0.001518 0.006591 0.016461 0.041734 0.115775 0.229244 0.328773 0.525364 1.036682 1.705093 2.048426 1.970946 1.806951 1.608435 1.118846 0.450802 0.046442 -0.000697 0.038183 0.025438 0.011567 
0.012341 0.016065 0.012931 0.007844 0.003959 0.001357 0.000384 0.000630 0.003603 0.010644 0.024853 0.072226 0.172327 0.276990 0.398184 0.743333 1.382112 1.932946 2.043125 1.889590 1.728753 1.401173 0.779273 0.201456 -0.007539 0.020364 0.036940 0.016630 
0.012189 0.014283 0.015260 0.010378 0.005713 0.002470 0.000706 0.000281 0.001710 0.006710 0.015421 0.042302 0.118607 0.226335 0.323233 0.531507 1.044918 1.697112 2.039197 1.979354 1.815549 1.599614 1.111164 0.459046 0.052387 -0.006439 0.035194 0.028294 
0.018993 0.011791 0.015505 0.013242 0.007873 0.003895 0.001417 0.000315 0.000652 0.003905 0.010063 0.024256 0.074540 0.172827 0.271266 0.397956 0.752936 1.382596 1.921409 2.042577 1.901133 1.728540 1.390027 0.779917 0.210942 -0.007990 0.014492 0.037420 
0.030576 0.013194 0.013377 0.015192 0.010632 0.005649 0.002476 0.000709 0.000211 0.001957 0.006629 0.014481 0.043253 0.120864 0.223176 0.318791 0.537383 1.051903 1.689883 2.031051 1.986819 1.823202 1.591873 1.104234 0.466043 0.058066 -0.011083 0.031953 
0.037269 0.021268 0.011599 0.014837 0.013457 0.007979 0.003834 0.001442 0.000250 0.000752 0.004111 0.009373 0.024016 0.076767 0.172697 0.266111 0.398365 0.761479 1.382711 1.911148 2.042128 1.911377 1.728423 1.380155 0.780194 0.219372 -0.007804 0.009188 
0.028613 0.032351 0.014435 0.012629 0.014961 0.010890 0.005644 0.002454 0.000685 0.000200 0.002208 0.006385 0.013698 0.044439 0.122616 0.219920 0.315216 0.542998 1.057873 1.683273 2.023863 1.993457 1.830027 1.585085 1.097922 0.472027 0.063487 -0.014860 
0.004400 0.036654 0.023387 0.011700 0.014138 0.013560 0.008143 0.003792 0.001422 0.000204 0.000910 0.004206 0.008651 0.024070 0.078838 0.172105 0.261473 0.399239 0.769140 1.382525 1.901977 2.041775 1.920478 1.728399 1.371370 0.780170 0.226921 -0.007152 
-0.017936 0.025266 0.033690 0.015809 0.012056 0.014610 0.011119 0.005698 0.002409 0.000638 0.000249 0.002432 0.006021 0.013090 0.045759 0.123932 0.216658 0.312342 0.548356 1.063004 1.677194 2.017501 1.999376 1.836130 1.579121 1.092140 0.477174 0.068653 
-0.006156 0.000078 0.035698 0.025320 0.012037 0.013457 0.013556 0.008341 0.003776 0.001364 0.000184 0.001102 0.004194 0.007947 0.024359 0.080723 0.171173 0.257301 0.400455 0.776047 1.382103 1.893743 2.041503 1.928587 1.728453 1.363519 0.779912 0.233719 
0.073564 -0.020435 0.021971 0.034655 0.017248 0.011657 0.014178 0.011304 0.005803 0.002351 0.000578 0.000348 0.002610 0.005575 0.012655 0.047144 0.124875 0.213449 0.310045 0.553457 1.067437 1.671583 2.011848 2.004670 1.841607 1.573863 1.086826 0.481625 
0.239868 -0.004907 -0.003822 0.034489 0.027055 0.012558 0.012824 0.013456 0.008553 0.003787 0.001278 0.000191 0.001309 0.004086 0.007291 0.024831 0.082411 0.169989 0.253553 0.401924 0.782302 1.381502 1.886317 2.041297 1.935836 1.728568 1.356474 0.779475 
0.485494 0.078225 -0.022456 0.018764 0.035301 0.018703 0.011420 0.013698 0.011435 0.005944 0.002287 0.000512 0.000485 0.002736 0.005081 0.012382 0.048544 0.125500 0.210329 0.308226 0.558306 1.071286 1.666391 2.006802 2.009421 1.846538 1.569207 1.081930 
0.778907 0.245449 -0.003474 -0.007341 0.033096 0.028593 0.013219 0.012258 0.013277 0.008762 0.003823 0.001178 0.000223 0.001513 0.003899 0.006701 0.025443 0.083901 0.168622 0.250186 0.403575 0.787987 1.380769 1.879593 2.041139 1.942338 1.728730 1.350128 
1.077411 0.488872 0.082644 -0.024076 0.015669 0.035674 0.020140 0.011330 0.013195 0.011512 0.006109 0.002226 0.000448 0.000644 0.002807 0.004564 0.012254 0.049925 0.125854 0.207323 0.306808 0.562911 1.074642 1.661578 2.002275 2.013696 1.850993 1.565068 
1.344392 0.778244 0.250532 -0.001911 -0.010515 0.031570 0.029939 0.013985 0.011769 0.013036 0.008956 0.003878 0.001075 0.000274 0.001702 0.003650 0.006187 0.026160 0.085201 0.167124 0.247165 0.405356 0.793172 1.379940 1.873481 2.041017 1.948190 1.728925 
1.561372 1.073234 0.491834 0.086828 -0.025359 0.012699 0.035817 0.021534 0.011368 0.012690 0.011535 0.006283 0.002174 0.000393 0.000814 0.002824 0.004044 0.012255 0.051265 0.125978 0.204443 0.305727 0.567278 1.077580 1.657106 1.998194 2.017555 1.855028 
