0.793815 0.975710 0.989695 0.717679 1.041818 1.403764 1.213845 1.286773 1.446129 1.757188 1.378149 0.978432 1.246064 1.380469 1.464981 1.432738 1.249733 0.938911 0.581718 0.277927 0.090269 0.015016 0.000810 0.000142 0.011900 0.080315 0.250288 0.514149 
0.659198 0.901314 1.022231 0.829143 0.822878 1.271010 1.331711 1.219697 1.343770 1.642388 1.630019 1.120647 1.071779 1.333310 1.431766 1.466632 1.360000 1.106110 0.759656 0.418013 0.168478 0.041289 0.003840 -0.000072 0.002243 0.035611 0.151645 0.374122 
0.515030 0.789494 0.995759 0.939031 0.770200 1.042139 1.351026 1.268506 1.245589 1.500148 1.703614 1.378035 1.031262 1.196262 1.401340 1.460784 1.432917 1.249252 0.938749 0.581991 0.278437 0.090615 0.014922 0.000349 -0.000319 0.011807 0.080690 0.250803 
0.375558 0.654584 0.916013 0.999600 0.827573 0.864814 1.228754 1.338076 1.226844 1.350565 1.647942 1.587061 1.162509 1.070849 1.311609 1.446995 1.461701 1.360496 1.105645 0.759724 0.418447 0.168954 0.041429 0.003531 -0.000586 0.001931 0.035776 0.152033 
0.252475 0.511431 0.797459 0.992224 0.918771 0.800436 1.041302 1.325264 1.280443 1.251595 1.511446 1.677018 1.376766 1.061804 1.176865 1.398617 1.468872 1.428623 1.249930 0.938374 0.582291 0.278941 0.090959 0.014828 -0.000109 -0.000783 0.011747 0.080844 
0.153549 0.373595 0.657090 0.921313 0.981875 0.833637 0.886632 1.208883 1.329958 1.238449 1.361819 1.639013 1.566492 1.184252 1.077552 1.294811 1.452817 1.463892 1.357596 1.106313 0.759518 0.418929 0.169421 0.041569 0.003224 -0.001105 0.001672 0.035665 
0.081908 0.252038 0.510874 0.804044 0.984339 0.909086 0.820411 1.042571 1.305802 1.283478 1.266180 1.513844 1.656726 1.377607 1.082085 1.168043 1.391538 1.475577 1.427374 1.248501 0.938912 0.582310 0.279508 0.091289 0.014738 -0.000578 -0.001179 0.011406 
0.036158 0.154076 0.372169 0.661333 0.921780 0.968995 0.840162 0.901869 1.196034 1.319047 1.250217 1.373237 1.627295 1.552947 1.199417 1.084716 1.282853 1.453803 1.467823 1.355237 1.105997 0.759918 0.419169 0.169954 0.041696 0.002907 -0.001553 0.001176 
0.011376 0.082738 0.251048 0.512282 0.808283 0.976176 0.903728 0.835552 1.044386 1.289454 1.284161 1.281666 1.513891 1.639550 1.378994 1.097532 1.163544 1.384175 1.479937 1.428095 1.246525 0.939220 0.582637 0.279902 0.091683 0.014615 -0.000978 -0.001741 
0.000775 0.036790 0.153891 0.371823 0.665483 0.920033 0.959217 0.846372 0.913837 1.186091 1.308357 1.261102 1.383774 1.615800 1.542311 1.211312 1.091565 1.273994 1.452570 1.471662 1.353963 1.104973 0.760458 0.419499 0.170395 0.041853 0.002620 -0.002088 
-0.002324 0.011574 0.083115 0.250245 0.514593 0.810751 0.968548 0.900572 0.847983 1.046023 1.275329 1.284223 1.296143 1.513319 1.624599 1.380206 1.110269 1.161245 1.377343 1.482522 1.429721 1.244740 0.939079 0.583190 0.280270 0.092028 0.014547 -0.001423 
-0.002694 0.000545 0.037285 0.153418 0.372341 0.669074 0.917228 0.951490 0.852255 0.923679 1.177687 1.298682 1.270901 1.393224 1.605322 1.533216 1.221083 1.098085 1.267180 1.450276 1.474942 1.353558 1.103666 0.760861 0.419997 0.170759 0.042022 0.002350 
-0.001920 -0.002839 0.011838 0.083134 0.249837 0.517236 0.811978 0.961572 0.898747 0.858627 1.047260 1.262997 1.284186 1.309185 1.512650 1.611445 1.381019 1.121219 1.160275 1.371159 1.483865 1.431682 1.243357 0.938583 0.583808 0.280700 0.092316 0.014515 
0.002070 -0.003306 0.000439 0.037566 0.152915 0.373451 0.672041 0.913900 0.945220 0.857852 0.931940 1.170281 1.290157 1.279651 1.401627 1.595998 1.525122 1.229274 1.104319 1.261820 1.447455 1.477601 1.353748 1.102334 0.761052 0.420615 0.171111 0.042180 
0.014475 -0.002441 -0.003264 0.012059 0.082934 0.249835 0.519929 0.812331 0.955222 0.897820 0.867943 1.048077 1.252165 1.284208 1.320797 1.512042 1.599794 1.381413 1.130842 1.160199 1.365595 1.484332 1.433696 1.242383 0.937871 0.584381 0.281216 0.092577 
0.042312 0.001766 -0.003877 0.000390 0.037645 0.152511 0.374940 0.674433 0.910322 0.940052 0.863185 0.938952 1.163626 1.282711 1.287458 1.409088 1.587755 1.517781 1.236216 1.110286 1.257559 1.444381 1.479684 1.354323 1.101105 0.761042 0.421285 0.171500 
0.092840 0.014399 -0.002956 -0.003609 0.012186 0.082624 0.250187 0.522532 0.812053 0.949443 0.897531 0.876202 1.048523 1.242607 1.284327 1.331111 1.511532 1.589418 1.381440 1.139408 1.160759 1.360599 1.484167 1.435624 1.241770 0.937052 0.584859 0.281807 
0.171944 0.042415 0.001436 -0.004387 0.000346 0.037562 0.152262 0.376663 0.676318 0.906648 0.935754 0.868261 0.944948 1.157586 1.276220 1.294438 1.415723 1.580469 1.511058 1.242145 1.115995 1.254162 1.441206 1.481261 1.355137 1.100036 0.760869 0.421957 
0.282451 0.093119 0.014280 -0.003450 -0.003895 0.012201 0.082282 0.250831 0.524978 0.811313 0.944182 0.897711 0.883580 1.048667 1.234134 1.284540 1.340284 1.511119 1.580131 1.381166 1.147092 1.161784 1.356116 1.483538 1.437397 1.241453 0.936203 0.585223 
0.422599 0.172446 0.042495 0.001085 -0.004834 0.000275 0.037358 0.152186 0.378518 0.677767 0.902970 0.932159 0.873081 0.950105 1.152075 1.270552 1.300698 1.421639 1.574008 1.504865 1.247236 1.121447 1.251465 1.438024 1.482403 1.356086 1.099144 0.760578 
0.585478 0.283127 0.093423 0.014123 -0.003915 -0.004144 0.012109 0.081955 0.251708 0.527236 0.810232 0.939390 0.898237 0.890206 1.048573 1.226594 1.284832 1.348466 1.510787 1.571780 1.380657 1.154025 1.163152 1.352098 1.482566 1.438985 1.241375 0.935374 
0.760205 0.423193 0.172996 0.042561 0.000722 -0.005228 0.000161 0.037073 0.152282 0.380435 0.678841 0.899345 0.929143 0.877647 0.954565 1.147028 1.265590 1.306333 1.426931 1.568256 1.499141 1.251631 1.126643 1.249342 1.434892 1.483170 1.357103 1.098429 
0.934595 0.585637 0.283815 0.093752 0.013939 -0.004351 -0.004376 0.011923 0.081676 0.252767 0.529295 0.808899 0.935023 0.899017 0.896181 1.048299 1.219859 1.285187 1.355789 1.510519 1.564236 1.379969 1.160307 1.164772 1.348500 1.481342 1.440377 1.241483 
1.097878 0.759784 0.423732 0.173580 0.042621 0.000356 -0.005583 -0.000004 0.036738 0.152537 0.382366 0.679596 0.895810 0.926609 0.881965 0.958441 1.142398 1.261230 1.311424 1.431680 1.563108 1.493835 1.255442 1.131589 1.247698 1.431847 1.483618 1.358137 
1.241734 0.933883 0.585716 0.284498 0.094103 0.013741 -0.004760 -0.004609 0.011658 0.081462 0.253963 0.531155 0.807383 0.931040 0.899983 0.901589 1.047891 1.213822 1.285589 1.362367 1.510300 1.557393 1.379150 1.166021 1.166575 1.345283 1.479931 1.441572 
1.359155 1.097475 0.759340 0.424214 0.174184 0.042682 -0.000007 -0.005913 -0.000223 0.036380 0.152937 0.384276 0.680078 0.892389 0.924478 0.886040 0.961823 1.138143 1.257386 1.316040 1.435955 1.558480 1.488907 1.258762 1.136291 1.246453 1.428913 1.483795 
1.442579 1.242092 0.933250 0.585731 0.285162 0.094473 0.013541 -0.005147 -0.004855 0.011331 0.081323 0.255262 0.532822 0.805735 0.927404 0.901082 0.906497 1.047386 1.208394 1.286025 1.368295 1.510117 1.551160 1.378236 1.171235 1.168507 1.342408 1.478388 
1.483741 1.360133 1.097204 0.758894 0.424640 0.174796 0.042751 -0.000359 -0.006230 -0.000495 0.036019 0.153463 0.386142 0.680329 0.889096 0.922686 0.889881 0.964788 1.134227 1.253987 1.320238 1.439813 1.554297 1.484320 1.261666 1.140757 1.245544 1.426102 
