0.000222 0.011940 -0.085052 0.503350 1.097156 1.019838 1.075579 1.145940 1.376090 0.973157 0.597792 0.886049 0.987975 0.985319 0.866482 0.671327 0.457924 0.275106 0.146513 0.071456 0.035680 0.022364 0.018396 0.016119 0.012621 0.008082 0.003921 0.001252 
-0.001587 0.021254 -0.079144 0.148740 0.859253 1.098666 1.030755 1.091956 1.296637 1.229213 0.724573 0.705594 0.965019 0.999953 0.938748 0.774920 0.563451 0.360634 0.203630 0.102994 0.049722 0.027141 0.019810 0.017320 0.014562 0.010404 0.005870 0.002508 
-0.002915 0.020819 -0.038192 -0.032352 0.503387 1.043902 1.074098 1.034334 1.200232 1.322943 0.973371 0.650621 0.835870 1.008343 0.980914 0.866961 0.671414 0.458103 0.275205 0.146510 0.071404 0.035634 0.022341 0.018388 0.016117 0.012625 0.008053 0.004468 
-0.002209 0.013499 -0.000784 -0.080327 0.190614 0.816555 1.104534 1.037658 1.098870 1.302569 1.186666 0.766618 0.704462 0.942830 1.014780 0.933864 0.775904 0.563498 0.360794 0.203675 0.102959 0.049669 0.027107 0.019795 0.017315 0.014573 0.010287 0.006821 
0.000541 0.005205 0.017824 -0.057916 -0.001942 0.502269 1.017625 1.085635 1.040278 1.211802 1.296775 0.972429 0.681159 0.816096 1.005121 0.988798 0.862965 0.672653 0.458066 0.275334 0.146505 0.071353 0.035588 0.022318 0.018377 0.016144 0.012416 0.009178 
0.004372 0.000196 0.019182 -0.017917 -0.073877 0.212370 0.796246 1.095918 1.049018 1.110242 1.294020 1.166507 0.788544 0.710961 0.925546 1.020206 0.936104 0.773487 0.564673 0.360679 0.203770 0.102917 0.049616 0.027072 0.019774 0.017360 0.014311 0.011300 
0.008194 -0.000342 0.011944 0.010476 -0.067065 0.018207 0.503260 0.997652 1.088271 1.054800 1.214471 1.276911 0.973595 0.701434 0.806895 0.997548 0.995303 0.862013 0.671782 0.458939 0.275183 0.146566 0.071290 0.035544 0.022282 0.018431 0.015891 0.013118 
0.011325 0.002462 0.004342 0.020029 -0.030208 -0.066966 0.227546 0.782961 1.084512 1.060539 1.121777 1.282682 1.153373 0.803888 0.717920 0.913105 1.020799 0.940084 0.771607 0.564859 0.361170 0.203628 0.102945 0.049550 0.027025 0.019821 0.017166 0.014655 
0.013589 0.006659 0.000743 0.016337 0.002846 -0.071889 0.033523 0.504798 0.980794 1.088554 1.070221 1.214790 1.260164 0.975308 0.716874 0.802019 0.989695 0.999465 0.863028 0.670359 0.459581 0.275344 0.146459 0.071293 0.035467 0.022312 0.018315 0.015949 
0.015139 0.010640 0.001635 0.008397 0.018659 -0.039399 -0.060370 0.239452 0.772586 1.073327 1.071178 1.132429 1.271567 1.143148 0.815961 0.724562 0.903764 1.019178 0.943974 0.770808 0.564334 0.361802 0.203579 0.102884 0.049514 0.027007 0.019779 0.017064 
0.016234 0.013609 0.005313 0.002732 0.018958 -0.004252 -0.074513 0.046127 0.506160 0.966161 1.088216 1.084633 1.214489 1.245643 0.976843 0.729601 0.799343 0.982376 1.001856 0.864946 0.669122 0.459770 0.275733 0.146330 0.071249 0.035443 0.022295 0.018177 
0.017134 0.015485 0.009670 0.001674 0.011892 0.016230 -0.046543 -0.054102 0.249234 0.763750 1.063159 1.080729 1.141995 1.261470 1.134463 0.825908 0.730873 0.896472 1.016499 0.947306 0.770875 0.563521 0.362296 0.203702 0.102749 0.049492 0.027003 0.019662 
0.018104 0.016585 0.013272 0.004364 0.005056 0.020339 -0.010699 -0.075806 0.056944 0.507124 0.953324 1.087780 1.097607 1.214091 1.232919 0.977979 0.740538 0.797996 0.975709 1.003009 0.867199 0.668281 0.459603 0.276187 0.146267 0.071150 0.035455 0.022222 
0.019536 0.017326 0.015620 0.008671 0.002306 0.014765 0.013276 -0.052232 -0.048121 0.257436 0.755916 1.054142 1.089230 1.150512 1.252526 1.126780 0.834274 0.736897 0.890635 1.013298 0.950016 0.771533 0.562679 0.362578 0.203948 0.102605 0.049459 0.026987 
0.022123 0.018119 0.016893 0.012718 0.003823 0.007430 0.020844 -0.016525 -0.076206 0.066435 0.507669 0.941989 1.087402 1.109151 1.213753 1.221698 0.978695 0.750147 0.797543 0.969666 1.003288 0.869502 0.667846 0.459216 0.276600 0.146293 0.071026 0.035458 
0.026946 0.019448 0.017572 0.015553 0.007773 0.003321 0.017063 0.010070 -0.056821 -0.042405 0.264389 0.748834 1.046206 1.096787 1.158087 1.244665 1.119850 0.841389 0.742654 0.885899 1.009847 0.952152 0.772572 0.561935 0.362658 0.204250 0.102501 0.049399 
0.035424 0.022027 0.018211 0.017106 0.012056 0.003639 0.009718 0.020717 -0.021781 -0.075968 0.074868 0.507845 0.931929 1.087122 1.119396 1.213514 1.211752 0.979042 0.758696 0.797727 0.964194 1.002937 0.871718 0.667766 0.458721 0.276919 0.146398 0.070905 
0.049313 0.026876 0.019420 0.017823 0.015325 0.007033 0.004571 0.018856 0.006766 -0.060544 -0.036948 0.270328 0.742370 1.039225 1.103517 1.164834 1.237760 1.113536 0.847488 0.748151 0.882029 1.006301 0.953783 0.773846 0.561348 0.362577 0.204556 0.102457 
0.070803 0.035346 0.021950 0.018361 0.017208 0.011362 0.003749 0.011849 0.020128 -0.026522 -0.075264 0.082419 0.507721 0.922956 1.086936 1.128499 1.213371 1.202896 0.979088 0.766363 0.798376 0.959239 1.002126 0.873777 0.667979 0.458193 0.277126 0.146560 
0.102473 0.049203 0.026784 0.019451 0.018046 0.014977 0.006468 0.005955 0.020212 0.003456 -0.063566 -0.031748 0.275430 0.736435 1.033069 1.109527 1.170863 1.231680 1.107753 0.852749 0.753390 0.878862 1.002750 0.954979 0.775252 0.560935 0.362376 0.204836 
0.146758 0.070728 0.035229 0.021899 0.018545 0.017202 0.010686 0.004095 0.013794 0.019198 -0.030796 -0.074216 0.089219 0.507362 0.914918 1.086829 1.136610 1.213308 1.194975 0.978897 0.773276 0.799369 0.954752 1.000975 0.875650 0.668425 0.457682 0.277226 
0.205072 0.102541 0.049080 0.026677 0.019532 0.018224 0.014548 0.006076 0.007404 0.021194 0.000198 -0.066011 -0.026802 0.279835 0.730969 1.027619 1.114911 1.176266 1.226309 1.102438 0.857311 0.758372 0.876271 0.999252 0.955802 0.776722 0.560693 0.362093 
0.277232 0.146971 0.070681 0.035084 0.021875 0.018743 0.017101 0.010059 0.004624 0.015541 0.018015 -0.034648 -0.072915 0.095369 0.506823 0.907687 1.086785 1.143862 1.213310 1.187861 0.978527 0.779537 0.800614 0.950689 0.999572 0.877324 0.669054 0.457219 
0.361762 0.205255 0.102645 0.048951 0.026564 0.019649 0.018349 0.014071 0.005846 0.008868 0.021857 -0.002971 -0.067977 -0.022106 0.283656 0.725920 1.022772 1.119751 1.181126 1.221543 1.097541 0.861288 0.763104 0.874161 0.995846 0.956306 0.778206 0.560612 
0.456822 0.277159 0.147183 0.070657 0.034925 0.021874 0.018939 0.016922 0.009499 0.005293 0.017090 0.016648 -0.038119 -0.071430 0.100950 0.506153 0.901155 1.086789 1.150367 1.213360 1.181448 0.978024 0.785228 0.802043 0.947009 0.997987 0.878802 0.669822 
0.560676 0.361408 0.205385 0.102773 0.048825 0.026454 0.019790 0.018420 0.013571 0.005763 0.010314 0.022248 -0.006029 -0.069541 -0.017654 0.286986 0.721248 1.018444 1.124115 1.185511 1.217295 1.093021 0.864772 0.767590 0.872452 0.992553 0.956540 0.779671 
0.670692 0.456500 0.277024 0.147380 0.070654 0.034762 0.021893 0.019119 0.016680 0.009015 0.006067 0.018449 0.015148 -0.041244 -0.069815 0.106033 0.505387 0.895234 1.086827 1.156223 1.213446 1.175646 0.977424 0.790418 0.803601 0.943675 0.996272 0.880088 
0.781093 0.560867 0.361051 0.205461 0.102912 0.048707 0.026352 0.019940 0.018436 0.013069 0.005808 0.011718 0.022409 -0.008961 -0.070769 -0.013437 0.289899 0.716917 1.014559 1.128061 1.189478 1.213493 1.088842 0.867838 0.771841 0.871081 0.989387 0.956543 
