0.002275 0.003449 0.009957 0.027644 0.067787 0.158616 0.194091 0.968419 1.773463 1.874472 2.003958 1.988542 1.962728 1.176436 0.373627 0.286881 0.145257 0.067543 0.027888 0.011602 0.008272 0.011380 0.016417 0.019943 0.019904 0.016199 0.010514 0.005009 
0.003211 0.002339 0.005786 0.016961 0.041769 0.122469 0.126579 0.515239 1.429906 1.872768 1.939484 1.999198 2.030957 1.635519 0.713557 0.281737 0.224236 0.098463 0.044057 0.017570 0.008795 0.009340 0.013901 0.018536 0.020419 0.018431 0.013479 0.007565 
0.005053 0.002305 0.003369 0.010493 0.023398 0.088322 0.108487 0.246902 0.968648 1.720353 1.928706 1.962521 2.042606 1.909438 1.176619 0.426518 0.236852 0.165833 0.063299 0.028373 0.011550 0.008286 0.011394 0.016419 0.019935 0.019888 0.016219 0.010484 
0.007567 0.003271 0.002204 0.006707 0.012202 0.056774 0.100395 0.125451 0.557276 1.387395 1.878704 1.946267 2.005884 2.036694 1.592885 0.755619 0.280713 0.202236 0.113490 0.039264 0.018479 0.008673 0.009366 0.013909 0.018534 0.020403 0.018438 0.013471 
0.010472 0.005114 0.002115 0.004464 0.006535 0.031453 0.085258 0.088767 0.277425 0.967722 1.694220 1.940217 1.968276 2.053949 1.883126 1.175644 0.457118 0.217231 0.162819 0.071341 0.024383 0.012653 0.008084 0.011436 0.016420 0.019923 0.019885 0.016221 
0.013457 0.007627 0.003044 0.003208 0.004226 0.014562 0.062382 0.083221 0.131958 0.579194 1.367271 1.870155 1.957509 2.017030 2.027950 1.572638 0.777561 0.287321 0.185141 0.119113 0.041593 0.015987 0.009681 0.009118 0.013968 0.018521 0.020394 0.018440 
0.016206 0.010533 0.004891 0.002834 0.003457 0.005614 0.038128 0.077843 0.079621 0.297688 0.968903 1.674388 1.942826 1.982609 2.056393 1.863117 1.176776 0.477457 0.208184 0.155453 0.078003 0.023437 0.011647 0.008794 0.011199 0.016484 0.019902 0.019884 
0.018425 0.013514 0.007451 0.003416 0.003231 0.002284 0.018657 0.063157 0.070890 0.138927 0.594533 1.354169 1.858815 1.968914 2.028341 2.016417 1.559414 0.792922 0.294390 0.172889 0.119903 0.045662 0.014034 0.009702 0.009476 0.013788 0.018577 0.020374 
0.019849 0.016255 0.010428 0.004975 0.003321 0.001903 0.006658 0.042458 0.070148 0.074800 0.313119 0.970630 1.657669 1.943083 1.997844 2.056487 1.846223 1.178453 0.492962 0.203463 0.147806 0.082320 0.024458 0.010090 0.009273 0.011273 0.016379 0.019947 
0.020385 0.018438 0.013483 0.007369 0.003925 0.002545 0.001426 0.022658 0.061717 0.061659 0.145581 0.606603 1.343975 1.847694 1.979437 2.038771 2.005106 1.549098 0.805011 0.301144 0.163739 0.118477 0.049639 0.013163 0.009013 0.009974 0.013699 0.018544 
0.019947 0.019867 0.016257 0.010303 0.005285 0.003356 0.000540 0.008605 0.045014 0.062986 0.072179 0.325840 0.972180 1.643174 1.942719 2.012072 2.055962 1.831554 1.179952 0.505754 0.200943 0.140693 0.084864 0.026383 0.008721 0.009301 0.011573 0.016250 
0.018438 0.020411 0.018465 0.013379 0.007457 0.004295 0.001575 0.001435 0.026098 0.059217 0.054476 0.151907 0.616548 1.335320 1.837590 1.988873 2.048116 1.994813 1.540320 0.814974 0.307569 0.156636 0.115991 0.053057 0.013157 0.008038 0.010335 0.013781 
0.016187 0.019892 0.019920 0.016203 0.010244 0.005659 0.003034 -0.000423 0.010885 0.046328 0.056475 0.070889 0.336772 0.973331 1.630473 1.942256 2.024864 2.055341 1.818680 1.181050 0.516758 0.199753 0.134230 0.086169 0.028642 0.007749 0.008973 0.011939 
0.013985 0.018323 0.020424 0.018479 0.013267 0.007668 0.004452 0.000577 0.002037 0.028916 0.056192 0.048749 0.157947 0.624913 1.327665 1.828636 1.997261 2.056413 1.985673 1.532543 0.823356 0.313708 0.150990 0.112982 0.055853 0.013745 0.007034 0.010484 
0.012261 0.016211 0.019812 0.019964 0.016125 0.010273 0.005990 0.002493 -0.000978 0.013216 0.046766 0.050588 0.070494 0.346379 0.974063 1.619273 1.941853 2.036227 2.054781 1.807309 1.181728 0.526435 0.199458 0.128391 0.086598 0.030952 0.007185 0.008426 
0.010431 0.014244 0.018248 0.020412 0.018468 0.013194 0.007934 0.004407 -0.000320 0.003023 0.031156 0.052916 0.044123 0.163722 0.632029 1.320760 1.820762 2.004706 2.063770 1.977615 1.525517 0.830487 0.319581 0.146444 0.109723 0.058073 0.014714 0.006132 
0.007772 0.012489 0.016314 0.019735 0.019971 0.016050 0.010381 0.006225 0.001844 -0.001176 0.015459 0.046572 0.045270 0.070738 0.354928 0.974425 1.609346 1.941546 2.046292 2.054320 1.797211 1.182036 0.535052 0.199802 0.123122 0.086397 0.033173 0.006977 
0.005386 0.010217 0.014507 0.018232 0.020372 0.018429 0.013182 0.008203 0.004199 -0.001058 0.004244 0.032891 0.049541 0.040365 0.169240 0.638130 1.314472 1.813842 2.011324 2.070301 1.970513 1.519106 0.836602 0.325195 0.142765 0.106365 0.059788 0.015919 
0.007064 0.007086 0.012605 0.016475 0.019678 0.019933 0.015994 0.010547 0.006348 0.001164 -0.001079 0.017547 0.045915 0.040468 0.071449 0.362597 0.974486 1.600505 1.941334 2.055217 2.053955 1.788202 1.182042 0.542787 0.200611 0.118370 0.085733 0.035239 
0.017257 0.004816 0.009882 0.014742 0.018276 0.020310 0.018367 0.013229 0.008445 0.003870 -0.001622 0.005600 0.034189 0.046160 0.037308 0.174501 0.643394 1.308713 1.807746 2.017224 2.076114 1.964237 1.513225 0.841879 0.330552 0.139789 0.103003 0.061067 
0.037118 0.007385 0.006417 0.012613 0.016669 0.019646 0.019858 0.015965 0.010747 0.006363 0.000502 -0.000746 0.019447 0.044915 0.036133 0.072505 0.369514 0.974310 1.592599 1.941202 2.063152 2.053673 1.780128 1.181811 0.549769 0.201765 0.114085 0.084728 
0.061971 0.018659 0.004419 0.009467 0.014932 0.018370 0.020234 0.018291 0.013327 0.008641 0.003461 -0.002011 0.007021 0.035112 0.042831 0.034829 0.179509 0.647961 1.303420 1.802356 2.022499 2.081303 1.958668 1.507811 0.846457 0.335654 0.137390 0.099692 
0.083471 0.038798 0.007889 0.005797 0.012526 0.016878 0.019642 0.019754 0.015962 0.010961 0.006283 -0.000112 -0.000228 0.021149 0.043663 0.032220 0.073814 0.375780 0.973955 1.585497 1.941133 2.070228 2.053455 1.772860 1.181399 0.556100 0.203173 0.110223 
0.096472 0.062557 0.020077 0.004183 0.009003 0.015069 0.018501 0.020152 0.018210 0.013462 0.008785 0.003002 -0.002238 0.008457 0.035715 0.039590 0.032829 0.184267 0.651944 1.298543 1.797569 2.027230 2.085950 1.953704 1.502813 0.850450 0.340505 0.135471 
0.106744 0.082030 0.040282 0.008534 0.005244 0.012361 0.017085 0.019662 0.019636 0.015984 0.011173 0.006123 -0.000660 0.000429 0.022654 0.042225 0.028690 0.075308 0.381479 0.973466 1.579094 1.941111 2.076559 2.053286 1.766292 1.180854 0.561862 0.204764 
0.133955 0.093364 0.062870 0.021476 0.004093 0.008516 0.015152 0.018656 0.020072 0.018132 0.013620 0.008873 0.002521 -0.002320 0.009874 0.036047 0.036461 0.031232 0.188782 0.655434 1.294043 1.793299 2.031486 2.090123 1.949259 1.498192 0.853949 0.345113 
0.206486 0.103611 0.080457 0.041574 0.009282 0.004767 0.012133 0.017278 0.019701 0.019515 0.016026 0.011371 0.005901 -0.001131 0.001192 0.023968 0.040656 0.025504 0.076934 0.386679 0.972882 1.573300 1.941123 2.082242 2.053153 1.760334 1.180211 0.567123 
0.349485 0.132775 0.090382 0.062953 0.022832 0.004132 0.008026 0.015181 0.018820 0.020001 0.018062 0.013788 0.008908 0.002037 -0.002272 0.011250 0.036147 0.033457 0.029972 0.193063 0.658508 1.289882 1.789472 2.035325 2.093880 1.945260 1.493911 0.857031 
