0.243740 0.243925 0.211019 0.045770 0.572534 1.133660 1.058789 1.145239 1.263183 1.546826 1.191405 0.842930 1.124326 1.182477 1.110000 0.915031 0.656339 0.403464 0.207829 0.087621 0.030609 0.009944 0.003145 0.003850 0.020296 0.062619 0.128554 0.198410 
0.225904 0.247801 0.247331 0.086872 0.246238 0.907749 1.132226 1.082192 1.183977 1.440587 1.425354 0.959798 0.951999 1.185611 1.161662 1.024874 0.789218 0.525359 0.296609 0.138533 0.052774 0.017378 0.005569 0.002238 0.009349 0.038015 0.093559 0.164759 
0.198912 0.239433 0.264388 0.160861 0.098552 0.572692 1.080461 1.113008 1.103923 1.317469 1.493747 1.191667 0.895712 1.074046 1.202798 1.105631 0.915566 0.656446 0.403649 0.207960 0.087653 0.030534 0.009806 0.003028 0.003833 0.020393 0.062765 0.128598 
0.165726 0.221086 0.262735 0.225205 0.085721 0.288226 0.865150 1.138098 1.089026 1.190845 1.446558 1.382877 1.001847 0.950782 1.163339 1.176487 1.020046 0.790242 0.525414 0.296786 0.138618 0.052750 0.017263 0.005430 0.002165 0.009392 0.038159 0.093561 
0.129798 0.194940 0.247413 0.261261 0.141108 0.129046 0.571694 1.054240 1.124504 1.109798 1.329034 1.467646 1.190772 0.926203 1.054174 1.199529 1.113550 0.911625 0.657707 0.403621 0.208121 0.087681 0.030459 0.009669 0.002912 0.003813 0.020520 0.062695 
0.094692 0.163294 0.223390 0.268267 0.207983 0.092204 0.310096 0.844938 1.129487 1.100319 1.202172 1.438046 1.362788 1.023776 0.957198 1.145972 1.181909 1.022339 0.787865 0.526598 0.296691 0.138752 0.052719 0.017149 0.005293 0.002085 0.009485 0.038029 
0.063535 0.128889 0.194010 0.254013 0.253781 0.131930 0.149278 0.572803 1.034322 1.127100 1.124252 1.331699 1.447848 1.191984 0.946433 1.044878 1.191908 1.120088 0.910726 0.656858 0.404504 0.208002 0.087774 0.030373 0.009535 0.002785 0.003859 0.020365 
0.038503 0.094836 0.161401 0.227434 0.268965 0.195604 0.099147 0.325385 0.831750 1.118085 1.111774 1.213663 1.426745 1.349722 1.039122 0.964075 1.133449 1.182497 1.026372 0.786026 0.526796 0.297201 0.138647 0.052756 0.017022 0.005143 0.002074 0.009339 
0.020520 0.064144 0.127430 0.195049 0.258268 0.246021 0.127076 0.164676 0.574459 1.017518 1.127344 1.139607 1.332014 1.431164 1.193740 0.961828 1.039908 1.184009 1.124282 0.911794 0.655458 0.405156 0.208194 0.087698 0.030351 0.009367 0.002724 0.003736 
0.009286 0.039116 0.094269 0.160591 0.231387 0.267447 0.186326 0.105774 0.337404 0.821469 1.106905 1.122348 1.224274 1.415666 1.339563 1.051197 0.970637 1.124029 1.180871 1.030312 0.785268 0.526283 0.297852 0.138635 0.052703 0.016926 0.005024 0.001973 
0.003590 0.020903 0.064301 0.126158 0.196992 0.260751 0.238793 0.124423 0.177363 0.575938 1.002940 1.126967 1.153954 1.331709 1.416705 1.195318 0.974511 1.037140 1.176643 1.126702 0.913765 0.654246 0.405358 0.208613 0.087598 0.030282 0.009255 0.002616 
0.001800 0.009403 0.039592 0.093416 0.160646 0.234781 0.264870 0.179095 0.112073 0.347298 0.812729 1.096742 1.131835 1.233798 1.405605 1.330942 1.061146 0.976870 1.116657 1.178185 1.033692 0.785375 0.525485 0.298366 0.138794 0.052575 0.016843 0.004920 
0.002454 0.003509 0.021350 0.064101 0.125284 0.199269 0.261995 0.232216 0.123100 0.188261 0.577017 0.990156 1.126493 1.166865 1.331307 1.404041 1.196495 0.985405 1.035702 1.169929 1.127882 0.916068 0.653431 0.405204 0.209098 0.087564 0.030158 0.009178 
0.004804 0.001617 0.009642 0.039855 0.092534 0.161294 0.237554 0.261770 0.173319 0.118085 0.355611 0.804988 1.087730 1.140274 1.242275 1.396695 1.323321 1.069512 0.982818 1.110743 1.174977 1.036450 0.786073 0.524658 0.298668 0.139074 0.052439 0.016749 
0.009093 0.002267 0.003517 0.021754 0.063682 0.124818 0.201598 0.262363 0.226262 0.122671 0.197833 0.577677 0.978874 1.126078 1.178346 1.330966 1.392879 1.197251 0.994972 1.035161 1.163840 1.128188 0.918422 0.653023 0.404832 0.209541 0.087617 0.030008 
0.016630 0.004664 0.001475 0.009936 0.039917 0.091753 0.162325 0.239751 0.258418 0.168644 0.123831 0.362676 0.798000 1.079799 1.147771 1.249810 1.388867 1.316452 1.076629 0.988500 1.105930 1.171518 1.038632 0.787154 0.523932 0.298770 0.139410 0.052341 
0.029861 0.008972 0.002084 0.003603 0.022063 0.063154 0.124707 0.203839 0.262101 0.220878 0.122880 0.206346 0.577968 0.968866 1.125761 1.188531 1.330724 1.382991 1.197637 1.003480 1.035258 1.158321 1.127862 0.920686 0.652971 0.404352 0.209889 0.087748 
0.052301 0.016483 0.004497 0.001391 0.010234 0.039815 0.091128 0.163592 0.241444 0.254969 0.164836 0.129319 0.368724 0.791627 1.072823 1.154441 1.256519 1.381995 1.310197 1.082728 0.993923 1.101986 1.167962 1.040308 0.788468 0.523363 0.298710 0.139750 
0.087935 0.029733 0.008807 0.001920 0.003745 0.022261 0.062595 0.124891 0.205925 0.261377 0.216010 0.123555 0.213978 0.577957 0.959945 1.125540 1.197574 1.330577 1.374190 1.197720 1.011106 1.035823 1.153320 1.127074 0.922794 0.653212 0.403841 0.210126 
0.140062 0.052321 0.016314 0.004307 0.001368 0.010504 0.039594 0.090678 0.164992 0.242700 0.251514 0.161729 0.134550 0.373935 0.785784 1.066672 1.160393 1.262510 1.375948 1.304472 1.087989 0.999090 1.098744 1.164401 1.041547 0.789916 0.522969 0.298531 
0.210256 0.088157 0.029632 0.008604 0.001783 0.003923 0.022349 0.062053 0.125310 0.207824 0.260312 0.211609 0.124574 0.220857 0.577710 0.951959 1.125399 1.205627 1.330512 1.366324 1.197566 1.017979 1.036732 1.148787 1.125945 0.924715 0.653688 0.403349 
0.298272 0.140329 0.052392 0.016130 0.004104 0.001395 0.010729 0.039291 0.090401 0.166456 0.243583 0.248112 0.159199 0.139525 0.378448 0.780408 1.061228 1.165720 1.267877 1.370608 1.299212 1.092552 1.004002 1.096081 1.160893 1.042411 0.791427 0.522748 
0.402904 0.210290 0.088393 0.029556 0.008374 0.001674 0.004115 0.022343 0.061559 0.125911 0.209526 0.258995 0.207631 0.125846 0.227085 0.577283 0.944779 1.125321 1.212822 1.330511 1.359264 1.197231 1.024200 1.037895 1.144678 1.124563 0.926436 0.654347 
0.522689 0.297964 0.140544 0.052498 0.015942 0.003897 0.001460 0.010901 0.038938 0.090286 0.167936 0.244147 0.244799 0.157149 0.144251 0.382377 0.775450 1.056387 1.170503 1.272700 1.365873 1.294370 1.096528 1.008664 1.093898 1.157475 1.042956 0.792952 
0.655145 0.402527 0.210246 0.088627 0.029505 0.008130 0.001589 0.004304 0.022257 0.061131 0.126653 0.211030 0.257494 0.204036 0.127302 0.232745 0.576722 0.938298 1.125291 1.219272 1.330558 1.352903 1.196762 1.029853 1.039243 1.140953 1.122998 0.927960 
0.794458 0.522776 0.297633 0.140703 0.052628 0.015756 0.003692 0.001548 0.011018 0.038563 0.090316 0.169397 0.244440 0.241599 0.155500 0.148732 0.385813 0.770867 1.052065 1.174812 1.277050 1.361655 1.289902 1.100012 1.013083 1.092118 1.154170 1.043228 
0.929291 0.656047 0.402226 0.210141 0.088845 0.029473 0.007883 0.001524 0.004479 0.022108 0.060779 0.127499 0.212343 0.255862 0.200786 0.128888 0.237905 0.576066 0.932428 1.125297 1.225073 1.330641 1.347152 1.196196 1.035005 1.040723 1.137574 1.121300 
1.043270 0.795921 0.522991 0.297301 0.140809 0.052767 0.015578 0.003496 0.001647 0.011081 0.038185 0.090474 0.170817 0.244503 0.238526 0.154188 0.152979 0.388832 0.766625 1.048187 1.178705 1.280983 1.357883 1.285775 1.103078 1.017266 1.090677 1.150992 
