0.049612 0.032145 0.015691 0.005239 0.001628 0.003160 0.009959 0.028386 0.084283 0.074963 0.807057 1.593466 1.720535 1.927223 2.021948 2.102137 1.381939 0.590410 0.470385 0.274916 0.145253 0.068286 0.032665 0.025606 0.035300 0.050490 0.061146 0.060974 
0.056462 0.041195 0.023406 0.009584 0.002676 0.001838 0.005805 0.014826 0.067219 0.030512 0.373461 1.254787 1.699352 1.818382 1.975528 2.120378 1.814435 0.931367 0.486094 0.381853 0.200890 0.100896 0.046101 0.026321 0.029084 0.042894 0.056892 0.062570 
0.060943 0.049604 0.032167 0.015729 0.005269 0.001590 0.003669 0.005733 0.048925 0.034118 0.127689 0.807216 1.540402 1.774937 1.885941 2.076006 2.048683 1.381956 0.643265 0.420436 0.295582 0.141040 0.068758 0.032598 0.025622 0.035321 0.050487 0.061118 
0.062536 0.056440 0.041203 0.023438 0.009631 0.002569 0.002764 0.001038 0.029851 0.045131 0.029320 0.415408 1.212255 1.705402 1.825348 1.982299 2.126018 1.771614 0.973320 0.485101 0.359950 0.215981 0.096107 0.046990 0.026194 0.029117 0.042904 0.056874 
0.061090 0.060912 0.049596 0.032186 0.015796 0.005085 0.002708 -0.000297 0.013795 0.045871 0.014360 0.158126 0.806222 1.514314 1.786613 1.891849 2.087342 2.022210 1.380816 0.673828 0.400892 0.292658 0.149115 0.064756 0.033686 0.025423 0.035371 0.050482 
0.056850 0.062504 0.056419 0.041204 0.023520 0.009405 0.003591 0.000292 0.003393 0.035472 0.027946 0.035761 0.437238 1.192112 1.696968 1.836770 1.993529 2.117178 1.751183 0.995152 0.491738 0.342951 0.221669 0.098441 0.044480 0.027195 0.028877 0.042965 
0.050541 0.061050 0.060885 0.049576 0.032271 0.015582 0.005812 0.001717 -0.001218 0.020476 0.038463 0.005175 0.178303 0.807337 1.494530 1.789386 1.906333 2.089780 2.002041 1.381784 0.694128 0.391921 0.285381 0.155811 0.063797 0.032665 0.026135 0.035141 
0.042786 0.056895 0.062459 0.056385 0.041273 0.023363 0.009783 0.003627 -0.001642 0.007489 0.036258 0.015604 0.042664 0.452488 1.178993 1.685742 1.848352 2.004922 2.105550 1.737777 1.010404 0.498835 0.330795 0.222524 0.102517 0.042509 0.027209 0.029241 
0.035220 0.050432 0.061076 0.060824 0.049622 0.032186 0.015679 0.006308 0.000175 -0.000171 0.024812 0.030773 0.000316 0.193648 0.809000 1.477859 1.789806 1.921716 2.089867 1.984990 1.383299 0.709593 0.387274 0.277824 0.160163 0.064807 0.031093 0.026615 
0.029745 0.042700 0.056851 0.062444 0.056381 0.041253 0.023299 0.010302 0.002952 -0.002492 0.011493 0.034827 0.006361 0.049251 0.464471 1.168784 1.674736 1.859051 2.015434 2.094146 1.727281 1.022384 0.505615 0.321739 0.221164 0.106501 0.041620 0.026513 
0.026644 0.035527 0.050299 0.061055 0.060817 0.049621 0.032078 0.016002 0.006352 -0.001178 0.001780 0.027374 0.023615 -0.002343 0.206283 0.810487 1.463414 1.789604 1.936089 2.089336 1.970166 1.384637 0.722345 0.384827 0.270799 0.162743 0.066721 0.029708 
0.025530 0.030112 0.042785 0.056732 0.062444 0.056392 0.041158 0.023405 0.010683 0.001992 -0.002477 0.014938 0.032335 -0.000835 0.055511 0.474330 1.160114 1.664747 1.868661 2.024858 2.083762 1.718325 1.032238 0.512065 0.314730 0.218745 0.109927 0.041597 
0.028721 0.026316 0.035899 0.050232 0.060980 0.060847 0.049565 0.032035 0.016391 0.006040 -0.002133 0.004065 0.028697 0.017107 -0.003672 0.217130 0.811577 1.450764 1.789301 1.949025 2.088708 1.957140 1.385576 0.733307 0.383708 0.264425 0.164084 0.068969 
0.042166 0.024518 0.030267 0.042992 0.056605 0.062433 0.056392 0.041055 0.023632 0.010852 0.001004 -0.001868 0.017762 0.029319 -0.006577 0.061484 0.482609 1.152447 1.655907 1.877220 2.033234 2.074531 1.710372 1.040510 0.518226 0.309176 0.215803 0.112732 
0.071270 0.028141 0.025769 0.036229 0.050253 0.060879 0.060868 0.049483 0.032079 0.016737 0.005510 -0.002680 0.006402 0.029143 0.011221 -0.004107 0.226652 0.812248 1.439615 1.789056 1.960530 2.088142 1.945618 1.386096 0.742941 0.383483 0.258675 0.164550 
0.114962 0.043119 0.023607 0.030220 0.043254 0.056516 0.062396 0.056366 0.040990 0.023915 0.010820 0.000116 -0.000876 0.020010 0.026051 -0.011218 0.067193 0.489641 1.145531 1.648147 1.884834 2.040668 2.066384 1.703173 1.047533 0.524120 0.304721 0.212610 
0.164387 0.073482 0.027918 0.025114 0.036463 0.050352 0.060781 0.060852 0.049405 0.032202 0.016988 0.004873 -0.002870 0.008651 0.028959 0.005903 -0.003905 0.235117 0.812552 1.429740 1.788907 1.970735 2.087675 1.935372 1.386248 0.751514 0.383895 0.253494 
0.209321 0.116688 0.044306 0.022853 0.030010 0.043520 0.056487 0.062332 0.056312 0.040984 0.024201 0.010625 -0.000614 0.000352 0.021752 0.022685 -0.014994 0.072643 0.495659 1.139233 1.641341 1.891620 2.047275 2.059194 1.696591 1.053540 0.529754 0.301133 
0.248830 0.163762 0.075540 0.027988 0.024427 0.036586 0.050508 0.060703 0.060793 0.049345 0.032381 0.017128 0.004203 -0.002766 0.010745 0.028311 0.001101 -0.003236 0.242701 0.812555 1.420953 1.788852 1.979798 2.087304 1.926217 1.386098 0.759205 0.384771 
0.298246 0.206026 0.117978 0.045628 0.022273 0.029681 0.043758 0.056518 0.062246 0.056237 0.041038 0.024460 0.010311 -0.001168 0.001713 0.023059 0.019312 -0.018069 0.077836 0.500841 1.133465 1.635359 1.897685 2.053163 2.052831 1.690540 1.058708 0.535130 
0.385990 0.244633 0.162797 0.077411 0.028293 0.023757 0.036601 0.050698 0.060652 0.060696 0.049313 0.032594 0.017159 0.003552 -0.002426 0.012652 0.027322 -0.003235 -0.002223 0.249534 0.812324 1.413099 1.788875 1.987869 2.087015 1.917997 1.385712 0.766143 
0.540249 0.295935 0.202784 0.118896 0.047013 0.021866 0.029270 0.043951 0.056599 0.062147 0.056147 0.041142 0.024673 0.009915 -0.001550 0.003140 0.023991 0.015991 -0.020568 0.082776 0.505327 1.128165 1.630082 1.903124 2.058427 2.047177 1.684957 1.063178 
0.772428 0.387461 0.240859 0.161581 0.079085 0.028781 0.023136 0.036520 0.050903 0.060627 0.060572 0.049306 0.032822 0.017095 0.002949 -0.001903 0.014362 0.026081 -0.007150 -0.000958 0.255718 0.811914 1.406052 1.788959 1.995080 2.086790 1.910587 1.385147 
1.067063 0.545116 0.294104 0.199632 0.119495 0.048415 0.021621 0.028810 0.044091 0.056717 0.062042 0.056053 0.041282 0.024832 0.009471 -0.001769 0.004582 0.024604 0.012758 -0.022587 0.087466 0.509230 1.123283 1.625408 1.908017 2.063146 2.042129 1.679794 
1.384450 0.778143 0.389115 0.237467 0.160181 0.080562 0.029410 0.022580 0.036360 0.051106 0.060627 0.060434 0.049324 0.033046 0.016951 0.002413 -0.001239 0.015874 0.024654 -0.010682 0.000492 0.261334 0.811372 1.399704 1.789090 2.001544 2.086615 1.903877 
1.675008 1.070454 0.549738 0.292673 0.196594 0.119822 0.049797 0.021521 0.028327 0.044176 0.056858 0.061940 0.055961 0.041446 0.024937 0.009004 -0.001842 0.006006 0.024945 0.009636 -0.024205 0.091913 0.512642 1.118777 1.621250 1.912433 2.067391 2.037601 
1.897780 1.383657 0.783357 0.390898 0.234421 0.158650 0.081848 0.030142 0.022101 0.036138 0.051293 0.060647 0.060292 0.049362 0.033256 0.016746 0.001953 -0.000470 0.017196 0.023096 -0.013871 0.002072 0.266451 0.810736 1.393965 1.789254 2.007358 2.086476 
2.033519 1.670564 1.073429 0.554124 0.291579 0.193681 0.119921 0.051138 0.021549 0.027842 0.044208 0.057010 0.061847 0.055878 0.041619 0.024988 0.008535 -0.001786 0.007388 0.025056 0.006641 -0.025487 0.096125 0.515638 1.114613 1.617536 1.916431 2.071219 
