0.002396 0.010123 0.027625 0.067730 0.146513 0.278831 0.465960 0.683729 0.893247 0.913358 1.496465 1.960268 1.663520 1.459180 1.263387 1.231195 0.567544 -0.058107 0.022937 0.007075 0.008921 0.012621 0.015280 0.015241 0.012403 0.008034 0.003978 0.000895 
0.000969 0.005391 0.016997 0.043871 0.101185 0.205443 0.366584 0.571605 0.810115 0.874080 1.160849 1.801349 1.860185 1.546862 1.342190 1.282560 0.953614 0.190913 -0.062190 0.029187 0.005399 0.010887 0.014217 0.015638 0.014115 0.010287 0.005946 0.002100 
0.001011 0.002446 0.009949 0.027676 0.067630 0.146479 0.279478 0.461974 0.704454 0.843053 0.965813 1.496265 1.906977 1.717964 1.418180 1.317789 1.177939 0.567515 -0.005460 -0.027206 0.027679 0.004758 0.013162 0.015235 0.015238 0.012382 0.008123 0.003844 
0.002075 0.001098 0.005299 0.016931 0.043871 0.100990 0.206445 0.362017 0.586866 0.788120 0.872730 1.202454 1.758498 1.866136 1.554004 1.349302 1.288494 0.910871 0.232720 -0.063404 0.007151 0.020492 0.006169 0.015156 0.015512 0.014102 0.010341 0.005911 
0.003789 0.001084 0.002475 0.009842 0.027679 0.067370 0.147575 0.275660 0.470272 0.701586 0.823266 0.995981 1.494913 1.880663 1.729683 1.424368 1.329469 1.151664 0.566331 0.024898 -0.046942 0.024691 0.012882 0.009228 0.016351 0.015003 0.012432 0.008138 
0.005874 0.002080 0.001174 0.005242 0.016906 0.043579 0.101948 0.204031 0.364580 0.592719 0.771028 0.879013 1.223944 1.738038 1.857603 1.565602 1.360871 1.279946 0.890517 0.254409 -0.056987 -0.009982 0.026182 0.008573 0.012700 0.016503 0.013836 0.010422 
0.008201 0.003752 0.001141 0.002485 0.009826 0.027377 0.068028 0.146569 0.274879 0.477193 0.694360 0.814052 1.015890 1.495671 1.860653 1.732499 1.439132 1.332248 1.131692 0.567256 0.044994 -0.056105 0.017350 0.019624 0.008341 0.015351 0.015688 0.012202 
0.010249 0.005913 0.002082 0.001216 0.005269 0.016644 0.043879 0.101930 0.202156 0.368882 0.593738 0.758775 0.885758 1.238856 1.724603 1.846278 1.577360 1.372602 1.268609 0.877189 0.269518 -0.050109 -0.022273 0.027036 0.012719 0.010780 0.016507 0.014183 
0.012277 0.008090 0.003793 0.001155 0.002555 0.009655 0.027377 0.068453 0.145020 0.276062 0.481769 0.686852 0.809163 1.030968 1.496978 1.843757 1.732961 1.454795 1.332677 1.114838 0.568728 0.060255 -0.060943 0.009727 0.024023 0.009422 0.013799 0.016147 
0.014673 0.010162 0.005870 0.002117 0.001276 0.005214 0.016477 0.044310 0.101208 0.201365 0.373089 0.592541 0.749621 0.892189 1.250501 1.714078 1.835173 1.588234 1.383450 1.257495 0.866770 0.281357 -0.043547 -0.031464 0.025674 0.016774 0.009941 0.015804 
0.016159 0.012576 0.007954 0.003796 0.001218 0.002575 0.009469 0.027599 0.068424 0.143664 0.278149 0.484570 0.679874 0.806472 1.043337 1.498111 1.829086 1.732800 1.469447 1.332485 1.100209 0.570025 0.072806 -0.063581 0.002636 0.026649 0.011406 0.012434 
0.014817 0.015024 0.010241 0.005757 0.002168 0.001344 0.005089 0.016484 0.044599 0.100202 0.201443 0.376735 0.590282 0.742512 0.898292 1.260024 1.705093 1.825084 1.598019 1.393211 1.247399 0.857892 0.291072 -0.037313 -0.038609 0.023253 0.020270 0.009966 
0.011467 0.015817 0.012937 0.007884 0.003748 0.001311 0.002538 0.009354 0.027885 0.068037 0.142710 0.280570 0.486129 0.673546 0.805111 1.053919 1.498847 1.816211 1.732539 1.482661 1.332196 1.087378 0.570923 0.083569 -0.064891 -0.003806 0.028035 0.013722 
0.010584 0.013804 0.015163 0.010439 0.005639 0.002208 0.001395 0.004958 0.016615 0.044672 0.099168 0.202118 0.379758 0.587497 0.736858 0.904108 1.267969 1.697111 1.816145 1.606752 1.401922 1.238457 0.850017 0.299206 -0.031367 -0.044299 0.020308 0.023144 
0.016090 0.010910 0.015257 0.013252 0.007903 0.003678 0.001393 0.002474 0.009330 0.028127 0.067429 0.142166 0.283044 0.486811 0.667839 0.804644 1.063177 1.499166 1.804838 1.732336 1.494443 1.331967 1.076051 0.571403 0.093005 -0.065306 -0.009624 0.028547 
0.025442 0.011585 0.012894 0.015099 0.010690 0.005563 0.002223 0.001418 0.004867 0.016803 0.044541 0.098236 0.203177 0.382204 0.584458 0.732302 0.909660 1.274668 1.689883 1.808287 1.614541 1.409690 1.230596 0.842895 0.306092 -0.025687 -0.048890 0.017112 
0.028427 0.018369 0.010710 0.014590 0.013470 0.008000 0.003614 0.001437 0.002412 0.009386 0.028273 0.066712 0.141981 0.285431 0.486860 0.662699 0.804814 1.071378 1.499119 1.794739 1.732229 1.504925 1.331836 1.065999 0.571514 0.101382 -0.065084 -0.014873 
0.013817 0.027235 0.012821 0.012142 0.014872 0.010945 0.005548 0.002210 0.001411 0.004835 0.016996 0.044246 0.097461 0.204474 0.384145 0.581320 0.728612 0.914954 1.280354 1.683273 1.801382 1.621500 1.416630 1.223692 0.836391 0.311963 -0.020266 -0.052614 
-0.019607 0.027845 0.020493 0.010805 0.013892 0.013576 0.008154 0.003570 0.001435 0.002368 0.009501 0.028307 0.065962 0.142092 0.287664 0.486445 0.658073 0.805451 1.078700 1.498773 1.785729 1.732214 1.514265 1.331801 1.057036 0.571326 0.108877 -0.064397 
-0.055638 0.010517 0.028591 0.014192 0.011565 0.014525 0.011171 0.005595 0.002176 0.001379 0.004865 0.017162 0.043831 0.096862 0.205908 0.385650 0.578173 0.725622 0.919992 1.285204 1.677194 1.795301 1.627738 1.422851 1.217614 0.830418 0.316996 -0.015103 
-0.063367 -0.023874 0.026920 0.022430 0.011136 0.013211 0.013572 0.008344 0.003555 0.001393 0.002349 0.009652 0.028233 0.065229 0.142439 0.289712 0.485687 0.653912 0.806431 1.085271 1.498193 1.777653 1.732278 1.522611 1.331846 1.049010 0.570902 0.115621 
-0.010194 -0.058085 0.007268 0.029572 0.015628 0.011163 0.014095 0.011351 0.005693 0.002127 0.001332 0.004945 0.017284 0.043333 0.096436 0.207407 0.386781 0.575076 0.723208 0.924776 1.289360 1.671583 1.789926 1.633350 1.428445 1.212243 0.824913 0.321333 
0.121713 -0.062084 -0.027719 0.025744 0.024169 0.011652 0.012579 0.013472 0.008549 0.003567 0.001323 0.002357 0.009818 0.028064 0.064544 0.142971 0.291562 0.484675 0.650172 0.807663 1.091194 1.497436 1.770384 1.732404 1.530096 1.331955 1.041791 0.570300 
0.325086 -0.005537 -0.060052 0.004108 0.030235 0.017079 0.010923 0.013616 0.011478 0.005829 0.002073 0.001278 0.005062 0.017354 0.042786 0.096172 0.208923 0.387592 0.572066 0.721271 0.929311 1.292934 1.666392 1.785154 1.638415 1.433495 1.207478 0.819828 
0.569566 0.127237 -0.060618 -0.031182 0.024382 0.025711 0.012308 0.012013 0.013292 0.008752 0.003603 0.001238 0.002388 0.009983 0.027815 0.063925 0.143645 0.293217 0.483478 0.646811 0.809079 1.096550 1.496548 1.763815 1.732575 1.536833 1.332112 1.035273 
0.815121 0.328347 -0.001124 -0.061619 0.001060 0.030625 0.018513 0.010830 0.013114 0.011550 0.005989 0.002022 0.001226 0.005202 0.017369 0.042215 0.096055 0.210422 0.388132 0.569166 0.719735 0.933602 1.296017 1.661578 1.780898 1.643002 1.438069 1.203231 
1.029367 0.568738 0.132261 -0.059021 -0.034300 0.022889 0.027062 0.013069 0.011523 0.013050 0.008940 0.003661 0.001149 0.002438 0.010132 0.027505 0.063382 0.144424 0.294682 0.482147 0.643793 0.810626 1.101408 1.495567 1.757855 1.732780 1.542920 1.332304 
1.199431 0.810755 0.331192 0.003054 -0.062850 -0.001862 0.030785 0.019905 0.010865 0.012609 0.011569 0.006160 0.001979 0.001182 0.005353 0.017331 0.041642 0.096066 0.211881 0.388441 0.566390 0.718534 0.937660 1.298687 1.657106 1.777087 1.647171 1.442225 
