0.049612 0.032145 0.015691 0.005239 0.001628 0.014879 -0.075979 0.528386 1.158502 1.149182 1.307057 1.495810 1.818192 1.427223 0.947730 1.027918 0.881939 0.676347 0.458666 0.274916 0.145253 0.068286 0.032665 0.025606 0.035300 0.050490 0.061146 0.060974 
0.056462 0.041195 0.023406 0.009722 0.000525 0.022956 -0.073923 0.163981 0.899097 1.189555 1.207491 1.382824 1.699352 1.690346 1.141497 0.961335 0.982556 0.782212 0.565821 0.360734 0.203042 0.100759 0.046101 0.026321 0.029084 0.042894 0.056892 0.062570 
0.060943 0.049606 0.032128 0.016267 0.001093 0.022224 -0.035278 -0.023330 0.528368 1.105225 1.203511 1.265988 1.550287 1.765051 1.427170 1.000184 0.977576 0.902512 0.672328 0.459383 0.274949 0.145217 0.068220 0.032637 0.025620 0.035321 0.050487 0.061118 
0.062536 0.056451 0.041080 0.024380 0.005032 0.015622 0.000905 -0.075144 0.205798 0.856354 1.195439 1.214521 1.389939 1.705402 1.647664 1.183186 0.959899 0.960391 0.797372 0.561283 0.361810 0.202928 0.100707 0.046048 0.026317 0.029106 0.042905 0.056874 
0.061087 0.060941 0.049385 0.033267 0.012369 0.009233 0.019228 -0.055028 0.007030 0.527194 1.078927 1.215118 1.272109 1.562041 1.738887 1.425961 1.030350 0.957642 0.899492 0.680593 0.455623 0.276138 0.144967 0.068183 0.032605 0.025634 0.035342 0.050485 
0.056850 0.062552 0.056166 0.042094 0.021955 0.007465 0.021315 -0.016242 -0.068734 0.227497 0.835999 1.186842 1.226008 1.401512 1.696968 1.627370 1.204758 0.966097 0.943130 0.803127 0.563865 0.359485 0.203946 0.100382 0.046045 0.026305 0.029129 0.042917 
0.050470 0.061121 0.060659 0.050075 0.032297 0.011514 0.015993 0.011879 -0.064204 0.027129 0.528129 1.058933 1.217825 1.286808 1.564892 1.719024 1.426861 1.050258 0.948284 0.892118 0.687475 0.454907 0.275219 0.145630 0.067866 0.032638 0.025636 0.035366 
0.042916 0.056895 0.062330 0.056487 0.042121 0.020069 0.011637 0.022173 -0.028547 -0.061862 0.242616 0.822669 1.175454 1.237659 1.413247 1.685742 1.614099 1.219751 0.972759 0.930712 0.804045 0.568186 0.357700 0.203978 0.100663 0.045804 0.026362 0.029139 
0.035356 0.050522 0.060986 0.060688 0.050535 0.030777 0.012626 0.020407 0.004248 -0.069055 0.042394 0.529610 1.042054 1.218180 1.302407 1.565390 1.702275 1.428308 1.065335 0.943252 0.884462 0.692010 0.456158 0.273750 0.146063 0.067859 0.032502 0.025702 
0.029179 0.042945 0.056851 0.062199 0.056948 0.041438 0.019265 0.015718 0.020815 -0.037751 -0.055306 0.254465 0.812247 1.164289 1.248429 1.424099 1.674736 1.603736 1.231476 0.979108 0.921394 0.802746 0.572414 0.356998 0.203301 0.101084 0.045654 0.026328 
0.025722 0.035401 0.050526 0.060828 0.060944 0.050543 0.029444 0.014643 0.023049 -0.002850 -0.071705 0.054948 0.530915 1.027400 1.217917 1.316998 1.565268 1.687750 1.429579 1.077702 0.940423 0.877337 0.694771 0.458312 0.272471 0.146046 0.068080 0.032342 
0.026220 0.029232 0.042989 0.056732 0.062241 0.057272 0.040469 0.019327 0.019240 0.018397 -0.044908 -0.049077 0.264189 0.803365 1.154142 1.258111 1.433864 1.664747 1.594911 1.241076 0.985131 0.914125 0.800384 0.576081 0.357161 0.202340 0.101370 0.045675 
0.032246 0.025686 0.035481 0.050476 0.060736 0.061265 0.050195 0.028509 0.016994 0.024450 -0.009298 -0.073026 0.065714 0.531821 1.014543 1.217555 1.330152 1.565045 1.675019 1.430450 1.088283 0.938925 0.870862 0.696289 0.460800 0.271590 0.145674 0.068367 
0.045817 0.026102 0.029275 0.043022 0.056605 0.062404 0.057384 0.039472 0.019982 0.022140 0.015454 -0.050611 -0.043136 0.272333 0.795485 1.145147 1.266745 1.442579 1.655907 1.587088 1.249098 0.990868 0.908311 0.797497 0.579124 0.357918 0.201352 0.101444 
0.068611 0.032238 0.025624 0.035553 0.050400 0.060732 0.061544 0.049628 0.027982 0.019396 0.024976 -0.015123 -0.073452 0.075154 0.532308 1.003188 1.217254 1.341875 1.564882 1.663789 1.430903 1.097540 0.938323 0.865009 0.696930 0.463338 0.271118 0.145085 
0.101318 0.046014 0.026022 0.029291 0.043029 0.056516 0.062622 0.057294 0.038575 0.021019 0.024464 0.012261 -0.055213 -0.037460 0.279228 0.788357 1.137234 1.274437 1.450351 1.648147 1.580015 1.255872 0.996343 0.903597 0.794357 0.581591 0.359058 0.200466 
0.144389 0.068760 0.032308 0.025564 0.035588 0.050328 0.060806 0.061728 0.048954 0.027812 0.021711 0.024871 -0.020380 -0.073241 0.083535 0.532426 0.993108 1.217051 1.352300 1.564815 1.653832 1.430987 1.105740 0.938359 0.859725 0.696938 0.465787 0.271004 
0.199738 0.101030 0.046215 0.026001 0.029279 0.043008 0.056487 0.062844 0.057043 0.037836 0.022292 0.026283 0.008969 -0.058949 -0.032044 0.285107 0.781846 1.130277 1.281302 1.457295 1.641341 1.573559 1.261633 1.001560 0.899750 0.791117 0.583550 0.360433 
0.271184 0.143663 0.068799 0.032433 0.025523 0.035579 0.050275 0.060937 0.061801 0.048249 0.027935 0.023869 0.024303 -0.025120 -0.072564 0.091035 0.532243 0.984117 1.216944 1.361583 1.564842 1.644962 1.430771 1.113061 0.938864 0.854955 0.696482 0.468080 
0.361943 0.199187 0.100623 0.046388 0.026039 0.029245 0.042966 0.056518 0.063039 0.056672 0.037272 0.023699 0.027666 0.005671 -0.061983 -0.026884 0.290150 0.775866 1.124145 1.287448 1.463519 1.635359 1.567632 1.266557 1.006523 0.896605 0.787870 0.585072 
0.470185 0.271601 0.142955 0.068729 0.032593 0.025508 0.035531 0.050248 0.061102 0.061765 0.047561 0.028294 0.025841 0.023394 -0.029394 -0.071543 0.097782 0.531825 0.976061 1.216917 1.369874 1.564948 1.637026 1.430319 1.119632 0.939713 0.850652 0.695683 
0.586218 0.363516 0.198810 0.100136 0.046516 0.026126 0.029197 0.042909 0.056599 0.063189 0.056220 0.036882 0.025170 0.028675 0.002425 -0.064441 -0.021978 0.294495 0.770353 1.118720 1.292969 1.469117 1.630082 1.562172 1.270785 1.011233 0.894037 0.784673 
0.694629 0.472092 0.272202 0.142298 0.068565 0.032766 0.025520 0.035457 0.050248 0.061282 0.061635 0.046922 0.028837 0.027615 0.022232 -0.033246 -0.070269 0.103879 0.531228 0.968812 1.216955 1.377306 1.565116 1.629895 1.429688 1.125553 0.940817 0.846770 
0.781564 0.587044 0.365105 0.198596 0.099602 0.046591 0.026250 0.029143 0.042847 0.056717 0.063286 0.055720 0.036653 0.026656 0.029364 -0.000733 -0.066420 -0.017324 0.298256 0.765258 1.113901 1.297947 1.474171 1.625408 1.557129 1.274430 1.015694 0.891949 
0.843270 0.693389 0.473801 0.272943 0.141708 0.068322 0.032937 0.025555 0.035367 0.050273 0.061460 0.061426 0.046350 0.029519 0.029191 0.020886 -0.036715 -0.068811 0.109408 0.530498 0.962263 1.217041 1.383992 1.565331 1.623462 1.428924 1.130909 0.942106 
0.890262 0.778566 0.587596 0.366676 0.198530 0.099045 0.046610 0.026396 0.029091 0.042788 0.056858 0.063328 0.055197 0.036570 0.028124 0.029782 -0.003778 -0.067997 -0.012913 0.301525 0.760541 1.109600 1.302449 1.478748 1.621250 1.552462 1.277584 1.019913 
0.943526 0.840114 0.692016 0.475318 0.273790 0.141195 0.068017 0.033092 0.025609 0.035275 0.050318 0.061622 0.061155 0.045854 0.030306 0.030577 0.019408 -0.039840 -0.067223 0.114437 0.529672 0.956325 1.217162 1.390029 1.565580 1.617639 1.428066 1.135766 
1.023899 0.888913 0.775692 0.587917 0.368204 0.198593 0.098487 0.046576 0.026552 0.029048 0.042738 0.057010 0.063317 0.054671 0.036617 0.029550 0.029968 -0.006697 -0.069238 -0.008737 0.304378 0.756164 1.105744 1.306535 1.482908 1.617536 1.548136 1.280323 
