0.793662 0.974821 0.986580 0.707936 1.015060 1.339384 1.078551 1.039498 1.055749 1.231118 0.786773 0.452294 0.933328 1.380469 1.777717 1.958877 1.841109 1.464981 0.972098 0.525202 0.225564 0.079397 0.027568 0.009886 0.015016 0.081193 0.250501 0.514221 
0.659190 0.900890 1.020540 0.823553 0.806486 1.228838 1.236786 1.033467 1.027046 1.179554 1.058207 0.543193 0.635503 1.170142 1.594934 1.902908 1.937454 1.677922 1.222490 0.734738 0.354708 0.136214 0.046012 0.016321 0.007836 0.037293 0.152085 0.374244 
0.515095 0.789333 0.994875 0.935912 0.760486 1.015438 1.286706 1.133199 0.998162 1.109524 1.177403 0.786817 0.505544 0.883894 1.401340 1.773151 1.958636 1.840470 1.464960 0.972615 0.525864 0.225922 0.079242 0.027050 0.009398 0.014922 0.081568 0.251029 
0.375686 0.654567 0.915588 0.997907 0.821992 0.848466 1.186647 1.243186 1.040535 1.033626 1.184886 1.015244 0.585368 0.635013 1.148649 1.609955 1.897537 1.937637 1.677462 1.222780 0.735386 0.355263 0.136320 0.045637 0.015763 0.007513 0.037458 0.152482 
0.252710 0.511493 0.797292 0.991339 0.915653 0.790747 1.014660 1.261003 1.145123 1.004016 1.120578 1.150669 0.785708 0.536502 0.864862 1.398617 1.780875 1.953925 1.840988 1.464723 0.973159 0.526521 0.226279 0.079088 0.026533 0.008908 0.014857 0.081726 
0.154005 0.373725 0.657065 0.920885 0.980181 0.828066 0.870328 1.166843 1.235101 1.052060 1.044666 1.175738 0.994672 0.607425 0.642153 1.132056 1.615572 1.899292 1.934423 1.678132 1.222794 0.736082 0.355811 0.136426 0.045264 0.015201 0.007241 0.037348 
0.082796 0.252280 0.510933 0.803871 0.983452 0.905970 0.810748 1.015989 1.241602 1.148143 1.018447 1.122734 1.130242 0.786709 0.557197 0.856399 1.391538 1.787221 1.952262 1.839399 1.465397 0.973420 0.527241 0.226624 0.078938 0.026006 0.008486 0.014513 
0.037843 0.154540 0.372301 0.661303 0.921348 0.967299 0.834602 0.885609 1.154061 1.224224 1.063745 1.055869 1.163802 0.981128 0.622901 0.649748 1.120301 1.616355 1.902791 1.931753 1.677815 1.223411 0.736537 0.356426 0.136519 0.044880 0.014710 0.006732 
0.014479 0.083632 0.251296 0.512340 0.808106 0.975286 0.900615 0.825916 1.017863 1.225314 1.148810 1.033777 1.122540 1.112933 0.788258 0.573055 0.852257 1.384175 1.791224 1.952572 1.837261 1.465837 0.973988 0.527790 0.227034 0.078755 0.025547 0.007896 
0.006316 0.038478 0.154362 0.371958 0.665449 0.919596 0.957520 0.840825 0.897621 1.144186 1.213566 1.074547 1.066190 1.152092 0.970496 0.635107 0.657025 1.111642 1.614922 1.906202 1.930167 1.676788 1.224165 0.737082 0.356950 0.136642 0.044526 0.014131 
0.007285 0.014673 0.084015 0.250498 0.514649 0.810568 0.967653 0.897462 0.838374 1.019560 1.211248 1.148855 1.048099 1.121728 1.097854 0.789633 0.586201 0.850310 1.377343 1.793456 1.953789 1.835313 1.465825 0.974782 0.528315 0.227397 0.078627 0.025043 
0.013480 0.006073 0.038976 0.153897 0.372478 0.669036 0.916785 0.949790 0.846720 0.907507 1.135849 1.203923 1.084261 1.075425 1.141403 0.961406 0.645188 0.663970 1.105027 1.612430 1.909058 1.929452 1.675476 1.224781 0.737796 0.357399 0.136780 0.044189 
0.024485 0.006742 0.014933 0.084041 0.250096 0.517290 0.811790 0.960673 0.895641 0.849044 1.020857 1.198977 1.148799 1.060983 1.120820 1.084573 0.790610 0.597556 0.849689 1.371159 1.794451 1.955345 1.833765 1.465456 0.975638 0.528903 0.227703 0.078535 
0.043842 0.012822 0.005953 0.039260 0.153401 0.373590 0.672000 0.913452 0.943518 0.852331 0.915813 1.128511 1.195429 1.092924 1.083613 1.131868 0.953321 0.653689 0.670623 1.099863 1.609413 1.911296 1.929333 1.674135 1.225182 0.738629 0.357838 0.136907 
0.078436 0.023904 0.006288 0.015151 0.083848 0.250099 0.519982 0.812138 0.954318 0.894716 0.858389 1.021734 1.188205 1.148801 1.072436 1.119974 1.072798 0.791170 0.607582 0.849958 1.365595 1.794573 1.956956 1.832626 1.464867 0.976449 0.529577 0.227984 
0.137009 0.043470 0.012205 0.005889 0.039343 0.153004 0.375082 0.674388 0.909869 0.938348 0.857677 0.922870 1.121924 1.188014 1.100643 1.090858 1.123417 0.945990 0.660940 0.677008 1.095795 1.606144 1.912962 1.929600 1.672896 1.225379 0.739515 0.358314 
0.228268 0.078301 0.023328 0.005914 0.015274 0.083545 0.250456 0.522585 0.811854 0.948534 0.894431 0.866676 1.022242 1.178705 1.148898 1.082590 1.119228 1.062301 0.791363 0.616548 0.850860 1.360599 1.794066 1.958484 1.831847 1.464169 0.977163 0.530327 
0.358848 0.137083 0.043072 0.011649 0.005831 0.039263 0.152762 0.376807 0.676270 0.906189 0.934047 0.862767 0.928912 1.115952 1.181552 1.107533 1.097277 1.115925 0.939280 0.667176 0.683130 1.092590 1.602778 1.914126 1.930105 1.671814 1.225413 0.740403 
0.531132 0.228570 0.078123 0.022773 0.005598 0.015287 0.083209 0.251106 0.525030 0.811109 0.943268 0.894614 0.874082 1.022447 1.170292 1.149088 1.091603 1.118579 1.052896 0.791256 0.624630 0.852224 1.356116 1.793098 1.959859 1.831363 1.463438 0.977763 
0.741260 0.359441 0.137134 0.042654 0.011155 0.005746 0.039063 0.152693 0.378664 0.677715 0.902504 0.930449 0.867601 0.934117 1.110509 1.175913 1.113703 1.102978 1.109261 0.933102 0.672574 0.688991 1.090082 1.599406 1.914858 1.930748 1.670908 1.225325 
0.978253 0.531970 0.228898 0.077908 0.022246 0.005319 0.015192 0.082890 0.251988 0.527287 0.810023 0.938470 0.895143 0.880738 1.022416 1.162811 1.149357 1.099623 1.118013 1.044429 0.790915 0.631958 0.853927 1.352098 1.791791 1.961052 1.831116 1.462725 
1.225153 0.742070 0.360082 0.137173 0.042223 0.010713 0.005617 0.038782 0.152796 0.380584 0.678786 0.898873 0.927430 0.872182 0.938624 1.105531 1.170978 1.119246 1.108054 1.103307 0.927395 0.677275 0.694594 1.088148 1.596086 1.915219 1.931459 1.670175 
1.462058 0.978644 0.532820 0.229252 0.077666 0.021747 0.005056 0.015002 0.082618 0.253051 0.529345 0.808685 0.934097 0.895927 0.886743 1.022204 1.156134 1.149687 1.106784 1.117512 1.036772 0.790396 0.638633 0.855880 1.348500 1.790234 1.962051 1.831056 
1.669605 1.224931 0.742824 0.360760 0.137206 0.041788 0.010310 0.005436 0.038451 0.153058 0.382516 0.679537 0.895332 0.924893 0.876514 0.942547 1.100969 1.166645 1.124244 1.112588 1.097961 0.922108 0.681391 0.699943 1.086690 1.592855 1.915264 1.932188 
1.831137 1.461458 0.978955 0.533665 0.229630 0.077410 0.021274 0.004792 0.014734 0.082411 0.254253 0.531204 0.807163 0.930108 0.896896 0.892181 1.021858 1.150155 1.150062 1.113198 1.117061 1.029818 0.789746 0.644737 0.858011 1.345283 1.788495 1.962856 
1.932902 1.669181 1.224685 0.743521 0.361458 0.137241 0.041357 0.009932 0.005202 0.038098 0.153465 0.384429 0.680016 0.891904 0.922759 0.880603 0.945977 1.096782 1.162828 1.128765 1.116647 1.093135 0.917201 0.685015 0.705045 1.085629 1.589736 1.915041 
1.963474 1.831325 1.460933 0.979201 0.534494 0.230027 0.077153 0.020824 0.004515 0.014404 0.082279 0.255557 0.532871 0.805510 0.926465 0.897999 0.897120 1.021417 1.144784 1.150471 1.118963 1.116647 1.023478 0.789003 0.650339 0.860270 1.342408 1.786625 
1.914591 1.933577 1.668887 1.224434 0.744163 0.362166 0.137286 0.040936 0.009566 0.004916 0.037741 0.153998 0.386297 0.680263 0.888604 0.920964 0.884460 0.948991 1.092934 1.159453 1.132867 1.120290 1.088758 0.912637 0.688222 0.709908 1.084902 1.586744 
