0.000036 0.000341 0.001690 0.005667 0.026824 -0.050355 0.577293 1.240944 1.271139 1.463067 1.662112 1.953037 1.484182 0.898126 0.878015 0.671447 0.458729 0.277424 0.150400 0.075482 0.037394 0.019712 0.011101 0.006029 0.002723 0.000852 0.000129 -0.000004 
0.000003 0.000124 0.000947 0.001068 0.030560 -0.056155 0.199910 0.963616 1.291557 1.348224 1.548234 1.855855 1.791407 1.146760 0.858459 0.796026 0.561664 0.362255 0.206816 0.107215 0.052907 0.026838 0.014730 0.008294 0.004193 0.001623 0.000380 0.000023 
-0.000004 -0.000003 0.000881 -0.002473 0.026268 -0.023321 0.002292 0.577266 1.187691 1.325540 1.422065 1.716553 1.899745 1.483984 0.950585 0.827825 0.692173 0.454741 0.278068 0.150356 0.075421 0.037337 0.019685 0.011100 0.006039 0.002734 0.000859 0.000128 
0.000031 -0.000122 0.001066 -0.003771 0.016160 0.008520 -0.057371 0.241718 0.920875 1.297492 1.355335 1.555373 1.861804 1.748557 1.188368 0.857113 0.774034 0.576924 0.357687 0.207805 0.107050 0.052853 0.026795 0.014718 0.008300 0.004205 0.001633 0.000383 
0.000157 -0.000220 0.001112 -0.003051 0.005649 0.023277 -0.043060 0.032649 0.576084 1.161417 1.337220 1.428250 1.728269 1.873429 1.482633 0.980756 0.808041 0.689306 0.463040 0.274238 0.151468 0.075147 0.037310 0.019656 0.011099 0.006049 0.002745 0.000863 
0.000435 -0.000233 0.000882 -0.001392 -0.001367 0.021848 -0.008617 -0.050955 0.263408 0.900523 1.288945 1.366902 1.566968 1.853268 1.728096 1.209861 0.863401 0.756944 0.582780 0.360242 0.205395 0.108014 0.052525 0.026802 0.014699 0.008307 0.004217 0.001636 
0.000932 -0.000095 0.000477 0.000118 -0.003940 0.012391 0.015933 -0.052225 0.052745 0.577011 1.141447 1.339999 1.443012 1.731081 1.853417 1.483393 1.000669 0.798831 0.682083 0.469957 0.273454 0.150473 0.075784 0.037001 0.019691 0.011086 0.006062 0.002745 
0.001707 0.000248 0.000107 0.000899 -0.003310 0.002778 0.022700 -0.020911 -0.044079 0.278518 0.887197 1.277609 1.378632 1.578723 1.841940 1.714661 1.224776 0.870150 0.744695 0.583798 0.364537 0.203526 0.107993 0.052802 0.026569 0.014748 0.008301 0.004217 
0.002810 0.000832 -0.000036 0.000941 -0.001426 -0.002860 0.016788 0.008307 -0.057066 0.068006 0.578485 1.124594 1.340428 1.458672 1.731540 1.836520 1.484701 1.015750 0.793945 0.674577 0.474528 0.274638 0.148927 0.076190 0.037003 0.019557 0.011138 0.006042 
0.004247 0.001689 0.000154 0.000588 0.000205 -0.004146 0.006831 0.021337 -0.030105 -0.037518 0.290358 0.876781 1.266496 1.389479 1.589594 1.830833 1.704136 1.236424 0.876584 0.735545 0.582599 0.368741 0.202740 0.107261 0.053219 0.026429 0.014708 0.008325 
0.006077 0.002829 0.000708 0.000251 0.000954 -0.002781 -0.000876 0.019412 0.001213 -0.059707 0.080557 0.579783 1.109968 1.340236 1.473322 1.731377 1.821848 1.485836 1.028123 0.791259 0.667601 0.477326 0.276726 0.147572 0.076145 0.037231 0.019400 0.011144 
0.008364 0.004291 0.001596 0.000231 0.000932 -0.000774 -0.004115 0.010326 0.018913 -0.037252 -0.031286 0.300074 0.867905 1.256402 1.399238 1.599376 1.820741 1.695152 1.245949 0.882691 0.728440 0.580338 0.372386 0.202822 0.106245 0.053499 0.026458 0.014593 
0.011094 0.006147 0.002792 0.000649 0.000603 0.000612 -0.003739 0.001442 0.020796 -0.005231 -0.061019 0.091319 0.580683 1.097139 1.339947 1.486534 1.731113 1.808971 1.486573 1.038709 0.789902 0.661273 0.478882 0.279150 0.146615 0.075744 0.037524 0.019307 
0.014469 0.008391 0.004324 0.001495 0.000430 0.001063 -0.001781 -0.003491 0.013198 0.015965 -0.042945 -0.025341 0.308209 0.860032 1.247460 1.407949 1.608106 1.811800 1.687170 1.253897 0.888512 0.722788 0.577551 0.375408 0.203498 0.105201 0.053566 0.026610 
0.019302 0.011019 0.006208 0.002730 0.000679 0.000912 0.000050 -0.004290 0.003812 0.021305 -0.011052 -0.061436 0.100755 0.581165 1.085813 1.339718 1.498314 1.730907 1.797597 1.486894 1.047971 0.789440 0.655566 0.479562 0.281626 0.146066 0.075126 0.037775 
0.026816 0.014384 0.008393 0.004332 0.001432 0.000683 0.000993 -0.002688 -0.002484 0.015496 0.012765 -0.047538 -0.019662 0.315096 0.852912 1.239600 1.415715 1.615892 1.803939 1.679941 1.260599 0.894069 0.718235 0.574511 0.377855 0.204557 0.104259 0.053433 
0.037930 0.019375 0.010947 0.006234 0.002671 0.000786 0.001127 -0.000619 -0.004483 0.006094 0.021182 -0.016304 -0.061216 0.109132 0.581278 1.075763 1.339587 1.508793 1.730796 1.787497 1.486848 1.056176 0.789614 0.650427 0.479610 0.284014 0.145876 0.074399 
0.053137 0.027025 0.014357 0.008368 0.004312 0.001428 0.000941 0.000762 -0.003437 -0.001242 0.017288 0.009467 -0.051265 -0.014243 0.320968 0.846410 1.232697 1.422654 1.622848 1.797032 1.673331 1.266287 0.899367 0.714547 0.571371 0.379797 0.205853 0.103475 
0.073642 0.037973 0.019504 0.010894 0.006216 0.002631 0.000950 0.001230 -0.001319 -0.004382 0.008221 0.020597 -0.021041 -0.060531 0.116627 0.581092 1.066802 1.339552 1.518130 1.730779 1.778485 1.486504 1.063502 0.790254 0.645801 0.479194 0.286248 0.145981 
0.102867 0.052721 0.027206 0.014390 0.008320 0.004270 0.001484 0.001171 0.000410 -0.004011 0.000135 0.018644 0.006164 -0.054291 -0.009081 0.326002 0.840439 1.226620 1.428873 1.629083 1.790949 1.667251 1.271141 0.904409 0.711559 0.568223 0.381302 0.207284 
0.146322 0.072902 0.037908 0.019667 0.010868 0.006159 0.002618 0.001149 0.001225 -0.002001 -0.004046 0.010161 0.019671 -0.025312 -0.059503 0.123371 0.580670 1.058777 1.339597 1.526474 1.730840 1.770407 1.485925 1.070077 0.791237 0.641640 0.478436 0.288295 
0.208780 0.102433 0.052224 0.027342 0.014473 0.008258 0.004214 0.001590 0.001355 -0.000022 -0.004411 0.001575 0.019626 0.002912 -0.056741 -0.004173 0.330340 0.834937 1.221250 1.434466 1.634692 1.785571 1.661641 1.275299 0.909198 0.709146 0.565126 0.382434 
0.290145 0.146847 0.072212 0.037747 0.019844 0.010868 0.006076 0.002631 0.001361 0.001124 -0.002636 -0.003526 0.011904 0.018492 -0.029160 -0.058222 0.129463 0.580069 1.051560 1.339705 1.533957 1.730962 1.763136 1.485169 1.076004 0.792473 0.637899 0.477425 
0.383246 0.210293 0.102161 0.051678 0.027424 0.014593 0.008192 0.004153 0.001733 0.001487 -0.000504 -0.004650 0.003032 0.020289 -0.000252 -0.058712 0.000483 0.334094 0.829853 1.216486 1.439515 1.639754 1.780796 1.656449 1.278876 0.913736 0.707212 0.562116 
0.476228 0.291799 0.147514 0.071588 0.037507 0.020019 0.010893 0.005978 0.002669 0.001572 0.000945 -0.003203 -0.002866 0.013449 0.017129 -0.032627 -0.056758 0.134987 0.579337 1.045045 1.339862 1.540692 1.731131 1.756566 1.484283 1.081364 0.793892 0.634539 
0.559217 0.383786 0.211788 0.102037 0.051109 0.027450 0.014736 0.008127 0.004095 0.001899 0.001563 -0.001008 -0.004742 0.004470 0.020681 -0.003303 -0.060282 0.004895 0.337356 0.825148 1.212241 1.444088 1.644339 1.776538 1.651635 1.281963 0.918032 0.705677 
0.631523 0.474898 0.293262 0.148286 0.071041 0.037205 0.020177 0.010937 0.005877 0.002726 0.001767 0.000704 -0.003694 -0.002101 0.014804 0.015634 -0.035749 -0.055163 0.140011 0.578510 1.039140 1.340054 1.546777 1.731332 1.750605 1.483303 1.086226 0.795442 
0.704478 0.556442 0.384095 0.213242 0.102042 0.050539 0.027423 0.014888 0.008072 0.004045 0.002075 0.001586 -0.001514 -0.004706 0.005866 0.020842 -0.006228 -0.061516 0.009072 0.340202 0.820784 1.208441 1.448243 1.648505 1.772724 1.647164 1.284636 0.922094 
