0.068102 -0.025619 0.583121 1.236215 1.263943 1.457921 1.659605 1.952975 1.489083 0.913769 0.910151 0.720932 0.518851 0.335847 0.194862 0.099681 0.043288 0.014983 0.003905 0.000882 0.000215 0.000789 0.005029 0.015644 0.032136 0.049603 0.061124 0.059792 
0.078885 -0.022689 0.214799 0.962970 1.284764 1.341767 1.544460 1.854473 1.793276 1.156216 0.881848 0.837194 0.617748 0.423201 0.259514 0.141814 0.067260 0.026321 0.007924 0.001838 0.000419 0.000240 0.002247 0.009481 0.023387 0.041157 0.056883 0.059431 
0.080705 0.018099 0.026573 0.583498 1.182856 1.318366 1.416882 1.714011 1.899673 1.488909 0.966268 0.859987 0.741649 0.514826 0.336451 0.194804 0.099643 0.043272 0.014985 0.003900 0.000860 0.000191 0.000786 0.005052 0.015689 0.032060 0.050393 0.056438 
0.074356 0.057215 -0.024166 0.256578 0.920448 1.290608 1.348887 1.551556 1.860397 1.750433 1.197859 0.880538 0.815212 0.632983 0.418590 0.260474 0.141654 0.067241 0.026316 0.007925 0.001823 0.000393 0.000225 0.002256 0.009538 0.023234 0.042274 0.051980 
0.064298 0.077878 -0.001557 0.056700 0.582465 1.156656 1.329981 1.423062 1.725685 1.873349 1.487581 0.996479 0.840229 0.738773 0.523088 0.332583 0.195904 0.099391 0.043285 0.014984 0.003894 0.000837 0.000169 0.000777 0.005120 0.015466 0.033274 0.046479 
0.054217 0.079974 0.040273 -0.017868 0.278207 0.900256 1.282049 1.360412 1.563131 1.851830 1.729982 1.219387 0.886862 0.798131 0.638813 0.421103 0.258036 0.142624 0.066948 0.026361 0.007919 0.001809 0.000369 0.000199 0.002328 0.009283 0.024282 0.039913 
0.045554 0.070872 0.070635 -0.010666 0.076655 0.583465 1.136782 1.332713 1.437794 1.728471 1.853323 1.488366 1.016431 0.831044 0.731542 0.529967 0.331759 0.194895 0.100050 0.043017 0.015047 0.003877 0.000819 0.000131 0.000844 0.004885 0.016180 0.032378 
0.038047 0.058223 0.080785 0.028103 -0.011059 0.293262 0.887048 1.270735 1.372090 1.574860 1.840478 1.716552 1.234338 0.893646 0.785892 0.639806 0.425356 0.256138 0.142607 0.067259 0.026166 0.007981 0.001783 0.000329 0.000249 0.002153 0.009634 0.024367 
0.030916 0.046582 0.075146 0.063078 -0.015464 0.091821 0.584981 1.120019 1.333114 1.453410 1.728906 1.836413 1.489698 1.031552 0.826183 0.724027 0.534501 0.332903 0.193337 0.100478 0.043058 0.014941 0.003925 0.000766 0.000161 0.000741 0.004952 0.016681 
0.023746 0.037238 0.062160 0.079390 0.018995 -0.004541 0.305059 0.876721 1.259658 1.382889 1.585697 1.829353 1.706031 1.246021 0.900117 0.776750 0.638581 0.429518 0.255324 0.141881 0.067711 0.026063 0.007954 0.001787 0.000321 0.000212 0.002062 0.010132 
0.016743 0.029628 0.048511 0.077673 0.056032 -0.018072 0.104304 0.586307 1.105475 1.332910 1.468011 1.728717 1.821733 1.490853 1.043964 0.823522 0.717042 0.537262 0.334953 0.191969 0.100455 0.043326 0.014811 0.003927 0.000767 0.000148 0.000611 0.005246 
0.010501 0.022838 0.037282 0.065555 0.076940 0.011910 0.001663 0.314740 0.867917 1.249604 1.392607 1.595438 1.819244 1.697053 1.255580 0.906260 0.769654 0.636295 0.433121 0.255377 0.140870 0.068025 0.026130 0.007852 0.001805 0.000328 0.000100 0.002138 
0.005607 0.016455 0.028726 0.050775 0.078976 0.049621 -0.019358 0.115018 0.587228 1.092718 1.332617 1.481174 1.728423 1.808850 1.491612 1.054590 0.822190 0.710706 0.538781 0.337338 0.190999 0.100076 0.043659 0.014747 0.003873 0.000804 0.000081 0.000542 
0.002334 0.010664 0.021899 0.037910 0.068341 0.073967 0.006264 0.007589 0.322850 0.860104 1.240705 1.401282 1.604125 1.810285 1.689078 1.263561 0.912117 0.764012 0.633483 0.436102 0.256024 0.139832 0.068126 0.026319 0.007742 0.001811 0.000326 -0.000023 
0.000559 0.005928 0.015950 0.028223 0.053093 0.079415 0.043823 -0.019754 0.124417 0.587728 1.081458 1.332390 1.492906 1.728184 1.797471 1.491954 1.063890 0.821753 0.704990 0.539425 0.339775 0.190438 0.099479 0.043949 0.014770 0.003793 0.000834 -0.000012 
-0.000108 0.002585 0.010631 0.021056 0.038916 0.070561 0.070743 0.001707 0.013255 0.329718 0.853036 1.232887 1.409019 1.611864 1.802405 1.681859 1.270295 0.917709 0.759468 0.630418 0.438508 0.257055 0.138895 0.068026 0.026562 0.007669 0.001791 0.000299 
-0.000101 0.000652 0.006158 0.015339 0.028071 0.055327 0.079230 0.038586 -0.019517 0.132766 0.587858 1.071466 1.332265 1.503339 1.728039 1.787366 1.491931 1.072132 0.821952 0.699842 0.539436 0.342126 0.190235 0.098774 0.044143 0.014870 0.003716 0.000828 
0.000246 -0.000136 0.002840 0.010438 0.020367 0.040155 0.072284 0.067421 -0.001993 0.018665 0.335576 0.846579 1.226024 1.415932 1.618774 1.795477 1.675258 1.276016 0.923042 0.755789 0.627253 0.440408 0.258323 0.138116 0.067764 0.026808 0.007655 0.001745 
0.000780 -0.000171 0.000800 0.006278 0.014697 0.028207 0.057408 0.078589 0.033858 -0.018818 0.140242 0.587687 1.062559 1.332237 1.512632 1.727985 1.778350 1.491609 1.079495 0.822617 0.695208 0.538984 0.344321 0.190327 0.098038 0.044225 0.015027 0.003658 
0.001678 0.000171 -0.000106 0.003069 0.010128 0.019850 0.041525 0.073576 0.064092 -0.004998 0.023822 0.340602 0.840650 1.219985 1.422129 1.624962 1.789372 1.669190 1.280902 0.928119 0.752811 0.624081 0.441872 0.259726 0.137512 0.067381 0.027026 0.007700 
0.003627 0.000694 -0.000216 0.000983 0.006293 0.014071 0.028575 0.059305 0.077610 0.029592 -0.017778 0.146971 0.587281 1.054583 1.332292 1.520935 1.728008 1.770267 1.491054 1.086107 0.823625 0.691039 0.538189 0.346330 0.190655 0.097320 0.044199 0.015217 
0.007795 0.001597 0.000082 -0.000026 0.003253 0.009738 0.019503 0.042959 0.074499 0.060815 -0.007432 0.028725 0.344935 0.835186 1.214651 1.427702 1.630524 1.783971 1.663590 1.285094 0.932941 0.750407 0.620959 0.442963 0.261195 0.137083 0.066918 0.027199 
0.015421 0.003623 0.000581 -0.000235 0.001179 0.006214 0.013493 0.029124 0.061007 0.076382 0.025744 -0.016487 0.153053 0.586697 1.047412 1.332410 1.528378 1.728091 1.762991 1.490322 1.092071 0.824885 0.687290 0.537142 0.348142 0.191168 0.096651 0.044078 
0.027317 0.007927 0.001511 -0.000013 0.000090 0.003385 0.009300 0.019315 0.044409 0.075108 0.057627 -0.009391 0.033380 0.348687 0.830138 1.209921 1.432733 1.635541 1.779173 1.658409 1.288704 0.937514 0.748482 0.617925 0.443734 0.262679 0.136817 0.066406 
0.043877 0.015621 0.003643 0.000455 -0.000231 0.001373 0.006058 0.012981 0.029810 0.062514 0.074972 0.022275 -0.015015 0.158570 0.585982 1.040938 1.332577 1.535076 1.728220 1.756414 1.489460 1.097467 0.826328 0.683922 0.535909 0.349758 0.191823 0.096049 
0.065871 0.027380 0.008081 0.001428 -0.000105 0.000228 0.003464 0.008840 0.019271 0.045839 0.075448 0.054550 -0.010953 0.037791 0.351950 0.825467 1.205708 1.437290 1.640082 1.774890 1.653606 1.291824 0.941843 0.746956 0.615001 0.444233 0.264147 0.136697 
0.095523 0.043613 0.015807 0.003683 0.000325 -0.000207 0.001553 0.005841 0.012544 0.030599 0.063833 0.073432 0.019148 -0.013414 0.163591 0.585172 1.035074 1.332779 1.541125 1.728383 1.750446 1.488505 1.102366 0.827901 0.680897 0.534544 0.351183 0.192583 
0.136707 0.065333 0.027388 0.008246 0.001355 -0.000188 0.000376 0.003490 0.008378 0.019353 0.047228 0.075561 0.051598 -0.012182 0.041969 0.354800 0.821136 1.201939 1.441430 1.644204 1.771051 1.649145 1.294531 0.945937 0.745766 0.612203 0.444501 0.265573 
