0.049765 0.033033 0.018806 0.014983 0.040105 -0.018397 0.645253 1.361599 1.451226 1.686971 1.886714 2.119605 1.544990 0.841285 0.732650 0.490061 0.290563 0.150277 0.068286 0.027641 0.009959 0.003905 0.005906 0.015863 0.032184 0.049613 0.060933 0.060902 
0.056470 0.041620 0.025235 0.013023 0.040187 -0.035580 0.247595 1.056205 1.442278 1.553970 1.779303 2.058696 1.909172 1.147520 0.751736 0.625767 0.381833 0.212689 0.102849 0.044010 0.016811 0.005834 0.003928 0.009929 0.023491 0.041211 0.056451 0.062447 
0.060879 0.049726 0.033589 0.014673 0.035577 -0.010079 0.034213 0.645254 1.308455 1.505736 1.645948 1.940980 2.066120 1.544759 0.893893 0.682646 0.510861 0.286524 0.150830 0.068181 0.027562 0.009909 0.003900 0.005936 0.015903 0.032207 0.049610 0.060891 
0.062420 0.056335 0.042570 0.020543 0.028131 0.018122 -0.036841 0.289393 1.013536 1.448336 1.561136 1.786338 2.064438 1.866195 1.189196 0.750579 0.603916 0.397098 0.208037 0.103757 0.043806 0.016754 0.005805 0.003943 0.009968 0.023524 0.041223 0.056425 
0.060883 0.060639 0.050841 0.029676 0.022822 0.032583 -0.029858 0.064534 0.644100 1.282289 1.517521 1.652113 1.952522 2.039616 1.543375 0.924211 0.663045 0.508068 0.294772 0.146908 0.069232 0.027269 0.009888 0.003891 0.005966 0.015943 0.032232 0.049600 
0.056449 0.062121 0.057325 0.040122 0.022974 0.033834 0.000961 -0.030470 0.311073 0.993257 1.439912 1.572758 1.797828 2.055699 1.845608 1.210754 0.757053 0.586966 0.402959 0.210510 0.101265 0.044731 0.016422 0.005826 0.003950 0.010007 0.023560 0.041226 
0.049654 0.060597 0.061310 0.049846 0.028808 0.029588 0.025235 -0.039064 0.084594 0.645057 1.262428 1.520405 1.666852 1.955163 2.019418 1.544102 0.944268 0.654017 0.500921 0.301640 0.146032 0.068174 0.027887 0.009586 0.003948 0.005984 0.015986 0.032245 
0.041297 0.056235 0.062429 0.057328 0.038215 0.027145 0.034700 -0.011356 -0.023639 0.326174 0.980005 1.428697 1.584540 1.809478 2.044169 1.832050 1.225734 0.763986 0.574857 0.403985 0.214723 0.099313 0.044670 0.016695 0.005608 0.004027 0.010033 0.023584 
0.032323 0.049538 0.060622 0.061748 0.048301 0.029908 0.034009 0.017606 -0.043944 0.099821 0.646562 1.245684 1.520936 1.682489 1.955452 2.002336 1.545378 0.959491 0.649312 0.493491 0.306164 0.147124 0.066566 0.028273 0.009594 0.003835 0.006067 0.015996 
0.023637 0.041278 0.056114 0.062876 0.056620 0.037391 0.031224 0.033350 -0.020575 -0.017124 0.338006 0.969662 1.417705 1.595438 1.820244 2.032863 1.821402 1.237445 0.770602 0.565846 0.402795 0.218846 0.098444 0.043898 0.017108 0.005483 0.004013 0.010089 
0.016060 0.032355 0.049399 0.060876 0.061736 0.046943 0.031914 0.036657 0.010508 -0.046625 0.112337 0.647892 1.231165 1.520845 1.697114 1.955119 1.987483 1.546479 0.972004 0.646805 0.486592 0.308916 0.149121 0.065146 0.028208 0.009830 0.003699 0.006103 
0.010160 0.023705 0.041184 0.056164 0.063187 0.055626 0.037433 0.034745 0.030939 -0.027746 -0.010936 0.347715 0.960861 1.407730 1.605246 1.829921 2.022574 1.812297 1.247033 0.776889 0.558880 0.400545 0.222411 0.098442 0.042840 0.017384 0.005528 0.003925 
0.006084 0.016160 0.032331 0.049325 0.061194 0.061367 0.045984 0.034254 0.038064 0.004059 -0.047976 0.123066 0.648825 1.218444 1.520655 1.710300 1.954687 1.974427 1.547185 0.982727 0.645625 0.480343 0.310428 0.151454 0.064124 0.027787 0.010131 0.003629 
0.003829 0.010219 0.023761 0.041081 0.056336 0.063286 0.054604 0.038069 0.037644 0.028003 -0.033463 -0.005035 0.355844 0.953063 1.398906 1.614003 1.838547 2.013438 1.804196 1.255041 0.782888 0.553368 0.397770 0.225355 0.099034 0.041755 0.017447 0.005696 
0.003646 0.006040 0.016252 0.032281 0.049339 0.061471 0.060779 0.045432 0.036645 0.038596 -0.001768 -0.048433 0.132469 0.649340 1.207226 1.520523 1.722053 1.954315 1.962875 1.547473 0.992125 0.645339 0.474714 0.311065 0.153838 0.063510 0.027147 0.010389 
0.005918 0.003771 0.010253 0.023792 0.041017 0.056563 0.063184 0.053682 0.039087 0.039967 0.024815 -0.038081 0.000600 0.362725 0.946019 1.391163 1.621815 1.846228 2.005384 1.796849 1.261803 0.788620 0.548954 0.394743 0.227724 0.100009 0.040770 0.017309 
0.010552 0.003742 0.005999 0.016306 0.032234 0.049431 0.061653 0.060084 0.045238 0.038949 0.038496 -0.007026 -0.048253 0.140814 0.649487 1.197282 1.520488 1.732505 1.954039 1.952600 1.547395 1.000463 0.645688 0.469654 0.311071 0.156136 0.063254 0.026399 
0.017008 0.006144 0.003772 0.010259 0.023795 0.041012 0.056794 0.062920 0.052918 0.040341 0.041785 0.021528 -0.041833 0.005976 0.368593 0.939593 1.384376 1.628797 1.853080 1.998286 1.790122 1.267550 0.794092 0.545404 0.391618 0.229589 0.101220 0.039942 
0.025619 0.010603 0.003894 0.005978 0.016318 0.032206 0.049580 0.061724 0.059358 0.045337 0.041098 0.037934 -0.011769 -0.047607 0.148278 0.649336 1.188429 1.520546 1.741813 1.953858 1.943415 1.547019 1.007921 0.646501 0.465108 0.310615 0.158280 0.063292 
0.039289 0.016588 0.006341 0.003833 0.010244 0.023775 0.041066 0.056998 0.062536 0.052329 0.041730 0.043167 0.018235 -0.044885 0.011096 0.373624 0.933698 1.378414 1.635059 1.859211 1.992014 1.783928 1.272461 0.799306 0.542554 0.388487 0.231018 0.102566 
0.063565 0.024857 0.010546 0.004080 0.005982 0.016290 0.032204 0.049764 0.061686 0.058650 0.045672 0.043060 0.037029 -0.016047 -0.046618 0.154991 0.648950 1.180510 1.520684 1.750128 1.953757 1.935166 1.546408 1.014627 0.647657 0.461028 0.309818 0.160237 
0.103977 0.038810 0.016086 0.006494 0.003944 0.010214 0.023742 0.041171 0.057157 0.062072 0.051914 0.043183 0.044175 0.014993 -0.047360 0.015961 0.377960 0.928272 1.373158 1.640693 1.864715 1.986449 1.778203 1.276676 0.804264 0.540280 0.385407 0.232074 
0.161998 0.064023 0.024143 0.010393 0.004281 0.006014 0.016236 0.032229 0.049961 0.061554 0.057990 0.046190 0.044825 0.035873 -0.019902 -0.045376 0.161053 0.648386 1.173399 1.520883 1.757580 1.953718 1.927726 1.545621 1.020682 0.649064 0.457369 0.308770 
0.232812 0.105404 0.038493 0.015535 0.006594 0.004092 0.010179 0.023703 0.041312 0.057262 0.061558 0.051660 0.044651 0.044864 0.011840 -0.049357 0.020575 0.381712 0.923265 1.368506 1.645781 1.869674 1.981489 1.772898 1.280308 0.808971 0.538482 0.382416 
0.307537 0.163562 0.064621 0.023496 0.010162 0.004479 0.006070 0.016167 0.032278 0.050157 0.061343 0.057396 0.046849 0.046392 0.034531 -0.023376 -0.043952 0.166548 0.647691 1.166989 1.521130 1.764284 1.953726 1.920988 1.544703 1.026168 0.650652 0.454091 
0.379536 0.233279 0.106814 0.038322 0.014961 0.006638 0.004263 0.010146 0.023666 0.041476 0.057313 0.061023 0.051553 0.046101 0.045281 0.008798 -0.050953 0.024946 0.384974 0.918637 1.364372 1.650392 1.874155 1.977048 1.767973 1.283450 0.813433 0.537085 
0.451156 0.306172 0.164936 0.065324 0.022925 0.009868 0.004662 0.006145 0.016095 0.032346 0.050337 0.061070 0.056880 0.047613 0.047769 0.033058 -0.026506 -0.042397 0.171544 0.646902 1.161189 1.521409 1.770337 1.953769 1.914861 1.543692 1.031155 0.652370 
0.536022 0.376781 0.233516 0.108182 0.038281 0.014385 0.006629 0.004445 0.010123 0.023638 0.041650 0.057311 0.060485 0.051575 0.047510 0.045468 0.005882 -0.052213 0.029082 0.387820 0.914350 1.360683 1.654583 1.878218 1.973053 1.763391 1.286176 0.817659 
