0.108321 0.088232 0.057350 0.028696 0.012087 0.011280 0.027637 0.079255 0.060638 0.783844 1.571672 1.716740 1.954480 2.080658 2.178314 1.454480 0.642521 0.497453 0.283844 0.146575 0.067536 0.027637 0.011280 0.012087 0.028696 0.057350 0.088232 0.108321 
0.111050 0.100360 0.073333 0.042023 0.018552 0.009792 0.014930 0.064936 0.021273 0.354032 1.230446 1.684483 1.829146 2.019425 2.190232 1.891389 0.995115 0.525440 0.398567 0.204877 0.101000 0.043818 0.017081 0.009654 0.018552 0.042023 0.073333 0.100360 
0.108263 0.108263 0.088218 0.057395 0.028727 0.012666 0.007074 0.048129 0.029016 0.113318 0.784023 1.518680 1.771212 1.913216 2.134664 2.124779 1.454444 0.695390 0.447572 0.304580 0.142381 0.067962 0.027496 0.011251 0.012128 0.028765 0.057393 0.088218 
0.100319 0.110985 0.100318 0.073359 0.041961 0.019556 0.005074 0.029940 0.042781 0.020013 0.395964 1.187964 1.690612 1.836160 2.026178 2.195800 1.848494 1.037047 0.524493 0.376741 0.220017 0.096195 0.044641 0.016887 0.009673 0.018614 0.042084 0.073348 
0.088203 0.108204 0.108201 0.088233 0.057224 0.029912 0.008771 0.015154 0.045029 0.009182 0.143710 0.783049 1.492664 1.782959 1.919140 2.145951 2.098224 1.453252 0.725967 0.428096 0.301725 0.150474 0.063914 0.028509 0.011006 0.012198 0.028831 0.057436 
0.073364 0.100279 0.110914 0.100327 0.073112 0.043029 0.017159 0.007478 0.035545 0.025530 0.026388 0.417779 1.167872 1.682257 1.847630 2.037390 2.186888 1.827989 1.058859 0.531176 0.359819 0.225754 0.098515 0.042064 0.017822 0.009419 0.018725 0.042139 
0.057466 0.088193 0.108134 0.108205 0.087967 0.057965 0.028989 0.007919 0.021854 0.037576 -0.000076 0.163842 0.784184 1.472951 1.785803 1.933640 2.148338 2.077976 1.454169 0.746281 0.419193 0.294517 0.157189 0.062910 0.027414 0.011673 0.011987 0.028962 
0.042262 0.073367 0.100227 0.110911 0.100097 0.073469 0.043110 0.015302 0.011623 0.036316 0.013121 0.033224 0.433016 1.154804 1.671109 1.859261 2.048764 2.175187 1.814511 1.074090 0.538318 0.347739 0.226658 0.102575 0.040026 0.017770 0.009769 0.018597 
0.028924 0.057562 0.088148 0.108130 0.108040 0.088012 0.058475 0.027514 0.009034 0.026208 0.029841 -0.005009 0.179141 0.785866 1.456351 1.786292 1.949040 2.148375 2.060844 1.455632 0.761760 0.414614 0.287029 0.161559 0.063875 0.025768 0.012108 0.012087 
0.018561 0.042296 0.073401 0.100205 0.110819 0.099960 0.073967 0.042480 0.014527 0.015675 0.034870 0.003812 0.039745 0.444984 1.144644 1.660182 1.870007 2.059257 2.163712 1.803942 1.086049 0.545143 0.338758 0.225346 0.106544 0.039070 0.017007 0.010259 
0.012413 0.028862 0.057612 0.088158 0.108079 0.107852 0.088284 0.058533 0.026228 0.011054 0.028789 0.022638 -0.007742 0.191731 0.787373 1.441977 1.786160 1.963430 2.147794 2.045941 1.456919 0.774526 0.412233 0.280073 0.164157 0.065744 0.024310 0.012092 
0.010612 0.018696 0.042255 0.073448 0.100197 0.110653 0.099993 0.074328 0.041565 0.014618 0.019169 0.032363 -0.003451 0.045939 0.454829 1.136025 1.650269 1.879664 2.068663 2.153256 1.794914 1.095883 0.551638 0.331824 0.222975 0.109955 0.038981 0.015959 
0.011720 0.012805 0.028865 0.057605 0.088204 0.107973 0.107730 0.088622 0.058235 0.025340 0.013408 0.030130 0.016084 -0.009144 0.202534 0.788482 1.429397 1.785926 1.976382 2.147117 2.032835 1.457807 0.785501 0.411181 0.273768 0.165517 0.067947 0.023249 
0.014882 0.010752 0.018952 0.042205 0.073484 0.100178 0.110478 0.100149 0.074476 0.040622 0.015301 0.022040 0.029332 -0.009257 0.051847 0.463094 1.128406 1.641507 1.888271 2.077021 2.143954 1.786889 1.104135 0.557844 0.326345 0.220081 0.112745 0.039485 
0.022597 0.011129 0.013154 0.028956 0.057573 0.088241 0.107842 0.107695 0.088917 0.057719 0.024859 0.015813 0.030594 0.010153 -0.009652 0.212012 0.789173 1.418318 1.785751 1.987903 2.146501 2.021234 1.458276 0.795149 0.411023 0.268086 0.166001 0.070202 
0.040372 0.013905 0.010691 0.019264 0.042193 0.073495 0.100134 0.110342 0.100360 0.074424 0.039779 0.016368 0.024336 0.026050 -0.013965 0.057491 0.470112 1.121541 1.633824 1.895933 2.084437 2.135736 1.779618 1.111137 0.563783 0.321965 0.216936 0.114961 
0.072371 0.022301 0.010430 0.013407 0.029125 0.057545 0.088242 0.107715 0.107739 0.089117 0.057094 0.024735 0.018130 0.030428 0.004791 -0.009522 0.220432 0.789496 1.408513 1.785671 1.998124 2.145985 2.010910 1.458377 0.803736 0.411500 0.262973 0.165856 
0.116672 0.041495 0.013086 0.010467 0.019579 0.042241 0.073478 0.100063 0.110266 0.100575 0.074209 0.039093 0.017670 0.026126 0.022669 -0.017805 0.062876 0.476117 1.115291 1.627095 1.902766 2.091026 2.128476 1.772964 1.117123 0.569461 0.318451 0.213694 
0.165250 0.074384 0.022299 0.009699 0.013550 0.029351 0.057535 0.088199 0.107607 0.107840 0.089206 0.056439 0.024905 0.020291 0.029799 -0.000055 -0.008925 0.227973 0.789519 1.399795 1.785683 2.007204 2.145565 2.001676 1.458176 0.811440 0.412442 0.258376 
0.210447 0.117948 0.042752 0.012442 0.010124 0.019866 0.042348 0.073439 0.099969 0.110249 0.100762 0.073874 0.038582 0.019105 0.027479 0.019281 -0.020945 0.068005 0.481285 1.109572 1.621189 1.908878 2.096896 2.122043 1.766842 1.122271 0.574880 0.315637 
0.254246 0.164302 0.076211 0.022532 0.008986 0.013583 0.029610 0.057552 0.088118 0.107525 0.107975 0.089187 0.055801 0.025310 0.022265 0.028828 -0.004436 -0.007984 0.234763 0.789307 1.392011 1.785774 2.015291 2.145227 1.993378 1.457740 0.818391 0.413727 
0.313400 0.207252 0.118850 0.044073 0.011971 0.009700 0.020108 0.042505 0.073386 0.099862 0.110283 0.100904 0.073459 0.038245 0.020605 0.028459 0.015945 -0.023508 0.072881 0.485757 1.104321 1.615988 1.914363 2.102141 2.116319 1.761189 1.126721 0.580043 
0.415263 0.250539 0.163104 0.077841 0.022949 0.008321 0.013522 0.029884 0.057595 0.088010 0.107470 0.108125 0.089073 0.055211 0.025899 0.024042 0.027604 -0.008394 -0.006790 0.240903 0.788916 1.385033 1.785927 2.022517 2.144954 1.985890 1.457125 0.824690 
0.584954 0.311642 0.204147 0.119435 0.045410 0.011662 0.009226 0.020296 0.042699 0.073327 0.099749 0.110354 0.100993 0.072994 0.038070 0.022120 0.029119 0.012698 -0.025591 0.077507 0.489646 1.099487 1.611389 1.919302 2.106843 2.111201 1.755955 1.130586 
0.830418 0.416982 0.247214 0.161722 0.079274 0.023506 0.007722 0.013381 0.030155 0.057662 0.087887 0.107440 0.108272 0.088879 0.054688 0.026628 0.025621 0.026195 -0.011970 -0.005412 0.246476 0.788393 1.378753 1.786125 2.028997 2.144731 1.979103 1.456378 
1.133957 0.589620 0.310284 0.201155 0.119748 0.046729 0.011498 0.008730 0.020429 0.042915 0.073271 0.099640 0.110448 0.101028 0.072507 0.038040 0.023617 0.029507 0.009562 -0.027274 0.081890 0.493044 1.095030 1.607307 1.923765 2.111070 2.106603 1.751099 
1.455535 0.835646 0.418829 0.244233 0.160209 0.080517 0.024168 0.007200 0.013178 0.030411 0.057749 0.087761 0.107429 0.108405 0.088624 0.054242 0.027461 0.027009 0.024655 -0.015202 -0.003903 0.251550 0.787776 1.373083 1.786356 2.034827 2.144543 1.972929 
1.746585 1.136912 0.594049 0.309263 0.198290 0.119832 0.048007 0.011463 0.008230 0.020509 0.043142 0.073224 0.099539 0.110553 0.101009 0.072018 0.038139 0.025071 0.029664 0.006552 -0.028619 0.086039 0.496027 1.090914 1.603668 1.927809 2.114880 2.102452 
