0.020882 -0.073582 0.527955 1.153480 1.133537 1.275250 1.448438 1.764218 1.380579 0.920172 1.022861 0.893375 0.693374 0.472208 0.281873 0.147489 0.067874 0.027643 0.009961 0.003494 0.003118 0.007172 0.014331 0.022055 0.027080 0.027078 0.022113 0.013923 
0.031924 -0.070020 0.164997 0.896894 1.180067 1.184167 1.342623 1.647124 1.638276 1.103364 0.945230 0.986934 0.797819 0.581903 0.370994 0.207286 0.101614 0.043936 0.016830 0.005759 0.002693 0.004664 0.010500 0.018329 0.025089 0.027751 0.025322 0.015886 
0.034638 -0.029179 -0.021040 0.528050 1.100128 1.187826 1.234157 1.502935 1.711127 1.380570 0.972632 0.972483 0.913897 0.689327 0.472939 0.281950 0.147492 0.067811 0.027580 0.009928 0.003491 0.003135 0.007193 0.014343 0.022057 0.027008 0.027685 0.017791 
0.030936 0.010028 -0.071274 0.206817 0.854187 1.185874 1.191166 1.349734 1.653213 1.595646 1.145080 0.943777 0.964721 0.812937 0.577358 0.372102 0.207220 0.101585 0.043865 0.016779 0.005742 0.002702 0.004685 0.010516 0.018349 0.024937 0.028729 0.020543 
0.025835 0.031717 -0.048854 0.009283 0.526911 1.073808 1.199367 1.240263 1.514706 1.685013 1.379404 1.002804 0.952513 0.910828 0.697565 0.469196 0.283184 0.147281 0.067778 0.027512 0.009894 0.003489 0.003152 0.007211 0.014389 0.021826 0.028133 0.023746 
0.022890 0.036612 -0.007018 -0.064853 0.228510 0.833851 1.177222 1.202607 1.361310 1.644815 1.575403 1.166678 0.949959 0.947412 0.818649 0.579934 0.369811 0.208284 0.101284 0.043845 0.016721 0.005726 0.002712 0.004698 0.010587 0.018083 0.025936 0.026284 
0.022834 0.032527 0.024425 -0.057963 0.029372 0.527858 1.053799 1.202013 1.254939 1.517579 1.665198 1.380348 1.022717 0.943119 0.903404 0.704421 0.468494 0.282310 0.147984 0.067464 0.027510 0.009848 0.003490 0.003156 0.007296 0.014147 0.022515 0.027149 
0.024364 0.026987 0.037463 -0.019243 -0.057956 0.243625 0.820527 1.165792 1.214209 1.373046 1.633627 1.562182 1.181698 0.956603 0.934947 0.819525 0.584249 0.368059 0.208363 0.101589 0.043585 0.016731 0.005696 0.002708 0.004781 0.010417 0.018423 0.025955 
0.025611 0.023885 0.036888 0.016841 -0.062752 0.044641 0.529343 1.036903 1.202315 1.270512 1.518100 1.648497 1.381837 1.037799 0.938052 0.895699 0.708929 0.469760 0.280885 0.148455 0.067461 0.027338 0.009867 0.003457 0.003227 0.007213 0.014214 0.022979 
0.025266 0.023519 0.030998 0.036101 -0.028380 -0.051367 0.255473 0.810103 1.154588 1.224931 1.383897 1.622661 1.551868 1.193449 0.962936 0.925583 0.818183 0.588470 0.367389 0.207732 0.102034 0.043417 0.016652 0.005697 0.002735 0.004776 0.010336 0.018905 
0.022995 0.024256 0.025840 0.039484 0.009783 -0.065344 0.057207 0.530646 1.022231 1.202001 1.285074 1.518000 1.634021 1.383149 1.050172 0.935187 0.888524 0.711663 0.471929 0.279650 0.148477 0.067685 0.027142 0.009840 0.003478 0.003252 0.007104 0.014507 
0.019252 0.024292 0.023536 0.034455 0.033680 -0.035476 -0.045102 0.265200 0.801213 1.144404 1.234569 1.393659 1.612711 1.543094 1.203076 0.968942 0.918266 0.815780 0.592131 0.367586 0.206817 0.102343 0.043420 0.016498 0.005711 0.002777 0.004697 0.010425 
0.014866 0.022656 0.023296 0.028128 0.040845 0.003371 -0.066608 0.067990 0.531550 1.009352 1.201593 1.298200 1.517798 1.621339 1.384062 1.060758 0.933654 0.882000 0.713154 0.474431 0.278813 0.148143 0.067975 0.027012 0.009756 0.003535 0.003222 0.007061 
0.010635 0.019389 0.023288 0.024144 0.037295 0.030735 -0.041123 -0.039122 0.273349 0.793322 1.135372 1.243160 1.402370 1.603911 1.535320 1.211124 0.974663 0.912406 0.812851 0.595168 0.368376 0.205874 0.102440 0.043545 0.016334 0.005714 0.002808 0.004608 
0.007104 0.015184 0.022101 0.022741 0.030469 0.041334 -0.002422 -0.066980 0.077451 0.532033 0.997973 1.201247 1.309895 1.517654 1.610159 1.384557 1.070020 0.933017 0.876098 0.713769 0.476984 0.278385 0.147592 0.068222 0.026969 0.009647 0.003583 0.003167 
0.004557 0.010900 0.019326 0.022384 0.025133 0.039562 0.027540 -0.045674 -0.033405 0.280251 0.786181 1.127423 1.250810 1.410136 1.596189 1.528298 1.217923 0.980121 0.907645 0.809669 0.597628 0.369548 0.205034 0.102337 0.043725 0.016209 0.005692 0.002813 
0.003115 0.007224 0.015407 0.021438 0.022541 0.032723 0.041194 -0.007648 -0.066716 0.085856 0.532147 0.987868 1.201001 1.320293 1.517606 1.600251 1.384683 1.078225 0.933019 0.870765 0.713750 0.479448 0.278314 0.146934 0.068374 0.027004 0.009541 0.003596 
0.002792 0.004565 0.011169 0.019102 0.021636 0.026356 0.041325 0.024246 -0.049360 -0.027947 0.286140 0.779655 1.120428 1.257635 1.417075 1.589422 1.521892 1.223709 0.985322 0.903753 0.806388 0.599581 0.370955 0.204351 0.102072 0.043909 0.016143 0.005642 
0.003565 0.003082 0.007401 0.015519 0.020743 0.022634 0.034822 0.040593 -0.012360 -0.065987 0.093381 0.531961 0.978850 1.200851 1.329550 1.517652 1.591431 1.384508 1.085551 0.933489 0.865947 0.713268 0.481755 0.278537 0.146246 0.068416 0.027095 0.009453 
0.005569 0.002748 0.004633 0.011410 0.018759 0.021063 0.027713 0.042655 0.020946 -0.052348 -0.022745 0.291192 0.773658 1.114259 1.263742 1.423294 1.583477 1.516015 1.228659 0.990269 0.900562 0.803099 0.601096 0.372497 0.203845 0.101688 0.044064 0.016136 
0.009392 0.003495 0.003075 0.007612 0.015525 0.020066 0.022961 0.036735 0.039652 -0.016607 -0.064916 0.100156 0.531538 0.970765 1.200783 1.337816 1.517775 1.583543 1.384097 1.092127 0.934304 0.861596 0.712442 0.483875 0.278997 0.145577 0.068350 0.027220 
0.016178 0.005483 0.002690 0.004750 0.011607 0.018335 0.020662 0.029134 0.043612 0.017698 -0.054761 -0.017797 0.295549 0.768128 1.108797 1.269225 1.428888 1.578237 1.510605 1.232912 0.994962 0.897948 0.799862 0.602236 0.374102 0.203513 0.101224 0.044175 
0.027359 0.009357 0.003399 0.003095 0.007837 0.015435 0.019438 0.023471 0.038452 0.038460 -0.020433 -0.063592 0.106282 0.530937 0.963487 1.200779 1.345223 1.517961 1.576460 1.383508 1.098053 0.935374 0.857666 0.711363 0.485796 0.279640 0.144957 0.068189 
0.044232 0.016257 0.005391 0.002627 0.004904 0.011751 0.017863 0.020422 0.030570 0.044251 0.014539 -0.056696 -0.013099 0.299322 0.763016 1.103940 1.274165 1.433936 1.573599 1.505612 1.236583 0.999407 0.895814 0.796711 0.603055 0.375723 0.203344 0.100712 
0.067949 0.027495 0.009346 0.003288 0.003139 0.008060 0.015268 0.018876 0.024120 0.039971 0.037084 -0.023878 -0.062086 0.111839 0.530203 0.956909 1.200823 1.351885 1.518193 1.570076 1.382787 1.103413 0.936628 0.854118 0.710097 0.487519 0.280425 0.144404 
0.100178 0.044234 0.016359 0.005302 0.002567 0.005080 0.011840 0.017368 0.020328 0.031988 0.044620 0.011491 -0.058231 -0.008645 0.302604 0.758280 1.099600 1.278631 1.438509 1.569478 1.500995 1.239763 1.003610 0.894083 0.793672 0.603601 0.377325 0.203322 
0.143929 0.067647 0.027616 0.009355 0.003174 0.003202 0.008268 0.015038 0.018390 0.024874 0.041301 0.035577 -0.026979 -0.060449 0.116898 0.529375 0.950940 1.200903 1.357898 1.518459 1.564300 1.381970 1.108275 0.938015 0.850915 0.708698 0.489051 0.281314 
0.203429 0.099642 0.044183 0.016471 0.005222 0.002515 0.005267 0.011876 0.016872 0.020362 0.033364 0.044759 0.008570 -0.059430 -0.004426 0.305470 0.753885 1.095706 1.282681 1.442665 1.565800 1.496718 1.242527 1.007579 0.892688 0.790758 0.603916 0.378885 
