0.000036 0.000341 0.013409 -0.080270 0.515105 1.121520 1.065574 1.155006 1.271139 1.549005 1.173831 0.781162 0.995901 0.984063 0.866296 0.671447 0.458729 0.277424 0.150400 0.075482 0.037394 0.019712 0.011101 0.006029 0.002723 0.000852 0.000129 -0.000004 
0.000140 -0.002028 0.021928 -0.076370 0.156445 0.876431 1.132359 1.091652 1.193138 1.446644 1.420198 0.923406 0.858821 1.020875 0.935898 0.775045 0.563815 0.362117 0.206816 0.107215 0.052907 0.026838 0.014730 0.008294 0.004193 0.001623 0.000380 0.000023 
0.000532 -0.004140 0.020938 -0.036707 -0.027566 0.515126 1.068228 1.119812 1.113802 1.325540 1.495953 1.174008 0.833808 0.945537 1.004418 0.862059 0.672116 0.458878 0.277531 0.150395 0.075420 0.037337 0.019685 0.011100 0.006039 0.002734 0.000861 0.000089 
0.000962 -0.004588 0.013053 -0.000100 -0.077540 0.198314 0.833704 1.138190 1.098559 1.200133 1.452694 1.377689 0.965332 0.857481 0.998574 0.950813 0.770364 0.564937 0.362152 0.206874 0.107172 0.052842 0.026796 0.014718 0.008300 0.004204 0.001644 0.000260 
0.001206 -0.003406 0.003971 0.017945 -0.056418 0.002850 0.513992 1.041915 1.131326 1.119788 1.337220 1.469879 1.173027 0.864164 0.925581 1.001183 0.870108 0.668310 0.460181 0.277425 0.150419 0.075355 0.037281 0.019659 0.011099 0.006046 0.002774 0.000655 
0.001269 -0.001498 -0.002193 0.018731 -0.017225 -0.071077 0.220065 0.813366 1.129538 1.109923 1.211586 1.444261 1.357568 0.987138 0.863775 0.981179 0.956326 0.772803 0.562657 0.363317 0.206660 0.107180 0.052770 0.026754 0.014706 0.008299 0.004265 0.001391 
0.001360 0.000213 -0.004302 0.010701 0.010599 -0.065554 0.023006 0.514966 1.021904 1.133939 1.134352 1.339999 1.450107 1.174153 0.884258 0.916202 0.993596 0.876776 0.667544 0.459375 0.278232 0.150164 0.075356 0.037212 0.019635 0.011086 0.006118 0.002534 
0.001743 0.001292 -0.003419 0.001941 0.019574 -0.029507 -0.064154 0.235237 0.800052 1.118096 1.121451 1.223202 1.433039 1.344470 1.002362 0.870531 0.968629 0.957004 0.776981 0.560914 0.363495 0.207053 0.106949 0.052766 0.026699 0.014682 0.008367 0.004087 
0.002605 0.001834 -0.001329 -0.003229 0.015086 0.002972 -0.070365 0.038327 0.516487 1.005008 1.134201 1.149817 1.340428 1.433450 1.175825 0.899518 0.911149 0.985730 0.881099 0.668745 0.458017 0.278808 0.150221 0.075188 0.037208 0.019578 0.011138 0.006022 
0.004002 0.002235 0.000604 -0.004258 0.005984 0.018201 -0.038690 -0.057547 0.247139 0.789646 1.106875 1.132096 1.233937 1.422038 1.334279 1.014316 0.876972 0.959180 0.955467 0.781066 0.560252 0.362963 0.207586 0.106811 0.052673 0.026674 0.014687 0.008346 
0.005902 0.002903 0.001857 -0.002683 -0.001252 0.017697 -0.004123 -0.072977 0.050938 0.517831 0.990338 1.133842 1.164273 1.340236 1.419017 1.177318 0.912067 0.908298 0.978398 0.883648 0.670848 0.456847 0.278933 0.150506 0.074996 0.037157 0.019575 0.011144 
0.008250 0.004087 0.002590 -0.000369 -0.004230 0.009467 0.015768 -0.045825 -0.051267 0.256916 0.780780 1.096672 1.141654 1.243585 1.412055 1.325626 1.024144 0.883085 0.951781 0.952871 0.784590 0.560455 0.362145 0.207984 0.106845 0.052505 0.026662 0.014707 
0.011094 0.005848 0.003266 0.001523 -0.003640 0.001058 0.019069 -0.010568 -0.074258 0.061761 0.518776 0.977463 1.133385 1.177293 1.339947 1.406379 1.178411 0.922828 0.906778 0.971718 0.884957 0.673284 0.456073 0.278703 0.150857 0.074871 0.037051 0.019607 
0.014715 0.008145 0.004295 0.002733 -0.001370 -0.003609 0.012328 0.012811 -0.051505 -0.045274 0.265113 0.772915 1.087620 1.150164 1.252186 1.403223 1.317974 1.032390 0.888913 0.945839 0.949751 0.787491 0.561249 0.361299 0.208170 0.107002 0.052328 0.026639 
0.019629 0.011019 0.005881 0.003586 0.000971 -0.004188 0.003420 0.019566 -0.016391 -0.074646 0.071257 0.519303 0.966090 1.132988 1.188883 1.339718 1.395244 1.179083 0.932262 0.906155 0.965662 0.885390 0.675769 0.455707 0.278256 0.151167 0.074833 0.036918 
0.026590 0.014697 0.008079 0.004557 0.002674 -0.002271 -0.002605 0.014614 0.009602 -0.056085 -0.039547 0.272061 0.765803 1.079649 1.157731 1.259843 1.395472 1.311073 1.039386 0.894476 0.940999 0.946381 0.789816 0.562424 0.360553 0.208156 0.107213 0.052190 
0.036789 0.019616 0.010947 0.005993 0.003812 0.000312 -0.004380 0.005695 0.019431 -0.021644 -0.074395 0.079695 0.519461 0.955991 1.132689 1.199175 1.339587 1.385381 1.179386 0.940637 0.906171 0.960177 0.885192 0.678165 0.455696 0.277701 0.151382 0.074874 
0.052111 0.026513 0.014652 0.008073 0.004824 0.002454 -0.003014 -0.001366 0.016395 0.006295 -0.059799 -0.034079 0.277995 0.759307 1.072633 1.164471 1.266675 1.388677 1.304787 1.045367 0.899781 0.937028 0.942913 0.791634 0.563834 0.359965 0.207981 0.107430 
0.074971 0.036678 0.019558 0.010894 0.006161 0.003926 -0.000379 -0.004277 0.007813 0.018833 -0.026381 -0.073679 0.087252 0.519318 0.946981 1.132485 1.208326 1.339552 1.376606 1.179386 0.948131 0.906654 0.955209 0.884530 0.680403 0.455978 0.277115 0.151487 
0.107619 0.052091 0.026413 0.014584 0.008126 0.005063 0.002113 -0.003582 0.000007 0.017740 0.002982 -0.062812 -0.028868 0.283091 0.753341 1.066442 1.170492 1.272787 1.382706 1.299030 1.050509 0.904830 0.933759 0.939440 0.793014 0.565376 0.359552 0.207687 
0.151486 0.075103 0.036594 0.019462 0.010868 0.006365 0.003932 -0.001052 -0.003939 0.009746 0.017895 -0.030652 -0.072619 0.094057 0.518939 0.938905 1.132361 1.216486 1.339597 1.368766 1.179149 0.954873 0.907483 0.950709 0.883527 0.682453 0.456495 0.276548 
0.207313 0.107764 0.052122 0.026299 0.014503 0.008229 0.005256 0.001692 -0.003976 0.001444 0.018710 -0.000279 -0.065248 -0.023911 0.287490 0.747843 1.060958 1.175889 1.278275 1.377442 1.293740 1.054953 0.909624 0.931069 0.936020 0.794020 0.566980 0.359312 
0.276030 0.151389 0.075250 0.036536 0.019338 0.010868 0.006582 0.003843 -0.001677 -0.003418 0.011480 0.016703 -0.034501 -0.071306 0.100211 0.518382 0.931636 1.132300 1.223786 1.339705 1.361731 1.178731 0.960964 0.908566 0.946633 0.882272 0.684304 0.457195 
0.359234 0.206892 0.107857 0.052189 0.026180 0.014415 0.008369 0.005397 0.001222 -0.004209 0.002897 0.019361 -0.003451 -0.067204 -0.019204 0.291305 0.742763 1.056078 1.180741 1.283219 1.372782 1.288866 1.058812 0.914170 0.928860 0.932689 0.794705 0.568599 
0.458034 0.275579 0.151215 0.075395 0.036501 0.019200 0.010893 0.006797 0.003675 -0.002235 -0.002756 0.013017 0.015328 -0.037968 -0.069809 0.105797 0.517691 0.925066 1.132287 1.230341 1.339862 1.355395 1.178180 0.966486 0.909834 0.942940 0.880831 0.685956 
0.570198 0.359302 0.206448 0.107895 0.052279 0.026062 0.014330 0.008533 0.005483 0.000729 -0.004295 0.004332 0.019741 -0.006512 -0.068760 -0.014741 0.294628 0.738059 1.051716 1.185119 1.287688 1.368640 1.284368 1.062178 0.918472 0.927053 0.929471 0.795117 
0.687416 0.458977 0.275205 0.150979 0.075524 0.036486 0.019058 0.010937 0.006997 0.003445 -0.002717 -0.001989 0.014363 0.013820 -0.041089 -0.068182 0.110883 0.516905 0.919107 1.132310 1.236248 1.340054 1.349669 1.177533 0.971509 0.911234 0.939594 0.879259 
0.795298 0.571754 0.359499 0.206003 0.107880 0.052379 0.025953 0.014254 0.008706 0.005515 0.000234 -0.004253 0.005725 0.019890 -0.009446 -0.069979 -0.010514 0.297534 0.733696 1.047799 1.189079 1.291741 1.364943 1.280209 1.065127 0.922540 0.925585 0.926379 
