0.793690 0.975035 0.975700 0.796818 0.524136 0.277927 0.159570 0.071173 0.774843 1.543786 1.671461 1.946602 2.222627 2.584174 2.159950 1.560203 1.444457 1.068574 0.659431 0.317826 0.107951 0.021815 0.003087 0.000810 0.012072 0.080354 0.250292 0.514170 
0.659039 0.903138 0.999853 0.904739 0.664868 0.388830 0.216628 0.056624 0.352214 1.213074 1.645048 1.791509 2.070721 2.453325 2.450082 1.824925 1.483269 1.284754 0.859954 0.474900 0.195510 0.052433 0.007836 0.001181 0.002588 0.035696 0.151658 0.374139 
0.514505 0.793539 0.974497 0.975126 0.797200 0.520273 0.299032 0.109748 0.123769 0.774515 1.490263 1.725802 1.905721 2.277255 2.531032 2.159776 1.612492 1.393970 1.089114 0.655580 0.318865 0.108228 0.021702 0.002620 0.000349 0.011983 0.080725 0.250853 
0.374635 0.659142 0.902768 0.999138 0.905302 0.660234 0.404370 0.195044 0.055549 0.393815 1.170015 1.650808 1.798661 2.078030 2.459455 2.407331 1.866462 1.481668 1.262488 0.875177 0.470626 0.196903 0.052423 0.007525 0.000664 0.002280 0.035849 0.152172 
0.251412 0.514836 0.793417 0.973748 0.975709 0.793110 0.528695 0.296542 0.090332 0.154077 0.773034 1.463720 1.737418 1.912028 2.289159 2.504869 2.158447 1.642492 1.373891 1.086064 0.664016 0.315427 0.109659 0.021373 0.002183 -0.000113 0.011895 0.081093 
0.152685 0.375122 0.659294 0.902127 0.999554 0.902467 0.662722 0.410504 0.178360 0.062106 0.415302 1.149347 1.642085 1.810268 2.089794 2.451102 2.386968 1.887881 1.487701 1.245126 0.880998 0.473473 0.194894 0.053540 0.006941 0.000200 0.001968 0.036003 
0.081462 0.251957 0.515230 0.793015 0.973913 0.974185 0.792064 0.535735 0.289696 0.081488 0.174126 0.773665 1.443482 1.740132 1.926909 2.292162 2.485010 2.159227 1.662231 1.364388 1.078663 0.671070 0.315031 0.108978 0.021957 0.001469 -0.000507 0.011795 
0.036143 0.153183 0.375677 0.659207 0.902093 0.998987 0.900173 0.666949 0.411800 0.166517 0.069124 0.430211 1.135706 1.630572 1.822035 2.101719 2.439959 2.373631 1.902719 1.494195 1.232609 0.881985 0.478059 0.193422 0.053670 0.006964 -0.000501 0.001725 
0.011762 0.081796 0.252565 0.515453 0.792924 0.973849 0.972113 0.792986 0.540427 0.282566 0.076968 0.189343 0.774847 1.426360 1.740492 1.942687 2.292812 2.468267 2.160554 1.677137 1.359211 1.070981 0.675779 0.316600 0.107745 0.022310 0.001067 -0.001068 
0.001395 0.036312 0.153709 0.376139 0.659210 0.902201 0.997712 0.898963 0.671084 0.410877 0.157771 0.075827 0.441853 1.124977 1.619281 1.832918 2.112761 2.429038 2.363203 1.914289 1.500375 1.223193 0.880755 0.482551 0.193030 0.053089 0.007128 -0.001107 
-0.001650 0.011683 0.082184 0.253124 0.515651 0.793060 0.973337 0.970232 0.794813 0.543345 0.275964 0.074647 0.201851 0.775855 1.411466 1.740231 1.957454 2.292842 2.453749 2.161705 1.689332 1.356236 1.063832 0.678714 0.319070 0.106698 0.022212 0.000895 
-0.001539 0.000992 0.036495 0.154247 0.376525 0.659385 0.902173 0.996154 0.898620 0.674660 0.408891 0.151070 0.082202 0.451374 1.115791 1.609007 1.842710 2.122713 2.419134 2.354316 1.923734 1.506227 1.215825 0.878466 0.486484 0.193501 0.052221 0.007157 
0.000790 -0.002164 0.011549 0.082605 0.253626 0.515913 0.793263 0.972471 0.968751 0.796975 0.545021 0.270010 0.073654 0.212572 0.776468 1.398368 1.739869 1.970782 2.292772 2.441028 2.162457 1.699740 1.354591 1.057335 0.680409 0.321873 0.106047 0.021758 
0.006974 -0.001846 0.000582 0.036667 0.154771 0.376899 0.659680 0.901935 0.994571 0.898873 0.677613 0.406379 0.145821 0.088290 0.459317 1.107608 1.599884 1.851452 2.131614 2.410382 2.346430 1.931599 1.511794 1.209914 0.875653 0.489792 0.194563 0.051324 
0.021086 0.000645 -0.002587 0.011390 0.083016 0.254099 0.516262 0.793423 0.971389 0.967680 0.799189 0.545820 0.264676 0.073554 0.221969 0.776665 1.386775 1.739566 1.982677 2.292761 2.429809 2.162791 1.708822 1.353842 1.051461 0.681227 0.324725 0.105802 
0.050527 0.006592 -0.002097 0.000212 0.036812 0.155268 0.377311 0.660030 0.901497 0.993091 0.899509 0.679989 0.403612 0.141669 0.094112 0.466014 1.100181 1.591843 1.859248 2.139570 2.402711 2.339297 1.938216 1.517095 1.205105 0.872590 0.492524 0.196006 
0.105912 0.020306 0.000407 -0.002931 0.011235 0.083389 0.254574 0.516686 0.793489 0.970201 0.966968 0.801315 0.545986 0.259907 0.074090 0.230309 0.776496 1.376457 1.739360 1.993271 2.292847 2.419866 2.162757 1.716846 1.353732 1.046158 0.681414 0.327487 
0.197682 0.049886 0.006049 -0.002340 -0.000097 0.036929 0.155735 0.377779 0.660383 0.900898 0.991771 0.900383 0.681860 0.400745 0.138381 0.099676 0.471699 1.093373 1.584757 1.866215 2.146698 2.395995 2.332782 1.943819 1.522139 1.201163 0.869428 0.494748 
0.330091 0.106314 0.019495 0.000060 -0.003215 0.011099 0.083717 0.255065 0.517166 0.793445 0.968985 0.966552 0.803286 0.545687 0.255651 0.075091 0.237769 0.776030 1.367230 1.739247 2.002721 2.293026 2.411010 2.162423 1.723990 1.354089 1.041371 0.681138 
0.496535 0.199489 0.049419 0.005388 -0.002609 -0.000344 0.037023 0.156177 0.378304 0.660708 0.900182 0.990628 0.901392 0.683294 0.397869 0.135792 0.104983 0.476549 1.087098 1.578496 1.872461 2.153104 2.390104 2.326797 1.948585 1.526927 1.197923 0.866261 
0.680520 0.332506 0.106950 0.018702 -0.000393 -0.003463 0.010991 0.084005 0.255580 0.517679 0.793292 0.967788 0.966374 0.805072 0.545045 0.251860 0.076434 0.244479 0.775331 1.358938 1.739213 2.011177 2.293285 2.403090 2.161854 1.730382 1.354790 1.037052 
0.863146 0.497947 0.201359 0.049126 0.004647 -0.002921 -0.000540 0.037103 0.156603 0.378878 0.660987 0.899385 0.989662 0.902467 0.684353 0.395042 0.133778 0.110036 0.480705 1.081292 1.572942 1.878079 2.158883 2.384919 2.321281 1.952654 1.531461 1.195261 
1.033156 0.679649 0.334722 0.107767 0.017958 -0.000939 -0.003694 0.010910 0.084265 0.256119 0.518204 0.793045 0.966642 0.966383 0.806660 0.544149 0.248487 0.078028 0.250540 0.774456 1.351455 1.739241 2.018772 2.293606 2.395977 2.161106 1.736125 1.355746 
1.193080 0.860120 0.499038 0.203242 0.048993 0.003859 -0.003284 -0.000698 0.037177 0.157022 0.379486 0.661212 0.898542 0.988860 0.903559 0.685092 0.392301 0.132240 0.114838 0.484279 1.075908 1.567992 1.883151 2.164117 2.380339 2.316183 1.956140 1.535746 
1.356887 1.029643 0.678593 0.336738 0.108723 0.017281 -0.001562 -0.003926 0.010854 0.084508 0.256680 0.518725 0.792720 0.965566 0.966534 0.808051 0.543067 0.245494 0.079805 0.256034 0.773451 1.344673 1.739315 2.025618 2.293974 2.389564 2.160226 1.741299 
1.539788 1.191301 0.857206 0.499856 0.205104 0.049005 0.003050 -0.003698 -0.000831 0.037253 0.157442 0.380114 0.661382 0.897678 0.988207 0.904635 0.685559 0.389669 0.131101 0.119397 0.487364 1.070903 1.563560 1.887746 2.168873 2.376275 2.311462 1.959134 
1.745975 1.358159 1.026475 0.677405 0.338561 0.109782 0.016680 -0.002245 -0.004170 0.010818 0.084747 0.257258 0.519230 0.792332 0.964568 0.966791 0.809252 0.541850 0.242842 0.081712 0.261030 0.772354 1.338502 1.739423 2.031812 2.294376 2.383762 2.159251 
1.961713 1.543596 1.189860 0.854419 0.500441 0.206922 0.049145 0.002239 -0.004164 -0.000952 0.037338 0.157867 0.380751 0.661497 0.896813 0.987685 0.905670 0.685794 0.387161 0.130297 0.123720 0.490036 1.066241 1.559574 1.891921 2.173210 2.372657 2.307082 
