0.049640 0.032358 0.028248 -0.077754 0.510704 1.113578 1.055821 1.145999 1.268221 1.559506 1.203464 0.829963 1.056708 1.044990 0.915900 0.703464 0.473568 0.279940 0.145999 0.067540 0.027641 0.010704 0.008184 0.016530 0.032356 0.049652 0.060937 0.060923 
0.056585 0.039141 0.044956 -0.068409 0.154928 0.869974 1.123296 1.081792 1.186332 1.449530 1.439840 0.963079 0.914904 1.083316 0.992343 0.816213 0.586843 0.370078 0.205299 0.100759 0.043843 0.016978 0.007924 0.011181 0.023835 0.041296 0.056464 0.062464 
0.061430 0.045459 0.052977 -0.021836 -0.025032 0.510716 1.060259 1.110035 1.104794 1.322647 1.506486 1.203656 0.882595 1.006311 1.065315 0.911658 0.704155 0.473749 0.280065 0.145984 0.067451 0.027561 0.010678 0.008207 0.016572 0.032382 0.049648 0.060864 
0.063369 0.051839 0.054231 0.022957 -0.069552 0.196801 0.827227 1.129098 1.088685 1.193340 1.455612 1.397358 1.005006 0.913539 1.060981 1.007239 0.811541 0.587994 0.370140 0.205361 0.100695 0.043750 0.016922 0.007925 0.011218 0.023872 0.041318 0.056318 
0.061947 0.057462 0.053565 0.050006 -0.041515 0.005401 0.509572 1.033918 1.121526 1.110780 1.334351 1.480443 1.202690 0.912937 0.986323 1.062051 0.919702 0.700370 0.475083 0.279976 0.146000 0.067359 0.027480 0.010650 0.008230 0.016610 0.032438 0.049428 
0.057302 0.060874 0.054214 0.059918 0.005861 -0.063063 0.218557 0.806868 1.120418 1.100036 1.204806 1.447210 1.377262 1.026813 0.919808 1.043552 1.012733 0.813990 0.585743 0.371331 0.205152 0.100682 0.043649 0.016866 0.007927 0.011248 0.023959 0.041067 
0.050121 0.060922 0.056537 0.060290 0.042681 -0.050621 0.025574 0.510537 1.013880 1.124115 1.125343 1.337155 1.460703 1.203832 0.933018 0.976910 1.054435 0.926365 0.699627 0.474308 0.280800 0.145736 0.067332 0.027388 0.010627 0.008241 0.016714 0.032213 
0.041420 0.057299 0.058919 0.058330 0.060770 -0.006392 -0.056113 0.233733 0.793533 1.108947 1.111549 1.216435 1.436018 1.364190 1.042039 0.926538 1.030967 1.013393 0.818177 0.584030 0.371536 0.205549 0.100431 0.043617 0.016798 0.007915 0.011347 0.023807 
0.032298 0.050581 0.059347 0.057581 0.064670 0.035076 -0.055401 0.040912 0.512049 0.996957 1.124354 1.140808 1.337607 1.444077 1.205518 0.948265 0.971825 1.046541 0.930683 0.700849 0.472981 0.281393 0.145783 0.067137 0.027361 0.010568 0.008317 0.016648 
0.023747 0.041913 0.056587 0.058047 0.062354 0.059407 -0.015545 -0.049479 0.245639 0.783107 1.097698 1.122181 1.227183 1.425048 1.354024 1.053994 0.932954 1.021485 1.011838 0.822271 0.583397 0.371030 0.206086 0.100273 0.043496 0.016759 0.007933 0.011356 
0.016560 0.032611 0.050591 0.057960 0.059529 0.067277 0.028002 -0.057982 0.053540 0.513384 0.982259 1.123972 1.155263 1.337440 1.429675 1.207026 0.960801 0.968942 1.039179 0.933227 0.702973 0.471842 0.281535 0.146059 0.066918 0.027287 0.010565 0.008347 
0.011290 0.023858 0.042269 0.055588 0.058041 0.065819 0.056983 -0.022651 -0.043173 0.255420 0.774221 1.087466 1.131726 1.236845 1.415095 1.345398 1.063822 0.939043 1.014052 1.009223 0.825805 0.583629 0.370239 0.206488 0.100286 0.043300 0.016734 0.007966 
0.008322 0.016537 0.032989 0.050244 0.056972 0.061811 0.068643 0.021578 -0.059233 0.064380 0.514321 0.969357 1.123491 1.168283 1.337175 1.417069 1.208134 0.971549 0.967390 1.032471 0.934531 0.705430 0.471099 0.281322 0.146402 0.066765 0.027157 0.010596 
0.007987 0.011216 0.024091 0.042413 0.054562 0.058629 0.068662 0.054034 -0.028302 -0.037154 0.263622 0.766336 1.078386 1.140223 1.245458 1.406294 1.337771 1.072070 0.944846 1.008077 1.006085 0.828715 0.584452 0.369419 0.206679 0.100422 0.043095 0.016698 
0.010619 0.008270 0.016601 0.033324 0.049679 0.056391 0.064144 0.069135 0.015777 -0.059589 0.073893 0.514838 0.957958 1.123071 1.179873 1.336970 1.405964 1.208821 0.980970 0.966734 1.026386 0.934959 0.707936 0.470763 0.280892 0.146702 0.066701 0.027001 
0.016635 0.007982 0.011181 0.024379 0.042355 0.053637 0.059599 0.070930 0.050835 -0.032854 -0.031401 0.270574 0.759204 1.070387 1.147777 1.253128 1.398573 1.330895 1.079067 0.950384 1.003204 1.002696 0.831049 0.585656 0.368700 0.206669 0.100614 0.042929 
0.026849 0.010605 0.008222 0.016744 0.033564 0.049007 0.056167 0.066390 0.068995 0.010545 -0.059309 0.082348 0.514988 0.947832 1.122749 1.190164 1.336862 1.396132 1.209138 0.989332 0.966718 1.020872 0.934756 0.710353 0.470783 0.280354 0.146909 0.066715 
0.042822 0.016545 0.007950 0.011204 0.024671 0.042136 0.052869 0.060805 0.072692 0.047537 -0.036539 -0.025906 0.276512 0.752688 1.063344 1.154504 1.259972 1.391808 1.324634 1.085049 0.955664 0.999199 0.999210 0.832876 0.587094 0.368138 0.206498 0.100811 
0.066786 0.026715 0.010547 0.008193 0.016943 0.033693 0.048303 0.056238 0.068481 0.068393 0.005828 -0.058562 0.089921 0.514836 0.938795 1.122522 1.199315 1.336851 1.387388 1.209153 0.996813 0.967170 1.015876 0.934090 0.712612 0.471095 0.279785 0.147005 
0.100981 0.042775 0.016433 0.007895 0.011287 0.024935 0.041796 0.052276 0.062145 0.074018 0.044233 -0.039523 -0.020669 0.281612 0.746703 1.057126 1.160512 1.266097 1.385868 1.318902 1.090192 0.960688 0.995897 0.995719 0.834265 0.588664 0.367751 0.206209 
0.146994 0.066891 0.026608 0.010450 0.008191 0.017176 0.033714 0.047617 0.056544 0.070385 0.067449 0.001578 -0.057472 0.096743 0.514448 0.930693 1.122375 1.207474 1.336919 1.379577 1.208930 1.003542 0.967966 1.011348 0.933082 0.714683 0.471642 0.279234 
0.205839 0.101106 0.042778 0.016306 0.007826 0.011420 0.025154 0.041376 0.051857 0.063549 0.074971 0.040981 -0.041931 -0.015686 0.286016 0.741185 1.051614 1.165895 1.271598 1.380633 1.313637 1.094637 0.965458 0.993174 0.992280 0.835280 0.590297 0.367537 
0.278733 0.146889 0.067012 0.026527 0.010326 0.008214 0.017424 0.033639 0.046979 0.057034 0.072091 0.066253 -0.002250 -0.056129 0.102914 0.513882 0.923397 1.122292 1.214774 1.337051 1.372573 1.208528 1.009620 0.969018 1.007244 0.931821 0.716555 0.472372 
0.367485 0.205422 0.101179 0.042817 0.016173 0.007751 0.011590 0.025319 0.040907 0.051601 0.064969 0.075604 0.037817 -0.043860 -0.010954 0.289835 0.736085 1.046707 1.170735 1.276555 1.376003 1.308788 1.098497 0.969979 0.990932 0.988931 0.835974 0.591944 
0.473241 0.278298 0.146706 0.067130 0.026470 0.010187 0.008262 0.017669 0.033486 0.046408 0.057665 0.073600 0.064873 -0.005696 -0.054602 0.108516 0.513182 0.916802 1.122257 1.221329 1.337231 1.366268 1.207991 1.015130 0.970254 1.003523 0.930376 0.718228 
0.593571 0.367578 0.204982 0.101197 0.042880 0.016043 0.007679 0.011783 0.025430 0.040415 0.051490 0.066371 0.075965 0.034766 -0.045387 -0.006465 0.293162 0.731361 1.042317 1.175099 1.281036 1.371891 1.304314 1.101864 0.974257 0.989092 0.985695 0.836395 
0.719708 0.474213 0.277940 0.146462 0.067234 0.026433 0.010045 0.008329 0.017899 0.033270 0.045914 0.058399 0.074919 0.063360 -0.008797 -0.052946 0.113619 0.512388 0.910816 1.122257 1.227235 1.337446 1.360571 1.207358 1.020140 0.971623 1.000149 0.928799 
0.836585 0.595155 0.367800 0.204541 0.101163 0.042954 0.015921 0.007615 0.011986 0.025487 0.039921 0.051508 0.067732 0.076096 0.031840 -0.046578 -0.002212 0.296073 0.726979 1.038373 1.179047 1.285102 1.368223 1.300181 1.104814 0.978300 0.987592 0.982586 
