0.108313 0.088184 0.057130 0.027809 0.008923 0.001317 -0.000009 -0.000009 0.013036 -0.077015 0.527809 1.143068 1.076465 1.108313 1.096594 1.174121 0.557130 -0.058128 0.020642 0.001317 -0.000009 -0.000009 0.001317 0.008923 0.027809 0.057130 0.088184 0.108313 
0.111044 0.100337 0.073226 0.041571 0.016848 0.003954 0.000375 -0.002210 0.021356 -0.075635 0.163851 0.894568 1.152678 1.081371 1.092078 1.179790 0.926222 0.188574 -0.062742 0.025073 -0.001914 0.000079 0.000237 0.003954 0.016848 0.041571 0.073226 0.100337 
0.108252 0.108252 0.088166 0.057167 0.027873 0.008925 0.001844 -0.004236 0.020534 -0.037102 -0.024275 0.527910 1.089866 1.130750 1.067062 1.150836 1.120865 0.557206 -0.005367 -0.029445 0.021901 -0.004236 0.000477 0.001268 0.008965 0.027871 0.057167 0.088166 
0.100295 0.110978 0.100295 0.073236 0.041637 0.016782 0.004912 -0.004386 0.012813 -0.000716 -0.076800 0.205782 0.851931 1.158585 1.088284 1.098967 1.185643 0.883542 0.230502 -0.063866 0.003053 0.013132 -0.004705 0.001144 0.003848 0.016916 0.041625 0.073237 
0.088149 0.108192 0.108192 0.088146 0.057233 0.027722 0.010082 -0.002102 0.003825 0.017486 -0.056834 0.006176 0.526855 1.063642 1.142313 1.073001 1.162356 1.094587 0.556126 0.025105 -0.049126 0.018894 0.003825 -0.003511 0.002374 0.008793 0.027963 0.057201 
0.073241 0.100253 0.110912 0.100245 0.073297 0.041429 0.017845 0.002471 -0.002024 0.018433 -0.017883 -0.070331 0.227593 0.831683 1.150009 1.099655 1.110314 1.177014 0.863250 0.252312 -0.057357 -0.014063 0.018774 -0.002366 -0.001349 0.004870 0.016710 0.041729 
0.057300 0.088121 0.108136 0.108121 0.088192 0.057019 0.028483 0.009130 -0.003005 0.010504 0.010084 -0.065991 0.026366 0.527909 1.043721 1.144975 1.087518 1.164975 1.074613 0.557155 0.045316 -0.058232 0.011534 0.010504 -0.004455 0.001371 0.009532 0.027773 
0.041594 0.073314 0.100198 0.110834 0.100265 0.073118 0.041826 0.017921 0.000568 0.002078 0.019218 -0.030207 -0.063402 0.242825 0.818460 1.138643 1.111188 1.121823 1.165594 0.849983 0.267542 -0.050388 -0.026337 0.019582 0.001714 -0.003303 0.004906 0.017109 
0.027893 0.057230 0.088157 0.108045 0.108115 0.088068 0.057114 0.029011 0.007628 -0.001940 0.014839 0.002402 -0.070824 0.041721 0.529510 1.026916 1.145284 1.102934 1.165242 1.057754 0.558731 0.060693 -0.063015 0.003892 0.014839 -0.003430 -0.000182 0.010039 
0.017648 0.041551 0.073297 0.100174 0.110787 0.100195 0.073032 0.042363 0.017286 -0.000252 0.006089 0.017786 -0.039432 -0.056789 0.254787 0.808145 1.127499 1.121838 1.132451 1.154397 0.839625 0.279502 -0.043734 -0.035511 0.018173 0.005702 -0.004174 0.004232 
0.010096 0.028241 0.057136 0.088148 0.108010 0.108063 0.087920 0.057437 0.029089 0.006313 0.000029 0.017402 -0.004749 -0.073456 0.054366 0.530935 1.012336 1.144974 1.117341 1.164889 1.043120 0.560130 0.073360 -0.065596 -0.003218 0.017402 -0.001502 -0.001546 
0.003272 0.018050 0.041679 0.073206 0.100165 0.110754 0.100051 0.073116 0.042763 0.016366 -0.000206 0.009541 0.015295 -0.046610 -0.050504 0.264624 0.799370 1.117372 1.131401 1.141990 1.144217 0.830807 0.289337 -0.037409 -0.042638 0.015705 0.009131 -0.004178 
-0.002513 0.009796 0.028654 0.057107 0.088082 0.108011 0.107955 0.087839 0.057824 0.028810 0.005397 0.002332 0.018724 -0.011249 -0.074759 0.065223 0.531960 0.999551 1.144565 1.130311 1.164438 1.030283 0.561131 0.084237 -0.066849 -0.009678 0.018724 0.000761 
-0.003589 0.002283 0.018239 0.041928 0.073106 0.100144 0.110710 0.099898 0.073323 0.042950 0.015417 0.000433 0.012371 0.012280 -0.052332 -0.044505 0.272881 0.791596 1.108397 1.139915 1.150481 1.135189 0.822991 0.297592 -0.031371 -0.048310 0.012712 0.011939 
0.003076 -0.003072 0.009277 0.029023 0.057166 0.087992 0.108003 0.107823 0.087845 0.058169 0.028312 0.004888 0.004687 0.019171 -0.017127 -0.075167 0.074753 0.532567 0.988270 1.144215 1.141850 1.164046 1.018948 0.561713 0.093789 -0.067207 -0.015515 0.019171 
0.014172 -0.002618 0.001396 0.018226 0.042232 0.073044 0.100098 0.110640 0.099784 0.073584 0.042935 0.014569 0.001454 0.014626 0.009014 -0.056955 -0.038772 0.279890 0.784575 1.100503 1.147486 1.158028 1.127243 0.815927 0.304599 -0.025599 -0.052883 0.009468 
0.018988 0.005303 -0.003274 0.008651 0.029298 0.057303 0.087905 0.107959 0.107694 0.087929 0.058419 0.027707 0.004735 0.006955 0.018988 -0.022435 -0.074938 0.083225 0.532805 0.978262 1.143963 1.152090 1.163753 1.008888 0.561927 0.102281 -0.066928 -0.020783 
0.006126 0.015899 -0.001411 0.000665 0.018051 0.042540 0.073042 0.100025 0.110544 0.099730 0.073849 0.042759 0.013878 0.002711 0.016376 0.005650 -0.060711 -0.033298 0.285883 0.778171 1.093564 1.154229 1.164749 1.120252 0.809480 0.310590 -0.020086 -0.056589 
-0.025536 0.018342 0.007375 -0.003182 0.007993 0.029460 0.057496 0.087837 0.107872 0.107584 0.088070 0.058558 0.027069 0.004877 0.009066 0.018342 -0.027228 -0.074242 0.090816 0.532742 0.969343 1.143806 1.161188 1.163554 0.999917 0.561839 0.109892 -0.066184 
-0.059595 0.002778 0.017191 -0.000069 0.000110 0.017757 0.042820 0.073099 0.099929 0.110425 0.099735 0.074086 0.042462 0.013362 0.004102 0.017689 0.002280 -0.063766 -0.028081 0.291039 0.772297 1.087450 1.160253 1.170749 1.114086 0.803564 0.315744 -0.014830 
-0.065096 -0.029822 0.017355 0.009260 -0.002854 0.007352 0.029515 0.057724 0.087795 0.107746 0.107501 0.088245 0.058588 0.026450 0.005253 0.010991 0.017355 -0.031554 -0.073203 0.097654 0.532444 0.961359 1.143729 1.169295 1.163435 0.991880 0.561516 0.116752 
-0.009829 -0.062023 -0.000518 0.018109 0.001337 -0.000271 0.017381 0.043054 0.073207 0.099820 0.110293 0.099791 0.074278 0.042084 0.013019 0.005558 0.018630 -0.001038 -0.066244 -0.023119 0.295497 0.766891 1.082043 1.165651 1.176125 1.108627 0.798115 0.320201 
0.122960 -0.063755 -0.033686 0.016115 0.010948 -0.002343 0.006760 0.029474 0.057965 0.087780 0.107594 0.107445 0.088435 0.058522 0.025878 0.005814 0.012719 0.016115 -0.035457 -0.071912 0.103842 0.531966 0.954181 1.143715 1.176542 1.163380 0.984651 0.561015 
0.324074 -0.005079 -0.063973 -0.003725 0.018708 0.002759 -0.000491 0.016956 0.043235 0.073351 0.099706 0.110156 0.099883 0.074417 0.041658 0.012838 0.007028 0.019251 -0.004267 -0.068243 -0.018407 0.299372 0.761903 1.077240 1.170505 1.180956 1.103773 0.793085 
0.560380 0.128600 -0.062231 -0.037167 0.014692 0.012439 -0.001691 0.006235 0.029354 0.058204 0.087790 0.107427 0.107414 0.088622 0.058378 0.025373 0.006514 0.014249 0.014692 -0.038978 -0.070436 0.109462 0.531356 0.947703 1.143749 1.183042 1.163373 0.978122 
0.788431 0.327455 -0.000572 -0.065522 -0.006820 0.019036 0.004162 -0.000565 0.016508 0.043360 0.073518 0.099594 0.110022 0.099999 0.074501 0.041208 0.012802 0.008481 0.019600 -0.007384 -0.069841 -0.013939 0.302755 0.757291 1.072955 1.174884 1.185312 1.099436 
0.972203 0.559651 0.133740 -0.060577 -0.040304 0.013137 0.013739 -0.000935 0.005786 0.029171 0.058428 0.087819 0.107258 0.107402 0.088795 0.058171 0.024945 0.007319 0.015589 0.013137 -0.042154 -0.068830 0.114581 0.530651 0.941836 1.143817 1.188893 1.163400 
1.095545 0.784119 0.330419 0.003699 -0.066734 -0.009788 0.019133 0.005524 -0.000510 0.016058 0.043432 0.073695 0.099491 0.109896 0.100125 0.074531 0.040756 0.012896 0.009891 0.019719 -0.010375 -0.071101 -0.009706 0.305722 0.753021 1.069115 1.178845 1.189250 
