0.001648 0.000251 0.000047 0.000218 0.001129 0.004804 0.015071 0.038139 0.083742 0.165152 0.294815 0.474123 0.681822 0.871405 0.985703 0.984306 0.866295 0.671327 0.458168 0.276560 0.150366 0.078038 0.043843 0.029858 0.023059 0.017084 0.010713 0.005156 
0.003117 0.000732 0.000066 0.000096 0.000495 0.002430 0.008795 0.024480 0.057326 0.119054 0.223470 0.379030 0.576909 0.782522 0.941149 1.000462 0.938098 0.774876 0.563503 0.361327 0.206169 0.108260 0.057326 0.035273 0.026096 0.020133 0.013901 0.007743 
0.005171 0.001657 0.000250 0.000040 0.000215 0.001134 0.004811 0.015062 0.038095 0.083679 0.165133 0.294904 0.474303 0.681961 0.871359 0.985475 0.984068 0.866228 0.671450 0.458350 0.276668 0.150369 0.077985 0.043789 0.029826 0.023048 0.017088 0.010726 
0.007757 0.003129 0.000737 0.000061 0.000090 0.000496 0.002438 0.008797 0.024453 0.057267 0.119003 0.223501 0.379176 0.577089 0.782580 0.940999 1.000203 0.937932 0.774913 0.563675 0.361483 0.206222 0.108227 0.057267 0.035229 0.026075 0.020130 0.013910 
0.010738 0.005185 0.001666 0.000250 0.000034 0.000211 0.001139 0.004819 0.015052 0.038050 0.083616 0.165114 0.294995 0.474483 0.682098 0.871312 0.985248 0.983833 0.866161 0.671570 0.458531 0.276776 0.150372 0.077932 0.043734 0.029794 0.023037 0.017091 
0.013919 0.007771 0.003142 0.000741 0.000057 0.000084 0.000496 0.002446 0.008798 0.024427 0.057208 0.118953 0.223532 0.379321 0.577268 0.782635 0.940850 0.999947 0.937766 0.774948 0.563845 0.361640 0.206276 0.108195 0.057208 0.035185 0.026054 0.020128 
0.017095 0.010751 0.005199 0.001675 0.000250 0.000027 0.000207 0.001144 0.004826 0.015042 0.038005 0.083552 0.165096 0.295086 0.474662 0.682233 0.871265 0.985024 0.983599 0.866093 0.671689 0.458711 0.276886 0.150377 0.077878 0.043679 0.029761 0.023026 
0.020125 0.013928 0.007785 0.003154 0.000746 0.000053 0.000077 0.000497 0.002455 0.008800 0.024400 0.057148 0.118903 0.223565 0.379467 0.577445 0.782690 0.940702 0.999693 0.937601 0.774982 0.564014 0.361796 0.206331 0.108163 0.057148 0.035140 0.026034 
0.023015 0.017099 0.010763 0.005213 0.001684 0.000249 0.000021 0.000203 0.001149 0.004834 0.015032 0.037960 0.083490 0.165079 0.295178 0.474841 0.682366 0.871217 0.984802 0.983367 0.866024 0.671806 0.458891 0.276997 0.150383 0.077825 0.043624 0.029728 
0.026013 0.020123 0.013937 0.007800 0.003166 0.000750 0.000048 0.000071 0.000497 0.002463 0.008801 0.024372 0.057088 0.118854 0.223599 0.379612 0.577620 0.782742 0.940555 0.999441 0.937437 0.775014 0.564181 0.361953 0.206388 0.108131 0.057088 0.035095 
0.029696 0.023005 0.017103 0.010776 0.005227 0.001693 0.000249 0.000014 0.000200 0.001154 0.004841 0.015021 0.037914 0.083427 0.165064 0.295271 0.475018 0.682497 0.871169 0.984581 0.983138 0.865956 0.671922 0.459069 0.277108 0.150389 0.077772 0.043568 
0.035049 0.025992 0.020120 0.013946 0.007814 0.003179 0.000754 0.000044 0.000065 0.000498 0.002471 0.008803 0.024344 0.057029 0.118805 0.223634 0.379758 0.577794 0.782794 0.940408 0.999191 0.937274 0.775045 0.564346 0.362109 0.206445 0.108100 0.057029 
0.043512 0.029662 0.022994 0.017107 0.010788 0.005242 0.001701 0.000248 0.000008 0.000196 0.001160 0.004849 0.015010 0.037867 0.083364 0.165049 0.295365 0.475194 0.682627 0.871120 0.984362 0.982910 0.865886 0.672035 0.459247 0.277220 0.150397 0.077720 
0.056968 0.035003 0.025971 0.020118 0.013955 0.007828 0.003191 0.000759 0.000040 0.000059 0.000499 0.002479 0.008804 0.024316 0.056968 0.118757 0.223670 0.379904 0.577966 0.782844 0.940263 0.998944 0.937112 0.775074 0.564510 0.362265 0.206504 0.108070 
0.077667 0.043455 0.029629 0.022983 0.017112 0.010800 0.005256 0.001710 0.000248 0.000001 0.000193 0.001165 0.004856 0.014998 0.037821 0.083302 0.165036 0.295459 0.475370 0.682754 0.871071 0.984145 0.982683 0.865817 0.672147 0.459423 0.277332 0.150405 
0.108040 0.056908 0.034957 0.025949 0.020116 0.013964 0.007842 0.003203 0.000763 0.000036 0.000053 0.000500 0.002488 0.008805 0.024287 0.056908 0.118710 0.223708 0.380050 0.578136 0.782892 0.940118 0.998698 0.936950 0.775103 0.564672 0.362422 0.206563 
0.150415 0.077615 0.043399 0.029595 0.022973 0.017116 0.010813 0.005270 0.001719 0.000248 -0.000005 0.000189 0.001171 0.004864 0.014986 0.037773 0.083240 0.165023 0.295554 0.475545 0.682880 0.871022 0.983930 0.982459 0.865747 0.672257 0.459599 0.277445 
0.206623 0.108011 0.056848 0.034910 0.025928 0.020114 0.013973 0.007856 0.003215 0.000767 0.000031 0.000047 0.000501 0.002496 0.008805 0.024258 0.056848 0.118664 0.223746 0.380195 0.578305 0.782939 0.939973 0.998455 0.936790 0.775130 0.564833 0.362578 
0.277559 0.150425 0.077563 0.043341 0.029561 0.022962 0.017120 0.010825 0.005284 0.001727 0.000247 -0.000011 0.000186 0.001176 0.004871 0.014974 0.037726 0.083178 0.165012 0.295650 0.475718 0.683004 0.870972 0.983716 0.982236 0.865677 0.672365 0.459774 
0.362734 0.206684 0.107983 0.056787 0.034863 0.025906 0.020112 0.013983 0.007870 0.003227 0.000771 0.000027 0.000041 0.000502 0.002505 0.008806 0.024228 0.056787 0.118618 0.223785 0.380341 0.578473 0.782985 0.939830 0.998214 0.936630 0.775156 0.564992 
0.459948 0.277673 0.150436 0.077511 0.043284 0.029527 0.022951 0.017125 0.010838 0.005298 0.001736 0.000247 -0.000017 0.000183 0.001182 0.004878 0.014961 0.037678 0.083117 0.165002 0.295746 0.475891 0.683127 0.870922 0.983504 0.982015 0.865607 0.672472 
0.565150 0.362890 0.206747 0.107955 0.056726 0.034815 0.025885 0.020110 0.013992 0.007885 0.003239 0.000775 0.000023 0.000035 0.000504 0.002513 0.008806 0.024197 0.056726 0.118573 0.223825 0.380486 0.578639 0.783030 0.939687 0.997974 0.936471 0.775181 
0.672577 0.460121 0.277787 0.150448 0.077459 0.043226 0.029492 0.022941 0.017130 0.010851 0.005312 0.001744 0.000246 -0.000023 0.000180 0.001188 0.004885 0.014948 0.037629 0.083056 0.164992 0.295843 0.476063 0.683248 0.870872 0.983293 0.981795 0.865537 
0.775205 0.565306 0.363045 0.206809 0.107928 0.056666 0.034767 0.025863 0.020108 0.014002 0.007899 0.003251 0.000779 0.000019 0.000030 0.000505 0.002522 0.008806 0.024167 0.056666 0.118529 0.223867 0.380631 0.578803 0.783074 0.939545 0.997737 0.936312 
0.865466 0.672681 0.460293 0.277902 0.150461 0.077408 0.043168 0.029457 0.022930 0.017135 0.010863 0.005325 0.001753 0.000246 -0.000029 0.000178 0.001194 0.004893 0.014935 0.037581 0.082995 0.164984 0.295940 0.476234 0.683367 0.870821 0.983084 0.981577 
0.936155 0.775227 0.565461 0.363201 0.206873 0.107902 0.056605 0.034719 0.025841 0.020106 0.014012 0.007913 0.003263 0.000783 0.000015 0.000024 0.000507 0.002531 0.008806 0.024135 0.056605 0.118485 0.223909 0.380776 0.578966 0.783116 0.939403 0.997501 
0.981361 0.865395 0.672783 0.460465 0.278018 0.150475 0.077357 0.043109 0.029422 0.022920 0.017140 0.010876 0.005339 0.001761 0.000245 -0.000036 0.000175 0.001201 0.004900 0.014921 0.037532 0.082934 0.164976 0.296038 0.476404 0.683485 0.870770 0.982877 
0.997267 0.935998 0.775249 0.565615 0.363356 0.206938 0.107876 0.056544 0.034670 0.025819 0.020105 0.014021 0.007927 0.003275 0.000787 0.000010 0.000019 0.000509 0.002540 0.008805 0.024104 0.056544 0.118443 0.223952 0.380921 0.579128 0.783158 0.939263 
