0.000008 0.000167 0.001023 0.015109 -0.077631 0.517900 1.123331 1.065574 1.153195 1.268344 1.546366 1.172131 0.780478 0.995782 0.984063 0.866415 0.672131 0.460428 0.280062 0.153195 0.077293 0.037394 0.017900 0.008306 0.003390 0.001023 0.000167 0.000008 
0.000001 0.000181 -0.001688 0.023086 -0.074144 0.159294 0.878871 1.133323 1.090689 1.190698 1.443795 1.417973 0.922246 0.858486 1.020849 0.935924 0.775380 0.564976 0.364342 0.209665 0.109655 0.053870 0.025874 0.012290 0.005445 0.001968 0.000463 0.000044 
-0.000034 0.000543 -0.004006 0.021628 -0.035007 -0.024928 0.517916 1.070036 1.119812 1.111994 1.322750 1.493317 1.172306 0.833119 0.945414 1.004418 0.862182 0.672805 0.460579 0.280168 0.153184 0.077228 0.037337 0.017878 0.008310 0.003402 0.001033 0.000171 
-0.000081 0.000939 -0.004546 0.013398 0.001062 -0.075315 0.201159 0.836140 1.139152 1.097597 1.197697 1.449849 1.375464 0.964168 0.857142 0.998545 0.950842 0.770703 0.566101 0.364377 0.209719 0.109608 0.053803 0.025834 0.012283 0.005455 0.001979 0.000480 
-0.000041 0.001080 -0.003396 0.004108 0.018640 -0.054715 0.005485 0.516777 1.043718 1.131326 1.117984 1.334435 1.467244 1.171323 0.863470 0.925454 1.001183 0.870235 0.669003 0.461885 0.280060 0.153204 0.077159 0.037281 0.017855 0.008313 0.003412 0.001071 
0.000223 0.000924 -0.001523 -0.002151 0.019081 -0.016059 -0.068854 0.222907 0.815796 1.130498 1.108964 1.209155 1.441420 1.355343 0.985970 0.863431 0.981148 0.956356 0.773147 0.563824 0.365542 0.209501 0.109610 0.053729 0.025795 0.012276 0.005458 0.002041 
0.000829 0.000660 0.000085 -0.004292 0.010841 0.011299 -0.063850 0.025638 0.517746 1.023704 1.133939 1.132552 1.337219 1.447475 1.172448 0.883560 0.916071 0.993596 0.876907 0.668243 0.461080 0.280864 0.152945 0.077156 0.037212 0.017835 0.008305 0.003486 
0.001863 0.000571 0.000943 -0.003446 0.001985 0.019929 -0.028337 -0.061931 0.238074 0.802477 1.119053 1.120493 1.220777 1.430202 1.342245 1.001191 0.870182 0.968596 0.957037 0.777329 0.562085 0.365719 0.209890 0.109375 0.053724 0.025742 0.012256 0.005530 
0.003392 0.000897 0.001130 -0.001461 -0.003220 0.015229 0.003677 -0.068659 0.040957 0.519262 1.006804 1.134201 1.148021 1.337652 1.430820 1.174117 0.898815 0.911015 0.985730 0.881233 0.669448 0.459725 0.281438 0.152996 0.076984 0.037208 0.017781 0.008362 
0.005512 0.001778 0.001059 0.000251 -0.004287 0.006029 0.018560 -0.037515 -0.055323 0.249972 0.792067 1.107830 1.131141 1.231516 1.419205 1.332055 1.013141 0.876619 0.959145 0.955502 0.781419 0.561427 0.365187 0.210419 0.109232 0.053628 0.025718 0.012266 
0.008373 0.003275 0.001193 0.001148 -0.002819 -0.001243 0.017844 -0.003414 -0.071269 0.053565 0.520602 0.992130 1.133842 1.162481 1.337466 1.416390 1.175608 0.911360 0.908160 0.978398 0.883786 0.671556 0.458556 0.281561 0.153277 0.076789 0.037157 0.017782 
0.012291 0.005421 0.001863 0.001411 -0.000727 -0.004261 0.009514 0.016132 -0.044647 -0.049044 0.259745 0.783196 1.097625 1.140701 1.241169 1.409225 1.323402 1.022965 0.882728 0.951744 0.952908 0.784948 0.561633 0.364369 0.210813 0.109261 0.053458 0.025709 
0.017818 0.008328 0.003223 0.001554 0.000810 -0.003778 0.001067 0.019220 -0.009854 -0.072548 0.064385 0.521543 0.979251 1.133385 1.175505 1.337181 1.403754 1.176699 0.922116 0.906637 0.971718 0.885098 0.673996 0.457785 0.281329 0.153623 0.076659 0.037051 
0.025688 0.012304 0.005320 0.002071 0.001549 -0.001732 -0.003642 0.012377 0.013179 -0.050323 -0.043052 0.267938 0.775327 1.088570 1.149213 1.249774 1.400397 1.315750 1.031208 0.888551 0.945801 0.949790 0.787853 0.562431 0.363523 0.210995 0.109413 0.053279 
0.036918 0.017845 0.008258 0.003258 0.001872 0.000254 -0.004330 0.003429 0.019719 -0.015671 -0.072934 0.073879 0.522064 0.967875 1.132988 1.187098 1.336957 1.392620 1.177370 0.931546 0.906010 0.965662 0.885535 0.676485 0.457420 0.280879 0.153928 0.076618 
0.053139 0.025641 0.012291 0.005258 0.002334 0.001487 -0.002637 -0.002640 0.014665 0.009975 -0.054899 -0.037325 0.274883 0.768210 1.080597 1.156782 1.257437 1.392650 1.308849 1.038201 0.894110 0.940958 0.946422 0.790182 0.563610 0.362777 0.210978 0.109620 
0.076655 0.036789 0.017835 0.008191 0.003372 0.002096 -0.000410 -0.004525 0.005703 0.019588 -0.020920 -0.072681 0.082315 0.522218 0.957773 1.132689 1.197394 1.336831 1.382760 1.177670 0.939916 0.906022 0.960177 0.885340 0.678885 0.457411 0.280322 0.154139 
0.109832 0.053057 0.025566 0.012250 0.005255 0.002600 0.001263 -0.003385 -0.001403 0.016448 0.006672 -0.058609 -0.031857 0.280812 0.761709 1.073580 1.163525 1.264273 1.385859 1.302563 1.044178 0.899410 0.936985 0.942956 0.792005 0.565023 0.362189 0.210799 
0.154239 0.076748 0.036678 0.017781 0.008143 0.003543 0.002208 -0.001106 -0.004426 0.007822 0.018994 -0.025653 -0.071963 0.089869 0.522070 0.948758 1.132485 1.206549 1.336800 1.373988 1.177669 0.947406 0.906502 0.955209 0.884683 0.681128 0.457695 0.279734 
0.210501 0.110017 0.053036 0.025469 0.012187 0.005312 0.002839 0.000919 -0.003957 -0.000032 0.017794 0.003364 -0.061618 -0.026645 0.285904 0.755739 1.067387 1.169548 1.270390 1.379892 1.296807 1.049316 0.904454 0.933714 0.939485 0.793390 0.566568 0.361776 
0.279165 0.154232 0.076877 0.036594 0.017688 0.008121 0.003748 0.002212 -0.001783 -0.004092 0.009754 0.018059 -0.029919 -0.070901 0.096672 0.521687 0.940679 1.132361 1.214712 1.336850 1.366149 1.177430 0.954143 0.907327 0.950709 0.883683 0.683183 0.458214 
0.361536 0.210124 0.110157 0.053064 0.025357 0.012110 0.005419 0.003033 0.000495 -0.004355 0.001403 0.018766 0.000107 -0.064051 -0.021689 0.290300 0.750236 1.061901 1.174946 1.275882 1.374632 1.291516 1.053757 0.909245 0.931022 0.936067 0.794400 0.568176 
0.458916 0.278644 0.154132 0.077020 0.036536 0.017568 0.008126 0.003968 0.002121 -0.002412 -0.003574 0.011488 0.016871 -0.033763 -0.069586 0.102824 0.521124 0.933406 1.132300 1.222016 1.336963 1.359117 1.177011 0.960230 0.908407 0.946633 0.882431 0.685038 
0.569799 0.361457 0.209698 0.110245 0.053129 0.025239 0.012028 0.005563 0.003174 0.000021 -0.004592 0.002855 0.019419 -0.003061 -0.066004 -0.016982 0.294111 0.745151 1.057019 1.179801 1.280831 1.369976 1.286643 1.057613 0.913785 0.928811 0.932738 0.795089 
0.686695 0.459757 0.278191 0.153953 0.077161 0.036501 0.017433 0.008155 0.004185 0.001951 -0.002974 -0.002915 0.013025 0.015499 -0.037226 -0.068088 0.108408 0.520429 0.926833 1.132288 1.228575 1.337124 1.352783 1.176458 0.965748 0.909671 0.942940 0.880994 
0.795506 0.571401 0.361525 0.209251 0.110278 0.053217 0.025124 0.011947 0.005730 0.003260 -0.000475 -0.004683 0.004287 0.019801 -0.006117 -0.067556 -0.012520 0.297430 0.740443 1.052654 1.184180 1.285305 1.365838 1.282145 1.060975 0.918083 0.927002 0.929522 
0.879425 0.688159 0.460701 0.277815 0.153712 0.077287 0.036486 0.017295 0.008204 0.004387 0.001719 -0.003460 -0.002152 0.014371 0.013995 -0.040343 -0.066459 0.113492 0.519638 0.920870 1.132310 1.234485 1.337321 1.347059 1.175808 0.970766 0.911068 0.939594 
0.926432 0.795691 0.572961 0.361721 0.208802 0.110259 0.053316 0.025017 0.011875 0.005908 0.003292 -0.000973 -0.004644 0.005678 0.019951 -0.009047 -0.068771 -0.008292 0.300333 0.736075 1.048736 1.188143 1.289362 1.362144 1.277987 1.063921 0.922147 0.925533 
