0.280301 0.395603 0.474775 0.586533 0.731601 0.882530 0.983959 0.983906 0.869379 0.678863 0.856508 1.463319 1.272079 1.263168 1.269249 1.253272 0.827725 0.006074 0.063793 0.020010 0.002157 -0.000647 0.000153 0.003782 0.020736 0.062256 0.127110 0.196569 
0.236651 0.334005 0.439705 0.526581 0.654903 0.806333 0.939432 0.996618 0.940952 0.783620 0.721666 1.106268 1.467455 1.244832 1.264334 1.264018 1.091695 0.466412 -0.074988 0.054589 0.007842 -0.001127 -0.000698 0.001614 0.010593 0.038425 0.091766 0.161264 
0.198221 0.282582 0.385812 0.485496 0.585561 0.727729 0.875174 0.977514 0.982891 0.874994 0.740720 0.858147 1.289789 1.429120 1.224318 1.266653 1.199357 0.835673 0.185227 -0.094071 0.053256 -0.001365 -0.002087 0.000223 0.005270 0.022153 0.061907 0.124495 
0.159966 0.239072 0.331839 0.436097 0.535481 0.651382 0.800792 0.931982 0.992323 0.943102 0.811154 0.767971 1.034691 1.395993 1.369736 1.214593 1.246709 1.054564 0.546296 -0.000816 -0.073736 0.051189 -0.008463 -0.001311 0.002404 0.012232 0.039171 0.090347 
0.122851 0.198333 0.283748 0.382531 0.486398 0.591367 0.721899 0.868665 0.971009 0.981408 0.887469 0.778467 0.862593 1.203519 1.431309 1.308275 1.207244 1.178669 0.839945 0.277595 -0.096550 -0.036004 0.044435 -0.013238 0.000976 0.006554 0.023563 0.061729 
0.089421 0.158797 0.239799 0.331468 0.433829 0.538745 0.653437 0.793252 0.925389 0.987702 0.947481 0.834851 0.796389 1.000956 1.331556 1.413645 1.255009 1.183899 1.048076 0.586723 0.066997 -0.120613 0.001729 0.032863 -0.015116 0.004845 0.013630 0.040001 
0.061830 0.121614 0.197845 0.284300 0.381313 0.485968 0.594869 0.720204 0.860281 0.965274 0.980408 0.900217 0.806349 0.868294 1.150502 1.403665 1.364418 1.208513 1.124077 0.858091 0.334157 -0.068322 -0.098186 0.028697 0.018762 -0.013628 0.010634 0.024617 
0.040320 0.088901 0.157674 0.239794 0.331487 0.432685 0.539888 0.655482 0.788400 0.917162 0.984073 0.952228 0.854993 0.817845 0.981865 1.280714 1.420592 1.301048 1.157362 1.013777 0.628367 0.117736 -0.129831 -0.054338 0.040832 0.005374 -0.008579 0.018911 
0.030375 0.061214 0.120763 0.197066 0.284444 0.380898 0.485536 0.596636 0.719776 0.853301 0.958349 0.980495 0.911784 0.828908 0.874709 1.114436 1.370525 1.393248 1.232222 1.085557 0.851301 0.388704 -0.038931 -0.132467 -0.009212 0.039431 -0.004291 -0.000014 
0.011916 0.045738 0.087399 0.156820 0.239370 0.331536 0.432194 0.540278 0.656701 0.785240 0.909384 0.979785 0.957497 0.872117 0.835724 0.970332 1.240435 1.411057 1.335704 1.157095 0.979378 0.648545 0.170516 -0.127461 -0.097938 0.024436 0.029116 -0.008152 
-0.005285 0.027108 0.065589 0.118640 0.196454 0.284251 0.380804 0.485307 0.597447 0.719456 0.847862 0.951303 0.980227 0.922693 0.847797 0.881653 1.088447 1.338181 1.404127 1.259306 1.068125 0.833101 0.427930 -0.000979 -0.153637 -0.048358 0.041488 0.015726 
0.004626 0.004236 0.045588 0.090293 0.154452 0.239105 0.331433 0.432062 0.540423 0.657218 0.782859 0.902703 0.975079 0.962267 0.887415 0.851131 0.963433 1.207946 1.394128 1.358063 1.169510 0.956093 0.651784 0.216443 -0.111839 -0.133240 -0.001506 0.043058 
0.034216 -0.000324 0.019694 0.067521 0.119941 0.194216 0.284310 0.380710 0.485276 0.597766 0.718933 0.843506 0.944824 0.979322 0.932596 0.864452 0.888708 1.069163 1.308329 1.403876 1.282847 1.065910 0.815300 0.450492 0.038919 -0.160900 -0.086515 0.031672 
0.047400 0.021582 0.002865 0.040131 0.093157 0.154347 0.237286 0.331721 0.431972 0.540530 0.657265 0.780793 0.897072 0.970426 0.966112 0.901201 0.865030 0.959411 1.181407 1.374055 1.370434 1.186367 0.944814 0.647171 0.250552 -0.087459 -0.157983 -0.032896 
0.012850 0.047755 0.011336 0.014501 0.064674 0.122731 0.193097 0.283066 0.381120 0.485213 0.597876 0.718180 0.839839 0.939114 0.977977 0.941231 0.879523 0.895902 1.054457 1.281399 1.396778 1.300956 1.072776 0.803004 0.461233 0.074220 -0.156157 -0.119891 
-0.065580 0.042532 0.038461 0.007970 0.033711 0.092717 0.156376 0.235632 0.331083 0.432411 0.540473 0.657073 0.778840 0.892275 0.966097 0.969055 0.913498 0.877952 0.957407 1.159380 1.353034 1.375267 1.203411 0.943089 0.641118 0.273382 -0.060548 -0.171354 
-0.145540 -0.011816 0.054519 0.026518 0.013812 0.059056 0.123965 0.194054 0.281333 0.381012 0.485600 0.597705 0.717310 0.836599 0.934137 0.976435 0.948591 0.893223 0.903304 1.043079 1.257247 1.385578 1.313600 1.084308 0.797310 0.465471 0.102191 -0.143842 
-0.175232 -0.095605 0.029775 0.052311 0.018253 0.029190 0.089053 0.158362 0.235545 0.329622 0.432693 0.540713 0.656570 0.776994 0.888087 0.962191 0.971280 0.924348 0.890083 0.956980 1.140864 1.332142 1.374628 1.218618 0.948022 0.636995 0.287761 -0.035481 
-0.128293 -0.162841 -0.038634 0.053899 0.042356 0.018097 0.053006 0.122526 0.195969 0.280472 0.380034 0.486084 0.597662 0.716211 0.833707 0.929763 0.974863 0.954817 0.905632 0.910886 1.034298 1.235578 1.371984 1.321435 1.097644 0.797563 0.467154 0.122891 
-0.014336 -0.172647 -0.120582 0.011592 0.061137 0.031816 0.028155 0.083440 0.158757 0.236838 0.328370 0.432248 0.541182 0.656066 0.775091 0.884415 0.958682 0.972983 0.933867 0.901454 0.957822 1.125205 1.311891 1.370079 1.231195 0.957139 0.636149 0.296754 
0.137671 -0.112589 -0.172911 -0.064509 0.046693 0.056335 0.026778 0.048429 0.118594 0.197452 0.280923 0.378766 0.486083 0.597880 0.715060 0.830966 0.925930 0.973328 0.960102 0.916822 0.918540 1.027637 1.216135 1.357047 1.325271 1.111063 0.802511 0.468752 
0.302877 0.002438 -0.166492 -0.139801 -0.009258 0.064209 0.046456 0.031203 0.077448 0.156937 0.238611 0.328048 0.431240 0.541422 0.655798 0.773172 0.881066 0.955575 0.974293 0.942219 0.912057 0.959666 1.111961 1.292539 1.362745 1.240971 0.968580 0.638783 
0.471593 0.148224 -0.098465 -0.177599 -0.087511 0.034610 0.066735 0.038517 0.046638 0.113037 0.197501 0.282359 0.377924 0.485457 0.598085 0.714110 0.828304 0.922493 0.971908 0.964605 0.926899 0.926140 1.022728 1.198714 1.341439 1.325855 1.123603 0.810857 
0.644540 0.307922 0.015295 -0.158977 -0.153708 -0.030454 0.061922 0.060169 0.038035 0.072553 0.153010 0.239881 0.328803 0.430195 0.541134 0.655673 0.771436 0.877899 0.952798 0.975346 0.949552 0.921901 0.962266 1.100796 1.274234 1.353435 1.248063 0.981042 
0.821476 0.476246 0.156109 -0.086636 -0.178785 -0.106829 0.019593 0.072811 0.051650 0.048213 0.107039 0.195644 0.284085 0.377940 0.484471 0.597954 0.713402 0.825830 0.919294 0.970616 0.968492 0.935959 0.933581 1.019260 1.183152 1.325614 1.323821 1.134758 
0.993645 0.652854 0.313041 0.025063 -0.151535 -0.163320 -0.050426 0.055353 0.071528 0.047716 0.069843 0.147619 0.239885 0.330336 0.429621 0.540344 0.655432 0.769993 0.874933 0.950223 0.976234 0.956027 0.931000 0.965414 1.091430 1.257062 1.342750 1.252698 
1.144297 0.833467 0.482825 0.162572 -0.077158 -0.178029 -0.122458 0.003353 0.074641 0.064620 0.053037 0.101775 0.191941 0.285338 0.378874 0.483553 0.597342 0.712779 0.823666 0.916284 0.969388 0.971908 0.944116 0.940777 1.016971 1.169294 1.309899 1.319691 
1.255142 1.005811 0.663122 0.318900 0.032642 -0.144951 -0.169799 -0.068333 0.045812 0.079794 0.059024 0.069866 0.141679 0.238235 0.332088 0.429821 0.539309 0.654854 0.768791 0.872258 0.947775 0.976971 0.961801 0.939390 0.968933 1.083616 1.241061 1.331147 
