0.027185 0.039318 0.071791 0.146491 0.274755 0.456211 0.668573 0.865867 1.366768 2.129891 1.900677 1.713889 1.499807 1.308050 0.790825 -0.048220 0.029896 0.009653 0.002705 0.000752 0.000765 0.003347 0.009965 0.020338 0.031451 0.038808 0.039034 0.031987 
0.029305 0.031135 0.053011 0.103862 0.203928 0.358834 0.558529 0.769103 1.078366 1.715552 2.139326 1.801979 1.610260 1.401138 1.090121 0.411530 -0.123807 0.032069 0.004517 0.001104 0.000513 0.001735 0.006151 0.014682 0.025802 0.035599 0.039812 0.036420 
0.033328 0.029102 0.039567 0.074815 0.147743 0.274526 0.453083 0.662456 0.911399 1.355969 1.954116 2.065793 1.687916 1.507874 1.258366 0.796772 0.125955 -0.132270 0.041222 -0.000207 0.000456 0.000897 0.003544 0.009903 0.019918 0.030866 0.038404 0.039067 
0.036997 0.031026 0.032498 0.054093 0.106569 0.204403 0.357333 0.553917 0.781981 1.109230 1.635845 2.070763 1.938049 1.573166 1.391803 1.054080 0.487516 -0.054732 -0.099489 0.047373 -0.005137 0.000704 0.001945 0.006259 0.014453 0.025276 0.035061 0.039595 
0.039187 0.034433 0.030831 0.040780 0.076471 0.149816 0.273981 0.450168 0.664014 0.933208 1.347617 1.864766 2.075360 1.784628 1.459544 1.242487 0.799403 0.213353 -0.139297 -0.050011 0.046039 -0.009510 0.001900 0.003718 0.009871 0.019536 0.030298 0.037984 
0.039396 0.037555 0.032488 0.034112 0.055408 0.108437 0.205546 0.355572 0.552384 0.791693 1.122260 1.593349 2.008382 1.992660 1.626381 1.337512 1.049198 0.524249 0.007853 -0.149896 -0.002831 0.037214 -0.012175 0.004008 0.006253 0.014265 0.024780 0.034526 
0.037570 0.039315 0.035425 0.032464 0.042301 0.077956 0.151481 0.273944 0.448129 0.666726 0.945569 1.340240 1.807873 2.054366 1.853340 1.472270 1.193286 0.816303 0.264982 -0.115852 -0.114465 0.030569 0.023699 -0.012280 0.006872 0.009538 0.019209 0.029749 
0.033999 0.039202 0.038074 0.033828 0.035783 0.056901 0.109985 0.206596 0.354572 0.551876 0.798617 1.128426 1.564936 1.958762 2.009793 1.685310 1.320017 1.017044 0.562435 0.053254 -0.162936 -0.059904 0.046122 0.009348 -0.009595 0.010266 0.013498 0.024371 
0.029340 0.037154 0.039429 0.036341 0.034030 0.043946 0.079447 0.152849 0.274163 0.447058 0.669067 0.953138 1.333343 1.767184 2.027127 1.894491 1.507765 1.160741 0.808694 0.314666 -0.091465 -0.151323 -0.007265 0.045585 -0.002352 -0.004515 0.013961 0.017979 
0.022742 0.033691 0.038984 0.038556 0.035088 0.037460 0.058499 0.111411 0.207517 0.354163 0.551923 0.803345 1.131224 1.543559 1.918893 2.009881 1.732889 1.329290 0.985345 0.579428 0.100613 -0.164678 -0.104783 0.030561 0.034215 -0.009156 0.002143 0.017777 
0.021593 0.027468 0.037044 0.039485 0.037202 0.035544 0.045646 0.080971 0.154065 0.274523 0.446654 0.670926 0.957727 1.326834 1.735851 1.999930 1.917382 1.546916 1.149861 0.790133 0.349132 -0.058723 -0.175379 -0.046543 0.048849 0.018408 -0.010340 0.009418 
0.016453 0.025318 0.031794 0.039156 0.038934 0.036295 0.039125 0.060156 0.112796 0.208373 0.354129 0.552272 0.806511 1.131992 1.526354 1.886008 2.001984 1.768139 1.351712 0.965331 0.579792 0.141062 -0.153451 -0.141647 0.005334 0.049358 0.003822 -0.006524 
0.000799 0.022650 0.028855 0.035364 0.039993 0.037916 0.037026 0.047366 0.082525 0.155218 0.274979 0.446652 0.672380 0.960346 1.320563 1.710520 1.974456 1.928789 1.582748 1.154766 0.772456 0.367075 -0.024222 -0.185839 -0.085054 0.040215 0.037785 -0.005750 
-0.008736 0.009812 0.027708 0.032071 0.037914 0.039793 0.037323 0.040792 0.061843 0.114180 0.209215 0.354326 0.552759 0.808583 1.131423 1.511824 1.858240 1.990323 1.793316 1.378999 0.957902 0.572650 0.169666 -0.133740 -0.168246 -0.025480 0.054963 0.021155 
0.005720 -0.005517 0.018841 0.031581 0.034808 0.039349 0.039102 0.038315 0.049120 0.084100 0.156360 0.275511 0.446878 0.673497 0.961626 1.314429 1.689280 1.951073 1.932956 1.613321 1.169298 0.760795 0.373375 0.005516 -0.184606 -0.119022 0.022532 0.052340 
0.038584 -0.004321 0.002213 0.026664 0.034384 0.036914 0.039824 0.038776 0.042269 0.063588 0.115570 0.210074 0.354667 0.553281 0.809873 1.129943 1.499098 1.834309 1.977003 1.810828 1.406858 0.960607 0.564450 0.187000 -0.111762 -0.183777 -0.057741 0.051404 
0.060240 0.020892 -0.007234 0.012199 0.032615 0.036298 0.038321 0.039795 0.039955 0.050700 0.085746 0.157507 0.276110 0.447222 0.674329 0.961973 1.308385 1.670947 1.929721 1.932524 1.638567 1.189018 0.756266 0.373386 0.027783 -0.176113 -0.145516 -0.001057 
0.039986 0.053147 0.005426 -0.003462 0.022284 0.036548 0.037517 0.039127 0.040039 0.044004 0.065186 0.117037 0.210953 0.355102 0.553776 0.810584 1.127833 1.487647 1.813307 1.963119 1.822641 1.433242 0.970542 0.558592 0.195925 -0.091878 -0.190126 -0.087519 
-0.026879 0.060860 0.036896 -0.003872 0.005081 0.030851 0.038694 0.038242 0.039670 0.041640 0.052443 0.087278 0.158737 0.276748 0.447623 0.674913 0.961654 1.302420 1.654746 1.910194 1.929166 1.659056 1.211055 0.758224 0.371098 0.042665 -0.164697 -0.163929 
-0.112440 0.023155 0.062841 0.018613 -0.005611 0.015864 0.037014 0.039505 0.038721 0.040587 0.045937 0.066856 0.118429 0.211924 0.355578 0.554216 0.810852 1.125283 1.477138 1.794580 1.949239 1.830246 1.457292 0.985243 0.556448 0.199545 -0.076150 -0.190329 
-0.175393 -0.051856 0.054986 0.051216 0.004001 -0.000586 0.026480 0.040592 0.039522 0.039323 0.042827 0.054451 0.088811 0.159936 0.277481 0.448024 0.675285 0.960843 1.296533 1.640161 1.892258 1.923950 1.675514 1.233654 0.765438 0.369010 0.051547 -0.153429 
-0.187287 -0.131812 0.003652 0.066928 0.033039 -0.003621 0.008991 0.035155 0.041955 0.039314 0.040612 0.047624 0.068789 0.119778 0.212906 0.356128 0.554565 0.810777 1.122422 1.467354 1.777650 1.935654 1.834748 1.478762 1.002841 0.558251 0.200408 -0.065002 
-0.144035 -0.181770 -0.074078 0.044314 0.062129 0.015055 -0.003474 0.020379 0.040975 0.041814 0.039470 0.043404 0.056437 0.090555 0.161075 0.278255 0.448444 0.675449 0.959670 1.290727 1.626832 1.875689 1.917565 1.688640 1.255794 0.776629 0.368486 0.056149 
-0.057962 -0.183209 -0.146102 -0.016220 0.065793 0.046703 0.002223 0.003154 0.031084 0.043864 0.041040 0.040652 0.048783 0.070861 0.121265 0.213832 0.356724 0.554845 0.810408 1.119344 1.458149 1.762166 1.922499 1.836953 1.497707 1.022001 0.563680 0.200342 
0.058060 -0.137218 -0.184950 -0.092758 0.030770 0.068886 0.027637 -0.002988 0.013744 0.039368 0.044403 0.040542 0.043653 0.058078 0.092522 0.162278 0.278987 0.448880 0.675446 0.958204 1.285013 1.614506 1.860294 1.910461 1.699042 1.276912 0.790668 0.370138 
0.200543 -0.054179 -0.179527 -0.156344 -0.034911 0.060505 0.058182 0.010996 -0.000541 0.025445 0.044459 0.043584 0.041226 0.049451 0.072798 0.122986 0.214764 0.357286 0.555079 0.809801 1.116102 1.449424 1.747863 1.909830 1.837450 1.514316 1.041804 0.572188 
0.374119 0.058566 -0.133024 -0.186502 -0.107909 0.016049 0.071561 0.040197 0.000771 0.007761 0.035823 0.046508 0.042591 0.044016 0.059234 0.094537 0.163676 0.279682 0.449274 0.675324 0.956504 1.279386 1.603004 1.845905 1.902933 1.707227 1.296732 0.806634 
0.583179 0.201723 -0.052724 -0.177027 -0.163714 -0.051601 0.052361 0.066738 0.021492 -0.001536 0.019158 0.043338 0.046374 0.042635 0.049901 0.074375 0.124877 0.215821 0.357779 0.555241 0.809023 1.112732 1.441102 1.734544 1.897653 1.836672 1.528828 1.061633 
