0.037757 0.151790 0.275688 0.458677 0.673052 0.870412 0.991509 1.369312 2.002222 1.680295 1.463318 1.276862 1.145056 0.691573 -0.098295 0.009460 0.003638 0.003218 0.005244 0.007892 0.009706 0.009759 0.007997 0.005214 0.002545 0.000799 0.000086 -0.000026 
0.014129 0.085242 0.212506 0.359796 0.561941 0.773859 0.940493 1.148322 1.653879 1.960613 1.558688 1.366275 1.204128 0.958524 0.338687 -0.156620 0.020746 0.002753 0.003926 0.006491 0.008903 0.009953 0.009105 0.006733 0.003865 0.001557 0.000314 -0.000045 
0.005225 0.042568 0.141855 0.283648 0.454012 0.666678 0.862836 1.039258 1.363885 1.832099 1.848233 1.436292 1.281418 1.091758 0.695385 0.075467 -0.152021 0.036169 0.000943 0.005034 0.007716 0.009598 0.009766 0.008109 0.005361 0.002641 0.000802 0.000024 
0.001877 0.019879 0.084469 0.207439 0.365258 0.555057 0.766821 0.953514 1.183046 1.580043 1.896676 1.695772 1.326722 1.190936 0.919410 0.413369 -0.087331 -0.109886 0.046483 -0.001926 0.006551 0.008757 0.009897 0.009166 0.006872 0.003998 0.001612 0.000280 
0.000713 0.008827 0.046350 0.138656 0.281992 0.456160 0.658193 0.863301 1.062926 1.360612 1.748405 1.860916 1.532265 1.229671 1.072141 0.695704 0.162351 -0.158376 -0.054067 0.047876 -0.004798 0.008438 0.009460 0.009765 0.008214 0.005507 0.002744 0.000814 
0.000535 0.003743 0.023913 0.085655 0.203945 0.365222 0.553694 0.760363 0.963799 1.199511 1.543245 1.839071 1.751736 1.377711 1.132773 0.911286 0.448642 -0.024591 -0.159351 -0.002800 0.040866 -0.006419 0.010476 0.009702 0.009221 0.007005 0.004132 0.001675 
0.000940 0.001595 0.011708 0.049587 0.137732 0.279210 0.456059 0.654754 0.862485 1.077620 1.357875 1.697147 1.843299 1.600560 1.239106 1.019098 0.710109 0.213349 -0.134280 -0.117489 0.033144 0.028592 -0.005994 0.012298 0.009425 0.008330 0.005651 0.002852 
0.001785 0.000947 0.005469 0.027177 0.087377 0.201804 0.363213 0.552675 0.757490 0.969127 1.209608 1.520134 1.794362 1.770540 1.434672 1.111422 0.875726 0.485200 0.020894 -0.171437 -0.058903 0.050266 0.015054 -0.003458 0.013507 0.008655 0.007188 0.004266 
0.002970 0.001160 0.002538 0.014175 0.052465 0.137812 0.276636 0.454438 0.653164 0.862456 1.085762 1.356115 1.661785 1.819708 1.641612 1.271470 0.982629 0.699817 0.262269 -0.109269 -0.153278 -0.003898 0.050708 0.003710 0.000590 0.013808 0.007499 0.005909 
0.004608 0.001924 0.001451 0.007074 0.029988 0.089256 0.200540 0.360665 0.551185 0.756489 0.972357 1.215058 1.504536 1.759215 1.772662 1.480547 1.116887 0.840470 0.500385 0.068249 -0.172215 -0.102762 0.035252 0.039909 -0.003335 0.005157 0.013095 0.006114 
0.004677 0.003414 0.001411 0.003500 0.016370 0.055078 0.138396 0.274497 0.452126 0.651989 0.863102 1.090353 1.353950 1.636225 1.796093 1.664800 1.307660 0.967773 0.678386 0.295824 -0.075942 -0.176228 -0.042325 0.054250 0.024275 -0.005556 0.009195 0.011469 
0.009206 0.003354 0.002505 0.001944 0.008588 0.032494 0.091161 0.199849 0.358120 0.549278 0.756140 0.974711 1.217608 1.492752 1.731460 1.766841 1.514461 1.135560 0.816767 0.498752 0.108591 -0.160020 -0.138550 0.010628 0.055081 0.009342 -0.003753 0.011891 
0.012840 0.006676 0.002304 0.002188 0.004365 0.018383 0.057483 0.139252 0.272787 0.449588 0.650746 0.863961 1.093119 1.351150 1.616661 1.774566 1.676621 1.340825 0.968650 0.657662 0.312690 -0.040908 -0.185545 -0.079924 0.045946 0.043486 -0.001287 0.000477 
0.005333 0.012074 0.004266 0.001714 0.002990 0.009894 0.034797 0.093034 0.199549 0.355779 0.547123 0.755846 0.976547 1.218525 1.482970 1.709064 1.757575 1.538455 1.159285 0.805507 0.489424 0.136969 -0.139346 -0.164017 -0.019521 0.060757 0.026388 -0.006222 
-0.005965 0.009306 0.009989 0.002333 0.001874 0.005739 0.020096 0.059749 0.140256 0.271449 0.447062 0.649312 0.864700 1.094877 1.347939 1.600811 1.755518 1.681469 1.368876 0.979222 0.642754 0.317743 -0.010706 -0.183137 -0.112915 0.028645 0.057903 0.009864 
-0.002077 -0.002217 0.011471 0.007203 0.001204 0.003266 0.011606 0.036760 0.094896 0.199517 0.353703 0.544857 0.755364 0.977939 1.218547 1.474399 1.690435 1.747088 1.554990 1.183682 0.804340 0.478816 0.153948 -0.116424 -0.178358 -0.051052 0.057312 0.043546 
0.024716 -0.007832 0.002898 0.011581 0.004420 0.001227 0.006651 0.022081 0.061705 0.141396 0.270415 0.444659 0.647691 0.865143 1.095989 1.344567 1.587394 1.738684 1.682133 1.391737 0.995015 0.634851 0.316300 0.011950 -0.173446 -0.138360 0.005498 0.065695 
0.057853 0.007388 -0.007877 0.007496 0.009981 0.002328 0.002862 0.013115 0.038869 0.096542 0.199739 0.351884 0.542577 0.754615 0.978892 1.218062 1.466700 1.674481 1.736389 1.566166 1.206667 0.810363 0.470374 0.162350 -0.095617 -0.183463 -0.080027 0.046054 
0.066239 0.040403 -0.004644 -0.004020 0.010349 0.007422 0.001571 0.006774 0.024055 0.063716 0.142450 0.269693 0.442412 0.645928 0.865223 1.096615 1.341197 1.575697 1.723669 1.680293 1.410076 1.013116 0.633329 0.312366 0.027109 -0.160805 -0.155655 -0.019817 
0.029434 0.067308 0.020281 -0.010041 0.001446 0.011048 0.004862 0.002791 0.013904 0.041088 0.098199 0.200008 0.350368 0.540320 0.753603 0.979407 1.217258 1.459708 1.660499 1.725900 1.573540 1.227439 0.821076 0.465495 0.165275 -0.079016 -0.182363 -0.104072 
-0.044221 0.060325 0.054407 0.003032 -0.009524 0.006483 0.009928 0.003312 0.006700 0.025487 0.065902 0.143516 0.269119 0.440395 0.644045 0.864940 1.096827 1.337908 1.565311 1.710123 1.676940 1.424707 1.031790 0.636937 0.308465 0.036138 -0.148307 -0.165923 
-0.122486 0.010196 0.071174 0.034402 -0.008098 -0.005091 0.009776 0.007878 0.003755 0.014169 0.042991 0.100059 0.200319 0.349048 0.538173 0.752337 0.979509 1.216218 1.453319 1.648041 1.715781 1.578204 1.245834 0.834606 0.464404 0.165283 -0.067070 -0.177969 
-0.171025 -0.065795 0.049648 0.065006 0.013868 -0.012283 0.000860 0.010922 0.006095 0.007145 0.026279 0.067995 0.144790 0.268625 0.438561 0.642125 0.864297 1.096672 1.334719 1.555977 1.697784 1.672657 1.436368 1.050077 0.644376 0.305958 0.040761 -0.137701 
-0.172505 -0.135730 -0.009350 0.069838 0.047749 -0.002331 -0.010623 0.006276 0.010370 0.005885 0.014451 0.044314 0.102008 0.200828 0.347830 0.536140 0.750885 0.979209 1.214986 1.447447 1.636812 1.706087 1.580908 1.261973 0.849653 0.466757 0.164207 -0.059312 
-0.129699 -0.172863 -0.083740 0.036143 0.071453 0.026208 -0.011701 -0.005322 0.009924 0.009200 0.008537 0.026721 0.069682 0.146277 0.268306 0.436822 0.640208 0.863350 1.096166 1.331631 1.547516 1.686461 1.667804 1.445660 1.067486 0.654527 0.305439 0.042569 
-0.054891 -0.167419 -0.144838 -0.027644 0.064369 0.058900 0.006336 -0.014047 0.001192 0.011558 0.008861 0.015273 0.045104 0.103775 0.201612 0.346753 0.534156 0.749309 0.978549 1.213567 1.442021 1.626606 1.696833 1.582168 1.276077 0.865355 0.471999 0.163226 
0.042836 -0.124354 -0.173017 -0.098067 0.021510 0.073820 0.038505 -0.007878 -0.010881 0.006984 0.011842 0.010928 0.027261 0.070835 0.147798 0.268270 0.435172 0.638264 0.862168 1.095336 1.328615 1.539797 1.676014 1.662612 1.453051 1.083795 0.666506 0.307040 
0.163030 -0.052886 -0.163501 -0.150994 -0.043857 0.056074 0.067116 0.016697 -0.014802 -0.004557 0.011039 0.012107 0.016939 0.045643 0.105143 0.202595 0.345917 0.532194 0.747614 0.977594 1.211961 1.436968 1.617277 1.688015 1.582351 1.288385 0.881154 0.479545 
