0.242554 0.243972 0.199970 0.130588 0.064592 0.023340 0.012551 0.027775 0.068747 0.149929 0.670595 1.643442 1.795077 2.059118 2.224357 2.228518 1.694142 0.680427 0.524406 0.296044 0.147122 0.065951 0.026852 0.013091 0.023544 0.062984 0.127270 0.196598 
0.222498 0.248830 0.227648 0.168451 0.097166 0.040873 0.014138 0.016911 0.045042 0.104312 0.355326 1.100496 1.821911 1.913047 2.154088 2.246572 2.028647 1.247202 0.495205 0.419268 0.211653 0.098068 0.041143 0.016804 0.015291 0.039641 0.092021 0.161304 
0.192912 0.240022 0.244179 0.202802 0.134320 0.067146 0.023811 0.011836 0.027807 0.070785 0.205851 0.666142 1.464173 1.946264 2.014829 2.218899 2.176411 1.708364 0.867522 0.372729 0.331920 0.143107 0.062523 0.024900 0.013194 0.024233 0.062327 0.124549 
0.157963 0.219123 0.247469 0.229182 0.171949 0.100569 0.042498 0.013903 0.016329 0.045920 0.126807 0.395343 1.022940 1.744711 2.032237 2.099926 2.228475 1.995582 1.334543 0.576869 0.295576 0.256014 0.089286 0.038341 0.015808 0.015870 0.039898 0.090422 
0.122066 0.189341 0.237398 0.244155 0.205433 0.138027 0.069870 0.024516 0.011238 0.027729 0.079952 0.237619 0.664259 1.372054 1.942755 2.093561 2.156593 2.157209 1.718581 0.967785 0.376675 0.245579 0.188546 0.049341 0.023523 0.013015 0.024889 0.061848 
0.089049 0.154821 0.215771 0.245939 0.230479 0.175316 0.104043 0.044343 0.013868 0.015763 0.049373 0.145605 0.417317 0.983012 1.674541 2.070645 2.136049 2.164703 1.992800 1.382204 0.652270 0.253625 0.207804 0.129215 0.022258 0.016355 0.016154 0.040233 
0.061549 0.119816 0.185899 0.234703 0.243912 0.207860 0.141693 0.072746 0.025452 0.010769 0.028603 0.089661 0.259526 0.663417 1.313047 1.909521 2.144684 2.154970 2.103821 1.742339 1.032154 0.411536 0.186612 0.172606 0.079282 0.006675 0.015542 0.025158 
0.040007 0.087948 0.151880 0.212461 0.244257 0.231544 0.178541 0.107567 0.046392 0.014034 0.015622 0.053730 0.160993 0.432218 0.957515 1.617929 2.072266 2.177937 2.137075 1.961872 1.430834 0.710649 0.249612 0.153244 0.135859 0.040389 0.000924 0.020256 
0.030079 0.060453 0.117915 0.182590 0.231957 0.243464 0.210079 0.145300 0.075755 0.026611 0.010585 0.030110 0.098717 0.276110 0.663107 1.270832 1.870857 2.168685 2.175822 2.066266 1.740832 1.094385 0.447737 0.155845 0.134678 0.097884 0.013656 0.003241 
0.012003 0.044824 0.085798 0.149351 0.209187 0.242443 0.232383 0.181614 0.111124 0.048633 0.014458 0.015904 0.058279 0.173815 0.443408 0.939379 1.571807 2.057546 2.208590 2.135631 1.930534 1.457735 0.771086 0.257447 0.111421 0.118235 0.061700 -0.000778 
-0.003795 0.025909 0.064292 0.114752 0.179733 0.229137 0.242828 0.212087 0.148834 0.078878 0.028006 0.010729 0.031975 0.106902 0.289355 0.663096 1.238536 1.833012 2.174905 2.200111 2.049599 1.727597 1.141142 0.492640 0.138482 0.095723 0.097886 0.031204 
0.009744 0.002969 0.044015 0.088013 0.145428 0.206382 0.240447 0.233011 0.184524 0.114694 0.051057 0.015168 0.016536 0.062728 0.184687 0.452314 0.925604 1.533394 2.035532 2.227094 2.146820 1.910035 1.467426 0.824647 0.278768 0.078177 0.091189 0.073150 
0.047118 -0.000723 0.017515 0.065645 0.115043 0.175463 0.226776 0.241916 0.213899 0.152277 0.082101 0.029644 0.011195 0.034029 0.114237 0.300292 0.663251 1.212686 1.797670 2.170135 2.220936 2.047991 1.714458 1.171058 0.539595 0.135312 0.057983 0.086051 
0.074960 0.024311 0.000136 0.037843 0.090186 0.143875 0.202257 0.238868 0.233302 0.187289 0.118258 0.053658 0.016168 0.017452 0.066961 0.194034 0.459659 0.914659 1.500734 2.010467 2.235743 2.162432 1.901298 1.468992 0.866334 0.309056 0.055778 0.058842 
0.065269 0.057981 0.008915 0.011255 0.062185 0.116862 0.172480 0.223284 0.241357 0.215352 0.155651 0.085404 0.031524 0.011963 0.036178 0.120802 0.309527 0.663487 1.191313 1.765144 2.158662 2.236411 2.055343 1.706542 1.188957 0.582023 0.144417 0.025267 
0.025374 0.067537 0.038670 0.003659 0.030646 0.089055 0.144553 0.198484 0.236412 0.233864 0.189713 0.121846 0.056418 0.017454 0.018599 0.070939 0.202152 0.465853 0.905667 1.472477 1.984442 2.237008 2.178229 1.901909 1.468847 0.896659 0.342054 0.045035 
0.000535 0.038728 0.061982 0.021933 0.009403 0.055923 0.117168 0.171714 0.219448 0.240198 0.216989 0.158744 0.088827 0.033628 0.013013 0.038370 0.126686 0.317441 0.663746 1.173197 1.735315 2.143150 2.246536 2.067262 1.704971 1.200144 0.617158 0.161346 
0.044066 -0.005244 0.052222 0.049870 0.012228 0.025281 0.084705 0.145279 0.196433 0.233196 0.234088 0.192246 0.125244 0.059388 0.018998 0.019945 0.074658 0.209259 0.471150 0.898078 1.447673 1.958518 2.232899 2.192232 1.908993 1.470374 0.918421 0.373356 
0.181739 -0.015587 0.010142 0.058523 0.035460 0.012418 0.049197 0.114848 0.172033 0.216613 0.238126 0.218509 0.161890 0.092173 0.036009 0.014304 0.040580 0.131973 0.324293 0.663984 1.157542 1.707939 2.125266 2.251946 2.080934 1.709106 1.208564 0.645027 
0.400852 0.049831 -0.030604 0.031501 0.055922 0.023936 0.023329 0.078414 0.144499 0.195899 0.230253 0.233459 0.194825 0.128669 0.062397 0.020849 0.021444 0.078137 0.215517 0.475717 0.891530 1.425636 1.933237 2.224937 2.203652 1.920122 1.474925 0.934670 
0.666956 0.202492 -0.024210 -0.017369 0.048422 0.046980 0.019711 0.043910 0.110081 0.172034 0.215207 0.235749 0.219372 0.165187 0.095547 0.038533 0.015879 0.042779 0.136741 0.330265 0.664172 1.143796 1.682749 2.106074 2.253418 2.094667 1.717732 1.216679 
0.947902 0.424067 0.059420 -0.049982 0.008158 0.056105 0.036574 0.025377 0.071749 0.141585 0.195968 0.228307 0.232175 0.197005 0.132299 0.065462 0.022911 0.023135 0.081377 0.221058 0.479670 0.885770 1.405857 1.908865 2.214244 2.212304 1.933473 1.482720 
1.225819 0.684611 0.221845 -0.027186 -0.041855 0.033406 0.054775 0.029933 0.041367 0.103734 0.170708 0.214893 0.233800 0.219470 0.168344 0.099147 0.041151 0.017676 0.045004 0.141038 0.335498 0.664284 1.131565 1.659496 2.086258 2.251689 2.107500 1.729587 
1.493435 0.959895 0.443423 0.070612 -0.063816 -0.015466 0.050827 0.048130 0.031116 0.066184 0.136645 0.195649 0.227506 0.230790 0.198507 0.136004 0.068749 0.025098 0.024989 0.084432 0.225964 0.483100 0.880613 1.387949 1.885523 2.201640 2.218297 1.947759 
1.743570 1.236567 0.699526 0.239060 -0.026400 -0.062488 0.015438 0.058102 0.041413 0.042139 0.096990 0.167579 0.214971 0.232720 0.219094 0.171033 0.102971 0.043973 0.019601 0.047267 0.144937 0.340082 0.664309 1.120553 1.637956 2.066264 2.247401 2.118927 
1.962109 1.506524 0.971801 0.459721 0.081954 -0.073115 -0.037777 0.041178 0.057177 0.039599 0.062799 0.130318 0.194175 0.227551 0.229828 0.199368 0.139502 0.072339 0.027459 0.026929 0.087351 0.230325 0.486060 0.875929 1.371610 1.863247 2.187729 2.221865 
2.128724 1.758795 1.249055 0.712931 0.254048 -0.023418 -0.079247 -0.003752 0.057047 0.052585 0.046102 0.091019 0.162704 0.214673 0.232577 0.218690 0.173111 0.106833 0.047113 0.021650 0.049521 0.148519 0.344097 0.664228 1.110543 1.617934 2.046382 2.241090 
2.223291 1.975955 1.521401 0.984291 0.473834 0.092638 -0.079037 -0.057915 0.028484 0.062973 0.049596 0.062135 0.123515 0.191153 0.227883 0.229607 0.199862 0.142559 0.076153 0.030100 0.028919 0.090130 0.234236 0.488594 0.871612 1.356604 1.842026 2.172954 
