0.049987 0.032640 0.391150 1.130954 1.003898 1.010237 1.028461 1.069539 0.776331 0.165423 0.487964 0.717110 0.923186 1.042798 1.034533 0.901812 0.690989 0.465768 0.276601 0.144808 0.066637 0.027645 0.014492 0.018373 0.032505 0.049302 0.060667 0.060995 
0.056908 0.042106 0.164913 0.713390 1.175783 0.990393 1.017863 1.046143 0.964721 0.510589 0.210012 0.614211 0.823032 0.993800 1.054650 0.983730 0.806164 0.580178 0.366678 0.203533 0.099019 0.042244 0.017838 0.014303 0.024157 0.040571 0.055664 0.062210 
0.061040 0.050695 0.086308 0.385943 0.955347 1.164061 0.977520 1.031902 1.019145 0.784244 0.341106 0.324015 0.743044 0.913173 1.037965 1.035661 0.908277 0.699223 0.471868 0.278811 0.143947 0.064664 0.025995 0.013462 0.017557 0.031544 0.048282 0.060005 
0.061859 0.057290 0.062756 0.203123 0.636924 1.104790 1.120197 0.974596 1.033916 0.929462 0.588705 0.279305 0.479014 0.859221 0.981236 1.052700 0.987604 0.813959 0.587833 0.371052 0.204105 0.097358 0.040253 0.016461 0.013431 0.023314 0.039569 0.054771 
0.059329 0.061032 0.058769 0.116077 0.383344 0.866599 1.169051 1.067523 0.978641 1.002161 0.788621 0.430085 0.315521 0.646555 0.952502 1.023287 1.037222 0.914350 0.707456 0.478274 0.281349 0.143207 0.062600 0.024193 0.012351 0.016758 0.030645 0.047302 
0.053894 0.061471 0.060396 0.079977 0.223466 0.597973 1.040425 1.168785 1.021501 0.976351 0.925023 0.627478 0.342306 0.425338 0.802665 1.017290 1.037361 0.992887 0.821406 0.595651 0.375780 0.204930 0.095711 0.038122 0.014951 0.012524 0.022517 0.038627 
0.046366 0.058644 0.062015 0.067604 0.136233 0.381842 0.810706 1.143867 1.129598 0.986159 0.951459 0.807028 0.483345 0.337797 0.577215 0.930315 1.051645 1.023192 0.923022 0.715313 0.484980 0.284227 0.142617 0.060463 0.022234 0.011145 0.015967 0.029807 
0.037747 0.053040 0.061443 0.064532 0.094039 0.236915 0.573367 0.989249 1.180161 1.074025 0.955217 0.892960 0.667593 0.388304 0.409385 0.739554 1.019951 1.056141 0.982072 0.832610 0.602974 0.380906 0.206029 0.094108 0.035858 0.013297 0.011567 0.021760 
0.029029 0.045480 0.058103 0.063651 0.075983 0.151305 0.380944 0.771379 1.112826 1.164224 1.016205 0.917019 0.800665 0.534689 0.361299 0.535834 0.885974 1.068572 1.032889 0.916765 0.727814 0.490994 0.287569 0.142199 0.058274 0.020116 0.009828 0.015173 
0.021037 0.036930 0.052270 0.061761 0.068970 0.105771 0.246835 0.556062 0.948226 1.174781 1.115142 0.960508 0.860988 0.686380 0.436421 0.405075 0.688953 0.998216 1.078015 0.984882 0.831393 0.615388 0.385107 0.207627 0.092556 0.033474 0.011489 0.010546 
0.014363 0.028309 0.044669 0.057746 0.065651 0.083671 0.163270 0.380428 0.741777 1.082205 1.180736 1.049699 0.903859 0.783070 0.570819 0.393421 0.507611 0.840412 1.066799 1.053065 0.915682 0.731205 0.502032 0.289767 0.142290 0.056016 0.017844 0.008387 
0.009446 0.020339 0.036187 0.051618 0.062345 0.073396 0.115773 0.254654 0.543079 0.914606 1.161708 1.143913 0.978629 0.840333 0.688377 0.477763 0.414068 0.646685 0.966907 1.089947 0.999830 0.829330 0.622205 0.393786 0.207930 0.091503 0.030918 0.009526 
0.006822 0.013521 0.027644 0.043955 0.057570 0.067830 0.090669 0.173151 0.380174 0.718455 1.053710 1.185922 1.079708 0.906108 0.766063 0.590403 0.427551 0.493337 0.795846 1.053074 1.071533 0.924628 0.730346 0.510657 0.295538 0.141038 0.054230 0.015323 
0.007272 0.008272 0.019654 0.035526 0.051099 0.063119 0.077677 0.124455 0.261094 0.532907 0.886461 1.145197 1.162618 1.001331 0.831891 0.682685 0.507376 0.431864 0.615001 0.930120 1.092150 1.018751 0.833409 0.623677 0.402526 0.210710 0.089173 0.028789 
0.013172 0.004957 0.012665 0.027029 0.043350 0.057553 0.070081 0.097039 0.181542 0.380104 0.699466 1.027681 1.184072 1.104313 0.917630 0.754759 0.598293 0.457145 0.491102 0.756063 1.030271 1.084879 0.940073 0.731592 0.514529 0.302952 0.141157 0.051336 
0.025797 0.005321 0.006821 0.019015 0.034945 0.050716 0.064027 0.081756 0.132097 0.266565 0.524685 0.862467 1.127354 1.173711 1.024337 0.833218 0.675725 0.525804 0.452236 0.594707 0.892011 1.085025 1.037403 0.843792 0.624133 0.408055 0.215831 0.087250 
0.048132 0.010437 0.003324 0.011581 0.026513 0.042850 0.057679 0.072339 0.102850 0.188815 0.380169 0.683618 1.004022 1.177849 1.123491 0.933996 0.750268 0.599818 0.479476 0.496466 0.724005 1.001554 1.091294 0.958846 0.737218 0.515647 0.308961 0.143585 
0.087118 0.022065 0.003058 0.005531 0.018213 0.034506 0.050453 0.065030 0.085613 0.138901 0.271318 0.517882 0.841701 1.109258 1.179193 1.045635 0.841411 0.670883 0.535884 0.470805 0.583917 0.856528 1.069900 1.052843 0.859180 0.626426 0.410443 0.221109 
0.147196 0.045974 0.006806 0.001609 0.010596 0.025908 0.042523 0.057913 0.074571 0.108169 0.195218 0.380332 0.670134 0.982512 1.168928 1.137851 0.952356 0.751935 0.598943 0.494604 0.505087 0.700285 0.970619 1.090175 0.978087 0.747689 0.516338 0.312445 
0.224990 0.088582 0.018633 -0.000039 0.004330 0.017461 0.034053 0.050371 0.066084 0.089252 0.145012 0.275517 0.512147 0.823501 1.091465 1.180576 1.064406 0.854012 0.669510 0.540692 0.485493 0.579597 0.826060 1.049244 1.063087 0.877677 0.632132 0.410959 
0.313574 0.150591 0.045300 0.002888 -0.000735 0.009800 0.025324 0.042246 0.058303 0.076736 0.113058 0.200922 0.380566 0.658484 0.962907 1.158377 1.148151 0.970987 0.758524 0.598141 0.503890 0.513882 0.683783 0.940562 1.082333 0.995288 0.762421 0.518500 
0.411162 0.226840 0.090734 0.016234 -0.003772 0.002763 0.016939 0.033611 0.050383 0.067223 0.092661 0.150547 0.279271 0.507241 0.807382 1.074261 1.178976 1.080436 0.869168 0.671823 0.542749 0.495855 0.578844 0.801313 1.025824 1.067413 0.897083 0.641842 
0.523432 0.313206 0.152760 0.045783 -0.000581 -0.003822 0.008896 0.024963 0.041984 0.058794 0.078867 0.117548 0.206055 0.380850 0.648290 0.944979 1.146889 1.155113 0.988893 0.768755 0.598752 0.509029 0.521114 0.672643 0.913313 1.069483 1.008738 0.780076 
0.655252 0.412517 0.226761 0.092588 0.015025 -0.007592 0.000542 0.016511 0.033354 0.050416 0.068423 0.095882 0.155573 0.282666 0.502990 0.792979 1.057782 1.175212 1.093808 0.885564 0.677486 0.543855 0.502346 0.579448 0.781836 1.001961 1.066225 0.915396 
0.798989 0.531708 0.312517 0.153226 0.046730 -0.003152 -0.007369 0.007547 0.024823 0.041857 0.059301 0.080971 0.121698 0.210695 0.381174 0.639276 0.928528 1.134919 1.159364 1.005541 0.781504 0.601365 0.511586 0.526071 0.664981 0.889681 1.053576 1.017697 
0.931197 0.671420 0.416101 0.225384 0.093379 0.014712 -0.010969 -0.002303 0.015890 0.033370 0.050528 0.069607 0.098952 0.160163 0.285749 0.499272 0.780008 1.042081 1.169885 1.104736 0.902299 0.685947 0.545180 0.505795 0.579973 0.766608 0.979229 1.060608 
1.022251 0.817604 0.543203 0.312667 0.152042 0.047378 -0.004751 -0.010929 0.005603 0.024719 0.041990 0.059828 0.082997 0.125574 0.214909 0.381519 0.631239 0.913378 1.122767 1.161429 1.020679 0.795863 0.606116 0.512815 0.528689 0.659233 0.869670 1.036324 
1.051878 0.943749 0.689123 0.422452 0.223616 0.092715 0.014747 -0.013584 -0.005502 0.014838 0.033585 0.050838 0.070746 0.101859 0.164397 0.288554 0.495990 0.768256 1.027166 1.163439 1.113481 0.918779 0.696605 0.547410 0.507105 0.579627 0.754465 0.958470 
