0.052120 0.043198 0.044331 0.448589 1.271685 1.274697 1.456225 1.668913 1.867733 1.622371 0.891331 0.918368 0.735718 0.521764 0.326042 0.177556 0.082507 0.031694 0.009847 0.002647 0.000766 0.001106 0.005213 0.015568 0.031778 0.049142 0.060637 0.060991 
0.057708 0.047665 0.042508 0.196069 0.807782 1.375701 1.343146 1.558674 1.770057 1.800575 1.317561 0.810090 0.853254 0.632654 0.421624 0.245895 0.123352 0.051571 0.017150 0.004416 0.001041 0.000658 0.002688 0.009610 0.022941 0.040316 0.055623 0.062207 
0.061343 0.053380 0.044476 0.099449 0.444657 1.097216 1.434483 1.419900 1.664883 1.807924 1.623259 1.066883 0.762843 0.775924 0.525943 0.329347 0.177975 0.081116 0.029691 0.008072 0.001559 0.000476 0.001372 0.005538 0.015474 0.031123 0.048228 0.060006 
0.061979 0.058524 0.049045 0.063977 0.235773 0.732518 1.305261 1.471173 1.509946 1.749146 1.756555 1.391535 0.883321 0.729743 0.683817 0.420972 0.248008 0.122732 0.049724 0.015155 0.002927 0.000338 0.000677 0.003046 0.009785 0.022585 0.039493 0.054783 
0.059393 0.061583 0.054537 0.053460 0.130267 0.443527 1.009389 1.439071 1.506452 1.604493 1.781825 1.620598 1.155327 0.762202 0.693324 0.579509 0.323254 0.179409 0.079694 0.027635 0.006249 0.000428 0.000142 0.001607 0.005869 0.015427 0.030525 0.047341 
0.053962 0.061721 0.059215 0.053253 0.082128 0.257341 0.694883 1.241253 1.518049 1.551640 1.683247 1.743531 1.425968 0.949746 0.687232 0.642033 0.469187 0.237281 0.124035 0.047708 0.013108 0.001392 -0.000407 0.000656 0.003389 0.009986 0.022284 0.038718 
0.046489 0.058777 0.061751 0.056666 0.063336 0.151442 0.443320 0.954464 1.413348 1.565245 1.605191 1.722305 1.631981 1.207690 0.791776 0.637468 0.571566 0.360616 0.165825 0.081257 0.025192 0.004389 -0.000747 -0.000234 0.001813 0.006204 0.015422 0.029984 
0.037993 0.053160 0.061428 0.060216 0.058531 0.097209 0.271910 0.671484 1.190439 1.527670 1.599212 1.654102 1.703072 1.461581 0.998686 0.681921 0.593466 0.484222 0.261201 0.109763 0.049661 0.010383 -0.000137 -0.001196 0.000598 0.003716 0.010210 0.022035 
0.029498 0.045676 0.058156 0.062007 0.059433 0.072825 0.167557 0.443588 0.916039 1.381769 1.596652 1.628739 1.679327 1.618634 1.257809 0.822037 0.609155 0.541443 0.386933 0.176534 0.068295 0.027419 0.001528 -0.001849 -0.000656 0.001992 0.006541 0.015456 
0.021836 0.037320 0.052378 0.061160 0.061523 0.064133 0.110024 0.282910 0.655261 1.149744 1.520567 1.635545 1.651720 1.662891 1.475738 1.049291 0.687735 0.557153 0.475038 0.288720 0.109645 0.039437 0.012601 -0.002975 -0.001824 0.000486 0.004029 0.010453 
0.015524 0.029065 0.044902 0.057554 0.062394 0.062547 0.081668 0.180592 0.444152 0.887236 1.350613 1.610036 1.655983 1.657931 1.594105 1.292426 0.860402 0.593572 0.510037 0.394904 0.198277 0.060932 0.020597 0.003405 -0.004490 -0.000814 0.002103 0.006880 
0.010719 0.021683 0.036697 0.051626 0.060951 0.063056 0.069737 0.121155 0.291793 0.643254 1.116388 1.505819 1.659694 1.662457 1.634240 1.472997 1.092707 0.706338 0.528893 0.456420 0.306777 0.122194 0.028639 0.009108 -0.001705 -0.004098 0.000740 0.004259 
0.007122 0.015638 0.028683 0.044172 0.056989 0.062906 0.065825 0.089853 0.191571 0.444920 0.864612 1.321566 1.612201 1.679964 1.652221 1.570247 1.310233 0.900282 0.591499 0.479535 0.391245 0.218853 0.064038 0.009620 0.002612 -0.003954 -0.002583 0.002664 
0.004992 0.010872 0.021595 0.036122 0.050914 0.060810 0.064740 0.075200 0.131001 0.299292 0.633973 1.088431 1.487674 1.673942 1.678031 1.618013 1.462495 1.124000 0.733245 0.510915 0.432431 0.315562 0.139249 0.024279 0.000190 -0.000726 -0.004261 -0.000444 
0.002071 0.007877 0.015628 0.028383 0.043485 0.056474 0.063521 0.069154 0.097433 0.201085 0.445834 0.846230 1.294954 1.607429 1.698759 1.656035 1.552191 1.316120 0.935155 0.601027 0.453692 0.378794 0.234836 0.074096 0.000875 -0.003165 -0.002166 -0.003271 
-0.001406 0.004916 0.011509 0.021380 0.035641 0.050244 0.060740 0.066514 0.080463 0.139838 0.305823 0.626576 1.064551 1.468223 1.680737 1.694153 1.611753 1.450684 1.143749 0.762236 0.504010 0.407189 0.315448 0.156564 0.026546 -0.009793 -0.003295 -0.002456 
-0.001957 0.001096 0.008179 0.016035 0.027962 0.042899 0.056006 0.064217 0.072466 0.104472 0.209504 0.446853 0.830911 1.270675 1.598375 1.712333 1.664930 1.541052 1.315450 0.962315 0.617713 0.435424 0.360683 0.244399 0.087946 -0.003334 -0.011898 -0.002168 
-0.000873 -0.000786 0.004134 0.012010 0.021489 0.035054 0.049681 0.060723 0.068337 0.085500 0.147860 0.311639 0.620543 1.043830 1.448533 1.682071 1.708802 1.612551 1.440966 1.154824 0.788947 0.506279 0.384610 0.307734 0.171193 0.034160 -0.017955 -0.009320 
-0.005073 0.000216 0.001070 0.007702 0.016549 0.027761 0.042235 0.055650 0.064959 0.075725 0.111030 0.217072 0.447950 0.817889 1.248504 1.586698 1.721288 1.676049 1.536175 1.312215 0.981852 0.637212 0.425320 0.340573 0.246922 0.102738 -0.002513 -0.021231 
-0.017512 -0.001070 0.001197 0.003664 0.011849 0.021860 0.034590 0.049075 0.060818 0.070160 0.090310 0.155209 0.316907 0.615537 1.025612 1.429154 1.679443 1.721147 1.617941 1.434706 1.160334 0.811317 0.514672 0.367053 0.294860 0.181146 0.045246 -0.022688 
-0.029239 -0.010699 0.001836 0.002406 0.007042 0.016626 0.027885 0.041613 0.055289 0.065789 0.078884 0.117166 0.223958 0.449105 0.806644 1.228199 1.573455 1.726368 1.687658 1.536327 1.308912 0.995156 0.656448 0.422235 0.321528 0.243194 0.115970 0.002783 
-0.023373 -0.026289 -0.003681 0.003616 0.004215 0.011215 0.022046 0.034441 0.048458 0.060936 0.072012 0.094876 0.161998 0.321737 0.611326 1.009420 1.410365 1.673954 1.730966 1.626070 1.432130 1.162827 0.828921 0.526279 0.355193 0.279564 0.185693 0.057622 
0.011240 -0.034591 -0.018176 0.001881 0.004753 0.006915 0.016152 0.028048 0.041246 0.054889 0.066649 0.081971 0.122905 0.230290 0.450300 0.796809 1.209536 1.559329 1.728282 1.698756 1.540231 1.306899 1.003949 0.673692 0.424292 0.305447 0.234909 0.125932 
0.069300 -0.020283 -0.034164 -0.008602 0.005465 0.005923 0.010649 0.021768 0.034484 0.048012 0.061005 0.073865 0.099236 0.168291 0.326217 0.607742 0.994895 1.392299 1.666411 1.738329 1.635619 1.432916 1.164126 0.842234 0.538885 0.348550 0.264139 0.185225 
0.131889 0.021216 -0.036687 -0.026314 -0.000132 0.007395 0.007752 0.015409 0.027926 0.041147 0.054575 0.067451 0.084987 0.128303 0.236146 0.451530 0.788115 1.192316 1.544766 1.727644 1.708803 1.546766 1.306782 1.009818 0.688242 0.429591 0.293104 0.223995 
0.180817 0.078874 -0.014332 -0.040035 -0.015199 0.005964 0.008470 0.010668 0.021060 0.034449 0.047835 0.061082 0.075637 0.103422 0.174159 0.330395 0.604673 0.981764 1.375010 1.657402 1.743438 1.645684 1.436517 1.165422 0.852106 0.551050 0.346077 0.250127 
0.212142 0.133924 0.031179 -0.035621 -0.033934 -0.004158 0.009549 0.009608 0.014840 0.027380 0.041142 0.054476 0.068196 0.087875 0.133422 0.241589 0.452779 0.780366 1.176367 1.530063 1.724964 1.717535 1.555027 1.308711 1.014042 0.700046 0.436553 0.284474 
0.238340 0.173769 0.085617 -0.006715 -0.043338 -0.022557 0.004704 0.011284 0.011577 0.020197 0.034108 0.047863 0.061288 0.077291 0.107415 0.179678 0.334306 0.602023 0.969815 1.358503 1.647363 1.746541 1.655666 1.442345 1.167421 0.859460 0.561987 0.346587 
