0.016444 0.070711 0.146334 0.275883 0.834261 1.799245 1.872256 1.993785 1.996601 1.879098 1.306518 0.338915 0.277050 0.145076 0.066567 0.026707 0.009495 0.003833 0.003802 0.006437 0.009736 0.011982 0.012048 0.009872 0.006437 0.003142 0.000987 0.000106 
0.006123 0.038837 0.105853 0.204367 0.501468 1.265927 1.947247 1.926956 2.010032 1.952890 1.649693 0.872094 0.194765 0.219826 0.099138 0.041806 0.015270 0.005220 0.003113 0.004787 0.008004 0.010991 0.012287 0.011240 0.008312 0.004772 0.001922 0.000387 
0.002346 0.019108 0.068057 0.151173 0.328095 0.825278 1.616979 2.024803 1.955573 1.998988 1.832048 1.320194 0.520896 0.119497 0.177701 0.062552 0.024688 0.008184 0.003174 0.003477 0.006202 0.009526 0.011850 0.012057 0.010011 0.006619 0.003261 0.000990 
0.001215 0.008801 0.039559 0.105344 0.227908 0.536654 1.184314 1.868876 2.049820 1.963200 1.941813 1.619235 0.956475 0.270459 0.091149 0.141796 0.033960 0.013766 0.004242 0.002661 0.004537 0.007789 0.010813 0.012218 0.011316 0.008483 0.004935 0.001990 
0.001331 0.003963 0.021284 0.068073 0.159529 0.359008 0.818119 1.521982 2.022300 2.039955 1.944352 1.818173 1.330378 0.616374 0.117466 0.087728 0.107688 0.012908 0.007671 0.002459 0.003167 0.005991 0.009330 0.011718 0.012056 0.010141 0.006799 0.003387 
0.002190 0.002061 0.010787 0.040995 0.108218 0.245765 0.556110 1.139457 1.797584 2.091460 2.006311 1.885085 1.619477 1.001652 0.340033 0.043950 0.091495 0.074641 -0.000904 0.005062 0.002073 0.004315 0.007596 0.010643 0.012143 0.011380 0.008648 0.005102 
0.003566 0.001777 0.005317 0.023206 0.069979 0.168201 0.379338 0.813658 1.459173 1.990054 2.096264 1.950207 1.770328 1.354592 0.676317 0.146300 0.024770 0.091118 0.044205 -0.008110 0.004687 0.002540 0.005825 0.009149 0.011586 0.012044 0.010260 0.006977 
0.005287 0.002469 0.002881 0.012468 0.042982 0.112659 0.259655 0.568600 1.110016 1.738943 2.096243 2.054769 1.864496 1.591942 1.048272 0.392776 0.034474 0.034459 0.081819 0.018722 -0.009850 0.005481 0.003504 0.007482 0.010478 0.012063 0.011433 0.008806 
0.007158 0.003791 0.002271 0.006528 0.025109 0.072925 0.176492 0.393884 0.810249 1.413540 1.951546 2.125352 1.978232 1.738504 1.353997 0.734502 0.176476 -0.010320 0.052217 0.064078 0.000121 -0.007673 0.006656 0.004749 0.009103 0.011447 0.012024 0.010369 
0.008958 0.005494 0.002800 0.003678 0.014028 0.045363 0.117740 0.270960 0.577195 1.088529 1.690704 2.083974 2.091908 1.869944 1.564348 1.073623 0.447805 0.036674 -0.010218 0.064482 0.041576 -0.010797 -0.003273 0.007732 0.006143 0.010526 0.011956 0.011476 
0.010471 0.007344 0.004051 0.002792 0.007669 0.027072 0.076421 0.184244 0.404951 0.807225 1.378261 1.913452 2.136108 2.009664 1.727600 1.342126 0.777601 0.215404 -0.032302 0.011933 0.065230 0.019073 -0.014522 0.001794 0.008512 0.007588 0.011610 0.011955 
0.011442 0.009113 0.005718 0.003167 0.004464 0.015554 0.048003 0.123023 0.280487 0.583392 1.071648 1.650338 2.063847 2.116523 1.888084 1.547789 1.082245 0.496211 0.052240 -0.046677 0.037449 0.054583 0.000706 -0.012603 0.006353 0.009005 0.008981 0.012242 
0.012350 0.010468 0.007549 0.004337 0.003335 0.008785 0.029109 0.080192 0.191450 0.413759 0.804351 1.349688 1.877740 2.135289 2.037443 1.731919 1.330673 0.804289 0.256468 -0.040350 -0.027494 0.054390 0.036521 -0.011020 -0.007158 0.009717 0.009328 0.010201 
0.011116 0.011913 0.009138 0.005980 0.003560 0.005253 0.017088 0.050806 0.128299 0.288723 0.588020 1.057676 1.615875 2.040327 2.130791 1.910641 1.543261 1.083124 0.533058 0.076683 -0.072632 0.004819 0.057925 0.016460 -0.015514 -0.000347 0.011680 0.009607 
0.009913 0.011604 0.010972 0.007607 0.004677 0.003892 0.009903 0.031211 0.084080 0.198145 0.421012 0.801553 1.325708 1.844819 2.127308 2.059542 1.745355 1.324787 0.819332 0.293159 -0.036357 -0.062252 0.034415 0.049013 -0.000714 -0.013823 0.006059 0.012406 
0.012265 0.010236 0.011578 0.009631 0.006088 0.004017 0.006048 0.018645 0.053701 0.133463 0.295978 0.591574 1.045679 1.585894 2.015641 2.137207 1.933251 1.548368 1.082671 0.558835 0.103819 -0.087257 -0.029239 0.051973 0.032190 -0.011846 -0.008006 0.010924 
0.013793 0.011671 0.010485 0.011016 0.008059 0.004868 0.004520 0.011026 0.033365 0.087994 0.204377 0.427141 0.798812 1.305023 1.814576 2.114947 2.075919 1.763426 1.325621 0.828020 0.322725 -0.024711 -0.089385 0.008468 0.054706 0.013204 -0.015911 -0.000427 
0.006841 0.014775 0.010961 0.010536 0.009973 0.006493 0.004339 0.006916 0.020216 0.056643 0.138466 0.302461 0.594363 1.035100 1.559381 1.990909 2.137858 1.953856 1.560188 1.084295 0.576334 0.129274 -0.092393 -0.060774 0.038039 0.044922 -0.002902 -0.013744 
-0.007380 0.012389 0.014337 0.010325 0.010272 0.008598 0.005250 0.005036 0.012226 0.035539 0.091880 0.210192 0.432424 0.796127 1.286798 1.786740 2.099956 2.087226 1.783230 1.332519 0.834323 0.345192 -0.009733 -0.108245 -0.019767 0.052972 0.027849 -0.012945 
-0.015958 0.000729 0.015591 0.013076 0.009804 0.009637 0.007133 0.004751 0.007705 0.021867 0.059581 0.143290 0.308318 0.596592 1.025592 1.535610 1.966688 2.134334 1.971636 1.576214 1.089357 0.588624 0.150953 -0.091041 -0.087379 0.018570 0.052643 0.009411 
-0.005506 -0.012871 0.008388 0.016505 0.011534 0.009332 0.008678 0.005927 0.005561 0.013385 0.037780 0.095686 0.215639 0.437049 0.793501 1.270473 1.761016 2.083440 2.094278 1.803015 1.344215 0.840725 0.361906 0.005497 -0.119917 -0.047191 0.044591 0.040690 
0.022879 -0.014043 -0.005819 0.014089 0.015656 0.010087 0.008812 0.007564 0.005446 0.008449 0.023511 0.062544 0.147907 0.313662 0.598395 1.016922 1.514049 1.943243 2.127807 1.986409 1.594557 1.098056 0.598232 0.168400 -0.086085 -0.108321 -0.003682 0.054601 
0.049990 0.005068 -0.015574 0.002674 0.017165 0.013763 0.008913 0.008184 0.006614 0.006307 0.014473 0.040031 0.099434 0.220735 0.441156 0.790934 1.255660 1.737137 2.066104 2.097854 1.821790 1.359388 0.848559 0.374567 0.019239 -0.126234 -0.071861 0.031254 
0.051170 0.035486 -0.008288 -0.011311 0.010390 0.017701 0.011519 0.008033 0.007504 0.006303 0.009331 0.025078 0.065502 0.152347 0.318556 0.599875 1.008929 1.494305 1.920685 2.119131 1.998298 1.613881 1.110027 0.606959 0.182070 -0.079729 -0.124028 -0.026396 
0.014895 0.054984 0.017111 -0.014894 -0.003551 0.015844 0.016297 0.009439 0.007399 0.006988 0.007288 0.015615 0.042205 0.103122 0.225531 0.444826 0.788435 1.242077 1.714870 2.048400 2.098625 1.839038 1.376884 0.858395 0.384742 0.030784 -0.129066 -0.092954 
-0.047996 0.043409 0.045793 0.000375 -0.014641 0.005140 0.018438 0.013782 0.007817 0.006990 0.007049 0.010448 0.026627 0.068373 0.156640 0.323068 0.601092 1.001502 1.476079 1.899042 2.108925 2.007558 1.633282 1.124681 0.615964 0.192801 -0.073404 -0.135505 
-0.110452 -0.002781 0.055729 0.029059 -0.010933 -0.009100 0.012599 0.018354 0.010963 0.006761 0.006909 0.008331 0.016940 0.044304 0.106691 0.230084 0.448130 0.785998 1.229520 1.694012 2.030619 2.097148 1.854533 1.395772 0.870337 0.393688 0.040079 -0.129968 
-0.143905 -0.067636 0.032619 0.053041 0.010728 -0.015245 -0.000734 0.017470 0.016302 0.008463 0.006291 0.007460 0.011737 0.028278 0.071120 0.160762 0.327275 0.602087 0.994552 1.459145 1.878301 2.097643 2.014483 1.652171 1.141389 0.625914 0.201504 -0.067890 
