0.786283 0.970253 0.976097 0.800623 0.524744 0.264932 0.108347 0.452203 1.268556 1.275472 1.471315 1.750910 2.111573 2.115245 1.645829 1.839425 1.650936 1.260437 0.797448 0.399502 0.146523 0.035309 0.006717 0.003421 0.015857 0.083103 0.249053 0.508443 
0.645057 0.890002 0.995441 0.911024 0.675234 0.392829 0.173736 0.217720 0.801317 1.373193 1.349778 1.600644 1.921108 2.158033 1.939673 1.659750 1.792941 1.480938 1.038004 0.590344 0.254892 0.073195 0.010685 0.001907 0.007673 0.042628 0.153740 0.367068 
0.497979 0.771660 0.960160 0.976964 0.812051 0.539858 0.275369 0.162843 0.442067 1.088721 1.435897 1.440926 1.752176 2.050013 2.105763 1.807407 1.674707 1.692589 1.275837 0.814765 0.408592 0.144824 0.027042 -0.000420 0.002972 0.021502 0.088665 0.247627 
0.361379 0.631904 0.876557 0.990024 0.917222 0.689364 0.406651 0.200110 0.253486 0.719465 1.299743 1.481180 1.558273 1.902771 2.108149 2.000849 1.720350 1.664825 1.538542 1.050841 0.604816 0.258908 0.067685 0.002021 -0.002581 0.010345 0.049004 0.156671 
0.246895 0.488414 0.757464 0.949689 0.976907 0.822675 0.554865 0.293859 0.194309 0.434900 0.995317 1.440317 1.532769 1.697097 2.022850 2.093584 1.882249 1.664466 1.610528 1.339869 0.822619 0.419347 0.143960 0.019158 -0.007913 0.001691 0.026458 0.094212 
0.159937 0.356550 0.619498 0.863180 0.983924 0.922472 0.702967 0.423511 0.223902 0.272087 0.675130 1.232244 1.530612 1.605949 1.839795 2.090094 2.023175 1.774164 1.617016 1.502289 1.112068 0.606736 0.265668 0.062736 -0.006594 -0.007695 0.012179 0.054961 
0.099675 0.246789 0.479732 0.743747 0.938919 0.975972 0.832476 0.570733 0.313726 0.217020 0.429251 0.934428 1.413771 1.596159 1.703058 1.962888 2.096287 1.921431 1.684107 1.554350 1.341615 0.873791 0.415669 0.146935 0.011371 -0.015673 -0.000380 0.030707 
0.060456 0.163464 0.352532 0.607856 0.849938 0.977210 0.926793 0.716386 0.441637 0.245335 0.284519 0.645222 1.177329 1.542084 1.659045 1.813857 2.045392 2.047391 1.810577 1.605783 1.458355 1.139589 0.643517 0.257629 0.062507 -0.015716 -0.013319 0.013189 
0.034228 0.104992 0.247240 0.471912 0.730552 0.927926 0.974213 0.841588 0.587054 0.333681 0.235491 0.424680 0.889850 1.380626 1.631539 1.731719 1.920034 2.075083 1.958836 1.704178 1.524898 1.320389 0.913716 0.436800 0.136222 0.008783 -0.024595 -0.003079 
0.013601 0.065428 0.167181 0.349273 0.596986 0.836897 0.969955 0.930264 0.729560 0.460222 0.265188 0.294163 0.622767 1.132037 1.536065 1.700471 1.814860 2.001717 2.050871 1.848808 1.605115 1.425797 1.142323 0.684038 0.264469 0.050860 -0.019664 -0.020699 
-0.007966 0.037323 0.110063 0.248184 0.464927 0.717917 0.916783 0.971703 0.850039 0.603470 0.353417 0.251674 0.421012 0.854819 1.347206 1.648221 1.763917 1.899230 2.043507 1.981242 1.732165 1.507409 1.297080 0.935032 0.469414 0.131919 -0.002287 -0.028867 
-0.024352 0.011630 0.070262 0.170951 0.346728 0.586891 0.824115 0.962236 0.932944 0.742368 0.478879 0.284007 0.302458 0.604857 1.093690 1.521635 1.729234 1.829122 1.970248 2.038192 1.880055 1.616747 1.400441 1.135020 0.715169 0.284651 0.039405 -0.029031 
-0.035831 -0.010274 0.038115 0.115349 0.249454 0.458761 0.705871 0.905564 0.968517 0.857816 0.619737 0.372866 0.266567 0.418164 0.825969 1.315274 1.652978 1.792641 1.894530 2.013368 1.987384 1.761548 1.502719 1.273870 0.944399 0.501244 0.138869 -0.016914 
-0.043481 -0.028611 0.011067 0.073126 0.175293 0.344707 0.577591 0.811644 0.954133 0.934873 0.754699 0.497401 0.302145 0.310128 0.590040 1.060434 1.503076 1.747565 1.848308 1.951830 2.018478 1.899447 1.636257 1.384547 1.121712 0.737032 0.309959 0.035153 
-0.028685 -0.047734 -0.011873 0.039299 0.119196 0.251594 0.453215 0.694471 0.894334 0.964722 0.864901 0.635691 0.392018 0.280732 0.416093 0.801427 1.285224 1.650089 1.815904 1.899721 1.989763 1.982173 1.785872 1.508967 1.254520 0.944603 0.528794 0.153523 
0.038286 -0.058604 -0.036667 0.011799 0.075657 0.178833 0.343752 0.568889 0.799577 0.945712 0.936087 0.766469 0.515662 0.319826 0.317582 0.577514 1.031017 1.482523 1.757878 1.868063 1.943964 1.998172 1.907611 1.657495 1.378937 1.106495 0.749935 0.336091 
0.172684 -0.035274 -0.062489 -0.015750 0.041804 0.122330 0.253574 0.448793 0.683539 0.883214 0.960370 0.871277 0.651214 0.410873 0.294505 0.414776 0.780069 1.257020 1.642219 1.833617 1.910299 1.973780 1.970988 1.802498 1.521771 1.241951 0.938730 0.550174 
0.360045 0.047514 -0.071474 -0.048364 0.011675 0.079195 0.181612 0.343187 0.561225 0.787760 0.937106 0.936605 0.777617 0.533578 0.337192 0.325061 0.566794 1.004587 1.461089 1.762143 1.886297 1.943690 1.980668 1.907455 1.676164 1.381748 1.093266 0.755119 
0.564698 0.193462 -0.036173 -0.077681 -0.022961 0.044500 0.126042 0.255005 0.445148 0.673431 0.872082 0.955587 0.876922 0.666229 0.429429 0.308095 0.414194 0.761183 1.230499 1.631047 1.846333 1.923339 1.964731 1.957835 1.811569 1.536847 1.236765 0.930400 
0.754966 0.379771 0.060944 -0.080443 -0.062350 0.009177 0.083511 0.184596 0.342429 0.554522 0.776460 0.928228 0.936525 0.788079 0.551092 0.354328 0.332715 0.557578 0.980551 1.439369 1.761847 1.902121 1.948486 1.967319 1.902124 1.690265 1.389976 1.084368 
0.922642 0.573093 0.213312 -0.031930 -0.091332 -0.033265 0.045993 0.130709 0.256419 0.441693 0.664260 0.861115 0.950310 0.881895 0.680653 0.447683 0.321628 0.414337 0.744300 1.205479 1.617651 1.854760 1.937042 1.961344 1.945225 1.814527 1.551174 1.237837 
1.080471 0.752161 0.394482 0.076374 -0.084860 -0.076982 0.003715 0.087669 0.188440 0.341610 0.548315 0.765902 0.919170 0.935804 0.797877 0.568134 0.371291 0.340637 0.549662 0.958488 1.417691 1.758088 1.915254 1.956441 1.958337 1.894198 1.699433 1.400753 
1.243313 0.917320 0.576993 0.230481 -0.023853 -0.102060 -0.045736 0.045285 0.135952 0.258475 0.438271 0.655748 0.850576 0.944566 0.886161 0.694483 0.465600 0.335190 0.415190 0.729100 1.181792 1.602740 1.859575 1.950345 1.962300 1.934522 1.813144 1.563082 
1.411911 1.081094 0.748948 0.404510 0.091792 -0.084972 -0.090715 -0.004563 0.090663 0.193232 0.341214 0.542299 0.755993 0.910176 0.934413 0.806981 0.584692 0.388086 0.348889 0.542906 0.938098 1.396234 1.751672 1.925718 1.966174 1.953378 1.885533 1.704198 
1.571924 1.251319 0.915187 0.578266 0.244186 -0.013584 -0.109221 -0.059125 0.041916 0.141029 0.261546 0.435119 0.647570 0.840523 0.938538 0.889656 0.707693 0.483178 0.348811 0.416746 0.715355 1.159298 1.586790 1.861369 1.962645 1.966433 1.926336 1.809052 
1.705468 1.422056 1.085194 0.746825 0.410870 0.105762 -0.081669 -0.102390 -0.014973 0.091714 0.198612 0.341701 0.536484 0.746484 0.901398 0.932459 0.815310 0.600755 0.404726 0.357491 0.537216 0.919160 1.375101 1.743194 1.933670 1.976725 1.951870 1.877343 
1.803574 1.577704 1.260306 0.916198 0.578546 0.254460 -0.002663 -0.112869 -0.072199 0.035962 0.145136 0.265633 0.432631 0.639582 0.830827 0.932410 0.892410 0.720208 0.500425 0.362509 0.418983 0.702911 1.137881 1.570128 1.860634 1.973625 1.972786 1.920815 
1.870354 1.704218 1.430446 1.091591 0.746565 0.414808 0.117528 -0.076131 -0.111393 -0.026555 0.090422 0.203969 0.343319 0.531112 0.737168 0.892826 0.930108 0.822834 0.616264 0.421234 0.366448 0.532515 0.901515 1.354345 1.733099 1.939319 1.987434 1.953192 
