0.000643 0.003566 0.011228 0.030913 0.073678 0.154010 0.284561 0.840945 1.800964 1.867763 1.984352 1.985353 1.869312 1.300055 0.335779 0.276215 0.145799 0.069089 0.031783 0.017171 0.012511 0.010486 0.008157 0.005243 0.002550 0.000800 0.000086 -0.000026 
0.000211 0.001823 0.006805 0.019568 0.049410 0.109148 0.213008 0.509524 1.270500 1.946016 1.919834 1.999301 1.941963 1.641335 0.867294 0.192908 0.219863 0.100731 0.045511 0.021641 0.013597 0.011169 0.009360 0.006773 0.003869 0.001557 0.000313 -0.000045 
0.000006 0.000848 0.003893 0.012214 0.032354 0.075542 0.155563 0.337184 0.831955 1.618941 2.020637 1.946361 1.987733 1.822060 1.313492 0.517644 0.118718 0.178558 0.065132 0.029657 0.015640 0.011681 0.010187 0.008164 0.005360 0.002639 0.000801 0.000024 
-0.000080 0.000320 0.002095 0.007394 0.020806 0.051067 0.110948 0.233673 0.545425 1.188921 1.867950 2.042996 1.952591 1.930777 1.610638 0.951478 0.268566 0.091292 0.143503 0.037650 0.019966 0.012404 0.010626 0.009241 0.006859 0.003989 0.001609 0.000280 
-0.000021 0.000025 0.001035 0.004304 0.013086 0.033831 0.077305 0.164455 0.365921 0.825705 1.523994 2.018471 2.030975 1.933110 1.807998 1.323435 0.612991 0.116724 0.088712 0.110335 0.017787 0.014920 0.010792 0.009884 0.008175 0.005485 0.002738 0.000813 
0.000260 -0.000108 0.000409 0.002387 0.008006 0.021963 0.052727 0.115421 0.250899 0.563523 1.145036 1.796709 2.084970 1.995839 1.873960 1.610648 0.996448 0.338085 0.044186 0.093319 0.078332 0.005144 0.013013 0.009935 0.009130 0.006953 0.004119 0.001673 
0.000837 -0.000055 0.000040 0.001216 0.004741 0.013942 0.035244 0.080083 0.174062 0.385068 0.820669 1.462103 1.986266 2.087578 1.938993 1.759983 1.347409 0.672787 0.145578 0.025874 0.093841 0.049013 -0.001054 0.012843 0.009249 0.008213 0.005618 0.002848 
0.001747 0.000251 -0.000131 0.000493 0.002685 0.008632 0.023080 0.054721 0.120930 0.264936 0.574794 1.115657 1.738843 2.089778 2.044523 1.853291 1.582892 1.042854 0.390756 0.034787 0.036398 0.085526 0.024635 -0.002101 0.013232 0.008411 0.007110 0.004255 
0.002957 0.000873 -0.000079 0.000055 0.001393 0.005189 0.014794 0.036752 0.083505 0.183208 0.399134 0.816349 1.416959 1.948342 2.116674 1.967154 1.727987 1.346578 0.730813 0.175755 -0.009105 0.055023 0.068833 0.006997 0.000307 0.013341 0.007321 0.005877 
0.004602 0.001811 0.000255 -0.000148 0.000573 0.002984 0.009266 0.024229 0.057029 0.126737 0.276643 0.582580 1.093730 1.691304 2.077889 2.081646 1.858776 1.555063 1.067990 0.445696 0.037051 -0.008164 0.068217 0.047371 -0.003241 0.004358 0.012712 0.006027 
0.004657 0.003377 0.000879 -0.000090 0.000072 0.001567 0.005641 0.015662 0.038399 0.087270 0.191666 0.410108 0.812504 1.381714 1.910970 2.127621 1.998539 1.717025 1.334446 0.773745 0.214667 -0.030985 0.014827 0.069948 0.025786 -0.006718 0.008441 0.011250 
0.009128 0.003353 0.002280 0.000203 -0.000150 0.000653 0.003282 0.009908 0.025441 0.059568 0.132527 0.286631 0.588312 1.076257 1.651336 2.058371 2.106297 1.876836 1.538369 1.076361 0.494003 0.052663 -0.044512 0.041224 0.060277 0.008077 -0.005096 0.011389 
0.012602 0.006680 0.002229 0.001367 -0.000189 0.000107 0.001739 0.006095 0.016561 0.040180 0.091193 0.199436 0.419024 0.809001 1.352905 1.875860 2.127223 2.026240 1.721228 1.322807 0.800226 0.255706 -0.038946 -0.024508 0.059086 0.043083 -0.003388 -0.000561 
0.004729 0.012026 0.004270 0.001349 0.000676 -0.000273 0.000756 0.003577 0.010564 0.026726 0.062262 0.138161 0.295312 0.592714 1.061712 1.617001 2.035490 2.120774 1.899238 1.533694 1.077037 0.530708 0.077146 -0.070363 0.008644 0.063534 0.023656 -0.008137 
-0.007286 0.009074 0.010030 0.002205 0.000732 0.000236 -0.000005 0.001942 0.006550 0.017498 0.042073 0.095166 0.206580 0.426482 0.805764 1.328570 1.843345 2.119783 2.048359 1.734467 1.316755 0.815081 0.292331 -0.034865 -0.059174 0.039104 0.055441 0.006749 
-0.004601 -0.002906 0.011477 0.007215 0.000675 0.000362 0.000084 0.000695 0.003914 0.011231 0.028082 0.065055 0.143583 0.302970 0.596200 1.049226 1.586962 2.011356 2.127553 1.921721 1.538588 1.076413 0.556341 0.104289 -0.084880 -0.025359 0.057515 0.039224 
0.020503 -0.009443 0.002700 0.011677 0.004230 -0.000260 0.000218 0.000278 0.001978 0.007060 0.018465 0.044053 0.099124 0.213169 0.432854 0.802739 1.307505 1.813327 2.107980 2.064891 1.752317 1.317381 0.823614 0.321812 -0.023156 -0.086206 0.013159 0.061015 
0.051805 0.004209 -0.008633 0.007584 0.010006 0.001615 -0.000642 0.000300 0.000923 0.004096 0.011972 0.029486 0.067903 0.148775 0.309807 0.599022 1.038262 1.560284 1.987049 2.128653 1.942290 1.550144 1.077851 0.573718 0.129724 -0.089921 -0.056825 0.043526 
0.059174 0.034992 -0.006556 -0.004157 0.010520 0.007163 -0.000280 -0.000571 0.000652 0.002191 0.007447 0.019525 0.046082 0.103032 0.219271 0.438391 0.799889 1.288925 1.785574 2.093496 2.076467 1.771940 1.324016 0.829765 0.344203 -0.008142 -0.104965 -0.015057 
0.024019 0.059385 0.016388 -0.010850 0.001647 0.011095 0.003952 -0.001320 -0.000149 0.001382 0.004354 0.012633 0.030993 0.070758 0.153741 0.315971 0.601343 1.028465 1.536298 1.963126 2.125601 1.960141 1.565903 1.082682 0.585898 0.151379 -0.088494 -0.083353 
-0.042446 0.050702 0.047682 0.000800 -0.009568 0.006752 0.009598 0.001082 -0.001539 0.000572 0.002688 0.007830 0.020553 0.048200 0.106847 0.224950 0.443264 0.797185 1.272292 1.759838 2.077407 2.083863 1.791619 1.335415 0.835985 0.360855 0.007112 -0.116550 
-0.104219 0.001748 0.061213 0.029723 -0.008949 -0.004744 0.009859 0.006760 -0.000965 -0.001076 0.001629 0.004881 0.013244 0.032511 0.073649 0.158466 0.321580 0.603274 1.019590 1.514510 1.939869 2.119524 1.975078 1.584012 1.091103 0.595383 0.168810 -0.083479 
-0.122793 -0.067074 0.037293 0.056838 0.011285 -0.012206 0.001258 0.010522 0.003476 -0.001972 -0.000075 0.003186 0.008423 0.021515 0.050346 0.110598 0.230236 0.447605 0.794604 1.257225 1.735885 2.060410 2.087814 1.810373 1.350288 0.843594 0.373453 0.020880 
-0.077069 -0.119857 -0.020971 0.057668 0.042199 -0.003218 -0.010094 0.006415 0.009038 0.000552 -0.001942 0.001385 0.005558 0.013987 0.033963 0.076544 0.162994 0.326704 0.604900 1.011462 1.494550 1.917414 2.111252 1.987199 1.603161 1.102767 0.603955 0.182470 
0.032458 -0.125557 -0.088123 0.020879 0.061697 0.023234 -0.011474 -0.004762 0.009462 0.006183 -0.001444 -0.001006 0.003366 0.009241 0.022532 0.052428 0.114285 0.235191 0.451492 0.792135 1.243440 1.713510 2.042962 2.088962 1.827678 1.367508 0.853163 0.383546 
0.193186 -0.070684 -0.131271 -0.042568 0.049811 0.052375 0.005411 -0.013295 0.001411 0.010011 0.002913 -0.002233 0.000688 0.006115 0.014959 0.035404 0.079361 0.167357 0.331417 0.606271 1.003955 1.476129 1.895813 2.101393 1.996730 1.622454 1.117108 0.612764 
0.392379 0.041787 -0.126388 -0.105581 0.003162 0.062320 0.035084 -0.007475 -0.010119 0.006474 0.008424 0.000096 -0.001781 0.003089 0.010110 0.023731 0.054444 0.117855 0.239879 0.454995 0.789759 1.230731 1.692533 2.025366 2.087842 1.843294 1.386165 0.864811 
0.622480 0.201853 -0.065102 -0.139607 -0.062201 0.038939 0.059502 0.015720 -0.013786 -0.004227 0.009279 0.005545 -0.001649 -0.000190 0.006330 0.016096 0.036951 0.082062 0.171540 0.335801 0.607421 0.996969 1.459028 1.875070 2.090399 2.003946 1.641302 1.133516 
