0.007075 0.002228 0.000293 0.000169 0.000975 0.003780 0.012703 0.410340 1.207717 1.167988 1.301809 1.483294 1.690180 1.502032 0.863877 0.986774 0.869465 0.675009 0.460790 0.276483 0.147273 0.073516 0.040822 0.031149 0.029759 0.027835 0.022373 0.014512 
0.010740 0.004327 0.000897 0.000005 0.000456 0.002128 0.007476 0.162932 0.759061 1.292491 1.213205 1.386593 1.583562 1.645486 1.239205 0.830194 0.958145 0.781880 0.570370 0.364898 0.204991 0.103463 0.052036 0.033108 0.029419 0.028863 0.025546 0.018742 
0.014891 0.007335 0.002239 0.000133 0.000062 0.001139 0.004342 0.066441 0.405912 1.033613 1.329437 1.268315 1.482130 1.631404 1.500871 1.035041 0.827049 0.908040 0.680531 0.466879 0.279249 0.146930 0.071487 0.038510 0.029359 0.028749 0.027550 0.022580 
0.019076 0.011097 0.004480 0.000812 -0.000157 0.000458 0.002475 0.028030 0.201505 0.683734 1.223010 1.343494 1.340855 1.564835 1.601114 1.309868 0.898816 0.831422 0.832848 0.571973 0.369811 0.206175 0.102099 0.049690 0.030956 0.027986 0.028223 0.025536 
0.022778 0.015276 0.007618 0.002277 -0.000009 -0.000047 0.001291 0.012310 0.096277 0.404025 0.946241 1.335601 1.357565 1.424518 1.606437 1.496431 1.119318 0.822161 0.823532 0.735198 0.463553 0.283178 0.146692 0.069436 0.036114 0.027501 0.027704 0.027245 
0.025513 0.019406 0.011466 0.004658 0.000752 -0.000309 0.000450 0.005590 0.045175 0.222179 0.645825 1.160028 1.392507 1.385418 1.501106 1.587925 1.341263 0.960745 0.785531 0.790578 0.622289 0.361956 0.209449 0.100661 0.047283 0.028719 0.026500 0.027557 
0.026923 0.022967 0.015665 0.007921 0.002342 -0.000134 -0.000157 0.002472 0.021077 0.116500 0.403171 0.891607 1.311483 1.418909 1.427915 1.548124 1.506279 1.167736 0.847475 0.765522 0.728101 0.503628 0.272224 0.149590 0.067046 0.033649 0.025566 0.026619 
0.026865 0.025477 0.019735 0.011848 0.004861 0.000716 -0.000452 0.000826 0.009778 0.059186 0.235929 0.622169 1.110115 1.404252 1.435714 1.474119 1.547458 1.374095 1.005320 0.776710 0.741245 0.639246 0.388793 0.197311 0.103306 0.044204 0.026444 0.024951 
0.025482 0.026584 0.023150 0.016059 0.008242 0.002433 -0.000240 -0.000119 0.004343 0.029425 0.131641 0.402862 0.853428 1.281410 1.452818 1.454049 1.506422 1.491614 1.214134 0.873495 0.734834 0.698562 0.532576 0.285680 0.138124 0.069392 0.030156 0.023664 
0.023534 0.026122 0.025434 0.020062 0.012242 0.005087 0.000705 -0.000529 0.001569 0.014306 0.070891 0.246126 0.605727 1.070242 1.399185 1.474705 1.473843 1.507416 1.385708 1.051709 0.778917 0.703900 0.631783 0.419242 0.199485 0.093905 0.046087 0.022817 
0.020177 0.024594 0.026188 0.023333 0.016458 0.008581 0.002549 -0.000306 0.000104 0.006608 0.037118 0.143678 0.402881 0.824870 1.251660 1.468623 1.483822 1.486325 1.465972 1.245245 0.907662 0.716686 0.667479 0.543066 0.310265 0.132423 0.062776 0.031384 
0.023257 0.020433 0.025744 0.025317 0.020398 0.012645 0.005334 0.000725 -0.000509 0.002594 0.018862 0.080892 0.254199 0.593527 1.037665 1.386370 1.501443 1.486660 1.479005 1.380655 1.091061 0.793848 0.674362 0.614673 0.440214 0.214474 0.084075 0.042298 
0.029936 0.019818 0.022071 0.026248 0.023419 0.016876 0.008934 0.002692 -0.000314 0.000500 0.009082 0.044157 0.153635 0.403110 0.802495 1.223947 1.473111 1.510284 1.481942 1.441167 1.259764 0.943407 0.711889 0.637043 0.541790 0.333754 0.137357 0.052109 
0.033138 0.023370 0.019398 0.023919 0.025709 0.020612 0.013080 0.005601 0.000784 -0.000384 0.003820 0.023308 0.089595 0.260873 0.584064 1.010462 1.370065 1.518196 1.504302 1.463109 1.368044 1.118454 0.817043 0.654882 0.591967 0.451870 0.234101 0.080839 
0.043794 0.023512 0.020659 0.020597 0.025155 0.024021 0.017150 0.009334 0.002860 -0.000256 0.001046 0.011654 0.050602 0.162111 0.403479 0.784362 1.198613 1.470564 1.531502 1.487118 1.422310 1.262565 0.974226 0.718556 0.611019 0.531566 0.352694 0.149407 
0.084391 0.022986 0.019907 0.020279 0.022299 0.025300 0.021303 0.013360 0.005929 0.000882 -0.000157 0.005187 0.027585 0.097286 0.266563 0.576482 0.987317 1.352376 1.527410 1.522475 1.457267 1.354305 1.134470 0.842308 0.646271 0.567782 0.454558 0.254102 
0.165404 0.040150 0.014156 0.019662 0.021083 0.023676 0.024176 0.017825 0.009580 0.003107 -0.000139 0.001717 0.014254 0.056523 0.169477 0.403942 0.769285 1.175568 1.463646 1.547439 1.497405 1.410505 1.258996 0.997430 0.732274 0.592333 0.515512 0.365234 
0.271513 0.093455 0.014746 0.012972 0.020883 0.022233 0.024188 0.021857 0.013939 0.006123 0.001081 0.000152 0.006650 0.031672 0.104164 0.271521 0.570253 0.967309 1.334383 1.531078 1.539150 1.458564 1.342827 1.141970 0.865300 0.646651 0.546032 0.449555 
0.370729 0.182486 0.041682 0.004242 0.015717 0.022378 0.023135 0.023558 0.018596 0.010018 0.003255 0.000102 0.002472 0.016846 0.061984 0.175985 0.404465 0.756491 1.154594 1.454028 1.558692 1.509939 1.405089 1.253038 1.013112 0.748723 0.581588 0.497276 
0.439282 0.284320 0.106154 0.010041 0.003865 0.019649 0.023495 0.023388 0.021750 0.014759 0.006410 0.001227 0.000597 0.008159 0.035570 0.110377 0.275915 0.565035 0.949783 1.316644 1.530706 1.553493 1.464526 1.334964 1.144060 0.883975 0.652999 0.529079 
0.479915 0.369946 0.198137 0.047841 -0.004289 0.009012 0.023064 0.023936 0.022761 0.018924 0.010754 0.003423 0.000343 0.003354 0.019383 0.067049 0.181804 0.405027 0.745455 1.135449 1.442775 1.566009 1.522979 1.404820 1.247179 1.022665 0.764849 0.577657 
0.517605 0.426459 0.291772 0.120300 0.009505 -0.005817 0.015944 0.025148 0.023604 0.021175 0.015381 0.006984 0.001351 0.001087 0.009741 0.039261 0.116040 0.279857 0.560590 0.934256 1.299446 1.527404 1.565277 1.473290 1.330935 1.143282 0.897920 0.662425 
0.578680 0.465323 0.364558 0.210634 0.057318 -0.010090 0.000428 0.022116 0.025719 0.022500 0.018698 0.011507 0.003822 0.000548 0.004299 0.021893 0.071743 0.187069 0.405609 0.735807 1.117911 1.430579 1.570101 1.535516 1.408408 1.242770 1.027814 0.778939 
0.672732 0.511139 0.413366 0.294241 0.133900 0.012875 -0.014572 0.009876 0.026178 0.024962 0.020672 0.015527 0.007727 0.001634 0.001546 0.011366 0.042786 0.121222 0.283437 0.556751 0.920370 1.282924 1.521983 1.574572 1.483528 1.330406 1.141457 0.907616 
0.790305 0.582774 0.454275 0.356473 0.219222 0.068473 -0.012545 -0.008835 0.019045 0.027760 0.023202 0.018206 0.011958 0.004467 0.000839 0.005217 0.024376 0.076127 0.191857 0.406207 0.727272 1.101780 1.417890 1.571586 1.547004 1.414726 1.240410 1.030148 
0.913924 0.682501 0.508646 0.401537 0.292779 0.145535 0.019247 -0.021281 0.002084 0.025798 0.027140 0.020759 0.015239 0.008368 0.002170 0.002027 0.012949 0.046177 0.125995 0.286705 0.553400 0.907846 1.267135 1.515040 1.581580 1.494327 1.332823 1.139772 
1.030948 0.798909 0.588377 0.446748 0.347364 0.223968 0.079772 -0.011737 -0.017586 0.013897 0.029266 0.024915 0.017891 0.011972 0.005185 0.001342 0.006105 0.026775 0.080262 0.196238 0.406804 0.719654 1.086885 1.405011 1.570980 1.557177 1.422856 1.240241 
1.138929 0.917772 0.690955 0.508950 0.391775 0.288667 0.154470 0.027432 -0.025369 -0.006511 0.023596 0.029555 0.021737 0.014794 0.008687 0.002895 0.002648 0.014452 0.049416 0.130439 0.289697 0.550444 0.896472 1.252086 1.507015 1.586551 1.505082 1.337585 
