0.001798 0.001147 0.003307 0.010411 0.028731 0.070286 0.151229 0.285235 0.847233 1.812768 1.882464 1.998127 1.995194 1.874420 1.301712 0.335948 0.276010 0.144982 0.066908 0.028392 0.014391 0.013185 0.016774 0.019960 0.019945 0.016324 0.010641 0.005195 
0.003240 0.001129 0.001875 0.006241 0.018169 0.046605 0.105834 0.211599 0.512735 1.279558 1.959596 1.934550 2.011485 1.949538 1.644558 0.867962 0.192751 0.219382 0.099326 0.042705 0.018327 0.012188 0.014380 0.018418 0.020352 0.018585 0.013740 0.007888 
0.005414 0.001868 0.001145 0.003606 0.011260 0.030324 0.072370 0.152900 0.337746 0.837936 1.630425 2.035208 1.960270 1.997872 1.827427 1.315212 0.517684 0.118337 0.177690 0.063086 0.026486 0.012978 0.012243 0.016168 0.019648 0.019931 0.016547 0.010940 
0.008167 0.003393 0.001153 0.001978 0.006784 0.019366 0.048474 0.107824 0.232283 0.548423 1.197643 1.881280 2.057704 1.965003 1.938655 1.614041 0.952112 0.268237 0.090676 0.142133 0.035035 0.016845 0.011014 0.013623 0.017964 0.020189 0.018698 0.014021 
0.011241 0.005645 0.001956 0.001183 0.003883 0.012102 0.031854 0.074369 0.161915 0.366393 0.831398 1.535159 2.032894 2.044994 1.943535 1.813631 1.325241 0.612918 0.116167 0.087777 0.108403 0.014827 0.012384 0.011263 0.015577 0.019341 0.019908 0.016758 
0.014295 0.008453 0.003562 0.001205 0.002098 0.007303 0.020537 0.050266 0.112513 0.249538 0.566329 1.153434 1.809780 2.099648 2.008460 1.882139 1.614247 0.997071 0.337596 0.043427 0.091963 0.075890 0.002214 0.011659 0.012741 0.017528 0.020024 0.018798 
0.016956 0.011542 0.005889 0.002067 0.001246 0.004162 0.012916 0.033339 0.077325 0.171678 0.385463 0.826093 1.472952 2.000524 2.101686 1.949691 1.765889 1.349319 0.672621 0.144848 0.024857 0.092003 0.046252 -0.003454 0.013245 0.014671 0.019062 0.019876 
0.018883 0.014561 0.008745 0.003749 0.001281 0.002236 0.007809 0.021669 0.052387 0.118206 0.263642 0.577422 1.123744 1.751649 2.104406 2.057333 1.861766 1.586700 1.043486 0.390119 0.033880 0.035038 0.083240 0.021894 -0.003405 0.015867 0.016496 0.019916 
0.019956 0.017133 0.011839 0.006145 0.002199 0.001331 0.004446 0.013703 0.034921 0.080909 0.180971 0.399489 0.821515 1.427498 1.962421 2.130848 1.978111 1.734170 1.348612 0.730572 0.174858 -0.010216 0.053258 0.066260 0.004739 0.000660 0.018512 0.017857 
0.018563 0.019160 0.014795 0.009042 0.003953 0.001380 0.002390 0.008307 0.022817 0.054818 0.124181 0.275423 0.585063 1.101512 1.703842 2.092447 2.094625 1.867541 1.559093 1.068652 0.444924 0.035991 -0.009547 0.066068 0.044815 -0.004481 0.006844 0.020498 
0.021479 0.018545 0.017598 0.012092 0.006415 0.002352 0.001437 0.004735 0.014487 0.036631 0.084829 0.189567 0.410444 0.817437 1.391942 1.924860 2.141839 2.009741 1.723488 1.336622 0.773449 0.213608 -0.032202 0.013116 0.067550 0.023672 -0.006396 0.013380 
0.018889 0.021391 0.017823 0.015415 0.009275 0.004182 0.001501 0.002560 0.008805 0.024010 0.057474 0.130131 0.285488 0.590676 1.083750 1.663599 2.072842 2.119425 1.885884 1.542631 1.077074 0.493112 0.051449 -0.045934 0.039194 0.057900 0.006912 -0.002738 
0.004166 0.022531 0.020366 0.016474 0.012811 0.006597 0.002540 0.001563 0.005034 0.015287 0.038460 0.088903 0.197472 0.419353 0.813727 1.362828 1.889546 2.141466 2.037670 1.727971 1.325140 0.799893 0.254493 -0.040277 -0.026184 0.056849 0.041118 -0.003081 
-0.005888 0.011958 0.024015 0.018635 0.014614 0.010023 0.004299 0.001666 0.002743 0.009313 0.025259 0.060273 0.135922 0.294248 0.594978 1.068937 1.628985 2.049856 2.134032 1.908558 1.538198 1.077819 0.529712 0.075779 -0.071839 0.006715 0.061329 0.022577 
0.007059 -0.002754 0.018710 0.023504 0.016455 0.012390 0.007303 0.002596 0.001741 0.005341 0.016114 0.040382 0.093018 0.204750 0.426813 0.810304 1.338200 1.856818 2.134031 2.060002 1.741489 1.319260 0.814732 0.290974 -0.036319 -0.060833 0.037015 0.053624 
0.038238 -0.002442 0.004069 0.023191 0.021460 0.014049 0.009974 0.004902 0.001687 0.002984 0.009831 0.026561 0.063154 0.141497 0.301990 0.598380 1.056201 1.598668 2.025600 2.140922 1.931306 1.543339 1.077284 0.555257 0.102770 -0.086424 -0.027205 0.055474 
0.059345 0.020829 -0.005085 0.012053 0.024932 0.018465 0.011595 0.007563 0.003062 0.001772 0.005714 0.016960 0.042375 0.097107 0.211475 0.433198 0.807112 1.316854 1.826576 2.122212 2.076731 1.759616 1.320072 0.823267 0.320321 -0.024739 -0.087866 0.011202 
0.041639 0.050920 0.006296 -0.001898 0.019025 0.024117 0.015080 0.009224 0.005371 0.002016 0.003089 0.010424 0.027897 0.066076 0.146836 0.308917 0.601131 1.045004 1.571718 2.001155 2.142111 1.952128 1.555148 1.078827 0.572561 0.128055 -0.091544 -0.058606 
-0.016897 0.057650 0.035346 -0.002354 0.004924 0.023550 0.021364 0.011754 0.007047 0.003631 0.001999 0.005973 0.017893 0.044398 0.101134 0.217712 0.438757 0.804110 1.298006 1.798596 2.107693 2.088487 1.779512 1.326905 0.829437 0.342588 -0.009858 -0.106642 
-0.085085 0.022276 0.058604 0.018420 -0.004337 0.012819 0.025059 0.017487 0.008788 0.005178 0.002592 0.003285 0.010940 0.029322 0.068987 0.151942 0.315176 0.603395 1.034990 1.547464 1.977081 2.139128 1.970221 1.571163 1.083779 0.584685 0.149565 -0.090207 
-0.118258 -0.044185 0.049320 0.048076 0.004863 -0.000749 0.019553 0.023749 0.013279 0.006347 0.003757 0.002529 0.006242 0.018790 0.046494 0.105053 0.223524 0.443663 0.801271 1.281117 1.772630 2.091551 2.096044 1.799461 1.338512 0.835696 0.359128 0.005260 
-0.085293 -0.105920 0.000139 0.060541 0.031716 -0.002643 0.006163 0.023664 0.020347 0.009370 0.004509 0.002973 0.003768 0.011412 0.030748 0.071917 0.156800 0.320885 0.605283 1.025914 1.525415 1.953664 2.133101 1.985386 1.589532 1.092337 0.594131 0.166857 
0.018891 -0.124547 -0.068727 0.036047 0.057282 0.015228 -0.003635 0.013827 0.024608 0.015816 0.006175 0.003325 0.003079 0.006734 0.019619 0.048603 0.108894 0.228942 0.448045 0.798569 1.265806 1.748446 2.074484 2.100137 1.818477 1.353602 0.843361 0.371628 
0.180385 -0.078990 -0.121544 -0.022459 0.057107 0.044166 0.002898 0.000555 0.020053 0.022659 0.011102 0.003901 0.002876 0.004419 0.012023 0.032098 0.074835 0.161448 0.326112 0.606879 1.017599 1.505201 1.931040 2.124859 1.997721 1.608941 1.104152 0.602680 
0.381636 0.030332 -0.127370 -0.089706 0.019764 0.062200 0.027073 -0.003139 0.007574 0.023467 0.018651 0.006957 0.002617 0.003327 0.007463 0.020501 0.050634 0.112657 0.234024 0.451982 0.795995 1.251789 1.725841 2.056952 2.101409 1.836037 1.371048 0.853002 
0.611484 0.190976 -0.072719 -0.132959 -0.043947 0.049361 0.054332 0.011352 -0.002899 0.014873 0.023648 0.013664 0.003868 0.002341 0.004967 0.012869 0.033431 0.077660 0.165923 0.330929 0.608232 1.009920 1.486533 1.909264 2.115013 2.007452 1.628494 1.118657 
0.864737 0.390397 0.039527 -0.128271 -0.107109 0.002170 0.062889 0.038836 0.000636 0.001984 0.020385 0.021001 0.008742 0.002071 0.003134 0.008258 0.021568 0.052587 0.116287 0.238833 0.455543 0.793528 1.238860 1.704634 2.039261 2.100396 1.851898 1.389935 
1.135241 0.621210 0.199528 -0.067256 -0.141310 -0.063484 0.038599 0.061459 0.021504 -0.003633 0.009053 0.022916 0.016481 0.004708 0.001636 0.005189 0.013890 0.034864 0.080352 0.170204 0.335418 0.609376 1.002776 1.469192 1.888341 2.104015 2.014851 1.647599 
