0.114758 0.117988 0.126525 0.174428 0.283739 0.457143 0.667680 0.862617 0.983488 1.368770 2.021895 1.731574 1.548137 1.383863 1.253398 0.780450 -0.040369 0.037590 0.011689 0.001685 -0.000128 0.000097 0.001685 0.009216 0.027669 0.056493 0.087364 0.107800 
0.112964 0.116839 0.121593 0.145556 0.221408 0.362430 0.557770 0.767098 0.932311 1.143078 1.661852 1.994665 1.626495 1.463604 1.314404 1.059734 0.413525 -0.113737 0.037622 0.004700 -0.000246 -0.000270 0.000721 0.004708 0.017078 0.040785 0.071673 0.098886 
0.107567 0.116177 0.119106 0.131173 0.176996 0.283772 0.453310 0.660685 0.855219 1.032000 1.363964 1.851504 1.898203 1.519390 1.387293 1.200253 0.785572 0.135025 -0.122885 0.044196 -0.001270 -0.000873 0.000099 0.002340 0.009845 0.027514 0.055331 0.085739 
0.097725 0.113524 0.118352 0.123998 0.149865 0.222765 0.360696 0.552268 0.759558 0.945829 1.178584 1.588287 1.929959 1.761985 1.422502 1.300641 1.021368 0.489782 -0.043010 -0.092469 0.048031 -0.006804 -0.000459 0.001060 0.005434 0.017409 0.040154 0.070211 
0.084286 0.107089 0.117309 0.121072 0.134404 0.180436 0.283602 0.449777 0.653948 0.855320 1.056396 1.361317 1.767627 1.909678 1.613682 1.334369 1.180681 0.787114 0.223537 -0.128156 -0.045963 0.045030 -0.011279 0.000904 0.002891 0.010472 0.027435 0.054269 
0.068879 0.096589 0.113772 0.119998 0.126542 0.153332 0.224877 0.358813 0.547113 0.754984 0.955895 1.195876 1.551798 1.871684 1.816436 1.471940 1.241821 1.013882 0.526577 0.021205 -0.141295 -0.001567 0.035288 -0.013749 0.003172 0.005982 0.017781 0.039618 
0.053321 0.082928 0.106497 0.118255 0.123230 0.137406 0.183510 0.284046 0.446168 0.648602 0.856310 1.071002 1.359344 1.716246 1.890952 1.680344 1.342584 1.127579 0.802650 0.276149 -0.102904 -0.109209 0.029720 0.021506 -0.013534 0.006341 0.010758 0.027444 
0.039234 0.067658 0.095467 0.113852 0.121590 0.129168 0.156467 0.226974 0.357409 0.542346 0.751797 0.962783 1.205967 1.529225 1.826373 1.833812 1.527358 1.219737 0.978855 0.564596 0.068192 -0.152650 -0.057899 0.044006 0.007340 -0.010461 0.010481 0.017567 
0.026578 0.052601 0.081640 0.105838 0.119052 0.125399 0.140353 0.186320 0.284701 0.443064 0.644007 0.857098 1.080350 1.357587 1.681063 1.866306 1.719822 1.373693 1.090954 0.793398 0.326662 -0.076675 -0.144724 -0.007841 0.042994 -0.003919 -0.004832 0.015756 
0.022388 0.037689 0.066744 0.094344 0.113818 0.123084 0.131800 0.159459 0.228959 0.356385 0.538213 0.749034 0.967454 1.212220 1.513545 1.790964 1.834530 1.571713 1.224400 0.944028 0.581178 0.117069 -0.152610 -0.101899 0.028333 0.031756 -0.010126 0.002774 
0.011742 0.030578 0.050497 0.080725 0.105097 0.119727 0.127511 0.143262 0.188979 0.285431 0.440499 0.640000 0.857294 1.086544 1.355813 1.655243 1.841979 1.741419 1.408618 1.075846 0.772913 0.361780 -0.042074 -0.167303 -0.046723 0.045895 0.016478 -0.010523 
-0.005549 0.021588 0.040402 0.064323 0.093643 0.113629 0.124475 0.134390 0.162375 0.230863 0.355638 0.534695 0.746423 0.970424 1.216176 1.501758 1.762697 1.827611 1.604049 1.242229 0.920650 0.580871 0.158943 -0.139517 -0.137739 0.003081 0.046441 0.002676 
-0.005879 0.003599 0.032036 0.051724 0.078308 0.104803 0.120195 0.129549 0.146124 0.191556 0.286215 0.438381 0.636475 0.856889 1.090581 1.353988 1.635308 1.819657 1.751889 1.440421 1.076409 0.753035 0.380176 -0.005720 -0.176158 -0.084709 0.036944 0.035449 
0.019764 -0.007491 0.015448 0.042974 0.064154 0.091567 0.113887 0.125626 0.136934 0.165233 0.232732 0.355109 0.531687 0.743892 0.972075 1.218570 1.492409 1.739604 1.817288 1.626618 1.264983 0.909642 0.572791 0.188857 -0.117871 -0.163169 -0.027658 0.051590 
0.049561 0.005565 -0.002296 0.028637 0.054357 0.077081 0.103363 0.121079 0.131334 0.148959 0.194082 0.287061 0.436623 0.633336 0.855986 1.093034 1.352071 1.619337 1.799635 1.755497 1.467171 1.086526 0.738906 0.386710 0.025842 -0.173199 -0.118015 0.018999 
0.047587 0.036883 -0.002882 0.008322 0.042149 0.066094 0.089778 0.113292 0.127139 0.139225 0.168084 0.234590 0.354769 0.529086 0.741419 0.972711 1.219804 1.484676 1.720357 1.805621 1.641858 1.288389 0.908588 0.563380 0.207360 -0.093907 -0.177385 -0.059737 
-0.004784 0.056988 0.020633 -0.003651 0.022407 0.055357 0.077968 0.101556 0.121424 0.133402 0.151558 0.196631 0.287970 0.435160 0.630500 0.854695 1.094282 1.350017 1.606165 1.781791 1.754868 1.488836 1.101780 0.731660 0.386721 0.049883 -0.162870 -0.143702 
-0.089212 0.035745 0.051077 0.006982 0.003085 0.038021 0.067955 0.089640 0.111955 0.128399 0.141708 0.170730 0.236517 0.354584 0.526811 0.738991 0.972565 1.220131 1.478040 1.704043 1.793648 1.651740 1.310436 0.914603 0.556043 0.217289 -0.072004 -0.182276 
-0.161161 -0.030720 0.057114 0.036458 0.000009 0.015699 0.053613 0.079828 0.100719 0.120911 0.135446 0.154255 0.199028 0.289016 0.433928 0.627907 0.853103 1.094599 1.347793 1.595029 1.765895 1.751633 1.506013 1.119336 0.730663 0.384190 0.066460 -0.149518 
-0.180881 -0.113701 0.018523 0.060347 0.020207 0.001336 0.031878 0.068183 0.090939 0.110902 0.128885 0.144316 0.173396 0.238370 0.354606 0.524784 0.736603 0.971814 1.219733 1.472156 1.690009 1.781905 1.657743 1.330306 0.925249 0.552152 0.221732 -0.054248 
-0.136233 -0.171518 -0.055719 0.050735 0.050523 0.008113 0.010431 0.049310 0.081255 0.101270 0.120141 0.136920 0.157150 0.201396 0.290080 0.432952 0.625488 0.851285 1.094185 1.345382 1.585403 1.751701 1.746831 1.519434 1.137480 0.734705 0.381608 0.076937 
-0.041085 -0.176111 -0.132504 -0.001324 0.063962 0.034593 0.003681 0.025300 0.066149 0.092754 0.110849 0.128792 0.146603 0.176271 0.240183 0.354743 0.523012 0.734229 0.970597 1.218746 1.466789 1.677768 1.770662 1.660948 1.347777 0.938696 0.551947 0.223219 
0.083014 -0.124758 -0.176637 -0.077861 0.039556 0.061109 0.019330 0.007924 0.043321 0.081232 0.102865 0.119839 0.137714 0.159955 0.203946 0.291132 0.432164 0.623252 0.849269 1.093199 1.342781 1.576912 1.738976 1.741131 1.529795 1.155225 0.742530 0.380330 
0.223562 -0.032065 -0.170184 -0.146080 -0.021483 0.062315 0.048136 0.009830 0.019772 0.061962 0.094083 0.111934 0.128664 0.148289 0.179232 0.242140 0.354917 0.521451 0.731895 0.968995 1.217283 1.461778 1.666952 1.760042 1.662150 1.362914 0.953643 0.555118 
0.380969 0.086257 -0.115813 -0.178410 -0.096343 0.025516 0.067473 0.031999 0.008770 0.036836 0.079281 0.104792 0.120439 0.138115 0.162346 0.206690 0.292295 0.431464 0.621184 0.847113 1.091740 1.340005 1.569280 1.727508 1.734969 1.537700 1.172033 0.753037 
0.561137 0.223943 -0.026358 -0.164546 -0.155460 -0.040388 0.056482 0.059415 0.018854 0.016391 0.056261 0.094153 0.113849 0.129024 0.149411 0.182004 0.244335 0.355184 0.520005 0.729622 0.967089 1.215418 1.457016 1.657275 1.750084 1.661925 1.375916 0.969201 
0.765338 0.383681 0.087931 -0.109466 -0.178412 -0.111172 0.010323 0.069691 0.044571 0.012860 0.031035 0.075455 0.106276 0.122001 0.138566 0.164181 0.209452 0.293695 0.430848 0.619214 0.844874 1.089896 1.337058 1.562313 1.717111 1.728626 1.543652 1.187647 
0.984780 0.569428 0.225068 -0.023062 -0.159995 -0.161815 -0.057206 0.047773 0.067692 0.029540 0.015712 0.049964 0.092565 0.116026 0.130179 0.150242 0.184360 0.246702 0.355658 0.518630 0.727383 0.964965 1.213210 1.452424 1.648519 1.740778 1.660700 1.387028 
