0.021022 0.011152 0.006556 0.010743 0.028319 0.068618 0.146752 0.278177 0.841147 1.813305 1.894000 2.020615 2.023588 1.901212 1.320936 0.345954 0.279260 0.145314 0.066495 0.026724 0.009914 0.006126 0.010689 0.020498 0.031480 0.038812 0.039035 0.031987 
0.026994 0.015951 0.008195 0.007552 0.017858 0.045628 0.102956 0.205803 0.505719 1.276078 1.965085 1.951567 2.037557 1.978069 1.668312 0.882783 0.199071 0.220694 0.099014 0.041729 0.015448 0.006392 0.007364 0.014937 0.025842 0.035603 0.039812 0.036419 
0.032461 0.021675 0.011662 0.006985 0.011336 0.029560 0.070597 0.148689 0.331127 0.832093 1.630751 2.046142 1.982124 2.025997 1.854474 1.335019 0.528200 0.121715 0.177766 0.062322 0.024713 0.008767 0.005624 0.010325 0.019973 0.030865 0.038401 0.039066 
0.036672 0.027590 0.016572 0.008656 0.008032 0.018714 0.047227 0.105012 0.226865 0.541794 1.194210 1.886355 2.074059 1.990574 1.967160 1.638238 0.967530 0.274916 0.091924 0.141481 0.033788 0.014032 0.005595 0.006994 0.014531 0.025264 0.035053 0.039592 
0.039065 0.032901 0.022323 0.012226 0.007433 0.011959 0.030742 0.072460 0.157930 0.360195 0.825816 1.535316 2.043262 2.066215 1.971358 1.840888 1.345607 0.623961 0.119717 0.087634 0.107291 0.012918 0.008399 0.005066 0.009996 0.019498 0.030276 0.037979 
0.039349 0.036889 0.028164 0.017214 0.009166 0.008531 0.019569 0.048734 0.109726 0.244463 0.560086 1.150082 1.814483 2.115363 2.033513 1.910575 1.638849 1.013080 0.344664 0.044655 0.090995 0.074358 -0.000573 0.006584 0.006498 0.014175 0.024728 0.034512 
0.037549 0.039031 0.033310 0.022967 0.012828 0.007922 0.012591 0.031885 0.075252 0.167876 0.379664 0.820787 1.472982 2.010363 2.122279 1.977180 1.793310 1.370220 0.684203 0.148609 0.024532 0.090548 0.044179 -0.007256 0.007446 0.009366 0.019092 0.029716 
0.033981 0.039084 0.037071 0.028716 0.017872 0.009721 0.009060 0.020410 0.050559 0.115407 0.258875 0.571559 1.120501 1.756024 2.119504 2.081856 1.890091 1.611667 1.060077 0.397603 0.035131 0.033778 0.081412 0.019095 -0.008172 0.010004 0.013253 0.024292 
0.029305 0.037106 0.038967 0.033686 0.023605 0.013460 0.008454 0.013233 0.033135 0.078646 0.177313 0.394065 0.816497 1.427440 1.971770 2.150821 2.005238 1.761712 1.370018 0.742701 0.178867 -0.010686 0.051472 0.063997 0.001080 -0.004764 0.013494 0.017799 
0.022652 0.033669 0.038779 0.037219 0.029246 0.018541 0.010314 0.009620 0.021294 0.052689 0.121335 0.270928 0.579571 1.098405 1.707931 2.106955 2.118609 1.895718 1.584386 1.085812 0.452848 0.037305 -0.011071 0.063939 0.041969 -0.008976 0.001352 0.017391 
0.021368 0.027441 0.036962 0.038833 0.034034 0.024235 0.014118 0.009026 0.013911 0.034526 0.082356 0.186013 0.405369 0.812714 1.391831 1.933756 2.161204 2.036482 1.751107 1.358504 0.786129 0.217899 -0.032778 0.011011 0.065076 0.020118 -0.011471 0.008658 
0.015940 0.025234 0.031770 0.038854 0.037267 0.029760 0.019216 0.010944 0.010221 0.022252 0.055039 0.127206 0.281229 0.585542 1.080801 1.667443 2.086789 2.142864 1.913876 1.568209 1.094788 0.501496 0.052866 -0.047692 0.036759 0.054975 0.002653 -0.007872 
-0.000258 0.022402 0.028847 0.035244 0.039144 0.034254 0.024867 0.014796 0.009639 0.014643 0.036051 0.086200 0.193985 0.414599 0.809304 1.362699 1.898028 2.160236 2.064003 1.755628 1.347468 0.813126 0.259098 -0.040922 -0.028593 0.054146 0.037631 -0.007834 
-0.010676 0.009187 0.027651 0.032051 0.037506 0.037798 0.030122 0.019917 0.011603 0.010871 0.023296 0.057533 0.132888 0.290189 0.590190 1.066165 1.632622 2.063272 2.156924 1.936333 1.564021 1.096070 0.538573 0.077337 -0.073801 0.003976 0.058296 0.018517 
0.002597 -0.006877 0.018594 0.031610 0.034647 0.038297 0.034956 0.025336 0.015524 0.010289 0.015439 0.037688 0.090071 0.201295 0.422352 0.806181 1.338083 1.864923 2.152223 2.085909 1.769142 1.342000 0.828515 0.295922 -0.036994 -0.063527 0.034068 0.050169 
0.034342 -0.006902 0.001491 0.026659 0.034375 0.036395 0.037501 0.030931 0.020454 0.012334 0.011566 0.024426 0.060113 0.138328 0.298094 0.593920 1.053623 1.602136 2.038515 2.163268 1.958832 1.569368 1.096050 0.564607 0.104505 -0.088558 -0.030246 0.052305 
0.055888 0.016630 -0.008910 0.011978 0.032698 0.036098 0.037062 0.035175 0.026181 0.016099 0.011031 0.016292 0.039416 0.093904 0.208017 0.429000 0.803287 1.316778 1.834342 2.139845 2.102198 1.787229 1.343191 0.837594 0.325638 -0.025407 -0.090824 0.008000 
0.038311 0.047152 0.002145 -0.004270 0.022359 0.036563 0.036884 0.036475 0.031566 0.021276 0.012939 0.012371 0.025621 0.062740 0.143508 0.305150 0.596980 1.042632 1.575051 2.013601 2.163915 1.979379 1.581343 1.098087 0.582411 0.130002 -0.093819 -0.061942 
-0.020363 0.054158 0.031380 -0.005886 0.004914 0.031014 0.038459 0.036771 0.034583 0.027094 0.016863 0.011683 0.017269 0.041197 0.097668 0.214219 0.434791 0.800578 1.297996 1.806060 2.124788 2.113503 1.807049 1.350368 0.844302 0.348298 -0.010482 -0.109843 
-0.088708 0.018767 0.054931 0.014558 -0.006494 0.016052 0.037068 0.038757 0.035740 0.031501 0.022321 0.013642 0.013130 0.026940 0.065365 0.148433 0.311503 0.599533 1.032833 1.550697 1.989091 2.160397 1.997172 1.597486 1.103508 0.595042 0.151755 -0.092590 
-0.121677 -0.047919 0.045763 0.044312 0.001617 -0.000671 0.026751 0.040329 0.037836 0.033773 0.027529 0.017919 0.012365 0.018245 0.043075 0.101318 0.219968 0.439898 0.798024 1.281195 1.779828 2.108130 2.120601 1.826887 1.362284 0.851086 0.365251 0.004715 
-0.087749 -0.109817 -0.003569 0.056929 0.028120 -0.004578 0.009326 0.035271 0.041091 0.036001 0.030924 0.023145 0.014635 0.013876 0.028291 0.068020 0.153092 0.317273 0.601687 1.023979 1.528578 1.965270 2.153844 2.012017 1.615946 1.112509 0.604998 0.169321 
0.018460 -0.128158 -0.072732 0.032399 0.053688 0.012257 -0.003451 0.020793 0.040696 0.039910 0.033461 0.027372 0.018981 0.013287 0.019187 0.044992 0.104889 0.225294 0.444451 0.795598 1.265990 1.755413 2.090572 2.124231 1.845762 1.377649 0.859263 0.378180 
0.183150 -0.081487 -0.125701 -0.026380 0.053524 0.040812 0.001187 0.003677 0.031288 0.042889 0.037393 0.030371 0.023464 0.015797 0.014787 0.029601 0.070679 0.157528 0.322528 0.603525 1.015888 1.508323 1.942275 2.145089 2.024013 1.635411 1.124740 0.614059 
0.388633 0.030047 -0.131147 -0.093982 0.015999 0.058745 0.024364 -0.002832 0.014342 0.039090 0.042278 0.034073 0.026903 0.019726 0.014460 0.020216 0.046857 0.108382 0.230259 0.448527 0.793286 1.252097 1.732609 2.072574 2.125037 1.863152 1.395334 0.869400 
0.623371 0.194067 -0.075224 -0.137359 -0.048094 0.045777 0.051195 0.009868 0.000209 0.025769 0.043379 0.039600 0.030359 0.023315 0.016854 0.015960 0.030926 0.073259 0.161776 0.327344 0.605095 1.008435 1.489640 1.920160 2.134744 2.033388 1.654985 1.139632 
0.881615 0.397849 0.039420 -0.132186 -0.111652 -0.001734 0.059542 0.036375 0.001080 0.008587 0.035568 0.044163 0.035662 0.026562 0.020012 0.015711 0.021461 0.048672 0.111744 0.234929 0.452197 0.791067 1.239304 1.711236 2.054444 2.123558 1.878818 1.414427 
1.156574 0.633601 0.202968 -0.069736 -0.145936 -0.067866 0.034984 0.058514 0.020243 -0.000517 0.019643 0.042164 0.042050 0.031187 0.022968 0.017580 0.017330 0.032384 0.075725 0.165823 0.331803 0.606432 1.001514 1.472308 1.898930 2.123263 2.040420 1.674079 
