0.000010 0.000159 0.000883 0.002732 0.006043 0.011222 0.020101 0.038181 0.076590 0.526361 1.402404 1.456986 1.668054 1.862523 1.981813 1.609705 0.745055 0.677571 0.465857 0.283926 0.154671 0.076357 0.034696 0.014522 0.005354 0.001527 0.000246 0.000003 
-0.000024 0.000067 0.000449 0.001667 0.004204 0.008399 0.015199 0.027991 0.054845 0.250055 0.911098 1.532378 1.542959 1.767363 1.931566 1.857184 1.238948 0.611667 0.589743 0.371169 0.212714 0.109147 0.050945 0.021923 0.008562 0.002773 0.000568 -0.000005 
-0.000084 0.000007 0.000222 0.000954 0.002771 0.006095 0.011473 0.020846 0.039660 0.131405 0.522348 1.226709 1.614006 1.628433 1.856990 1.924198 1.616048 0.926438 0.525036 0.505037 0.284426 0.154070 0.074375 0.032787 0.013285 0.004721 0.001222 0.000078 
-0.000126 -0.000070 0.000099 0.000523 0.001726 0.004244 0.008527 0.015660 0.029073 0.076416 0.289477 0.835351 1.459990 1.667828 1.715945 1.910762 1.817042 1.318925 0.689711 0.467361 0.419808 0.207966 0.107890 0.048818 0.020275 0.007636 0.002339 0.000356 
-0.000073 -0.000165 0.000001 0.000279 0.001027 0.002821 0.006165 0.011737 0.021582 0.048503 0.162232 0.520812 1.137825 1.616009 1.711852 1.795016 1.899969 1.618534 1.020705 0.527678 0.421735 0.334423 0.143957 0.073228 0.030730 0.011967 0.004070 0.000933 
0.000164 -0.000233 -0.000115 0.000126 0.000595 0.001793 0.004299 0.008673 0.016126 0.032908 0.094517 0.310916 0.797014 1.394270 1.711723 1.755019 1.844769 1.807550 1.359169 0.761092 0.426321 0.375750 0.252085 0.093626 0.048450 0.018382 0.006660 0.001906 
0.000658 -0.000203 -0.000238 -0.000010 0.000332 0.001103 0.002883 0.006252 0.012014 0.023351 0.058109 0.183367 0.520253 1.081748 1.587972 1.767641 1.794087 1.842031 1.634755 1.078842 0.560793 0.365510 0.323054 0.177204 0.056877 0.031528 0.010228 0.003412 
0.001528 -0.000009 -0.000324 -0.000157 0.000147 0.000664 0.001867 0.004369 0.008834 0.016986 0.037802 0.109426 0.325357 0.772924 1.341769 1.718626 1.800017 1.815372 1.770295 1.400378 0.815085 0.422806 0.325179 0.263054 0.113851 0.032330 0.020371 0.005010 
0.001784 0.000516 -0.000319 -0.000301 -0.000022 0.000379 0.001179 0.002956 0.006356 0.012449 0.025811 0.067263 0.199353 0.520186 1.042187 1.554196 1.796255 1.815949 1.800388 1.625942 1.134653 0.594818 0.337161 0.289679 0.199337 0.064630 0.017656 0.013116 
0.008299 -0.000108 0.000045 -0.000416 -0.000194 0.000163 0.000729 0.001946 0.004453 0.009066 0.018221 0.043025 0.121978 0.336176 0.756040 1.299440 1.708969 1.833897 1.812575 1.733025 1.419903 0.870804 0.430717 0.287148 0.249865 0.137529 0.030176 0.010082 
0.006901 0.004923 -0.001102 -0.000109 -0.000391 -0.000032 0.000420 0.001256 0.003038 0.006496 0.013076 0.028667 0.075733 0.212172 0.520400 1.012298 1.520939 1.807008 1.841517 1.780079 1.605661 1.174850 0.637134 0.321868 0.255221 0.203079 0.083230 0.009222 
-0.000899 0.005869 0.002417 -0.001483 -0.000091 -0.000291 0.000182 0.000790 0.002029 0.004557 0.009396 0.019745 0.048266 0.132781 0.344812 0.743390 1.264526 1.691795 1.855708 1.822792 1.706992 1.422305 0.919356 0.451695 0.257467 0.227337 0.151618 0.040496 
0.011082 -0.003536 0.005421 0.000523 -0.001448 0.000008 -0.000139 0.000469 0.001330 0.003132 0.006688 0.013882 0.031734 0.083524 0.222857 0.520783 0.988638 1.489893 1.806671 1.863853 1.775252 1.585759 1.198113 0.681114 0.320402 0.221890 0.195176 0.100482 
0.055120 -0.005574 -0.002004 0.004704 -0.000828 -0.001148 0.000135 0.000071 0.000868 0.002114 0.004691 0.009830 0.021476 0.053387 0.142248 0.351996 0.733469 1.235091 1.671342 1.867711 1.837776 1.693117 1.416705 0.955782 0.481222 0.238371 0.199558 0.156326 
0.112970 0.019709 -0.011822 0.000958 0.003468 -0.001640 -0.000707 0.000271 0.000362 0.001435 0.003236 0.006940 0.014840 0.034898 0.090699 0.232011 0.521267 0.969262 1.461388 1.799512 1.881032 1.779787 1.571380 1.209308 0.720207 0.330833 0.193459 0.178494 
0.152052 0.069807 -0.003773 -0.010971 0.003496 0.001866 -0.001929 -0.000224 0.000428 0.000775 0.002244 0.004850 0.010365 0.023349 0.058331 0.150666 0.358146 0.725422 1.209808 1.649700 1.872347 1.853255 1.688979 1.409552 0.980636 0.513054 0.230646 0.170676 
0.156196 0.118882 0.031934 -0.015670 -0.006446 0.004693 0.000239 -0.001764 0.000234 0.000639 0.001370 0.003405 0.007244 0.015924 0.038090 0.097329 0.240013 0.521809 0.952976 1.435316 1.788179 1.893019 1.789265 1.563659 1.213780 0.751678 0.348703 0.172856 
0.144628 0.140121 0.081612 0.003214 -0.018161 -0.001116 0.004415 -0.001069 -0.001265 0.000635 0.000964 0.002224 0.005099 0.010979 0.025321 0.063075 0.158240 0.363522 0.718722 1.187750 1.627932 1.871602 1.867216 1.691694 1.404254 0.996757 0.542800 0.232389 
0.160677 0.131967 0.117617 0.044899 -0.014602 -0.014441 0.003089 0.003050 -0.001828 -0.000577 0.000996 0.001478 0.003460 0.007663 0.017092 0.041272 0.103481 0.247116 0.522382 0.939007 1.411447 1.774331 1.900416 1.800847 1.561963 1.215513 0.775586 0.369651 
0.240544 0.123789 0.122997 0.088554 0.013497 -0.021979 -0.007847 0.005266 0.001216 -0.001968 0.000169 0.001373 0.002281 0.005284 0.011724 0.027338 0.067623 0.165121 0.368295 0.713025 1.168250 1.606583 1.866973 1.878838 1.698819 1.402184 1.007234 0.568370 
0.390577 0.155783 0.108898 0.109982 0.056102 -0.009189 -0.021114 -0.001163 0.005386 -0.000484 -0.001565 0.000888 0.001864 0.003521 0.008074 0.018385 0.044397 0.109220 0.253498 0.522966 0.926825 1.389528 1.759021 1.903971 1.812814 1.565079 1.216998 0.793291 
0.589310 0.252190 0.108852 0.103444 0.089912 0.024883 -0.021822 -0.015123 0.003787 0.004004 -0.001623 -0.000780 0.001561 0.002607 0.005435 0.012510 0.029428 0.071957 0.171427 0.372583 0.708096 1.150821 1.585926 1.859564 1.887906 1.708519 1.403582 1.014598 
0.806492 0.409729 0.156298 0.088906 0.097693 0.063835 -0.000760 -0.025148 -0.007195 0.006232 0.001921 -0.002010 0.000203 0.002246 0.003799 0.008442 0.019739 0.047491 0.114574 0.259295 0.523545 0.916057 1.369326 1.742928 1.904397 1.824179 1.571744 1.219596 
1.020663 0.606068 0.265097 0.099347 0.083778 0.086095 0.035380 -0.017980 -0.021464 0.000085 0.006293 -0.000092 -0.001672 0.001246 0.003084 0.005734 0.013258 0.031558 0.076116 0.177230 0.376479 0.703769 1.135097 1.566086 1.850179 1.894499 1.719488 1.408134 
1.223913 0.816756 0.426379 0.160319 0.072790 0.082700 0.067366 0.009030 -0.025956 -0.013819 0.005106 0.004675 -0.001483 -0.000775 0.002300 0.004307 0.008887 0.021061 0.050555 0.119604 0.264588 0.524119 0.906428 1.350634 1.726494 1.902311 1.834410 1.580854 
1.415307 1.026612 0.619470 0.277810 0.094238 0.065565 0.078189 0.043574 -0.011382 -0.025778 -0.005205 0.007310 0.002312 -0.001987 0.000467 0.003437 0.006276 0.014025 0.033643 0.080135 0.182604 0.380035 0.699926 1.120794 1.547107 1.839408 1.898825 1.730839 
1.591516 1.230105 0.825347 0.440455 0.166263 0.060539 0.066715 0.066786 0.018638 -0.023650 -0.019863 0.002060 0.007000 0.000075 -0.001604 0.001887 0.004873 0.009536 0.022350 0.053530 0.124372 0.269449 0.524673 0.897738 1.333270 1.710009 1.898227 1.843257 
1.741983 1.424519 1.033144 0.630418 0.289521 0.092343 0.049640 0.067514 0.048740 -0.003238 -0.027516 -0.011168 0.006653 0.005021 -0.001420 -0.000505 0.003443 0.006995 0.014925 0.035644 0.083993 0.187631 0.383293 0.696475 1.107696 1.528989 1.827683 1.901141 
