0.110569 0.099463 0.086354 0.096875 0.155027 0.275816 0.830899 1.793036 1.864230 1.991023 2.012223 1.925719 1.387445 0.443573 0.384492 0.233821 0.124531 0.054980 0.018189 0.003765 0.000440 0.000228 0.001710 0.009220 0.027670 0.056493 0.087364 0.107800 
0.111393 0.106750 0.093159 0.088661 0.119997 0.207592 0.499070 1.261085 1.940001 1.920677 2.014822 1.982434 1.713053 0.966208 0.303433 0.320605 0.174003 0.084788 0.032490 0.008181 0.000715 -0.000055 0.000757 0.004712 0.017077 0.040785 0.071673 0.098886 
0.106978 0.111215 0.101073 0.089773 0.099850 0.156762 0.327846 0.821261 1.610931 2.017619 1.953566 2.014445 1.877368 1.399314 0.624312 0.227026 0.267776 0.122222 0.054024 0.016837 0.002343 -0.000507 0.000153 0.002342 0.009843 0.027513 0.055331 0.085739 
0.097504 0.111222 0.107942 0.095568 0.092139 0.122452 0.228033 0.534262 1.179064 1.862147 2.044435 1.968389 1.970651 1.680963 1.048931 0.378455 0.192646 0.218287 0.078454 0.031554 0.006753 -0.000538 -0.000615 0.001057 0.005428 0.017407 0.040154 0.070211 
0.084203 0.106060 0.111706 0.102891 0.092736 0.103078 0.165833 0.356066 0.814341 1.515820 2.015891 2.038703 1.959731 1.862301 1.407740 0.718499 0.224967 0.179035 0.169055 0.043387 0.016391 0.000919 -0.001478 0.000002 0.002905 0.010467 0.027434 0.054269 
0.068848 0.096141 0.110910 0.109107 0.097981 0.095344 0.127904 0.245015 0.551698 1.134680 1.791032 2.086954 2.011940 1.913323 1.679662 1.092454 0.447269 0.146051 0.169551 0.120682 0.017555 0.007215 -0.001914 -0.001223 0.001275 0.006104 0.017775 0.039618 
0.053310 0.082737 0.105091 0.112079 0.104709 0.095602 0.107225 0.175891 0.374660 0.808652 1.453685 1.984046 2.095814 1.965582 1.813373 1.430251 0.777109 0.253664 0.117211 0.154163 0.075901 0.000787 0.002499 -0.002796 -0.000200 0.003398 0.011084 0.027425 
0.039175 0.067581 0.094798 0.110506 0.110189 0.100373 0.098822 0.134427 0.259012 0.562253 1.104788 1.733199 2.092255 2.060948 1.892225 1.650676 1.137433 0.499174 0.137064 0.114012 0.129433 0.037950 -0.007960 0.000727 -0.002484 0.001474 0.006730 0.018173 
0.027479 0.052452 0.081338 0.104091 0.112351 0.106468 0.098564 0.111980 0.185597 0.388301 0.803609 1.408259 1.946397 2.125397 1.993764 1.780554 1.428016 0.833930 0.283601 0.083155 0.116913 0.097055 0.009298 -0.010441 0.000609 -0.001401 0.003940 0.011678 
0.018570 0.038819 0.066406 0.093481 0.110032 0.111177 0.102769 0.102607 0.141264 0.270813 0.569379 1.082266 1.685642 2.080789 2.098409 1.897356 1.621701 1.161167 0.553296 0.139642 0.070759 0.113686 0.061664 -0.009074 -0.008765 0.001236 0.000350 0.007509 
0.012552 0.027546 0.051695 0.080008 0.103072 0.112531 0.108167 0.101657 0.117083 0.194677 0.398969 0.799033 1.372643 1.909244 2.136790 2.025217 1.768853 1.414544 0.875649 0.322192 0.062104 0.078246 0.099544 0.028635 -0.017800 -0.004976 0.002154 0.002924 
0.006631 0.019378 0.038476 0.065331 0.092196 0.109502 0.112077 0.105181 0.106628 0.148109 0.280986 0.574530 1.064145 1.645570 2.061649 2.123393 1.915134 1.603942 1.168169 0.600740 0.155477 0.035647 0.088250 0.075615 0.002358 -0.018795 -0.000699 0.003334 
0.005075 0.011823 0.028134 0.050934 0.078762 0.102044 0.112631 0.109812 0.104861 0.122364 0.203123 0.407674 0.794828 1.343381 1.874278 2.136813 2.053014 1.772405 1.401628 0.900912 0.362838 0.054883 0.040394 0.090088 0.046564 -0.014732 -0.014653 0.003076 
0.006041 0.007855 0.018783 0.038722 0.064220 0.090971 0.108924 0.112897 0.107603 0.110806 0.154837 0.289924 0.578426 1.048930 1.611036 2.039090 2.138205 1.937311 1.598287 1.167513 0.636545 0.180096 0.010955 0.057218 0.079978 0.018138 -0.022364 -0.007995 
-0.000935 0.008476 0.012180 0.027626 0.050776 0.077439 0.101048 0.112658 0.111409 0.108143 0.127718 0.210998 0.414999 0.790928 1.318533 1.841820 2.129765 2.075259 1.785065 1.394369 0.914553 0.399005 0.059612 0.007161 0.071536 0.059633 -0.004780 -0.022039 
-0.016282 0.005232 0.011042 0.018435 0.038238 0.063668 0.089625 0.108353 0.113641 0.110028 0.115075 0.161395 0.297909 0.581472 1.035771 1.580716 2.015210 2.145319 1.959623 1.602280 1.165601 0.661245 0.207289 -0.002481 0.024745 0.075119 0.033990 -0.019304 
-0.024833 -0.007837 0.010100 0.014541 0.026786 0.050250 0.076581 0.099892 0.112677 0.112947 0.111469 0.133076 0.218378 0.421309 0.787279 1.296912 1.811769 2.118313 2.091946 1.802407 1.393857 0.921883 0.427968 0.071881 -0.018493 0.047039 0.065992 0.008864 
-0.010914 -0.022671 0.001014 0.014007 0.019688 0.037116 0.063057 0.088614 0.107600 0.114376 0.112427 0.119387 0.167765 0.305140 0.583914 1.024138 1.553688 1.991080 2.146743 1.980073 1.613009 1.165798 0.677668 0.232696 -0.006520 -0.005215 0.062338 0.046938 
0.023319 -0.022554 -0.015259 0.008847 0.017761 0.026933 0.049022 0.075884 0.098928 0.112515 0.114492 0.114793 0.138399 0.225328 0.426852 0.783845 1.277747 1.783904 2.104128 2.103700 1.821590 1.399422 0.926848 0.449787 0.087368 -0.035933 0.020281 0.065007 
0.054965 0.000906 -0.025553 -0.005307 0.015203 0.022315 0.036363 0.061856 0.087883 0.106904 0.114954 0.114852 0.123683 0.173948 0.311765 0.585915 1.013683 1.529294 1.967257 2.143995 1.997855 1.628013 1.169435 0.688878 0.254247 -0.004172 -0.030265 0.044080 
0.057455 0.036053 -0.015774 -0.021268 0.004915 0.020434 0.028472 0.047679 0.074803 0.098269 0.112300 0.115922 0.118151 0.143636 0.231912 0.431799 0.780596 1.260508 1.757981 2.088280 2.111285 1.840897 1.409816 0.931904 0.465822 0.103011 -0.046259 -0.005648 
0.023092 0.057317 0.013943 -0.024312 -0.012136 0.014007 0.025388 0.036679 0.060251 0.086993 0.106464 0.115413 0.117211 0.127986 0.179925 0.317904 0.587584 1.004163 1.507049 1.944028 2.138194 2.012765 1.645443 1.176714 0.697384 0.271508 0.001683 -0.049689 
-0.028817 0.045024 0.045330 -0.005824 -0.024528 -0.000810 0.021543 0.031045 0.046930 0.073226 0.097638 0.112254 0.117205 0.121476 0.148810 0.238160 0.436281 0.777511 1.244818 1.733777 2.071462 2.115429 1.859341 1.423755 0.938374 0.477764 0.117089 -0.051309 
-0.063925 0.001685 0.054369 0.026185 -0.019233 -0.017972 0.010537 0.027900 0.038190 0.058777 0.085667 0.106170 0.115938 0.119426 0.132260 0.185733 0.323624 0.589008 0.995404 1.486591 1.921529 2.130160 2.024892 1.663985 1.187289 0.704973 0.284935 0.008855 
-0.052947 -0.048419 0.029642 0.050386 0.005631 -0.024437 -0.007123 0.020612 0.033929 0.047196 0.071434 0.096717 0.112396 0.118467 0.124675 0.153917 0.244126 0.440379 0.774579 1.230399 1.711091 2.054133 2.116764 1.876393 1.440111 0.946833 0.487169 0.128900 
0.015924 -0.073980 -0.018580 0.047179 0.036195 -0.011239 -0.021703 0.005441 0.029073 0.040569 0.057944 0.083945 0.105757 0.116632 0.121554 0.136417 0.191401 0.328997 0.590236 0.987287 1.467636 1.899818 2.120500 2.034454 1.682741 1.200596 0.712800 0.295360 
0.138392 -0.052720 -0.064443 0.013005 0.051280 0.017034 -0.021092 -0.012832 0.017696 0.036338 0.048522 0.069866 0.095375 0.112562 0.119837 0.127743 0.158894 0.249872 0.444161 0.771785 1.217049 1.689748 2.036596 2.115818 1.891806 1.457973 0.957404 0.495285 
0.303685 0.022113 -0.081005 -0.036865 0.037039 0.043222 -0.001544 -0.022761 -0.000351 0.028503 0.043237 0.058049 0.082100 0.105008 0.117438 0.123711 0.140412 0.196905 0.334103 0.591306 0.979712 1.449969 1.878903 2.109660 2.041716 1.701117 1.216030 0.721539 
