0.146179 0.240491 0.332791 0.484468 0.676848 0.863506 0.981519 1.359622 1.995907 1.684297 1.488442 1.332556 1.232333 0.799399 0.010127 0.098160 0.060740 0.029009 0.009040 0.000986 -0.000284 0.000069 0.001681 0.009216 0.027669 0.056493 0.087364 0.107800 
0.124747 0.186343 0.286892 0.401207 0.575570 0.770892 0.931093 1.138059 1.645492 1.958589 1.571900 1.405503 1.275487 1.057455 0.449305 -0.055519 0.095132 0.044164 0.017555 0.003524 -0.000497 -0.000310 0.000717 0.004708 0.017078 0.040785 0.071673 0.098886 
0.111986 0.151078 0.231749 0.342329 0.480883 0.670611 0.855383 1.028730 1.354217 1.826332 1.852717 1.461165 1.335947 1.177473 0.802145 0.183977 -0.062128 0.094850 0.027814 0.008967 0.000262 -0.000930 0.000098 0.002342 0.009846 0.027514 0.055331 0.085739 
0.099382 0.129926 0.186216 0.283300 0.408109 0.569350 0.763617 0.943484 1.172456 1.571946 1.895241 1.709184 1.365264 1.260867 1.016916 0.523416 0.014417 -0.034025 0.089334 0.012367 0.003347 -0.001273 -0.000693 0.001068 0.005436 0.017409 0.040154 0.070211 
0.084907 0.114483 0.154853 0.229659 0.342239 0.484175 0.662355 0.855350 1.051832 1.350887 1.743118 1.865881 1.556957 1.283126 1.156336 0.801359 0.270854 -0.067374 0.006180 0.075891 -0.000636 0.000487 -0.001633 0.000040 0.002927 0.010472 0.027435 0.054269 
0.069112 0.099828 0.133318 0.187951 0.281227 0.409538 0.568735 0.757001 0.953156 1.188538 1.535355 1.838183 1.765380 1.415654 1.201351 1.007371 0.558048 0.077705 -0.082070 0.041516 0.055907 -0.009781 -0.000168 -0.001271 0.001331 0.006117 0.017777 0.039618 
0.053409 0.084318 0.116226 0.157992 0.229759 0.341003 0.485275 0.659234 0.854092 1.065943 1.348017 1.692268 1.848735 1.625132 1.291575 1.101820 0.814627 0.321754 -0.042253 -0.055697 0.062361 0.033073 -0.014387 0.000620 -0.000433 0.003451 0.011088 0.027425 
0.039211 0.068247 0.100147 0.135877 0.190125 0.280446 0.409011 0.568544 0.754051 0.957894 1.198202 1.512370 1.793974 1.784443 1.472098 1.178722 0.970404 0.593901 0.123642 -0.092795 -0.013106 0.066135 0.011615 -0.014692 0.002101 0.000892 0.006800 0.018168 
0.027480 0.052730 0.083839 0.117533 0.160686 0.230777 0.339948 0.484906 0.658051 0.853680 1.073490 1.346054 1.657243 1.825601 1.666122 1.323039 1.063931 0.803175 0.370491 -0.016304 -0.089967 0.026571 0.055595 -0.005065 -0.011683 0.003747 0.002957 0.011802 
0.018787 0.038909 0.067552 0.100363 0.137927 0.192364 0.280477 0.407954 0.567955 0.753055 0.960562 1.203178 1.496820 1.759276 1.786841 1.517531 1.182988 0.933759 0.608324 0.171357 -0.092277 -0.055473 0.052022 0.036475 -0.015129 -0.006724 0.005379 0.006175 
0.011004 0.027909 0.052165 0.083437 0.118551 0.163037 0.232211 0.339295 0.483889 0.657368 0.854008 1.077482 1.343620 1.631946 1.802419 1.689295 1.358414 1.047709 0.780567 0.403782 0.017873 -0.111430 -0.010562 0.059629 0.015180 -0.018428 -0.001134 0.007191 
0.009661 0.017820 0.039118 0.066924 0.100514 0.139623 0.194538 0.281015 0.406903 0.567018 0.752793 0.962390 1.205218 1.485010 1.731915 1.781307 1.551074 1.200539 0.908693 0.605880 0.211968 -0.078854 -0.089767 0.028368 0.051734 -0.002979 -0.016144 0.004149 
0.008753 0.013410 0.026827 0.052208 0.082996 0.119378 0.165104 0.233831 0.339032 0.482682 0.656698 0.854614 1.079650 1.340493 1.612573 1.781300 1.701144 1.390844 1.047280 0.758657 0.420312 0.053671 -0.119299 -0.046831 0.051897 0.034138 -0.014755 -0.010179 
-0.002508 0.012866 0.019023 0.038022 0.066926 0.100488 0.141073 0.196593 0.281872 0.406051 0.565894 0.752668 0.963742 1.205596 1.475129 1.709856 1.772332 1.574762 1.223220 0.896101 0.595700 0.240528 -0.057023 -0.113745 -0.000749 0.057579 0.013583 -0.019151 
-0.017001 0.005337 0.017096 0.026917 0.051236 0.083125 0.119902 0.166966 0.235513 0.339099 0.481515 0.655915 0.855167 1.080821 1.336903 1.596843 1.762625 1.706053 1.418238 1.056608 0.742561 0.424960 0.084550 -0.115487 -0.078462 0.035248 0.048371 -0.004192 
-0.015566 -0.010226 0.012539 0.022249 0.037264 0.066234 0.100902 0.142149 0.198554 0.282926 0.405453 0.564717 0.752435 0.964694 1.205059 1.466390 1.691504 1.762133 1.591051 1.246650 0.893636 0.584204 0.257606 -0.033015 -0.126607 -0.031192 0.054383 0.030301 
0.010090 -0.019296 -0.001021 0.019026 0.029094 0.050005 0.082856 0.120703 0.168456 0.237244 0.339420 0.480493 0.655019 0.855497 1.081363 1.333104 1.583474 1.746129 1.706806 1.440515 1.071220 0.733473 0.423051 0.107798 -0.104440 -0.102526 0.012825 0.056049 
0.044217 -0.006674 -0.016116 0.008781 0.025307 0.038194 0.064938 0.101155 0.143342 0.200221 0.284159 0.405095 0.563574 0.752014 0.965256 1.203999 1.458460 1.675766 1.751715 1.602031 1.268743 0.898403 0.574846 0.266029 -0.011198 -0.130252 -0.059030 0.043453 
0.056550 0.025229 -0.016577 -0.007960 0.018091 0.032206 0.049833 0.081862 0.121502 0.169945 0.238808 0.340002 0.479641 0.654049 0.855535 1.081440 1.329265 1.571758 1.731410 1.705077 1.458338 1.088204 0.730776 0.418595 0.123467 -0.090496 -0.118425 -0.011696 
0.027238 0.053335 0.005636 -0.018571 0.002886 0.026640 0.040580 0.064048 0.100731 0.144623 0.201824 0.285363 0.405016 0.562499 0.751407 0.965435 1.202613 1.451178 1.661939 1.741492 1.609258 1.288695 0.907902 0.569030 0.268899 0.006340 -0.127715 -0.081893 
-0.035241 0.050666 0.038710 -0.009404 -0.013551 0.014476 0.034837 0.051123 0.080737 0.121776 0.171560 0.240301 0.340675 0.479029 0.653025 0.855281 1.081130 1.325472 1.561284 1.718116 1.701848 1.472518 1.105827 0.733226 0.414122 0.132923 -0.076751 -0.127289 
-0.099088 0.008480 0.056921 0.019173 -0.016973 -0.003559 0.025615 0.043489 0.064264 0.099828 0.145575 0.203561 0.286534 0.405105 0.561572 0.750621 0.965256 1.200989 1.444444 1.649573 1.731620 1.613816 1.306343 0.920266 0.566987 0.268784 0.019145 -0.121912 
-0.130985 -0.055897 0.040091 0.048821 0.000900 -0.016461 0.009058 0.035964 0.053514 0.080198 0.121429 0.173038 0.241924 0.341370 0.478601 0.652023 0.854740 1.080486 1.321752 1.551799 1.705981 1.697699 1.483788 1.123130 0.739526 0.411001 0.137895 -0.064956 
-0.115073 -0.111081 -0.010516 0.055363 0.031941 -0.011601 -0.009062 0.022338 0.045909 0.065714 0.098995 0.145936 0.205321 0.287827 0.405262 0.560788 0.749720 0.964734 1.199179 1.438178 1.638373 1.722148 1.616447 1.321802 0.934196 0.568379 0.267520 0.027687 
-0.055827 -0.131421 -0.072870 0.026760 0.054815 0.012685 -0.016091 0.003030 0.035102 0.056282 0.080670 0.120758 0.174073 0.243684 0.342178 0.478264 0.651078 0.853967 1.079528 1.318109 1.543126 1.694813 1.692982 1.492743 1.139619 0.748564 0.409830 0.139976 
0.032818 -0.108650 -0.118914 -0.028190 0.049734 0.042523 -0.003372 -0.012518 0.017447 0.047053 0.068075 0.098752 0.145762 0.206842 0.289321 0.405522 0.560080 0.748763 0.963913 1.197191 1.432313 1.628136 1.713088 1.617664 1.335291 0.948833 0.572657 0.266293 
0.140444 -0.049417 -0.130182 -0.086175 0.012372 0.056770 0.024411 -0.012539 -0.002424 0.032295 0.058637 0.082207 0.120215 0.174543 0.245406 0.343206 0.478007 0.650156 0.853030 1.078286 1.314521 1.535137 1.684471 1.687923 1.499846 1.155073 0.759460 0.410748 
0.265795 0.035458 -0.103437 -0.123775 -0.043719 0.041340 0.050186 0.006510 -0.013364 0.011860 0.046513 0.070769 0.099406 0.145339 0.207908 0.290939 0.405981 0.559413 0.747752 0.962860 1.195031 1.426781 1.618714 1.704432 1.617825 1.347047 0.963621 0.579241 
