0.006336 0.029288 0.069423 0.523637 1.404943 1.464049 1.677670 1.872308 1.989804 1.614768 0.746771 0.675880 0.460859 0.276037 0.144976 0.066750 0.027528 0.011799 0.007893 0.008591 0.009862 0.009788 0.008001 0.005214 0.002545 0.000799 0.000086 -0.000026 
0.002346 0.015738 0.047207 0.244770 0.910904 1.537271 1.551545 1.777361 1.940698 1.863852 1.242389 0.611687 0.586386 0.364673 0.203786 0.099258 0.042264 0.016727 0.008368 0.007666 0.009155 0.009993 0.009108 0.006733 0.003865 0.001557 0.000314 -0.000045 
0.000807 0.007667 0.029213 0.125227 0.519266 1.229058 1.620920 1.638010 1.866840 1.932298 1.621198 0.928193 0.523362 0.500081 0.276627 0.144478 0.064819 0.025563 0.010400 0.007060 0.008137 0.009655 0.009766 0.008107 0.005360 0.002641 0.000802 0.000024 
0.000220 0.003477 0.016604 0.067912 0.284993 0.834693 1.464730 1.676312 1.725958 1.919990 1.823818 1.322434 0.689756 0.464027 0.413375 0.199139 0.098087 0.040141 0.014970 0.007252 0.007046 0.008841 0.009887 0.009158 0.006869 0.003997 0.001612 0.000280 
0.000091 0.001434 0.008807 0.037485 0.155731 0.518266 1.139669 1.622828 1.721377 1.804926 1.908180 1.623777 1.022506 0.526023 0.416817 0.326705 0.134465 0.063726 0.023459 0.008930 0.006210 0.007693 0.009457 0.009744 0.008209 0.005506 0.002744 0.000814 
0.000302 0.000504 0.004367 0.020483 0.085412 0.306462 0.796609 1.398529 1.720179 1.765026 1.854090 1.814436 1.362750 0.761166 0.423010 0.369374 0.243351 0.083908 0.039783 0.012977 0.006094 0.006426 0.008540 0.009785 0.009204 0.007003 0.004133 0.001675 
0.000853 0.000206 0.001978 0.010893 0.046846 0.176422 0.517898 1.083597 1.594388 1.777203 1.804031 1.850352 1.640097 1.080696 0.559160 0.360627 0.315411 0.167807 0.047431 0.024215 0.007045 0.005358 0.007261 0.009271 0.009723 0.008306 0.005652 0.002852 
0.001752 0.000360 0.000790 0.005543 0.025490 0.099931 0.320673 0.772720 1.345856 1.726792 1.810115 1.824755 1.777297 1.404039 0.815195 0.419518 0.318855 0.254408 0.104215 0.023678 0.014875 0.004266 0.005861 0.008253 0.009692 0.009248 0.007134 0.004270 
0.002968 0.000916 0.000347 0.002626 0.013617 0.055899 0.192014 0.517783 1.044152 1.560349 1.805655 1.826020 1.808788 1.631393 1.136565 0.593210 0.332310 0.282104 0.190030 0.055240 0.010309 0.009796 0.003538 0.006957 0.009091 0.009705 0.008400 0.005795 
0.004410 0.001845 0.000446 0.001131 0.007032 0.030846 0.112227 0.331192 0.755893 1.303522 1.716864 1.843955 1.822104 1.740111 1.423658 0.870954 0.427453 0.280870 0.241300 0.127974 0.021542 0.004501 0.007385 0.004038 0.008185 0.009588 0.009293 0.007260 
0.005937 0.003092 0.001000 0.000528 0.003429 0.016700 0.064341 0.204512 0.517825 1.014341 1.526979 1.816191 1.851648 1.788625 1.611192 1.176838 0.635553 0.317047 0.247708 0.193857 0.073896 0.001848 0.003452 0.006490 0.005175 0.009229 0.009653 0.008493 
0.007390 0.004550 0.001951 0.000561 0.001557 0.008769 0.036224 0.122860 0.339526 0.743183 1.268645 1.699513 1.865638 1.832446 1.714210 1.426130 0.919562 0.448453 0.251232 0.218847 0.142140 0.031883 -0.006557 0.004792 0.006377 0.006531 0.009895 0.009271 
0.008487 0.006090 0.003221 0.001105 0.000761 0.004386 0.019966 0.072145 0.214939 0.517980 0.990688 1.495903 1.815669 1.873957 1.783959 1.591400 1.200157 0.679575 0.315606 0.214435 0.186034 0.091205 0.003686 -0.007106 0.006805 0.006633 0.007812 0.010082 
0.009768 0.007389 0.004714 0.002069 0.000712 0.002077 0.010682 0.041481 0.132215 0.346429 0.733126 1.239232 1.678967 1.877497 1.847494 1.700499 1.420614 0.956033 0.478014 0.232171 0.191138 0.146923 0.046532 -0.011301 -0.003238 0.008479 0.007053 0.008810 
0.009389 0.008995 0.006089 0.003388 0.001229 0.001054 0.005475 0.023307 0.079356 0.223887 0.518217 0.971253 1.467396 1.808383 1.891062 1.788620 1.577168 1.211411 0.718703 0.326070 0.186053 0.169428 0.103750 0.012296 -0.015507 0.002163 0.009409 0.007534 
0.007995 0.009473 0.007856 0.004713 0.002241 0.000894 0.002690 0.012714 0.046554 0.140561 0.352327 0.724897 1.213936 1.657284 1.882011 1.862982 1.696521 1.413578 0.980926 0.509877 0.224485 0.162317 0.142721 0.061245 -0.009562 -0.012356 0.007089 0.009612 
0.009321 0.008347 0.009052 0.006475 0.003393 0.001427 0.001399 0.006674 0.026657 0.086037 0.231724 0.518511 0.954858 1.441322 1.796975 1.902966 1.798180 1.569609 1.215965 0.750201 0.343974 0.165498 0.147197 0.109718 0.024508 -0.019460 -0.005413 0.010466 
0.012021 0.008812 0.008490 0.008173 0.004997 0.002270 0.001171 0.003373 0.014827 0.051423 0.148092 0.357480 0.717990 1.191825 1.635500 1.881178 1.876920 1.699368 1.408421 0.997098 0.539645 0.226267 0.136325 0.130855 0.073079 -0.002632 -0.019689 0.002297 
0.008692 0.012033 0.008290 0.008331 0.006943 0.003577 0.001517 0.001859 0.007944 0.029982 0.092248 0.238696 0.518845 0.940742 1.417432 1.783088 1.910291 1.809806 1.568069 1.217807 0.774138 0.364947 0.153367 0.123031 0.108505 0.037466 -0.018492 -0.013576 
-0.004611 0.012729 0.011047 0.007838 0.007815 0.005507 0.002384 0.001388 0.004184 0.016969 0.056086 0.154949 0.362058 0.712075 1.172238 1.614140 1.876497 1.888509 1.706594 1.406504 1.007648 0.565233 0.234455 0.115543 0.113792 0.080049 0.007602 -0.023643 
-0.020412 0.004270 0.014266 0.009634 0.007428 0.006947 0.004048 0.001620 0.002312 0.009328 0.033236 0.098050 0.244973 0.519203 0.928388 1.395471 1.767761 1.913796 1.821793 1.571320 1.219422 0.791886 0.385889 0.148516 0.100022 0.100920 0.048664 -0.013171 
-0.023616 -0.012061 0.011104 0.013778 0.008228 0.006972 0.005800 0.002775 0.001576 0.005029 0.019170 0.060530 0.161248 0.366175 0.706926 1.154692 1.593465 1.869061 1.897549 1.716365 1.408049 1.015108 0.586195 0.246125 0.100659 0.094297 0.081436 0.018944 
-0.004828 -0.024603 -0.001930 0.015002 0.012031 0.007063 0.006375 0.004519 0.001947 0.002721 0.010764 0.036448 0.103469 0.250685 0.519572 0.917432 1.375203 1.751660 1.914193 1.833166 1.578099 1.222157 0.805148 0.405054 0.149067 0.080090 0.088679 0.056394 
0.029400 -0.019896 -0.018572 0.007254 0.016004 0.009796 0.006184 0.005593 0.003322 0.001916 0.005834 0.021400 0.064791 0.167053 0.369920 0.702381 1.138829 1.573596 1.859667 1.904125 1.727387 1.412737 1.021286 0.602987 0.259047 0.091202 0.074689 0.077645 
0.059923 0.004883 -0.025561 -0.008722 0.013764 0.014770 0.007666 0.005511 0.004668 0.002511 0.003209 0.012161 0.039618 0.108563 0.255911 0.519951 0.907606 1.356423 1.735218 1.912098 1.843405 1.587301 1.226612 0.815492 0.421722 0.153113 0.064029 0.073734 
0.069768 0.037557 -0.013413 -0.023052 0.001815 0.016952 0.012232 0.005970 0.004925 0.003754 0.002503 0.006653 0.023576 0.068904 0.172436 0.373344 0.698327 1.124369 1.554573 1.848898 1.908448 1.738780 1.420030 1.027356 0.616439 0.271772 0.086130 0.056533 
0.057796 0.059343 0.014417 -0.023399 -0.014932 0.010600 0.017074 0.009294 0.004795 0.004355 0.003138 0.003903 0.013518 0.042690 0.113395 0.260718 0.520326 0.898716 1.338951 1.718720 1.908020 1.852266 1.598040 1.232933 0.824178 0.435824 0.159073 0.051826 
0.040659 0.059122 0.042689 -0.005380 -0.024951 -0.004299 0.016219 0.014966 0.006634 0.004068 0.003844 0.003273 0.007605 0.025659 0.072851 0.177479 0.376487 0.694673 1.111103 1.536394 1.837179 1.910775 1.749962 1.429347 1.034011 0.627451 0.283498 0.084262 
