0.037885 0.151598 0.274868 0.831423 1.794264 1.866440 1.989751 1.996839 1.884385 1.315329 0.348268 0.284210 0.148947 0.067848 0.026834 0.009268 0.002818 0.000964 0.001456 0.003920 0.007949 0.012286 0.015159 0.015248 0.012495 0.008147 0.003977 0.001249 
0.014646 0.085107 0.212039 0.498985 1.262057 1.941685 1.921704 2.007823 1.955555 1.656932 0.881549 0.203363 0.225479 0.101627 0.042330 0.015120 0.004654 0.001317 0.000917 0.002442 0.005739 0.010079 0.013906 0.015552 0.014226 0.010520 0.006040 0.002433 
0.006562 0.042596 0.141514 0.335510 0.821006 1.612302 2.019145 1.951501 1.998988 1.837038 1.328835 0.530306 0.126883 0.181799 0.063909 0.024714 0.007794 0.002094 0.000750 0.001439 0.003869 0.007778 0.012056 0.015001 0.015260 0.012671 0.008377 0.004127 
0.004509 0.020379 0.084195 0.226628 0.541820 1.178429 1.863780 2.044634 1.960853 1.944192 1.626218 0.965862 0.279206 0.097049 0.144454 0.034475 0.013470 0.003541 0.000877 0.000840 0.002436 0.005639 0.009871 0.013695 0.015467 0.014322 0.010737 0.006246 
0.005033 0.010243 0.046294 0.145584 0.362629 0.819948 1.515011 2.017269 2.035823 1.944133 1.822870 1.338838 0.625821 0.125065 0.092056 0.109138 0.012850 0.007121 0.001301 0.000530 0.001434 0.003836 0.007626 0.011834 0.014838 0.015259 0.012834 0.008605 
0.006737 0.006541 0.024413 0.088034 0.239387 0.561254 1.137761 1.790241 2.087009 2.003758 1.887198 1.626200 1.010953 0.348911 0.050093 0.094336 0.075165 -0.001334 0.004222 0.000285 0.000773 0.002448 0.005558 0.009678 0.013487 0.015371 0.014402 0.010945 
0.008935 0.006137 0.013218 0.050505 0.152744 0.379006 0.817678 1.454505 1.983089 2.092886 1.949642 1.774753 1.362857 0.685781 0.154099 0.029331 0.092677 0.044082 -0.008813 0.003440 -0.000024 0.001462 0.003823 0.007492 0.011621 0.014669 0.015243 0.012985 
0.011184 0.007380 0.008443 0.028086 0.093506 0.250372 0.571791 1.111322 1.732327 2.090336 2.052894 1.866153 1.598431 1.057467 0.401766 0.040851 0.037490 0.082372 0.018172 -0.010830 0.003673 0.000100 0.002533 0.005494 0.009499 0.013280 0.015266 0.014468 
0.013137 0.009347 0.007303 0.015942 0.055074 0.160508 0.390513 0.814292 1.411640 1.944206 2.121046 1.978186 1.742415 1.362104 0.743958 0.184460 -0.005524 0.053901 0.063907 -0.000729 -0.009017 0.004146 0.000566 0.003948 0.007366 0.011417 0.014498 0.015215 
0.014525 0.011456 0.008106 0.010287 0.031696 0.099503 0.259939 0.578181 1.091270 1.686021 2.077092 2.089579 1.871914 1.570327 1.082761 0.456878 0.043279 -0.006988 0.065081 0.040919 -0.011916 -0.005117 0.004449 0.001387 0.005652 0.009313 0.013079 0.015151 
0.015176 0.013296 0.009816 0.008505 0.018588 0.059800 0.168142 0.399334 0.810369 1.378438 1.907016 2.130658 2.009515 1.731611 1.349791 0.787109 0.223543 -0.027271 0.013755 0.065029 0.018086 -0.015971 -0.000680 0.004496 0.002604 0.007558 0.011183 0.014327 
0.015038 0.014577 0.011756 0.008890 0.012123 0.035303 0.105580 0.268382 0.582371 1.074774 1.647663 2.056954 2.113185 1.890158 1.553690 1.091058 0.505437 0.059042 -0.043238 0.038111 0.053835 -0.000553 -0.014494 0.003173 0.004433 0.004225 0.009537 0.012815 
0.014058 0.015143 0.013461 0.010328 0.009744 0.021219 0.064554 0.175415 0.406478 0.806271 1.351158 1.872759 2.129202 2.036579 1.736105 1.338145 0.813621 0.264836 -0.035112 -0.025517 0.054176 0.035405 -0.012580 -0.009611 0.005854 0.004513 0.006191 0.011430 
0.013070 0.014794 0.014648 0.012076 0.009718 0.013974 0.038904 0.111544 0.275922 0.585283 1.060578 1.614869 2.034125 2.126524 1.912323 1.549310 1.091703 0.542261 0.083757 -0.069008 0.005567 0.057098 0.015064 -0.017465 -0.003441 0.007284 0.004974 0.008365 
0.010554 0.014305 0.014954 0.013665 0.010870 0.011019 0.023855 0.069261 0.182266 0.412479 0.802189 1.327849 1.841377 2.121182 2.057748 1.749418 1.332331 0.828462 0.301642 -0.030843 -0.060138 0.034213 0.047777 -0.002388 -0.016272 0.002334 0.007758 0.005957 
0.007456 0.012535 0.015017 0.014552 0.012456 0.010577 0.015851 0.042487 0.117313 0.282721 0.587397 1.048025 1.586129 2.010494 2.132370 1.934195 1.554469 1.091244 0.567920 0.111108 -0.083389 -0.028418 0.051093 0.030660 -0.013865 -0.011030 0.006694 0.007761 
0.007780 0.009322 0.014101 0.015153 0.013708 0.011489 0.012320 0.026499 0.073876 0.188695 0.417651 0.798217 1.307393 1.812529 2.109243 2.073289 1.767026 1.333294 0.837095 0.331200 -0.018930 -0.087087 0.008270 0.053370 0.011409 -0.018368 -0.004029 0.009309 
0.010403 0.008167 0.011307 0.015093 0.014743 0.012695 0.011523 0.017740 0.046038 0.122855 0.288905 0.588983 1.036729 1.560466 1.986939 2.132850 1.953946 1.566094 1.093003 0.585359 0.136665 -0.088255 -0.059848 0.037102 0.043272 -0.005002 -0.016713 0.002765 
0.008064 0.010520 0.009065 0.013119 0.015435 0.013931 0.012000 0.013708 0.029129 0.078381 0.194726 0.422191 0.794397 1.289099 1.785860 2.094965 2.084000 1.786139 1.340203 0.843500 0.353643 -0.003767 -0.105717 -0.019940 0.051535 0.025940 -0.015428 -0.010873 
-0.003202 0.011352 0.010281 0.010403 0.014494 0.015160 0.013019 0.012399 0.019705 0.049526 0.128167 0.294569 0.590201 1.026436 1.537222 1.963870 2.129491 1.970931 1.581680 1.098198 0.597716 0.158382 -0.086675 -0.086295 0.017585 0.050871 0.007228 -0.018891 
-0.016272 0.004217 0.012770 0.010193 0.011953 0.015255 0.014441 0.012519 0.015061 0.031801 0.082744 0.200398 0.426231 0.790743 1.272510 1.761063 2.079309 2.090734 1.805142 1.351718 0.850082 0.370406 0.011569 -0.117164 -0.047292 0.043052 0.038666 -0.008022 
-0.016952 -0.009620 0.009985 0.012873 0.010531 0.013411 0.015363 0.013618 0.013232 0.021656 0.052997 0.133232 0.299792 0.591152 1.016970 1.515938 1.941474 2.123374 1.985065 1.599409 1.106926 0.607499 0.175882 -0.081561 -0.107054 -0.004679 0.052700 0.020610 
0.002513 -0.018898 -0.001352 0.013519 0.012355 0.011318 0.014503 0.014952 0.013255 0.016343 0.034462 0.087003 0.205722 0.429872 0.787254 1.257310 1.737885 2.062879 2.094245 1.823155 1.366521 0.858081 0.383214 0.025389 -0.123301 -0.071850 0.029635 0.047839 
0.033117 -0.011182 -0.014994 0.006418 0.014941 0.011821 0.012383 0.015070 0.014372 0.014201 0.023524 0.056430 0.138090 0.304618 0.591909 1.008198 1.496283 1.919830 2.115265 1.996507 1.618031 1.118777 0.616451 0.189671 -0.075098 -0.122593 -0.027362 0.049147 
0.052699 0.014501 -0.018149 -0.007441 0.012291 0.014837 0.011642 0.013461 0.015144 0.014221 0.017676 0.037029 0.091166 0.210745 0.433168 0.783929 1.243266 1.716124 2.046061 2.095161 1.839734 1.383501 0.867997 0.393618 0.037036 -0.126005 -0.092818 0.013233 
0.041289 0.043308 -0.002517 -0.018215 0.001297 0.015712 0.013957 0.011924 0.014319 0.015008 0.015401 0.025365 0.059749 0.142775 0.309101 0.592506 1.000025 1.478005 1.898958 2.105716 2.005513 1.636718 1.133158 0.625667 0.200602 -0.068677 -0.133940 -0.048901 
-0.004450 0.053320 0.026376 -0.014132 -0.012860 0.009141 0.016856 0.012975 0.012568 0.014877 0.015242 0.019186 0.039504 0.095182 0.215526 0.436169 0.780751 1.230207 1.695609 2.029111 2.093985 1.854690 1.401784 0.879904 0.402831 0.046489 -0.126811 -0.110208 
-0.068473 0.030434 0.050437 0.007817 -0.018719 -0.004451 0.014784 0.016365 0.012338 0.013383 0.015302 0.016766 0.027299 0.062923 0.147271 0.313310 0.592968 0.992370 1.460915 1.878848 2.095126 2.012358 1.654938 1.149466 0.635767 0.209569 -0.063041 -0.142247 
