0.108428 0.088852 0.057932 0.028281 0.383880 1.125957 0.999712 1.000068 1.001681 1.009216 0.652669 -0.068507 0.087364 0.107800 0.108428 0.088852 0.057932 0.028281 0.008880 0.000957 -0.000288 0.000068 0.001681 0.009216 0.027669 0.056493 0.087364 0.107800 
0.110590 0.101166 0.074809 0.042948 0.157925 0.706609 1.171374 0.984065 1.000717 1.004708 0.876453 0.337660 -0.100202 0.114511 0.110590 0.101166 0.074809 0.042948 0.017300 0.003484 -0.000501 -0.000310 0.000717 0.004708 0.017078 0.040785 0.071673 0.098886 
0.106677 0.108519 0.090104 0.059567 0.082081 0.378053 0.949481 1.159229 0.966896 1.004296 0.957111 0.658374 0.106112 -0.074418 0.139880 0.106566 0.090104 0.059567 0.029347 0.008913 0.000263 -0.000927 0.000099 0.002342 0.009846 0.027514 0.055331 0.085739 
0.097391 0.109985 0.101844 0.076351 0.064193 0.195885 0.629335 1.099565 1.113323 0.956879 0.991276 0.839187 0.413933 -0.030619 -0.016622 0.154174 0.096228 0.076595 0.044417 0.017907 0.003115 -0.001265 -0.000691 0.001069 0.005437 0.017409 0.040154 0.070211 
0.084161 0.105512 0.108506 0.091266 0.068605 0.112058 0.374891 0.859853 1.163503 1.056376 0.950223 0.938542 0.660705 0.194070 -0.080939 0.049176 0.153794 0.081623 0.062074 0.030454 0.009046 -0.000377 -0.001597 0.000041 0.002927 0.010472 0.027435 0.054269 
0.068832 0.095904 0.109303 0.102415 0.080613 0.082067 0.216052 0.589606 1.034342 1.161287 1.003178 0.932573 0.832893 0.450987 0.032612 -0.066522 0.104672 0.139807 0.065270 0.047773 0.018473 0.002837 -0.002012 -0.001135 0.001328 0.006117 0.017777 0.039618 
0.053304 0.082636 0.104313 0.108395 0.093379 0.078433 0.132493 0.372882 0.803076 1.137538 1.117864 0.956937 0.886368 0.677219 0.246358 -0.056860 -0.014716 0.139247 0.116248 0.049392 0.034598 0.008947 -0.000936 -0.002289 -0.000102 0.003431 0.011088 0.027425 
0.039171 0.067538 0.094431 0.108553 0.103274 0.085897 0.096837 0.229397 0.564254 0.982274 1.171968 1.055057 0.910358 0.799116 0.489502 0.078794 -0.078958 0.048288 0.149868 0.088302 0.035487 0.023130 0.002034 -0.002679 -0.001638 0.001496 0.006744 0.018171 
0.027475 0.052434 0.081169 0.103089 0.108339 0.096098 0.087827 0.147915 0.371538 0.762868 1.105662 1.151838 0.986181 0.850555 0.669105 0.296785 -0.031702 -0.050960 0.102286 0.139478 0.060801 0.024251 0.013674 -0.002370 -0.002878 -0.000333 0.003856 0.011685 
0.018585 0.038808 0.066329 0.092981 0.107797 0.104405 0.091466 0.109326 0.239284 0.546240 0.940332 1.165827 1.095489 0.914614 0.765558 0.506804 0.127062 -0.079985 0.004100 0.135389 0.114623 0.037260 0.015716 0.006336 -0.004566 -0.001987 0.001556 0.007316 
0.012262 0.027577 0.051656 0.079764 0.101868 0.108377 0.099129 0.096547 0.160293 0.370637 0.732394 1.074154 1.167637 1.018869 0.836109 0.649893 0.332057 0.001952 -0.074334 0.063844 0.144013 0.083016 0.019511 0.009506 0.001075 -0.004962 -0.000336 0.004159 
0.007759 0.019018 0.038521 0.065207 0.091566 0.107072 0.105723 0.097004 0.120129 0.247140 0.532589 0.905774 1.151930 1.123534 0.931738 0.743433 0.507428 0.168538 -0.067918 -0.032053 0.111180 0.131160 0.051577 0.007821 0.005093 -0.002243 -0.003982 0.001928 
0.004853 0.012710 0.027739 0.050966 0.078427 0.100676 0.108504 0.102285 0.104586 0.170649 0.370060 0.708214 1.044730 1.172051 1.048061 0.837149 0.631393 0.350843 0.037506 -0.084026 0.026143 0.136576 0.103814 0.025220 0.001328 0.002001 -0.003812 -0.001983 
0.000809 0.008654 0.019328 0.038328 0.064168 0.090203 0.106393 0.107151 0.102370 0.129647 0.253686 0.521794 0.876677 1.134540 1.141470 0.953470 0.733626 0.500467 0.198273 -0.047236 -0.057904 0.081326 0.138095 0.070246 0.006437 -0.001406 -0.000094 -0.003853 
-0.002574 0.004334 0.013638 0.027787 0.050393 0.077161 0.099529 0.108701 0.105453 0.112002 0.179571 0.369731 0.688389 1.017736 1.169372 1.071836 0.847529 0.618711 0.358000 0.068433 -0.081925 -0.007026 0.120018 0.119747 0.037837 -0.004480 -0.001894 -0.001340 
-0.001733 -0.000138 0.008686 0.020107 0.038033 0.063256 0.088895 0.105764 0.108629 0.107502 0.138159 0.259327 0.512998 0.851726 1.115768 1.151751 0.975529 0.733684 0.492342 0.216823 -0.024147 -0.072633 0.049978 0.135797 0.088997 0.011729 -0.008800 -0.001363 
-0.000572 -0.001181 0.003371 0.014072 0.028257 0.049733 0.076024 0.098426 0.108947 0.108565 0.118858 0.187429 0.369600 0.671730 0.993083 1.162267 1.090165 0.862809 0.612950 0.358855 0.092019 -0.072450 -0.032714 0.097486 0.128975 0.054171 -0.005628 -0.008577 
-0.005944 0.000200 0.000449 0.007953 0.020729 0.038083 0.062276 0.087711 0.105172 0.110119 0.112377 0.145859 0.264315 0.505670 0.830004 1.096696 1.156377 0.995894 0.740693 0.486432 0.227030 -0.003011 -0.078108 0.021078 0.125570 0.104859 0.022396 -0.014209 
-0.015685 -0.002607 0.001061 0.003294 0.013682 0.028834 0.049325 0.074838 0.097438 0.109209 0.111584 0.125215 0.194465 0.369630 0.657465 0.970555 1.152413 1.103656 0.880133 0.613445 0.357373 0.108339 -0.059928 -0.050301 0.072661 0.130865 0.071347 -0.001639 
-0.016029 -0.012537 0.000403 0.002357 0.007469 0.020662 0.038412 0.061454 0.086502 0.104677 0.111571 0.116992 0.152887 0.268808 0.499464 0.810853 1.077888 1.156861 1.013740 0.752185 0.484082 0.231977 0.014110 -0.077351 -0.002987 0.109857 0.115821 0.036538 
0.006915 -0.021291 -0.007248 0.002754 0.004518 0.013055 0.028967 0.049271 0.073727 0.096449 0.109534 0.114466 0.131131 0.200844 0.369794 0.645066 0.949915 1.140882 1.113062 0.897767 0.618952 0.356029 0.118763 -0.047421 -0.060897 0.048625 0.126199 0.086835 
0.051945 -0.013652 -0.019550 -0.001742 0.004666 0.007940 0.020089 0.038570 0.060980 0.085305 0.104196 0.113019 0.121332 0.159356 0.272915 0.494140 0.793794 1.059633 1.154321 1.028849 0.766299 0.485504 0.234189 0.026786 -0.073248 -0.021511 0.091406 0.121134 
0.098904 0.018697 -0.024064 -0.013609 0.002887 0.006694 0.012905 0.028538 0.049284 0.072903 0.095430 0.109866 0.117239 0.136630 0.206694 0.370069 0.634163 0.930940 1.128371 1.119105 0.914709 0.628182 0.356162 0.124999 -0.036652 -0.066350 0.027300 0.116669 
0.121178 0.066606 -0.007364 -0.025488 -0.006116 0.006377 0.009500 0.019544 0.038272 0.060735 0.084303 0.103659 0.114436 0.125433 0.165328 0.276718 0.489526 0.778466 1.042074 1.149575 1.041298 0.781712 0.490359 0.235473 0.035484 -0.067995 -0.034944 0.072520 
0.104199 0.106796 0.032046 -0.023407 -0.020489 0.000990 0.009109 0.013657 0.027823 0.049037 0.072381 0.094508 0.110120 0.119907 0.141768 0.212086 0.370444 0.624480 0.913437 1.115338 1.122409 0.930419 0.640006 0.358357 0.128617 -0.028319 -0.068536 0.009486 
0.054757 0.117012 0.079089 0.001907 -0.029244 -0.012070 0.006720 0.011830 0.019537 0.037549 0.060442 0.083596 0.103128 0.115742 0.129328 0.170870 0.280260 0.485502 0.764593 1.025269 1.143227 1.051296 0.797515 0.498086 0.236998 0.041048 -0.063017 -0.044305 
-0.004818 0.090485 0.110573 0.045405 -0.019422 -0.026698 -0.002877 0.010985 0.015359 0.027255 0.048385 0.071987 0.093815 0.110300 0.122413 0.146604 0.217084 0.370900 0.615817 0.897233 1.102088 1.123498 0.944637 0.653507 0.362750 0.130881 -0.022470 -0.069008 
-0.050754 0.038945 0.109931 0.088646 0.012949 -0.030254 -0.018674 0.005299 0.014358 0.020367 0.036666 0.059877 0.083123 0.102725 0.116903 0.132999 0.176058 0.283575 0.481971 0.751962 1.009231 1.135724 1.059101 0.813106 0.508082 0.239454 0.044391 -0.059091 
