-0.000032 0.000008 0.000187 0.001024 0.003074 0.006277 0.384707 1.136978 1.012048 1.009872 1.006437 1.003142 0.625987 -0.124894 -0.000032 0.000008 0.000187 0.001024 0.003074 0.006277 0.009707 0.011978 0.012048 0.009872 0.006437 0.003142 0.000987 0.000106 
-0.000056 -0.000034 0.000080 0.000523 0.001898 0.004532 0.148589 0.714112 1.184163 0.995616 1.008312 1.004772 0.861297 0.297262 -0.171931 0.015591 0.000080 0.000523 0.001898 0.004532 0.007964 0.010987 0.012288 0.011241 0.008312 0.004772 0.001922 0.000387 
0.000029 -0.000103 0.000011 0.000260 0.001094 0.003057 0.058882 0.378667 0.961072 1.172214 0.976808 1.008572 0.950526 0.631850 0.050810 -0.160259 0.033214 -0.001693 0.001094 0.003057 0.006148 0.009527 0.011853 0.012058 0.010012 0.006619 0.003261 0.000990 
0.000346 -0.000141 -0.000077 0.000119 0.000604 0.001934 0.024237 0.185780 0.637042 1.113051 1.125330 0.964294 0.990775 0.823767 0.374125 -0.100971 -0.114090 0.044308 -0.005011 0.002178 0.004462 0.007801 0.010821 0.012221 0.011316 0.008483 0.004935 0.001990 
0.001005 -0.000042 -0.000177 0.000005 0.000325 0.001164 0.010464 0.087603 0.375196 0.871953 1.177156 1.066476 0.954095 0.931457 0.634275 0.139759 -0.165278 -0.056331 0.045613 -0.008480 0.003933 0.005999 0.009351 0.011724 0.012056 0.010141 0.006799 0.003387 
0.002067 0.000315 -0.000224 -0.000126 0.000148 0.000680 0.004756 0.040554 0.205093 0.597429 1.048499 1.173802 1.010498 0.931558 0.817184 0.411684 -0.036444 -0.162552 -0.004484 0.038071 -0.010587 0.006260 0.007515 0.010660 0.012145 0.011379 0.008648 0.005102 
0.003521 0.001031 -0.000106 -0.000254 -0.000011 0.000381 0.002275 0.018690 0.106731 0.372786 0.815622 1.151871 1.128226 0.960483 0.878800 0.650825 0.192948 -0.139751 -0.119040 0.031233 0.025144 -0.010351 0.008836 0.008851 0.011610 0.012043 0.010260 0.006977 
0.005270 0.002155 0.000293 -0.000304 -0.000182 0.000166 0.001140 0.008667 0.053757 0.217507 0.572107 0.997070 1.185035 1.062366 0.908884 0.783099 0.450624 0.010952 -0.173572 -0.060099 0.047734 0.011072 -0.007593 0.011240 0.009887 0.012117 0.011429 0.008805 
0.007152 0.003660 0.001067 -0.000163 -0.000333 -0.000036 0.000575 0.004085 0.026517 0.120799 0.370950 0.775793 1.120677 1.162530 0.989477 0.842529 0.642698 0.244188 -0.113204 -0.154085 -0.005477 0.047465 -0.000510 -0.002864 0.013087 0.010554 0.012138 0.010359 
0.008934 0.005442 0.002251 0.000282 -0.000381 -0.000243 0.000230 0.001968 0.012935 0.064677 0.226391 0.554035 0.955730 1.179483 1.102867 0.912740 0.749224 0.468278 0.060352 -0.173208 -0.103467 0.032952 0.036092 -0.007390 0.002824 0.014131 0.010832 0.011669 
0.010748 0.007282 0.003809 0.001114 -0.000213 -0.000412 -0.000048 0.000941 0.006298 0.033709 0.131787 0.369472 0.745626 1.089849 1.178721 1.021992 0.827656 0.623430 0.280187 -0.078224 -0.176250 -0.043592 0.051182 0.020179 -0.008995 0.008341 0.014307 0.010733 
0.010292 0.009450 0.005547 0.002364 0.000280 -0.000453 -0.000300 0.000368 0.003073 0.017247 0.073915 0.233179 0.540241 0.921729 1.166204 1.131057 0.929525 0.726779 0.469186 0.102878 -0.159785 -0.138757 0.008530 0.051402 0.005363 -0.006141 0.012745 0.013713 
0.012551 0.009549 0.007881 0.003865 0.001184 -0.000256 -0.000488 -0.000030 0.001466 0.008726 0.040269 0.140723 0.368235 0.721681 1.061093 1.183583 1.051089 0.828304 0.604838 0.299621 -0.041409 -0.184732 -0.080896 0.043018 0.039497 -0.004706 -0.000497 0.015469 
0.016370 0.011060 0.008548 0.006167 0.002358 0.000309 -0.000523 -0.000345 0.000588 0.004376 0.021462 0.081882 0.238596 0.529216 0.893142 1.149453 1.149209 0.950983 0.716656 0.462449 0.133583 -0.137784 -0.163709 -0.021448 0.057187 0.022481 -0.008653 0.006016 
0.011733 0.015673 0.009454 0.007341 0.004441 0.001114 -0.000259 -0.000560 0.000027 0.002125 0.011257 0.046256 0.148202 0.367168 0.702016 1.034749 1.181401 1.074843 0.838332 0.592037 0.307348 -0.009288 -0.181427 -0.113602 0.025822 0.054001 0.006468 -0.007043 
-0.001691 0.015557 0.013834 0.007885 0.005989 0.002831 0.000183 -0.000543 -0.000378 0.000887 0.005812 0.025523 0.088860 0.243058 0.520107 0.868647 1.131335 1.159773 0.972832 0.716408 0.454492 0.153023 -0.113420 -0.177510 -0.052840 0.053818 0.039699 -0.004541 
-0.009002 0.005133 0.017067 0.011387 0.006430 0.004568 0.001443 -0.000420 -0.000572 0.000117 0.002892 0.013819 0.051738 0.154602 0.366226 0.685440 1.010722 1.174835 1.093225 0.853305 0.586136 0.308702 0.015424 -0.170759 -0.138770 0.002741 0.061855 0.021344 
0.004900 -0.007495 0.011375 0.016429 0.008818 0.005112 0.003163 0.000354 -0.000710 -0.000332 0.001244 0.007336 0.029405 0.095052 0.246819 0.512384 0.847323 1.112925 1.164746 0.993054 0.723127 0.448702 0.164043 -0.091055 -0.182036 -0.081705 0.042597 0.054053 
0.037053 -0.005892 -0.001968 0.015629 0.014207 0.006477 0.003918 0.001866 -0.000396 -0.000701 0.000306 0.003726 0.016374 0.056781 0.160170 0.365377 0.671182 0.988791 1.165558 1.106839 0.870370 0.586477 0.307652 0.032799 -0.157060 -0.155784 -0.022550 0.062431 
0.063537 0.017776 -0.009788 0.005122 0.017295 0.011130 0.004551 0.002829 0.000761 -0.000794 -0.000362 0.001714 0.008896 0.033107 0.100603 0.250046 0.505704 0.828511 1.094780 1.165634 1.010823 0.734351 0.446431 0.169729 -0.072754 -0.180314 -0.105662 0.025972 
0.056513 0.051072 0.001719 -0.007643 0.011551 0.016505 0.007893 0.003083 0.001838 -0.000080 -0.000826 0.000471 0.004667 0.018873 0.061444 0.165081 0.364599 0.658714 0.968713 1.154634 1.116437 0.887795 0.591822 0.306678 0.044210 -0.143400 -0.165764 -0.046968 
0.006687 0.067408 0.031885 -0.007960 -0.001615 0.015808 0.013895 0.005012 0.002015 0.000963 -0.000600 -0.000433 0.002206 0.010519 0.036613 0.105630 0.252855 0.499832 0.811728 1.077183 1.163550 1.025921 0.748225 0.447896 0.172609 -0.058952 -0.175238 -0.124011 
-0.068596 0.045795 0.061677 0.012502 -0.010562 0.005711 0.017268 0.010325 0.002778 0.001246 0.000245 -0.000733 0.000578 0.005653 0.021343 0.065756 0.169466 0.363874 0.647665 0.950261 1.142752 1.122735 0.904581 0.600889 0.307123 0.051363 -0.131504 -0.170563 
-0.137208 -0.012954 0.066049 0.045221 -0.002293 -0.007342 0.012079 0.016109 0.006627 0.001260 0.000679 -0.000246 -0.000363 0.002645 0.012172 0.039959 0.110199 0.255333 0.494597 0.796612 1.060270 1.159307 1.038425 0.763428 0.452765 0.174492 -0.049182 -0.169010 
-0.172063 -0.086637 0.032204 0.068114 0.024800 -0.010126 -0.000690 0.016018 0.013057 0.003429 0.000371 0.000259 -0.000406 0.000750 0.006593 0.023783 0.069773 0.173404 0.363199 0.637761 0.933236 1.130366 1.126356 0.920191 0.612555 0.309580 0.055830 -0.122077 
-0.163060 -0.146276 -0.031394 0.060526 0.056360 0.006288 -0.010954 0.006755 0.016996 0.009076 0.001079 -0.000053 -0.000004 -0.000056 0.003086 0.013770 0.043178 0.114383 0.257531 0.489884 0.782884 1.044094 1.153504 1.048543 0.779057 0.460485 0.176552 -0.042604 
-0.115169 -0.171823 -0.101097 0.017436 0.070453 0.037062 -0.006436 -0.006468 0.012809 0.015306 0.005087 -0.000345 -0.000176 -0.000017 0.001116 0.007485 0.026133 0.073556 0.176964 0.362557 0.628803 0.917463 1.117774 1.127820 0.934366 0.625906 0.314188 0.058877 
-0.038304 -0.158170 -0.152383 -0.047806 0.052135 0.064559 0.016577 -0.011886 0.000757 0.016155 0.011786 0.001773 -0.000961 -0.000095 0.000428 0.003646 0.015274 0.046248 0.118262 0.259488 0.485598 0.770331 1.028662 1.146580 1.056530 0.794512 0.470455 0.179482 
