0.792605 0.999336 1.044449 0.945811 0.796243 0.710719 0.747891 0.871159 0.979216 0.985167 1.259355 1.883024 1.709796 1.784502 1.931245 2.036798 1.627554 0.683973 0.524193 0.255261 0.080084 0.008639 -0.002587 0.000613 0.015129 0.082943 0.249024 0.508438 
0.647428 0.905650 1.042094 1.013099 0.877393 0.745476 0.713968 0.798763 0.927088 0.994955 1.088731 1.527504 1.896022 1.716157 1.848868 1.989170 1.896526 1.222556 0.506108 0.403371 0.155953 0.031395 -0.004502 -0.002790 0.006457 0.042374 0.153700 0.367064 
0.498871 0.779306 0.989094 1.048276 0.958585 0.810961 0.717171 0.741828 0.857485 0.968579 1.038604 1.264993 1.720545 1.874638 1.743441 1.918070 1.971966 1.632207 0.869641 0.378025 0.297747 0.078316 0.002364 -0.008347 0.000891 0.021081 0.088611 0.247627 
0.361721 0.635440 0.893031 1.037511 1.022040 0.892014 0.757337 0.714693 0.788281 0.913602 1.008725 1.132253 1.464124 1.835274 1.844700 1.792527 1.960110 1.851293 1.303775 0.589965 0.286469 0.205426 0.022405 -0.011147 -0.006221 0.009617 0.048929 0.156683 
0.247041 0.489995 0.766252 0.979410 1.049769 0.971346 0.825257 0.724511 0.736958 0.844475 0.964938 1.066939 1.272146 1.644789 1.885202 1.826314 1.848849 1.940252 1.632372 0.967656 0.386928 0.218141 0.126663 -0.013054 -0.013494 0.000334 0.026339 0.094250 
0.160036 0.357248 0.623961 0.880718 1.032440 1.029156 0.906760 0.769216 0.716585 0.778833 0.903088 1.018246 1.156641 1.437538 1.781524 1.893171 1.827404 1.885942 1.836222 1.344618 0.666793 0.251041 0.162738 0.062834 -0.030684 -0.008363 0.011814 0.055056 
0.099829 0.247113 0.481917 0.753584 0.969708 1.050173 0.982847 0.839882 0.732287 0.733349 0.833210 0.961804 1.084539 1.279277 1.601645 1.866390 1.882464 1.841135 1.874614 1.645656 1.028984 0.426158 0.165959 0.114236 0.015277 -0.034003 0.001993 0.030552 
0.060101 0.163720 0.353575 0.613142 0.868589 1.026898 1.034984 0.920819 0.781663 0.719236 0.770930 0.893915 1.023904 1.172908 1.424507 1.741220 1.905511 1.868975 1.848523 1.792940 1.385784 0.725840 0.253230 0.114038 0.070661 -0.015573 -0.026664 0.017202 
0.038773 0.104320 0.247868 0.474644 0.741381 0.959886 1.049719 0.993183 0.854365 0.740858 0.730818 0.823511 0.958034 1.096029 1.285883 1.574724 1.842418 1.912346 1.856738 1.825123 1.633308 1.087410 0.466118 0.141957 0.080373 0.032901 -0.030512 -0.011601 
0.009653 0.069650 0.166344 0.350853 0.603018 0.856662 1.020886 1.039747 0.934059 0.794448 0.722905 0.764323 0.885544 1.026598 1.184474 1.417930 1.711215 1.902103 1.900234 1.837932 1.749241 1.404620 0.786189 0.266896 0.078343 0.054873 0.003188 -0.031347 
-0.020288 0.037277 0.113410 0.247622 0.468478 0.729655 0.949952 1.048487 1.002472 0.868494 0.750168 0.729494 0.814958 0.953592 1.103433 1.291754 1.557094 1.819459 1.925263 1.876637 1.796885 1.608921 1.129630 0.514150 0.131277 0.045972 0.032557 -0.016223 
-0.023845 0.000790 0.073022 0.173256 0.347219 0.594026 0.844913 1.014440 1.043548 0.946478 0.807374 0.727624 0.758958 0.877629 1.027112 1.192784 1.414797 1.688648 1.891931 1.920254 1.840652 1.716429 1.405692 0.838914 0.293638 0.051429 0.030278 0.012588 
-0.003286 -0.019161 0.030957 0.119639 0.251021 0.461517 0.718960 0.939847 1.046546 1.010786 0.882180 0.760080 0.729406 0.807377 0.948519 1.107924 1.296747 1.545243 1.799111 1.927962 1.893944 1.784118 1.584375 1.154308 0.563588 0.134650 0.013221 0.021001 
0.012865 -0.012275 -0.002351 0.070477 0.179993 0.346380 0.584370 0.833973 1.007470 1.046473 0.958089 0.820317 0.733315 0.754811 0.870051 1.025938 1.198658 1.413536 1.671505 1.879164 1.931312 1.848507 1.695486 1.398132 0.879030 0.328896 0.035497 0.000960 
0.001107 0.004926 -0.011696 0.026200 0.120649 0.256077 0.456425 0.707720 0.930234 1.043783 1.018205 0.895376 0.770470 0.730500 0.800713 0.942914 1.110194 1.300828 1.537134 1.781623 1.924676 1.906779 1.780773 1.564851 1.166299 0.607842 0.150105 -0.014129 
-0.028945 0.004444 -0.000830 0.000437 0.066355 0.183241 0.348136 0.575704 0.822575 1.000630 1.048385 0.968947 0.833183 0.739868 0.751834 0.862815 1.023419 1.202592 1.413272 1.658356 1.865829 1.935846 1.857289 1.684052 1.388404 0.907059 0.366383 0.031300 
-0.033177 -0.023955 0.006640 -0.001014 0.025315 0.118427 0.259687 0.454086 0.696727 0.920204 1.040795 1.024565 0.908105 0.781219 0.732691 0.794947 0.936914 1.110684 1.303993 1.531513 1.766794 1.918020 1.915140 1.782506 1.551529 1.170943 0.644137 0.173143 
0.036898 -0.055509 -0.011329 0.007594 0.007903 0.063523 0.183039 0.350244 0.569376 0.810861 0.993360 1.049782 0.978864 0.845966 0.747160 0.749971 0.855967 1.019824 1.204897 1.413477 1.648183 1.852914 1.935843 1.865042 1.679310 1.379937 0.925818 0.401664 
0.199357 -0.043350 -0.050492 0.001290 0.010075 0.028799 0.115294 0.260680 0.453319 0.687324 0.909484 1.037331 1.030241 0.920162 0.792301 0.735864 0.790071 0.930663 1.109708 1.306248 1.527564 1.754296 1.909603 1.919659 1.786542 1.543829 1.172221 0.672495 
0.432603 0.049200 -0.076367 -0.031967 0.011057 0.018195 0.063575 0.180626 0.351093 0.565151 0.799885 0.985196 1.050653 0.988075 0.858455 0.755154 0.749137 0.849569 1.015379 1.205791 1.413809 1.640253 1.840877 1.932788 1.870997 1.678885 1.374137 0.938373 
0.694239 0.225605 -0.045813 -0.075413 -0.010283 0.019111 0.036104 0.113142 0.259182 0.452673 0.679933 0.898718 1.032907 1.035368 0.931645 0.803514 0.739985 0.786046 0.924302 1.107510 1.307600 1.524728 1.743793 1.900422 1.921105 1.791231 1.540591 1.172632 
0.947239 0.458702 0.065244 -0.090840 -0.054689 0.008881 0.029158 0.067118 0.177537 0.349997 0.562082 0.790385 0.976387 1.050603 0.996780 0.870631 0.763675 0.749317 0.843650 1.010287 1.205445 1.414034 1.634018 1.829912 1.927757 1.874988 1.681007 1.371276 
1.173546 0.711033 0.250088 -0.042470 -0.096794 -0.026331 0.024431 0.045928 0.113270 0.256011 0.451086 0.674207 0.888674 1.027468 1.039697 0.942746 0.814754 0.744921 0.782897 0.917930 1.104300 1.308060 1.522602 1.734976 1.891090 1.920199 1.795649 1.540610 
1.371081 0.954221 0.480365 0.082761 -0.099411 -0.077161 0.001513 0.038838 0.073868 0.175216 0.347007 0.559141 0.782522 0.967530 1.049403 1.004869 0.882630 0.772567 0.750433 0.838281 1.004698 1.204007 1.413983 1.629060 1.820066 1.921520 1.877131 1.684440 
1.542844 1.175589 0.724417 0.272031 -0.035254 -0.113839 -0.044877 0.025344 0.056640 0.116252 0.252306 0.448031 0.669425 0.879823 1.021359 1.042937 0.953462 0.826077 0.750509 0.780609 0.911669 1.100241 1.307662 1.520884 1.727572 1.881987 1.917556 1.799324 
1.688365 1.373064 0.960492 0.498376 0.100251 -0.103134 -0.097801 -0.009924 0.045857 0.082906 0.174724 0.342710 0.555520 0.775999 0.959198 1.047142 1.012081 0.894508 0.781816 0.752351 0.833519 0.998766 1.201595 1.413548 1.625045 1.811313 1.914627 1.877665 
1.802057 1.546464 1.178937 0.735627 0.291315 -0.025784 -0.126557 -0.064181 0.021979 0.066723 0.121969 0.249196 0.443512 0.664801 0.872258 1.015077 1.044987 0.963609 0.837552 0.756680 0.779106 0.905633 1.095483 1.306431 1.519353 1.721333 1.873340 1.913681 
1.876865 1.692257 1.376692 0.966755 0.513596 0.116864 -0.103211 -0.115763 -0.024074 0.049528 0.093034 0.176585 0.337968 0.550785 0.770258 0.951748 1.044146 1.018209 0.906165 0.791468 0.754980 0.829357 0.992642 1.198319 1.412645 1.621711 1.803583 1.907468 
