0.280301 0.395603 0.474775 0.586533 0.731601 0.882530 1.358959 2.108906 1.869379 1.678863 1.481508 1.338319 0.897079 0.138168 0.269249 0.253272 0.202725 0.131074 0.063793 0.020010 0.002157 -0.000647 0.000153 0.003782 0.020736 0.062256 0.127110 0.196569 
0.236651 0.334005 0.439705 0.526581 0.654903 0.806333 1.080057 1.699743 2.112827 1.767995 1.581041 1.403143 1.154955 0.557332 0.092459 0.279643 0.232320 0.169537 0.096887 0.038964 0.007842 -0.001127 -0.000698 0.001614 0.010593 0.038425 0.091766 0.161264 
0.198221 0.282582 0.385812 0.485496 0.585561 0.727729 0.927908 1.346655 1.932110 2.035150 1.654783 1.490960 1.287836 0.899823 0.308302 0.104544 0.285295 0.202861 0.134446 0.066085 0.020053 0.000589 -0.002087 0.000223 0.005270 0.022153 0.061907 0.124495 
0.159966 0.239072 0.331839 0.436097 0.535481 0.651382 0.820567 1.109961 1.618544 2.043932 1.905392 1.545803 1.394310 1.116940 0.629501 0.157953 0.146856 0.276976 0.166901 0.100259 0.040278 0.007000 -0.002848 -0.001555 0.002404 0.012232 0.039171 0.090347 
0.122851 0.198333 0.283748 0.382531 0.486398 0.591367 0.729314 0.950238 1.336853 1.841638 2.045153 1.753229 1.444045 1.271360 0.899480 0.391741 0.094848 0.194264 0.251963 0.128151 0.069436 0.020301 -0.000853 -0.003594 0.000091 0.006585 0.023563 0.061729 
0.089421 0.158797 0.239799 0.331468 0.433829 0.538745 0.656218 0.829404 1.122834 1.574474 1.981054 1.961121 1.600794 1.340640 1.110319 0.662592 0.216938 0.095017 0.228328 0.212746 0.090656 0.043671 0.006227 -0.004525 -0.002555 0.002987 0.013763 0.039997 
0.061810 0.121615 0.197845 0.284300 0.381313 0.485968 0.595912 0.735847 0.961089 1.328878 1.783397 2.024402 1.823507 1.458196 1.221750 0.913632 0.439506 0.115511 0.129768 0.239148 0.165014 0.057775 0.023756 -0.002486 -0.005130 -0.000230 0.007721 0.024948 
0.040925 0.088845 0.157676 0.239794 0.331487 0.432685 0.540279 0.662130 0.837805 1.127165 1.545296 1.930588 1.979192 1.661403 1.323865 1.076650 0.697320 0.258742 0.080358 0.172568 0.225021 0.115533 0.031613 0.009663 -0.006757 -0.003623 0.003364 0.015175 
0.026307 0.062113 0.120647 0.197075 0.284444 0.380898 0.485682 0.599422 0.743240 0.968274 1.320134 1.742047 1.996976 1.866097 1.495103 1.188967 0.903499 0.485437 0.137026 0.092639 0.203764 0.190519 0.070377 0.012892 0.000762 -0.007635 -0.000611 0.008666 
0.016441 0.041940 0.088539 0.156624 0.239392 0.331535 0.432249 0.541433 0.667571 0.845605 1.128351 1.522334 1.890385 1.979762 1.710614 1.333928 1.043650 0.711043 0.302525 0.076830 0.128762 0.212688 0.143810 0.033802 0.001157 -0.003903 -0.006050 0.003746 
0.009731 0.027590 0.062602 0.119896 0.196172 0.284291 0.380821 0.485782 0.602383 0.750101 0.973889 1.311438 1.709601 1.969908 1.890004 1.535713 1.177988 0.882637 0.516273 0.166825 0.068092 0.166726 0.197349 0.093948 0.007810 -0.004821 -0.005341 -0.002645 
0.002333 0.017975 0.042952 0.088464 0.155661 0.238751 0.331505 0.432247 0.542627 0.672352 0.852486 1.128443 1.502943 1.856986 1.972482 1.747157 1.357280 1.022516 0.708332 0.339434 0.086119 0.092739 0.190539 0.162402 0.048721 -0.007694 -0.006595 -0.004395 
-0.001597 0.009040 0.029297 0.063141 0.119352 0.195220 0.283920 0.380877 0.486233 0.605072 0.756118 0.978487 1.303375 1.682522 1.944553 1.902422 1.572787 1.183008 0.862851 0.530722 0.198329 0.056937 0.130241 0.192213 0.116254 0.013355 -0.014334 -0.005633 
-0.003032 0.002896 0.017966 0.044521 0.088450 0.154828 0.237966 0.331367 0.432505 0.543967 0.676569 0.858387 1.128116 1.486166 1.828177 1.961508 1.773543 1.385416 1.014227 0.698283 0.364558 0.103758 0.066752 0.162643 0.171475 0.068172 -0.009891 -0.014532 
-0.010799 0.000629 0.009288 0.029808 0.064314 0.118833 0.194302 0.283383 0.380969 0.486946 0.607625 0.761326 0.982263 1.296101 1.659176 1.920927 1.907687 1.604500 1.197704 0.849349 0.533643 0.225043 0.057280 0.098086 0.177942 0.133840 0.025986 -0.021389 
-0.023340 -0.005190 0.005305 0.018065 0.045312 0.089072 0.153949 0.237141 0.331113 0.432908 0.545448 0.680348 0.863390 1.127569 1.471484 1.802717 1.948681 1.792337 1.414053 1.016222 0.687415 0.378455 0.123557 0.051612 0.133132 0.171386 0.087882 -0.005262 
-0.023684 -0.018793 0.001014 0.011402 0.029878 0.065128 0.118871 0.193256 0.282780 0.381033 0.487835 0.610103 0.765851 0.985337 1.289560 1.638686 1.898858 1.908297 1.630937 1.217581 0.843190 0.530454 0.244248 0.064715 0.073189 0.157667 0.144853 0.042515 
0.004898 -0.030125 -0.010754 0.007385 0.019629 0.045406 0.089688 0.153483 0.236125 0.330815 0.433365 0.547036 0.683792 0.867627 1.126856 1.458510 1.779891 1.934919 1.805467 1.441259 1.025515 0.679116 0.384035 0.141147 0.045451 0.105928 0.163422 0.104875 
0.060065 -0.020732 -0.027239 -0.001531 0.014244 0.030826 0.065234 0.119146 0.192448 0.281964 0.381107 0.488810 0.612528 0.769825 0.987818 1.283630 1.620484 1.878199 1.905753 1.652708 1.239829 0.843647 0.525160 0.256067 0.074900 0.056168 0.135047 0.148653 
0.117134 0.018693 -0.033272 -0.018412 0.007598 0.022434 0.045802 0.089752 0.153373 0.235180 0.330333 0.433889 0.548667 0.686979 0.871234 1.125996 1.446927 1.759234 1.920746 1.814305 1.466247 1.039651 0.674692 0.384440 0.154493 0.045230 0.083406 0.150010 
0.146007 0.076109 -0.013099 -0.034195 -0.006800 0.016413 0.033051 0.065204 0.119104 0.192003 0.281088 0.381060 0.489875 0.614882 0.773364 0.989802 1.278191 1.604158 1.858840 1.901020 1.670478 1.262766 0.849467 0.520227 0.261928 0.084776 0.045888 0.113155 
0.133882 0.123901 0.033919 -0.032161 -0.026559 0.005329 0.025554 0.047188 0.089436 0.153179 0.234523 0.329713 0.434363 0.550355 0.689938 0.874338 1.125002 1.436477 1.740410 1.906492 1.819839 1.488769 1.056815 0.674339 0.382210 0.163208 0.048049 0.066252 
0.093889 0.138593 0.088910 -0.002109 -0.038320 -0.013901 0.016899 0.036195 0.065735 0.118620 0.191651 0.280387 0.380855 0.490941 0.617197 0.776536 0.991387 1.273138 1.589386 1.840682 1.894758 1.684856 1.285402 0.859392 0.516982 0.263568 0.092648 0.040480 
0.053987 0.117329 0.125550 0.048568 -0.027066 -0.033689 0.000702 0.027985 0.049685 0.089260 0.152617 0.234056 0.329155 0.434696 0.552048 0.692731 0.877023 1.123900 1.426950 1.723153 1.892373 1.822804 1.508823 1.075717 0.677737 0.379150 0.167797 0.051720 
0.038061 0.078024 0.128330 0.097709 0.010582 -0.039004 -0.021620 0.015232 0.039533 0.067238 0.117966 0.191076 0.279897 0.380620 0.491895 0.619473 0.779426 0.992638 1.268404 1.575908 1.823636 1.887437 1.696365 1.307161 0.872336 0.516020 0.262569 0.097849 
0.054838 0.045574 0.101884 0.123135 0.061209 -0.018903 -0.038683 -0.005628 0.028952 0.052960 0.089724 0.151723 0.233523 0.328771 0.434939 0.553647 0.695403 0.879375 1.122702 1.418188 1.707244 1.878527 1.823760 1.526530 1.095451 0.684364 0.376436 0.169118 
0.100348 0.037079 0.065532 0.116892 0.102569 0.023426 -0.036335 -0.028760 0.011471 0.042277 0.069747 0.117569 0.190148 0.279466 0.380490 0.492725 0.621644 0.782112 0.993619 1.263925 1.563520 1.807607 1.879400 1.705453 1.327721 0.887409 0.517505 0.260201 
0.168093 0.056641 0.039840 0.088349 0.117941 0.071100 -0.008877 -0.040964 -0.012726 0.028052 0.056429 0.091114 0.150764 0.232715 0.328515 0.435206 0.555099 0.697934 0.881485 1.121422 1.410062 1.692502 1.865040 1.823144 1.542060 1.115388 0.693656 0.374778 
