0.007237 0.003191 0.003599 0.010327 0.028440 0.069014 0.523451 1.406776 1.470310 1.689809 1.889499 2.008914 1.631767 0.758709 0.682151 0.462993 0.276302 0.144897 0.066616 0.027119 0.011612 0.009726 0.014851 0.022001 0.026979 0.027111 0.022213 0.014483 
0.010800 0.004814 0.002838 0.006173 0.017960 0.045919 0.244499 0.911502 1.541017 1.560564 1.792130 1.959241 1.882411 1.257227 0.620867 0.590397 0.365589 0.203689 0.099116 0.042020 0.016367 0.008967 0.011412 0.018173 0.024762 0.027651 0.025291 0.018702 
0.014915 0.007567 0.003325 0.003842 0.011010 0.029918 0.123882 0.519448 1.230946 1.627036 1.649844 1.883742 1.951319 1.638363 0.940444 0.529896 0.502285 0.276776 0.144237 0.064633 0.025263 0.010385 0.008959 0.014253 0.021489 0.026669 0.027127 0.022525 
0.019096 0.011208 0.005058 0.002989 0.006594 0.018996 0.067518 0.283964 0.835706 1.468417 1.685101 1.740407 1.938321 1.842407 1.337524 0.699249 0.468224 0.414268 0.198885 0.097818 0.039919 0.014762 0.007991 0.010766 0.017628 0.024336 0.027488 0.025459 
0.022819 0.015343 0.007916 0.003513 0.004082 0.011696 0.038742 0.154751 0.517923 1.141940 1.628762 1.732926 1.821538 1.927092 1.641087 1.035060 0.532830 0.419112 0.326755 0.134062 0.063473 0.023248 0.009078 0.008185 0.013686 0.021001 0.026356 0.027121 
0.025603 0.019478 0.011623 0.005337 0.003176 0.007008 0.022790 0.085626 0.305441 0.797326 1.402500 1.728676 1.779176 1.872197 1.833035 1.378076 0.770970 0.427407 0.370263 0.242950 0.083504 0.039565 0.012906 0.006972 0.010136 0.017117 0.023924 0.027312 
0.027095 0.023093 0.015767 0.008284 0.003741 0.004343 0.013405 0.048326 0.175911 0.517375 1.085752 1.600463 1.788386 1.820371 1.869139 1.657530 1.093542 0.566246 0.363033 0.315378 0.167244 0.047096 0.024075 0.007349 0.007417 0.013149 0.020542 0.026046 
0.027127 0.025725 0.019845 0.012045 0.005645 0.003399 0.007817 0.027634 0.100536 0.319908 0.773199 1.349816 1.735273 1.823871 1.842657 1.795881 1.419583 0.825307 0.424129 0.319761 0.253871 0.103672 0.023445 0.014925 0.005283 0.009575 0.016638 0.023530 
0.025740 0.027051 0.023345 0.016185 0.008670 0.004003 0.004775 0.015800 0.057449 0.191913 0.517314 1.046092 1.566439 1.816679 1.841990 1.827465 1.648923 1.149692 0.600581 0.334844 0.282006 0.189310 0.054812 0.010222 0.010245 0.005688 0.012760 0.020106 
0.023137 0.026936 0.025825 0.020197 0.012472 0.005980 0.003709 0.009006 0.032797 0.113079 0.330747 0.756281 1.307319 1.725323 1.857451 1.839707 1.758696 1.439393 0.881372 0.432290 0.281812 0.240640 0.127286 0.021278 0.004656 0.008539 0.007770 0.016399 
0.020004 0.025404 0.026995 0.023576 0.016596 0.009072 0.004317 0.005411 0.018590 0.065877 0.204740 0.517530 1.016112 1.532950 1.827121 1.867313 1.807110 1.628831 1.190223 0.643214 0.319726 0.247563 0.192986 0.073364 0.001794 0.004035 0.008736 0.010910 
0.014592 0.023166 0.026675 0.025911 0.020531 0.012902 0.006348 0.004133 0.010490 0.037970 0.123861 0.339394 0.743597 1.272249 1.707869 1.878964 1.849761 1.732730 1.442068 0.930268 0.453530 0.252229 0.218076 0.141306 0.031573 -0.006312 0.006078 0.010139 
0.012316 0.018364 0.025554 0.026827 0.023798 0.016998 0.009491 0.004698 0.006240 0.021589 0.073614 0.215423 0.517912 0.992367 1.501688 1.826483 1.889400 1.802224 1.609103 1.213810 0.687516 0.318450 0.214259 0.185018 0.090559 0.003649 -0.006402 0.009149 
0.012281 0.014980 0.021816 0.026930 0.025851 0.020869 0.013333 0.006755 0.004677 0.012189 0.043017 0.133295 0.346582 0.733644 1.242669 1.687151 1.890676 1.864574 1.718906 1.436728 0.967038 0.483329 0.233245 0.190270 0.145941 0.046161 -0.010984 -0.001826 
0.004608 0.015056 0.017881 0.024588 0.027165 0.023848 0.017420 0.009924 0.005154 0.007234 0.024688 0.080725 0.224563 0.518391 0.972911 1.472978 1.819033 1.906328 1.806686 1.594881 1.225322 0.726936 0.329084 0.185869 0.168275 0.102982 0.012259 -0.014693 
-0.010824 0.010939 0.017422 0.020749 0.026393 0.026243 0.021023 0.013806 0.007198 0.005338 0.014040 0.047884 0.141669 0.352728 0.725565 1.217251 1.665257 1.895026 1.879874 1.714804 1.429821 0.992233 0.515444 0.225647 0.161369 0.141591 0.060800 -0.009188 
-0.018550 -0.002867 0.016090 0.019480 0.023282 0.027042 0.024267 0.017664 0.010426 0.005675 0.008368 0.027819 0.087284 0.232539 0.518924 0.956552 1.446714 1.807421 1.918065 1.816079 1.587301 1.230102 0.758738 0.347171 0.165318 0.145917 0.108822 0.024455 
-0.002218 -0.018045 0.006202 0.019731 0.021329 0.025167 0.026471 0.021444 0.014124 0.007739 0.006091 0.015999 0.052550 0.149188 0.358090 0.718833 1.195066 1.643250 1.894001 1.893650 1.717539 1.424755 1.008691 0.545480 0.227530 0.135311 0.129582 0.072547 
0.037381 -0.017498 -0.010930 0.014306 0.022021 0.022968 0.026136 0.024749 0.018071 0.010815 0.006323 0.009600 0.030944 0.093358 0.239606 0.519482 0.942513 1.422664 1.793304 1.925213 1.827565 1.585731 1.232133 0.782979 0.368347 0.153204 0.121635 0.107478 
0.079422 0.008039 -0.021895 -0.000646 0.020354 0.023341 0.024274 0.026012 0.022071 0.014515 0.008224 0.006990 0.018014 0.057017 0.156002 0.362840 0.713103 1.175449 1.621673 1.889100 1.905084 1.724671 1.422902 1.019500 0.571348 0.235840 0.114473 0.112380 
0.099759 0.048534 -0.012109 -0.017669 0.009885 0.024099 0.024064 0.025043 0.024751 0.018745 0.011211 0.006975 0.010970 0.034018 0.099012 0.245940 0.520044 0.930265 1.400576 1.777736 1.928522 1.839427 1.588956 1.233905 0.801018 0.389513 0.148389 0.098517 
0.092749 0.080705 0.019389 -0.021774 -0.008031 0.018660 0.025863 0.024427 0.025056 0.022462 0.015169 0.008681 0.007943 0.020112 0.061272 0.162234 0.367095 0.708140 1.157910 1.600800 1.881426 1.913960 1.734363 1.424503 1.027191 0.592593 0.247654 0.099546 
0.078484 0.087383 0.056206 -0.003711 -0.021766 0.003696 0.024697 0.026225 0.024483 0.024162 0.019403 0.011824 0.007593 0.012415 0.037068 0.104278 0.251677 0.520594 0.919434 1.380215 1.761396 1.928705 1.850678 1.595716 1.236779 0.814553 0.408916 0.148996 
0.090064 0.073007 0.076804 0.029840 -0.017971 -0.014474 0.014754 0.027895 0.025762 0.024145 0.022337 0.015966 0.009290 0.008872 0.022262 0.065353 0.167954 0.370946 0.703774 1.142082 1.580755 1.871784 1.920358 1.745314 1.429245 1.033577 0.609661 0.260741 
0.153122 0.062333 0.072299 0.059667 0.006040 -0.022636 -0.003076 0.023336 0.028738 0.024889 0.023265 0.019722 0.012666 0.008299 0.013841 0.040095 0.109215 0.256901 0.521130 0.909743 1.361373 1.744726 1.926378 1.860788 1.604907 1.241360 0.825150 0.425826 
0.273647 0.084988 0.054721 0.068807 0.037978 -0.011417 -0.018886 0.009273 0.028663 0.027970 0.023799 0.021733 0.016633 0.010147 0.009832 0.024379 0.069297 0.173237 0.374448 0.699889 1.127681 1.561584 1.860764 1.924489 1.756634 1.436592 1.039838 0.623377 
0.440171 0.159184 0.050056 0.056220 0.059007 0.015601 -0.020392 -0.009260 0.020064 0.030827 0.026319 0.022503 0.019563 0.013563 0.009218 0.015248 0.043042 0.113889 0.261683 0.521639 0.900991 1.343868 1.728015 1.922059 1.869509 1.615637 1.247804 0.834071 
0.634642 0.285563 0.083137 0.038727 0.058036 0.043078 -0.003322 -0.020717 0.003128 0.027766 0.030482 0.024325 0.020923 0.016945 0.011184 0.010936 0.026424 0.073084 0.178168 0.377641 0.696391 1.114489 1.543283 1.848799 1.926608 1.767738 1.445965 1.046675 
