0.108595 0.089823 0.061291 0.038680 0.037303 0.069550 0.520859 1.399927 1.457867 1.677183 1.890218 2.038300 1.696918 0.852026 0.783509 0.549624 0.333995 0.173251 0.075479 0.027656 0.009021 0.002877 0.002409 0.009376 0.027698 0.056497 0.087364 0.107800 
0.110653 0.101655 0.076777 0.049246 0.035337 0.049224 0.242822 0.906923 1.531538 1.547354 1.784486 1.972378 1.928792 1.337410 0.720720 0.687238 0.439528 0.246762 0.116494 0.045324 0.014690 0.004387 0.001933 0.004963 0.017118 0.040788 0.071672 0.098886 
0.106700 0.108749 0.091201 0.063343 0.040589 0.038806 0.123559 0.516060 1.224166 1.615546 1.638255 1.884587 1.979520 1.701576 1.032229 0.631078 0.590161 0.336277 0.173816 0.073521 0.024940 0.006997 0.002179 0.002763 0.009900 0.027514 0.055329 0.085738 
0.097400 0.110089 0.102425 0.078561 0.051328 0.037076 0.070366 0.281341 0.830662 1.459447 1.672984 1.733468 1.950979 1.887157 1.415828 0.798129 0.565590 0.489840 0.243618 0.115898 0.042767 0.012139 0.002947 0.001796 0.005512 0.017397 0.040146 0.070209 
0.084164 0.105557 0.108801 0.092518 0.065365 0.042579 0.047778 0.153642 0.513708 1.135122 1.618122 1.722358 1.822595 1.954234 1.702431 1.125274 0.633715 0.508117 0.388038 0.164945 0.072508 0.022140 0.004863 0.001367 0.003045 0.010433 0.027414 0.054263 
0.068832 0.095924 0.109448 0.103100 0.080300 0.053426 0.041681 0.088127 0.301900 0.791746 1.393923 1.717585 1.772976 1.884490 1.876263 1.454522 0.868795 0.525171 0.447387 0.289368 0.102395 0.042066 0.009365 0.001393 0.001559 0.006026 0.017725 0.039605 
0.053300 0.082645 0.104382 0.108758 0.093757 0.067372 0.045662 0.057630 0.174098 0.512314 1.078794 1.590569 1.778815 1.821718 1.895344 1.717082 1.182157 0.666720 0.453049 0.378407 0.199501 0.056400 0.022262 0.002288 0.000458 0.003255 0.010971 0.027392 
0.039160 0.067543 0.094464 0.108740 0.103680 0.081988 0.055933 0.047436 0.102801 0.315487 0.767021 1.341519 1.725133 1.818434 1.854690 1.837699 1.494202 0.922002 0.522164 0.398349 0.301987 0.123475 0.025710 0.010504 -0.000895 0.001278 0.006498 0.018093 
0.027443 0.052437 0.081186 0.103183 0.108627 0.094913 0.069506 0.049490 0.067136 0.189479 0.511398 1.038899 1.557187 1.808072 1.843693 1.852851 1.706764 1.236690 0.700538 0.425754 0.346737 0.223000 0.064499 0.007787 0.004329 -0.001505 0.003507 0.011499 
0.018477 0.038809 0.066342 0.093029 0.107974 0.104164 0.083671 0.058824 0.053605 0.115221 0.325492 0.749451 1.299195 1.716055 1.852791 1.851580 1.799213 1.512225 0.976874 0.530475 0.361774 0.290458 0.148095 0.023420 -0.000599 0.001709 -0.000354 0.007131 
0.012321 0.027519 0.051675 0.079791 0.101969 0.108413 0.096003 0.071791 0.053761 0.076059 0.201774 0.510760 1.008600 1.524235 1.819438 1.869429 1.831791 1.685047 1.275595 0.742555 0.411412 0.313943 0.228158 0.083546 -0.001172 -0.002736 0.001223 0.002195 
0.006113 0.019286 0.038478 0.065238 0.091622 0.107158 0.104565 0.085372 0.062004 0.059869 0.125989 0.333358 0.736073 1.264193 1.699391 1.875085 1.861563 1.772057 1.513159 1.024524 0.551747 0.333468 0.269590 0.163205 0.033701 -0.012348 -0.001446 0.002083 
0.004035 0.011557 0.028130 0.050912 0.078477 0.100746 0.108128 0.097044 0.074210 0.058282 0.084397 0.212018 0.510298 0.984458 1.493407 1.819676 1.891976 1.826308 1.663782 1.297559 0.786153 0.410795 0.282229 0.221711 0.101343 0.000244 -0.014016 0.001240 
0.004195 0.007205 0.018712 0.038745 0.064097 0.090274 0.106298 0.104894 0.087096 0.065383 0.066084 0.135519 0.339825 0.725393 1.234584 1.679377 1.887572 1.876388 1.757152 1.506132 1.060004 0.581468 0.315663 0.243464 0.169008 0.048385 -0.017741 -0.010078 
-0.003768 0.007108 0.011897 0.027663 0.050756 0.077082 0.099555 0.107774 0.098044 0.076729 0.062932 0.092210 0.220813 0.509951 0.964535 1.465030 1.813049 1.909402 1.830277 1.648115 1.307457 0.824787 0.421974 0.255363 0.206518 0.114467 0.008510 -0.023133 
-0.019826 0.002731 0.010263 0.018408 0.038293 0.063515 0.088800 0.105446 0.105153 0.088834 0.068890 0.072187 0.144096 0.345316 0.716563 1.209044 1.658099 1.892684 1.891774 1.752075 1.497598 1.083873 0.613398 0.309143 0.216220 0.165894 0.063227 -0.016601 
-0.027789 -0.011770 0.008375 0.014259 0.026883 0.050237 0.076149 0.098203 0.107417 0.098997 0.079316 0.067633 0.099565 0.228542 0.509686 0.947649 1.439000 1.802200 1.921666 1.839274 1.639184 1.310642 0.855729 0.440493 0.236265 0.185732 0.121103 0.020458 
-0.010215 -0.027813 -0.002213 0.013100 0.019728 0.037219 0.062873 0.087659 0.104415 0.105411 0.090564 0.072475 0.078147 0.151923 0.350093 0.709065 1.186651 1.636619 1.892400 1.905702 1.753941 1.490969 1.098982 0.643152 0.312003 0.191787 0.155179 0.075282 
0.033234 -0.027501 -0.020413 0.006729 0.017500 0.027116 0.049025 0.075375 0.097040 0.106883 0.099968 0.081924 0.072341 0.106522 0.235458 0.509479 0.933031 1.415087 1.788783 1.929361 1.850454 1.636357 1.311103 0.879047 0.461992 0.225529 0.163032 0.120642 
0.082565 -0.000468 -0.032435 -0.009348 0.014161 0.022452 0.036534 0.061645 0.086793 0.103440 0.105520 0.092337 0.076075 0.083961 0.159146 0.354333 0.702563 1.166746 1.615480 1.888211 1.917343 1.760304 1.487624 1.108425 0.668645 0.321187 0.172534 0.139324 
0.113888 0.044333 -0.022835 -0.027773 0.002353 0.020209 0.028769 0.047711 0.074215 0.096179 0.106301 0.100837 0.084591 0.077000 0.113141 0.241739 0.509318 0.920161 1.393044 1.773846 1.933227 1.862095 1.638419 1.311339 0.896107 0.483375 0.222010 0.141499 
0.121081 0.084354 0.010451 -0.033083 -0.017093 0.012815 0.025651 0.036942 0.060017 0.085764 0.102720 0.105517 0.094062 0.079713 0.089604 0.165883 0.358156 0.696831 1.148847 1.594955 1.881214 1.926475 1.769325 1.487805 1.114742 0.689429 0.333772 0.159147 
0.123044 0.102550 0.052049 -0.015112 -0.032528 -0.003879 0.021367 0.031489 0.047007 0.072557 0.095341 0.105889 0.101571 0.087249 0.081629 0.119445 0.247520 0.509193 0.908672 1.372640 1.758066 1.933970 1.873202 1.644111 1.312716 0.908617 0.502893 0.223830 
0.151153 0.102761 0.081050 0.020551 -0.030038 -0.023962 0.009169 0.028319 0.038574 0.058528 0.084295 0.102144 0.105588 0.095660 0.083351 0.095107 0.172200 0.361657 0.691707 1.132594 1.575171 1.872208 1.933170 1.779697 1.491202 1.119755 0.705958 0.347529 
0.229084 0.108459 0.088570 0.055649 -0.005982 -0.034083 -0.010778 0.020492 0.034558 0.047338 0.070685 0.094209 0.105667 0.102295 0.089804 0.086221 0.125486 0.252883 0.509108 0.898296 1.353671 1.741882 1.932198 1.883238 1.652327 1.315847 0.918150 0.519823 
0.361005 0.147508 0.085922 0.073739 0.028422 -0.024224 -0.028856 0.003861 0.029675 0.041109 0.057691 0.082425 0.101446 0.105835 0.097190 0.086899 0.100498 0.178168 0.364892 0.687082 1.117710 1.556172 1.861777 1.937628 1.790526 1.497284 1.124651 0.719065 
0.534094 0.236186 0.097726 0.073655 0.055222 0.003015 -0.032542 -0.017166 0.017631 0.037190 0.048756 0.069039 0.092649 0.105470 0.103141 0.092250 0.090712 0.131324 0.257899 0.509053 0.888841 1.335962 1.725582 1.928421 1.891946 1.662172 1.320891 0.925977 
0.729657 0.373393 0.147025 0.071392 0.063734 0.033340 -0.016844 -0.031221 -0.002195 0.029315 0.043972 0.057808 0.080428 0.100408 0.106199 0.098766 0.090312 0.105749 0.183866 0.367903 0.682868 1.103985 1.537959 1.850349 1.940098 1.801221 1.505470 1.130138 
