0.243187 0.247379 0.210315 0.158769 0.132227 0.166128 0.277011 0.830539 1.793121 1.866331 2.002543 2.046810 1.996335 1.496650 0.578323 0.520027 0.344886 0.196945 0.090332 0.029289 0.004961 0.000080 0.000313 0.003811 0.020740 0.062256 0.127110 0.196569 
0.222733 0.250586 0.234004 0.186352 0.142372 0.141622 0.211947 0.498445 1.260698 1.940897 1.926562 2.036169 2.033415 1.802644 1.089816 0.441671 0.447062 0.267515 0.138473 0.054115 0.012536 0.000090 -0.000443 0.001654 0.010597 0.038425 0.091766 0.161263 
0.193002 0.240862 0.247850 0.214062 0.163903 0.136593 0.167900 0.328174 0.820102 1.611054 2.020547 1.965873 2.048837 1.946532 1.506487 0.757658 0.362674 0.380406 0.196681 0.090708 0.027978 0.002671 -0.001666 0.000277 0.005270 0.022150 0.061906 0.124495 
0.158009 0.219513 0.249465 0.236053 0.191029 0.147392 0.144920 0.231916 0.532681 1.178200 1.863483 2.051230 1.990150 2.020843 1.768727 1.170671 0.515936 0.319951 0.313725 0.133975 0.053938 0.010647 -0.002118 -0.001479 0.002392 0.012224 0.039169 0.090346 
0.122117 0.189530 0.238433 0.248179 0.217492 0.169037 0.141010 0.177234 0.355578 0.812346 1.515871 2.019549 2.051794 1.994025 1.930136 1.512941 0.850388 0.360599 0.293118 0.245541 0.081493 0.027699 0.000448 -0.003474 0.000052 0.006563 0.023557 0.061728 
0.089146 0.154946 0.216295 0.248200 0.237890 0.195486 0.152470 0.151091 0.248641 0.549159 1.133264 1.792691 2.094600 2.034161 1.962846 1.765702 1.212334 0.583898 0.274070 0.266841 0.178076 0.040814 0.010756 -0.004429 -0.002642 0.002935 0.013750 0.039996 
0.061708 0.119964 0.186177 0.235928 0.248322 0.220699 0.174054 0.146576 0.187500 0.373529 0.805763 1.453562 1.988335 2.109674 1.999863 1.880002 1.533546 0.907500 0.389158 0.232631 0.232651 0.115507 0.012384 0.001304 -0.005657 -0.000327 0.007688 0.024944 
0.040887 0.088149 0.152076 0.213110 0.246795 0.239513 0.199755 0.157919 0.158488 0.262376 0.558870 1.102717 1.735077 2.100684 2.083662 1.941189 1.735099 1.255472 0.634866 0.265668 0.213073 0.188724 0.062193 -0.004661 -0.002691 -0.004529 0.003344 0.015161 
0.026285 0.061826 0.118030 0.182955 0.233371 0.248275 0.223693 0.179097 0.152903 0.197517 0.386548 0.799875 1.407833 1.951225 2.140002 2.028107 1.846096 1.529477 0.962791 0.418841 0.199795 0.197367 0.138231 0.021306 -0.012279 -0.003134 -0.001806 0.008760 
0.016652 0.041804 0.087345 0.149402 0.209977 0.245262 0.240920 0.203897 0.163700 0.166359 0.273980 0.565174 1.079525 1.687600 2.089940 2.121638 1.945866 1.704613 1.277393 0.687974 0.268705 0.171504 0.174888 0.086992 -0.005904 -0.013048 -0.001493 0.002322 
0.008173 0.027875 0.062026 0.116309 0.179875 0.230781 0.248044 0.226493 0.184195 0.159672 0.207049 0.396630 0.794455 1.371847 1.914487 2.152119 2.059686 1.833425 1.514248 1.002958 0.457071 0.179846 0.160623 0.142350 0.041169 -0.020195 -0.009608 0.001382 
0.005302 0.016410 0.043145 0.086651 0.146932 0.206910 0.243618 0.242121 0.207937 0.169712 0.174373 0.284064 0.569512 1.060705 1.647511 2.071429 2.147161 1.963284 1.685451 1.282618 0.734339 0.284875 0.137984 0.151368 0.102123 0.005510 -0.023895 -0.004163 
0.001853 0.010651 0.027824 0.062801 0.114694 0.176959 0.228173 0.247645 0.229115 0.189330 0.166682 0.216090 0.404819 0.789390 1.342156 1.879831 2.152818 2.087674 1.836112 1.499659 1.026659 0.497256 0.173608 0.124641 0.134574 0.059738 -0.017594 -0.020171 
-0.012235 0.007905 0.018191 0.043087 0.086633 0.144530 0.203947 0.241876 0.243130 0.211879 0.175864 0.182379 0.293039 0.572624 1.044749 1.612880 2.049410 2.162512 1.985195 1.678497 1.280228 0.769008 0.309712 0.114790 0.122245 0.107752 0.021384 -0.028227 
-0.028431 -0.002683 0.014280 0.028812 0.062529 0.113788 0.174049 0.225598 0.247088 0.231568 0.194467 0.173805 0.224691 0.411716 0.784619 1.316814 1.847595 2.146390 2.110156 1.848018 1.490809 1.038736 0.532869 0.179204 0.093220 0.117742 0.073552 -0.008016 
-0.025868 -0.021327 0.006896 0.021850 0.043273 0.085966 0.142793 0.200912 0.240100 0.243954 0.215715 0.182081 0.190304 0.301186 0.574933 1.030805 1.582381 2.025991 2.170152 2.007325 1.681298 1.276630 0.792527 0.337012 0.102752 0.091668 0.104236 0.037440 
0.005350 -0.032079 -0.010176 0.016032 0.031753 0.061960 0.112613 0.171691 0.222872 0.246444 0.233846 0.199572 0.180961 0.232913 0.417702 0.780103 1.294630 1.817682 2.135502 2.127112 1.864712 1.488794 1.044508 0.561196 0.192225 0.069313 0.094996 0.080759 
0.050701 -0.018112 -0.028544 0.002390 0.025203 0.045046 0.084731 0.141098 0.198269 0.238109 0.244666 0.219419 0.188309 0.198116 0.308703 0.576701 1.018351 1.555090 2.002246 2.172084 2.027663 1.690942 1.275197 0.807731 0.362418 0.100012 0.063580 0.092867 
0.080716 0.019626 -0.030625 -0.018248 0.014812 0.035496 0.062408 0.110829 0.169583 0.220355 0.245548 0.236018 0.204597 0.188098 0.240812 0.423025 0.775819 1.274834 1.789866 2.121830 2.139155 1.883340 1.492948 1.047929 0.582305 0.208351 0.053549 0.070009 
0.076081 0.059145 -0.006855 -0.032265 -0.004303 0.026701 0.048173 0.083930 0.138915 0.195967 0.236149 0.245123 0.223044 0.194482 0.205803 0.315731 0.578100 1.007049 1.530348 1.978731 2.169822 2.045390 1.704966 1.277267 0.817693 0.383869 0.103556 0.040371 
0.045864 0.074194 0.032278 -0.024634 -0.024956 0.010818 0.038628 0.064266 0.109019 0.167182 0.218167 0.244537 0.237965 0.209573 0.195157 0.248442 0.427860 0.771752 1.256905 1.763904 2.106438 2.147047 1.902177 1.502026 1.051464 0.597562 0.224524 0.044823 
0.022751 0.056618 0.062017 0.005697 -0.031868 -0.011581 0.025719 0.051719 0.084253 0.136424 0.193572 0.234429 0.245369 0.226497 0.200618 0.213337 0.322384 0.579247 0.996671 1.507674 1.955729 2.164483 2.060297 1.721512 1.283046 0.824931 0.400935 0.110506 
0.041294 0.024482 0.062876 0.041572 -0.015430 -0.028956 0.004943 0.040131 0.067169 0.107884 0.164376 0.216037 0.243638 0.239659 0.214433 0.202153 0.255819 0.432339 0.767889 1.240475 1.739570 2.090019 2.151507 1.920229 1.514739 1.056445 0.608668 0.239025 
0.118671 0.010273 0.036778 0.059686 0.017533 -0.027628 -0.017935 0.022376 0.054669 0.085817 0.134158 0.190810 0.232845 0.245597 0.229702 0.206675 0.220743 0.328722 0.580235 0.987052 1.486709 1.933375 2.156883 2.072464 1.739261 1.292192 0.831242 0.414080 
0.251156 0.041095 0.006663 0.048682 0.046742 -0.004671 -0.029638 -0.001607 0.039525 0.070386 0.107838 0.161445 0.213655 0.242881 0.241230 0.219080 0.209072 0.262994 0.436537 0.764231 1.225276 1.716666 2.073024 2.153165 1.936960 1.529960 1.063452 0.617187 
0.424142 0.126629 0.001926 0.018116 0.053207 0.027220 -0.020461 -0.022247 0.017321 0.056239 0.088289 0.132623 0.187725 0.231141 0.245915 0.232717 0.212558 0.228041 0.334813 0.581115 0.978084 1.467178 1.911724 2.147622 2.082106 1.757310 1.304144 0.837789 
0.624377 0.260869 0.042676 -0.007591 0.033299 0.047848 0.006091 -0.027090 -0.007632 0.036862 0.073122 0.108920 0.158828 0.210894 0.242108 0.242813 0.223508 0.215845 0.270016 0.440522 0.760766 1.211115 1.695019 2.055754 2.152540 1.952118 1.546773 1.072616 
0.845257 0.432032 0.133608 -0.003448 0.001459 0.043866 0.034008 -0.011571 -0.023941 0.011485 0.056021 0.091079 0.132110 0.184591 0.229107 0.246274 0.235662 0.218221 0.235201 0.340727 0.581927 0.969678 1.448873 1.890783 2.137141 2.089480 1.775061 1.318296 
