0.001639 0.000229 0.000189 0.000971 0.003668 0.012092 0.033505 0.453970 1.287193 1.294659 1.476102 1.684287 1.873190 1.612002 0.861185 0.869401 0.675028 0.460785 0.276372 0.146662 0.071681 0.037075 0.025355 0.022609 0.020643 0.016480 0.010670 0.005199 
0.003180 0.000666 0.000038 0.000477 0.002080 0.007164 0.021174 0.193856 0.818987 1.394146 1.363633 1.576852 1.781149 1.798857 1.297797 0.770414 0.797538 0.570390 0.364850 0.204679 0.102331 0.049331 0.028354 0.022860 0.021528 0.018836 0.013781 0.007892 
0.005389 0.001648 0.000116 0.000124 0.001133 0.004187 0.013054 0.087681 0.449865 1.112813 1.454598 1.439776 1.680115 1.813326 1.613173 1.037396 0.714663 0.715748 0.464919 0.279093 0.146277 0.069662 0.034840 0.023672 0.021674 0.020352 0.016604 0.010940 
0.008151 0.003292 0.000606 -0.000073 0.000503 0.002404 0.007894 0.042147 0.232829 0.743743 1.323851 1.491763 1.528051 1.760112 1.754920 1.372237 0.844399 0.674728 0.621823 0.363881 0.206059 0.100944 0.047027 0.026299 0.021527 0.020928 0.018781 0.014011 
0.011217 0.005596 0.001677 0.000016 0.000059 0.001288 0.004700 0.021425 0.117934 0.448257 1.025148 1.459331 1.526360 1.619610 1.787173 1.610765 1.126462 0.714793 0.633680 0.518482 0.272455 0.146913 0.067586 0.032514 0.021919 0.020706 0.020049 0.016724 
0.014244 0.008421 0.003424 0.000564 -0.000176 0.000525 0.002722 0.011399 0.059707 0.253869 0.705881 1.260078 1.538740 1.569707 1.694102 1.741965 1.407101 0.911548 0.632917 0.580342 0.411822 0.194623 0.101473 0.044518 0.024157 0.020139 0.020308 0.018720 
0.016843 0.011501 0.005819 0.001727 -0.000071 -0.000006 0.001436 0.006250 0.030599 0.138556 0.447644 0.970207 1.433851 1.585186 1.620226 1.727600 1.622374 1.179411 0.745118 0.578372 0.510575 0.309307 0.132542 0.068471 0.029764 0.020105 0.019700 0.019733 
0.018654 0.014478 0.008702 0.003574 0.000541 -0.000271 0.000543 0.003422 0.015983 0.074126 0.267959 0.682241 1.209394 1.548557 1.617243 1.664871 1.701562 1.443109 0.961180 0.628301 0.532105 0.426625 0.217862 0.086420 0.045947 0.021303 0.018746 0.019662 
0.019398 0.016962 0.011790 0.006057 0.001796 -0.000142 -0.000067 0.001724 0.008492 0.039357 0.154081 0.447544 0.931709 1.402474 1.616709 1.643689 1.684584 1.609229 1.230079 0.776109 0.550618 0.480525 0.335154 0.142476 0.054812 0.031646 0.017264 0.018770 
0.019194 0.018563 0.014718 0.008994 0.003743 0.000536 -0.000357 0.000614 0.004486 0.020912 0.086236 0.278470 0.665788 1.168766 1.541658 1.653606 1.662397 1.661438 1.457628 1.012447 0.634804 0.496147 0.417249 0.244728 0.085517 0.035167 0.023357 0.016031 
0.016301 0.019353 0.017042 0.012091 0.006309 0.001884 -0.000199 -0.000104 0.002187 0.011130 0.047462 0.166490 0.447744 0.902820 1.371473 1.630250 1.670896 1.663136 1.584889 1.265209 0.815183 0.535602 0.449228 0.342692 0.163459 0.046735 0.024445 0.019134 
0.017407 0.017091 0.018868 0.014897 0.009304 0.003927 0.000550 -0.000424 0.000767 0.005827 0.025872 0.096639 0.286838 0.653554 1.135449 1.527096 1.677840 1.673067 1.632823 1.455228 1.056489 0.654087 0.468264 0.398480 0.262162 0.097283 0.023785 0.019667 
0.018305 0.017007 0.017718 0.017601 0.012303 0.006588 0.001989 -0.000238 -0.000099 0.002814 0.013977 0.054915 0.176810 0.448132 0.880104 1.342554 1.632581 1.694893 1.657379 1.561195 1.283502 0.855746 0.534103 0.418867 0.338638 0.183293 0.049112 0.013054 
0.010515 0.018474 0.017111 0.017763 0.015599 0.009498 0.004149 0.000579 -0.000464 0.001011 0.007364 0.030724 0.105743 0.293792 0.644037 1.107519 1.509120 1.692201 1.688614 1.616621 1.445037 1.088382 0.681661 0.450684 0.374377 0.270355 0.113557 0.018817 
0.003862 0.012462 0.018958 0.017185 0.017033 0.013041 0.006729 0.002142 -0.000259 -0.000041 0.003577 0.016918 0.061776 0.185639 0.448640 0.861623 1.316055 1.627975 1.713741 1.661168 1.543278 1.289843 0.891279 0.544204 0.393197 0.325830 0.198553 0.058430 
0.020451 0.000266 0.015973 0.019105 0.016906 0.015517 0.010175 0.004220 0.000668 -0.000477 0.001343 0.009032 0.035407 0.113832 0.299747 0.636384 1.083658 1.489829 1.699128 1.704747 1.610388 1.433503 1.108703 0.711306 0.444192 0.349059 0.269680 0.130097 
0.071532 -0.000824 0.003633 0.019111 0.018672 0.016111 0.013340 0.007274 0.002144 -0.000205 0.000062 0.004454 0.019884 0.068114 0.193353 0.449225 0.846191 1.291881 1.619087 1.727397 1.670065 1.532261 1.289593 0.919079 0.561464 0.375128 0.307400 0.207414 
0.143960 0.027413 -0.008197 0.009994 0.020881 0.017657 0.014751 0.010719 0.004592 0.000621 -0.000399 0.001743 0.010789 0.039899 0.121107 0.304960 0.630072 1.062946 1.470295 1.700604 1.719436 1.611222 1.424035 1.120316 0.738659 0.446886 0.326438 0.261439 
0.209260 0.085570 -0.000509 -0.005827 0.016351 0.021033 0.016164 0.012876 0.007917 0.002337 -0.000257 0.000277 0.005403 0.022836 0.073991 0.200203 0.449859 0.833038 1.269811 1.607580 1.736455 1.681210 1.527500 1.286742 0.939230 0.581537 0.365246 0.287008 
0.248072 0.153158 0.037829 -0.013263 0.001825 0.020879 0.019792 0.014323 0.010606 0.005205 0.000667 -0.000381 0.002266 0.012581 0.044198 0.127715 0.309600 0.624758 1.044726 1.451071 1.698129 1.731848 1.616663 1.418002 1.126330 0.761656 0.455716 0.308870 
0.267715 0.204880 0.098045 0.004254 -0.013991 0.010856 0.022853 0.017605 0.012245 0.008116 0.002828 -0.000294 0.000480 0.006465 0.025727 0.079469 0.206361 0.450520 0.821640 1.249601 1.594511 1.741656 1.692868 1.527767 1.283792 0.953118 0.601344 0.362407 
0.297030 0.232316 0.156962 0.049519 -0.014312 -0.006954 0.018461 0.022385 0.014939 0.010026 0.005617 0.000996 -0.000394 0.002821 0.014436 0.048288 0.133771 0.313782 0.620210 1.028516 1.432437 1.692804 1.741753 1.624857 1.415639 1.129293 0.779869 0.467771 
0.364731 0.251420 0.195969 0.107252 0.012152 -0.019532 0.003496 0.023109 0.020083 0.012166 0.007759 0.003333 -0.000102 0.000638 0.007579 0.028583 0.084576 0.211961 0.451194 0.811628 1.231024 1.580565 1.743706 1.704036 1.531788 1.282107 0.962466 0.619154 
0.480831 0.290436 0.216462 0.155769 0.060500 -0.011617 -0.014857 0.013730 0.024426 0.016736 0.009524 0.005548 0.001491 -0.000254 0.003333 0.016323 0.052205 0.139344 0.317597 0.616261 1.013956 1.414527 1.685435 1.749222 1.634484 1.416627 1.131031 0.793769 
0.634259 0.370316 0.238896 0.184455 0.112456 0.021547 -0.021847 -0.004542 0.021314 0.022879 0.013070 0.007131 0.003530 0.000330 0.000873 0.008653 0.031402 0.089368 0.217081 0.451877 0.802730 1.213882 1.566189 1.743219 1.714169 1.538445 1.282296 0.968858 
0.804204 0.493456 0.288041 0.202053 0.150650 0.069366 -0.006089 -0.020782 0.007317 0.025133 0.019397 0.009617 0.005038 0.001880 0.000134 0.003858 0.018156 0.055983 0.144506 0.321094 0.612796 1.000768 1.397391 1.676613 1.754454 1.644641 1.420424 1.132738 
0.973577 0.646607 0.377582 0.230119 0.172029 0.113743 0.030910 -0.021030 -0.012081 0.017511 0.025209 0.015012 0.006678 0.003282 0.000830 0.001312 0.009686 0.034129 0.093908 0.221792 0.452556 0.794749 1.197998 1.551677 1.740706 1.723004 1.546833 1.284515 
1.135123 0.812096 0.504851 0.288655 0.189902 0.142910 0.075395 0.001078 -0.024167 0.000134 0.024096 0.022347 0.010612 0.004362 0.001938 0.000704 0.004512 0.019899 0.059601 0.149337 0.324314 0.609724 0.988741 1.381034 1.666773 1.757697 1.654727 1.426442 
