0.052120 0.043198 0.044331 0.073589 0.146685 0.274697 0.456225 0.668913 0.867733 0.997371 1.016331 0.918368 0.735718 0.521764 0.326042 0.177556 0.082507 0.031694 0.009847 0.002647 0.000766 0.001106 0.005213 0.015568 0.031778 0.049142 0.060637 0.060991 
0.057708 0.047665 0.042508 0.055444 0.104657 0.203826 0.358771 0.558674 0.770057 0.941200 1.020686 0.981965 0.837629 0.632654 0.421624 0.245895 0.123352 0.051571 0.017150 0.004416 0.001041 0.000658 0.002688 0.009610 0.022941 0.040316 0.055623 0.062207 
0.061343 0.053380 0.044476 0.046714 0.075516 0.147997 0.274327 0.453103 0.662930 0.860658 0.992400 1.016101 0.922999 0.742721 0.527896 0.329347 0.177975 0.081116 0.029691 0.008072 0.001559 0.000476 0.001372 0.005538 0.015474 0.031123 0.048228 0.060006 
0.061979 0.058524 0.049045 0.044202 0.057795 0.106297 0.204431 0.357159 0.554135 0.763307 0.934777 1.017756 0.984151 0.843757 0.639627 0.426587 0.247764 0.122732 0.049724 0.015155 0.002927 0.000338 0.000677 0.003046 0.009785 0.022585 0.039493 0.054783 
0.059393 0.061583 0.054537 0.046044 0.048694 0.077682 0.149160 0.273971 0.450116 0.657196 0.853755 0.987328 1.015526 0.927302 0.749659 0.534221 0.332898 0.178524 0.079725 0.027635 0.006249 0.000428 0.000142 0.001607 0.005869 0.015427 0.030525 0.047341 
0.053962 0.061721 0.059215 0.050472 0.045976 0.059896 0.108110 0.204899 0.355627 0.549789 0.756791 0.928414 1.014599 0.985967 0.849658 0.646664 0.431795 0.249842 0.122177 0.047841 0.013104 0.001392 -0.000407 0.000656 0.003389 0.009986 0.022284 0.038718 
0.046489 0.058777 0.061751 0.055623 0.047693 0.050634 0.079716 0.150432 0.273520 0.447279 0.651685 0.847025 0.982186 1.014635 0.931272 0.756497 0.540714 0.336704 0.179224 0.078343 0.025523 0.004370 -0.000746 -0.000234 0.001813 0.006204 0.015422 0.029984 
0.037993 0.053160 0.061428 0.059825 0.051883 0.047805 0.061907 0.109870 0.205430 0.354066 0.545651 0.750488 0.922128 1.011250 0.987430 0.855311 0.653731 0.437237 0.252148 0.121709 0.045925 0.010988 -0.000193 -0.001194 0.000598 0.003716 0.010210 0.022035 
0.029498 0.045676 0.058156 0.061860 0.056646 0.049361 0.052583 0.081656 0.151700 0.273113 0.444490 0.646413 0.840458 0.977004 1.013458 0.934908 0.763204 0.547349 0.340767 0.180097 0.076985 0.023351 0.002428 -0.001966 -0.000647 0.001991 0.006541 0.015456 
0.021836 0.037320 0.052378 0.061105 0.060368 0.053263 0.049659 0.063888 0.111557 0.205986 0.352556 0.541633 0.744420 0.915918 1.007742 0.988558 0.860700 0.660795 0.442899 0.254693 0.121346 0.043983 0.008801 -0.001835 -0.002020 0.000507 0.004027 0.010453 
0.015525 0.029065 0.044902 0.057533 0.061920 0.057611 0.051023 0.054544 0.083543 0.152926 0.272753 0.441781 0.641313 0.834080 0.971789 1.012026 0.938214 0.769754 0.554096 0.345085 0.181162 0.075667 0.021119 0.000414 -0.003234 -0.001096 0.002143 0.006877 
0.010711 0.021683 0.036697 0.051618 0.060757 0.060852 0.054602 0.051520 0.065859 0.113186 0.206534 0.351117 0.537734 0.738542 0.909817 1.004092 0.989376 0.865814 0.667824 0.448759 0.257487 0.121111 0.042025 0.006537 -0.003542 -0.002888 0.000386 0.004323 
0.007211 0.015624 0.028685 0.044169 0.056911 0.061935 0.058520 0.052665 0.056512 0.085399 0.154108 0.272421 0.439171 0.636364 0.827871 0.966580 1.010358 0.941201 0.776123 0.560926 0.349649 0.182437 0.074407 0.018831 -0.001679 -0.004557 -0.001579 0.002272 
0.004605 0.010983 0.021574 0.036124 0.050883 0.060388 0.061283 0.055898 0.053376 0.067825 0.114776 0.207064 0.349742 0.533962 0.732829 0.903825 1.000335 0.989896 0.870652 0.674789 0.454798 0.260535 0.121024 0.040062 0.004193 -0.005322 -0.003799 0.000238 
0.002380 0.007543 0.015752 0.028354 0.043477 0.056292 0.061911 0.059375 0.054279 0.058479 0.087238 0.155253 0.272104 0.436659 0.631565 0.821811 0.961391 1.008484 0.943875 0.782298 0.567810 0.354450 0.183936 0.073224 0.016491 -0.003859 -0.005940 -0.002095 
0.000064 0.004876 0.011267 0.021504 0.035600 0.050173 0.060001 0.061663 0.057147 0.055217 0.069789 0.116338 0.207574 0.348419 0.530318 0.727270 0.897934 0.996498 0.990142 0.875207 0.681668 0.460989 0.263837 0.121105 0.038110 0.001768 -0.007183 -0.004758 
-0.002647 0.002471 0.007874 0.015905 0.028070 0.042827 0.055680 0.061853 0.060177 0.055859 0.060440 0.089066 0.156370 0.271795 0.434237 0.626913 0.815888 0.956229 1.006435 0.946247 0.788263 0.574721 0.359472 0.185669 0.072140 0.014108 -0.006132 -0.007393 
-0.005771 -0.000135 0.005137 0.011561 0.021470 0.035124 0.049492 0.059601 0.061996 0.058348 0.057037 0.071748 0.117884 0.208068 0.347139 0.526795 0.721863 0.892138 0.992599 0.990141 0.879480 0.688437 0.467310 0.267390 0.121370 0.036187 -0.000736 -0.009134 
-0.008923 -0.003237 0.002547 0.008205 0.016080 0.027829 0.042219 0.055079 0.061763 0.060927 0.057401 0.062390 0.090887 0.157470 0.271492 0.431894 0.622403 0.810099 0.951095 1.004235 0.948336 0.794006 0.581634 0.364699 0.187642 0.071174 0.011693 -0.008501 
-0.011183 -0.006843 -0.000357 0.005391 0.011865 0.021470 0.034694 0.048840 0.059193 0.062285 0.059500 0.058831 0.073700 0.119418 0.208551 0.345896 0.523385 0.716603 0.886435 0.988647 0.989915 0.883475 0.695075 0.473737 0.271186 0.121835 0.034310 -0.003315 
-0.010969 -0.010539 -0.003869 0.002609 0.008537 0.016276 0.027630 0.041652 0.054491 0.061647 0.061627 0.058901 0.064323 0.092703 0.158558 0.271197 0.429622 0.618028 0.804442 0.945993 1.001899 0.950158 0.799520 0.588523 0.370113 0.189860 0.070344 0.009260 
-0.005961 -0.013336 -0.007984 -0.000606 0.005642 0.012181 0.021501 0.034307 0.048219 0.058779 0.062534 0.060603 0.060593 0.075643 0.120946 0.209029 0.344686 0.520077 0.711484 0.880825 0.984652 0.989484 0.887201 0.701566 0.480245 0.275217 0.122510 0.032498 
0.006824 -0.013534 -0.012251 -0.004548 0.002660 0.008875 0.016493 0.027469 0.041125 0.053918 0.061507 0.062279 0.060358 0.066236 0.094513 0.159640 0.270911 0.427415 0.613779 0.798913 0.940928 0.999442 0.951732 0.804803 0.595366 0.375694 0.192323 0.069667 
0.030769 -0.008666 -0.015598 -0.009202 -0.000882 0.005891 0.012509 0.021561 0.033962 0.047629 0.058363 0.062745 0.061655 0.062322 0.077575 0.122470 0.209507 0.343509 0.516864 0.706499 0.875310 0.980623 0.988865 0.890670 0.707898 0.486810 0.279471 0.123406 
0.069159 0.004402 -0.016194 -0.014066 -0.005283 0.002698 0.009220 0.016731 0.027343 0.040637 0.053363 0.061348 0.062884 0.061769 0.068125 0.096317 0.160721 0.270638 0.425267 0.609647 0.793508 0.935904 0.996878 0.953072 0.809856 0.602143 0.381422 0.195029 
0.124529 0.029141 -0.011417 -0.017971 -0.010506 -0.001192 0.006141 0.012851 0.021649 0.033655 0.047071 0.057948 0.062922 0.062658 0.064013 0.079491 0.123992 0.209990 0.342363 0.513739 0.701642 0.869889 0.976569 0.988072 0.893891 0.714062 0.493409 0.283934 
0.197973 0.068833 0.002008 -0.018944 -0.015991 -0.006080 0.002722 0.009574 0.016989 0.027251 0.040187 0.052827 0.061173 0.063445 0.063133 0.069987 0.098114 0.161804 0.270380 0.423176 0.605624 0.788223 0.930925 0.994217 0.954192 0.814682 0.608838 0.387274 
0.288591 0.125883 0.027631 -0.014202 -0.020456 -0.011905 -0.001541 0.006392 0.013211 0.021764 0.033385 0.046544 0.057537 0.063068 0.063612 0.065664 0.081391 0.125514 0.210481 0.341250 0.510693 0.696905 0.864561 0.972497 0.987120 0.896873 0.720052 0.500021 
