0.124905 0.159555 0.204078 0.303140 0.465067 0.668924 0.862261 0.981875 0.986235 1.253442 1.827750 1.517266 1.363427 1.252769 1.175027 0.740551 -0.057760 0.031090 0.009608 0.001117 -0.000259 0.000072 0.001681 0.009216 0.027669 0.056493 0.087364 0.107800 
0.116769 0.140037 0.180583 0.246792 0.376246 0.561754 0.766908 0.931283 0.998462 1.086982 1.502208 1.783107 1.420766 1.302701 1.209784 1.002381 0.386875 -0.124230 0.034141 0.003739 -0.000461 -0.000307 0.000717 0.004708 0.017078 0.040785 0.071673 0.098886 
0.108994 0.127730 0.158150 0.210479 0.303613 0.461993 0.661875 0.854193 0.977022 1.040054 1.253757 1.659449 1.682342 1.331199 1.253099 1.120393 0.745641 0.118272 -0.128729 0.042536 -0.001636 -0.000928 0.000097 0.002342 0.009845 0.027514 0.055331 0.085739 
0.098260 0.118927 0.141479 0.181576 0.251946 0.374647 0.556746 0.758980 0.924294 1.016013 1.128072 1.432604 1.718745 1.553525 1.258018 1.193572 0.963273 0.463533 -0.052774 -0.095380 0.047380 -0.006892 -0.000455 0.001067 0.005436 0.017409 0.040154 0.070211 
0.084487 0.109516 0.129967 0.159335 0.212977 0.306755 0.458272 0.655346 0.846252 0.979353 1.069500 1.256279 1.577974 1.692555 1.422057 1.196913 1.099154 0.747083 0.207450 -0.133290 -0.047171 0.044873 -0.011262 0.000920 0.002895 0.010472 0.027435 0.054269 
0.068955 0.097650 0.120314 0.143536 0.183121 0.254849 0.375296 0.551115 0.751570 0.920028 1.029795 1.150810 1.400262 1.661153 1.605441 1.303816 1.132110 0.954907 0.500712 0.012219 -0.143588 -0.001889 0.035328 -0.013711 0.003184 0.005984 0.017780 0.039618 
0.053349 0.083382 0.109736 0.131855 0.161283 0.214967 0.308983 0.456284 0.648263 0.839799 0.982248 1.088897 1.259482 1.529277 1.672873 1.485367 1.201723 1.044196 0.762434 0.260753 -0.107270 -0.109927 0.029779 0.021590 -0.013505 0.006345 0.010757 0.027444 
0.039244 0.067850 0.097019 0.121325 0.145656 0.185093 0.256934 0.375973 0.546689 0.744086 0.917159 1.040047 1.166197 1.381978 1.616850 1.620508 1.355563 1.107195 0.918844 0.539083 0.060034 -0.154269 -0.057869 0.044172 0.007406 -0.010448 0.010481 0.017566 
0.026581 0.052681 0.082364 0.109780 0.133487 0.163486 0.216963 0.310553 0.454871 0.642052 0.833663 0.984876 1.102715 1.262884 1.497028 1.647581 1.521610 1.229306 1.005517 0.752890 0.311970 -0.080211 -0.144907 -0.007554 0.043140 -0.003885 -0.004831 0.015754 
0.022388 0.037722 0.067075 0.096355 0.122097 0.147700 0.187290 0.258744 0.376371 0.543104 0.737304 0.914319 1.047967 1.177508 1.370709 1.582753 1.619161 1.396250 1.108848 0.882808 0.555966 0.109787 -0.153495 -0.101487 0.028625 0.031842 -0.010118 0.002770 
0.011738 0.030590 0.050646 0.081724 0.109669 0.134916 0.165747 0.219034 0.311786 0.453599 0.636770 0.827960 0.986564 1.113251 1.266151 1.474376 1.622911 1.540120 1.260610 0.988157 0.731988 0.347794 -0.044716 -0.166902 -0.046194 0.046096 0.016509 -0.010530 
-0.005559 0.021591 0.040468 0.064807 0.096088 0.122630 0.149634 0.189583 0.260477 0.376560 0.540015 0.731363 0.911335 1.053897 1.186424 1.363348 1.556105 1.610432 1.424955 1.123502 0.858037 0.555894 0.152578 -0.139600 -0.136909 0.003503 0.046537 0.002671 
-0.005899 0.003593 0.032063 0.051955 0.079580 0.109951 0.136074 0.167990 0.221162 0.312870 0.452366 0.632202 0.822771 0.987292 1.121415 1.269337 1.457747 1.600572 1.547669 1.288726 0.986271 0.711550 0.366882 -0.007403 -0.175113 -0.083918 0.037193 0.035466 
0.019739 -0.007510 0.015456 0.043081 0.064801 0.094422 0.123544 0.151308 0.191919 0.262199 0.376644 0.537242 0.726145 0.908287 1.058154 1.193651 1.358481 1.534858 1.598586 1.443952 1.142937 0.845444 0.547960 0.183442 -0.117080 -0.161879 -0.027102 0.051684 
0.049553 0.005527 -0.002304 0.028686 0.054679 0.078624 0.109045 0.137595 0.170008 0.223351 0.313901 0.451174 0.628155 0.818061 0.987255 1.127699 1.272399 1.445226 1.580803 1.548565 1.311742 0.993750 0.696701 0.374080 0.025182 -0.171445 -0.116937 0.019290 
0.047667 0.036826 -0.002912 0.008339 0.042307 0.066908 0.093025 0.123554 0.153319 0.194063 0.263975 0.376697 0.534701 0.721493 0.905247 1.061071 1.199517 1.355297 1.517670 1.585661 1.455727 1.162893 0.842608 0.538587 0.202916 -0.092166 -0.175583 -0.059039 
-0.004456 0.056940 0.020569 -0.003661 0.022483 0.055779 0.079777 0.107738 0.138532 0.172318 0.225373 0.314985 0.450039 0.624498 0.813750 0.986650 1.132466 1.275240 1.435659 1.563464 1.545434 1.329672 1.006181 0.688564 0.374707 0.050301 -0.160332 -0.142306 
-0.088359 0.035798 0.050975 0.006937 0.003115 0.038237 0.068940 0.093262 0.122781 0.155051 0.196437 0.265609 0.376831 0.532343 0.717275 0.902244 1.062944 1.204233 1.353244 1.503638 1.572678 1.462270 1.181393 0.846639 0.531166 0.213823 -0.069237 -0.179901 
-0.159406 -0.030357 0.057009 0.036358 -0.000001 0.015808 0.054141 0.081898 0.107372 0.138572 0.174605 0.227550 0.315964 0.449051 0.621131 0.809755 0.985627 1.136015 1.277773 1.428268 1.548328 1.539905 1.343140 1.020750 0.686492 0.372728 0.068008 -0.146119 
-0.177867 -0.112674 0.018536 0.060186 0.020142 0.001382 0.032159 0.069342 0.094921 0.122256 0.155984 0.198963 0.267323 0.376923 0.530217 0.713375 0.899285 1.064007 1.207973 1.351929 1.492102 1.560177 1.465065 1.197648 0.855105 0.527048 0.219238 -0.050380 
-0.131890 -0.169356 -0.055321 0.050556 0.050376 0.008101 0.010578 0.049949 0.083582 0.108369 0.138321 0.176317 0.229970 0.316968 0.448109 0.618063 0.805986 0.984294 1.138584 1.279952 1.422488 1.535152 1.533019 1.352895 1.035767 0.689266 0.370612 0.079655 
-0.036044 -0.172383 -0.131276 -0.001363 0.063723 0.034500 0.003746 0.025652 0.067483 0.097081 0.122699 0.156314 0.201187 0.269301 0.377021 0.528234 0.709779 0.896342 1.064442 1.210883 1.351074 1.482554 1.548435 1.465206 1.211457 0.866188 0.526458 0.221671 
0.086930 -0.119385 -0.174010 -0.077420 0.039284 0.060900 0.019314 0.008116 0.044077 0.083811 0.110388 0.138507 0.177343 0.232339 0.318210 0.447191 0.615215 0.802433 0.982700 1.140370 1.281760 1.417903 1.523695 1.525459 1.359646 1.050262 0.695631 0.369697 
0.222917 -0.025784 -0.165659 -0.144617 -0.021582 0.061978 0.048008 0.009917 0.020202 0.063472 0.098744 0.124254 0.156586 0.202821 0.271415 0.377312 0.526322 0.706425 0.893435 1.064359 1.213100 1.350488 1.474593 1.537580 1.463500 1.222901 0.878602 0.529077 
0.370576 0.091384 -0.109325 -0.175252 -0.095849 0.025132 0.067184 0.031977 0.009013 0.037714 0.082108 0.112719 0.139567 0.177965 0.234323 0.319701 0.446428 0.612487 0.799066 0.980908 1.141503 1.283213 1.414200 1.513726 1.517674 1.364015 1.063714 0.704493 
0.534372 0.224140 -0.018781 -0.159136 -0.153717 -0.040555 0.056024 0.059238 0.018965 0.016905 0.057949 0.099136 0.126614 0.157323 0.203899 0.273385 0.377896 0.524541 0.703212 0.890580 1.063861 1.214718 1.350047 1.467896 1.527647 1.460545 1.232195 0.891468 
0.714966 0.373397 0.094266 -0.101779 -0.174649 -0.110604 0.009807 0.069302 0.044537 0.013158 0.032039 0.078525 0.114589 0.141564 0.178627 0.235778 0.321262 0.445951 0.609873 0.795808 0.978981 1.142093 1.284324 1.411156 1.505034 1.509953 1.366526 1.075879 
0.904206 0.541764 0.226027 -0.014143 -0.153611 -0.159741 -0.057444 0.047169 0.067452 0.029675 0.016316 0.051831 0.097860 0.129213 0.158835 0.204692 0.274978 0.378706 0.523008 0.700089 0.887740 1.063045 1.215818 1.349665 1.462215 1.518613 1.456783 1.239605 
