0.037885 0.151598 0.274868 0.456423 0.669264 1.241440 2.114751 1.996839 1.884385 1.690329 1.473268 0.909210 0.023947 0.067848 0.026834 0.009268 0.002818 0.000964 0.001456 0.003920 0.007949 0.012286 0.015159 0.015248 0.012495 0.008147 0.003977 0.001249 
0.014646 0.085107 0.212039 0.358360 0.558932 0.910435 1.640454 2.179698 1.939930 1.797557 1.584674 1.234613 0.506729 -0.070248 0.057955 0.015120 0.004654 0.001317 0.000917 0.002442 0.005739 0.010079 0.013906 0.015552 0.014226 0.010520 0.006040 0.002433 
0.006562 0.042596 0.141514 0.282776 0.451865 0.715817 1.228130 1.933923 2.157191 1.856569 1.699929 1.426791 0.917899 0.199377 -0.094294 0.057917 0.005840 0.002094 0.000750 0.001439 0.003869 0.007778 0.012056 0.015001 0.015260 0.012671 0.008377 0.004127 
0.004509 0.020379 0.084195 0.206852 0.363842 0.571983 0.940929 1.556841 2.105872 2.072366 1.760251 1.577922 1.201814 0.584842 -0.000565 -0.073924 0.057415 -0.002074 0.001122 0.000840 0.002436 0.005639 0.009871 0.013695 0.015467 0.014322 0.010737 0.006246 
0.005033 0.010243 0.046294 0.138168 0.281055 0.461519 0.736355 1.218014 1.839717 2.161937 1.951135 1.652864 1.414090 0.923436 0.288193 -0.101250 -0.033842 0.051524 -0.008312 0.001415 0.001403 0.003836 0.007626 0.011834 0.014838 0.015259 0.012834 0.008605 
0.006737 0.006541 0.024413 0.085253 0.203235 0.366590 0.587140 0.951332 1.511360 2.038262 2.123163 1.812933 1.526040 1.200248 0.623888 0.062746 -0.124653 0.006597 0.039756 -0.012144 0.002627 0.002314 0.005562 0.009678 0.013487 0.015371 0.014402 0.010945 
0.008935 0.006137 0.013218 0.049462 0.137101 0.279241 0.469716 0.751281 1.206866 1.778952 2.135963 2.017440 1.666569 1.368006 0.943389 0.341415 -0.077671 -0.098859 0.035438 0.024439 -0.013092 0.004356 0.003493 0.007511 0.011621 0.014669 0.015243 0.012985 
0.011184 0.007380 0.008443 0.027695 0.086857 0.201359 0.368437 0.599112 0.957321 1.478347 1.984342 2.136143 1.871048 1.510749 1.171455 0.664572 0.109011 -0.138002 -0.051146 0.048100 0.008990 -0.011240 0.006213 0.004892 0.009555 0.013278 0.015266 0.014468 
0.013137 0.009347 0.007303 0.015795 0.052287 0.137191 0.278325 0.475825 0.762275 1.197482 1.733223 2.104517 2.055708 1.702799 1.338477 0.938962 0.392876 -0.053064 -0.136308 -0.003072 0.045840 -0.003485 -0.007224 0.007900 0.006475 0.011534 0.014489 0.015215 
0.014526 0.011456 0.008106 0.010232 0.030541 0.088688 0.200729 0.370029 0.607931 0.961284 1.452786 1.939426 2.132625 1.917266 1.522064 1.143118 0.684240 0.157388 -0.140023 -0.096750 0.031924 0.033457 -0.011053 -0.002020 0.009256 0.008194 0.013274 0.015130 
0.015136 0.013299 0.009816 0.008485 0.018114 0.054885 0.137971 0.278222 0.480405 0.770176 1.189766 1.696713 2.072705 2.076015 1.742145 1.330559 0.923671 0.429311 -0.019998 -0.160972 -0.043088 0.048583 0.016957 -0.013229 0.003338 0.010267 0.009966 0.014605 
0.015384 0.014514 0.011763 0.008881 0.011929 0.033107 0.090639 0.200951 0.371572 0.614342 0.963744 1.432320 1.901079 2.120946 1.951228 1.546067 1.126528 0.687424 0.199025 -0.129027 -0.134387 0.006024 0.048182 0.001684 -0.010790 0.008007 0.011021 0.011668 
0.013143 0.015522 0.013373 0.010339 0.009664 0.020252 0.057328 0.139197 0.278723 0.483938 0.775714 1.183135 1.666677 2.042124 2.084785 1.778078 1.338095 0.909422 0.449387 0.014956 -0.172043 -0.082403 0.039385 0.036015 -0.008806 -0.005300 0.011487 0.011640 
0.012223 0.014223 0.015014 0.011967 0.009706 0.013550 0.035479 0.092664 0.201753 0.373119 0.619006 0.964969 1.415391 1.867912 2.105052 1.975102 1.574746 1.122344 0.683324 0.228971 -0.109473 -0.161803 -0.025527 0.053345 0.018786 -0.013094 0.001433 0.013643 
0.014636 0.012795 0.014769 0.013970 0.010738 0.010865 0.022254 0.059664 0.140720 0.279652 0.486748 0.779478 1.177122 1.641389 2.013405 2.085964 1.808725 1.355051 0.901162 0.458064 0.045260 -0.171402 -0.117241 0.021084 0.050244 0.002511 -0.011631 0.007828 
0.012813 0.014797 0.013305 0.014716 0.012658 0.010382 0.015152 0.037706 0.094737 0.202952 0.374679 0.622408 0.965186 1.400928 1.838928 2.087116 1.991069 1.603942 1.128133 0.678264 0.247876 -0.087589 -0.178175 -0.058599 0.049310 0.035989 -0.008759 -0.006102 
0.001323 0.015922 0.014486 0.013648 0.014121 0.011547 0.011886 0.024206 0.061912 0.142446 0.280876 0.489044 0.781916 1.171436 1.619646 1.986749 2.082122 1.833890 1.377123 0.899956 0.460635 0.068278 -0.163492 -0.144657 -0.003186 0.057803 0.017544 -0.013356 
-0.011714 0.008633 0.017208 0.013992 0.013721 0.013215 0.011353 0.016548 0.039886 0.096826 0.204424 0.376243 0.624892 0.964595 1.388205 1.813336 2.068402 2.000957 1.631574 1.141089 0.675565 0.258586 -0.067680 -0.185400 -0.089251 0.037369 0.050330 0.000924 
-0.009991 -0.005664 0.014392 0.017074 0.013488 0.013497 0.012453 0.013068 0.025949 0.064155 0.144293 0.282306 0.490963 0.783362 1.165912 1.600580 1.962127 2.074993 1.854008 1.401469 0.905207 0.461007 0.084114 -0.152608 -0.164059 -0.029750 0.058056 0.033422 
0.014063 -0.013795 0.002398 0.017904 0.016065 0.013043 0.013107 0.012554 0.017976 0.041887 0.098983 0.206065 0.377804 0.626695 0.963368 1.376731 1.790494 2.049645 2.006232 1.656682 1.158804 0.676599 0.264147 -0.051769 -0.186493 -0.115124 0.019966 0.059795 
0.047624 -0.002100 -0.011205 0.010237 0.019153 0.014702 0.012690 0.012907 0.014518 0.027620 0.066287 0.146275 0.283852 0.492606 0.784059 1.160463 1.583562 1.939396 2.065759 1.869724 1.426284 0.915742 0.461654 0.094122 -0.141780 -0.176570 -0.055544 0.051788 
0.063643 0.028457 -0.011730 -0.004302 0.016261 0.018598 0.013391 0.012520 0.013538 0.019632 0.043758 0.101116 0.207865 0.379332 0.627995 0.961642 1.366176 1.769887 2.031261 2.008041 1.678930 1.179401 0.681641 0.267069 -0.040283 -0.184314 -0.135534 -0.000167 
0.040683 0.058424 0.008989 -0.013968 0.004337 0.019708 0.016938 0.012413 0.012793 0.015951 0.029441 0.068283 0.148317 0.285509 0.494014 0.784195 1.155048 1.568134 1.918366 2.055225 1.881722 1.450468 0.930300 0.463957 0.099990 -0.132713 -0.184025 -0.078674 
-0.020746 0.062256 0.042104 -0.005800 -0.009973 0.012389 0.020590 0.014895 0.011990 0.014025 0.021405 0.045693 0.103151 0.209768 0.380847 0.628895 0.959538 1.356312 1.751107 2.013467 2.007269 1.698314 1.201498 0.690400 0.269176 -0.032769 -0.181043 -0.150933 
-0.098349 0.026653 0.065074 0.021621 -0.013353 -0.002109 0.018260 0.019479 0.013093 0.012390 0.017046 0.031435 0.070276 0.150314 0.287250 0.495250 0.783892 1.149658 1.553957 1.898842 2.043938 1.890636 1.473388 0.947734 0.468554 0.103294 -0.126115 -0.188286 
-0.162331 -0.040231 0.056686 0.053582 0.003074 -0.013508 0.006935 0.021263 0.017237 0.012031 0.014048 0.023024 0.047799 0.105145 0.211670 0.382367 0.629491 0.957135 1.346991 1.733826 1.996363 2.004587 1.715005 1.224112 0.702335 0.271684 -0.028392 -0.178105 
-0.190904 -0.114572 0.011375 0.067636 0.034253 -0.009457 -0.007915 0.014863 0.021545 0.014782 0.012137 0.017666 0.033437 0.072401 0.152260 0.288997 0.496376 0.783248 1.144286 1.540786 1.880632 2.032264 1.897022 1.494723 0.967084 0.475619 0.105324 -0.122044 
-0.176288 -0.170887 -0.057800 0.048217 0.062150 0.013689 -0.014343 0.000820 0.020216 0.019844 0.012945 0.013880 0.024271 0.050020 0.107218 0.213519 0.383856 0.629875 0.954496 1.338104 1.717791 1.979975 2.000502 1.729254 1.246571 0.716830 0.275325 -0.026226 
