0.114758 0.117988 0.126525 0.174428 0.283739 0.457143 0.667680 0.862617 0.983488 0.993770 0.896895 0.731574 0.548137 0.383863 0.253398 0.155450 0.084631 0.037590 0.011689 0.001685 -0.000128 0.000097 0.001685 0.009216 0.027669 0.056493 0.087364 0.107800 
0.112964 0.116839 0.121593 0.145556 0.221408 0.362430 0.557770 0.767098 0.932311 1.002453 0.958727 0.822790 0.642120 0.463604 0.314404 0.200359 0.116650 0.058138 0.021997 0.004700 -0.000246 -0.000270 0.000721 0.004708 0.017078 0.040785 0.071673 0.098886 
0.107567 0.116177 0.119106 0.131173 0.176996 0.283772 0.453310 0.660685 0.855219 0.979266 0.994823 0.902285 0.738047 0.552593 0.385340 0.252988 0.154713 0.084244 0.037271 0.010993 0.000683 -0.000873 0.000099 0.002340 0.009845 0.027514 0.055331 0.085739 
0.097725 0.113524 0.118352 0.123998 0.149865 0.222765 0.360696 0.552268 0.759558 0.926053 1.000605 0.962066 0.829128 0.647972 0.466691 0.314801 0.199590 0.116003 0.057821 0.021545 0.003842 -0.001189 -0.000703 0.001060 0.005434 0.017409 0.040154 0.070211 
0.084286 0.107089 0.117309 0.121072 0.134404 0.180436 0.283602 0.449777 0.653948 0.847905 0.974822 0.995472 0.907397 0.744577 0.557347 0.387072 0.252611 0.153844 0.083736 0.036945 0.010372 -0.000258 -0.001636 0.000019 0.002921 0.010472 0.027435 0.054269 
0.068879 0.096589 0.113772 0.119998 0.126542 0.153332 0.224877 0.358813 0.547113 0.752203 0.919743 0.998431 0.965025 0.835330 0.654014 0.470090 0.315365 0.198765 0.115207 0.057426 0.021131 0.003064 -0.002103 -0.001188 0.001314 0.006115 0.017777 0.039618 
0.053321 0.082928 0.106497 0.118255 0.123230 0.137406 0.183510 0.284046 0.446168 0.647559 0.840667 0.970194 0.995740 0.912214 0.751125 0.562378 0.389078 0.252300 0.152856 0.083094 0.036592 0.009819 -0.001132 -0.002406 -0.000135 0.003427 0.011089 0.027425 
0.039178 0.067661 0.095467 0.113852 0.121590 0.129168 0.156467 0.226974 0.357409 0.541955 0.745149 0.913378 0.995964 0.967611 0.841365 0.660208 0.473797 0.316124 0.197911 0.114265 0.056936 0.020740 0.002366 -0.002978 -0.001713 0.001485 0.006746 0.018172 
0.027478 0.052485 0.081649 0.105837 0.119052 0.125399 0.140353 0.186320 0.284701 0.442918 0.641221 0.833634 0.965376 0.995655 0.916724 0.757650 0.567660 0.391368 0.252085 0.151767 0.082311 0.036196 0.009325 -0.001935 -0.003172 -0.000356 0.003857 0.011688 
0.018588 0.038829 0.066547 0.094365 0.113816 0.123084 0.131800 0.159459 0.228959 0.356330 0.537058 0.738163 0.907089 0.993199 0.969841 0.847205 0.666520 0.477801 0.317100 0.197055 0.113181 0.056336 0.020355 0.001744 -0.003806 -0.002271 0.001576 0.007321 
0.012264 0.027587 0.051754 0.080444 0.105136 0.119723 0.127511 0.143262 0.188979 0.285410 0.440024 0.635064 0.826649 0.960496 0.995203 0.920933 0.764119 0.573165 0.393949 0.251996 0.150597 0.081380 0.035737 0.008878 -0.002664 -0.003924 -0.000636 0.004211 
0.007837 0.019017 0.038565 0.065533 0.093290 0.113693 0.124467 0.134391 0.162375 0.230855 0.355444 0.532491 0.731288 0.900789 0.990242 0.971690 0.852844 0.672909 0.482089 0.318314 0.196227 0.111966 0.055612 0.019960 0.001192 -0.004579 -0.002849 0.001593 
0.004489 0.012810 0.027745 0.051121 0.079313 0.104411 0.120284 0.129535 0.146125 0.191553 0.286136 0.437410 0.629171 0.819701 0.955522 0.994467 0.924804 0.770512 0.578860 0.396821 0.252060 0.149368 0.080300 0.035198 0.008466 -0.003318 -0.004652 -0.000967 
0.001540 0.008292 0.019450 0.038378 0.064615 0.092248 0.113500 0.125737 0.136913 0.165235 0.232700 0.354687 0.528230 0.724590 0.894450 0.987104 0.973211 0.858237 0.679356 0.486639 0.319781 0.195455 0.110631 0.054754 0.019536 0.000705 -0.005291 -0.003437 
-0.001339 0.004694 0.013320 0.027943 0.050583 0.078257 0.103672 0.120745 0.131458 0.148931 0.194074 0.286878 0.435014 0.623558 0.812832 0.950428 0.993476 0.928359 0.776785 0.584727 0.399977 0.252301 0.148106 0.079074 0.034562 0.008072 -0.003897 -0.005345 
-0.004024 0.001424 0.008683 0.019882 0.038261 0.063791 0.091247 0.113251 0.126897 0.139349 0.168044 0.234519 0.354030 0.524235 0.718103 0.888090 0.983770 0.974438 0.863379 0.685816 0.491439 0.321505 0.194769 0.109194 0.053753 0.019064 0.000272 -0.005936 
-0.005995 -0.001742 0.004827 0.013790 0.028174 0.050132 0.077278 0.102931 0.121119 0.133272 0.151666 0.196559 0.287645 0.432795 0.618211 0.806082 0.945218 0.992231 0.931624 0.782911 0.590729 0.403417 0.252737 0.146836 0.077707 0.033815 0.007681 -0.004405 
-0.006512 -0.004599 0.001253 0.009009 0.020304 0.038206 0.063057 0.090291 0.112958 0.127950 0.141689 0.170800 0.236327 0.353462 0.520470 0.711840 0.881742 0.980240 0.975380 0.868281 0.692254 0.496464 0.323498 0.194189 0.107675 0.052606 0.018528 -0.000118 
-0.004846 -0.006594 -0.002165 0.004893 0.014214 0.028429 0.049763 0.076376 0.102196 0.121413 0.134976 0.154323 0.199012 0.288444 0.430732 0.613110 0.799474 0.939916 0.990730 0.934610 0.788883 0.596829 0.407128 0.253386 0.145583 0.076210 0.032943 0.007276 
-0.000478 -0.007017 -0.005152 0.001035 0.009271 0.020710 0.038206 0.062409 0.089385 0.112630 0.128901 0.143926 0.173500 0.238135 0.352981 0.516910 0.705794 0.875436 0.976527 0.976037 0.872948 0.698647 0.501685 0.325762 0.193742 0.106093 0.051313 0.017910 
0.006839 -0.005229 -0.007135 -0.002598 0.004897 0.014590 0.028701 0.049470 0.075551 0.101474 0.121637 0.136570 0.156895 0.201434 0.289282 0.428810 0.608232 0.793020 0.934550 0.988979 0.937317 0.794699 0.602999 0.411093 0.254265 0.144371 0.074594 0.031940 
0.017195 -0.000824 -0.007452 -0.005672 0.000779 0.009469 0.021093 0.038253 0.061846 0.088532 0.112275 0.129757 0.146058 0.176138 0.239945 0.352586 0.513534 0.699955 0.869192 0.972652 0.976410 0.877377 0.704984 0.507072 0.328294 0.193451 0.104468 0.049877 
0.030797 0.006353 -0.005562 -0.007613 -0.003030 0.004844 0.014914 0.028981 0.049245 0.074802 0.100771 0.121799 0.138055 0.159376 0.203825 0.290161 0.427021 0.603561 0.786722 0.929144 0.986994 0.939742 0.800351 0.609218 0.415291 0.255381 0.143227 0.072874 
0.048301 0.016371 -0.001171 -0.007820 -0.006151 0.000496 0.009605 0.021448 0.038339 0.061362 0.087735 0.111903 0.130524 0.148083 0.178709 0.241757 0.352276 0.510331 0.694314 0.863025 0.968641 0.976506 0.881564 0.711252 0.512604 0.331084 0.193334 0.102825 
0.071065 0.029511 0.005802 -0.005857 -0.008026 -0.003450 0.004742 0.015185 0.029263 0.049084 0.074130 0.100095 0.121907 0.139436 0.161762 0.206180 0.291083 0.425361 0.599082 0.780578 0.923720 0.984792 0.941886 0.805829 0.615470 0.419703 0.256738 0.142175 
0.101188 0.046594 0.015426 -0.001534 -0.008128 -0.006581 0.000194 0.009682 0.021769 0.038455 0.060954 0.086998 0.111520 0.131207 0.149999 0.181210 0.243571 0.352050 0.507291 0.688858 0.856943 0.964515 0.976336 0.885501 0.717437 0.518262 0.334120 0.193406 
0.141235 0.069188 0.028081 0.005170 -0.006127 -0.008372 -0.003847 0.004599 0.015401 0.029537 0.048978 0.073533 0.099449 0.121968 0.140715 0.164052 0.208497 0.292046 0.423825 0.594784 0.774586 0.918293 0.982394 0.943751 0.811123 0.621739 0.424312 0.258335 
0.193675 0.099580 0.044767 0.014351 -0.001930 -0.008381 -0.006955 -0.000114 0.009706 0.022052 0.038595 0.060616 0.086321 0.111133 0.131813 0.151810 0.183636 0.245383 0.351907 0.504407 0.683579 0.850951 0.960295 0.975915 0.889185 0.723525 0.524031 0.337392 
