0.020863 0.010235 0.378438 1.126303 1.003256 1.010423 1.029028 1.071911 0.781108 0.170196 0.487638 0.706776 0.901583 1.013794 1.005409 0.879407 0.678278 0.461117 0.275960 0.144994 0.067204 0.030017 0.019269 0.023146 0.032179 0.038968 0.039063 0.031991 
0.026934 0.015487 0.146983 0.704913 1.173643 0.990563 1.018296 1.047435 0.968220 0.515666 0.212873 0.609494 0.807221 0.968013 1.024676 0.957110 0.788233 0.571701 0.364538 0.203703 0.099452 0.043535 0.021338 0.019380 0.027018 0.035854 0.039852 0.036423 
0.032436 0.021455 0.063367 0.372644 0.950428 1.163579 0.978078 1.032690 1.021372 0.788611 0.345549 0.323757 0.733219 0.892234 1.009361 1.006422 0.885336 0.685924 0.466949 0.278329 0.144504 0.065452 0.028222 0.017829 0.021999 0.031286 0.038458 0.039066 
0.036656 0.027489 0.035799 0.184585 0.627972 1.102583 1.120660 0.975369 1.035272 0.932672 0.593367 0.281994 0.474581 0.844033 0.956033 1.022899 0.960647 0.795421 0.578882 0.368844 0.204568 0.098132 0.041609 0.019671 0.018094 0.026003 0.035136 0.039582 
0.039041 0.032853 0.029460 0.092633 0.369453 0.861375 1.168688 1.068436 0.979672 1.004285 0.792607 0.434189 0.315293 0.637199 0.932214 0.995108 1.007913 0.890906 0.693565 0.473051 0.280986 0.144119 0.063631 0.026317 0.016337 0.020863 0.030417 0.037945 
0.039297 0.036857 0.030807 0.052726 0.204337 0.588526 1.038107 1.169508 1.022618 0.977806 0.927982 0.631741 0.344801 0.421146 0.788068 0.992676 1.007772 0.965636 0.802277 0.586205 0.373462 0.205653 0.096828 0.039577 0.017910 0.016787 0.025011 0.034434 
0.037436 0.038990 0.034283 0.038270 0.112320 0.367359 0.805143 1.143580 1.130849 0.987452 0.953521 0.810664 0.487108 0.337563 0.568284 0.910661 1.023913 0.993858 0.899109 0.700830 0.479417 0.283941 0.143867 0.061756 0.024296 0.014780 0.019730 0.029573 
0.033752 0.039001 0.037419 0.035190 0.066537 0.217216 0.563408 0.986780 1.181111 1.075484 0.956803 0.895708 0.671473 0.390584 0.405390 0.725516 0.995928 1.026799 0.954570 0.812911 0.593015 0.378437 0.206979 0.095566 0.037444 0.016045 0.015447 0.024040 
0.028756 0.036934 0.039064 0.036386 0.046666 0.126960 0.365873 0.765447 1.112575 1.165792 1.017775 0.919057 0.803983 0.538111 0.361025 0.527288 0.866936 1.041306 1.003572 0.892419 0.712743 0.485061 0.287318 0.143767 0.059844 0.022154 0.013146 0.018595 
0.023086 0.033093 0.038755 0.038326 0.039906 0.078062 0.226589 0.545577 0.945567 1.175923 1.116938 0.962254 0.863565 0.689897 0.438470 0.401238 0.675439 0.974781 1.048952 0.957173 0.811147 0.604903 0.382447 0.208768 0.094352 0.035220 0.014065 0.014063 
0.017447 0.027967 0.036467 0.039302 0.038865 0.054412 0.138529 0.364775 0.735447 1.081949 1.182598 1.051558 0.905910 0.786103 0.573903 0.393079 0.499410 0.821967 1.040013 1.023806 0.890941 0.715552 0.495702 0.289511 0.144152 0.057875 0.019895 0.011420 
0.012621 0.022145 0.032470 0.038593 0.039493 0.044640 0.087899 0.233886 0.532058 0.911719 1.163005 1.146039 0.980560 0.842776 0.691552 0.479569 0.410350 0.633660 0.944054 1.061191 0.971956 0.808562 0.611184 0.390899 0.209227 0.093629 0.032848 0.011970 
0.009604 0.016274 0.027207 0.036056 0.039696 0.041535 0.061506 0.148051 0.363949 0.711702 1.053409 1.188053 1.081864 0.908206 0.768844 0.593156 0.427114 0.485439 0.777971 1.026780 1.042370 0.899529 0.714121 0.503905 0.295236 0.143169 0.056386 0.017421 
0.009619 0.011128 0.021208 0.031892 0.038527 0.040841 0.049254 0.096457 0.239831 0.521343 0.883311 1.146614 1.165063 1.003468 0.834238 0.685541 0.508929 0.428231 0.602429 0.907841 1.063727 0.990753 0.812146 0.612114 0.399377 0.212127 0.091617 0.030926 
0.015350 0.007521 0.015096 0.026474 0.035716 0.040224 0.044285 0.068007 0.156122 0.363320 0.692270 1.027296 1.186445 1.106771 0.919808 0.757323 0.600724 0.456591 0.483468 0.738734 1.004475 1.055848 0.914654 0.714808 0.507334 0.302566 0.143530 0.053794 
0.028161 0.007609 0.009383 0.020310 0.031362 0.038562 0.042310 0.053688 0.104015 0.244836 0.512576 0.859024 1.128855 1.176461 1.026701 0.835506 0.678288 0.527099 0.448653 0.582552 0.870295 1.056957 1.009321 0.822062 0.612024 0.404612 0.217332 0.089999 
0.050893 0.012724 0.005705 0.013703 0.025820 0.035444 0.040867 0.047046 0.073983 0.163114 0.362841 0.675962 1.003516 1.180436 1.126252 0.936282 0.752650 0.601940 0.478783 0.489059 0.707193 0.976261 1.062427 0.933145 0.719891 0.507990 0.308455 0.146172 
0.090157 0.024670 0.005321 0.007827 0.019247 0.030944 0.038681 0.043862 0.057919 0.110774 0.249153 0.505227 0.837935 1.110806 1.182232 1.048240 0.843674 0.673179 0.536917 0.467242 0.572144 0.835360 1.042207 1.024717 0.837014 0.613771 0.406677 0.222657 
0.149967 0.049037 0.009228 0.003842 0.012423 0.025060 0.035307 0.041591 0.049781 0.079497 0.169273 0.362478 0.662002 0.981850 1.171699 1.140913 0.954779 0.754168 0.600769 0.493757 0.497871 0.683963 0.945830 1.061504 0.952142 0.729835 0.508205 0.311783 
0.226549 0.091891 0.021492 0.002232 0.006386 0.018234 0.030483 0.038944 0.045448 0.061949 0.116878 0.252947 0.498950 0.819385 1.093024 1.183886 1.067265 0.856283 0.671567 0.541465 0.481923 0.568170 0.805424 1.021941 1.034952 0.855107 0.618936 0.406843 
0.312721 0.153516 0.048660 0.005470 0.001382 0.011349 0.024309 0.035187 0.042441 0.052448 0.084610 0.174770 0.362207 0.649864 0.962054 1.161302 1.151510 0.973569 0.760642 0.599689 0.502874 0.506823 0.667921 0.916275 1.053885 0.969137 0.744062 0.509880 
0.406672 0.228374 0.094294 0.019356 -0.001462 0.004609 0.017454 0.030008 0.039267 0.047100 0.065760 0.122440 0.256329 0.493508 0.802892 1.075796 1.182536 1.083558 0.871478 0.673669 0.543264 0.492253 0.567728 0.781191 0.998923 1.039305 0.874140 0.628109 
0.514317 0.312131 0.155807 0.049432 0.002182 -0.001787 0.010185 0.023768 0.035049 0.043362 0.055077 0.089347 0.179733 0.362007 0.639174 0.943904 1.149937 1.158762 0.991656 0.770790 0.600041 0.507834 0.514180 0.657211 0.889523 1.041283 0.982416 0.761233 
0.640991 0.407632 0.228236 0.096376 0.018417 -0.005213 0.002206 0.016775 0.029696 0.039577 0.048794 0.069393 0.127526 0.259384 0.488729 0.788094 1.059258 1.179000 1.097201 0.887943 0.679151 0.544120 0.498688 0.568610 0.762207 0.975472 1.038178 0.892114 
0.779685 0.522091 0.311189 0.156364 0.050659 -0.000189 -0.005384 0.008597 0.023441 0.035016 0.044268 0.057671 0.093767 0.184239 0.361871 0.629659 0.927201 1.138057 1.163293 1.008504 0.783489 0.602415 0.510204 0.519230 0.649949 0.866381 1.025645 0.991242 
0.907608 0.656643 0.410804 0.226767 0.097372 0.018378 -0.008493 -0.000791 0.015911 0.029638 0.039933 0.050451 0.072882 0.132207 0.262160 0.484495 0.774711 1.043465 1.173877 1.108402 0.904775 0.687459 0.545202 0.502062 0.569378 0.747451 0.953159 1.032652 
0.995697 0.797866 0.533083 0.311060 0.155239 0.051574 -0.001573 -0.008964 0.006435 0.023146 0.035214 0.045164 0.060177 0.097933 0.188355 0.361780 0.621118 0.911770 1.125964 1.165626 1.023857 0.797828 0.606948 0.511242 0.521913 0.644569 0.846851 1.008682 
1.024042 0.919887 0.673843 0.416726 0.224874 0.096887 0.018686 -0.010988 -0.004113 0.014627 0.029761 0.040454 0.052038 0.076212 0.136560 0.264692 0.480710 0.762530 1.028424 1.167611 1.117420 0.921375 0.697994 0.547198 0.503281 0.569243 0.735757 0.932823 
