0.000014 0.000205 0.376071 1.128449 1.008444 1.018262 1.038125 1.078352 0.779143 0.155073 0.458732 0.668767 0.862635 0.981781 0.984560 0.869377 0.675910 0.463263 0.281148 0.152832 0.076301 0.036458 0.017305 0.008022 0.003273 0.000959 0.000115 -0.000022 
-0.000025 0.000090 0.141179 0.705196 1.177494 0.997125 1.026937 1.055693 0.971177 0.507716 0.190936 0.575452 0.767722 0.931548 0.997716 0.941714 0.782429 0.571984 0.368389 0.210265 0.108094 0.051793 0.024295 0.011430 0.005081 0.001812 0.000354 -0.000042 
-0.000085 0.000020 0.053013 0.370321 0.952810 1.168893 0.985758 1.041447 1.027594 0.786815 0.330991 0.295532 0.695618 0.853190 0.976840 0.984986 0.874982 0.683602 0.469330 0.283643 0.152185 0.074210 0.034444 0.016033 0.007441 0.003062 0.000856 0.000023 
-0.000122 -0.000059 0.019905 0.178627 0.628418 1.106652 1.127228 0.983750 1.043213 0.935570 0.585783 0.260716 0.441132 0.804718 0.919255 0.995351 0.944753 0.789464 0.579327 0.372914 0.211135 0.106512 0.049550 0.022569 0.010510 0.004725 0.001687 0.000268 
-0.000055 -0.000147 0.007435 0.081922 0.367139 0.863979 1.174147 1.075996 0.988114 1.010280 0.790945 0.420160 0.287738 0.600029 0.893118 0.962108 0.985889 0.880195 0.691251 0.475655 0.286445 0.151679 0.072074 0.032312 0.014674 0.006833 0.002862 0.000775 
0.000203 -0.000193 0.002685 0.036316 0.198189 0.589106 1.042397 1.176111 1.030771 0.985441 0.930800 0.624483 0.324154 0.388295 0.748974 0.955626 0.979650 0.949226 0.796129 0.586785 0.377752 0.212257 0.104981 0.047212 0.020728 0.009529 0.004364 0.001583 
0.000718 -0.000118 0.000836 0.015656 0.101222 0.365017 0.807955 1.149202 1.138323 0.995605 0.959284 0.809101 0.473570 0.310665 0.531567 0.871553 0.990466 0.971244 0.888012 0.698488 0.482229 0.289562 0.151342 0.069909 0.030060 0.013218 0.006192 0.002676 
0.001502 0.000160 0.000135 0.006513 0.049596 0.210841 0.564093 0.991290 1.187778 1.083444 0.964145 0.898426 0.664504 0.370539 0.373140 0.686674 0.958644 0.998122 0.937629 0.806536 0.593701 0.382947 0.213646 0.103527 0.044786 0.018763 0.008478 0.003995 
0.002500 0.000687 -0.000017 0.002524 0.023466 0.115448 0.363466 0.768449 1.118372 1.173214 1.025665 0.924588 0.802490 0.525027 0.334769 0.491041 0.827855 1.007444 0.980372 0.880908 0.710336 0.488064 0.293115 0.151189 0.067734 0.027685 0.011653 0.005511 
0.003614 0.001444 0.000196 0.000848 0.010695 0.060577 0.219953 0.546337 0.950293 1.182678 1.124738 0.969318 0.866167 0.683179 0.418998 0.369589 0.636880 0.937302 1.019741 0.939689 0.804510 0.605663 0.387174 0.215524 0.102152 0.042284 0.016667 0.007346 
0.004782 0.002334 0.000705 0.000285 0.004622 0.030632 0.126578 0.362269 0.738618 1.087932 1.189999 1.059213 0.911208 0.784653 0.561238 0.367447 0.463647 0.782950 1.005770 1.000026 0.878990 0.713045 0.498873 0.295494 0.151553 0.065530 0.025194 0.009969 
0.006121 0.003215 0.001417 0.000343 0.001859 0.014918 0.069863 0.226956 0.532861 0.916655 1.169871 1.153713 0.987363 0.845249 0.685053 0.460639 0.379298 0.595410 0.906420 1.031468 0.953920 0.801631 0.611988 0.395835 0.216094 0.101302 0.039651 0.014443 
0.008171 0.003991 0.002178 0.000790 0.000777 0.006945 0.037155 0.135641 0.361307 0.715022 1.059585 1.195464 1.089312 0.913277 0.767411 0.580873 0.402085 0.450172 0.739053 0.992189 1.018019 0.887118 0.711479 0.507225 0.301413 0.150579 0.063834 0.022492 
0.011953 0.004813 0.002789 0.001431 0.000612 0.003089 0.019045 0.077863 0.232576 0.522158 0.888447 1.153610 1.172642 1.010029 0.836573 0.679226 0.490510 0.397769 0.564514 0.870089 1.033517 0.972160 0.804891 0.612929 0.404513 0.219124 0.099196 0.037487 
0.020199 0.006084 0.003162 0.002026 0.000954 0.001438 0.009382 0.043096 0.143233 0.360509 0.695714 1.033670 1.193892 1.114041 0.924657 0.755886 0.588789 0.432143 0.448706 0.699948 0.969572 1.030937 0.901764 0.711996 0.510778 0.308940 0.150977 0.061064 
0.034500 0.009798 0.003224 0.002370 0.001482 0.001001 0.004478 0.023018 0.084862 0.237228 0.513370 0.864348 1.135997 1.183976 1.033040 0.837695 0.672128 0.509160 0.418773 0.544992 0.832462 1.026287 0.990168 0.814455 0.612818 0.409936 0.224474 0.097514 
0.058014 0.017360 0.004245 0.002082 0.001931 0.001191 0.002245 0.011865 0.048527 0.149730 0.359827 0.679505 1.010089 1.187945 1.133372 0.940919 0.751189 0.590319 0.454894 0.454807 0.668570 0.941080 1.036970 0.919760 0.716877 0.511533 0.315028 0.153682 
0.097638 0.030810 0.007360 0.001794 0.001755 0.001634 0.001494 0.005984 0.026815 0.091061 0.241167 0.505969 0.843433 1.118108 1.189713 1.054381 0.845713 0.667147 0.519426 0.437933 0.534957 0.797482 1.011102 1.005003 0.829028 0.614513 0.412176 0.229960 
0.157562 0.056037 0.013663 0.002342 0.001084 0.001705 0.001566 0.003160 0.014357 0.053511 0.155381 0.359231 0.665618 0.988620 1.179294 1.147914 0.959214 0.752667 0.589430 0.470401 0.464130 0.645532 0.910405 1.035518 0.938250 0.726588 0.511822 0.318553 
0.234022 0.099366 0.027456 0.004121 0.000455 0.001159 0.001731 0.002147 0.007558 0.030440 0.096607 0.244558 0.499607 0.825042 1.100498 1.191361 1.073229 0.858172 0.665635 0.524390 0.453171 0.531372 0.767535 0.990432 1.014681 0.846718 0.619593 0.412500 
0.319684 0.161217 0.055568 0.009717 -0.000171 0.000261 0.001462 0.001958 0.004228 0.016815 0.058112 0.160359 0.358696 0.653526 0.969017 1.169003 1.158419 0.977816 0.759088 0.588601 0.480027 0.473594 0.629708 0.880641 1.027387 0.954726 0.740551 0.513542 
0.412470 0.236027 0.101790 0.025168 0.000277 -0.001245 0.000765 0.001798 0.002871 0.009232 0.033875 0.101617 0.247516 0.494049 0.808689 1.083448 1.190032 1.089370 0.873218 0.667815 0.526575 0.464043 0.531333 0.743322 0.967038 1.018483 0.865328 0.628651 
0.517998 0.319281 0.163633 0.056277 0.006256 -0.003405 -0.000682 0.001404 0.002330 0.005391 0.019268 0.062359 0.164797 0.358204 0.642856 0.951054 1.157762 1.165607 0.995730 0.769172 0.589174 0.485470 0.481460 0.619240 0.853714 1.014294 0.967480 0.757429 
0.641386 0.413550 0.236073 0.103918 0.024100 -0.003619 -0.003591 0.000441 0.002011 0.003593 0.010977 0.037162 0.106159 0.250129 0.489124 0.794012 1.067094 1.186543 1.102884 0.889536 0.673353 0.527786 0.471003 0.532626 0.724390 0.943241 1.016811 0.882859 
0.775563 0.525764 0.318517 0.164331 0.057467 0.003728 -0.007074 -0.002076 0.001534 0.002801 0.006560 0.021719 0.066309 0.168773 0.357749 0.633331 0.934529 1.146023 1.170102 1.012421 0.781799 0.591743 0.488296 0.487014 0.612241 0.830430 0.998186 0.975776 
0.897895 0.656862 0.416821 0.234791 0.104983 0.023957 -0.007040 -0.006550 -0.000097 0.002460 0.004369 0.012715 0.040335 0.110307 0.252447 0.484714 0.780728 1.051489 1.181489 1.113981 0.906228 0.681700 0.529193 0.474885 0.533814 0.709715 0.920612 1.010752 
0.979698 0.793400 0.536717 0.318555 0.163359 0.058373 0.002205 -0.010731 -0.004069 0.001668 0.003496 0.007737 0.024116 0.070027 0.172356 0.357315 0.624753 0.919265 1.134084 1.172424 1.027635 0.796061 0.596444 0.489764 0.490195 0.607143 0.810789 0.980777 
1.001621 0.909701 0.673857 0.422821 0.233086 0.104590 0.024186 -0.009667 -0.009849 -0.001085 0.003071 0.005315 0.014409 0.043380 0.114139 0.254506 0.480724 0.768625 1.036636 1.175314 1.122920 0.922696 0.692258 0.531487 0.476591 0.534104 0.698129 0.899990 
