0.000605 0.003423 0.010586 0.029447 0.071668 0.152424 0.284566 0.468164 1.055015 1.997421 1.988244 1.987696 1.870212 1.675187 1.085741 0.151071 0.145156 0.067623 0.029773 0.015585 0.012516 0.012706 0.012208 0.009902 0.006441 0.003143 0.000987 0.000106 
0.000183 0.001724 0.006461 0.018554 0.047637 0.107229 0.212072 0.369933 0.711183 1.481774 2.111781 1.986891 1.943571 1.782392 1.429767 0.661559 0.032019 0.115342 0.043738 0.019722 0.012661 0.012203 0.012543 0.011281 0.008316 0.004772 0.001922 0.000387 
0.000119 0.000736 0.003693 0.011588 0.030972 0.073620 0.153994 0.284375 0.517635 1.042811 1.814350 2.143698 1.955035 1.877714 1.630010 1.097610 0.329455 -0.015427 0.098906 0.025781 0.014072 0.011607 0.012273 0.012112 0.010011 0.006616 0.003260 0.000990 
0.000380 0.000241 0.001922 0.007023 0.019844 0.049388 0.109091 0.212934 0.388145 0.743733 1.397785 2.034298 2.114118 1.902457 1.775160 1.399397 0.743002 0.104105 -0.015663 0.085776 0.012250 0.011684 0.011548 0.012296 0.011304 0.008475 0.004933 0.001989 
0.001018 0.000127 0.000854 0.004045 0.012469 0.032525 0.075469 0.155495 0.291618 0.543392 1.033451 1.718234 2.143795 2.044723 1.828263 1.618337 1.106279 0.421366 -0.020670 0.007406 0.070883 0.002847 0.011562 0.011812 0.012017 0.010119 0.006793 0.003386 
0.002072 0.000387 0.000288 0.002142 0.007603 0.021043 0.051136 0.110847 0.216544 0.403049 0.758636 1.351502 1.963417 2.159838 1.951166 1.722483 1.400075 0.785429 0.169989 -0.065396 0.034719 0.053304 -0.002390 0.012745 0.011920 0.011331 0.008635 0.005100 
0.003523 0.001062 0.000140 0.000971 0.004421 0.013325 0.034008 0.077290 0.157947 0.299696 0.559707 1.025409 1.655079 2.113564 2.106138 1.839326 1.572995 1.129281 0.477809 0.004789 -0.057276 0.054203 0.034742 -0.003676 0.014328 0.011596 0.010246 0.006972 
0.005269 0.002169 0.000408 0.000336 0.002369 0.008192 0.022194 0.052824 0.112946 0.221185 0.414918 0.766847 1.319748 1.905719 2.168090 2.005156 1.706100 1.373311 0.829515 0.218992 -0.077613 -0.023230 0.060840 0.017903 -0.001727 0.015554 0.010749 0.008850 
0.007270 0.003659 0.001121 0.000161 0.001089 0.004806 0.014171 0.035431 0.079199 0.161051 0.307365 0.571108 1.018176 1.608600 2.077355 2.139786 1.872643 1.543922 1.127789 0.532594 0.031450 -0.094295 0.015094 0.055247 0.005175 0.002300 0.015912 0.009436 
0.007814 0.005645 0.002256 0.000444 0.000389 0.002599 0.008782 0.023314 0.054501 0.115364 0.226151 0.424558 0.771726 1.295468 1.858186 2.159361 2.047411 1.715980 1.346782 0.852574 0.270266 -0.078347 -0.068992 0.043825 0.041489 -0.002162 0.007045 0.015185 
0.013438 0.006079 0.004103 0.001153 0.000197 0.001211 0.005194 0.015005 0.036825 0.081223 0.164517 0.314402 0.579547 1.011526 1.571955 2.041466 2.155027 1.909131 1.536102 1.115304 0.572433 0.066747 -0.118416 -0.025516 0.057051 0.024828 -0.004166 0.011248 
0.013996 0.010952 0.004418 0.002750 0.000426 0.000458 0.002831 0.009371 0.024414 0.056202 0.118008 0.231135 0.432567 0.774682 1.275684 1.818075 2.142740 2.077011 1.738508 1.331674 0.859128 0.314942 -0.065899 -0.106724 0.017059 0.055288 0.009927 -0.002010 
0.002500 0.014856 0.008122 0.002976 0.001670 0.000147 0.001352 0.005580 0.015829 0.038215 0.083353 0.168157 0.320813 0.586039 1.005322 1.541706 2.007624 2.158675 1.941856 1.543633 1.103615 0.595990 0.104103 -0.128814 -0.065408 0.046868 0.043057 -0.000219 
-0.004609 0.007474 0.013875 0.005350 0.001843 0.000935 0.000409 0.003088 0.009952 0.025505 0.057940 0.120797 0.236003 0.439355 0.776423 1.258877 1.783473 2.122508 2.096249 1.765420 1.328848 0.858253 0.348079 -0.044727 -0.134151 -0.015379 0.059473 0.026352 
0.010601 -0.003948 0.011384 0.011478 0.002969 0.001064 0.000624 0.001348 0.005997 0.016643 0.039612 0.085565 0.171856 0.326661 0.591174 0.999477 1.515907 1.976186 2.155040 1.968906 1.560352 1.097804 0.608114 0.137005 -0.127361 -0.100790 0.027537 0.056409 
0.042840 -0.000581 -0.000017 0.013336 0.008299 0.001191 0.000661 0.000841 0.003182 0.010570 0.026587 0.059716 0.123669 0.240694 0.445204 0.777352 1.244176 1.753065 2.100791 2.107597 1.792431 1.335827 0.856351 0.370237 -0.021021 -0.150443 -0.049346 0.054405 
0.063037 0.025112 -0.005797 0.005061 0.013116 0.005004 0.000104 0.000662 0.001741 0.006245 0.017500 0.041012 0.087839 0.175547 0.332014 0.595323 0.993930 1.493362 1.947074 2.146809 1.990260 1.581809 1.098948 0.614124 0.162751 -0.118461 -0.128709 0.002198 
0.041376 0.056420 0.008780 -0.005589 0.009439 0.011081 0.002152 -0.000299 0.001136 0.003565 0.011029 0.027724 0.061511 0.126583 0.245186 0.450313 0.777714 1.231043 1.725933 2.078688 2.113070 1.817523 1.349680 0.856781 0.384256 0.000875 -0.157456 -0.080900 
-0.025477 0.062302 0.040436 -0.002563 -0.001750 0.011933 0.007938 0.000117 -0.000067 0.002227 0.006667 0.018222 0.042481 0.090137 0.179193 0.336934 0.598730 0.988638 1.473293 1.920078 2.135676 2.006537 1.605138 1.106362 0.617972 0.181422 -0.106422 -0.148539 
-0.107655 0.022823 0.065074 0.021578 -0.007633 0.003483 0.012146 0.004506 -0.000930 0.000770 0.004179 0.011556 0.028764 0.063384 0.129490 0.249478 0.454825 0.777670 1.219122 1.701419 2.056775 2.114199 1.839870 1.367922 0.860869 0.393217 0.018912 -0.158196 
-0.161382 -0.052408 0.054977 0.054045 0.005187 -0.007116 0.008121 0.010363 0.001513 -0.000972 0.002261 0.007371 0.018931 0.043898 0.092502 0.182749 0.341482 0.601560 0.983570 1.455165 1.894965 2.122728 2.018503 1.628599 1.118784 0.622118 0.194396 -0.094292 
-0.155536 -0.128903 0.001483 0.068051 0.035606 -0.005534 -0.002940 0.010867 0.007325 -0.000525 -0.000070 0.004581 0.012345 0.029738 0.065245 0.132420 0.253554 0.458853 0.777323 1.208169 1.679039 2.035351 2.112115 1.859261 1.388680 0.868807 0.399639 0.032673 
-0.083776 -0.169075 -0.076679 0.042744 0.064205 0.016123 -0.009704 0.002562 0.011264 0.003938 -0.001336 0.001731 0.008074 0.019838 0.045228 0.094874 0.186242 0.345683 0.603941 0.978699 1.438601 1.871515 2.108676 2.026890 1.651187 1.134905 0.627885 0.203381 
0.042634 -0.151658 -0.145089 -0.020346 0.065720 0.048857 0.000428 -0.008332 0.007358 0.009605 0.001045 -0.000845 0.004493 0.013278 0.030829 0.067019 0.135343 0.257453 0.462460 0.776758 1.198007 1.658431 2.014565 2.107652 1.875778 1.410618 0.880237 0.405318 
0.209947 -0.075561 -0.173481 -0.097489 0.027522 0.070154 0.028588 -0.008911 -0.003543 0.010162 0.006675 -0.000734 0.000920 0.008455 0.020958 0.046594 0.097164 0.189675 0.349595 0.605948 0.974014 1.423322 1.849534 2.093989 2.032335 1.672359 1.153580 0.635845 
0.411416 0.049644 -0.147970 -0.157224 -0.041111 0.059135 0.059896 0.009330 -0.011585 0.002267 0.010568 0.003461 -0.001040 0.003952 0.014085 0.032135 0.068762 0.138177 0.261209 0.465717 0.776016 1.188513 1.639316 1.994481 2.101425 1.889637 1.432820 0.894582 
0.646116 0.215356 -0.069683 -0.176142 -0.114838 0.010995 0.071951 0.041029 -0.004834 -0.009005 0.007111 0.008940 0.000885 0.000270 0.008376 0.022120 0.048126 0.099371 0.192990 0.353278 0.607643 0.969490 1.409126 1.828853 2.078981 2.035373 1.691857 1.173879 
0.911220 0.418610 0.054622 -0.145235 -0.166460 -0.059988 0.049583 0.067975 0.019965 -0.012131 -0.003483 0.009812 0.006148 -0.000353 0.003233 0.014544 0.033591 0.070594 0.140884 0.264801 0.468701 0.775131 1.179584 1.621478 1.975117 2.093894 1.901103 1.454676 
