0.242554 0.243972 0.199970 0.130588 0.064592 0.023340 0.012551 0.027775 0.068747 0.149929 0.295595 0.518442 0.795077 1.059118 1.224357 1.228518 1.069142 0.805427 0.524406 0.296044 0.147122 0.065951 0.026852 0.013091 0.023544 0.062984 0.127270 0.196598 
0.222498 0.248830 0.227648 0.168451 0.097166 0.040873 0.014138 0.016911 0.045042 0.104312 0.214701 0.397371 0.650036 0.928672 1.154088 1.246572 1.169272 0.950327 0.667080 0.403643 0.211653 0.098068 0.041143 0.016804 0.015291 0.039641 0.092021 0.161304 
0.192912 0.240022 0.244179 0.202802 0.134320 0.067146 0.023811 0.011836 0.027807 0.070785 0.153116 0.297001 0.514954 0.786108 1.048032 1.216946 1.229145 1.077505 0.816741 0.532885 0.298717 0.145060 0.062523 0.024900 0.013194 0.024233 0.062327 0.124549 
0.157963 0.219123 0.247469 0.229182 0.171949 0.100569 0.042498 0.013903 0.016329 0.045920 0.107031 0.217365 0.396719 0.643881 0.918224 1.144115 1.242635 1.173805 0.960763 0.677699 0.409590 0.211825 0.094901 0.038097 0.015808 0.015870 0.039898 0.090422 
0.122066 0.189341 0.237398 0.244155 0.205433 0.138027 0.069870 0.024516 0.011238 0.027729 0.072536 0.156045 0.298414 0.511824 0.777655 1.037226 1.209297 1.229139 1.085311 0.827984 0.541775 0.301914 0.143258 0.058984 0.022638 0.013045 0.024889 0.061848 
0.089049 0.154821 0.215771 0.245939 0.230479 0.175316 0.104043 0.044343 0.013868 0.015763 0.046593 0.109453 0.219872 0.396239 0.638187 0.908223 1.134199 1.238246 1.177683 0.970835 0.688490 0.416051 0.212435 0.091823 0.034820 0.014497 0.016287 0.040229 
0.061529 0.119816 0.185899 0.234703 0.243912 0.207860 0.141693 0.072746 0.025452 0.010769 0.027561 0.074019 0.158718 0.299812 0.509015 0.769694 1.026718 1.201464 1.228541 1.092545 0.839099 0.551033 0.305641 0.141754 0.055370 0.020074 0.012628 0.025489 
0.040612 0.087892 0.151883 0.212461 0.244257 0.231544 0.178541 0.107567 0.046392 0.014034 0.015230 0.047081 0.111588 0.222215 0.395900 0.632920 0.898663 1.124376 1.233461 1.180927 0.980503 0.699394 0.423002 0.213509 0.088874 0.031336 0.012870 0.016520 
0.026011 0.061353 0.117799 0.182599 0.231957 0.243464 0.210079 0.145300 0.075755 0.026611 0.010438 0.027324 0.075253 0.161137 0.301176 0.506493 0.762201 1.016523 1.193497 1.227396 1.099201 0.850034 0.560608 0.309893 0.140584 0.051718 0.017219 0.011930 
0.016549 0.041024 0.086938 0.149154 0.209208 0.242442 0.232383 0.181614 0.111124 0.048633 0.014403 0.014749 0.047408 0.113450 0.224387 0.395675 0.628048 0.889535 1.114678 1.228331 1.183561 0.989739 0.710353 0.430412 0.215063 0.086096 0.027673 0.010923 
0.010940 0.026431 0.061301 0.116008 0.179451 0.229177 0.242824 0.212087 0.148834 0.078878 0.027985 0.010254 0.027039 0.076256 0.163307 0.302487 0.504226 0.755153 1.006650 1.185441 1.225749 1.105281 0.860742 0.570452 0.314663 0.139782 0.048066 0.014089 
0.008661 0.016355 0.041444 0.086175 0.146638 0.206029 0.240510 0.233003 0.184525 0.114694 0.051049 0.014975 0.014332 0.047594 0.115052 0.226381 0.395536 0.623541 0.880830 1.105134 1.222905 1.185612 0.998521 0.721316 0.438245 0.217109 0.083528 0.023860 
0.010702 0.009646 0.026725 0.061354 0.114440 0.176467 0.226383 0.242005 0.213886 0.152279 0.082098 0.029566 0.010224 0.026725 0.077048 0.165233 0.303730 0.502182 0.748525 0.997105 1.177336 1.223642 1.110791 0.871182 0.580514 0.319935 0.139374 0.044455 
0.019933 0.006087 0.015919 0.041846 0.085590 0.144336 0.202939 0.238481 0.233413 0.187268 0.118260 0.053626 0.015746 0.013994 0.047659 0.116408 0.228192 0.395462 0.619367 0.872535 1.095764 1.217230 1.187111 1.006831 0.732231 0.446463 0.219653 0.081209 
0.040925 0.007081 0.008043 0.026870 0.061491 0.113088 0.173656 0.223593 0.241023 0.215475 0.155622 0.085396 0.031342 0.010354 0.026400 0.077648 0.166921 0.304891 0.500335 0.742293 0.987892 1.169217 1.221118 1.115741 0.881321 0.590743 0.325688 0.139385 
0.079175 0.015926 0.003211 0.015224 0.042207 0.085167 0.142250 0.199953 0.236372 0.233622 0.189837 0.121806 0.056347 0.016715 0.013748 0.047623 0.117531 0.229819 0.395429 0.615500 0.864638 1.086589 1.211346 1.188089 1.014662 0.743052 0.455025 0.222693 
0.139832 0.037517 0.003252 0.006126 0.026844 0.061690 0.111944 0.171024 0.220823 0.239893 0.216859 0.158852 0.088755 0.033303 0.010648 0.026080 0.078073 0.168378 0.305959 0.498657 0.736435 0.979012 1.161117 1.218219 1.120147 0.891129 0.601091 0.331897 
0.226223 0.077456 0.011878 0.000047 0.014255 0.042501 0.084891 0.140381 0.197084 0.234199 0.233639 0.192227 0.125315 0.059198 0.017876 0.013603 0.047507 0.118436 0.231259 0.395418 0.611911 0.857124 1.077623 1.205293 1.188580 1.022006 0.753738 0.463888 
0.338533 0.140727 0.034268 -0.000756 0.003896 0.026623 0.061928 0.110998 0.168581 0.218090 0.238628 0.218039 0.161958 0.092157 0.035438 0.011108 0.025783 0.078343 0.169611 0.306921 0.497123 0.730928 0.970463 1.153062 1.214985 1.124026 0.900584 0.611510 
0.473010 0.230234 0.076080 0.007827 -0.003389 0.013000 0.042703 0.084742 0.138725 0.194344 0.231980 0.233475 0.194435 0.128773 0.062162 0.019224 0.013570 0.047327 0.119139 0.232511 0.395411 0.608575 0.849979 1.068879 1.199108 1.188615 1.028865 0.764251 
0.621959 0.345563 0.142079 0.031216 -0.004911 0.001355 0.026187 0.062181 0.110241 0.166330 0.215410 0.237245 0.219022 0.164932 0.095586 0.037734 0.011737 0.025522 0.078476 0.170630 0.307770 0.495710 0.725747 0.962242 1.145077 1.211452 1.127398 0.909666 
0.774560 0.482347 0.234707 0.075069 0.003810 -0.007077 0.011450 0.042789 0.084702 0.137282 0.191747 0.229733 0.233141 0.196460 0.132166 0.065223 0.020754 0.013657 0.047103 0.119653 0.233576 0.395390 0.605466 0.843187 1.060367 1.192822 1.188228 1.035242 
0.918362 0.632395 0.352956 0.143888 0.028393 -0.009180 -0.001490 0.025518 0.062424 0.109659 0.164279 0.212800 0.235759 0.219811 0.167765 0.099026 0.040179 0.012534 0.025312 0.078490 0.171443 0.308497 0.494395 0.720871 0.954345 1.137185 1.207656 1.130284 
1.041142 0.784634 0.491859 0.239625 0.074444 -0.000134 -0.010993 0.009599 0.042734 0.084750 0.136046 0.189301 0.227475 0.232649 0.198300 0.135482 0.068366 0.022456 0.013870 0.046851 0.119995 0.234457 0.395340 0.602561 0.836733 1.052094 1.186467 1.187451 
1.132708 0.926663 0.642780 0.360674 0.146153 0.025829 -0.013528 -0.004628 0.024599 0.062632 0.109238 0.162428 0.210273 0.234187 0.220415 0.170450 0.102461 0.042760 0.013498 0.025164 0.078403 0.172061 0.309096 0.493158 0.716278 0.946765 1.129404 1.203632 
1.186314 1.046575 0.794451 0.501505 0.244966 0.074217 -0.003970 -0.015111 0.007444 0.042514 0.084863 0.135010 0.187019 0.225222 0.232011 0.199957 0.138708 0.071575 0.024324 0.014215 0.046587 0.120179 0.235157 0.395249 0.599836 0.830601 1.044066 1.180069 
1.199412 1.134693 0.934561 0.653081 0.368685 0.148867 0.023553 -0.017921 -0.008045 0.023415 0.062779 0.108962 0.160782 0.207846 0.232543 0.220840 0.172982 0.105877 0.045464 0.014627 0.025091 0.078231 0.172495 0.309563 0.491981 0.711946 0.939496 1.121750 
1.173655 1.184850 1.051554 0.803990 0.511247 0.250704 0.074397 -0.007664 -0.019402 0.004987 0.042109 0.085018 0.134167 0.184908 0.222990 0.231241 0.201430 0.141835 0.074834 0.026348 0.014696 0.046326 0.120222 0.235679 0.395103 0.597270 0.824773 1.036285 
