0.000010 0.000159 0.000883 0.002732 0.006043 0.011222 0.020101 0.038181 0.076590 0.151361 0.652404 1.581986 1.668054 1.862523 1.981813 1.984705 1.495055 0.552571 0.465857 0.283926 0.154671 0.076357 0.034696 0.014522 0.005354 0.001527 0.000246 0.000003 
-0.000024 0.000067 0.000449 0.001667 0.004204 0.008399 0.015199 0.027991 0.054845 0.109430 0.348598 1.063628 1.730459 1.751738 1.931566 1.997809 1.801448 1.080417 0.402243 0.386794 0.212714 0.109147 0.050945 0.021923 0.008562 0.002773 0.000568 -0.000005 
-0.000084 0.000007 0.000222 0.000954 0.002771 0.006095 0.011473 0.020846 0.039660 0.078671 0.205941 0.646630 1.403068 1.821793 1.821833 1.978885 1.932454 1.506516 0.735973 0.311678 0.319583 0.152116 0.074375 0.032787 0.013285 0.004721 0.001222 0.000078 
-0.000126 -0.000070 0.000099 0.000523 0.001726 0.004244 0.008527 0.015660 0.029073 0.056641 0.131274 0.387109 0.985381 1.654644 1.874148 1.880733 1.981105 1.766923 1.164320 0.480544 0.261605 0.257771 0.102030 0.049062 0.020275 0.007636 0.002339 0.000356 
-0.000073 -0.000165 0.000001 0.000279 0.001027 0.002821 0.006165 0.011737 0.021582 0.041087 0.088074 0.236541 0.643440 1.311139 1.820616 1.904056 1.919196 1.913333 1.514175 0.832579 0.312970 0.232800 0.198889 0.062700 0.031646 0.011937 0.004070 0.000933 
0.000164 -0.000233 -0.000115 0.000126 0.000595 0.001793 0.004299 0.008673 0.016126 0.030127 0.061146 0.149623 0.407686 0.944689 1.585655 1.915591 1.920163 1.918890 1.762916 1.208681 0.552526 0.217955 0.210062 0.143579 0.034031 0.020373 0.006523 0.001910 
0.000679 -0.000203 -0.000238 -0.000010 0.000332 0.001103 0.002883 0.006252 0.012014 0.022308 0.043509 0.098202 0.257456 0.641321 1.252177 1.789502 1.958547 1.920257 1.860240 1.535581 0.893344 0.345043 0.173174 0.184144 0.094188 0.015216 0.013472 0.003062 
0.000867 0.000050 -0.000327 -0.000157 0.000147 0.000664 0.001867 0.004369 0.008834 0.016594 0.031545 0.066669 0.164759 0.421312 0.918375 1.530031 1.920059 1.965319 1.892965 1.730991 1.254160 0.607451 0.212054 0.155804 0.151782 0.053329 0.004690 0.009350 
0.006752 -0.000500 -0.000193 -0.000310 -0.000022 0.000379 0.001179 0.002956 0.006356 0.012303 0.023171 0.046585 0.107843 0.273228 0.639780 1.209879 1.752748 1.985785 1.943844 1.823180 1.531933 0.952040 0.378339 0.141536 0.147265 0.114359 0.022783 0.000358 
-0.000048 0.004831 -0.001291 -0.000199 -0.000217 0.000164 0.000729 0.001946 0.004453 0.009011 0.017121 0.033310 0.072484 0.177520 0.431358 0.899386 1.484717 1.907996 1.999187 1.893352 1.698880 1.278067 0.664416 0.217825 0.114084 0.135641 0.075905 0.002926 
-0.007311 0.001410 0.003145 -0.001647 -0.000069 -0.000076 0.000424 0.001256 0.003038 0.006476 0.012622 0.024206 0.050024 0.116769 0.285838 0.638598 1.177389 1.716613 1.995103 1.970898 1.807196 1.516766 0.995346 0.420238 0.123098 0.109200 0.115935 0.041071 
0.013570 -0.010088 0.003151 0.001565 -0.001654 0.000126 0.000111 0.000798 0.002028 0.004550 0.009210 0.017735 0.035335 0.078280 0.188513 0.439257 0.884739 1.446947 1.888450 2.020837 1.906484 1.677822 1.284930 0.714503 0.236922 0.080744 0.109988 0.088703 
0.057867 -0.004694 -0.008081 0.004211 0.000159 -0.001389 0.000343 0.000367 0.001345 0.003127 0.006613 0.012990 0.025400 0.053640 0.124986 0.296321 0.637656 1.151252 1.682786 1.993283 1.994503 1.806441 1.501904 1.021908 0.464107 0.118657 0.072188 0.105662 
0.091923 0.028432 -0.013784 -0.003895 0.004228 -0.000928 -0.000933 0.000568 0.000737 0.002136 0.004657 0.009440 0.018441 0.037542 0.083925 0.198155 0.445739 0.872921 1.414777 1.865664 2.032552 1.924132 1.668732 1.283839 0.752733 0.264838 0.058050 0.078932 
0.086414 0.069738 0.004665 -0.015353 0.000388 0.003310 -0.001574 -0.000371 0.000819 0.001282 0.003256 0.006766 0.013413 0.026729 0.057323 0.132559 0.305277 0.636880 1.129515 1.651592 1.984608 2.012756 1.814805 1.492472 1.036563 0.503384 0.126306 0.040033 
0.046641 0.085958 0.043251 -0.010976 -0.011952 0.003451 0.001844 -0.001734 0.000226 0.001141 0.002081 0.004819 0.009697 0.019237 0.039866 0.089361 0.206733 0.451218 0.863069 1.386873 1.841732 2.036791 1.942043 1.669186 1.281215 0.779632 0.295333 0.046819 
0.015688 0.061363 0.074857 0.017578 -0.018120 -0.006298 0.004774 0.000301 -0.001446 0.000814 0.001608 0.003225 0.006991 0.013884 0.028165 0.061005 0.139562 0.313086 0.636223 1.110977 1.622921 1.971737 2.025642 1.827878 1.489590 1.044625 0.535322 0.141602 
0.045170 0.017077 0.072133 0.055064 -0.002969 -0.018149 -0.000668 0.004481 -0.000913 -0.000817 0.001394 0.002314 0.004839 0.010047 0.020102 0.042265 0.094569 0.214453 0.455953 0.854648 1.362300 1.817720 2.035553 1.958219 1.676299 1.280442 0.798015 0.324014 
0.160197 -0.000221 0.034211 0.072614 0.031168 -0.015916 -0.013491 0.003448 0.003102 -0.001551 0.000024 0.002015 0.003376 0.007108 0.014468 0.029670 0.064650 0.146063 0.320001 0.635651 1.094854 1.596539 1.956335 2.033782 1.842832 1.492613 1.050050 0.559962 
0.348789 0.050070 -0.007361 0.052916 0.061872 0.008331 -0.020892 -0.006836 0.005435 0.001314 -0.001542 0.000968 0.002774 0.004945 0.010334 0.021089 0.044688 0.099552 0.221467 0.460112 0.847308 1.340386 1.794173 2.030352 1.971857 1.687631 1.282874 0.810946 
0.578646 0.179000 -0.008807 0.008064 0.063810 0.042914 -0.009320 -0.019274 -0.000477 0.005424 -0.000273 -0.000958 0.001959 0.003814 0.007237 0.015041 0.031283 0.068212 0.152128 0.326198 0.635141 1.080612 1.572191 1.939464 2.037939 1.857960 1.500319 1.055307 
0.820932 0.369196 0.058617 -0.025956 0.031077 0.062942 0.020714 -0.019582 -0.013469 0.004085 0.004025 -0.001241 0.000050 0.003019 0.005330 0.010592 0.022107 0.047161 0.104297 0.227894 0.463811 0.840811 1.320638 1.771366 2.022301 1.982756 1.701348 1.288734 
1.061732 0.593056 0.196262 -0.011921 -0.015140 0.050156 0.051089 0.000324 -0.022327 -0.006122 0.006257 0.002043 -0.001415 0.001325 0.004257 0.007592 0.015568 0.032942 0.071719 0.157788 0.331812 0.634675 1.067871 1.549639 1.921807 2.038839 1.872285 1.511442 
1.297695 0.829765 0.385674 0.068594 -0.039151 0.008944 0.058668 0.032169 -0.014515 -0.019082 0.000545 0.006224 0.000219 -0.000820 0.002767 0.005874 0.011000 0.023080 0.049655 0.108842 0.233805 0.467139 0.834981 1.302684 1.749423 2.012215 1.991010 1.716149 
1.524872 1.069914 0.604740 0.211258 -0.011445 -0.034583 0.033602 0.054946 0.011350 -0.022063 -0.012292 0.005128 0.004682 -0.000921 0.000395 0.004381 0.008184 0.016170 0.034556 0.075172 0.163101 0.336926 0.634247 1.056350 1.528674 1.903813 2.037112 1.885287 
1.731153 1.309211 0.838604 0.399037 0.078559 -0.047960 -0.011906 0.050129 0.041266 -0.006629 -0.022576 -0.004538 0.007138 0.002525 -0.001128 0.002054 0.006305 0.011655 0.024063 0.052085 0.113222 0.239277 0.470149 0.829701 1.286234 1.728391 2.000692 1.996840 
1.896726 1.539714 1.079991 0.614941 0.223912 -0.008945 -0.050255 0.015864 0.054560 0.022197 -0.018596 -0.017805 0.002095 0.006868 0.000579 -0.000391 0.004046 0.008843 0.016976 0.036122 0.078514 0.168135 0.341611 0.633840 1.045845 1.509110 1.885774 2.033285 
2.000514 1.745776 1.322691 0.848131 0.410174 0.087712 -0.053543 -0.030624 0.038640 0.047261 0.002854 -0.023399 -0.010244 0.006373 0.005106 -0.000571 0.001152 0.006400 0.012492 0.025173 0.054412 0.117421 0.244391 0.472881 0.824870 1.271070 1.708267 1.988174 
