0.037332 0.080885 0.149344 0.275203 0.456083 0.667992 0.863154 0.985125 1.369515 2.014563 1.706532 1.499581 1.315097 1.176956 0.712454 -0.088120 0.012505 0.003153 0.000624 0.000185 0.000634 0.003322 0.009961 0.020338 0.031451 0.038808 0.039034 0.031987 
0.033110 0.054332 0.112001 0.205098 0.358766 0.558159 0.767667 0.933288 1.144517 1.659457 1.979683 1.590421 1.404531 1.240234 0.985500 0.354176 -0.150457 0.021576 0.001036 0.000143 0.000298 0.001698 0.006148 0.014682 0.025802 0.035599 0.039812 0.036420 
0.034754 0.040655 0.078611 0.154121 0.274361 0.452746 0.661648 0.855963 1.033202 1.364023 1.843909 1.873738 1.472055 1.319683 1.124172 0.716912 0.086023 -0.149024 0.035378 -0.001867 0.000090 0.000843 0.003542 0.009904 0.019919 0.030866 0.038404 0.039067 
0.037533 0.036428 0.055626 0.111672 0.208650 0.356285 0.553383 0.760629 0.946717 1.179415 1.585333 1.915080 1.726835 1.364705 1.227320 0.947010 0.429421 -0.080980 -0.109254 0.044461 -0.005788 0.000617 0.001949 0.006265 0.014455 0.025276 0.035061 0.039595 
0.039388 0.036861 0.043489 0.079043 0.155044 0.276135 0.448651 0.655737 0.856318 1.057240 1.360721 1.759728 1.885707 1.567506 1.267919 1.105031 0.717876 0.173322 -0.155383 -0.055145 0.044832 -0.009668 0.001917 0.003734 0.009876 0.019537 0.030298 0.037984 
0.039471 0.038616 0.039030 0.057650 0.111988 0.209954 0.355965 0.547873 0.756841 0.956736 1.196161 1.548284 1.856846 1.782129 1.415386 1.169388 0.939487 0.465274 -0.018012 -0.158882 -0.005124 0.036892 -0.012136 0.004046 0.006264 0.014266 0.024780 0.034525 
0.037598 0.039769 0.038664 0.046065 0.080354 0.155517 0.276954 0.446182 0.650224 0.857923 1.071507 1.358135 1.708010 1.867397 1.635260 1.277293 1.052425 0.732919 0.224765 -0.131249 -0.118831 0.029852 0.023758 -0.012196 0.006901 0.009542 0.019209 0.029749 
0.034010 0.039393 0.039626 0.041301 0.059848 0.112826 0.210451 0.355594 0.543852 0.753617 0.963979 1.205691 1.525167 1.811515 1.800269 1.472006 1.148222 0.904502 0.502423 0.027741 -0.171094 -0.061523 0.046152 0.009514 -0.009529 0.010279 0.013498 0.024370 
0.029344 0.037234 0.040154 0.040283 0.048466 0.082033 0.156058 0.277083 0.444333 0.646046 0.858723 1.080916 1.355708 1.672482 1.843091 1.675765 1.309554 1.016354 0.723257 0.274157 -0.106158 -0.154859 -0.007449 0.045872 -0.002207 -0.004481 0.013962 0.017977 
0.022742 0.033723 0.039315 0.040567 0.043368 0.062077 0.113989 0.210695 0.354930 0.540882 0.751014 0.968630 1.211737 1.508847 1.776057 1.801670 1.517520 1.153828 0.869793 0.518208 0.075402 -0.171960 -0.105668 0.030973 0.034508 -0.009070 0.002151 0.017773 
0.021589 0.027481 0.037193 0.040483 0.041774 0.050734 0.083882 0.156743 0.276872 0.442691 0.642925 0.858886 1.086997 1.353542 1.646190 1.819063 1.698315 1.345616 1.001853 0.702444 0.308207 -0.072710 -0.178021 -0.046141 0.049379 0.018608 -0.010309 0.009411 
0.016443 0.025321 0.031859 0.039641 0.041379 0.045295 0.064284 0.115348 0.210899 0.354070 0.538506 0.748940 0.971423 1.215466 1.496603 1.747598 1.795392 1.550960 1.172618 0.846604 0.517179 0.116084 -0.159816 -0.141730 0.006164 0.049780 0.003918 -0.006529 
0.000780 0.022644 0.028882 0.035595 0.041265 0.043065 0.052906 0.085807 0.157563 0.276532 0.441130 0.640474 0.858675 1.090749 1.351397 1.625868 1.796895 1.709704 1.378528 1.003070 0.682318 0.325590 -0.037515 -0.187521 -0.084009 0.041006 0.038033 -0.005733 
-0.008761 0.009793 0.027716 0.032179 0.038560 0.042649 0.046980 0.066474 0.116828 0.211146 0.353127 0.536459 0.747217 0.972978 1.217502 1.486905 1.724312 1.785577 1.574614 1.196334 0.835856 0.508451 0.144835 -0.139156 -0.167455 -0.024189 0.055518 0.021249 
0.005712 -0.005555 0.018833 0.031630 0.035130 0.040891 0.044784 0.054832 0.087793 0.158491 0.276178 0.439624 0.638410 0.858222 1.092895 1.349093 1.609608 1.776962 1.714124 1.406389 1.013870 0.668019 0.331169 -0.007114 -0.185267 -0.117268 0.023609 0.052631 
0.038664 -0.004378 0.002183 0.026681 0.034542 0.037728 0.043071 0.049039 0.068448 0.118425 0.211461 0.352181 0.534599 0.745688 0.973701 1.218303 1.478811 1.704930 1.774317 1.590868 1.220727 0.835111 0.498469 0.162207 -0.116207 -0.182036 -0.055939 0.052102 
0.060568 0.020844 -0.007298 0.012189 0.032691 0.036720 0.040130 0.045977 0.057063 0.089616 0.159561 0.275861 0.438178 0.636560 0.857579 1.093929 1.346569 1.596169 1.759215 1.714197 1.429134 1.029853 0.660668 0.330291 0.015769 -0.175694 -0.142978 0.000339 
0.040839 0.053200 0.005325 -0.003508 0.022313 0.036764 0.038502 0.042749 0.050865 0.070656 0.119914 0.211917 0.351267 0.532861 0.744240 0.973837 1.218212 1.471749 1.688512 1.762714 1.601671 1.243771 0.841499 0.490629 0.171048 -0.095345 -0.187359 -0.085145 
-0.025124 0.061223 0.036792 -0.003972 0.005071 0.030960 0.039222 0.040312 0.046323 0.059301 0.091602 0.160572 0.275673 0.436784 0.634827 0.856761 1.094178 1.343836 1.584727 1.743433 1.711599 1.447328 1.048181 0.659638 0.326927 0.031203 -0.163149 -0.160530 
-0.109426 0.024182 0.062854 0.018452 -0.005676 0.015910 0.037295 0.040664 0.042702 0.051941 0.073036 0.121503 0.212357 0.350477 0.531189 0.742808 0.973534 1.217476 1.465377 1.674353 1.751333 1.608518 1.264614 0.852584 0.486304 0.174442 -0.078645 -0.186461 
-0.171050 -0.049693 0.055385 0.051037 0.003853 -0.000597 0.026627 0.041231 0.041849 0.046422 0.061007 0.093848 0.161632 0.275509 0.435509 0.633135 0.855782 1.093853 1.340932 1.574731 1.729343 1.707400 1.461702 1.067115 0.663725 0.323570 0.040552 -0.150712 
-0.182246 -0.128084 0.004880 0.066889 0.032800 -0.003714 0.009055 0.035507 0.043288 0.043641 0.052463 0.075146 0.123372 0.212809 0.349743 0.529619 0.741331 0.972890 1.216267 1.459491 1.661935 1.740441 1.612520 1.283020 0.866521 0.485744 0.174919 -0.066549 
-0.140119 -0.176397 -0.071452 0.044754 0.061857 0.014846 -0.003489 0.020571 0.041731 0.044393 0.046993 0.062071 0.096066 0.162939 0.275339 0.434314 0.631495 0.854630 1.093101 1.337898 1.565811 1.716680 1.702284 1.472968 1.085645 0.671667 0.321587 0.045515 
-0.058607 -0.176928 -0.141577 -0.014756 0.065694 0.046366 0.002094 0.003241 0.031514 0.045375 0.045701 0.052973 0.076704 0.125393 0.213448 0.349004 0.528129 0.739818 0.971948 1.214709 1.453965 1.650876 1.730140 1.614491 1.299057 0.881988 0.488640 0.174300 
0.047668 -0.132091 -0.178462 -0.089601 0.031265 0.068502 0.027348 -0.003010 0.013987 0.040246 0.047230 0.048469 0.062781 0.097929 0.164500 0.275289 0.433120 0.629903 0.853328 1.092000 1.334775 1.557714 1.705214 1.696680 1.481747 1.103227 0.682349 0.321594 
0.173777 -0.053982 -0.171949 -0.150935 -0.033168 0.060337 0.057724 0.010819 -0.000431 0.025958 0.046147 0.048567 0.053991 0.077750 0.127286 0.214367 0.348324 0.526643 0.738285 0.970758 1.212874 1.448724 1.640894 1.720451 1.615013 1.312935 0.898083 0.494456 
0.323748 0.048283 -0.126690 -0.178815 -0.104146 0.016617 0.071045 0.039808 0.000738 0.008059 0.036828 0.049578 0.050904 0.063578 0.099296 0.166134 0.275486 0.431938 0.628299 0.851918 1.090611 1.331582 1.550269 1.694749 1.690857 1.488554 1.119606 0.694866 
0.502604 0.174059 -0.051765 -0.168108 -0.157330 -0.049526 0.052123 0.066135 0.021252 -0.001401 0.019762 0.045205 0.051669 0.055822 0.078557 0.128825 0.215495 0.347825 0.525130 0.736701 0.969380 1.210812 1.443711 1.631785 1.711349 1.614507 1.324911 0.914210 
