0.108467 0.089096 0.058890 0.031641 0.019279 0.404379 1.193306 1.146215 1.276540 1.465402 1.695637 1.544042 0.944171 1.092354 0.977654 0.763932 0.518704 0.304345 0.153850 0.067556 0.026411 0.009377 0.004490 0.009944 0.027829 0.056522 0.087368 0.107800 
0.110604 0.101286 0.075347 0.044896 0.023599 0.162147 0.748364 1.274262 1.189200 1.363654 1.575348 1.667568 1.300141 0.924756 1.067864 0.883171 0.645257 0.407666 0.221114 0.102678 0.041340 0.014880 0.005415 0.005924 0.017333 0.040825 0.071676 0.098886 
0.106682 0.108575 0.090394 0.060685 0.033103 0.072892 0.399297 1.018853 1.308101 1.243988 1.464846 1.636392 1.541311 1.113443 0.931498 1.016493 0.770866 0.526421 0.308010 0.153381 0.064871 0.023750 0.008023 0.004422 0.010266 0.027568 0.055331 0.085736 
0.097391 0.110010 0.101994 0.076981 0.046629 0.044576 0.200268 0.672431 1.204766 1.320215 1.318795 1.556783 1.622180 1.368975 0.991730 0.940628 0.935007 0.648496 0.413961 0.222723 0.100862 0.038387 0.012712 0.004707 0.006164 0.017485 0.040142 0.070203 
0.084156 0.105522 0.108581 0.091612 0.062472 0.042065 0.102704 0.396790 0.931077 1.314601 1.334114 1.407863 1.611055 1.535403 1.195858 0.925411 0.932132 0.826863 0.524732 0.312930 0.153120 0.062201 0.020950 0.006501 0.004253 0.010591 0.027396 0.054247 
0.068819 0.095907 0.109340 0.102600 0.078563 0.051177 0.062254 0.220566 0.633909 1.141684 1.369859 1.364209 1.493279 1.608085 1.398617 1.051997 0.894126 0.893497 0.700405 0.407540 0.226526 0.099049 0.035367 0.010375 0.003852 0.006348 0.017685 0.039566 
0.053271 0.082634 0.104330 0.108491 0.092744 0.065289 0.051907 0.123006 0.395359 0.875992 1.290722 1.396262 1.411904 1.552465 1.543885 1.242451 0.949468 0.874156 0.821009 0.566444 0.303051 0.156096 0.059234 0.018035 0.004805 0.003973 0.010912 0.027308 
0.039093 0.067528 0.094440 0.108603 0.103106 0.080480 0.056839 0.076897 0.234025 0.609640 1.091595 1.382141 1.415320 1.466570 1.566818 1.429775 1.094903 0.884603 0.844812 0.718903 0.435851 0.215019 0.101403 0.031676 0.007924 0.002839 0.006471 0.017928 
0.027297 0.052402 0.081174 0.103115 0.108312 0.093934 0.068786 0.061405 0.138327 0.394522 0.837325 1.260794 1.430901 1.438686 1.510569 1.527957 1.287067 0.974182 0.843394 0.792622 0.597020 0.317658 0.144809 0.061054 0.014053 0.003048 0.003565 0.011221 
0.018207 0.038721 0.066330 0.092999 0.107807 0.103570 0.082706 0.062875 0.089328 0.244015 0.592598 1.051476 1.377518 1.455084 1.466615 1.526075 1.439797 1.139624 0.886026 0.808006 0.712925 0.467809 0.217919 0.091795 0.032959 0.004051 0.001866 0.006501 
0.011470 0.027363 0.051638 0.079782 0.101885 0.108069 0.095216 0.072662 0.070316 0.150643 0.394070 0.808250 1.231102 1.447360 1.469104 1.490354 1.501153 1.316448 1.007003 0.825068 0.762598 0.609121 0.343461 0.139386 0.053966 0.014764 -0.000382 0.003331 
0.006847 0.018447 0.038453 0.065227 0.091588 0.106967 0.104022 0.085152 0.068963 0.100145 0.251969 0.579816 1.018592 1.365055 1.482546 1.479791 1.497060 1.433239 1.177318 0.900097 0.778900 0.697236 0.490314 0.233725 0.081844 0.028588 0.004184 -0.000883 
0.001383 0.012163 0.027399 0.050994 0.078459 0.100651 0.107785 0.096578 0.076722 0.078633 0.160977 0.393889 0.785338 1.203363 1.452422 1.496199 1.485922 1.475286 1.329291 1.041370 0.819996 0.733126 0.609432 0.368228 0.144696 0.042888 0.012779 -0.000766 
-0.001654 0.005694 0.019224 0.038152 0.064242 0.090214 0.106100 0.104474 0.087731 0.074957 0.109750 0.258612 0.569796 0.991028 1.349013 1.499971 1.497818 1.480649 1.419208 1.203071 0.922364 0.759748 0.675882 0.503519 0.254253 0.078576 0.018871 0.003936 
-0.000027 0.000403 0.011686 0.028013 0.050301 0.077243 0.099418 0.107476 0.097992 0.080848 0.086407 0.169923 0.393914 0.766656 1.177926 1.450371 1.518033 1.491110 1.455462 1.330476 1.070789 0.826295 0.707971 0.600763 0.388499 0.157216 0.034227 0.005807 
0.000067 -0.000595 0.004688 0.019219 0.038412 0.063191 0.088926 0.105211 0.104927 0.090377 0.080789 0.118421 0.264359 0.561691 0.967475 1.331502 1.509800 1.516395 1.474377 1.404137 1.217470 0.946643 0.751362 0.652978 0.507763 0.275235 0.082185 0.008196 
-0.004101 -0.001197 0.001303 0.010798 0.028233 0.050103 0.075939 0.098250 0.107140 0.099435 0.084963 0.093703 0.177851 0.394101 0.751027 1.154708 1.443867 1.534560 1.501463 1.442785 1.325357 1.092577 0.839559 0.690058 0.586224 0.402413 0.173775 0.030308 
-0.000529 -0.007313 0.000103 0.005176 0.018523 0.038614 0.062525 0.087535 0.104373 0.105362 0.093045 0.086432 0.126351 0.269463 0.554979 0.947023 1.313603 1.514022 1.533485 1.475321 1.391414 1.223386 0.968597 0.751869 0.632432 0.504316 0.293697 0.091395 
0.031636 -0.014563 -0.005380 0.002933 0.010815 0.027725 0.050092 0.074893 0.096975 0.106849 0.100867 0.089025 0.100575 0.185008 0.394421 0.737685 1.133496 1.434582 1.546373 1.514107 1.436586 1.317915 1.106837 0.855476 0.679989 0.569459 0.409319 0.191507 
0.104329 -0.005673 -0.016895 -0.001115 0.006928 0.018142 0.038227 0.062188 0.086274 0.103438 0.105840 0.095679 0.091876 0.133681 0.274092 0.549322 0.929022 1.295880 1.514140 1.548247 1.481003 1.382394 1.223927 0.986191 0.758248 0.616604 0.495590 0.307622 
0.207891 0.037666 -0.023631 -0.012380 0.003874 0.012139 0.027075 0.049723 0.074216 0.095721 0.106484 0.102329 0.092983 0.107078 0.191561 0.394855 0.726113 1.114056 1.423584 1.554212 1.527294 1.435619 1.310643 1.114968 0.870996 0.676639 0.553519 0.409975 
0.316251 0.118796 -0.006598 -0.027074 -0.004878 0.009005 0.018773 0.037435 0.061738 0.085342 0.102446 0.106272 0.098305 0.097100 0.140521 0.278356 0.544488 0.912999 1.278622 1.511261 1.560446 1.489551 1.377294 1.221643 0.999019 0.767615 0.606174 0.484300 
0.406047 0.221199 0.047091 -0.029951 -0.021310 0.003102 0.014403 0.026992 0.048882 0.073628 0.094706 0.106018 0.103762 0.096857 0.113232 0.197637 0.395385 0.715946 1.096172 1.411565 1.558785 1.540009 1.438593 1.304892 1.118702 0.884415 0.678149 0.540291 
0.472717 0.319949 0.132803 -0.003563 -0.036341 -0.011075 0.010392 0.020537 0.036775 0.060898 0.084625 0.101583 0.106586 0.100891 0.102135 0.146931 0.282343 0.540314 0.898601 1.261972 1.506196 1.570147 1.499631 1.375778 1.218359 1.007571 0.777779 0.600669 
0.530549 0.399435 0.230673 0.058272 -0.032900 -0.030964 0.000133 0.016879 0.027894 0.047850 0.072811 0.093950 0.105579 0.105076 0.100645 0.119089 0.203310 0.396009 0.706918 1.079651 1.398978 1.560706 1.551697 1.444371 1.301264 1.119636 0.895050 0.682639 
0.599054 0.462370 0.319760 0.144927 0.002533 -0.043571 -0.019060 0.010300 0.023103 0.036755 0.059705 0.083858 0.100954 0.106844 0.103352 0.107008 0.152977 0.286099 0.536687 0.885557 1.245990 1.499542 1.577543 1.510324 1.377290 1.215265 1.012713 0.787323 
0.688548 0.524264 0.391806 0.236372 0.069675 -0.032556 -0.040142 -0.004986 0.018771 0.029823 0.047067 0.071631 0.093288 0.105299 0.106271 0.104286 0.124703 0.208644 0.396710 0.698837 1.064328 1.386126 1.560486 1.562086 1.452034 1.299902 1.119055 0.902872 
0.795478 0.600151 0.454056 0.316961 0.154431 0.010502 -0.048179 -0.027907 0.008317 0.025885 0.037671 0.058434 0.082823 0.100499 0.107165 0.105648 0.111694 0.158733 0.289661 0.533516 0.873662 1.230689 1.491736 1.582881 1.521017 1.381228 1.213068 1.015380 
