0.049983 0.032595 0.390962 1.130237 1.001496 1.003198 1.010437 1.029368 0.698777 0.036711 0.306636 0.505329 0.728605 0.923540 1.031786 1.017140 0.885134 0.680076 0.461311 0.275901 0.145008 0.067544 0.031883 0.024872 0.034586 0.049870 0.060798 0.061020 
0.056909 0.042083 0.164809 0.712986 1.174368 0.986042 1.006125 1.018441 0.907763 0.409179 0.055175 0.414887 0.613894 0.829615 0.988499 1.039825 0.965807 0.791737 0.572407 0.364437 0.203640 0.099597 0.044489 0.024796 0.027639 0.041532 0.055878 0.062247 
0.061041 0.050682 0.086252 0.385716 0.954526 1.161419 0.970032 1.013254 0.978477 0.706959 0.214104 0.145816 0.534478 0.719665 0.916162 1.027607 1.018484 0.891279 0.687729 0.467002 0.278142 0.144524 0.065926 0.030215 0.023401 0.033204 0.048648 0.060060 
0.061854 0.057279 0.062726 0.202997 0.636453 1.103212 1.115510 0.962317 1.005615 0.872310 0.488199 0.126889 0.283028 0.652506 0.816500 0.982516 1.038116 0.969642 0.799047 0.579513 0.368588 0.204428 0.098348 0.042710 0.023196 0.026225 0.040221 0.054858 
0.059311 0.061013 0.058750 0.116008 0.383077 0.865670 1.166169 1.059600 0.959405 0.961038 0.711605 0.304694 0.140278 0.441100 0.760189 0.899255 1.024118 1.019388 0.897109 0.695397 0.472974 0.280663 0.144128 0.064224 0.028437 0.021893 0.031852 0.047459 
0.053855 0.061431 0.060377 0.079939 0.223316 0.597433 1.038681 1.163768 1.008706 0.947493 0.867705 0.527834 0.192174 0.232534 0.598361 0.852225 0.963462 1.037952 0.972942 0.806182 0.586775 0.373055 0.205423 0.097097 0.040816 0.021510 0.024809 0.038950 
0.046307 0.058559 0.061983 0.067581 0.136151 0.381532 0.809665 1.140745 1.121256 0.966368 0.909921 0.730280 0.359478 0.165351 0.374764 0.739288 0.925671 1.005300 1.022885 0.902281 0.703059 0.479204 0.283478 0.143847 0.062451 0.026541 0.020334 0.030524 
0.037717 0.052874 0.061375 0.064510 0.093994 0.236740 0.572755 0.987337 1.174821 1.060737 0.925839 0.835500 0.568774 0.240330 0.219615 0.537637 0.854747 0.978830 1.021848 0.979856 0.812498 0.594211 0.377824 0.206650 0.095869 0.038810 0.019725 0.023379 
0.029213 0.045193 0.057956 0.063613 0.075959 0.151209 0.380589 0.770225 1.109466 1.155475 0.995890 0.875100 0.724185 0.412267 0.191507 0.336284 0.696306 0.940917 1.010472 1.011479 0.911848 0.709720 0.485780 0.286586 0.143711 0.060624 0.024521 0.018709 
0.021922 0.036518 0.051977 0.061673 0.068950 0.105721 0.246633 0.555375 0.946145 1.169125 1.101382 0.930645 0.803408 0.588351 0.290492 0.218203 0.489390 0.833038 0.997577 1.019544 0.974243 0.823596 0.600477 0.383090 0.208108 0.094694 0.036700 0.017828 
0.017005 0.027907 0.044140 0.057545 0.065614 0.083649 0.163159 0.380025 0.740506 1.078609 1.171593 1.028888 0.861589 0.706857 0.449772 0.226151 0.310862 0.652156 0.937696 1.026382 1.005302 0.912088 0.721096 0.491067 0.290298 0.143705 0.058769 0.022374 
0.015811 0.020422 0.035357 0.051196 0.062247 0.073385 0.115719 0.254423 0.542314 0.912355 1.155741 1.129702 0.948312 0.782652 0.591109 0.333779 0.229965 0.449436 0.801896 1.006646 1.029563 0.967712 0.828814 0.610961 0.387025 0.210230 0.093530 0.034504 
0.020116 0.015203 0.026599 0.043164 0.057320 0.067805 0.090653 0.173025 0.379720 0.717066 1.049880 1.176399 1.058426 0.863516 0.690116 0.470667 0.262682 0.299290 0.609042 0.922734 1.040833 1.009233 0.907894 0.729757 0.499753 0.292735 0.144368 0.056808 
0.032103 0.013687 0.018863 0.034235 0.050543 0.063021 0.077684 0.124399 0.260832 0.532061 0.884039 1.138926 1.147974 0.970588 0.774127 0.586148 0.365242 0.250412 0.420023 0.765396 1.006233 1.043746 0.967281 0.828425 0.621238 0.393371 0.211220 0.092987 
0.055377 0.017587 0.013326 0.025274 0.042272 0.057261 0.070079 0.097035 0.181400 0.379597 0.697957 1.023619 1.174180 1.082586 0.874742 0.679077 0.479810 0.294567 0.299663 0.570739 0.898881 1.050405 1.019760 0.905652 0.733373 0.509890 0.296581 0.144114 
0.091779 0.030113 0.011265 0.017274 0.033142 0.050017 0.063941 0.081790 0.132041 0.266270 0.523757 0.859875 1.120787 1.158652 0.993195 0.775387 0.579894 0.385436 0.273323 0.401953 0.727677 0.996720 1.057854 0.973139 0.826784 0.628032 0.401963 0.212742 
0.143728 0.053534 0.015337 0.011162 0.023976 0.041454 0.057348 0.072375 0.102865 0.188658 0.379606 0.681987 0.999732 1.167601 1.101339 0.890835 0.674852 0.482536 0.319086 0.307545 0.540179 0.869284 1.053276 1.033727 0.907666 0.733957 0.518412 0.302747 
0.216157 0.090028 0.027936 0.008997 0.015446 0.032132 0.049599 0.064970 0.085687 0.138849 0.270988 0.516867 0.838939 1.102401 1.163736 1.014117 0.783528 0.575735 0.397203 0.294327 0.393340 0.692672 0.979419 1.068944 0.984011 0.826768 0.631414 0.410595 
0.310078 0.144554 0.050977 0.013072 0.009048 0.022509 0.040768 0.057547 0.074660 0.108212 0.195046 0.379710 0.668379 0.977996 1.158334 1.115296 0.908944 0.676782 0.482811 0.336308 0.318597 0.517966 0.837619 1.048834 1.048285 0.914428 0.733855 0.524188 
0.417688 0.221243 0.088772 0.025066 0.006825 0.013593 0.031039 0.049342 0.066062 0.089382 0.144969 0.275149 0.511044 0.820569 1.084325 1.164737 1.032534 0.796089 0.575023 0.403626 0.311353 0.391147 0.662757 0.956781 1.075030 0.998020 0.829981 0.632658 
0.527379 0.317150 0.147011 0.048324 0.010262 0.007083 0.020981 0.040083 0.057900 0.076897 0.113142 0.200735 0.379882 0.656603 0.958168 1.147449 1.125213 0.927342 0.683634 0.483116 0.347599 0.329742 0.502975 0.806967 1.037878 1.060932 0.925379 0.734980 
0.633330 0.422593 0.227069 0.088735 0.021715 0.004312 0.011897 0.029881 0.049152 0.067251 0.092863 0.150520 0.278865 0.506046 0.804280 1.066844 1.162771 1.048232 0.811218 0.577976 0.407232 0.323963 0.392472 0.638626 0.931558 1.075387 1.012982 0.837035 
0.738652 0.528840 0.322929 0.150753 0.046311 0.006811 0.004981 0.019589 0.039356 0.058348 0.079118 0.117686 0.205856 0.380101 0.646281 0.940021 1.135637 1.131809 0.945034 0.694125 0.484792 0.354663 0.339245 0.493343 0.779245 1.022110 1.069964 0.939201 
0.847650 0.634904 0.425397 0.232624 0.090066 0.018443 0.001187 0.010231 0.028828 0.048949 0.068511 0.096177 0.155571 0.282219 0.501699 0.789706 1.050094 1.158654 1.061290 0.827596 0.584262 0.409827 0.332616 0.395105 0.619819 0.906057 1.070413 1.026909 
0.954249 0.745463 0.529746 0.326919 0.155068 0.045387 0.003020 0.002422 0.018335 0.038698 0.058800 0.081331 0.121908 0.210488 0.380355 0.637137 0.923353 1.123353 1.135712 0.961484 0.707134 0.488432 0.359068 0.346398 0.487184 0.755247 1.003470 1.074644 
1.038393 0.860905 0.638471 0.426721 0.237122 0.092457 0.015789 -0.002501 0.008314 0.027960 0.048781 0.069762 0.099364 0.160198 0.285261 0.497882 0.776565 1.034130 1.152987 1.071922 0.844325 0.593327 0.412583 0.338146 0.397609 0.605306 0.881839 1.061188 
1.075059 0.968985 0.755306 0.531260 0.329153 0.159172 0.045623 -0.000653 -0.000731 0.017033 0.038224 0.059252 0.083485 0.125877 0.214701 0.380627 0.628965 0.907987 1.110897 1.137445 0.976440 0.721751 0.494173 0.362076 0.351140 0.482928 0.734968 0.983662 
1.049022 1.046706 0.875596 0.644579 0.427464 0.240146 0.095344 0.014076 -0.006467 0.005921 0.027200 0.048758 0.070968 0.102411 0.164485 0.288026 0.494494 0.764641 1.018956 1.146216 1.080387 0.860806 0.604573 0.416190 0.341463 0.399194 0.593916 0.859733 
