0.000143 0.000013 0.000251 0.001195 0.379655 1.139290 1.036367 1.080879 1.161306 1.290107 1.093681 0.551114 0.866526 0.983056 0.984688 0.869185 0.675090 0.461009 0.277359 0.148860 0.074543 0.038985 0.024468 0.018056 0.013223 0.008307 0.004006 0.001253 
0.000492 -0.000045 0.000086 0.000635 0.143235 0.711826 1.195648 1.040194 1.116603 1.219660 1.232547 0.865665 0.601573 0.949651 0.998234 0.941579 0.781962 0.570548 0.365380 0.206216 0.104929 0.051919 0.029096 0.020249 0.015442 0.010775 0.006080 0.002436 
0.001252 0.000048 -0.000063 0.000308 0.054178 0.374282 0.964333 1.197830 1.049416 1.164801 1.237375 1.096577 0.720770 0.699091 1.011380 0.983061 0.874640 0.682730 0.467183 0.280048 0.148338 0.072390 0.036734 0.022925 0.017341 0.013091 0.008431 0.004126 
0.002510 0.000441 -0.000144 0.000062 0.020556 0.180951 0.635564 1.125651 1.171362 1.074133 1.206439 1.193647 0.938050 0.665665 0.813489 1.039796 0.938864 0.789121 0.577911 0.370064 0.207265 0.103394 0.049525 0.027099 0.019105 0.015049 0.010812 0.006234 
0.004265 0.001269 -0.000037 -0.000140 0.007773 0.083266 0.371480 0.876173 1.204053 1.140615 1.111594 1.218180 1.096200 0.803956 0.687051 0.916832 1.030235 0.870094 0.691200 0.473567 0.283034 0.147963 0.070209 0.034382 0.021298 0.016585 0.012953 0.008566 
0.006405 0.002604 0.000405 -0.000239 0.002815 0.037072 0.200783 0.596767 1.062215 1.221249 1.121802 1.147936 1.185761 0.971361 0.723586 0.758606 0.988081 0.984357 0.782991 0.587226 0.374913 0.208565 0.101921 0.047055 0.024997 0.017895 0.014634 0.010854 
0.008713 0.004423 0.001304 -0.000112 0.000826 0.016043 0.102746 0.369741 0.820808 1.180034 1.203836 1.119172 1.165387 1.110089 0.851645 0.705747 0.849036 1.015369 0.908379 0.684408 0.483138 0.285994 0.147780 0.068016 0.031925 0.019577 0.015784 0.012809 
0.010901 0.006593 0.002718 0.000383 0.000063 0.006650 0.050459 0.213707 0.572265 1.011901 1.233863 1.175062 1.125920 1.150427 1.006260 0.764628 0.741243 0.929322 0.996040 0.811016 0.580935 0.384050 0.209521 0.100592 0.044511 0.022783 0.016611 0.014194 
0.012657 0.008874 0.004601 0.001358 -0.000028 0.002493 0.023901 0.117153 0.368572 0.781949 1.150091 1.239558 1.149284 1.128967 1.099428 0.897627 0.725654 0.808850 0.977851 0.934996 0.701608 0.478343 0.293991 0.146856 0.065946 0.029353 0.017752 0.014933 
0.013727 0.010954 0.006798 0.002851 0.000433 0.000744 0.010836 0.061547 0.223092 0.555016 0.971674 1.229659 1.216888 1.130381 1.115350 1.020060 0.807912 0.735356 0.882625 0.982906 0.842118 0.588710 0.381303 0.215771 0.098123 0.042110 0.020429 0.015245 
0.014028 0.012498 0.009049 0.004799 0.001450 0.000247 0.004567 0.031114 0.128465 0.367756 0.752753 1.120501 1.257118 1.182852 1.113931 1.077738 0.928593 0.754185 0.781512 0.938639 0.942645 0.729492 0.479256 0.293303 0.150962 0.062412 0.026977 0.015775 
0.013719 0.013236 0.011013 0.007024 0.003012 0.000581 0.001717 0.015062 0.070939 0.230368 0.542042 0.938783 1.217701 1.246345 1.147723 1.091743 1.017285 0.844547 0.742632 0.843850 0.959782 0.863214 0.609009 0.378244 0.216680 0.099963 0.038055 0.018347 
0.014148 0.012959 0.012342 0.009239 0.005021 0.001599 0.000703 0.006863 0.037684 0.137709 0.367174 0.729779 1.092970 1.263307 1.212943 1.114403 1.056824 0.943201 0.784737 0.767849 0.899977 0.938060 0.755816 0.490697 0.288812 0.152716 0.062158 0.022926 
0.014730 0.012605 0.012579 0.011101 0.007269 0.003210 0.000835 0.002901 0.019191 0.079046 0.236262 0.531834 0.911301 1.202245 1.265713 1.169695 1.080493 1.007018 0.869574 0.758596 0.815286 0.930774 0.874479 0.633616 0.381850 0.212541 0.101745 0.036126 
0.019901 0.011259 0.012330 0.012022 0.009479 0.005268 0.001812 0.001313 0.009268 0.043673 0.145484 0.366753 0.711081 1.067839 1.262413 1.237639 1.124242 1.041790 0.946292 0.810777 0.765983 0.865681 0.924100 0.777119 0.509096 0.286888 0.149828 0.063288 
0.036200 0.011236 0.010580 0.012348 0.011030 0.007582 0.003446 0.001193 0.004234 0.023164 0.086153 0.241186 0.523535 0.887906 1.185399 1.277445 1.192018 1.079148 0.995672 0.883536 0.777039 0.797770 0.900050 0.876284 0.658237 0.392265 0.207715 0.100243 
0.062793 0.018834 0.007870 0.011161 0.012075 0.009572 0.005600 0.002084 0.002051 0.011713 0.049152 0.152164 0.366446 0.695467 1.045012 1.257103 1.256916 1.139014 1.033735 0.943186 0.829583 0.771501 0.838716 0.903923 0.791546 0.531242 0.289812 0.144344 
0.095579 0.036114 0.009227 0.007734 0.011915 0.011251 0.007770 0.003785 0.001632 0.005670 0.026960 0.092461 0.245396 0.516614 0.867674 1.168239 1.283544 1.212679 1.084796 0.986620 0.889267 0.793602 0.789447 0.871571 0.869932 0.679885 0.408168 0.205083 
0.138634 0.059592 0.018599 0.005306 0.009115 0.012189 0.009862 0.005841 0.002480 0.002877 0.014159 0.054184 0.157999 0.366220 0.682164 1.024269 1.249049 1.271383 1.155865 1.031995 0.937840 0.841223 0.780086 0.819724 0.881222 0.798460 0.554235 0.298047 
0.206243 0.089066 0.034339 0.008490 0.005073 0.010744 0.011700 0.008063 0.004078 0.002209 0.007158 0.030578 0.098118 0.249059 0.510727 0.849946 1.151324 1.285522 1.230855 1.094974 0.981203 0.889840 0.806220 0.787308 0.847740 0.857873 0.696530 0.427636 
0.311002 0.134628 0.053897 0.017805 0.003977 0.006772 0.011811 0.010456 0.006114 0.002878 0.003831 0.016559 0.058833 0.163163 0.366052 0.670643 1.005366 1.239321 1.281797 1.173067 1.035325 0.932720 0.847062 0.788675 0.807606 0.859094 0.798636 0.575527 
0.448442 0.211796 0.082307 0.030271 0.008108 0.003297 0.009011 0.011933 0.008658 0.004358 0.002831 0.008723 0.034003 0.103241 0.252288 0.505635 0.834237 1.134939 1.284493 1.246332 1.107822 0.979630 0.887773 0.814459 0.788476 0.829280 0.842858 0.707413 
0.593368 0.327328 0.133657 0.046607 0.015455 0.003534 0.004839 0.010821 0.011070 0.006636 0.003248 0.004850 0.018939 0.063127 0.167789 0.365924 0.660529 0.988076 1.228610 1.288877 1.189621 1.042436 0.929160 0.848798 0.795551 0.800530 0.839473 0.793764 
0.712902 0.468554 0.221446 0.076804 0.024044 0.007091 0.002533 0.007245 0.011662 0.009439 0.004811 0.003425 0.010334 0.037271 0.107899 0.255172 0.501168 0.820185 1.119219 1.281277 1.259190 1.122020 0.981560 0.884865 0.818785 0.790762 0.815756 0.827200 
0.785768 0.606984 0.345345 0.136317 0.038939 0.011091 0.003262 0.003730 0.009491 0.011381 0.007425 0.003713 0.005842 0.021299 0.067124 0.171955 0.365829 0.651548 0.972200 1.217370 1.293251 1.204990 1.052201 0.927741 0.847998 0.800017 0.796632 0.823171 
0.812463 0.714049 0.486521 0.234255 0.073672 0.016324 0.004675 0.002459 0.005949 0.010920 0.010134 0.005539 0.004048 0.011905 0.040415 0.112163 0.257762 0.497208 0.807508 1.104220 1.276472 1.269638 1.136661 0.986430 0.882280 0.820037 0.792750 0.806161 
0.810201 0.776345 0.616424 0.363480 0.142503 0.032093 0.004787 0.002388 0.003491 0.008249 0.011246 0.008312 0.004405 0.006808 0.023578 0.070885 0.175731 0.365754 0.643501 0.957562 1.205904 1.295441 1.218918 1.063702 0.928595 0.845920 0.802024 0.794368 
0.799348 0.799484 0.712143 0.501580 0.248996 0.073477 0.008052 0.000474 0.002501 0.005413 0.009968 0.010521 0.006481 0.004818 0.013397 0.043414 0.116115 0.260096 0.493662 0.795993 1.089948 1.270523 1.277937 1.151147 0.993635 0.880703 0.819125 0.793666 
