0.013400 0.031356 0.068833 0.146075 0.649876 1.581607 1.670272 1.869466 1.995930 2.006395 1.521176 0.577188 0.482986 0.290546 0.152040 0.068819 0.026938 0.009236 0.002826 0.001148 0.002464 0.006947 0.014127 0.021841 0.026950 0.027107 0.022213 0.014483 
0.013111 0.019999 0.047655 0.102483 0.344656 1.062250 1.731322 1.756053 1.941790 2.015663 1.825746 1.106528 0.423864 0.399046 0.214551 0.103519 0.042711 0.015065 0.004620 0.001395 0.001432 0.004309 0.010200 0.017918 0.024721 0.027647 0.025291 0.018702 
0.015782 0.014995 0.031230 0.071672 0.200151 0.644025 1.402852 1.824230 1.828795 1.992709 1.953678 1.532299 0.760627 0.329224 0.326758 0.149852 0.066837 0.024743 0.007692 0.002105 0.001006 0.002516 0.006878 0.013830 0.021434 0.026669 0.027130 0.022526 
0.019421 0.014644 0.020985 0.048426 0.124907 0.382664 0.984069 1.655722 1.878615 1.890834 1.998562 1.790782 1.190250 0.502391 0.274374 0.260110 0.096608 0.040675 0.013087 0.003466 0.000994 0.001435 0.004340 0.010030 0.017551 0.024348 0.027496 0.025461 
0.022942 0.016875 0.016424 0.032068 0.080536 0.231126 0.640410 1.311115 1.823263 1.911058 1.932759 1.934110 1.539610 0.857236 0.330903 0.240523 0.197014 0.055195 0.023338 0.006031 0.001336 0.000851 0.002579 0.006837 0.013562 0.021040 0.026378 0.027127 
0.025651 0.020144 0.015948 0.022234 0.052199 0.143066 0.403431 0.943085 1.587008 1.920205 1.930170 1.935978 1.786342 1.234407 0.574564 0.231218 0.212909 0.138393 0.025521 0.012865 0.002107 0.000567 0.001438 0.004392 0.009891 0.017207 0.023976 0.027326 
0.027116 0.023376 0.017882 0.017781 0.034257 0.090020 0.252061 0.638347 1.252013 1.792447 1.965592 1.933594 1.880591 1.560662 0.917975 0.363329 0.181434 0.182677 0.086752 0.006666 0.007249 0.000185 0.000701 0.002655 0.006823 0.013322 0.020660 0.026079 
0.027145 0.025844 0.020848 0.017157 0.023947 0.057227 0.157756 0.417174 0.916758 1.531384 1.924931 1.975236 1.909718 1.753992 1.279663 0.629647 0.225788 0.159164 0.146861 0.044729 -0.003126 0.004673 -0.000505 0.001498 0.004462 0.009781 0.016886 0.023609 
0.025775 0.027099 0.023808 0.018840 0.019242 0.037276 0.099086 0.267604 0.636945 1.209691 1.755792 1.992988 1.956955 1.843131 1.556653 0.976616 0.396948 0.150321 0.146222 0.107024 0.014017 -0.006183 0.003706 -0.000401 0.002860 0.006827 0.013110 0.020295 
0.023248 0.026957 0.026030 0.021533 0.018369 0.026055 0.062709 0.170006 0.427171 0.897892 1.486072 1.913004 2.009125 1.909766 1.721474 1.303329 0.686736 0.232004 0.117956 0.131010 0.067246 -0.005184 -0.005000 0.003402 0.000309 0.004756 0.009679 0.016590 
0.019951 0.025471 0.027073 0.024228 0.019785 0.020856 0.040760 0.107527 0.279855 0.635837 1.177300 1.719694 2.002416 1.983881 1.826737 1.541133 1.019838 0.439137 0.132395 0.108595 0.108730 0.032115 -0.014169 -0.001826 0.003292 0.001590 0.007158 0.012886 
0.016252 0.022904 0.026762 0.026206 0.022206 0.019631 0.028454 0.068286 0.180496 0.434890 0.883384 1.448380 1.893514 2.030805 1.922635 1.699992 1.309947 0.736914 0.251521 0.085127 0.105671 0.080016 0.005181 -0.015326 0.001636 0.003294 0.003465 0.010002 
0.013163 0.019527 0.025182 0.027036 0.024637 0.020740 0.022618 0.044494 0.115344 0.289920 0.634874 1.151319 1.685930 2.000640 2.007403 1.825623 1.525895 1.046304 0.483262 0.128449 0.072032 0.098618 0.048746 -0.011863 -0.011528 0.004378 0.003565 0.005938 
0.008944 0.016453 0.022444 0.026584 0.026368 0.022876 0.020957 0.031056 0.073797 0.189666 0.441100 0.871660 1.416354 1.870773 2.042515 1.940081 1.690502 1.308582 0.775214 0.279827 0.062941 0.074950 0.083240 0.019784 -0.019314 -0.005522 0.006061 0.004353 
0.005861 0.012333 0.019638 0.024745 0.027021 0.025031 0.021720 0.024504 0.048346 0.122591 0.298437 0.633989 1.129740 1.654848 1.991978 2.025570 1.833685 1.516085 1.060829 0.522773 0.136572 0.040334 0.079559 0.060480 -0.002810 -0.019029 0.000546 0.006869 
0.007281 0.008162 0.015882 0.022466 0.026237 0.026559 0.023541 0.022350 0.033793 0.079168 0.197814 0.446250 0.861840 1.388624 1.846910 2.046716 1.957812 1.690599 1.305664 0.802151 0.310691 0.052207 0.043013 0.077308 0.034361 -0.016803 -0.013716 0.005364 
0.008468 0.007851 0.011167 0.019316 0.024703 0.026829 0.025468 0.022717 0.026492 0.052239 0.129332 0.305808 0.633151 1.111333 1.626330 1.979123 2.038353 1.846494 1.512847 1.068730 0.554914 0.152327 0.016449 0.054725 0.065490 0.009806 -0.022041 -0.006175 
0.001299 0.010067 0.009018 0.014637 0.022355 0.026174 0.026584 0.024266 0.023789 0.036619 0.084367 0.205147 0.450621 0.853387 1.364229 1.823002 2.045433 1.973810 1.697394 1.304597 0.820534 0.339717 0.051049 0.013818 0.063546 0.045954 -0.009097 -0.020072 
-0.013430 0.007259 0.010769 0.010994 0.018234 0.024751 0.026805 0.025766 0.023797 0.028541 0.056129 0.135628 0.312297 0.632342 1.095298 1.600124 1.963760 2.046378 1.861201 1.515543 1.073974 0.579720 0.171364 0.001004 0.027812 0.063165 0.023111 -0.020094 
-0.022995 -0.004839 0.011161 0.011292 0.013737 0.021583 0.026336 0.026672 0.024898 0.025330 0.039479 0.089389 0.211816 0.454398 0.845957 1.342478 1.799591 2.040197 1.987264 1.708432 1.306748 0.833433 0.364805 0.056435 -0.010238 0.044420 0.052564 0.001902 
-0.013767 -0.019299 0.003431 0.013210 0.012225 0.016985 0.024346 0.027056 0.026049 0.024838 0.030690 0.059964 0.141538 0.318088 0.631555 1.081097 1.575960 1.946957 2.050423 1.876085 1.522946 1.079044 0.598533 0.190588 -0.007114 0.001925 0.054307 0.034584 
0.013987 -0.021885 -0.011467 0.009940 0.014064 0.013887 0.020340 0.026283 0.027017 0.025469 0.026881 0.042399 0.094214 0.217941 0.457707 0.839317 1.322863 1.776942 2.032131 1.997979 1.721866 1.312340 0.843365 0.385490 0.065456 -0.028437 0.022698 0.053458 
0.042502 -0.004399 -0.022462 -0.002137 0.014162 0.014513 0.016285 0.023375 0.027301 0.026529 0.025805 0.032877 0.063769 0.147088 0.323319 0.630781 1.068348 1.553586 1.929398 2.051223 1.890168 1.533780 1.085284 0.613039 0.208243 -0.009758 -0.020998 0.040625 
0.049031 0.025148 -0.017035 -0.017098 0.006516 0.016331 0.015221 0.019165 0.025734 0.027502 0.026161 0.028367 0.045346 0.098876 0.223590 0.460646 0.833301 1.305008 1.755170 2.022059 2.006055 1.736390 1.321045 0.852130 0.402210 0.075893 -0.041223 0.000705 
0.024069 0.046116 0.006344 -0.022332 -0.008251 0.013148 0.017142 0.016562 0.022121 0.027218 0.027220 0.026820 0.035009 0.067542 0.152335 0.328075 0.630024 1.056773 1.532782 1.911524 2.049419 1.902931 1.546928 1.093284 0.624796 0.223601 -0.008815 -0.040139 
-0.019977 0.040362 0.033958 -0.009381 -0.020636 0.001534 0.017321 0.017423 0.018574 0.024728 0.027856 0.027070 0.029841 0.048233 0.103406 0.228836 0.463274 0.827799 1.288620 1.734312 2.010577 2.011722 1.751119 1.332311 0.860895 0.415787 0.086296 -0.049614 
-0.055489 0.006355 0.045503 0.016905 -0.019019 -0.013729 0.010225 0.019332 0.017868 0.021025 0.026670 0.027952 0.028011 0.037084 0.071222 0.157339 0.332429 0.629275 1.046172 1.513357 1.893622 2.045540 1.914139 1.561490 1.103179 0.635053 0.236589 -0.005857 
-0.054774 -0.038501 0.028766 0.039672 -0.000141 -0.021526 -0.004085 0.016635 0.019922 0.018869 0.023537 0.027856 0.028135 0.031421 0.051020 0.107783 0.233762 0.465633 0.822717 1.273479 1.714355 1.998125 2.015254 1.765471 1.345543 0.870343 0.427113 0.095864 
