0.792605 0.999336 1.044449 1.320811 1.921243 1.710719 1.747891 1.871159 1.979216 1.610167 0.759355 0.758024 0.709796 0.784502 0.931245 1.036798 1.002554 0.808973 0.524193 0.255261 0.080084 0.008639 -0.002587 0.000613 0.015129 0.082943 0.249024 0.508438 
0.647428 0.905650 1.042094 1.153724 1.580518 1.917351 1.698343 1.798763 1.927088 1.854330 1.244981 0.652504 0.739772 0.731782 0.848868 0.989170 1.037151 0.925681 0.677983 0.387746 0.155953 0.031395 -0.004502 -0.002790 0.006457 0.042374 0.153700 0.367064 
0.498871 0.779306 0.989094 1.101011 1.327725 1.760180 1.877327 1.708625 1.859438 1.915845 1.616729 0.946634 0.611170 0.747685 0.774691 0.916117 1.024701 1.001347 0.818860 0.538182 0.264544 0.080269 0.002364 -0.008347 0.000891 0.021081 0.088611 0.247627 
0.361721 0.635440 0.893031 1.057286 1.200018 1.518235 1.858167 1.828707 1.744092 1.899442 1.810727 1.328054 0.737073 0.620430 0.774876 0.831102 0.974514 1.029516 0.929995 0.690795 0.400483 0.161236 0.028021 -0.011391 -0.006221 0.009617 0.048929 0.156683 
0.247041 0.489995 0.766252 0.986826 1.131343 1.337191 1.685487 1.889611 1.793294 1.791771 1.885593 1.618635 1.046102 0.619459 0.663767 0.815267 0.891910 1.013067 0.999071 0.827855 0.552028 0.274476 0.081375 -0.003411 -0.014379 0.000364 0.026339 0.094250 
0.160036 0.357248 0.623961 0.883499 1.068592 1.226601 1.493533 1.805570 1.879008 1.780683 1.826764 1.797211 1.370566 0.814544 0.582744 0.726118 0.862945 0.946924 1.022963 0.933116 0.703018 0.413467 0.167369 0.025442 -0.018122 -0.010221 0.011948 0.055053 
0.099809 0.247113 0.481917 0.754627 0.985351 1.150982 1.346451 1.643914 1.872114 1.851316 1.785673 1.821442 1.633525 1.108727 0.658116 0.607534 0.795350 0.911541 0.985936 0.998775 0.835598 0.565674 0.284987 0.083384 -0.008635 -0.020604 -0.000920 0.030883 
0.060706 0.163664 0.353578 0.613533 0.875237 1.076303 1.244987 1.482433 1.766671 1.892840 1.824100 1.790881 1.755444 1.413236 0.874148 0.582822 0.671642 0.862398 0.953963 1.000050 0.939188 0.713979 0.426676 0.174300 0.023677 -0.024626 -0.014719 0.013467 
0.034705 0.105220 0.247752 0.474800 0.744167 0.983350 1.164693 1.355115 1.618704 1.849514 1.882833 1.803050 1.773440 1.622687 1.168302 0.697515 0.579714 0.754278 0.920579 0.982691 0.982988 0.847127 0.578089 0.296122 0.086269 -0.013265 -0.026949 -0.002911 
0.014200 0.065850 0.167484 0.350711 0.604194 0.867531 1.081251 1.258769 1.477763 1.738206 1.890860 1.857079 1.781973 1.713206 1.433448 0.934959 0.594491 0.630450 0.838462 0.964659 0.990566 0.932077 0.729256 0.438722 0.182181 0.022713 -0.030838 -0.019645 
-0.005554 0.037799 0.110419 0.248898 0.468671 0.734631 0.980593 1.174535 1.363081 1.602804 1.828007 1.897274 1.824692 1.746797 1.599701 1.211545 0.744972 0.565417 0.712950 0.911787 0.990149 0.971871 0.848708 0.594953 0.306203 0.090313 -0.017302 -0.033334 
-0.024921 0.014176 0.070451 0.171426 0.348623 0.595877 0.860112 1.084067 1.269483 1.476545 1.717220 1.882132 1.878714 1.786409 1.681899 1.435755 0.988061 0.619318 0.598297 0.805955 0.966027 0.993090 0.923400 0.738154 0.454952 0.189150 0.022971 -0.036766 
-0.039791 -0.008779 0.040166 0.115351 0.250497 0.463493 0.725872 0.977124 1.181592 1.370308 1.592681 1.809147 1.901465 1.843672 1.735680 1.576532 1.237102 0.793820 0.565342 0.673542 0.891939 0.996185 0.970339 0.845222 0.608798 0.319876 0.093608 -0.020203 
-0.041775 -0.030610 0.013452 0.074478 0.175429 0.347264 0.588509 0.852889 1.085206 1.277919 1.477288 1.701652 1.870824 1.891332 1.795951 1.662500 1.429352 1.028443 0.652731 0.577357 0.768966 0.958331 0.999523 0.920189 0.740923 0.470899 0.198910 0.022645 
-0.023546 -0.045641 -0.012691 0.041845 0.119963 0.252486 0.459210 0.717807 0.973055 1.186513 1.376772 1.586345 1.793137 1.899661 1.858128 1.733984 1.558388 1.249867 0.837437 0.577502 0.639789 0.863929 0.997449 0.974922 0.843048 0.617256 0.335150 0.098812 
0.023386 -0.047126 -0.036047 0.011878 0.077956 0.179424 0.346573 0.582025 0.845850 1.085008 1.284542 1.479144 1.690089 1.858933 1.897402 1.806382 1.652618 1.420743 1.056641 0.688407 0.568367 0.731627 0.942016 1.005691 0.922653 0.741892 0.483242 0.211260 
0.106810 -0.026540 -0.051785 -0.016690 0.042648 0.124266 0.254788 0.455761 0.710391 0.968512 1.189728 1.382460 1.582574 1.779774 1.894464 1.868078 1.737343 1.546444 1.255221 0.873041 0.597363 0.614585 0.830931 0.992193 0.982512 0.844488 0.622303 0.348918 
0.223954 0.026540 -0.052676 -0.041780 0.009949 0.080672 0.183414 0.346468 0.576369 0.839015 1.083734 1.289654 1.481594 1.681538 1.847433 1.898906 1.815754 1.649414 1.413373 1.075500 0.721889 0.569362 0.697867 0.918447 1.008720 0.929542 0.743916 0.492010 
0.360001 0.116417 -0.027843 -0.058492 -0.021020 0.042936 0.128041 0.257402 0.453062 0.703599 0.963615 1.191544 1.387372 1.580565 1.768741 1.887472 1.874158 1.742983 1.540106 1.257166 0.900662 0.620490 0.598485 0.796648 0.979872 0.990313 0.850035 0.626248 
0.498432 0.235376 0.031871 -0.057369 -0.048271 0.007648 0.082845 0.187189 0.346945 0.571471 0.832422 1.081591 1.293470 1.484298 1.675281 1.836787 1.897320 1.823303 1.650507 1.408644 1.088109 0.751034 0.577217 0.670046 0.890127 1.006690 0.939014 0.748580 
0.630970 0.368517 0.126180 -0.027032 -0.065112 -0.026164 0.042836 0.131374 0.260141 0.451112 0.697393 0.958479 1.192192 1.391516 1.579770 1.759718 1.879676 1.877131 1.749253 1.538209 1.258210 0.921639 0.643718 0.590300 0.764180 0.961349 0.995882 0.859142 
0.756485 0.504029 0.244834 0.038433 -0.060463 -0.055267 0.004579 0.084663 0.190728 0.347851 0.567339 0.826086 1.078757 1.296152 1.487027 1.670782 1.827196 1.893716 1.828858 1.654126 1.406829 1.096996 0.775347 0.588947 0.648828 0.859853 0.998945 0.948921 
0.870505 0.637759 0.375274 0.135035 -0.024453 -0.070877 -0.032175 0.042092 0.134448 0.262908 0.449799 0.691805 0.953181 1.191864 1.394904 1.579794 1.752407 1.871693 1.877709 1.755227 1.539548 1.259730 0.937649 0.665241 0.588102 0.735448 0.938391 0.997572 
0.957320 0.767342 0.510234 0.252374 0.045197 -0.061798 -0.062166 0.000513 0.086009 0.194165 0.349049 0.563913 0.820071 1.075359 1.297840 1.489618 1.667635 1.818716 1.888859 1.832530 1.659037 1.407657 1.103972 0.795236 0.602263 0.633714 0.829969 0.985952 
0.994712 0.882499 0.647179 0.381398 0.142450 -0.020823 -0.075310 -0.038708 0.040409 0.137254 0.265766 0.448984 0.686830 0.947824 1.190700 1.397567 1.580347 1.746543 1.863905 1.876504 1.760429 1.543083 1.262352 0.950235 0.684279 0.589935 0.711241 0.912995 
0.968858 0.962847 0.780227 0.518096 0.258570 0.051354 -0.061665 -0.068395 -0.004464 0.086615 0.197552 0.350537 0.561078 0.814434 1.071527 1.298635 1.491968 1.665518 1.811328 1.883300 1.834551 1.664415 1.410641 1.110217 0.811487 0.615656 0.623632 0.802062 
0.886914 0.987453 0.893613 0.659101 0.388007 0.148423 -0.016930 -0.078316 -0.045262 0.037682 0.139601 0.268788 0.448613 0.682404 0.942513 1.188829 1.399523 1.581216 1.741890 1.856543 1.874015 1.764656 1.547982 1.266260 0.960641 0.700709 0.594168 0.691540 
0.776977 0.949038 0.964831 0.793941 0.528127 0.264277 0.056467 -0.060619 -0.073594 -0.010026 0.086270 0.200786 0.352371 0.558763 0.809169 1.067395 1.298629 1.493994 1.664180 1.804970 1.877427 1.835190 1.669734 1.415252 1.116437 0.824964 0.628265 0.617365 
