0.001670 0.000420 0.000905 0.003372 0.010708 0.030115 0.073676 0.156523 0.665905 1.600986 1.687883 1.878869 1.992448 1.989748 1.495857 0.550257 0.460720 0.276076 0.145278 0.068292 0.031781 0.019685 0.018855 0.020528 0.020075 0.016349 0.010645 0.005195 
0.003192 0.000760 0.000446 0.001891 0.006431 0.018902 0.048876 0.110189 0.357897 1.080234 1.750458 1.770365 1.945334 2.005633 1.804202 1.079520 0.398480 0.380286 0.203946 0.100059 0.044977 0.022681 0.017862 0.019379 0.020567 0.018621 0.013744 0.007888 
0.005395 0.001693 0.000338 0.000948 0.003774 0.011675 0.031702 0.075615 0.210743 0.659737 1.421860 1.841701 1.838467 1.989817 1.937633 1.507267 0.733545 0.306528 0.311884 0.142946 0.066417 0.029731 0.018087 0.017828 0.020014 0.019986 0.016549 0.010938 
0.008158 0.003314 0.000722 0.000398 0.002084 0.007090 0.020173 0.050673 0.131777 0.396007 1.001657 1.674565 1.892968 1.894819 1.989167 1.769723 1.163326 0.476698 0.255159 0.249202 0.093130 0.043094 0.020779 0.016534 0.018615 0.020277 0.018694 0.014015 
0.011234 0.005609 0.001736 0.000277 0.000990 0.004172 0.012622 0.033246 0.084899 0.241002 0.656155 1.329704 1.840580 1.920962 1.930431 1.918669 1.514894 0.830041 0.307793 0.225233 0.189930 0.054857 0.028471 0.016398 0.016784 0.019499 0.019891 0.016742 
0.014283 0.008436 0.003454 0.000705 0.000361 0.002272 0.007739 0.021412 0.055194 0.149894 0.416197 0.960630 1.605476 1.934583 1.934561 1.927204 1.765783 1.207602 0.548591 0.211552 0.201674 0.134865 0.028078 0.020645 0.015033 0.017850 0.019985 0.018759 
0.016927 0.011531 0.005837 0.001800 0.000232 0.001035 0.004561 0.013550 0.035789 0.094929 0.261595 0.653647 1.270501 1.809497 1.975713 1.931799 1.865751 1.536288 0.890700 0.339825 0.165718 0.175386 0.086469 0.011942 0.017612 0.015388 0.019003 0.019792 
0.018816 0.014545 0.008721 0.003612 0.000708 0.000337 0.002458 0.008373 0.023013 0.060747 0.164821 0.429448 0.933974 1.549732 1.939203 1.980022 1.901542 1.733946 1.253009 0.603424 0.205675 0.147580 0.143251 0.047407 0.004753 0.017486 0.016466 0.019751 
0.019811 0.017098 0.011827 0.006077 0.001884 0.000206 0.001086 0.004941 0.014602 0.038993 0.104491 0.277066 0.651723 1.227949 1.772753 2.003194 1.955695 1.828884 1.532646 0.949298 0.373070 0.134171 0.138695 0.106768 0.019431 0.004196 0.018695 0.017570 
0.018270 0.019074 0.014782 0.009012 0.003786 0.000730 0.000326 0.002642 0.009046 0.024957 0.066604 0.177394 0.439134 0.914640 1.504278 1.927269 2.014187 1.902203 1.701943 1.276860 0.660294 0.211454 0.106005 0.127288 0.070026 0.002801 0.007729 0.020086 
0.020949 0.018344 0.017565 0.012082 0.006331 0.001987 0.000197 0.001144 0.005333 0.015813 0.042563 0.113356 0.289395 0.650166 1.195193 1.736605 2.012737 1.983058 1.813108 1.517504 0.992512 0.414908 0.115806 0.100805 0.108475 0.037659 -0.003754 0.012979 
0.018059 0.020969 0.017726 0.015411 0.009240 0.003983 0.000773 0.000328 0.002833 0.009786 0.027154 0.072454 0.188220 0.446689 0.899648 1.466350 1.907831 2.036124 1.915616 1.681013 1.283682 0.710287 0.230544 0.072793 0.101806 0.082878 0.013277 -0.002656 
0.003121 0.021740 0.020117 0.016453 0.012808 0.006497 0.002122 0.000205 0.001212 0.005754 0.017168 0.046313 0.121529 0.299617 0.648857 1.168781 1.702743 2.011126 2.006970 1.812577 1.502688 1.018993 0.458709 0.111420 0.063954 0.098335 0.054411 -0.001398 
-0.006680 0.010668 0.023459 0.018540 0.014628 0.009986 0.004068 0.000856 0.000343 0.003041 0.010602 0.029524 0.078162 0.197714 0.452843 0.887484 1.434007 1.885132 2.048115 1.933553 1.672069 1.282566 0.748424 0.258440 0.050209 0.070913 0.086161 0.027992 
0.007719 -0.004508 0.017633 0.023213 0.016458 0.012398 0.007186 0.002124 0.000262 0.001291 0.006214 0.018643 0.050129 0.129074 0.308331 0.647724 1.146760 1.671494 2.002641 2.025527 1.821176 1.493320 1.033575 0.497912 0.119105 0.031944 0.079219 0.066254 
0.042683 -0.004183 0.002266 0.022493 0.021377 0.014091 0.009936 0.004636 0.000793 0.000415 0.003265 0.011490 0.032004 0.083669 0.206163 0.458011 0.877287 1.405915 1.861266 2.052617 1.951756 1.672687 1.279934 0.775233 0.288902 0.039069 0.038777 0.080267 
0.071359 0.020410 -0.007623 0.010657 0.024603 0.018506 0.011622 0.007429 0.002532 0.000171 0.001437 0.006706 0.020211 0.053942 0.136062 0.315918 0.646720 1.127932 1.642750 1.989942 2.038713 1.834498 1.490520 1.041577 0.529772 0.134423 0.007730 0.054299 
0.066518 0.054385 0.003529 -0.004272 0.018172 0.024060 0.015162 0.009190 0.005069 0.001035 0.000350 0.003571 0.012429 0.034548 0.088954 0.213773 0.462451 0.868525 1.381140 1.837299 2.051630 1.968229 1.679979 1.279170 0.793532 0.317540 0.037495 0.009357 
0.027275 0.069113 0.033798 -0.005753 0.003169 0.023185 0.021459 0.011810 0.006898 0.003041 0.000274 0.001472 0.007295 0.021831 0.057715 0.142562 0.322630 0.645813 1.111515 1.616277 1.974693 2.047146 1.849710 1.493644 1.046954 0.554330 0.153024 -0.008062 
-0.014947 0.047382 0.061100 0.014552 -0.007351 0.011791 0.025040 0.017625 0.008762 0.004837 0.001521 0.000377 0.003806 0.013474 0.037104 0.094018 0.220693 0.466332 0.860850 1.359013 1.813778 2.046665 1.982164 1.691506 1.281627 0.806384 0.342263 0.042453 
-0.016548 0.001251 0.060317 0.045359 0.000520 -0.002911 0.019152 0.023915 0.013375 0.006182 0.003103 0.000678 0.001520 0.007860 0.023544 0.061401 0.148636 0.328642 0.644981 1.096976 1.591821 1.957956 2.051588 1.865105 1.501469 1.052176 0.572933 0.171819 
0.051042 -0.033419 0.025626 0.062091 0.026674 -0.006372 0.004934 0.023696 0.020558 0.009360 0.004129 0.001809 0.000690 0.004003 0.014534 0.039701 0.098846 0.227042 0.469770 0.854021 1.339042 1.790977 2.038835 1.993360 1.705431 1.287530 0.816299 0.362610 
0.189061 -0.019577 -0.021835 0.046681 0.053368 0.009855 -0.006263 0.013383 0.024865 0.015966 0.005998 0.002605 0.001099 0.001793 0.008366 0.025288 0.065026 0.154313 0.334090 0.644205 1.083935 1.569145 1.940416 2.052764 1.879703 1.512727 1.058581 0.587261 
0.379021 0.061047 -0.046503 0.003576 0.057753 0.037886 -0.001628 -0.000910 0.020144 0.022963 0.011116 0.003480 0.001616 0.001171 0.004344 0.015533 0.042305 0.103476 0.232890 0.472855 0.847869 1.320855 1.769023 2.028955 2.001910 1.720454 1.296550 0.825068 
0.598865 0.204025 -0.019031 -0.041167 0.030152 0.057075 0.020585 -0.006298 0.007075 0.023833 0.018873 0.006772 0.001826 0.001216 0.002306 0.008937 0.026971 0.068591 0.159653 0.339054 0.643481 1.072115 1.548042 1.922518 2.051305 1.892983 1.526308 1.066756 
0.833853 0.392314 0.071024 -0.055214 -0.017189 0.049163 0.046757 0.005943 -0.004644 0.015031 0.024068 0.013715 0.003405 0.000979 0.001549 0.004928 0.016529 0.044833 0.107941 0.238311 0.475639 0.842272 1.304167 1.747961 2.017623 2.008032 1.735690 1.308142 
1.076840 0.608990 0.216638 -0.016477 -0.056735 0.012446 0.056555 0.031150 -0.003129 0.001411 0.020879 0.021315 0.008554 0.001206 0.000890 0.002887 0.009701 0.028593 0.072036 0.164718 0.343605 0.642792 1.061312 1.528327 1.904559 2.047734 1.904705 1.541316 
1.321714 0.843336 0.403376 0.080176 -0.060713 -0.035824 0.037635 0.052542 0.015120 -0.005712 0.009279 0.023476 0.016584 0.004204 0.000169 0.001599 0.005692 0.017637 0.047246 0.112223 0.243386 0.478161 0.837136 1.288757 1.727790 2.005278 2.011995 1.750556 
