0.108436 0.088905 0.058173 0.029240 0.012240 0.011355 0.028135 0.068662 0.147828 0.284075 0.483856 0.724461 0.949913 1.089607 1.092982 0.958077 0.733012 0.489054 0.284944 0.145926 0.066311 0.026767 0.010989 0.012024 0.028397 0.056653 0.087393 0.107804 
0.110593 0.101191 0.074939 0.043482 0.019248 0.009783 0.017537 0.045430 0.103415 0.208816 0.376024 0.599055 0.839081 1.030480 1.108334 1.042815 0.856815 0.613395 0.382018 0.207298 0.098693 0.041530 0.015908 0.009405 0.018294 0.041040 0.071713 0.098890 
0.106675 0.108530 0.090172 0.059861 0.030462 0.012670 0.011508 0.028966 0.070661 0.150188 0.284694 0.480561 0.716944 0.940859 1.083600 1.093496 0.964875 0.742282 0.496201 0.287576 0.144731 0.063681 0.024776 0.010266 0.011926 0.027934 0.055385 0.085738 
0.097384 0.109988 0.101877 0.076510 0.045048 0.020115 0.010010 0.017909 0.046784 0.105695 0.210569 0.374958 0.593688 0.830460 1.022376 1.105154 1.046500 0.865325 0.622178 0.387207 0.207931 0.096482 0.038961 0.014472 0.009075 0.018136 0.040230 0.070199 
0.084139 0.105508 0.108522 0.091351 0.061541 0.031765 0.013209 0.011709 0.029725 0.072485 0.152387 0.285324 0.477530 0.709819 0.932025 1.077407 1.093506 0.971228 0.751498 0.503670 0.290607 0.143728 0.060980 0.022587 0.009387 0.011798 0.027554 0.054230 
0.068780 0.095892 0.109310 0.102460 0.078026 0.046649 0.021084 0.010327 0.018278 0.048012 0.107793 0.212226 0.374018 0.588664 0.822182 1.014319 1.101617 1.049664 0.873544 0.631096 0.392793 0.208894 0.094338 0.036240 0.012838 0.008641 0.018008 0.039527 
0.053187 0.082604 0.104312 0.108418 0.092441 0.063205 0.033140 0.013855 0.011964 0.030422 0.074147 0.154428 0.285952 0.474735 0.703064 0.923423 1.071073 1.093047 0.977125 0.760611 0.511427 0.294043 0.142948 0.058232 0.020202 0.008339 0.011629 0.027249 
0.038928 0.067460 0.094422 0.108566 0.102940 0.079480 0.048276 0.022150 0.010735 0.018649 0.049126 0.109718 0.213785 0.373186 0.583956 0.814240 1.006337 1.097769 1.052323 0.881442 0.640103 0.398760 0.210210 0.092293 0.033381 0.010999 0.008090 0.017898 
0.027010 0.052256 0.081137 0.103096 0.108224 0.093439 0.064846 0.034578 0.014604 0.012276 0.031067 0.075657 0.156317 0.286569 0.472150 0.696659 0.915062 1.064636 1.092156 0.982562 0.769580 0.519432 0.297886 0.142422 0.055461 0.017624 0.007111 0.011404 
0.017793 0.038428 0.066243 0.092982 0.107764 0.103321 0.080869 0.049922 0.023304 0.011234 0.019032 0.050137 0.111479 0.215244 0.372443 0.579538 0.806623 0.998453 1.093653 1.054498 0.888994 0.649152 0.405083 0.211893 0.090379 0.030402 0.008952 0.007407 
0.011108 0.026829 0.051438 0.079747 0.101867 0.107945 0.094346 0.066457 0.036072 0.015451 0.012649 0.031671 0.077029 0.158058 0.287164 0.469754 0.690582 0.906945 1.058131 1.090870 0.987540 0.778365 0.527646 0.302129 0.142177 0.052698 0.014861 0.005691 
0.006576 0.017681 0.038023 0.065130 0.091581 0.106912 0.103605 0.082188 0.051577 0.024541 0.011823 0.019432 0.051058 0.113084 0.216602 0.371774 0.575388 0.799322 0.990685 1.089307 1.056214 0.896183 0.658199 0.411737 0.213957 0.088628 0.027324 0.006693 
0.004070 0.010726 0.026697 0.050731 0.078437 0.100636 0.107588 0.095160 0.068031 0.037612 0.016392 0.013086 0.032243 0.078271 0.159657 0.287731 0.467526 0.684815 0.899075 1.051589 1.089224 0.992066 0.786935 0.536027 0.306762 0.142236 0.049973 0.011925 
0.004223 0.005584 0.017547 0.037706 0.064125 0.090225 0.106018 0.103797 0.083433 0.053233 0.025852 0.012500 0.019857 0.051898 0.114544 0.217858 0.371163 0.571483 0.792324 0.983050 1.084766 1.057494 0.902997 0.667204 0.418689 0.216406 0.087072 0.024172 
0.008829 0.002240 0.010240 0.026602 0.050133 0.077215 0.099410 0.107159 0.095883 0.069563 0.039190 0.017422 0.013590 0.032792 0.079396 0.161118 0.288261 0.465446 0.679339 0.891451 1.045034 1.087254 0.996149 0.795262 0.544536 0.311769 0.142621 0.047318 
0.020971 0.001547 0.004416 0.017376 0.037471 0.063230 0.088923 0.105090 0.103899 0.084603 0.054883 0.027230 0.013264 0.020312 0.052669 0.115867 0.219012 0.370599 0.567804 0.785617 0.975559 1.080065 1.058367 0.909428 0.676129 0.425908 0.219242 0.085739 
0.044763 0.005591 0.000195 0.009635 0.026532 0.049643 0.076085 0.098197 0.106664 0.096514 0.071046 0.040798 0.018536 0.014161 0.033326 0.080413 0.162446 0.288750 0.463499 0.674135 0.884072 1.038491 1.084991 0.999803 0.803324 0.553134 0.317131 0.143345 
0.084654 0.017751 -0.001329 0.003060 0.017151 0.037311 0.062447 0.087682 0.104137 0.103917 0.085695 0.056520 0.028669 0.014113 0.020801 0.053379 0.117061 0.220064 0.370069 0.564331 0.779191 0.968221 1.075231 1.058858 0.915474 0.684943 0.433359 0.222461 
0.144421 0.042339 0.002233 -0.002068 0.008893 0.026472 0.049257 0.075053 0.097007 0.106111 0.097056 0.072477 0.042429 0.019729 0.014802 0.033854 0.081332 0.163647 0.289191 0.461668 0.669186 0.876935 1.031979 1.082467 1.003042 0.811102 0.561782 0.322824 
0.226053 0.083840 0.014539 -0.004393 0.001505 0.016856 0.037214 0.061778 0.086510 0.103165 0.103853 0.086707 0.058136 0.030160 0.015044 0.021330 0.054040 0.118135 0.221016 0.369563 0.561047 0.773032 0.961045 1.070293 1.058994 0.921137 0.693615 0.441008 
0.328824 0.145854 0.040075 -0.001223 -0.004548 0.007999 0.026409 0.048970 0.074123 0.095847 0.105505 0.097509 0.073849 0.044074 0.020995 0.015512 0.034382 0.082164 0.164727 0.289581 0.459938 0.664477 0.870035 1.025514 1.079712 1.005885 0.818584 0.570447 
0.448821 0.230007 0.083316 0.011366 -0.007632 -0.000259 0.016471 0.037171 0.061223 0.085414 0.102184 0.103714 0.087637 0.059726 0.031697 0.016054 0.021903 0.054659 0.119098 0.221868 0.369072 0.557935 0.767128 0.954034 1.065273 1.058801 0.926419 0.702120 
0.579095 0.335104 0.147646 0.037998 -0.004752 -0.007242 0.006937 0.026324 0.048778 0.073301 0.094727 0.104854 0.097876 0.075161 0.045726 0.022327 0.016292 0.034918 0.082918 0.165692 0.289915 0.458296 0.659990 0.863367 1.019112 1.076751 1.008349 0.825759 
0.710436 0.456766 0.234308 0.083096 0.008261 -0.011029 -0.002236 0.015979 0.037168 0.060781 0.084401 0.101203 0.103504 0.088486 0.061284 0.033272 0.017139 0.022522 0.055246 0.119958 0.222622 0.368586 0.554979 0.761468 0.947194 1.060195 1.058305 0.931327 
0.832621 0.587698 0.341635 0.149796 0.036131 -0.008327 -0.010143 0.005694 0.026202 0.048671 0.072590 0.093654 0.104166 0.098160 0.076408 0.047379 0.023721 0.017141 0.035466 0.083604 0.166546 0.290192 0.456729 0.655711 0.856926 1.012785 1.073611 1.010452 
0.935871 0.718546 0.464809 0.238938 0.083192 0.005251 -0.014566 -0.004431 0.015364 0.037191 0.060449 0.083479 0.100229 0.103227 0.089252 0.062803 0.034879 0.018296 0.023191 0.055809 0.120724 0.223281 0.368099 0.552164 0.756040 0.940525 1.055077 1.057530 
1.012214 0.839167 0.596229 0.348390 0.152299 0.034496 -0.011923 -0.013242 0.004259 0.026024 0.048642 0.071993 0.092639 0.103447 0.098361 0.077587 0.049025 0.025170 0.018059 0.036034 0.084229 0.167298 0.290407 0.455225 0.651626 0.850706 1.006543 1.070316 
1.056500 0.940059 0.726434 0.472923 0.243876 0.083612 0.002364 -0.018220 -0.006844 0.014608 0.037226 0.060225 0.082654 0.099273 0.102891 0.089935 0.064279 0.036509 0.019521 0.023911 0.056354 0.121404 0.223847 0.367603 0.549478 0.750831 0.934030 1.049937 
