0.108467 0.089096 0.058890 0.031641 0.019279 0.029379 0.068306 0.146215 0.276540 0.840402 1.820637 1.919042 2.069171 2.092354 1.977654 1.388932 0.393704 0.304345 0.153850 0.067556 0.026411 0.009377 0.004490 0.009944 0.027829 0.056522 0.087368 0.107800 
0.110604 0.101286 0.075347 0.044896 0.023599 0.021522 0.045239 0.102387 0.204825 0.504279 1.278473 1.980068 1.987641 2.096631 2.052239 1.742546 0.942132 0.235791 0.236739 0.102678 0.041340 0.014880 0.005415 0.005924 0.017333 0.040825 0.071676 0.098886 
0.106682 0.108575 0.090394 0.060685 0.033103 0.020158 0.030156 0.069634 0.147945 0.329925 0.832033 1.638346 2.070607 2.029459 2.093608 1.930555 1.403679 0.577202 0.147854 0.186585 0.062918 0.023750 0.008023 0.004422 0.010266 0.027568 0.055331 0.085736 
0.097391 0.110010 0.101994 0.076981 0.046629 0.024801 0.022289 0.046210 0.103936 0.225977 0.540963 1.197164 1.901233 2.109209 2.048371 2.040482 1.712595 1.027891 0.312887 0.108709 0.145051 0.032772 0.012956 0.004707 0.006164 0.017485 0.040142 0.070203 
0.084156 0.105522 0.108581 0.091612 0.062472 0.034649 0.021131 0.030946 0.070847 0.156917 0.359352 0.826412 1.543215 2.067233 2.112392 2.037808 1.916538 1.414845 0.674176 0.146945 0.096815 0.107489 0.011306 0.007386 0.004222 0.010591 0.027396 0.054247 
0.068819 0.095907 0.109340 0.102600 0.078563 0.048396 0.026102 0.023121 0.047136 0.108111 0.243589 0.559804 1.153596 1.829322 2.149670 2.090068 1.983008 1.713245 1.074383 0.383881 0.062242 0.094552 0.072755 -0.002187 0.005709 0.006215 0.017689 0.039566 
0.053271 0.082634 0.104330 0.108491 0.092744 0.064246 0.036265 0.022197 0.031754 0.073003 0.166537 0.379104 0.822003 1.481217 2.033918 2.167362 2.042470 1.868465 1.439951 0.735587 0.176954 0.034154 0.090417 0.041927 -0.008593 0.006886 0.010581 0.027327 
0.039149 0.067525 0.094440 0.108603 0.103106 0.080089 0.050191 0.027492 0.024023 0.048417 0.113235 0.257941 0.571762 1.124570 1.770882 2.153047 2.137208 1.961607 1.686021 1.122250 0.438054 0.053575 0.037402 0.079266 0.016921 -0.009104 0.010207 0.017323 
0.026397 0.052518 0.081165 0.103116 0.108312 0.093787 0.066000 0.037941 0.023354 0.032737 0.075773 0.175602 0.393712 0.818292 1.436038 1.994983 2.194878 2.069378 1.836312 1.440159 0.795205 0.208350 -0.000550 0.051080 0.061119 -0.000632 -0.005115 0.015289 
0.022005 0.037581 0.066526 0.092977 0.107808 0.103515 0.081551 0.052004 0.028964 0.025049 0.050048 0.118588 0.269872 0.580194 1.103020 1.722861 2.139812 2.172803 1.966291 1.658621 1.148782 0.494515 0.056655 -0.007301 0.061298 0.039218 -0.010032 0.001976 
0.010988 0.030350 0.050383 0.080063 0.101845 0.108052 0.094742 0.067726 0.039671 0.024616 0.033934 0.078876 0.183887 0.405153 0.815044 1.400813 1.956697 2.204302 2.099485 1.825101 1.428973 0.839702 0.248534 -0.022061 0.010429 0.061593 0.017989 -0.011685 
-0.006892 0.021083 0.040282 0.064017 0.091942 0.106895 0.103836 0.082947 0.053828 0.030518 0.026228 0.051952 0.123873 0.279988 0.586520 1.085944 1.682491 2.119035 2.195946 1.983488 1.642255 1.158480 0.544355 0.073165 -0.043702 0.033677 0.051637 0.001411 
-0.007981 0.002561 0.031779 0.051583 0.077456 0.101040 0.107618 0.095620 0.069416 0.041447 0.025996 0.035338 0.082138 0.191406 0.414452 0.812120 1.372077 1.920763 2.202444 2.125888 1.828969 1.418185 0.867712 0.290893 -0.029559 -0.029293 0.050084 0.035047 
0.017032 -0.009407 0.014835 0.042858 0.063761 0.089534 0.106455 0.103941 0.084294 0.055652 0.032157 0.027568 0.054056 0.128963 0.288707 0.591459 1.071813 1.647829 2.094980 2.208946 2.004974 1.637810 1.160410 0.582596 0.098622 -0.069516 0.000506 0.054367 
0.047099 0.002451 -0.003621 0.028374 0.054199 0.076038 0.099101 0.107627 0.096259 0.071098 0.043261 0.027499 0.036927 0.085457 0.198231 0.422207 0.809435 1.347863 1.887512 2.193611 2.146702 1.841791 1.412889 0.884054 0.328879 -0.024927 -0.064274 0.029457 
0.047789 0.032561 -0.005407 0.007618 0.042058 0.065617 0.087417 0.105181 0.104430 0.085403 0.057514 0.033871 0.029064 0.056305 0.133814 0.296318 0.595414 1.059749 1.617535 2.069755 2.214283 2.026497 1.642839 1.160963 0.609759 0.126805 -0.083908 -0.034044 
0.002877 0.052308 0.016420 -0.005269 0.022161 0.055197 0.076737 0.096803 0.107120 0.097201 0.072566 0.045162 0.029113 0.038679 0.088776 0.204442 0.428792 0.806927 1.326961 1.856841 2.180481 2.161929 1.859152 1.414178 0.894027 0.359751 -0.012582 -0.091548 
-0.066009 0.033216 0.045029 0.003800 0.002307 0.037979 0.067404 0.086954 0.103180 0.104690 0.086723 0.059210 0.035718 0.030694 0.058661 0.138412 0.303031 0.598637 1.049206 1.590670 2.044441 2.213979 2.046069 1.654440 1.163500 0.628655 0.153341 -0.088736 
-0.110473 -0.025959 0.050049 0.031045 -0.001913 0.015497 0.053472 0.078414 0.095483 0.105775 0.098141 0.074160 0.046961 0.030897 0.040553 0.092063 0.210114 0.434461 0.804551 1.308576 1.828517 2.164739 2.172205 1.878219 1.421384 0.901566 0.383557 0.003148 
-0.087011 -0.092983 0.013108 0.052424 0.016310 0.000496 0.031914 0.067572 0.087932 0.101476 0.104198 0.088194 0.060963 0.037538 0.032510 0.061077 0.142771 0.309000 0.601288 1.039822 1.566557 2.019593 2.209566 2.062893 1.670158 1.169347 0.642335 0.176152 
0.019193 -0.122146 -0.053945 0.041113 0.043795 0.005865 0.010301 0.049213 0.079664 0.095556 0.104190 0.098537 0.075981 0.048774 0.032724 0.042594 0.095283 0.215319 0.439387 0.802274 1.292164 1.802287 2.147462 2.178311 1.897283 1.433262 0.909117 0.401640 
0.194788 -0.081615 -0.114238 -0.009773 0.054001 0.029907 0.002787 0.025447 0.065496 0.089430 0.100780 0.103149 0.089372 0.062959 0.039355 0.034419 0.063586 0.146882 0.314349 0.603478 1.031344 1.544697 1.995493 2.202177 2.076781 1.688147 1.178705 0.653295 
0.415678 0.033824 -0.128399 -0.079141 0.027200 0.052938 0.016725 0.007895 0.043298 0.079478 0.096678 0.103087 0.098279 0.077745 0.050806 0.034553 0.044740 0.098468 0.220094 0.443705 0.800069 1.277335 1.777915 2.129349 2.180989 1.915369 1.448527 0.917996 
0.663310 0.209693 -0.074742 -0.130205 -0.033106 0.050144 0.042575 0.008887 0.020067 0.061291 0.090450 0.101232 0.102085 0.089978 0.065076 0.041344 0.036342 0.066161 0.150794 0.319152 0.605293 1.023589 1.524710 1.972275 2.192644 2.087837 1.707101 1.191222 
0.928770 0.427215 0.046328 -0.131095 -0.100726 0.010250 0.057712 0.028996 0.008869 0.036924 0.077379 0.098138 0.102899 0.097652 0.079126 0.053064 0.036502 0.046899 0.101626 0.224507 0.447499 0.797922 1.263796 1.755187 2.110859 2.180887 1.931960 1.466054 
1.206335 0.673527 0.221688 -0.067816 -0.141884 -0.055314 0.041920 0.052876 0.017859 0.016874 0.055601 0.090220 0.102519 0.101527 0.090049 0.067037 0.043595 0.038330 0.068721 0.154547 0.323489 0.606782 1.016428 1.506302 1.949988 2.181578 2.096293 1.726129 
1.484936 0.941557 0.437486 0.056644 -0.131780 -0.118679 -0.008030 0.058183 0.041114 0.013112 0.031273 0.073424 0.099160 0.103684 0.097098 0.079985 0.055370 0.038691 0.049069 0.104705 0.228629 0.450842 0.795811 1.251336 1.733919 2.092295 2.178545 1.946821 
1.744648 1.223433 0.684608 0.231661 -0.061620 -0.150420 -0.075548 0.030631 0.060059 0.028480 0.016422 0.049350 0.088344 0.104073 0.101780 0.089857 0.068615 0.046038 0.040497 0.071230 0.158131 0.327449 0.607982 1.009754 1.489245 1.928633 2.169436 2.102430 
