0.050017 0.032830 0.016867 0.008355 0.010937 0.403261 1.193632 1.147092 1.280043 1.471750 1.699745 1.536691 0.917444 1.045545 0.919205 0.707667 0.476681 0.281058 0.145508 0.066437 0.026737 0.010254 0.007992 0.016292 0.031937 0.049171 0.060642 0.060991 
0.056920 0.042201 0.024696 0.011679 0.008259 0.158381 0.748690 1.274976 1.191131 1.368552 1.581212 1.667099 1.284092 0.888076 1.014180 0.824086 0.594605 0.374449 0.205774 0.098912 0.041666 0.015594 0.007346 0.010822 0.023196 0.040356 0.055627 0.062207 
0.061047 0.050739 0.033796 0.017626 0.008770 0.064127 0.398512 1.019836 1.309320 1.247184 1.470477 1.640002 1.534207 1.087710 0.885863 0.958658 0.714269 0.483362 0.283677 0.144616 0.064087 0.024733 0.009242 0.007618 0.015897 0.031178 0.048227 0.060003 
0.061866 0.057312 0.043097 0.025615 0.012284 0.028422 0.196441 0.673307 1.206058 1.322204 1.323152 1.561961 1.621520 1.353547 0.956205 0.887930 0.876111 0.597130 0.379616 0.206568 0.097035 0.039263 0.014004 0.006696 0.010520 0.022662 0.039482 0.054775 
0.059346 0.061045 0.051412 0.034765 0.018430 0.016669 0.093446 0.396268 0.932697 1.316207 1.337078 1.412823 1.614146 1.528475 1.171047 0.880935 0.874964 0.770016 0.480690 0.287534 0.143863 0.061679 0.022570 0.008107 0.007217 0.015551 0.030487 0.047319 
0.053933 0.061486 0.057645 0.043965 0.026558 0.015728 0.045240 0.216602 0.635282 1.143567 1.371972 1.368091 1.497788 1.607185 1.383730 1.017576 0.842431 0.834862 0.648400 0.372091 0.209513 0.095085 0.036740 0.012257 0.005965 0.010231 0.022194 0.038666 
0.046450 0.058674 0.060990 0.052035 0.035728 0.020321 0.025441 0.113190 0.395027 0.878224 1.292754 1.399068 1.416242 1.555024 1.537064 1.218491 0.906128 0.817700 0.763992 0.521476 0.276585 0.146280 0.058902 0.020266 0.006837 0.006778 0.015250 0.029866 
0.037912 0.053107 0.061070 0.057921 0.044800 0.027912 0.020315 0.058987 0.229847 0.611455 1.094072 1.384438 1.418797 1.470432 1.565636 1.415354 1.061533 0.833922 0.786506 0.666336 0.399328 0.197110 0.097225 0.033491 0.010401 0.005137 0.009948 0.021790 
0.029316 0.045626 0.057993 0.060885 0.052607 0.036827 0.022952 0.033868 0.127894 0.394308 0.840138 1.263286 1.433618 1.442455 1.512588 1.521181 1.263886 0.931951 0.787689 0.735515 0.551186 0.290120 0.134376 0.060839 0.016866 0.005540 0.006283 0.014990 
0.021451 0.037223 0.052302 0.060623 0.058142 0.045655 0.029651 0.025311 0.070492 0.239552 0.594796 1.054547 1.380055 1.458224 1.469860 1.524577 1.425770 1.107248 0.836361 0.750091 0.659870 0.430245 0.199083 0.087332 0.035157 0.007122 0.004403 0.009641 
0.014724 0.028842 0.044849 0.057307 0.060733 0.053149 0.038093 0.026023 0.041711 0.139537 0.393901 0.811608 1.234081 1.450056 1.472358 1.491833 1.494364 1.293973 0.965851 0.770149 0.705475 0.562483 0.314856 0.128281 0.053797 0.018122 0.002598 0.006027 
0.009717 0.021106 0.036609 0.051522 0.060149 0.058317 0.046555 0.031685 0.030398 0.080357 0.247152 0.582337 1.022249 1.367881 1.485417 1.482449 1.495217 1.419534 1.145878 0.851447 0.721433 0.643768 0.451749 0.213937 0.077027 0.031109 0.007841 0.001943 
0.004121 0.014960 0.028343 0.044139 0.056621 0.060540 0.053678 0.039508 0.029343 0.048972 0.149150 0.393696 0.789202 1.206850 1.455161 1.498996 1.486866 1.468431 1.307453 1.001260 0.765888 0.676057 0.562053 0.338567 0.132869 0.042694 0.016644 0.002721 
0.001506 0.008361 0.021333 0.035940 0.050795 0.059651 0.058457 0.047506 0.033925 0.035433 0.088992 0.253377 0.572579 0.995258 1.352173 1.502638 1.499926 1.478437 1.405760 1.172508 0.874721 0.702780 0.622077 0.463995 0.233495 0.073341 0.021653 0.008166 
0.003983 0.003244 0.014082 0.028432 0.043336 0.055973 0.060310 0.054201 0.041045 0.032793 0.055706 0.157331 0.393626 0.770984 1.181936 1.453211 1.520429 1.491529 1.448497 1.309206 1.031681 0.773020 0.651024 0.552708 0.357797 0.144625 0.033939 0.010135 
0.004852 0.002937 0.007216 0.020818 0.035815 0.049938 0.059179 0.058562 0.048504 0.036306 0.040354 0.096680 0.258645 0.564672 0.972261 1.335033 1.512328 1.517994 1.471779 1.390884 1.187723 0.899993 0.694939 0.598906 0.467327 0.253494 0.076471 0.011177 
0.000643 0.003343 0.004302 0.012852 0.028142 0.042985 0.055169 0.060103 0.054713 0.042672 0.036299 0.061982 0.164457 0.393651 0.755771 1.159249 1.446865 1.536614 1.501372 1.435667 1.304586 1.054429 0.787131 0.633295 0.537560 0.370692 0.160381 0.029858 
0.002587 -0.001996 0.004040 0.007628 0.019654 0.035620 0.049410 0.058542 0.058698 0.049524 0.038777 0.045134 0.103621 0.263214 0.558095 0.952340 1.317540 1.516473 1.534617 1.472327 1.378299 1.194392 0.922923 0.696030 0.578165 0.463018 0.270967 0.085146 
0.030959 -0.009452 -0.000305 0.006140 0.012586 0.027145 0.042787 0.054558 0.059742 0.055277 0.044347 0.039818 0.067861 0.170779 0.393744 0.742797 1.138571 1.437790 1.548144 1.513526 1.429280 1.297580 1.069603 0.803904 0.623469 0.520251 0.376605 0.177278 
0.097492 -0.002485 -0.011073 0.003255 0.009363 0.018852 0.034830 0.049156 0.057973 0.058716 0.050620 0.041282 0.049768 0.109961 0.267256 0.552509 0.934844 1.300250 1.516575 1.548956 1.477607 1.369362 1.195626 0.941469 0.703029 0.562208 0.453482 0.283902 
0.192801 0.036700 -0.018203 -0.006773 0.007337 0.013685 0.026030 0.042200 0.054253 0.059354 0.055773 0.046107 0.043297 0.073401 0.176470 0.393888 0.731541 1.119663 1.427047 1.555759 1.526248 1.428096 1.290680 1.078600 0.820284 0.620416 0.503833 0.376299 
0.291545 0.111326 -0.003401 -0.020779 -0.000054 0.011481 0.019108 0.033636 0.048741 0.057673 0.058648 0.051700 0.043845 0.054235 0.115815 0.270886 0.547685 0.919294 1.283447 1.513737 1.560781 1.485752 1.364296 1.193973 0.955222 0.713044 0.551714 0.441435 
0.371441 0.205227 0.045775 -0.024259 -0.015179 0.006863 0.015783 0.025509 0.041117 0.053978 0.059155 0.056165 0.047886 0.046759 0.078626 0.181664 0.394069 0.721638 1.102302 1.415325 1.560165 1.538526 1.430828 1.285243 1.083151 0.834561 0.622273 0.490193 
0.429151 0.294267 0.124656 -0.000419 -0.029609 -0.005779 0.012963 0.020545 0.032578 0.047891 0.057527 0.058681 0.052687 0.046429 0.058568 0.121249 0.274196 0.543458 0.905333 1.267269 1.508768 1.570155 1.495434 1.362771 1.191261 0.964668 0.723879 0.546207 
0.480102 0.363937 0.213802 0.056551 -0.026999 -0.024321 0.004228 0.018149 0.026005 0.039824 0.053419 0.059164 0.056577 0.049590 0.050199 0.083591 0.186439 0.394287 0.712819 1.086294 1.403073 1.561975 1.549808 1.436345 1.281872 1.084850 0.846048 0.627154 
0.544647 0.418159 0.293116 0.136066 0.005563 -0.036439 -0.013280 0.013017 0.022835 0.032169 0.046650 0.057273 0.058912 0.053634 0.048945 0.062797 0.126333 0.277238 0.539718 0.892689 1.251770 1.502259 1.577275 1.505739 1.364235 1.188679 0.970671 0.734113 
0.633493 0.473531 0.355457 0.218592 0.067496 -0.026500 -0.033005 -0.000524 0.019986 0.027563 0.038766 0.052443 0.059215 0.057138 0.051216 0.053553 0.088354 0.190864 0.394531 0.704892 1.071465 1.390589 1.561701 1.559826 1.443733 1.280714 1.084982 0.854711 
0.742971 0.545855 0.409258 0.289373 0.144823 0.013361 -0.040689 -0.021637 0.011227 0.025391 0.032711 0.045296 0.056692 0.059283 0.054657 0.051352 0.066896 0.131146 0.280053 0.536375 0.881152 1.236958 1.494646 1.582387 1.516057 1.368089 1.186937 0.974164 
