0.244690 0.254575 0.228339 0.198940 0.209780 0.294840 0.458339 0.667320 1.237702 2.110589 2.005290 1.931482 1.802190 1.657342 1.143613 0.263933 0.266515 0.157045 0.072942 0.022790 0.002880 -0.000488 0.000182 0.003786 0.020736 0.062256 0.127110 0.196569 
0.223297 0.254412 0.245972 0.214035 0.199330 0.243033 0.366784 0.557144 0.907336 1.636333 2.180213 1.964449 1.873771 1.731711 1.446587 0.749517 0.154941 0.225787 0.111823 0.043622 0.009055 -0.000871 -0.000657 0.001618 0.010593 0.038425 0.091766 0.161263 
0.193213 0.242719 0.255137 0.232940 0.204528 0.213880 0.294902 0.453638 0.712261 1.224484 1.931412 2.167286 1.903475 1.809164 1.607032 1.149545 0.439417 0.107186 0.191906 0.072002 0.022134 0.001011 -0.002032 0.000222 0.005268 0.022152 0.061907 0.124495 
0.158088 0.220368 0.253564 0.248365 0.219511 0.204484 0.245433 0.364556 0.570464 0.936672 1.553610 2.108231 2.097841 1.835132 1.721576 1.410208 0.826062 0.226065 0.097427 0.157532 0.038313 0.007979 -0.002770 -0.001567 0.002396 0.012230 0.039170 0.090347 
0.122147 0.189911 0.240601 0.255764 0.236895 0.210269 0.217961 0.295223 0.456662 0.733530 1.213800 1.838710 2.173663 1.998026 1.759709 1.590618 1.152232 0.528045 0.102826 0.103887 0.120338 0.012036 0.000157 -0.003663 0.000070 0.006579 0.023562 0.061729 
0.089157 0.155110 0.217390 0.252624 0.250584 0.224552 0.209825 0.247896 0.365420 0.580668 0.948240 1.508175 2.042431 2.149668 1.886703 1.666511 1.405087 0.863364 0.290564 0.050072 0.110188 0.081781 -0.005957 -0.002760 -0.002740 0.002977 0.013762 0.039997 
0.061712 0.120034 0.186710 0.238388 0.256263 0.240567 0.215775 0.222261 0.296726 0.460828 0.745413 1.204162 1.778513 2.149427 2.064461 1.771260 1.540953 1.169263 0.580848 0.128780 0.042554 0.107050 0.045328 -0.015725 -0.002353 -0.000594 0.007736 0.024948 
0.040886 0.088178 0.152328 0.214423 0.251551 0.252611 0.229308 0.215109 0.250996 0.367573 0.588060 0.953017 1.476887 1.989399 2.163929 1.943890 1.648245 1.372781 0.902146 0.337771 0.039936 0.055962 0.091967 0.014718 -0.018343 -0.000022 0.002750 0.015232 
0.026412 0.061827 0.118146 0.183632 0.236108 0.256589 0.244005 0.221070 0.226791 0.299198 0.464828 0.752480 1.195088 1.734563 2.118912 2.103230 1.805518 1.507990 1.161860 0.631676 0.155536 0.008716 0.071467 0.067499 -0.007336 -0.015605 0.003307 0.007777 
0.015324 0.042022 0.087373 0.149743 0.211496 0.250348 0.254430 0.233831 0.220349 0.254659 0.370360 0.593401 0.954415 1.452717 1.946128 2.161075 1.989628 1.656731 1.341000 0.919774 0.386851 0.040961 0.013895 0.077823 0.038940 -0.019791 -0.009546 0.007348 
0.012451 0.026333 0.062366 0.116431 0.180697 0.233785 0.256735 0.247216 0.226201 0.231530 0.302336 0.468463 0.756661 1.186405 1.700034 2.088410 2.123651 1.843361 1.496720 1.143574 0.667275 0.190526 -0.012425 0.034485 0.071233 0.012056 -0.023291 -0.001931 
0.006132 0.019454 0.041581 0.087145 0.147289 0.208638 0.249027 0.256034 0.238145 0.225572 0.258748 0.373484 0.597303 0.953840 1.432734 1.909879 2.150172 2.022947 1.678334 1.320960 0.920819 0.428957 0.054826 -0.020203 0.054129 0.053635 -0.008596 -0.019699 
-0.011400 0.014357 0.029417 0.061433 0.115394 0.177813 0.231453 0.256704 0.250202 0.231194 0.236442 0.305921 0.471758 0.758982 1.177992 1.671525 2.059632 2.132499 1.877814 1.501242 1.126235 0.686353 0.227175 -0.020076 -0.001707 0.063235 0.030236 -0.020539 
-0.023459 -0.000599 0.023224 0.043305 0.085670 0.145546 0.205730 0.247627 0.257422 0.242261 0.230786 0.263152 0.376795 0.600197 0.952014 1.415443 1.878756 2.135470 2.046101 1.704764 1.313543 0.914403 0.459176 0.077059 -0.044094 0.024943 0.058978 0.007071 
-0.010866 -0.018702 0.011192 0.033732 0.061702 0.113420 0.175600 0.228964 0.256537 0.252961 0.236063 0.241489 0.309814 0.474776 0.760053 1.169777 1.647114 2.032938 2.134046 1.906928 1.515389 1.114963 0.693801 0.258978 -0.016138 -0.033349 0.046335 0.043767 
0.022959 -0.020634 -0.008471 0.023382 0.047039 0.084593 0.143202 0.203384 0.245975 0.258643 0.246177 0.235986 0.267789 0.380216 0.602375 0.949359 1.399994 1.851466 2.119082 2.061515 1.731711 1.316287 0.906974 0.478097 0.101457 -0.056982 -0.005619 0.055333 
0.050812 0.002565 -0.021522 0.004994 0.036235 0.064079 0.111265 0.173096 0.226878 0.256049 0.255552 0.240797 0.246638 0.313925 0.477579 0.760264 1.161720 1.625625 2.008256 2.130946 1.930643 1.534702 1.110867 0.694981 0.283247 -0.005038 -0.057526 0.023658 
0.043989 0.036113 -0.012499 -0.014589 0.020024 0.050581 0.085254 0.140350 0.200993 0.244540 0.259509 0.249957 0.241143 0.272600 0.383706 0.604043 0.946146 1.385867 1.827100 2.102094 2.071169 1.757127 1.326271 0.901930 0.488595 0.123674 -0.060756 -0.033643 
-0.001142 0.050739 0.016899 -0.019359 -0.001871 0.035809 0.067403 0.110249 0.169978 0.224904 0.255597 0.257798 0.245457 0.251838 0.318197 0.480220 0.759873 1.153804 1.606294 1.985376 2.124871 1.949538 1.556301 1.113286 0.693887 0.300083 0.008897 -0.073642 
-0.056772 0.027376 0.044535 -0.000928 -0.017333 0.014445 0.052367 0.087420 0.138003 0.198042 0.243279 0.260259 0.253445 0.246308 0.277520 0.387251 0.605343 0.942554 1.372729 1.805011 2.085072 2.076558 1.780157 1.341016 0.900634 0.493785 0.141663 -0.058453 
-0.082837 -0.025006 0.044329 0.029631 -0.012763 -0.007467 0.032638 0.070252 0.110770 0.166841 0.222510 0.255301 0.259826 0.249917 0.257120 0.322571 0.482752 0.759059 1.146021 1.588607 1.964069 2.116887 1.964343 1.578429 1.120980 0.693018 0.310883 0.022604 
-0.052971 -0.074331 0.008223 0.047484 0.011896 -0.016076 0.008234 0.051757 0.090148 0.136861 0.194726 0.241766 0.261097 0.256676 0.251380 0.282564 0.390820 0.606389 0.938708 1.360361 1.784728 2.068309 2.078785 1.800558 1.358646 0.903313 0.496223 0.155012 
0.034367 -0.086979 -0.046043 0.033266 0.039046 -0.003042 -0.010456 0.027594 0.071594 0.112464 0.164400 0.219599 0.254895 0.261855 0.254137 0.262412 0.327058 0.485190 0.757955 1.138368 1.572205 1.944117 2.107685 1.975760 1.600062 1.132658 0.693738 0.317382 
0.164207 -0.046515 -0.086796 -0.011185 0.045347 0.023986 -0.011083 0.002886 0.048850 0.092420 0.137049 0.191591 0.239735 0.261917 0.259831 0.256275 0.287689 0.394439 0.607244 0.934705 1.348608 1.765902 2.051944 2.078659 1.818382 1.377824 0.909637 0.497739 
0.321177 0.043495 -0.087961 -0.063477 0.019466 0.044403 0.008165 -0.010229 0.021869 0.070934 0.114602 0.163081 0.216463 0.254071 0.263908 0.258237 0.267611 0.331647 0.487584 0.756642 1.130852 1.556831 1.925329 2.097717 1.984395 1.620638 1.147184 0.696652 
0.499533 0.170112 -0.040511 -0.095211 -0.029313 0.039185 0.033931 -0.003263 -0.000491 0.044280 0.093443 0.138240 0.189159 0.237239 0.262461 0.263011 0.261043 0.292796 0.398128 0.607973 0.930603 1.337370 1.748266 2.036037 2.076770 1.833821 1.397623 0.919053 
0.701911 0.323560 0.049951 -0.087352 -0.077337 0.004611 0.045777 0.019327 -0.006872 0.016645 0.068313 0.116387 0.162934 0.213554 0.252707 0.265820 0.262342 0.272705 0.336264 0.489986 0.755190 1.123470 1.542302 1.907542 2.087283 1.990755 1.639878 1.163635 
0.930958 0.502314 0.173663 -0.035739 -0.100759 -0.045355 0.030292 0.041004 0.006196 -0.001328 0.038960 0.092799 0.139852 0.187735 0.234563 0.262518 0.266155 0.265793 0.297835 0.401855 0.608653 0.926445 1.326567 1.731621 2.020600 2.073553 1.847110 1.417427 
