0.044821 0.153859 0.275098 0.456115 0.667985 1.237969 2.109111 1.991471 1.883349 1.696922 1.487723 0.928170 0.042182 0.081082 0.033769 0.011529 0.003048 0.000656 0.000177 0.000449 0.002308 0.006918 0.014123 0.021841 0.026950 0.027107 0.022213 0.014483 
0.024894 0.089503 0.212953 0.358134 0.558193 0.908213 1.635895 2.173889 1.936220 1.799924 1.595169 1.251741 0.525981 -0.053979 0.068202 0.019515 0.005568 0.001091 0.000177 0.000219 0.001181 0.004269 0.010196 0.017918 0.024722 0.027648 0.025291 0.018702 
0.020200 0.049896 0.143873 0.282828 0.451304 0.714458 1.224846 1.928603 2.152012 1.855401 1.706103 1.440789 0.936652 0.217776 -0.080656 0.065217 0.008199 0.002146 0.000189 0.000079 0.000585 0.002459 0.006878 0.013833 0.021435 0.026669 0.027130 0.022526 
0.021078 0.031046 0.088849 0.207728 0.363375 0.571046 0.938748 1.552554 2.100351 2.068709 1.762338 1.587948 1.218573 0.604057 0.016004 -0.063258 0.062069 -0.001198 0.000655 -0.000097 0.000255 0.001351 0.004350 0.010038 0.017553 0.024348 0.027496 0.025461 
0.023563 0.024268 0.053968 0.140654 0.280956 0.460708 0.734893 1.214888 1.834704 2.156960 1.949864 1.658645 1.427634 0.941958 0.306722 -0.087225 -0.026168 0.054010 -0.008412 0.000605 -0.000059 0.000710 0.002613 0.006858 0.013567 0.021040 0.026378 0.027127 
0.025884 0.023382 0.035494 0.090188 0.204103 0.365900 0.585996 0.949164 1.507318 2.033027 2.119581 1.814770 1.535614 1.216629 0.643035 0.079588 -0.113572 0.011531 0.040624 -0.012833 0.001483 0.000146 0.001520 0.004443 0.009905 0.017208 0.023976 0.027326 
0.027204 0.024765 0.027611 0.057518 0.139743 0.279016 0.468661 0.749696 1.203868 1.774228 2.131198 2.016097 1.671985 1.381100 0.961658 0.360043 -0.063278 -0.090803 0.038079 0.024214 -0.014147 0.002771 0.000494 0.002787 0.006856 0.013326 0.020659 0.026078 
0.027178 0.026430 0.025528 0.039182 0.092090 0.202248 0.367542 0.597755 0.955140 1.474524 1.979387 2.132656 1.872667 1.519889 1.187449 0.683622 0.126096 -0.126515 -0.045913 0.048990 0.008096 -0.012598 0.004032 0.001070 0.004600 0.009791 0.016885 0.023608 
0.025787 0.027344 0.025998 0.030535 0.060729 0.140013 0.278003 0.474534 0.760551 1.194582 1.728771 2.099971 2.054319 1.707877 1.351127 0.956959 0.411571 -0.038324 -0.127866 -0.000249 0.045517 -0.004776 -0.008948 0.005000 0.002023 0.006988 0.013100 0.020293 
0.023252 0.027057 0.027034 0.027532 0.042425 0.094235 0.201670 0.368951 0.606356 0.959065 1.449157 1.934744 2.129251 1.918697 1.530790 1.158720 0.703167 0.174687 -0.128139 -0.091202 0.032865 0.032378 -0.012627 -0.004239 0.005627 0.003513 0.009901 0.016561 
0.019903 0.025515 0.027524 0.027217 0.033179 0.063716 0.140999 0.277830 0.478888 0.768298 1.186938 1.692514 2.068383 2.074607 1.746912 1.342775 0.941379 0.448043 -0.004933 -0.152141 -0.040060 0.048191 0.015440 -0.015108 0.000509 0.006068 0.005644 0.013197 
0.016656 0.022846 0.026970 0.027660 0.029415 0.045375 0.096514 0.201971 0.370330 0.612549 0.961464 1.428859 1.896662 2.117701 1.952499 1.554399 1.141735 0.706203 0.216510 -0.116758 -0.128512 0.007044 0.046941 -0.000109 -0.013070 0.004546 0.006603 0.008423 
0.011738 0.020006 0.025166 0.027745 0.028404 0.035619 0.066548 0.142453 0.278288 0.482207 0.773669 1.180351 1.662709 2.038027 2.083380 1.782562 1.349888 0.926827 0.468127 0.030323 -0.162824 -0.079147 0.038950 0.034284 -0.010851 -0.008084 0.007519 0.007543 
0.009119 0.015363 0.022975 0.026778 0.028314 0.031192 0.048119 0.098878 0.202879 0.371737 0.616996 0.962608 1.412071 1.863748 2.101949 1.976242 1.582707 1.137156 0.701932 0.246613 -0.096833 -0.155589 -0.024401 0.051963 0.016775 -0.015455 -0.001887 0.009479 
0.010765 0.011416 0.018998 0.025353 0.027830 0.029586 0.037900 0.069270 0.144223 0.279201 0.484816 0.777257 1.174358 1.637633 2.009533 2.084584 1.812953 1.366433 0.918253 0.476785 0.060906 -0.161797 -0.113738 0.020634 0.048313 0.000291 -0.014396 0.004071 
0.008890 0.011845 0.014340 0.022329 0.027076 0.028798 0.032923 0.050703 0.101299 0.204209 0.373179 0.620184 0.962725 1.397724 1.835004 2.084165 1.992104 1.611554 1.142551 0.696680 0.265647 -0.074592 -0.171613 -0.057341 0.047810 0.033764 -0.011220 -0.009307 
-0.002244 0.012272 0.013150 0.017648 0.025107 0.028315 0.030560 0.040106 0.071899 0.146215 0.280437 0.486927 0.779512 1.168667 1.616079 1.983100 2.080787 1.837890 1.388109 0.916724 0.479309 0.084178 -0.153505 -0.140888 -0.003626 0.055687 0.015140 -0.016125 
-0.014828 0.004935 0.014416 0.014947 0.021007 0.027243 0.029558 0.034420 0.053221 0.103741 0.205837 0.374648 0.622458 0.962019 1.385091 1.809638 2.065610 2.001911 1.638860 1.155117 0.693770 0.276458 -0.054345 -0.178484 -0.087838 0.035774 0.047896 -0.001653 
-0.012787 -0.009064 0.010961 0.015800 0.017286 0.024103 0.028890 0.031671 0.042079 0.074516 0.148342 0.281904 0.488678 0.780769 1.163116 1.597180 1.958696 2.073720 1.857805 1.412075 0.921644 0.479609 0.100243 -0.142247 -0.160009 -0.030152 0.055771 0.030830 
0.011356 -0.016843 -0.001089 0.015279 0.016962 0.020028 0.026750 0.030531 0.035921 0.055544 0.106256 0.207656 0.376139 0.624059 0.960661 1.373683 1.787007 2.047019 2.007130 1.663667 1.172447 0.694577 0.282093 -0.038112 -0.179219 -0.113533 0.018301 0.057159 
0.044840 -0.004944 -0.014460 0.007018 0.017956 0.018322 0.022932 0.029009 0.033025 0.043953 0.077014 0.150620 0.283512 0.490170 0.781275 1.157619 1.580307 1.936177 2.064562 1.873345 1.436527 0.931843 0.480162 0.110455 -0.131053 -0.172225 -0.055885 0.049352 
0.060815 0.025607 -0.014736 -0.007595 0.013805 0.019461 0.020097 0.025787 0.031274 0.037625 0.057717 0.108749 0.209655 0.377620 0.625166 0.958792 1.363170 1.766594 2.028805 2.008904 1.685636 1.192668 0.699377 0.285062 -0.026323 -0.176681 -0.133744 -0.001878 
0.038115 0.055448 0.006078 -0.017101 0.001322 0.018601 0.020406 0.022310 0.028556 0.034342 0.045954 0.079365 0.152968 0.285256 0.491446 0.781219 1.152137 1.565002 1.915351 2.054118 1.885191 1.460364 0.946063 0.482347 0.116503 -0.121631 -0.179374 -0.078927 
-0.022481 0.059245 0.039101 -0.008786 -0.013089 0.010104 0.021437 0.021346 0.024890 0.031506 0.039419 0.059934 0.111143 0.211776 0.379113 0.625884 0.956535 1.353326 1.747991 2.011183 2.008116 1.704765 1.214398 0.707882 0.287191 -0.018528 -0.173051 -0.148925 
-0.098492 0.023972 0.061907 0.018626 -0.016385 -0.004930 0.017254 0.022820 0.022664 0.027814 0.035301 0.048102 0.081702 0.155281 0.287106 0.492569 0.780725 1.146663 1.550924 1.896021 2.042932 1.893976 1.482958 0.963159 0.486808 0.119960 -0.114689 -0.183319 
-0.160088 -0.041965 0.053506 0.050418 0.000086 -0.016466 0.004821 0.022114 0.023457 0.024576 0.031266 0.041037 0.062302 0.113494 0.213913 0.380633 0.626311 0.953971 1.344003 1.730868 1.994250 2.005437 1.721225 1.236656 0.719552 0.289697 -0.013889 -0.169756 
-0.185614 -0.114583 0.008602 0.064282 0.031158 -0.012412 -0.010552 0.013967 0.024779 0.024044 0.027224 0.035766 0.050233 0.084157 0.157550 0.288985 0.493602 0.779893 1.141191 1.537832 1.877994 2.031368 1.900256 1.503985 0.982171 0.493719 0.122120 -0.110288 
-0.167586 -0.168393 -0.059510 0.044880 0.058820 0.010679 -0.017161 -0.001125 0.021086 0.025855 0.025145 0.030825 0.042259 0.064763 0.115920 0.216013 0.382146 0.626538 0.951166 1.335093 1.714973 1.978030 2.001373 1.735266 1.258771 0.733775 0.293312 -0.011483 
