0.006464 0.029096 0.068603 0.146383 0.651155 1.585077 1.675912 1.874835 1.996966 1.999802 1.506720 0.558228 0.464750 0.277312 0.145104 0.066558 0.026709 0.009545 0.004105 0.004619 0.008104 0.012315 0.015164 0.015248 0.012495 0.008147 0.003977 0.001249 
0.002864 0.015603 0.046740 0.102709 0.345395 1.064472 1.735881 1.761862 1.945499 2.013296 1.815251 1.089400 0.404612 0.382776 0.204304 0.099123 0.041797 0.015291 0.005359 0.003617 0.005990 0.010119 0.013909 0.015551 0.014226 0.010520 0.006040 0.002433 
0.002144 0.007695 0.028872 0.071620 0.200712 0.645385 1.406135 1.829550 1.833974 1.993878 1.947504 1.518301 0.741873 0.310825 0.313120 0.142552 0.064478 0.024691 0.008253 0.003465 0.004289 0.007835 0.012056 0.014999 0.015260 0.012671 0.008377 0.004127 
0.002852 0.003977 0.016330 0.047550 0.125374 0.383601 0.986250 1.660009 1.884136 1.894491 1.996475 1.780756 1.173490 0.483177 0.257804 0.249444 0.091954 0.039799 0.013554 0.004403 0.003175 0.005722 0.009861 0.013688 0.015465 0.014321 0.010737 0.006246 
0.004412 0.002850 0.008750 0.029582 0.080636 0.231937 0.641873 1.314241 1.828277 1.916035 1.934029 1.928329 1.526066 0.838715 0.312373 0.226498 0.189340 0.052709 0.023437 0.006841 0.002799 0.003977 0.007593 0.011814 0.014832 0.015258 0.012834 0.008605 
0.006504 0.003302 0.004867 0.017300 0.051331 0.143756 0.404576 0.945253 1.591050 1.925440 1.933752 1.934141 1.776768 1.218027 0.555417 0.214377 0.201829 0.133459 0.024654 0.013555 0.003251 0.002735 0.005480 0.009628 0.013473 0.015369 0.014402 0.010945 
0.008848 0.004748 0.003489 0.009725 0.031615 0.090244 0.253116 0.639932 1.255012 1.797171 1.970356 1.934937 1.875175 1.547568 0.899706 0.344701 0.167041 0.174622 0.084111 0.006891 0.008304 0.001769 0.003700 0.007379 0.011588 0.014665 0.015244 0.012985 
0.011151 0.006793 0.003763 0.005670 0.018713 0.056338 0.158650 0.418531 0.918939 1.535207 1.929886 1.978722 1.908099 1.744852 1.263669 0.610596 0.208703 0.147677 0.141628 0.043839 -0.002232 0.006030 0.001677 0.005321 0.009417 0.013268 0.015266 0.014469 
0.013125 0.009102 0.005112 0.004100 0.010800 0.034453 0.099408 0.268894 0.638669 1.212590 1.760245 1.997534 1.958343 1.838053 1.544002 0.958619 0.378252 0.135582 0.137780 0.104201 0.014339 -0.004893 0.005430 0.002499 0.007312 0.011373 0.014499 0.015217 
0.014523 0.011355 0.007103 0.004234 0.006485 0.020507 0.061768 0.171084 0.428746 0.900111 1.489701 1.917685 2.012499 1.908335 1.712748 1.287727 0.667808 0.214705 0.106072 0.125463 0.066305 -0.004105 -0.003425 0.005621 0.003938 0.009437 0.013053 0.015159 
0.015184 0.013255 0.009365 0.005495 0.004719 0.012025 0.037732 0.107919 0.281372 0.637716 1.180128 1.723894 2.006738 1.985289 1.821970 1.528917 1.002130 0.420405 0.117330 0.099764 0.105702 0.032507 -0.012652 0.000052 0.006121 0.005789 0.011480 0.014295 
0.014980 0.014572 0.011555 0.007427 0.004721 0.007362 0.022579 0.067266 0.181737 0.436683 0.885663 1.451842 1.897931 2.034050 1.921363 1.691660 1.294740 0.718135 0.234036 0.072858 0.099795 0.078996 0.006423 -0.013533 0.003916 0.006755 0.007882 0.013247 
0.014567 0.015043 0.013389 0.009630 0.005896 0.005373 0.013398 0.041238 0.115779 0.291651 0.636918 1.154103 1.689898 2.004737 2.008808 1.821139 1.514102 1.028898 0.464522 0.113082 0.062813 0.095363 0.049181 -0.010132 -0.009484 0.007162 0.007533 0.010035 
0.012047 0.015312 0.014483 0.011773 0.007760 0.005233 0.008317 0.024842 0.072671 0.191048 0.443110 0.874021 1.419674 1.874937 2.045618 1.938941 1.682541 1.293771 0.756607 0.262185 0.050301 0.068735 0.082114 0.021166 -0.017303 -0.003161 0.009381 0.008517 
0.009733 0.013713 0.015409 0.013363 0.009929 0.006311 0.006074 0.014899 0.044843 0.123041 0.300368 0.636209 1.132505 1.658604 1.995850 2.026949 1.829456 1.504703 1.043738 0.504053 0.120926 0.030728 0.076056 0.060931 -0.000878 -0.016809 0.003310 0.010625 
0.011205 0.011114 0.014847 0.014854 0.011819 0.008143 0.005770 0.009354 0.027231 0.077910 0.199314 0.448475 0.864300 1.391829 1.850834 2.049668 1.956777 1.682987 1.291247 0.783736 0.292919 0.039211 0.036452 0.076050 0.035861 -0.014578 -0.011255 0.008568 
0.012035 0.011500 0.012502 0.015316 0.013717 0.010062 0.006794 0.006817 0.016506 0.048471 0.129771 0.307924 0.635554 1.114102 1.629897 1.982772 2.039688 1.842494 1.501861 1.051962 0.536241 0.136427 0.006462 0.050956 0.065929 0.011923 -0.019637 -0.003406 
0.004413 0.013765 0.011809 0.013683 0.015068 0.012146 0.008379 0.006394 0.010453 0.029704 0.082954 0.206741 0.453055 0.855963 1.367343 1.826699 2.048225 1.972855 1.690107 1.290570 0.802330 0.321845 0.037713 0.006902 0.062133 0.047549 -0.006663 -0.017495 
-0.010634 0.010659 0.014200 0.012267 0.014436 0.014145 0.010368 0.007164 0.007668 0.018180 0.052079 0.136031 0.314582 0.634935 1.098094 1.603524 1.967191 2.047652 1.857403 1.504937 1.057537 0.561118 0.155235 -0.009357 0.023762 0.063568 0.025396 -0.017502 
-0.020288 -0.001791 0.014648 0.013918 0.012839 0.014598 0.012693 0.008695 0.006952 0.011673 0.032206 0.087798 0.213481 0.457033 0.848664 1.345526 1.803078 2.042822 1.986366 1.701447 1.293104 0.815455 0.346859 0.042778 -0.017512 0.042829 0.054229 0.004538 
-0.010983 -0.016455 0.006686 0.016429 0.013422 0.013364 0.014104 0.010955 0.007541 0.008505 0.019963 0.055620 0.141878 0.320524 0.634339 1.083941 1.579215 1.950176 2.051619 1.872465 1.512704 1.062943 0.580026 0.174254 -0.017841 -0.002420 0.054647 0.037020 
0.016815 -0.019035 -0.008461 0.013233 0.016520 0.013025 0.013634 0.013015 0.009282 0.007476 0.012922 0.034766 0.092424 0.219653 0.460535 0.842166 1.325869 1.780235 2.034587 1.997117 1.715160 1.299073 0.825629 0.367497 0.051497 -0.036070 0.020908 0.055170 
0.045070 -0.001423 -0.019551 0.000996 0.017177 0.015620 0.012816 0.013478 0.011538 0.008138 0.009293 0.021794 0.059118 0.147342 0.325887 0.633757 1.071259 1.556719 1.932413 2.052330 1.886699 1.523883 1.069521 0.594649 0.191730 -0.020840 -0.025649 0.040878 
0.050766 0.028159 -0.014033 -0.014112 0.009632 0.018616 0.014374 0.012714 0.012833 0.010020 0.008146 0.014125 0.037354 0.096868 0.225324 0.463657 0.836304 1.307994 1.758287 2.024344 2.005208 1.729939 1.308145 0.834648 0.384195 0.061652 -0.049215 -0.001303 
0.024212 0.048797 0.009511 -0.019337 -0.005218 0.015969 0.018148 0.013221 0.012551 0.011793 0.008966 0.010154 0.023583 0.062575 0.152478 0.330756 0.633191 1.059769 1.535815 1.914345 2.050425 1.899590 1.537358 1.077860 0.606541 0.206935 -0.020241 -0.045106 
-0.022220 0.042096 0.037138 -0.006217 -0.017648 0.004492 0.019434 0.016573 0.012354 0.012183 0.010638 0.009058 0.015338 0.039884 0.101163 0.230570 0.466454 0.830962 1.291608 1.737270 2.012691 2.010872 1.744899 1.319767 0.843678 0.397774 0.071793 -0.057963 
-0.060779 0.006367 0.048276 0.020260 -0.015923 -0.010774 0.012863 0.020229 0.014633 0.011763 0.011583 0.009852 0.011215 0.025328 0.065932 0.157350 0.335203 0.632630 1.049268 1.516312 1.896260 2.046437 1.910905 1.552228 1.088092 0.616953 0.219793 -0.017613 
-0.063476 -0.040995 0.030476 0.043009 0.003189 -0.018515 -0.001267 0.018580 0.019051 0.012857 0.011336 0.010911 0.010147 0.016678 0.042318 0.105289 0.235472 0.468969 0.826048 1.276489 1.717173 2.000070 2.014384 1.759459 1.333342 0.853398 0.409126 0.081121 
