0.037885 0.151598 0.274868 0.456423 0.669264 0.866440 0.989751 0.996839 1.259385 1.815329 1.473268 1.284210 1.148947 1.067848 0.651834 -0.115732 0.002818 0.000964 0.001456 0.003920 0.007949 0.012286 0.015159 0.015248 0.012495 0.008147 0.003977 0.001249 
0.014646 0.085107 0.212039 0.358360 0.558932 0.769810 0.937329 1.007823 1.096180 1.500682 1.756549 1.359613 1.209854 1.101627 0.901705 0.311995 -0.167221 0.016942 0.000917 0.002442 0.005739 0.010079 0.013906 0.015552 0.014226 0.010520 0.006040 0.002433 
0.006562 0.042596 0.141514 0.282776 0.451865 0.663083 0.858989 0.984704 1.049769 1.258913 1.647195 1.639681 1.253837 1.150549 1.013128 0.655573 0.058575 -0.158062 0.033953 -0.000514 0.003869 0.007778 0.012056 0.015001 0.015260 0.012671 0.008377 0.004127 
0.004509 0.020379 0.084195 0.206852 0.363842 0.552208 0.762950 0.930621 1.024818 1.136331 1.430662 1.692912 1.494050 1.166873 1.086105 0.861867 0.387005 -0.097289 -0.113136 0.045029 -0.003179 0.005883 0.009871 0.013695 0.015467 0.014322 0.010737 0.006246 
0.005033 0.010243 0.046294 0.138168 0.281055 0.454103 0.654782 0.852169 0.986903 1.078410 1.260644 1.565797 1.651120 1.346501 1.095688 0.991920 0.655764 0.146037 -0.163768 -0.055805 0.046722 -0.005807 0.008511 0.011804 0.014838 0.015259 0.012834 0.008605 
0.006737 0.006541 0.024413 0.085253 0.203235 0.363809 0.550988 0.753887 0.927368 1.038060 1.158186 1.397856 1.635937 1.547554 1.214369 1.025423 0.852890 0.422597 -0.033856 -0.162008 -0.003862 0.039839 -0.007004 0.011536 0.013353 0.015375 0.014402 0.010945 
0.008935 0.006137 0.013218 0.049462 0.137101 0.278198 0.454073 0.650473 0.844305 0.990563 1.096944 1.263078 1.517095 1.632554 1.411561 1.101866 0.937105 0.669964 0.197640 -0.138970 -0.118722 0.032294 0.027736 -0.005907 0.014535 0.014338 0.015263 0.012984 
0.011181 0.007380 0.008443 0.027695 0.086857 0.200967 0.361788 0.549707 0.747710 0.923380 1.048738 1.172542 1.379101 1.592144 1.564114 1.267801 1.001369 0.816332 0.459450 0.012371 -0.173453 -0.059560 0.049462 0.014550 -0.002447 0.017016 0.014660 0.014524 
0.013253 0.009338 0.007303 0.015795 0.052287 0.137044 0.275539 0.452361 0.647448 0.838337 0.992348 1.110834 1.265477 1.484812 1.608263 1.449493 1.130850 0.898676 0.659372 0.247185 -0.113198 -0.153971 -0.004440 0.049998 0.003812 0.002727 0.018566 0.014315 
0.013385 0.011652 0.008085 0.010233 0.030541 0.088633 0.199574 0.359159 0.547621 0.743417 0.919952 1.056032 1.183636 1.367058 1.558523 1.564156 1.310156 1.003954 0.779915 0.474889 0.060518 -0.173536 -0.102994 0.034665 0.039483 -0.002368 0.008531 0.018951 
0.018167 0.012040 0.010098 0.008445 0.018117 0.054864 0.137497 0.273286 0.449780 0.644602 0.834092 0.993049 1.120893 1.268370 1.461785 1.584569 1.469610 1.163580 0.881664 0.637525 0.281371 -0.079048 -0.176339 -0.042554 0.053679 0.024391 -0.003512 0.013801 
0.017602 0.016415 0.010546 0.009235 0.011865 0.033106 0.090445 0.198747 0.356445 0.544900 0.740014 0.917387 1.060860 1.192178 1.359335 1.532006 1.556807 1.340479 1.019608 0.754873 0.473450 0.101695 -0.160585 -0.138331 0.010257 0.054725 0.010266 -0.000507 
0.004937 0.019421 0.014065 0.009321 0.010058 0.020160 0.057263 0.138225 0.271422 0.446828 0.641625 0.830918 0.993361 1.128038 1.271276 1.444981 1.562890 1.478784 1.193111 0.880223 0.616247 0.298864 -0.043129 -0.185025 -0.079829 0.045506 0.043612 0.000669 
-0.003099 0.010902 0.019223 0.011617 0.009004 0.013938 0.035336 0.092262 0.198294 0.353849 0.541803 0.736959 0.915496 1.064170 1.198587 1.354320 1.510910 1.546089 1.361143 1.040069 0.742121 0.464232 0.130944 -0.139089 -0.163313 -0.019679 0.060463 0.027271 
0.011734 -0.001645 0.015772 0.017411 0.009686 0.010528 0.022579 0.059358 0.139140 0.269881 0.443776 0.638481 0.828305 0.993566 1.133161 1.273789 1.432508 1.543676 1.481132 1.217622 0.888205 0.600669 0.304512 -0.011980 -0.181927 -0.112478 0.028328 0.058034 
0.044384 0.000929 0.003214 0.018564 0.014719 0.009036 0.015152 0.037878 0.093874 0.198141 0.351434 0.538527 0.734003 0.914006 1.066572 1.203346 1.350887 1.494036 1.534118 1.374498 1.061152 0.739202 0.453668 0.148808 -0.115272 -0.177127 -0.050995 0.057069 
0.065820 0.026503 -0.003646 0.009256 0.019041 0.012107 0.010619 0.024439 0.061717 0.139973 0.268659 0.440756 0.635217 0.825939 0.993718 1.136933 1.275771 1.423011 1.526960 1.479271 1.237041 0.901252 0.591883 0.303654 0.011671 -0.171477 -0.137559 0.005296 
0.045849 0.058642 0.010283 -0.002576 0.014538 0.017664 0.010683 0.015616 0.040146 0.095723 0.198013 0.349281 0.535191 0.731045 0.912696 1.068396 1.206899 1.348341 1.480397 1.522070 1.382473 1.080841 0.743265 0.445126 0.158132 -0.093508 -0.181652 -0.079749 
-0.019912 0.066346 0.042106 -0.000584 0.002234 0.017849 0.015436 0.011660 0.025431 0.064053 0.141029 0.267524 0.437906 0.631875 0.823646 0.993790 1.139797 1.277252 1.415542 1.512532 1.474931 1.251911 0.916546 0.589266 0.300236 0.027893 -0.158017 -0.154456 
-0.103557 0.029253 0.068038 0.023067 -0.004863 0.008442 0.018896 0.013719 0.016352 0.041636 0.097747 0.198087 0.347229 0.531942 0.728035 0.911422 1.069811 1.209594 1.346293 1.469199 1.510555 1.386598 1.098272 0.751896 0.439970 0.161978 -0.075866 -0.179920 
-0.164291 -0.044208 0.060399 0.056022 0.006972 -0.003365 0.014026 0.018261 0.014059 0.026163 0.065838 0.142388 0.266558 0.435139 0.628566 0.821317 0.993741 1.142028 1.278329 1.409470 1.500071 1.469241 1.262981 0.932340 0.591626 0.296732 0.038038 -0.144617 
-0.174827 -0.121719 0.010030 0.071833 0.037081 -0.003036 0.001864 0.017788 0.017215 0.018072 0.042554 0.099504 0.198520 0.345297 0.528747 0.725026 0.910070 1.070902 1.211677 1.344544 1.459838 1.499835 1.388040 1.113209 0.763242 0.438452 0.162860 -0.062795 
-0.133013 -0.168915 -0.065675 0.049675 0.066527 0.017693 -0.006213 0.008448 0.019564 0.017465 0.027360 0.066970 0.143754 0.265939 0.432438 0.625283 0.818952 0.993512 1.143796 1.279099 1.404388 1.489248 1.462911 1.271004 0.947617 0.597700 0.294506 0.043791 
-0.053850 -0.168577 -0.134688 -0.009513 0.070413 0.050321 0.002624 -0.003703 0.014449 0.020166 0.020913 0.043451 0.100715 0.199171 0.343649 0.525567 0.722015 0.908621 1.071689 1.213320 1.342995 1.451872 1.489980 1.387654 1.125745 0.775975 0.440263 0.162588 
0.046715 -0.123928 -0.170209 -0.083511 0.036106 0.072869 0.029923 -0.005711 0.002313 0.018862 0.021161 0.029458 0.067742 0.144794 0.265657 0.429928 0.621975 0.816548 0.993097 1.145184 1.279652 1.400033 1.479772 1.456371 1.276647 0.961843 0.606362 0.294171 
0.162351 -0.048208 -0.162614 -0.143483 -0.027818 0.064844 0.061360 0.011192 -0.007156 0.009522 0.021793 0.024560 0.044852 0.101422 0.199749 0.342367 0.522479 0.718945 0.907075 1.072198 1.214620 1.341604 1.444983 1.480964 1.386049 1.136130 0.789187 0.444855 
0.295874 0.048078 -0.117430 -0.169740 -0.097717 0.021389 0.075120 0.042112 -0.001959 -0.003195 0.016208 0.024364 0.032515 0.068602 0.145366 0.265522 0.427736 0.618668 0.814052 0.992513 1.146247 1.280042 1.396244 1.471398 1.449868 1.280465 0.974787 0.616694 
0.451625 0.162848 -0.044962 -0.157735 -0.149270 -0.044049 0.056426 0.069458 0.021459 -0.007932 0.003926 0.021692 0.028440 0.047067 0.101900 0.200020 0.341372 0.519612 0.715804 0.905398 1.072471 1.215637 1.340342 1.438952 1.472719 1.383651 1.144660 0.802292 
