0.000643 0.003566 0.386228 1.155913 1.073678 1.154010 1.284561 1.465945 1.300964 0.742763 0.984352 0.985353 0.869312 0.675055 0.460779 0.276215 0.145799 0.069089 0.031783 0.017171 0.012511 0.010486 0.008157 0.005243 0.002550 0.000800 0.000086 -0.000026 
0.000211 0.001823 0.147430 0.722693 1.221285 1.093523 1.213008 1.368899 1.426750 1.071016 0.763584 1.014926 0.941963 0.781960 0.570419 0.364783 0.204238 0.100731 0.045511 0.021641 0.013597 0.011169 0.009360 0.006773 0.003869 0.001557 0.000313 -0.000045 
0.000006 0.000848 0.056627 0.381354 0.981573 1.235699 1.122359 1.286403 1.410080 1.300581 0.911262 0.819408 1.018983 0.872841 0.682632 0.466863 0.278874 0.145355 0.067085 0.029657 0.015640 0.011681 0.010187 0.008164 0.005360 0.002639 0.000801 0.000024 
-0.000080 0.000320 0.021870 0.185372 0.647027 1.151897 1.224962 1.169708 1.353287 1.384477 1.140899 0.828152 0.882767 0.989127 0.783245 0.577943 0.369396 0.205306 0.099314 0.043266 0.019722 0.012404 0.010626 0.009241 0.006859 0.003989 0.001609 0.000280 
-0.000021 0.000025 0.008451 0.085877 0.378931 0.894060 1.242405 1.213375 1.231643 1.387931 1.297034 0.993172 0.809539 0.929479 0.925216 0.680522 0.474075 0.281794 0.145047 0.065047 0.027431 0.014035 0.010822 0.009884 0.008175 0.005485 0.002738 0.000813 
0.000260 -0.000108 0.003190 0.038539 0.205451 0.608736 1.089081 1.275062 1.216597 1.292535 1.373380 1.171724 0.886327 0.831562 0.942873 0.832923 0.572517 0.376164 0.206479 0.097954 0.040941 0.017705 0.011156 0.010069 0.009126 0.006953 0.004119 0.001673 
0.000837 -0.000055 0.001083 0.016858 0.105550 0.377547 0.839276 1.218867 1.276385 1.237765 1.332344 1.307865 1.039493 0.830116 0.866458 0.915555 0.721527 0.466334 0.287988 0.144571 0.063008 0.025101 0.012345 0.009929 0.009580 0.008193 0.005618 0.002848 
0.001747 0.000251 0.000260 0.007141 0.052090 0.218635 0.584695 1.039339 1.287885 1.269093 1.268405 1.334987 1.204166 0.927430 0.817572 0.889412 0.848932 0.601576 0.367555 0.211913 0.096058 0.038598 0.015579 0.009844 0.009496 0.009016 0.007055 0.004258 
0.002967 0.000873 0.000068 0.002841 0.024857 0.120163 0.376725 0.800944 1.189374 1.311906 1.266486 1.293287 1.294252 1.084037 0.851641 0.830780 0.883212 0.751113 0.482899 0.279937 0.149012 0.060029 0.022783 0.010551 0.008997 0.009273 0.008220 0.005760 
0.004405 0.001832 0.000309 0.001007 0.011444 0.063348 0.228287 0.567878 0.999632 1.283878 1.310190 1.270859 1.296999 1.215542 0.970612 0.814769 0.847834 0.840229 0.634020 0.373261 0.205470 0.099278 0.034939 0.013540 0.008439 0.008906 0.008912 0.007166 
0.005913 0.003095 0.000939 0.000380 0.005008 0.032213 0.131688 0.376251 0.772235 1.160194 1.329275 1.298730 1.275745 1.269720 1.113511 0.881554 0.807688 0.849116 0.761950 0.510460 0.277744 0.144674 0.061877 0.018872 0.008953 0.007977 0.008967 0.008258 
0.007290 0.004563 0.001935 0.000460 0.002046 0.015788 0.072917 0.235834 0.555315 0.967217 1.272094 1.338956 1.286292 1.270612 1.210388 1.007001 0.824860 0.813990 0.821607 0.656746 0.391755 0.198753 0.096991 0.035400 0.009777 0.007347 0.008226 0.008825 
0.008324 0.006076 0.003236 0.001053 0.000871 0.007398 0.038929 0.141152 0.376004 0.749714 1.133034 1.335277 1.327565 1.273829 1.246068 1.126590 0.913275 0.798016 0.815488 0.760736 0.536766 0.286256 0.136467 0.061174 0.018092 0.005662 0.007373 0.008561 
0.008620 0.007452 0.004730 0.002063 0.000712 0.003295 0.020038 0.081204 0.241999 0.545502 0.940172 1.256790 1.357665 1.306450 1.256702 1.197794 1.031662 0.843388 0.790161 0.797140 0.669904 0.414829 0.198771 0.089509 0.035607 0.008046 0.004750 0.008032 
0.008663 0.008256 0.006285 0.003389 0.001223 0.001512 0.009897 0.045068 0.149148 0.375912 0.731441 1.108238 1.334196 1.351069 1.281393 1.228393 1.128131 0.940293 0.799894 0.786124 0.750299 0.558346 0.301923 0.130791 0.055638 0.018534 0.003365 0.005569 
0.007005 0.008897 0.007466 0.004953 0.002215 0.001060 0.004692 0.024134 0.088494 0.247194 0.537581 0.917181 1.240072 1.368768 1.327050 1.252808 1.184170 1.045159 0.864163 0.777180 0.770968 0.673838 0.438193 0.205695 0.081217 0.032330 0.008207 0.002295 
0.003322 0.008303 0.008597 0.006344 0.003612 0.001440 0.002278 0.012437 0.050699 0.156052 0.375927 0.716229 1.085715 1.328694 1.369210 1.293994 1.217789 1.123461 0.959909 0.808920 0.763978 0.733768 0.573330 0.321551 0.129954 0.047324 0.017173 0.002975 
0.001331 0.005233 0.009036 0.007789 0.005038 0.002456 0.001483 0.006192 0.028055 0.094989 0.251674 0.531024 0.897324 1.223018 1.374260 1.346069 1.256015 1.172890 1.050338 0.882844 0.773193 0.747031 0.669828 0.458858 0.218230 0.075018 0.025689 0.008080 
0.003348 0.001950 0.007147 0.009043 0.006602 0.003726 0.001768 0.003127 0.014980 0.055888 0.162113 0.376016 0.703306 1.065247 1.320445 1.382594 1.308775 1.213587 1.116542 0.972209 0.820789 0.749676 0.714810 0.581064 0.342251 0.134447 0.038618 0.012919 
0.006118 0.001627 0.003725 0.008508 0.008365 0.005218 0.002632 0.002033 0.007742 0.031802 0.100836 0.255605 0.525487 0.879945 1.206189 1.375651 1.362680 1.263852 1.165296 1.050287 0.897385 0.775194 0.727712 0.660297 0.474791 0.234473 0.072535 0.017003 
0.005979 0.003073 0.001852 0.005780 0.009052 0.007167 0.003855 0.002084 0.004099 0.017478 0.060697 0.167504 0.376157 0.692144 1.046593 1.310518 1.391970 1.323998 1.214540 1.109848 0.978572 0.832450 0.742114 0.696496 0.582305 0.361483 0.143707 0.031468 
0.007880 0.001703 0.002252 0.003173 0.007498 0.008754 0.005689 0.002777 0.002618 0.009368 0.035358 0.106152 0.259099 0.520734 0.864561 1.189871 1.374053 1.376662 1.274455 1.161598 1.047533 0.907367 0.780309 0.713716 0.647972 0.485223 0.252214 0.074395 
0.027225 -0.002751 0.001137 0.002666 0.004910 0.008510 0.007762 0.004214 0.002354 0.005130 0.019958 0.065154 0.172357 0.376331 0.682373 1.029531 1.299603 1.398054 1.338660 1.219358 1.104717 0.980713 0.842200 0.739454 0.680738 0.578723 0.377501 0.156406 
0.080326 -0.000164 -0.005040 0.002196 0.003699 0.006540 0.008679 0.006338 0.003073 0.003162 0.011037 0.038760 0.111005 0.262247 0.516593 0.850813 1.174203 1.370281 1.388088 1.286498 1.161455 1.043885 0.913270 0.786356 0.704592 0.635143 0.490513 0.269438 
0.170886 0.026504 -0.012053 -0.002936 0.003664 0.004952 0.007698 0.008069 0.004821 0.002698 0.006126 0.022418 0.069317 0.176751 0.376532 0.673719 1.013861 1.288156 1.401468 1.352217 1.226908 1.101736 0.980208 0.849350 0.739830 0.668328 0.572225 0.389531 
0.284703 0.089412 -0.006003 -0.013454 0.000679 0.004972 0.006143 0.008180 0.006897 0.003619 0.003718 0.012664 0.042041 0.115467 0.265098 0.512950 0.838421 1.159240 1.364935 1.397163 1.299070 1.164305 1.040517 0.915946 0.791923 0.699327 0.623352 0.491702 
0.397621 0.185594 0.029220 -0.020724 -0.009085 0.004056 0.005948 0.007053 0.007954 0.005507 0.003246 0.007085 0.024799 0.073248 0.180757 0.376747 0.665983 0.999412 1.276478 1.402732 1.364407 1.236271 1.101039 0.978329 0.853866 0.741697 0.659262 0.564486 
0.490065 0.297253 0.100450 -0.009056 -0.022603 -0.002703 0.006408 0.006599 0.007529 0.007149 0.004354 0.004403 0.014208 0.045181 0.119620 0.267692 0.509709 0.827173 1.144990 1.358456 1.404142 1.311565 1.169542 1.038118 0.916317 0.796244 0.696763 0.613417 
