0.002147 0.010763 0.029252 0.071084 0.151231 0.282722 0.465888 0.677726 1.245546 2.112021 1.987099 1.870025 1.675167 1.460747 0.901069 0.020121 0.067428 0.029189 0.014393 0.010671 0.010430 0.009919 0.008026 0.005218 0.002546 0.000799 0.000086 -0.000026 
0.000775 0.005649 0.018773 0.047250 0.106368 0.210559 0.367846 0.568223 0.917138 1.641451 2.173485 1.927581 1.782319 1.570402 1.224065 0.500754 -0.072257 0.059002 0.018861 0.011148 0.010116 0.010208 0.009145 0.006736 0.003865 0.001557 0.000313 -0.000045 
0.000218 0.002705 0.011180 0.031093 0.072979 0.152829 0.282565 0.462648 0.724114 1.232370 1.931503 2.147775 1.842370 1.684692 1.414036 0.909531 0.195461 -0.094662 0.060357 0.010951 0.009797 0.010021 0.009821 0.008109 0.005358 0.002640 0.000802 0.000024 
-0.000001 0.001175 0.006194 0.019707 0.049289 0.108159 0.211461 0.366313 0.583208 0.947393 1.558077 2.099997 2.060282 1.745065 1.563487 1.191015 0.578692 -0.002594 -0.072795 0.061207 0.004342 0.009737 0.009974 0.009154 0.006863 0.003995 0.001611 0.000280 
0.000008 0.000405 0.003204 0.011889 0.032489 0.075063 0.154256 0.282444 0.467005 0.746889 1.221923 1.837632 2.152844 1.937111 1.637571 1.401112 0.914835 0.284169 -0.101580 -0.031320 0.056633 -0.000743 0.010500 0.009696 0.008192 0.005502 0.002743 0.000814 
0.000271 0.000056 0.001504 0.006811 0.020699 0.051029 0.110082 0.212225 0.367678 0.595032 0.960012 1.512193 2.032800 2.111345 1.797817 1.511457 1.189201 0.617551 0.060680 -0.123451 0.010445 0.046111 -0.003699 0.011604 0.009032 0.006995 0.004131 0.001675 
0.000841 0.000015 0.000572 0.003675 0.012682 0.033809 0.076965 0.155767 0.283288 0.472367 0.760319 1.212703 1.776443 2.127331 2.003591 1.651241 1.354816 0.934550 0.337268 -0.077978 -0.096256 0.040557 0.031890 -0.004187 0.012552 0.007947 0.005667 0.002852 
0.001746 0.000280 0.000121 0.001806 0.007441 0.021731 0.052634 0.111911 0.213438 0.370133 0.603984 0.965957 1.480653 1.978494 2.124789 1.855992 1.496038 1.160163 0.658036 0.106890 -0.136738 -0.047236 0.054408 0.017278 -0.002419 0.012917 0.006516 0.004326 
0.003085 0.000874 0.000037 0.000733 0.004129 0.013504 0.035106 0.078725 0.157393 0.284889 0.477414 0.768955 1.204214 1.731680 2.095584 2.042277 1.687410 1.325090 0.929881 0.388591 -0.053363 -0.133628 0.002068 0.053190 0.005250 0.000870 0.012434 0.004894 
0.003273 0.002029 0.000284 0.000193 0.002093 0.008069 0.022776 0.054163 0.113678 0.215038 0.373023 0.610807 0.968620 1.456422 1.934078 2.121082 1.902538 1.507181 1.131597 0.677496 0.155196 -0.138707 -0.092775 0.038201 0.041603 -0.002385 0.004659 0.011052 
0.008934 0.001835 0.001219 0.000032 0.000895 0.004572 0.014331 0.036385 0.080405 0.159127 0.286952 0.481940 0.774710 1.196272 1.696518 2.063911 2.062504 1.726962 1.316918 0.914361 0.424871 -0.020305 -0.158221 -0.037918 0.055849 0.025533 -0.005242 0.007937 
0.009958 0.006397 0.000716 0.000697 0.000207 0.002381 0.008691 0.023821 0.055649 0.115428 0.216902 0.376051 0.616103 0.969392 1.436560 1.896821 2.109308 1.936499 1.531252 1.114703 0.680483 0.196744 -0.127670 -0.130347 0.012283 0.056201 0.010203 -0.004147 
-0.000651 0.010386 0.003821 -0.000001 0.000511 0.000961 0.005019 0.015154 0.037648 0.082045 0.160953 0.289267 0.485964 0.778593 1.188741 1.667554 2.034036 2.071065 1.762931 1.324391 0.899802 0.444803 0.014621 -0.169226 -0.077195 0.046581 0.044442 -0.000928 
-0.006495 0.003522 0.009304 0.001567 -0.000287 0.000744 0.002539 0.009327 0.024856 0.057108 0.117185 0.218934 0.379067 0.620287 0.968977 1.419564 1.864836 2.093733 1.960144 1.559961 1.110352 0.676104 0.226610 -0.108094 -0.157695 -0.019275 0.061251 0.027161 
0.010278 -0.006946 0.006943 0.007125 -0.000095 -0.000132 0.001546 0.005309 0.015999 0.038892 0.083669 0.162851 0.291703 0.489541 0.781198 1.181533 1.642865 2.006331 2.072249 1.793377 1.341335 0.891308 0.453263 0.044909 -0.168532 -0.111988 0.028224 0.058533 
0.044226 -0.002212 -0.003891 0.008747 0.004440 -0.001011 0.000492 0.003167 0.009788 0.025920 0.058545 0.118959 0.221068 0.381999 0.623642 0.967781 1.404575 1.836831 2.076484 1.975911 1.589002 1.116070 0.670788 0.245374 -0.086176 -0.174008 -0.052340 0.057116 
0.065965 0.025200 -0.008647 0.000639 0.008712 0.001858 -0.001129 0.001683 0.005984 0.016665 0.040171 0.085278 0.164802 0.294181 0.492732 0.782900 1.174596 1.621270 1.980733 2.068726 1.818249 1.363289 0.889972 0.455597 0.067866 -0.160557 -0.139362 0.003915 
0.045093 0.058434 0.007412 -0.009395 0.004827 0.007151 -0.000119 -0.000448 0.003648 0.010527 0.026815 0.060024 0.120738 0.223259 0.384810 0.626363 0.966057 1.391061 1.811903 2.058663 1.985796 1.616329 1.128925 0.667917 0.255901 -0.066259 -0.181161 -0.082984 
-0.022683 0.066105 0.040969 -0.005268 -0.006163 0.007476 0.004715 -0.001151 0.001047 0.006739 0.017495 0.041304 0.086943 0.166773 0.296656 0.495586 0.783943 1.167895 1.602002 1.957043 2.062183 1.838138 1.387369 0.895122 0.455785 0.083589 -0.149617 -0.158708 
-0.108835 0.027616 0.067778 0.020488 -0.011384 -0.001160 0.008145 0.002170 -0.001060 0.003456 0.011484 0.027768 0.061395 0.122584 0.225458 0.387490 0.628586 0.963969 1.378679 1.789406 2.040851 1.991308 1.641094 1.146430 0.668840 0.261295 -0.050388 -0.182177 
-0.171147 -0.048498 0.059733 0.055064 0.002625 -0.011534 0.003607 0.007068 0.000212 0.000230 0.007031 0.018594 0.042414 0.088544 0.168810 0.299079 0.498155 0.784492 1.161408 1.584540 1.935038 2.053703 1.853785 1.411818 0.905501 0.456311 0.093471 -0.138769 
-0.179941 -0.129201 0.007420 0.071511 0.034816 -0.009240 -0.007626 0.006798 0.004929 -0.000638 0.002783 0.012218 0.028972 0.062690 0.124410 0.227694 0.390016 0.630416 0.961628 1.367197 1.768869 2.023350 1.993567 1.663058 1.166703 0.673765 0.264098 -0.038974 
-0.129721 -0.178534 -0.071626 0.048532 0.065762 0.013708 -0.014141 -0.002015 0.007900 0.002608 -0.000052 0.006748 0.019680 0.043710 0.090050 0.170857 0.301475 0.500456 0.784670 1.155118 1.568520 1.914508 2.043991 1.865903 1.435611 0.919807 0.458523 0.099237 
-0.031533 -0.176645 -0.144545 -0.013203 0.070012 0.048395 -0.003242 -0.013075 0.003219 0.007155 0.000949 0.002166 0.012448 0.030308 0.064092 0.126145 0.229940 0.392421 0.631909 0.959115 1.356450 1.749941 2.006313 1.993394 1.682283 1.188398 0.682350 0.266130 
0.102479 -0.123158 -0.182747 -0.091280 0.034420 0.072308 0.026329 -0.013384 -0.008194 0.006732 0.005320 0.000630 0.006174 0.020430 0.045209 0.091585 0.172825 0.303844 0.502539 0.784547 1.149016 1.553676 1.895267 2.033515 1.875112 1.458187 0.936895 0.463011 
0.268576 -0.027201 -0.173708 -0.155895 -0.032709 0.064341 0.059802 0.005689 -0.016402 -0.001948 0.008068 0.003384 0.002122 0.012213 0.031505 0.065697 0.127846 0.232112 0.394732 0.633129 0.956474 1.346322 1.732355 1.989809 1.991395 1.698965 1.210587 0.694027 
0.469913 0.104478 -0.119114 -0.185342 -0.107474 0.019083 0.074770 0.038942 -0.009359 -0.013743 0.003615 0.007564 0.002326 0.005749 0.020709 0.046738 0.093277 0.174715 0.306128 0.504459 0.784183 1.143085 1.539815 1.877154 2.022585 1.881932 1.479269 0.955830 
0.708181 0.272135 -0.025048 -0.171898 -0.164420 -0.050281 0.055785 0.068295 0.016351 -0.017041 -0.007782 0.007265 0.006093 0.002955 0.011786 0.032340 0.067444 0.129634 0.234174 0.396928 0.634147 0.953737 1.336722 1.715909 1.973858 1.988019 1.713352 1.232647 
