0.049983 0.032595 0.015962 0.005237 0.001496 0.378198 1.135437 1.029368 1.073777 1.161711 1.306636 1.130329 0.603605 0.923540 1.031786 1.017140 0.885134 0.680076 0.461311 0.275901 0.145008 0.067544 0.031883 0.024872 0.034586 0.049870 0.060798 0.061020 
0.056909 0.042083 0.024184 0.009861 0.002493 0.142292 0.709250 1.190316 1.032763 1.112304 1.227050 1.258637 0.910769 0.657740 1.004124 1.039825 0.965807 0.791737 0.572407 0.364437 0.203640 0.099597 0.044489 0.024796 0.027639 0.041532 0.055878 0.062247 
0.061041 0.050682 0.033517 0.016575 0.005308 0.053997 0.372376 0.960520 1.191367 1.042897 1.165276 1.253238 1.132135 0.772400 0.756006 1.060810 1.016531 0.891279 0.687729 0.467002 0.278142 0.144524 0.065926 0.030215 0.023401 0.033204 0.048648 0.060060 
0.061854 0.057279 0.042950 0.025019 0.010232 0.022158 0.179475 0.632727 1.120605 1.164547 1.070230 1.213559 1.218819 0.982096 0.721285 0.868258 1.082306 0.964026 0.799291 0.579513 0.368588 0.204428 0.098348 0.042710 0.023196 0.026225 0.040221 0.054858 
0.059311 0.061013 0.051334 0.034435 0.017232 0.012856 0.082642 0.369109 0.872338 1.198068 1.134671 1.112189 1.233448 1.130706 0.854701 0.743798 0.966897 1.064707 0.887466 0.696282 0.472944 0.280663 0.144128 0.064224 0.028437 0.021893 0.031852 0.047459 
0.053855 0.061431 0.057596 0.043787 0.025871 0.013441 0.038479 0.198791 0.593628 1.057390 1.215010 1.118315 1.154851 1.210077 1.014361 0.778612 0.813598 1.031463 1.010468 0.793617 0.588632 0.372921 0.205427 0.097097 0.040816 0.021510 0.024809 0.038950 
0.046307 0.058559 0.060940 0.051938 0.035342 0.018970 0.021276 0.101726 0.366894 0.816894 1.174468 1.198452 1.119929 1.180128 1.143587 0.901491 0.762263 0.899670 1.050823 0.926524 0.689641 0.482118 0.283147 0.143866 0.062450 0.026541 0.020334 0.030524 
0.037717 0.052874 0.060983 0.057862 0.044590 0.027128 0.017789 0.051733 0.211220 0.568790 1.007234 1.228159 1.172004 1.132688 1.173950 1.048233 0.819019 0.796387 0.973529 1.023105 0.822156 0.582209 0.381563 0.206045 0.095925 0.038807 0.019725 0.023379 
0.029213 0.045193 0.057810 0.060827 0.052495 0.036383 0.021443 0.029350 0.115784 0.365245 0.777903 1.144887 1.234716 1.150241 1.143247 1.131964 0.946563 0.781880 0.859986 1.014262 0.953946 0.707057 0.476974 0.290663 0.142810 0.060741 0.024512 0.018710 
0.021923 0.036518 0.051922 0.060518 0.058079 0.045411 0.028766 0.022541 0.062751 0.220136 0.551174 0.967104 1.224446 1.214267 1.137059 1.138141 1.061028 0.861632 0.790585 0.927603 1.010928 0.853823 0.589915 0.378347 0.211930 0.093553 0.036896 0.017807 
0.016965 0.027911 0.044119 0.057071 0.060678 0.053024 0.037586 0.024351 0.036842 0.126797 0.363948 0.748528 1.115598 1.252796 1.184042 1.127814 1.109359 0.976615 0.810065 0.833086 0.975978 0.962430 0.735219 0.477588 0.289494 0.146736 0.057510 0.022656 
0.016165 0.020358 0.035357 0.051002 0.060043 0.058259 0.046278 0.030693 0.027381 0.072136 0.226973 0.537809 0.934252 1.212931 1.244163 1.154362 1.113865 1.057273 0.897566 0.797879 0.889548 0.988758 0.875532 0.610206 0.374849 0.212448 0.095431 0.033286 
0.019097 0.015597 0.026507 0.043099 0.056348 0.060504 0.053543 0.038936 0.027503 0.043750 0.135794 0.362891 0.725330 1.088312 1.259478 1.214392 1.127950 1.087581 0.990309 0.840220 0.819794 0.938210 0.958700 0.761882 0.488782 0.284529 0.148267 0.057500 
0.031753 0.012985 0.019251 0.034093 0.050141 0.059562 0.058413 0.047195 0.032823 0.032167 0.080297 0.232461 0.527193 0.906753 1.197872 1.263967 1.176340 1.102007 1.046058 0.921867 0.813799 0.861647 0.960696 0.887454 0.634867 0.378050 0.207899 0.097196 
0.058817 0.016534 0.012988 0.025600 0.041966 0.055680 0.060309 0.054063 0.040403 0.030780 0.050134 0.143375 0.362006 0.706369 1.063368 1.259047 1.239369 1.137512 1.071734 0.992493 0.865817 0.818233 0.904771 0.945612 0.783579 0.506987 0.282141 0.145117 
0.095626 0.032174 0.009919 0.017274 0.033313 0.049155 0.059130 0.058545 0.048160 0.035087 0.036835 0.087518 0.237017 0.518471 0.883289 1.181372 1.276128 1.198712 1.100113 1.033796 0.935084 0.832139 0.844737 0.930904 0.889954 0.659603 0.388096 0.202651 
0.139336 0.058454 0.015897 0.009896 0.024208 0.041259 0.054876 0.060158 0.054577 0.041959 0.034109 0.056060 0.149916 0.361249 0.690459 1.040672 1.254166 1.258941 1.152061 1.062919 0.988490 0.884141 0.823995 0.878624 0.926318 0.798454 0.528994 0.284616 
0.199589 0.090845 0.032384 0.008327 0.014513 0.032391 0.048496 0.058559 0.058725 0.049148 0.037438 0.041359 0.094000 0.240898 0.511120 0.862941 1.164509 1.282643 1.219458 1.105273 1.023866 0.940055 0.848542 0.836963 0.903338 0.884331 0.681423 0.403669 
0.292420 0.133300 0.055330 0.016055 0.007639 0.021991 0.040666 0.054283 0.059879 0.055155 0.043560 0.037445 0.061589 0.155667 0.360593 0.676830 1.020006 1.246506 1.273716 1.168740 1.060472 0.982261 0.895262 0.832761 0.860406 0.904507 0.805865 0.551902 
0.422851 0.200315 0.084171 0.030855 0.007990 0.011969 0.030788 0.048106 0.058084 0.058807 0.050216 0.039817 0.045734 0.099886 0.244274 0.504798 0.845051 1.147841 1.285022 1.237751 1.115018 1.017609 0.939860 0.860949 0.835315 0.880400 0.873029 0.698298 
0.573164 0.304969 0.128944 0.049660 0.015616 0.006624 0.019523 0.039634 0.054013 0.059602 0.055676 0.045243 0.040736 0.066781 0.160801 0.360019 0.664959 1.001129 1.237132 1.284443 1.185817 1.063148 0.976277 0.900549 0.841473 0.849018 0.883271 0.806584 
0.709465 0.443414 0.205435 0.077209 0.026983 0.007989 0.010337 0.028677 0.047540 0.057906 0.058828 0.051273 0.042249 0.049940 0.105294 0.247260 0.499274 0.829140 1.131651 1.284374 1.253372 1.127488 1.015238 0.937020 0.868930 0.836917 0.862806 0.858795 
0.802295 0.591030 0.320915 0.127603 0.042346 0.013582 0.006495 0.017508 0.038044 0.053785 0.059548 0.056110 0.046944 0.044005 0.071659 0.165450 0.359511 0.654475 0.983815 1.226736 1.291839 1.202290 1.069659 0.971875 0.901709 0.848414 0.842624 0.864538 
0.843936 0.715290 0.463329 0.214659 0.071468 0.020902 0.007329 0.009739 0.026586 0.046514 0.057914 0.058979 0.052243 0.044696 0.054008 0.110288 0.249947 0.494380 0.814848 1.116078 1.281515 1.266396 1.141360 1.016411 0.933340 0.872953 0.839581 0.850118 
0.849117 0.794921 0.604724 0.338582 0.129878 0.034607 0.009492 0.006536 0.016358 0.036164 0.053280 0.059738 0.056586 0.048571 0.047245 0.076277 0.169695 0.359067 0.645110 0.967868 1.215771 1.296525 1.217618 1.078874 0.969640 0.900311 0.852890 0.839361 
0.841328 0.830013 0.716823 0.481146 0.227051 0.068063 0.013280 0.005244 0.009850 0.025013 0.045058 0.057841 0.059363 0.053186 0.047072 0.057966 0.114937 0.252387 0.490004 0.801899 1.101176 1.277041 1.277029 1.155726 1.020569 0.929988 0.873862 0.841889 
0.837682 0.837015 0.786152 0.614295 0.356401 0.135668 0.027646 0.003418 0.005967 0.016112 0.034426 0.052358 0.060010 0.057237 0.050121 0.050393 0.080692 0.173602 0.358674 0.636667 0.953115 1.204535 1.299020 1.231539 1.089879 0.969706 0.897618 0.854856 
0.843071 0.835285 0.817858 0.715348 0.496103 0.241389 0.067569 0.005058 0.001345 0.010090 0.024248 0.043439 0.057469 0.059927 0.054222 0.049334 0.061789 0.119321 0.254618 0.486056 0.790084 1.086954 1.271394 1.285525 1.169981 1.027107 0.927651 0.872571 
