0.000605 0.003423 0.010586 0.029447 0.071668 0.152424 0.284566 0.468164 0.680015 1.247421 2.113244 1.987696 1.870212 1.675187 1.460741 0.901071 0.020156 0.067623 0.029773 0.015585 0.012516 0.012706 0.012208 0.009902 0.006441 0.003143 0.000987 0.000106 
0.000183 0.001724 0.006461 0.018554 0.047637 0.107229 0.212072 0.369933 0.570558 0.919274 1.643031 2.174391 1.927946 1.782392 1.570392 1.224059 0.500769 -0.072158 0.059363 0.019722 0.012661 0.012203 0.012543 0.011281 0.008316 0.004772 0.001922 0.000387 
0.000119 0.000736 0.003693 0.011588 0.030972 0.073620 0.153994 0.284375 0.464900 0.726405 1.234272 1.932760 2.148395 1.842558 1.684698 1.414017 0.909533 0.195510 -0.094454 0.060937 0.012119 0.011607 0.012273 0.012112 0.010011 0.006616 0.003260 0.000990 
0.000380 0.000241 0.001922 0.007023 0.019844 0.049388 0.109091 0.212934 0.368370 0.585530 0.949543 1.559689 2.100934 2.060660 1.745131 1.563460 1.191000 0.578714 -0.002479 -0.072428 0.062054 0.005824 0.011793 0.012296 0.011304 0.008475 0.004933 0.001989 
0.001018 0.000127 0.000854 0.004045 0.012469 0.032525 0.075469 0.155495 0.284202 0.469234 0.749180 1.223849 1.838924 2.153487 1.937302 1.637563 1.401079 0.914836 0.284231 -0.101359 -0.030740 0.057778 0.001034 0.012727 0.011987 0.010119 0.006793 0.003386 
0.002072 0.000387 0.000288 0.002142 0.007603 0.021043 0.051136 0.110847 0.213763 0.369678 0.597343 0.962174 1.513836 2.033770 2.111738 1.797877 1.511414 1.189177 0.617579 0.060809 -0.123076 0.011281 0.047564 -0.001674 0.013911 0.011194 0.008638 0.005100 
0.003522 0.001062 0.000140 0.000971 0.004421 0.013325 0.034008 0.077290 0.156905 0.285096 0.474542 0.762613 1.214651 1.777769 2.128000 2.003786 1.651221 1.354767 0.934548 0.337340 -0.077744 -0.095677 0.041682 0.033635 -0.001984 0.014841 0.009896 0.006992 
0.005328 0.002166 0.000409 0.000336 0.002369 0.008192 0.022194 0.052824 0.112555 0.214928 0.372162 0.606249 0.968136 1.482325 1.979495 2.125198 1.856048 1.495980 1.160128 0.658068 0.107033 -0.136354 -0.046409 0.055834 0.019272 -0.000127 0.015089 0.008189 
0.006254 0.003785 0.001112 0.000162 0.001089 0.004806 0.014171 0.035431 0.079052 0.158412 0.286687 0.479599 0.771217 1.206193 1.733037 2.096280 2.042480 1.687378 1.325027 0.929874 0.388672 -0.053117 -0.133048 0.003175 0.054904 0.007427 0.003154 0.014404 
0.012754 0.004309 0.002474 0.000421 0.000391 0.002599 0.008782 0.023314 0.054446 0.114264 0.216435 0.375064 0.613070 0.970786 1.458132 1.935109 2.121510 1.902592 1.507109 1.131551 0.677529 0.155351 -0.138315 -0.091956 0.039601 0.043566 -0.000110 0.006839 
0.009925 0.010326 0.002565 0.001475 0.000153 0.001215 0.005194 0.015005 0.036805 0.080770 0.160056 0.288692 0.484144 0.776964 1.198255 1.697916 2.064632 2.062716 1.726921 1.316839 0.914348 0.424960 -0.020046 -0.157638 -0.036827 0.057533 0.027683 -0.002964 
-0.001961 0.011687 0.007466 0.001186 0.000843 0.000386 0.002840 0.009370 0.024406 0.056017 0.115997 0.218205 0.378066 0.618383 0.971550 1.438289 1.897892 2.109753 1.936553 1.531166 1.114645 0.680516 0.196909 -0.127269 -0.129533 0.013659 0.058134 0.012459 
0.001342 0.001354 0.011810 0.004583 0.000272 0.000629 0.001249 0.005595 0.015825 0.038139 0.082461 0.161823 0.290929 0.488168 0.780861 1.190723 1.668983 2.034790 2.071286 1.762883 1.324297 0.899781 0.444897 0.014891 -0.168640 -0.076119 0.048236 0.046565 
0.029398 -0.004306 0.005277 0.010407 0.002063 -0.000133 0.000906 0.002957 0.009975 0.025472 0.057549 0.117762 0.220158 0.381032 0.622582 0.971146 1.421303 1.865943 2.094202 1.960197 1.559863 1.110281 0.676135 0.226784 -0.107684 -0.156886 -0.017921 0.063154 
0.060630 0.012539 -0.004926 0.008398 0.007919 0.000197 -0.000018 0.001805 0.005845 0.016663 0.039438 0.084139 0.163687 0.293285 0.491723 0.783488 1.183525 1.644313 2.007120 2.072482 1.793321 1.341228 0.891278 0.453361 0.045190 -0.167943 -0.110925 0.029853 
0.058992 0.046443 -0.000021 -0.002112 0.009884 0.004964 -0.000849 0.000639 0.003548 0.010407 0.026556 0.059047 0.119557 0.222230 0.383899 0.625939 0.969972 1.406325 1.837964 2.076982 1.975967 1.588891 1.115985 0.670815 0.245557 -0.085756 -0.173203 -0.051006 
0.005518 0.068036 0.027450 -0.006614 0.002125 0.009539 0.002169 -0.001018 0.001916 0.006483 0.017320 0.040759 0.085800 0.165623 0.295690 0.494873 0.785207 1.176609 1.622734 1.981551 2.068978 1.818187 1.363167 0.889933 0.455697 0.068157 -0.159963 -0.138310 
-0.081668 0.046941 0.060631 0.009603 -0.007595 0.005998 0.007702 0.000053 -0.000316 0.003995 0.011118 0.027464 0.060579 0.121364 0.224376 0.386642 0.628646 0.968274 1.392831 1.813056 2.059188 1.985860 1.616205 1.128827 0.667941 0.256090 -0.065830 -0.180358 
-0.157665 -0.021103 0.068150 0.043207 -0.003224 -0.004647 0.008336 0.005046 -0.001042 0.001255 0.007205 0.018138 0.041926 0.087513 0.167591 0.298102 0.497676 0.786257 1.169937 1.603485 1.957884 2.062457 1.838073 1.387231 0.895072 0.455886 0.083889 -0.149018 
-0.181374 -0.107535 0.029437 0.069953 0.022677 -0.009562 0.000043 0.008725 0.002352 -0.000942 0.003773 0.012049 0.028425 0.061994 0.123241 0.226543 0.389256 0.630841 0.966209 1.380477 1.790578 2.041398 1.991385 1.640960 1.146316 0.668857 0.261489 -0.049951 
-0.138165 -0.170112 -0.046941 0.061752 0.057289 0.004678 -0.009990 0.004500 0.007420 0.000320 0.000415 0.007466 0.019224 0.043061 0.089158 0.169635 0.300473 0.500190 0.786802 1.163481 1.586048 1.935898 2.053996 1.853724 1.411665 0.905439 0.456412 0.093778 
-0.038530 -0.179138 -0.127917 0.009216 0.073665 0.037002 -0.007399 -0.006390 0.007406 0.005123 -0.000532 0.003071 0.012757 0.029633 0.063327 0.125099 0.228759 0.391722 0.632634 0.963883 1.369029 1.770063 2.023916 1.993656 1.662918 1.166573 0.673775 0.264296 
0.099551 -0.129111 -0.177506 -0.070089 0.050526 0.067973 0.015769 -0.012570 -0.001090 0.008274 0.002717 0.000112 0.007153 0.020296 0.044378 0.090703 0.171693 0.302827 0.502434 0.786967 1.157219 1.570060 1.915387 2.044300 1.865847 1.435446 0.919731 0.458621 
0.266331 -0.031081 -0.175842 -0.143274 -0.011432 0.072145 0.050577 -0.001384 -0.011808 0.003857 0.007361 0.001046 0.002427 0.012962 0.030969 0.064760 0.126865 0.230992 0.394072 0.634085 0.961378 1.358316 1.751163 2.006895 1.993494 1.682140 1.188253 0.682350 
0.463105 0.102799 -0.122543 -0.181724 -0.089762 0.036390 0.074504 0.028396 -0.011788 -0.007237 0.007129 0.005431 0.000774 0.006550 0.021032 0.045892 0.092273 0.173676 0.305163 0.504461 0.786821 1.151141 1.555251 1.896168 2.033837 1.875061 1.458013 0.936804 
0.694016 0.268778 -0.026742 -0.172903 -0.154636 -0.030960 0.066452 0.061978 0.007563 -0.015104 -0.001281 0.008288 0.003472 0.002358 0.012703 0.032164 0.066392 0.128596 0.233159 0.396336 0.635259 0.958736 1.348222 1.733608 1.990409 1.991504 1.698821 1.210428 
0.955725 0.470000 0.104803 -0.118493 -0.184323 -0.105974 0.021029 0.076951 0.041013 -0.007739 -0.012754 0.004035 0.007678 0.002453 0.006098 0.021294 0.047432 0.093997 0.175583 0.307420 0.506329 0.786428 1.145228 1.541428 1.878082 2.022920 1.881885 1.479088 
1.232477 0.708157 0.272335 -0.024582 -0.171091 -0.163171 -0.048554 0.057875 0.070464 0.018239 -0.015713 -0.007085 0.007500 0.006174 0.003166 0.012252 0.032995 0.068162 0.130412 0.235220 0.398491 0.636230 0.955990 1.338653 1.717198 1.974478 1.988136 1.713207 
