0.009211 0.012831 0.028662 0.068522 0.146164 0.275279 0.458490 0.674885 1.251672 2.128648 2.011504 1.896333 1.697294 1.475256 0.908134 0.022190 0.066838 0.026627 0.009325 0.003229 0.003032 0.007077 0.014152 0.021845 0.026950 0.027107 0.022213 0.014483 
0.011540 0.009910 0.019220 0.045588 0.102620 0.204287 0.360123 0.562540 0.918229 1.652637 2.194341 1.953672 1.807297 1.589150 1.234830 0.505014 -0.071810 0.057340 0.015113 0.004877 0.002393 0.004524 0.010236 0.017922 0.024721 0.027647 0.025291 0.018702 
0.015193 0.010033 0.013197 0.030272 0.070271 0.147874 0.275434 0.455509 0.721226 1.238093 1.947577 2.171803 1.868697 1.707195 1.429011 0.916859 0.197478 -0.095482 0.057649 0.005996 0.002666 0.002882 0.006933 0.013832 0.021432 0.026668 0.027130 0.022526 
0.019201 0.012341 0.010575 0.019996 0.047406 0.104372 0.205410 0.358907 0.577662 0.948266 1.568758 2.120347 2.086167 1.770246 1.582688 1.202181 0.583072 -0.002305 -0.074678 0.057420 -0.001710 0.002330 0.004428 0.010026 0.017545 0.024346 0.027496 0.025461 
0.022859 0.015846 0.010821 0.013887 0.031452 0.072195 0.149382 0.275601 0.460127 0.743983 1.227276 1.853165 2.176478 1.963424 1.660422 1.416553 0.922452 0.286167 -0.102617 -0.034188 0.051759 -0.007586 0.003622 0.006789 0.013546 0.021035 0.026377 0.027127 
0.025620 0.019696 0.013085 0.011343 0.020857 0.048926 0.106233 0.206362 0.360576 0.589639 0.960699 1.522396 2.052644 2.136997 1.823166 1.531096 1.200782 0.622083 0.060838 -0.125554 0.006596 0.040248 -0.010801 0.006211 0.009719 0.017199 0.023974 0.027326 
0.027105 0.023185 0.016476 0.011605 0.014693 0.032572 0.073925 0.150945 0.276709 0.465751 0.757419 1.217718 1.791451 2.150557 2.029854 1.674411 1.370719 0.942481 0.339278 -0.079215 -0.099297 0.035734 0.025311 -0.010803 0.009653 0.012962 0.020674 0.026078 
0.027139 0.025763 0.020179 0.013811 0.012154 0.021784 0.050314 0.107976 0.207733 0.363320 0.598757 0.966490 1.490405 1.997832 2.150182 1.881475 1.516096 1.172168 0.662750 0.106943 -0.139057 -0.051171 0.048704 0.010465 -0.007646 0.013451 0.016268 0.023665 
0.025892 0.027057 0.023497 0.017093 0.012394 0.015558 0.033686 0.075504 0.152593 0.278548 0.471057 0.766086 1.208925 1.746180 2.118392 2.068461 1.710870 1.341451 0.938145 0.390645 -0.054783 -0.136850 -0.002732 0.046849 -0.001106 -0.001999 0.017144 0.019394 
0.022112 0.027141 0.025868 0.020651 0.014530 0.012993 0.022752 0.051634 0.109640 0.209462 0.366483 0.605757 0.969030 1.465750 1.952916 2.146194 1.928123 1.527639 1.144034 0.682420 0.155172 -0.141236 -0.096814 0.032626 0.035063 -0.007435 0.005068 0.020381 
0.022944 0.024214 0.027292 0.023752 0.017703 0.013189 0.016460 0.034803 0.076996 0.154324 0.280823 0.475839 0.771893 1.200709 1.710528 2.086291 2.088577 1.750682 1.333726 0.922978 0.427000 -0.021887 -0.161629 -0.042721 0.049720 0.019431 -0.008059 0.012374 
0.018892 0.024742 0.025527 0.026350 0.021041 0.015254 0.013851 0.023748 0.052918 0.111268 0.211427 0.369766 0.611236 0.969706 1.445493 1.915166 2.134119 1.962152 1.552087 1.127576 0.685643 0.196670 -0.130401 -0.134506 0.006808 0.049917 0.005336 -0.003833 
0.003543 0.023926 0.025768 0.025934 0.024462 0.018208 0.014005 0.017387 0.035924 0.078446 0.156122 0.283324 0.480110 0.775846 1.192935 1.681094 2.055983 2.097000 1.786882 1.341637 0.908787 0.447036 0.012897 -0.172824 -0.082027 0.040638 0.038588 -0.003675 
-0.006251 0.012089 0.027165 0.026060 0.025403 0.021933 0.015850 0.014748 0.024761 0.054186 0.112889 0.213532 0.373019 0.615609 0.969221 1.428131 1.882697 2.118225 1.985833 1.581150 1.123663 0.681524 0.226515 -0.111016 -0.161990 -0.024678 0.055202 0.022483 
0.007618 -0.002965 0.020034 0.028635 0.025676 0.024019 0.019218 0.014676 0.018365 0.037047 0.079878 0.157968 0.285920 0.483926 0.778537 1.185514 1.655957 2.027841 2.098019 1.817528 1.359007 0.900675 0.455629 0.043065 -0.172323 -0.116870 0.022441 0.052917 
0.039740 -0.002013 0.004337 0.026135 0.028600 0.024685 0.022012 0.016914 0.015492 0.025832 0.055444 0.114516 0.215711 0.376166 0.619156 0.967980 1.412802 1.854219 2.100643 2.001607 1.610521 1.129818 0.676491 0.245286 -0.089276 -0.178452 -0.057697 0.051284 
0.060577 0.022639 -0.004851 0.013305 0.029784 0.027440 0.023193 0.019766 0.015744 0.019192 0.038229 0.081298 0.159848 0.288531 0.487344 0.780339 1.178391 1.633936 2.001805 2.094308 1.842571 1.381372 0.899732 0.458124 0.065925 -0.164537 -0.144315 -0.001735 
0.039455 0.054139 0.007588 -0.001479 0.021754 0.030965 0.025554 0.021377 0.017829 0.016534 0.026762 0.056759 0.116138 0.217923 0.379172 0.622069 0.966233 1.398977 1.828830 2.082477 2.011469 1.638154 1.143107 0.673924 0.255848 -0.069523 -0.185762 -0.088320 
-0.028224 0.060933 0.038518 -0.001631 0.006100 0.028112 0.030087 0.023311 0.019524 0.016900 0.020207 0.039289 0.082776 0.161729 0.291115 0.490414 0.781492 1.171532 1.614265 1.977679 2.087555 1.862600 1.405847 0.905283 0.458498 0.081574 -0.153784 -0.163751 
-0.114174 0.022151 0.063672 0.020660 -0.003751 0.015321 0.031604 0.027793 0.021044 0.018067 0.017812 0.027776 0.057982 0.117819 0.220118 0.382025 0.624481 0.964142 1.386312 1.805887 2.064310 2.016932 1.663198 1.161041 0.675168 0.261303 -0.053801 -0.186941 
-0.176296 -0.053956 0.054762 0.052733 0.006130 0.000350 0.023811 0.032211 0.024786 0.019084 0.017599 0.021517 0.040349 0.084197 0.163661 0.293620 0.493184 0.782161 1.164914 1.596424 1.955242 2.078846 1.878359 1.430673 0.916069 0.459234 0.091406 -0.143116 
-0.184874 -0.134566 0.002105 0.067591 0.035003 -0.001863 0.008425 0.029894 0.030476 0.021720 0.017815 0.018883 0.029069 0.059146 0.119477 0.222329 0.384702 0.626496 0.961815 1.374574 1.784920 2.046446 2.019114 1.685416 1.181735 0.680430 0.264194 -0.042518 
-0.134241 -0.183803 -0.077026 0.043747 0.063556 0.017105 -0.002613 0.017762 0.032796 0.027266 0.019161 0.017727 0.022836 0.041621 0.085530 0.165588 0.296075 0.495671 0.782465 1.158515 1.580048 1.934285 2.068887 1.890561 1.454824 0.930786 0.461679 0.097148 
-0.035189 -0.181750 -0.149957 -0.018389 0.066272 0.048613 0.003904 0.002563 0.025947 0.032601 0.023535 0.017610 0.019464 0.030519 0.060435 0.121040 0.224528 0.387235 0.628168 0.959333 1.363596 1.765579 2.029040 2.018840 1.704868 1.203842 0.689366 0.266341 
0.100389 -0.127841 -0.188148 -0.096645 0.029805 0.070232 0.029640 -0.002188 0.011164 0.031365 0.030033 0.020180 0.017565 0.023841 0.043119 0.086901 0.167424 0.298479 0.497923 0.782472 1.152327 1.564872 1.914625 2.058148 1.899826 1.477737 0.948285 0.466422 
0.268927 -0.030951 -0.178985 -0.161373 -0.037788 0.060771 0.060064 0.012631 -0.001159 0.020408 0.033391 0.026172 0.017967 0.019591 0.031855 0.061947 0.122570 0.226635 0.389652 0.629560 0.956736 1.353264 1.747598 2.012165 2.016717 1.721752 1.226432 0.701405 
0.473598 0.102413 -0.123949 -0.190885 -0.112827 0.014620 0.072826 0.042188 0.001530 0.005205 0.027973 0.032306 0.022193 0.017551 0.024393 0.044673 0.088442 0.169172 0.300774 0.499995 0.782239 1.146331 1.550705 1.896102 2.046943 1.906674 1.499136 0.967632 
0.715931 0.272649 -0.028871 -0.177345 -0.169980 -0.055277 0.052378 0.068612 0.023112 -0.002174 0.014202 0.032444 0.029055 0.019188 0.019537 0.032853 0.063621 0.124187 0.228614 0.391932 0.630739 0.954054 1.343483 1.730776 1.995842 2.013197 1.736314 1.248880 
