0.016482 0.070855 0.146976 0.277349 0.461271 0.675830 0.872251 1.366566 2.117551 1.874440 1.677626 1.461572 1.276149 0.769944 -0.058395 0.026850 0.010138 0.005299 0.005812 0.008023 0.009731 0.009763 0.007997 0.005214 0.002545 0.000799 0.000086 -0.000026 
0.006151 0.038936 0.106197 0.205381 0.362616 0.564721 0.776308 1.082172 1.709974 2.120257 1.770246 1.572004 1.365032 1.063144 0.396041 -0.129970 0.031239 0.006234 0.004886 0.006705 0.008940 0.009957 0.009105 0.006733 0.003865 0.001557 0.000314 -0.000045 
0.002234 0.019220 0.068257 0.151799 0.276743 0.458060 0.669329 0.917455 1.355831 1.942306 2.040288 1.652154 1.469609 1.225952 0.775245 0.115399 -0.135268 0.042013 0.002603 0.005400 0.007771 0.009600 0.009764 0.008109 0.005361 0.002641 0.000802 0.000024 
0.000755 0.008880 0.039732 0.105715 0.209095 0.360355 0.559951 0.788785 1.112862 1.630556 2.052358 1.906986 1.535183 1.355420 1.026480 0.471464 -0.061082 -0.100121 0.049395 -0.001274 0.006639 0.008753 0.009890 0.009164 0.006871 0.003998 0.001612 0.000280 
0.000292 0.003861 0.021465 0.068332 0.152730 0.278740 0.454110 0.670713 0.938918 1.347507 1.853443 2.050569 1.749388 1.421296 1.209597 0.777231 0.202382 -0.142290 -0.048933 0.049083 -0.004640 0.008421 0.009444 0.009760 0.008213 0.005507 0.002744 0.000814 
0.000377 0.001565 0.010909 0.041240 0.105840 0.210534 0.360255 0.557258 0.798365 1.125664 1.588306 1.990608 1.962267 1.588706 1.300898 1.020998 0.507617 0.001274 -0.150365 -0.000507 0.041189 -0.006458 0.010437 0.009690 0.009220 0.007005 0.004132 0.001675 
0.000881 0.000660 0.005217 0.023451 0.069257 0.153175 0.279766 0.452846 0.672298 0.951241 1.340068 1.797000 2.030267 1.818639 1.434083 1.159959 0.793492 0.253566 -0.118884 -0.113123 0.033861 0.028533 -0.006078 0.012269 0.009421 0.008330 0.005651 0.002852 
0.001763 0.000552 0.002342 0.012625 0.042907 0.106452 0.211136 0.360495 0.556776 0.804333 1.131919 1.560020 1.941592 1.980065 1.647977 1.283217 0.988269 0.545212 0.046407 -0.163280 -0.057284 0.050236 0.014888 -0.003524 0.013494 0.008656 0.007189 0.004266 
0.002962 0.000996 0.001072 0.006422 0.025266 0.070522 0.153651 0.280231 0.452770 0.674145 0.958122 1.333405 1.756622 2.003716 1.860341 1.469681 1.127016 0.785254 0.302778 -0.094576 -0.149742 -0.003714 0.050421 0.003565 0.000556 0.013807 0.007501 0.005910 
0.004606 0.001856 0.000778 0.003087 0.014157 0.044592 0.107352 0.211510 0.360756 0.557353 0.808308 1.134351 1.539022 1.902184 1.980837 1.695922 1.292349 0.956022 0.561605 0.093460 -0.164933 -0.101877 0.034840 0.039617 -0.003421 0.005149 0.013099 0.006116 
0.004677 0.003386 0.001108 0.001510 0.007527 0.026954 0.071932 0.154257 0.280497 0.453136 0.676036 0.961944 1.326858 1.725792 1.977074 1.883825 1.508968 1.115780 0.766075 0.336749 -0.061955 -0.173586 -0.042727 0.053721 0.024075 -0.005587 0.009201 0.011474 
0.009209 0.003343 0.002370 0.000974 0.003816 0.015564 0.046249 0.108426 0.211887 0.361017 0.558303 0.811114 1.134525 1.522072 1.869889 1.973516 1.731597 1.314665 0.935492 0.561364 0.133569 -0.153655 -0.138468 0.009799 0.054659 0.009246 -0.003749 0.011902 
0.012849 0.006673 0.002245 0.001725 0.001865 0.008577 0.028540 0.073401 0.154996 0.280744 0.453640 0.677768 0.963994 1.320281 1.700947 1.952227 1.895750 1.545008 1.120359 0.747798 0.354175 -0.027614 -0.183862 -0.080969 0.045155 0.043237 -0.001304 0.000496 
0.005353 0.012077 0.004240 0.001497 0.001713 0.004400 0.016902 0.047858 0.109607 0.212351 0.361298 0.559300 0.813119 1.133380 1.507567 1.842760 1.962458 1.757162 1.341922 0.927567 0.553619 0.161801 -0.133931 -0.164809 -0.020811 0.060201 0.026294 -0.006196 
-0.005927 0.009318 0.009978 0.002232 0.001235 0.002747 0.009424 0.030073 0.074883 0.155854 0.281049 0.454167 0.679232 0.964944 1.313733 1.680038 1.929546 1.900434 1.575785 1.134634 0.735542 0.359944 0.001924 -0.182477 -0.114669 0.027568 0.057613 0.009872 
-0.002020 -0.002185 0.011471 0.007156 0.000890 0.001677 0.005440 0.018002 0.049458 0.110849 0.212924 0.361618 0.560207 0.814507 1.131454 1.494696 1.819391 1.949818 1.775052 1.369772 0.929830 0.544806 0.178737 -0.111978 -0.180099 -0.052854 0.056614 0.043465 
0.024765 -0.007767 0.002916 0.011560 0.004267 0.000402 0.003187 0.010621 0.031368 0.076412 0.156801 0.281443 0.454675 0.680393 0.965150 1.307288 1.661862 1.908888 1.900584 1.601226 1.154134 0.730454 0.359402 0.023960 -0.173863 -0.140897 0.004102 0.065367 
0.057799 0.007490 -0.007828 0.007493 0.009906 0.001906 0.000963 0.006323 0.019331 0.050853 0.112188 0.213590 0.361986 0.560973 0.815392 1.129046 1.483020 1.798818 1.936652 1.787287 1.396147 0.939367 0.538349 0.187230 -0.092154 -0.186229 -0.082402 0.045201 
0.065876 0.040508 -0.004543 -0.003997 0.010313 0.007207 0.000552 0.002855 0.011871 0.032777 0.077794 0.157881 0.281914 0.455156 0.681254 0.964814 1.300993 1.645691 1.889981 1.897869 1.621939 1.175962 0.731888 0.356552 0.038571 -0.162355 -0.159053 -0.021572 
0.028406 0.067294 0.020443 -0.009970 0.001437 0.010937 0.004323 0.000584 0.006524 0.020838 0.052272 0.113453 0.214404 0.362384 0.561598 0.815851 1.126327 1.472278 1.780387 1.923475 1.795381 1.420206 0.953687 0.535628 0.190392 -0.076524 -0.186233 -0.107085 
-0.046382 0.059925 0.054586 0.003182 -0.009494 0.006425 0.009644 0.002094 0.002344 0.012634 0.034415 0.079144 0.158958 0.282515 0.455586 0.681844 0.964061 1.294868 1.631063 1.872559 1.893326 1.638679 1.198365 0.738600 0.353907 0.047144 -0.151029 -0.170266 
-0.126214 0.008968 0.071212 0.034642 -0.007997 -0.005109 0.009622 0.007215 0.001244 0.006234 0.022088 0.053911 0.114665 0.215268 0.362862 0.562067 0.815958 1.123391 1.462292 1.763648 1.910534 1.800429 1.441730 0.970914 0.536870 0.190784 -0.065516 -0.183015 
-0.176402 -0.068421 0.049207 0.065278 0.014081 -0.012244 0.000777 0.010561 0.004675 0.002369 0.012803 0.036003 0.080672 0.159986 0.283191 0.456013 0.682177 0.962982 1.288908 1.617663 1.856400 1.887605 1.652154 1.220337 0.749295 0.352832 0.051411 -0.141616 
-0.178789 -0.140257 -0.010812 0.069938 0.048088 -0.002190 -0.010652 0.006073 0.009577 0.003075 0.005993 0.022807 0.055654 0.115998 0.216102 0.363400 0.562427 0.815749 1.120305 1.452932 1.748284 1.897944 1.803212 1.460791 0.989719 0.541741 0.190242 -0.058652 
-0.134815 -0.179357 -0.086899 0.035649 0.071838 0.026503 -0.011648 -0.005437 0.009478 0.007577 0.003357 0.012664 0.037227 0.082389 0.161080 0.283852 0.456447 0.682301 0.961623 1.283109 1.605267 1.841325 1.881127 1.662962 1.241336 0.762843 0.353932 0.052969 
-0.055070 -0.174991 -0.150253 -0.029386 0.064539 0.059361 0.006529 -0.014088 0.000932 0.010629 0.005756 0.006319 0.023038 0.057233 0.117543 0.216956 0.363922 0.562717 0.815278 1.117095 1.444104 1.734059 1.885758 1.804290 1.477582 1.009198 0.549690 0.189957 
0.053105 -0.130669 -0.180704 -0.101835 0.020944 0.074337 0.038902 -0.007806 -0.011033 0.006446 0.010014 0.005358 0.012659 0.037951 0.084124 0.162362 0.284495 0.456841 0.682277 0.960030 1.277451 1.593713 1.827190 1.874170 1.671591 1.261100 0.778335 0.357351 
0.190636 -0.053841 -0.172404 -0.157383 -0.045935 0.056314 0.067723 0.016957 -0.014855 -0.004881 0.009969 0.008714 0.007514 0.023056 0.058427 0.119235 0.217941 0.364391 0.562922 0.814614 1.113782 1.435727 1.720800 1.873992 1.804076 1.492335 1.028751 0.560120 
