0.044821 0.153859 0.275098 0.456115 0.667985 0.862969 0.984111 0.991471 1.258349 1.821922 1.487723 1.303170 1.167182 1.081082 0.658769 -0.113471 0.003048 0.000656 0.000177 0.000449 0.002308 0.006918 0.014123 0.021841 0.026950 0.027107 0.022213 0.014483 
0.024894 0.089503 0.212953 0.358134 0.558193 0.767588 0.932770 1.002014 1.092470 1.503049 1.767044 1.376741 1.229106 1.117896 0.911952 0.316390 -0.166307 0.016716 0.000177 0.000219 0.001181 0.004269 0.010196 0.017918 0.024722 0.027648 0.025291 0.018702 
0.020200 0.049896 0.143873 0.282828 0.451304 0.661723 0.855706 0.979385 1.044590 1.257744 1.653369 1.653680 1.272590 1.168948 1.026766 0.662873 0.060933 -0.158011 0.033392 -0.001874 0.000585 0.002459 0.006878 0.013833 0.021435 0.026669 0.027130 0.022526 
0.021078 0.031046 0.088849 0.207728 0.363375 0.551271 0.760769 0.926333 1.019297 1.132674 1.432748 1.702939 1.510810 1.186088 1.102674 0.872533 0.391659 -0.096413 -0.113603 0.044092 -0.005360 0.001595 0.004350 0.010038 0.017553 0.024348 0.027496 0.025461 
0.023563 0.024268 0.053968 0.140654 0.280956 0.453292 0.653319 0.849043 0.981890 1.073434 1.259374 1.571579 1.664664 1.365023 1.114218 1.005945 0.663438 0.148523 -0.163868 -0.056616 0.045259 -0.008934 0.003498 0.006828 0.013567 0.021040 0.026378 0.027127 
0.025884 0.023382 0.035494 0.090188 0.204103 0.363119 0.549844 0.751719 0.923326 1.032825 1.154604 1.399693 1.645511 1.563934 1.233516 1.042265 0.863971 0.427532 -0.032988 -0.162697 -0.005006 0.037671 -0.011046 0.006300 0.009771 0.017212 0.023976 0.027326 
0.027204 0.024765 0.027611 0.057518 0.139743 0.277974 0.453018 0.648888 0.841306 0.985839 1.092179 1.261735 1.522511 1.645647 1.429830 1.120494 0.951498 0.678019 0.200282 -0.139194 -0.119777 0.030709 0.024737 -0.010631 0.009770 0.012995 0.020679 0.026078 
0.027175 0.026430 0.025528 0.039182 0.092090 0.201857 0.360894 0.548350 0.745528 0.919558 1.043783 1.169055 1.380720 1.601284 1.580108 1.286852 1.018454 0.827819 0.464683 0.013261 -0.174347 -0.060917 0.047281 0.010728 -0.007401 0.013530 0.016280 0.023664 
0.025903 0.027334 0.025999 0.030535 0.060729 0.139867 0.275217 0.451070 0.645724 0.835437 0.987896 1.106288 1.264089 1.489890 1.620913 1.467490 1.149546 0.913416 0.667814 0.250008 -0.113520 -0.155262 -0.006164 0.047098 -0.000640 -0.001818 0.017177 0.019392 
0.022111 0.027254 0.027012 0.027533 0.042425 0.094180 0.200515 0.358081 0.546047 0.741198 0.916323 1.051351 1.180262 1.368489 1.567249 1.579758 1.329083 1.021254 0.791799 0.480436 0.061459 -0.174614 -0.104568 0.032446 0.035854 -0.007049 0.005158 0.020382 
0.022934 0.024256 0.027806 0.027177 0.033183 0.063695 0.140525 0.272894 0.448264 0.642724 0.831264 0.988849 1.116571 1.266961 1.466552 1.596785 1.487318 1.182313 0.896730 0.646356 0.284399 -0.079440 -0.177856 -0.044432 0.050851 0.020191 -0.007834 0.012393 
0.018874 0.024747 0.025752 0.028014 0.029351 0.045375 0.096320 0.199767 0.355204 0.543108 0.737734 0.913926 1.056443 1.188933 1.360607 1.540338 1.572014 1.359258 1.037093 0.767142 0.479325 0.102715 -0.161826 -0.140124 0.007977 0.051264 0.005849 -0.003752 
0.003532 0.023905 0.025858 0.026726 0.028798 0.035527 0.066483 0.141481 0.270987 0.445097 0.639580 0.828134 0.989394 1.123941 1.269872 1.449465 1.574683 1.496190 1.211852 0.895591 0.625467 0.302120 -0.043564 -0.186755 -0.081873 0.042722 0.039644 -0.003428 
-0.006202 0.012042 0.027184 0.026428 0.027612 0.031581 0.047977 0.098477 0.199420 0.352466 0.539792 0.734599 0.912176 1.060006 1.195484 1.355461 1.518871 1.560900 1.379751 1.057712 0.754762 0.470446 0.132070 -0.140471 -0.165324 -0.022040 0.057143 0.023107 
0.007862 -0.003024 0.020001 0.028793 0.026777 0.029248 0.038225 0.068964 0.142643 0.269431 0.441844 0.636260 0.825541 0.989809 1.129289 1.272410 1.436737 1.555058 1.498223 1.236343 0.903850 0.610275 0.308015 -0.012430 -0.183859 -0.114699 0.025564 0.054277 
0.040461 -0.002022 0.004249 0.026176 0.029136 0.027452 0.032923 0.050874 0.100436 0.199398 0.349934 0.536302 0.731543 0.910802 1.062648 1.200394 1.351922 1.501648 1.548535 1.392913 1.078923 0.752198 0.460230 0.150066 -0.116772 -0.179352 -0.053455 0.053864 
0.062253 0.022854 -0.004981 0.013256 0.030027 0.028875 0.029293 0.040339 0.071704 0.143742 0.268220 0.438639 0.632813 0.823170 0.990151 1.133284 1.274436 1.427011 1.537947 1.496038 1.255714 0.917152 0.601869 0.307423 0.011231 -0.173594 -0.139963 0.002527 
0.042735 0.054944 0.007491 -0.001621 0.021825 0.031691 0.028887 0.033488 0.053481 0.102639 0.199426 0.347687 0.532757 0.728469 0.909582 1.064699 1.204107 1.349295 1.487684 1.536098 1.400678 1.098713 0.756601 0.452042 0.159545 -0.095102 -0.184086 -0.082326 
-0.022708 0.062946 0.038675 -0.001858 0.006032 0.028455 0.031873 0.030262 0.041560 0.074414 0.145078 0.267122 0.435621 0.629283 0.820850 0.990390 1.136366 1.275979 1.419339 1.523137 1.491367 1.270514 0.932675 0.599627 0.304285 0.027490 -0.160302 -0.157049 
-0.106264 0.026205 0.064551 0.020442 -0.003966 0.015427 0.032540 0.031696 0.034297 0.055293 0.105020 0.199678 0.345564 0.529306 0.725328 0.908374 1.066324 1.206968 1.347191 1.476184 1.524198 1.404576 1.116218 0.765553 0.447243 0.163570 -0.077531 -0.182556 
-0.167075 -0.047052 0.057144 0.052803 0.005775 0.000256 0.024268 0.034363 0.032566 0.042496 0.076565 0.146733 0.266217 0.432703 0.625782 0.818473 0.990486 1.138809 1.277132 1.413091 1.510313 1.485342 1.281489 0.948673 0.602353 0.301077 0.037698 -0.147053 
-0.177655 -0.124569 0.007024 0.068540 0.034625 -0.002173 0.008570 0.031055 0.034951 0.036065 0.056513 0.107137 0.200310 0.343585 0.525919 0.722176 0.907064 1.067609 1.209221 1.345407 1.466544 1.513102 1.405775 1.131201 0.777202 0.446085 0.164650 -0.064506 
-0.135582 -0.171891 -0.068586 0.046542 0.063512 0.016586 -0.002744 0.018345 0.035327 0.035856 0.043872 0.078053 0.148405 0.265685 0.429870 0.622307 0.816041 0.990379 1.140781 1.277992 1.407857 1.499145 1.478674 1.289394 0.964130 0.608783 0.299157 0.043537 
-0.055585 -0.171587 -0.137690 -0.012499 0.067297 0.048036 0.003472 0.002748 0.027349 0.037648 0.038928 0.057692 0.108707 0.201179 0.341915 0.522557 0.719012 0.905635 1.068572 1.211035 1.343843 1.458323 1.502880 1.405135 1.143760 0.790216 0.448255 0.164596 
0.046571 -0.126609 -0.173376 -0.086507 0.033073 0.070048 0.028917 -0.002370 0.011883 0.034286 0.039415 0.046125 0.079168 0.149761 0.265514 0.427247 0.618808 0.813552 0.990064 1.142363 1.278646 1.403374 1.489342 1.471795 1.294902 0.978509 0.617788 0.299138 
0.164594 -0.049942 -0.165794 -0.146646 -0.030806 0.061886 0.059246 0.012043 -0.000936 0.022066 0.039010 0.042572 0.059355 0.109771 0.201992 0.340633 0.519299 0.715782 0.904087 1.069240 1.212507 1.342454 1.451203 1.493508 1.403267 1.154143 0.803690 0.453204 
0.301164 0.048067 -0.120204 -0.173095 -0.100812 0.018434 0.072483 0.041215 0.001275 0.006067 0.031295 0.042464 0.049311 0.080359 0.150656 0.265510 0.424963 0.615314 0.810957 0.989558 1.143609 1.279145 1.399478 1.480661 1.464956 1.298565 0.991582 0.628451 
0.460327 0.165342 -0.046672 -0.161072 -0.152600 -0.047060 0.053608 0.067513 0.022329 -0.001920 0.016127 0.038637 0.046428 0.061810 0.110601 0.202514 0.339662 0.516276 0.712474 0.902388 1.069652 1.213692 1.341212 1.444963 1.484919 1.400596 1.162648 0.817035 
