0.001631 0.000176 -0.000053 0.000013 0.000309 0.001693 0.005082 0.010376 0.391046 1.144800 1.019915 1.016320 1.010641 1.005195 0.626631 -0.124824 -0.000053 0.000013 0.000309 0.001693 0.005082 0.010376 0.016046 0.019800 0.019915 0.016320 0.010641 0.005195 
0.003178 0.000640 -0.000092 -0.000057 0.000132 0.000865 0.003137 0.007491 0.153789 0.721288 1.192187 1.002956 1.013741 1.007888 0.862553 0.297515 -0.171967 0.015568 0.000132 0.000865 0.003137 0.007491 0.013164 0.018163 0.020312 0.018581 0.013741 0.007888 
0.005390 0.001637 0.000048 -0.000170 0.000018 0.000430 0.001808 0.005054 0.062897 0.384889 0.968812 1.180088 0.983347 1.012894 0.952656 0.632496 0.050830 -0.160327 0.033221 -0.001523 0.001808 0.005054 0.010163 0.015748 0.019594 0.019932 0.016550 0.010941 
0.008158 0.003289 0.000572 -0.000232 -0.000127 0.000196 0.000999 0.003198 0.027151 0.190874 0.644109 1.121031 1.132720 0.969834 0.993998 0.825066 0.374351 -0.101062 -0.114141 0.044386 -0.004617 0.003442 0.007375 0.012896 0.017888 0.020201 0.018706 0.014024 
0.011239 0.005599 0.001661 -0.000069 -0.000293 0.000007 0.000538 0.001923 0.012455 0.091541 0.381303 0.879609 1.185030 1.073099 0.958535 0.933669 0.634932 0.139732 -0.165393 -0.056328 0.045826 -0.007720 0.005924 0.009937 0.015458 0.019380 0.019930 0.016763 
0.014296 0.008433 0.003418 0.000520 -0.000370 -0.000209 0.000244 0.001124 0.006046 0.043429 0.210088 0.604388 1.056430 1.181233 1.016146 0.934890 0.818534 0.411890 -0.036590 -0.162635 -0.004387 0.038515 -0.009297 0.009135 0.012509 0.017619 0.020076 0.018811 
0.016960 0.011533 0.005820 0.001704 -0.000176 -0.000420 -0.000019 0.000630 0.003079 0.020680 0.110599 0.378783 0.823191 1.159737 1.134926 0.965039 0.881100 0.651498 0.192879 -0.139917 -0.119047 0.031482 0.025949 -0.008361 0.012704 0.014847 0.019179 0.019909 
0.018894 0.014556 0.008712 0.003562 0.000485 -0.000502 -0.000300 0.000275 0.001630 0.009986 0.056599 0.222407 0.578959 1.004947 1.192501 1.068117 0.912326 0.784507 0.450816 0.010753 -0.173690 -0.059990 0.048223 0.012391 -0.004751 0.016141 0.016739 0.019994 
0.019989 0.017130 0.011822 0.006050 0.001764 -0.000270 -0.000550 -0.000059 0.000855 0.004933 0.028510 0.124604 0.376840 0.783273 1.128528 1.169301 0.994147 0.844920 0.643395 0.244081 -0.113421 -0.154108 -0.005198 0.048313 0.001484 0.000941 0.018977 0.018035 
0.018650 0.019161 0.014782 0.008994 0.003722 0.000466 -0.000629 -0.000401 0.000345 0.002498 0.014284 0.067493 0.231204 0.560782 0.963548 1.186975 1.108715 0.916293 0.750695 0.468462 0.060104 -0.173366 -0.103353 0.033483 0.037440 -0.004574 0.007637 0.020878 
0.021698 0.018563 0.017583 0.012064 0.006294 0.001842 -0.000352 -0.000681 -0.000093 0.001246 0.007187 0.035710 0.135536 0.375260 0.753017 1.097679 1.185556 1.026774 0.830141 0.624158 0.280048 -0.078492 -0.176295 -0.043288 0.052071 0.022180 -0.005247 0.014128 
0.019389 0.021468 0.017803 0.015391 0.009211 0.003903 0.000463 -0.000749 -0.000501 0.000483 0.003641 0.018626 0.076710 0.237910 0.546884 0.929484 1.173715 1.136997 0.933189 0.728318 0.469369 0.102582 -0.159986 -0.138643 0.009098 0.052782 0.008159 -0.001409 
0.005194 0.022768 0.020354 0.016441 0.012772 0.006448 0.001949 -0.000422 -0.000808 -0.000101 0.001790 0.009655 0.042281 0.144421 0.373926 0.728981 1.068896 1.190475 1.055979 0.830886 0.605603 0.299455 -0.041729 -0.184803 -0.080572 0.043947 0.041509 -0.001007 
-0.003996 0.012559 0.024060 0.018585 0.014576 0.009942 0.003970 0.000498 -0.000863 -0.000591 0.000696 0.004976 0.022873 0.084662 0.243253 0.535760 0.900831 1.156978 1.155236 0.954757 0.718268 0.462637 0.133242 -0.138030 -0.163601 -0.020849 0.058597 0.025260 
0.010122 -0.001445 0.018942 0.023444 0.016397 0.012337 0.007123 0.001922 -0.000447 -0.000931 -0.000074 0.002462 0.012222 0.048281 0.151857 0.372767 0.709225 1.042520 1.188343 1.079839 0.841014 0.592846 0.307160 -0.009659 -0.181528 -0.113265 0.026788 0.056027 
0.042467 0.000046 0.004754 0.023178 0.021364 0.013993 0.009874 0.004521 0.000383 -0.000924 -0.000670 0.000984 0.006439 0.026964 0.091629 0.247645 0.526552 0.876268 1.138865 1.165882 0.976717 0.718098 0.454692 0.152642 -0.113712 -0.177413 -0.052212 0.055259 
0.063896 0.024961 -0.003491 0.012252 0.024801 0.018373 0.011527 0.007352 0.002300 -0.000624 -0.000993 -0.000018 0.003236 0.014818 0.053779 0.158218 0.371737 0.692559 1.018456 1.181821 1.098322 0.856089 0.586993 0.308498 0.015003 -0.170894 -0.138425 0.003739 
0.044069 0.056815 0.009424 -0.001144 0.018925 0.023959 0.015003 0.009106 0.004935 0.000572 -0.001128 -0.000673 0.001324 0.007986 0.030876 0.097814 0.251343 0.518735 0.854873 1.120455 1.170930 0.997047 0.724899 0.448921 0.163625 -0.091395 -0.181956 -0.081055 
-0.021521 0.064489 0.040637 -0.000463 0.005061 0.023322 0.021230 0.011672 0.006805 0.002778 -0.000611 -0.001170 0.000132 0.004072 0.017403 0.058839 0.163755 0.370806 0.678211 0.996484 1.172581 1.112033 0.873256 0.587389 0.307438 0.032331 -0.157233 -0.155438 
-0.104995 0.027472 0.066296 0.022243 -0.003529 0.012599 0.024820 0.017384 0.008652 0.004686 0.001004 -0.001244 -0.000751 0.001773 0.009563 0.034608 0.103362 0.254513 0.511964 0.835989 1.102304 1.171888 1.014923 0.736209 0.446674 0.169279 -0.073144 -0.180255 
-0.165422 -0.045912 0.058589 0.054629 0.007072 -0.000702 0.019198 0.023559 0.013180 0.006073 0.002810 -0.000300 -0.001340 0.000257 0.005010 0.019929 0.063521 0.168638 0.369951 0.665655 0.976360 1.161688 1.121724 0.890785 0.592794 0.306459 0.043696 -0.143614 
-0.175205 -0.123331 0.008215 0.070167 0.036300 -0.001788 0.005789 0.023321 0.020212 0.009217 0.003961 0.001236 -0.001078 -0.000872 0.002239 0.011198 0.038141 0.108389 0.257270 0.506004 0.819132 1.084696 1.169867 1.030126 0.750171 0.448169 0.172131 -0.059391 
-0.131761 -0.170229 -0.067517 0.047890 0.065211 0.017784 -0.003708 0.013310 0.024347 0.015700 0.005872 0.002282 0.000027 -0.001290 0.000321 0.005987 0.022422 0.067852 0.173000 0.369156 0.654519 0.957860 1.149831 1.128111 0.907675 0.601926 0.306905 0.050805 
-0.049670 -0.169008 -0.136521 -0.011401 0.068811 0.049591 0.003796 -0.000012 0.019576 0.022484 0.010934 0.003297 0.000988 -0.000749 -0.000851 0.002647 0.012859 0.041512 0.112961 0.259702 0.500686 0.803942 1.067766 1.165682 1.042732 0.765465 0.453074 0.173990 
0.055232 -0.122379 -0.171742 -0.085540 0.034319 0.071630 0.030015 -0.003356 0.006857 0.023115 0.018516 0.006626 0.001477 0.000048 -0.001004 0.000448 0.006914 0.024880 0.071887 0.176920 0.368414 0.644530 0.940783 1.137463 1.131815 0.923388 0.613660 0.309369 
0.176031 -0.043139 -0.163091 -0.145587 -0.029818 0.063293 0.060688 0.012299 -0.003698 0.014231 0.023423 0.013483 0.003209 0.000297 -0.000525 -0.000591 0.003054 0.014459 0.044754 0.117151 0.261859 0.495894 0.790140 1.051570 1.159930 1.052949 0.781187 0.460835 
0.313989 0.058242 -0.115518 -0.171521 -0.099985 0.019570 0.073955 0.042217 0.000251 0.001026 0.019919 0.020844 0.008387 0.000833 -0.000375 -0.000653 0.000768 0.007787 0.027245 0.075689 0.180466 0.367711 0.635491 0.924957 1.124884 1.133357 0.937666 0.627084 
0.470851 0.178947 -0.038886 -0.158239 -0.151696 -0.046210 0.054909 0.068851 0.022512 -0.004704 0.008207 0.022627 0.016289 0.003997 -0.000565 -0.000630 -0.000155 0.003577 0.015961 0.047844 0.121036 0.263780 0.491534 0.777513 1.036113 1.153052 1.061032 0.796736 
