0.039382 0.151815 0.274806 0.456199 0.668276 0.864242 0.986889 1.369930 2.010272 1.694881 1.480688 1.292383 1.155610 0.696793 -0.096670 0.009484 0.002756 0.000740 0.000469 0.001722 0.005086 0.010377 0.016046 0.019800 0.019915 0.016320 0.010641 0.005195 
0.017334 0.085818 0.211991 0.358202 0.558402 0.768273 0.934730 1.145860 1.657939 1.972043 1.575135 1.383300 1.217555 0.966457 0.341893 -0.156045 0.020230 0.001159 0.000387 0.000905 0.003140 0.007491 0.013164 0.018163 0.020312 0.018581 0.013741 0.007888 
0.010699 0.044196 0.141693 0.282592 0.451554 0.662129 0.856928 1.034711 1.364281 1.839738 1.862466 1.453583 1.297166 1.102675 0.700858 0.077095 -0.152184 0.035113 -0.001515 0.000484 0.001808 0.005051 0.010162 0.015748 0.019594 0.019932 0.016550 0.010941 
0.010149 0.023230 0.084945 0.206717 0.363565 0.551640 0.761500 0.947947 1.180523 1.583773 1.907693 1.711976 1.343816 1.204680 0.927682 0.416720 -0.086855 -0.110608 0.044790 -0.005343 0.001231 0.003189 0.007373 0.012896 0.017888 0.020201 0.018706 0.014024 
0.011985 0.014570 0.048008 0.138324 0.280756 0.453699 0.653847 0.857650 1.058469 1.360814 1.755649 1.874789 1.549451 1.245620 1.083414 0.701447 0.164009 -0.158709 -0.055303 0.045414 -0.009145 0.002787 0.005003 0.009967 0.015458 0.019380 0.019930 0.016763 
0.014576 0.012357 0.027433 0.086056 0.203025 0.363414 0.550372 0.755292 0.958433 1.196950 1.546670 1.849681 1.767679 1.394847 1.146814 0.919900 0.452162 -0.024190 -0.160271 -0.004608 0.037544 -0.011490 0.005109 0.007142 0.012647 0.017615 0.020076 0.018811 
0.017065 0.013214 0.017733 0.051301 0.137248 0.277792 0.453572 0.650587 0.857084 1.073269 1.357910 1.704014 1.856807 1.617617 1.255231 1.030717 0.716134 0.215063 -0.134764 -0.118908 0.030657 0.024425 -0.011395 0.007947 0.009460 0.015198 0.019159 0.019909 
0.018936 0.015265 0.014428 0.030886 0.087727 0.200695 0.361278 0.549425 0.752650 0.963966 1.207033 1.523279 1.804575 1.786210 1.451824 1.125740 0.884684 0.488910 0.021244 -0.172547 -0.060839 0.047016 0.010214 -0.008619 0.010932 0.011801 0.017401 0.019936 
0.019878 0.017435 0.014492 0.020495 0.054259 0.137195 0.275035 0.451906 0.649153 0.857297 1.081531 1.356009 1.668296 1.832850 1.658519 1.287744 0.994584 0.706137 0.264063 -0.109886 -0.154880 -0.006430 0.046697 -0.001449 -0.003642 0.013702 0.014009 0.019051 
0.019991 0.019065 0.016026 0.016375 0.033907 0.089580 0.199252 0.358591 0.547982 0.751863 0.967402 1.212489 1.507426 1.769039 1.788045 1.497687 1.131462 0.849771 0.504303 0.068573 -0.173502 -0.104835 0.032049 0.035283 -0.008289 0.002588 0.015985 0.015939 
0.017453 0.020151 0.017810 0.015777 0.022993 0.056976 0.137666 0.272713 0.449530 0.648111 0.858175 1.086252 1.353726 1.642398 1.808868 1.681537 1.324058 0.980050 0.685009 0.297721 -0.076672 -0.178012 -0.044920 0.050372 0.019348 -0.009657 0.008971 0.017642 
0.018655 0.018441 0.019610 0.016755 0.018229 0.036639 0.091482 0.198395 0.355900 0.546100 0.751708 0.969962 1.215065 1.495412 1.740908 1.781928 1.531566 1.150370 0.826408 0.502896 0.108913 -0.161473 -0.140770 0.007451 0.050650 0.004593 -0.006297 0.014552 
0.018696 0.019088 0.018852 0.018685 0.016951 0.025317 0.059506 0.138430 0.270824 0.446913 0.646978 0.859254 1.089157 1.350833 1.622517 1.786978 1.693169 1.357322 0.981235 0.664596 0.314713 -0.041730 -0.187508 -0.082599 0.042178 0.038778 -0.005248 0.000160 
0.007787 0.021160 0.019048 0.018760 0.018014 0.019871 0.039184 0.093376 0.197943 0.353407 0.543949 0.751590 0.972002 1.216024 1.485424 1.718150 1.772357 1.555501 1.174309 0.815485 0.493810 0.137312 -0.140952 -0.166389 -0.022694 0.056500 0.021843 -0.008723 
-0.006353 0.014866 0.022040 0.018676 0.018444 0.018617 0.027346 0.061920 0.139363 0.269313 0.444293 0.645632 0.860200 1.091062 1.347551 1.606371 1.767569 1.697812 1.385447 0.992101 0.650004 0.319914 -0.011599 -0.185274 -0.115683 0.024965 0.053403 0.006049 
-0.004521 0.000054 0.020208 0.021675 0.018169 0.018480 0.021912 0.041402 0.095283 0.197775 0.351174 0.541668 0.751262 0.973594 1.216103 1.476670 1.699173 1.761559 1.571955 1.198896 0.814646 0.483458 0.154335 -0.118167 -0.180887 -0.054241 0.053211 0.039200 
0.021053 -0.008270 0.008184 0.023278 0.020544 0.017847 0.019806 0.029650 0.064044 0.140452 0.268111 0.441784 0.644077 0.860836 1.092326 1.344129 1.592679 1.750381 1.698256 1.408358 1.008170 0.642419 0.318638 0.011007 -0.175749 -0.141235 0.001884 0.061388 
0.053701 0.005015 -0.005766 0.015901 0.024139 0.019191 0.018245 0.023742 0.043778 0.096996 0.197875 0.349196 0.539353 0.750648 0.974740 1.215689 1.468811 1.682886 1.750547 1.583029 1.222050 0.820990 0.475283 0.162804 -0.097481 -0.186151 -0.083251 0.042088 
0.062110 0.036895 -0.005113 0.001012 0.021698 0.023313 0.018218 0.020188 0.031943 0.066239 0.141478 0.267230 0.439420 0.642359 0.861095 1.093107 1.340728 1.580729 1.735018 1.696185 1.426722 1.026530 0.641217 0.314890 0.026137 -0.163268 -0.158647 -0.023386 
0.025582 0.063342 0.017990 -0.008068 0.009535 0.024890 0.021604 0.018320 0.024842 0.046273 0.098741 0.198040 0.347520 0.537045 0.749752 0.975441 1.214967 1.461681 1.668588 1.739742 1.590282 1.242967 0.832014 0.470680 0.165817 -0.080984 -0.185211 -0.107347 
-0.047765 0.056358 0.051055 0.002550 -0.004724 0.017493 0.025577 0.019962 0.020355 0.033694 0.068628 0.142537 0.266508 0.437277 0.640501 0.860974 1.093474 1.337425 1.570111 1.721134 1.692589 1.441357 1.045445 0.645145 0.311190 0.035159 -0.150919 -0.169040 
-0.125827 0.006440 0.067385 0.032202 -0.006241 0.002698 0.023302 0.024482 0.019407 0.025406 0.048462 0.100710 0.198264 0.346043 0.534832 0.748581 0.975721 1.214019 1.455176 1.655830 1.729307 1.594808 1.261486 0.845843 0.469874 0.165934 -0.069124 -0.180974 
-0.174275 -0.069334 0.045828 0.061809 0.013388 -0.007694 0.011542 0.026320 0.022726 0.021023 0.034802 0.070937 0.143824 0.265876 0.435311 0.638587 0.860477 1.093475 1.334240 1.560566 1.708466 1.688055 1.453000 1.063955 0.652900 0.308900 0.039794 -0.140450 
-0.175665 -0.139150 -0.013030 0.066216 0.045649 -0.000570 -0.003116 0.019488 0.026819 0.021638 0.025977 0.050075 0.102786 0.198704 0.344670 0.532719 0.747205 0.975587 1.212886 1.449208 1.644319 1.719299 1.597358 1.277726 0.861178 0.472518 0.164986 -0.061435 
-0.132574 -0.176251 -0.087291 0.032452 0.068409 0.025746 -0.007302 0.005043 0.025063 0.025793 0.022618 0.035556 0.072854 0.145344 0.265431 0.433434 0.636657 0.859659 1.093122 1.331169 1.551915 1.696826 1.682944 1.462253 1.081567 0.663362 0.308611 0.041636 
-0.057065 -0.170729 -0.148350 -0.031267 0.060904 0.056905 0.008020 -0.006804 0.014093 0.027839 0.024693 0.027073 0.051160 0.104700 0.199438 0.343443 0.530643 0.745686 0.975083 1.211573 1.443705 1.633850 1.709734 1.598450 1.291910 0.877154 0.478055 0.164151 
0.041957 -0.127341 -0.176545 -0.101647 0.017932 0.070926 0.038073 -0.003650 -0.000821 0.021860 0.028378 0.025192 0.036403 0.074249 0.146919 0.265282 0.431644 0.634684 0.858590 1.092441 1.328183 1.544026 1.686074 1.677488 1.469587 1.098059 0.675647 0.310454 
0.164118 -0.055091 -0.166955 -0.154609 -0.047442 0.052752 0.065230 0.018321 -0.007804 0.008038 0.027139 0.027998 0.028998 0.051996 0.106231 0.200389 0.342463 0.528579 0.744029 0.974273 1.210076 1.438592 1.624274 1.700610 1.598451 1.304276 0.893214 0.485898 
