0.016444 0.070711 0.146334 0.275883 0.459261 0.674245 0.872256 0.993785 0.996601 0.879098 0.681518 0.463915 0.277050 0.145076 0.066567 0.026707 0.009495 0.003833 0.003802 0.006437 0.009736 0.011982 0.012048 0.009872 0.006437 0.003142 0.000987 0.000106 
0.006123 0.038837 0.105853 0.204367 0.360843 0.562802 0.775372 0.942581 1.010032 0.952890 0.790318 0.575219 0.366640 0.204201 0.099138 0.041806 0.015270 0.005220 0.003113 0.004787 0.008004 0.010991 0.012287 0.011240 0.008312 0.004772 0.001922 0.000387 
0.002346 0.019108 0.068057 0.151173 0.275360 0.456137 0.667761 0.864646 0.988776 0.997035 0.884782 0.689334 0.470115 0.279653 0.144498 0.064506 0.024688 0.008184 0.003174 0.003477 0.006202 0.009526 0.011850 0.012057 0.010011 0.006619 0.003261 0.000990 
0.001215 0.008801 0.039559 0.105344 0.208133 0.358675 0.558093 0.768046 0.935806 1.007390 0.955973 0.797458 0.582696 0.371289 0.205162 0.097606 0.039575 0.013522 0.004242 0.002661 0.004537 0.007789 0.010813 0.012218 0.011316 0.008483 0.004935 0.001990 
0.001331 0.003963 0.021284 0.068073 0.152113 0.277435 0.452275 0.661753 0.857200 0.983620 0.997056 0.890103 0.697108 0.476573 0.282566 0.144063 0.062400 0.022551 0.006786 0.002490 0.003167 0.005991 0.009330 0.011718 0.012056 0.010141 0.006799 0.003387 
0.002190 0.002061 0.010787 0.040995 0.105437 0.209614 0.358665 0.552684 0.761230 0.929038 1.004461 0.958628 0.804360 0.590283 0.376254 0.206376 0.096127 0.037249 0.011658 0.003204 0.002207 0.004311 0.007596 0.010643 0.012143 0.011380 0.008648 0.005102 
0.003566 0.001777 0.005317 0.023206 0.068936 0.152558 0.278530 0.450053 0.655141 0.850226 0.978298 0.996701 0.895049 0.704798 0.483262 0.285796 0.143798 0.060266 0.020293 0.005289 0.001773 0.002871 0.005806 0.009149 0.011586 0.012044 0.010260 0.006977 
0.005287 0.002469 0.002881 0.012468 0.042591 0.106011 0.210250 0.358598 0.548402 0.753934 0.922639 1.001208 0.960882 0.810998 0.597941 0.381521 0.207864 0.094724 0.034835 0.009669 0.002095 0.001745 0.004109 0.007426 0.010481 0.012063 0.011433 0.008806 
0.007158 0.003791 0.002271 0.006528 0.024962 0.070139 0.153028 0.278911 0.448318 0.649202 0.842890 0.973190 0.995907 0.899635 0.712366 0.490151 0.289347 0.143729 0.058123 0.017912 0.003683 0.001017 0.002588 0.005648 0.008987 0.011456 0.012024 0.010369 
0.008958 0.005494 0.002800 0.003678 0.013973 0.044208 0.106869 0.210595 0.358173 0.544825 0.746945 0.915964 0.997997 0.962644 0.817375 0.605627 0.387072 0.209640 0.093425 0.032343 0.007550 0.000905 0.001273 0.003932 0.007283 0.010330 0.011978 0.011474 
0.010468 0.007344 0.004051 0.002792 0.007648 0.026598 0.071485 0.153599 0.278903 0.446615 0.643952 0.835592 0.967853 0.994994 0.903749 0.719811 0.497200 0.293216 0.143880 0.055992 0.015410 0.001959 0.000212 0.002316 0.005521 0.008844 0.011329 0.011995 
0.011505 0.009106 0.005719 0.003167 0.004456 0.015361 0.045799 0.107889 0.210852 0.357458 0.541580 0.740484 0.909145 0.994564 0.964170 0.823367 0.613339 0.392880 0.211717 0.092255 0.029788 0.005293 -0.000378 0.000783 0.003781 0.007168 0.010191 0.011889 
0.011957 0.010558 0.007535 0.004339 0.003332 0.008706 0.028139 0.072888 0.154261 0.278700 0.444829 0.639184 0.828595 0.962260 0.993843 0.907569 0.727006 0.504414 0.297386 0.144273 0.053897 0.012794 0.000105 -0.000651 0.002052 0.005426 0.008725 0.011206 
0.011798 0.011526 0.009249 0.005959 0.003561 0.005221 0.016665 0.047348 0.108996 0.211098 0.356553 0.538479 0.734508 0.902395 0.990812 0.965438 0.829074 0.620964 0.398954 0.214090 0.091243 0.027186 0.002898 -0.001765 0.000268 0.003655 0.007085 0.010068 
0.011089 0.011912 0.010639 0.007731 0.004649 0.003884 0.009720 0.029602 0.074302 0.154990 0.278406 0.442957 0.634730 0.821969 0.956537 0.992349 0.911130 0.733987 0.511696 0.301879 0.144915 0.051866 0.010071 -0.001887 -0.001585 0.001792 0.005365 0.008632 
0.009962 0.011705 0.011538 0.009389 0.006211 0.003977 0.005977 0.017905 0.048850 0.110148 0.211357 0.355540 0.535441 0.728917 0.895837 0.986788 0.966368 0.834549 0.628485 0.405229 0.216790 0.090401 0.024562 0.000362 -0.003269 -0.000281 0.003554 0.007036 
0.008569 0.010981 0.011860 0.010711 0.007929 0.004976 0.004447 0.010700 0.031001 0.075704 0.155763 0.278077 0.441026 0.630482 0.815696 0.950809 0.990499 0.914384 0.740798 0.519006 0.306657 0.145839 0.049912 0.007257 -0.004024 -0.002602 0.001531 0.005339 
0.007027 0.009877 0.011612 0.011539 0.009524 0.006474 0.004409 0.006726 0.019095 0.050302 0.111315 0.211638 0.354472 0.532440 0.723619 0.889515 0.982582 0.966917 0.839774 0.635928 0.411651 0.219807 0.089765 0.021926 -0.002305 -0.004901 -0.000875 0.003476 
0.005351 0.008539 0.010884 0.011802 0.010774 0.008128 0.005318 0.005020 0.011654 0.032343 0.077083 0.156563 0.277741 0.439064 0.626379 0.809728 0.945152 0.988341 0.917281 0.747439 0.526343 0.311675 0.147061 0.048070 0.004359 -0.006308 -0.003716 0.001260 
0.003416 0.007058 0.009817 0.011521 0.011531 0.009653 0.006744 0.004855 0.007470 0.020242 0.051707 0.112480 0.211940 0.353385 0.529472 0.718549 0.883431 0.978276 0.967092 0.844707 0.643298 0.418206 0.223111 0.089362 0.019304 -0.005105 -0.006669 -0.001526 
0.000970 0.005399 0.008548 0.010801 0.011738 0.010828 0.008328 0.005672 0.005600 0.012586 0.033638 0.078430 0.157374 0.277414 0.437098 0.622387 0.804014 0.939608 0.985938 0.919800 0.753881 0.533712 0.316909 0.148568 0.046372 0.001394 -0.008742 -0.004936 
-0.002245 0.003370 0.007134 0.009786 0.011434 0.011514 0.009777 0.007019 0.005313 0.008211 0.021354 0.053066 0.113633 0.212257 0.352301 0.526542 0.713658 0.877565 0.973931 0.966927 0.849313 0.650578 0.424890 0.226681 0.089202 0.016731 -0.008029 -0.008582 
-0.006275 0.000652 0.005483 0.008599 0.010736 0.011670 0.010873 0.008525 0.006034 0.006186 0.013502 0.034889 0.079743 0.158188 0.277101 0.435147 0.618491 0.798513 0.934190 0.983350 0.921946 0.760085 0.541103 0.322350 0.150350 0.044841 -0.001613 -0.011332 
-0.010650 -0.003045 0.003330 0.007255 0.009790 0.011353 0.011488 0.009893 0.007298 0.005780 0.008948 0.022436 0.054383 0.114766 0.212586 0.351233 0.523656 0.708917 0.871895 0.969585 0.966469 0.853573 0.657734 0.431698 0.230506 0.089284 0.014232 -0.011064 
-0.014071 -0.007746 0.000296 0.005599 0.008696 0.010693 0.011599 0.010906 0.008720 0.006404 0.006778 0.014402 0.036102 0.081020 0.158997 0.276806 0.433222 0.614682 0.793191 0.928901 0.980628 0.923743 0.766021 0.548491 0.327996 0.152399 0.043487 -0.004636 
-0.014189 -0.012879 -0.003940 0.003290 0.007423 0.009832 0.011282 0.011453 0.010000 0.007579 0.006255 0.009684 0.023493 0.055659 0.115876 0.212922 0.350188 0.520822 0.704306 0.866396 0.965262 0.965762 0.857487 0.664732 0.438614 0.234585 0.089607 0.011827 
-0.007652 -0.016950 -0.009363 -0.000111 0.005744 0.008843 0.010677 0.011528 0.010929 0.008910 0.006780 0.007376 0.015291 0.037281 0.082261 0.159795 0.276528 0.431334 0.610957 0.788025 0.923732 0.977808 0.925221 0.771670 0.555844 0.333838 0.154715 0.042317 
0.009529 -0.017385 -0.015267 -0.004945 0.003241 0.007638 0.009918 0.011225 0.011409 0.010097 0.007859 0.006737 0.010418 0.024527 0.056897 0.116959 0.213262 0.349172 0.518044 0.699811 0.861049 0.960974 0.964847 0.861066 0.671541 0.445613 0.238917 0.090175 
