0.023547 0.072924 0.146386 0.274787 0.456204 0.668388 0.864853 1.363724 2.123677 1.891067 1.702031 1.487880 1.298276 0.784452 -0.051331 0.028919 0.009548 0.002737 0.000745 0.000580 0.002333 0.006922 0.014124 0.021841 0.026950 0.027107 0.022213 0.014483 
0.016916 0.043196 0.106644 0.203719 0.358868 0.558450 0.768585 1.076488 1.711066 2.131442 1.791102 1.598095 1.390010 1.081892 0.406806 -0.125710 0.031686 0.004572 0.001138 0.000434 0.001217 0.004273 0.010196 0.017918 0.024722 0.027648 0.025291 0.018702 
0.017209 0.026547 0.070274 0.150978 0.274034 0.453105 0.662198 0.910316 1.352942 1.948029 2.056362 1.676182 1.495937 1.248455 0.790220 0.122727 -0.133251 0.041193 -0.000105 0.000445 0.000640 0.002461 0.006876 0.013832 0.021435 0.026669 0.027130 0.022526 
0.019957 0.020046 0.044112 0.106004 0.207212 0.356568 0.553899 0.781379 1.107315 1.631428 2.063040 1.927336 1.561067 1.380600 1.045681 0.482630 -0.056702 -0.099832 0.047512 -0.005061 0.000587 0.001347 0.004344 0.010036 0.017552 0.024348 0.027496 0.025461 
0.023142 0.019302 0.029082 0.070330 0.151694 0.275872 0.449236 0.663870 0.932040 1.344600 1.858797 2.066102 1.773022 1.447609 1.232447 0.792672 0.210000 -0.140292 -0.049969 0.046215 -0.009515 0.001578 0.002566 0.006853 0.013566 0.021040 0.026378 0.027127 
0.025726 0.021204 0.022490 0.045773 0.105997 0.208431 0.356406 0.551395 0.791263 1.120271 1.588994 2.000811 1.982110 1.614357 1.326247 1.040637 0.519198 0.005806 -0.150207 -0.002610 0.037339 -0.012321 0.003335 0.004297 0.009907 0.017208 0.023976 0.027326 
0.027145 0.023830 0.021121 0.031381 0.071267 0.151938 0.276726 0.448023 0.665719 0.944625 1.337168 1.802015 2.045275 1.841865 1.460347 1.183129 0.809396 0.261496 -0.116873 -0.114360 0.030821 0.023710 -0.012658 0.005653 0.006521 0.013346 0.020659 0.026078 
0.027156 0.026035 0.022400 0.024630 0.047621 0.106504 0.208817 0.356561 0.551071 0.797521 1.126692 1.560554 1.951344 1.999404 1.673370 1.308700 1.008327 0.557217 0.051120 -0.163227 -0.059603 0.046302 0.009184 -0.010337 0.008267 0.009189 0.016941 0.023605 
0.025770 0.027179 0.024532 0.022782 0.033530 0.072576 0.152232 0.277010 0.447970 0.667804 0.951766 1.330536 1.761333 2.018215 1.883149 1.495864 1.150476 0.801614 0.311042 -0.092522 -0.151161 -0.006936 0.045621 -0.002777 -0.005801 0.010938 0.012211 0.020409 
0.023444 0.026968 0.026363 0.023545 0.026594 0.049516 0.107328 0.208981 0.356717 0.551778 0.801769 1.129300 1.539431 1.911513 1.999675 1.721034 1.317933 0.976480 0.574042 0.098384 -0.164957 -0.104407 0.030801 0.034041 -0.009960 0.000099 0.013508 0.015445 
0.018687 0.025766 0.027182 0.025230 0.024336 0.035571 0.074061 0.152674 0.277089 0.448332 0.669907 0.955842 1.324041 1.730228 1.991084 1.906205 1.535041 1.139501 0.782884 0.345365 -0.059826 -0.175168 -0.046135 0.048917 0.017946 -0.011688 0.006384 0.015911 
0.018142 0.021688 0.027182 0.026627 0.024651 0.028437 0.051409 0.108352 0.209156 0.356857 0.552828 0.804829 1.129658 1.522386 1.878823 1.991862 1.756409 1.340318 0.956327 0.574237 0.138729 -0.153728 -0.141199 0.005639 0.049184 0.002962 -0.008615 0.012216 
0.017042 0.020213 0.024191 0.027660 0.025817 0.025824 0.037525 0.075634 0.153272 0.277145 0.448809 0.671825 0.958140 1.317535 1.705141 1.965767 1.917697 1.570943 1.144310 0.765044 0.363160 -0.025381 -0.185587 -0.084568 0.040323 0.037294 -0.007158 -0.002251 
0.005597 0.020643 0.022101 0.025990 0.027402 0.025589 0.030213 0.053278 0.109512 0.209429 0.357003 0.553898 0.807070 1.128703 1.507811 1.851326 1.980319 1.781655 1.367611 0.948756 0.566930 0.167222 -0.134026 -0.167731 -0.025107 0.054799 0.020246 -0.010874 
-0.008587 0.013298 0.023070 0.023742 0.027005 0.026899 0.027096 0.039440 0.077249 0.154010 0.277259 0.449285 0.673449 0.959329 1.311072 1.684018 1.942638 1.921944 1.601556 1.158785 0.753214 0.369311 0.004290 -0.184321 -0.118460 0.022686 0.051830 0.004257 
-0.006506 -0.001986 0.019699 0.024544 0.025049 0.027373 0.026960 0.031750 0.055162 0.110761 0.209823 0.357175 0.554850 0.808675 1.126968 1.494895 1.827619 1.967205 1.799212 1.395468 0.951350 0.558554 0.184440 -0.112066 -0.183200 -0.057297 0.051258 0.037633 
0.019378 -0.010328 0.006711 0.024226 0.025339 0.025984 0.027509 0.028704 0.041128 0.078938 0.154859 0.277463 0.449722 0.674744 0.959763 1.304727 1.665657 1.921554 1.921656 1.626809 1.178456 0.748537 0.369162 0.026486 -0.175805 -0.144878 -0.000851 0.059718 
0.052161 0.003195 -0.007652 0.015409 0.026833 0.025720 0.026637 0.028148 0.033513 0.056860 0.112134 0.210325 0.357385 0.555637 0.809754 1.124752 1.483196 1.806735 1.953579 1.811101 1.421820 0.961192 0.552531 0.193237 -0.092207 -0.189494 -0.087002 0.039865 
0.060335 0.035336 -0.006993 -0.000360 0.022576 0.027843 0.025925 0.027318 0.030348 0.042938 0.080506 0.155865 0.277747 0.450112 0.675712 0.959642 1.298543 1.649329 1.902244 1.918506 1.647311 1.200425 0.750366 0.366713 0.041283 -0.164370 -0.163220 -0.026615 
0.023066 0.061829 0.016338 -0.009797 0.009070 0.027418 0.027782 0.026207 0.028628 0.035448 0.058600 0.113462 0.210991 0.357619 0.556258 0.810386 1.122221 1.472451 1.788020 1.939956 1.818840 1.445829 0.975792 0.550239 0.196720 -0.076515 -0.189646 -0.111850 
-0.051532 0.054467 0.049615 0.000851 -0.005989 0.018309 0.029848 0.027237 0.026918 0.031488 0.044983 0.082067 0.156893 0.278168 0.450437 0.676386 0.959090 1.292537 1.634568 1.884442 1.913530 1.663822 1.222939 0.757455 0.364475 0.050067 -0.153094 -0.174613 
-0.131148 0.003603 0.065897 0.030722 -0.007809 0.002268 0.025673 0.030311 0.026791 0.028592 0.037120 0.060576 0.114762 0.211724 0.357928 0.556702 0.810644 1.119471 1.462479 1.771025 1.926585 1.823525 1.467277 0.993272 0.551902 0.197450 -0.065419 -0.186559 
-0.180922 -0.073690 0.043807 0.060493 0.011876 -0.008847 0.012305 0.030338 0.029571 0.027027 0.032015 0.046982 0.083828 0.157896 0.278671 0.450744 0.676777 0.958197 1.286702 1.621060 1.867928 1.907382 1.677050 1.244994 0.768507 0.363811 0.054567 -0.143705 
-0.182446 -0.145362 -0.016224 0.064752 0.044348 -0.001972 -0.003505 0.021711 0.032305 0.028521 0.028579 0.038251 0.062670 0.116209 0.212445 0.358295 0.557015 0.810563 1.116564 1.453150 1.755430 1.913582 1.825939 1.486237 1.012305 0.557185 0.197258 -0.058440 
-0.136904 -0.184040 -0.092300 0.030284 0.067222 0.024427 -0.008337 0.005759 0.028836 0.032210 0.028070 0.032214 0.048617 0.085800 0.158990 0.279168 0.451046 0.676936 0.957007 1.281034 1.608578 1.852522 1.900485 1.687596 1.266050 0.782393 0.365323 0.056380 
-0.054720 -0.178741 -0.155529 -0.034863 0.059459 0.055791 0.006791 -0.007147 0.016175 0.032986 0.031079 0.029106 0.038883 0.064611 0.117894 0.213206 0.358645 0.557240 0.810199 1.113526 1.444366 1.741000 1.901001 1.826647 1.502905 1.031985 0.565535 0.197335 
0.056790 -0.132734 -0.185539 -0.107378 0.015591 0.069874 0.036958 -0.004561 -0.000143 0.025394 0.034372 0.030101 0.032526 0.049753 0.087808 0.160296 0.279659 0.451298 0.676924 0.955566 1.275507 1.596959 1.838080 1.893118 1.695949 1.285842 0.798201 0.369154 
0.198386 -0.053327 -0.176227 -0.162829 -0.051495 0.051318 0.064316 0.017274 -0.008094 0.009986 0.031953 0.033893 0.030477 0.039289 0.066177 0.119748 0.214118 0.358944 0.557362 0.809618 1.110374 1.436044 1.727561 1.888859 1.826060 1.517513 1.051714 0.576353 
