0.052120 0.043198 0.044331 0.073589 0.146685 0.274697 0.456225 0.668913 0.867733 1.372371 2.141331 1.918368 1.735718 1.521764 1.326042 0.802556 -0.042493 0.031694 0.009847 0.002647 0.000766 0.001106 0.005213 0.015568 0.031778 0.049142 0.060637 0.060991 
0.057708 0.047665 0.042508 0.055444 0.104657 0.203826 0.358771 0.558674 0.770057 1.081825 1.723811 2.153840 1.822004 1.632654 1.421624 1.105270 0.420227 -0.120304 0.032775 0.004416 0.001041 0.000658 0.002688 0.009610 0.022941 0.040316 0.055623 0.062207 
0.061343 0.053380 0.044476 0.046714 0.075516 0.147997 0.274327 0.453103 0.662930 0.913392 1.361541 1.965320 2.083155 1.709518 1.529849 1.276612 0.808834 0.131898 -0.130466 0.041275 -0.000395 0.000476 0.001372 0.005538 0.015474 0.031123 0.048228 0.060006 
0.061979 0.058524 0.049045 0.044202 0.057795 0.106297 0.204431 0.357159 0.554135 0.783082 1.112756 1.643976 2.084981 1.957771 1.595438 1.412427 1.069541 0.496511 -0.051106 -0.098858 0.047116 -0.005277 0.000921 0.003046 0.009785 0.022585 0.039493 0.054783 
0.059393 0.061583 0.054537 0.046044 0.048694 0.077682 0.149160 0.273971 0.450116 0.664612 0.935328 1.353173 1.875756 2.092402 1.805995 1.481517 1.260968 0.811794 0.219526 -0.137465 -0.050087 0.045716 -0.009502 0.002492 0.005839 0.015427 0.030525 0.047341 
0.053962 0.061721 0.059215 0.050472 0.045976 0.059896 0.108110 0.204899 0.355627 0.552570 0.792943 1.125859 1.601372 2.022321 2.012080 1.648514 1.358251 1.064959 0.533547 0.011621 -0.149322 -0.003239 0.036985 -0.011906 0.005246 0.009852 0.022287 0.038718 
0.046489 0.058777 0.061751 0.055623 0.047693 0.050634 0.079716 0.150432 0.273520 0.448322 0.667328 0.947833 1.345791 1.818667 2.071099 1.874463 1.494220 1.211984 0.829018 0.271398 -0.113974 -0.114659 0.030105 0.023678 -0.011585 0.009118 0.015091 0.030003 
0.038049 0.053157 0.061428 0.059825 0.051883 0.047805 0.061907 0.109870 0.205430 0.354457 0.552299 0.799893 1.132130 1.572864 1.972439 2.028915 1.707292 1.340851 1.033092 0.572040 0.057181 -0.162402 -0.060458 0.045791 0.009651 -0.008230 0.013946 0.021430 
0.028598 0.045792 0.058147 0.061861 0.056646 0.049361 0.052583 0.081656 0.151700 0.273260 0.447276 0.669877 0.955431 1.338935 1.777796 2.043564 1.915366 1.529674 1.179636 0.821728 0.321336 -0.089520 -0.151621 -0.007871 0.045520 -0.001572 -0.002149 0.019524 
0.025636 0.036180 0.052575 0.061084 0.060369 0.053262 0.049659 0.063888 0.111557 0.206041 0.353711 0.552503 0.804785 1.134940 1.551446 1.932317 2.028711 1.754707 1.350198 1.001666 0.589342 0.104716 -0.164165 -0.105477 0.030119 0.034534 -0.007674 0.005906 
0.015003 0.032056 0.043646 0.057815 0.061880 0.057615 0.051023 0.054545 0.083543 0.152947 0.273228 0.446717 0.671958 0.960128 1.332399 1.746336 2.016073 1.938008 1.568766 1.168935 0.803478 0.356067 -0.056692 -0.175767 -0.047293 0.048724 0.019258 -0.007858 
-0.002675 0.024255 0.038534 0.050408 0.061111 0.060789 0.054610 0.051519 0.065859 0.113194 0.206728 0.353321 0.552869 0.808177 1.135751 1.534159 1.899230 2.020516 1.789784 1.372674 0.981910 0.590017 0.145356 -0.152940 -0.142474 0.004773 0.049676 0.005406 
-0.003158 0.006414 0.032976 0.044772 0.055906 0.062328 0.058431 0.052679 0.056510 0.085402 0.154186 0.273392 0.446476 0.673553 0.962931 1.326101 1.720862 1.990346 1.949153 1.604526 1.173999 0.786104 0.374282 -0.022088 -0.186302 -0.085948 0.040017 0.038688 
0.022830 -0.004799 0.017571 0.040720 0.050421 0.059706 0.061669 0.055787 0.053396 0.067824 0.114808 0.207486 0.353199 0.553265 0.810454 1.135292 1.519532 1.871263 2.008584 1.814769 1.400000 0.974722 0.583184 0.174166 -0.133214 -0.169196 -0.026167 0.055265 
0.053280 0.008414 0.000136 0.029048 0.047251 0.055116 0.061603 0.059709 0.054155 0.058508 0.087246 0.155435 0.273713 0.446438 0.674719 0.964417 1.319987 1.699461 1.966725 1.953068 1.635004 1.188675 0.774736 0.380860 0.007771 -0.185130 -0.120058 0.022249 
0.051674 0.040335 -0.000298 0.009943 0.039488 0.052476 0.058531 0.061703 0.057389 0.055093 0.069829 0.116409 0.208313 0.353270 0.553634 0.811891 1.133968 1.506736 1.847120 1.995012 1.832087 1.427872 0.977657 0.575290 0.191717 -0.111203 -0.184841 -0.058559 
-0.001436 0.061201 0.023680 -0.001537 0.022303 0.048052 0.056370 0.060478 0.060482 0.055989 0.060332 0.089138 0.156696 0.274160 0.446526 0.675526 0.964952 1.314015 1.680976 1.945127 1.952401 1.660141 1.208515 0.770492 0.381154 0.030175 -0.176682 -0.146690 
-0.088471 0.040209 0.054960 0.009534 0.004251 0.034939 0.054390 0.058950 0.060993 0.058798 0.057056 0.071677 0.118073 0.209189 0.353480 0.553947 0.812686 1.132029 1.495259 1.825903 1.980874 1.843713 1.454248 0.987803 0.569738 0.200870 -0.091269 -0.191292 
-0.165237 -0.027363 0.061826 0.039769 0.001874 0.015099 0.046069 0.058531 0.060286 0.060425 0.057870 0.062321 0.090903 0.158041 0.274688 0.446691 0.676032 0.964782 1.308158 1.664654 1.925347 1.948810 1.680519 1.230648 0.772723 0.379154 0.045210 -0.165295 
-0.191586 -0.113527 0.023317 0.064703 0.022801 0.002097 0.028366 0.054614 0.060747 0.060558 0.059484 0.059220 0.073596 0.119653 0.210176 0.353770 0.554195 0.812981 1.129642 1.484766 1.806976 1.966732 1.851133 1.478281 1.002692 0.567894 0.204729 -0.075473 
-0.154040 -0.176828 -0.052453 0.055942 0.054163 0.009799 0.009359 0.041492 0.060195 0.061443 0.060132 0.059251 0.064578 0.092664 0.159356 0.275339 0.446879 0.676293 0.964077 1.302396 1.649985 1.907161 1.943352 1.696864 1.253329 0.780194 0.377357 0.054258 
-0.064242 -0.188623 -0.133036 0.003742 0.068825 0.037304 0.004089 0.021354 0.052522 0.063001 0.061107 0.059637 0.061139 0.075776 0.121185 0.211186 0.354164 0.554351 0.812888 1.126920 1.475032 1.789875 1.952880 1.855443 1.499727 1.020461 0.569989 0.205840 
0.059041 -0.144645 -0.183326 -0.074796 0.045245 0.065140 0.020909 0.006411 0.035200 0.060348 0.063600 0.060319 0.060017 0.066815 0.094634 0.160611 0.276053 0.447107 0.676326 0.962967 1.296715 1.636612 1.890357 1.936717 1.709870 1.275538 0.791626 0.377124 
0.206030 -0.057102 -0.184611 -0.147462 -0.016214 0.067711 0.051040 0.009943 0.015395 0.048229 0.064711 0.062777 0.059796 0.062528 0.078097 0.122853 0.212149 0.354628 0.554446 0.812469 1.123953 1.465895 1.774253 1.939460 1.857444 1.518640 1.039779 0.575699 
0.379063 0.061147 -0.137809 -0.186619 -0.093600 0.031664 0.071950 0.033545 0.006851 0.028389 0.058514 0.066046 0.061417 0.060448 0.068708 0.096827 0.161933 0.276741 0.447370 0.676181 0.961528 1.291117 1.624272 1.874751 1.929355 1.720140 1.296717 0.805892 
0.584478 0.206491 -0.053201 -0.180982 -0.157838 -0.034999 0.062429 0.062584 0.018734 0.011591 0.042378 0.065104 0.065251 0.060475 0.063424 0.080285 0.124757 0.213125 0.355078 0.554503 0.811788 1.120792 1.457249 1.759846 1.926537 1.857725 1.535205 1.059729 
0.822075 0.383326 0.061858 -0.133580 -0.188276 -0.108880 0.016891 0.074666 0.046159 0.010574 0.022243 0.054749 0.068000 0.063479 0.060984 0.070116 0.099070 0.163453 0.277403 0.447606 0.675913 0.959825 1.285589 1.612780 1.860180 1.921569 1.728178 1.316586 
1.079696 0.595731 0.207932 -0.051615 -0.178521 -0.165339 -0.051792 0.054278 0.071198 0.029252 0.010502 0.035892 0.063781 0.067961 0.061978 0.064097 0.082115 0.126833 0.214232 0.355473 0.554497 0.810918 1.117476 1.449006 1.746454 1.914126 1.856721 1.549658 
