0.006464 0.029096 0.068603 0.146383 0.276155 0.460077 0.675912 0.874835 0.996966 1.374802 2.006720 1.683228 1.464750 1.277312 1.145104 0.691558 -0.098291 0.009545 0.004105 0.004619 0.008104 0.012315 0.015164 0.015248 0.012495 0.008147 0.003977 0.001249 
0.002864 0.015603 0.046740 0.102709 0.204770 0.361347 0.564006 0.777487 0.945499 1.153921 1.659001 1.964400 1.560862 1.367151 1.204304 0.958498 0.338672 -0.156584 0.020984 0.003617 0.005990 0.010119 0.013909 0.015551 0.014226 0.010520 0.006040 0.002433 
0.002144 0.007695 0.028872 0.071620 0.147978 0.276244 0.456916 0.669394 0.867177 1.044659 1.369379 1.836661 1.851248 1.437778 1.281870 1.091771 0.695338 0.075472 -0.151903 0.036668 0.002336 0.007835 0.012056 0.014999 0.015260 0.012671 0.008377 0.004127 
0.002852 0.003977 0.016330 0.047550 0.105598 0.205623 0.360030 0.559179 0.770122 0.958456 1.188614 1.585199 1.900541 1.698020 1.327628 1.191094 0.919346 0.413334 -0.087277 -0.109611 0.047365 0.000107 0.010105 0.013688 0.015465 0.014321 0.010737 0.006246 
0.004412 0.002850 0.008750 0.029582 0.073220 0.150363 0.276028 0.454012 0.663177 0.867115 1.068307 1.366103 1.753026 1.864014 1.533808 1.230129 1.072122 0.695623 0.162353 -0.158228 -0.053537 0.049265 -0.002051 0.012699 0.014802 0.015258 0.012834 0.008605 
0.006504 0.003302 0.004867 0.017300 0.048550 0.107604 0.207131 0.358480 0.554696 0.765799 0.968054 1.205129 1.548424 1.843011 1.754060 1.378653 1.132917 0.911184 0.448585 -0.024523 -0.159042 -0.001900 0.042872 -0.002934 0.015331 0.015236 0.014406 0.010945 
0.008847 0.004748 0.003489 0.009725 0.030573 0.074602 0.152308 0.276328 0.450980 0.658387 0.868033 1.082239 1.363499 1.701806 1.846478 1.602164 1.239576 1.019050 0.709993 0.213344 -0.134106 -0.116928 0.034532 0.031291 -0.001811 0.017578 0.014913 0.013005 
0.011207 0.006790 0.003763 0.005670 0.018322 0.049689 0.109245 0.208529 0.357325 0.550589 0.762930 0.974566 1.214488 1.525522 1.798346 1.772944 1.435654 1.111555 0.875588 0.485117 0.020969 -0.171096 -0.057983 0.052249 0.018473 0.001323 0.019002 0.013864 
0.012225 0.009219 0.005103 0.004100 0.010653 0.031667 0.075944 0.153921 0.276738 0.448398 0.654375 0.868836 1.090991 1.361116 1.666710 1.822924 1.643285 1.271956 0.982555 0.699665 0.262253 -0.109074 -0.152687 -0.002507 0.053362 0.007819 0.005809 0.019285 
0.018322 0.010215 0.007299 0.004212 0.006432 0.019352 0.050897 0.110720 0.209724 0.356462 0.547097 0.760545 0.978952 1.220057 1.509479 1.763490 1.775086 1.481582 1.117014 0.840296 0.500275 0.068329 -0.171844 -0.101821 0.037216 0.043267 0.001372 0.010611 
0.014658 0.016246 0.008108 0.005777 0.004659 0.011554 0.032797 0.077274 0.155324 0.277127 0.446293 0.650969 0.869128 1.096667 1.358729 1.640911 1.799590 1.666471 1.308181 0.967674 0.678198 0.295792 -0.075729 -0.175607 -0.040929 0.056865 0.028313 -0.000400 
0.001658 0.017136 0.013393 0.006217 0.005067 0.007105 0.020382 0.052131 0.112102 0.210757 0.355789 0.544192 0.758364 0.981725 1.223382 1.497305 1.735688 1.769505 1.515473 1.135704 0.816557 0.498612 0.108671 -0.159624 -0.137588 0.012579 0.058382 0.013977 
0.003806 0.005922 0.017667 0.010234 0.004889 0.005687 0.012339 0.033948 0.078589 0.156594 0.277476 0.444569 0.648057 0.868896 1.100267 1.356310 1.620939 1.778167 1.678470 1.341306 0.968553 0.657434 0.312641 -0.040682 -0.184897 -0.078521 0.048526 0.047456 
0.030953 -0.000856 0.010591 0.016348 0.007301 0.004520 0.008281 0.021273 0.053389 0.113421 0.211675 0.355246 0.541764 0.756307 0.983265 1.225205 1.487551 1.712978 1.760434 1.539571 1.159378 0.805290 0.489247 0.137045 -0.138928 -0.163033 -0.017581 0.064005 
0.061809 0.014893 -0.000540 0.014181 0.013675 0.005127 0.005583 0.013624 0.034941 0.079915 0.157770 0.277796 0.443137 0.645532 0.868234 1.102362 1.353827 1.604880 1.758952 1.683543 1.369391 0.979071 0.642513 0.317666 -0.010470 -0.182464 -0.111502 0.031195 
0.060513 0.048042 0.003241 0.003051 0.015831 0.010406 0.004229 0.008655 0.022623 0.054471 0.114733 0.212512 0.354802 0.539703 0.754345 0.983870 1.225927 1.479405 1.694039 1.749933 1.556310 1.183752 0.804071 0.478625 0.154009 -0.115985 -0.177352 -0.049120 
0.008021 0.069540 0.029683 -0.002430 0.007820 0.015394 0.007412 0.005117 0.014446 0.036312 0.081050 0.158933 0.278093 0.441926 0.643306 0.867247 1.103332 1.351239 1.591577 1.741828 1.684311 1.392397 0.994802 0.634569 0.316214 0.012185 -0.172747 -0.136936 
-0.078101 0.049211 0.062284 0.012659 -0.002601 0.011941 0.013347 0.005553 0.008328 0.023812 0.055822 0.115848 0.213353 0.354425 0.537923 0.752457 0.983772 1.225808 1.472354 1.677964 1.739041 1.567654 1.206810 0.810015 0.470157 0.162408 -0.095168 -0.182434 
-0.154217 -0.017317 0.070027 0.045309 0.000733 0.000945 0.014286 0.010600 0.005620 0.014482 0.037751 0.082333 0.159916 0.278443 0.440871 0.641310 0.866016 1.103450 1.348517 1.580276 1.726569 1.682405 1.410914 1.012906 0.632969 0.312269 0.027348 -0.160090 
-0.181318 -0.102146 0.032549 0.071676 0.025503 -0.004759 0.005975 0.014572 0.008272 0.008320 0.024315 0.057378 0.116999 0.214062 0.354170 0.536339 0.750630 0.983142 1.225029 1.466060 1.664106 1.728294 1.575075 1.227725 0.820679 0.465214 0.165336 -0.078556 
-0.147578 -0.164473 -0.041739 0.064059 0.059252 0.008383 -0.004517 0.010540 0.013284 0.007503 0.014325 0.038713 0.083869 0.160850 0.278735 0.439997 0.639469 0.864608 1.102914 1.345651 1.570456 1.712932 1.678861 1.425667 1.031664 0.636499 0.308327 0.036392 
-0.066589 -0.176910 -0.120560 0.013277 0.075481 0.039575 -0.002813 -0.000483 0.013451 0.011459 0.009338 0.024323 0.058695 0.118381 0.214680 0.353944 0.534957 0.748830 0.982115 1.223729 1.460295 1.651985 1.717965 1.579654 1.246266 0.834226 0.464039 0.165330 
0.041022 -0.136949 -0.169569 -0.063327 0.053333 0.069791 0.019191 -0.007238 0.005034 0.014446 0.010415 0.014692 0.039086 0.085374 0.161954 0.278941 0.439231 0.637786 0.863046 1.101881 1.342643 1.561750 1.700689 1.674346 1.437345 1.050078 0.643901 0.305749 
0.164207 -0.058808 -0.171428 -0.133806 -0.006299 0.074087 0.052874 0.002955 -0.005940 0.010097 0.014111 0.011515 0.024375 0.059493 0.119878 0.215397 0.353673 0.533726 0.747078 0.980767 1.222021 1.454903 1.641240 1.708177 1.582177 1.262495 0.849353 0.466322 
0.305150 0.042812 -0.128918 -0.171397 -0.081288 0.039784 0.076181 0.031503 -0.006620 -0.001038 0.013607 0.013639 0.016013 0.039151 0.086527 0.163245 0.279190 0.438478 0.636239 0.861380 1.100448 1.339508 1.553890 1.689634 1.669294 1.446546 1.067606 0.654074 
0.471536 0.163158 -0.054379 -0.166314 -0.142916 -0.024622 0.068567 0.063976 0.011622 -0.009292 0.005152 0.015449 0.014533 0.024987 0.059810 0.121218 0.216314 0.353416 0.532549 0.745387 0.979173 1.219979 1.449784 1.631592 1.698975 1.583222 1.276600 0.865164 
0.666124 0.306691 0.043034 -0.123546 -0.171531 -0.095631 0.025110 0.078494 0.043769 -0.002765 -0.006490 0.010819 0.016393 0.018339 0.039352 0.087191 0.164555 0.279615 0.437729 0.634755 0.859662 1.098699 1.336257 1.546687 1.679586 1.663990 1.453769 1.083984 
0.881063 0.479104 0.162890 -0.052390 -0.162363 -0.149067 -0.040866 0.060222 0.072145 0.021978 -0.009979 -0.000465 0.015073 0.017819 0.026462 0.059918 0.122182 0.217373 0.353290 0.531378 0.743723 0.977414 1.217663 1.444863 1.622828 1.690350 1.583208 1.288822 
