0.114758 0.117988 0.501525 1.299428 1.283739 1.457143 1.667680 1.862617 1.608488 0.868770 0.896895 0.731574 0.548137 0.383863 0.253398 0.155450 0.084631 0.037590 0.011689 0.001685 -0.000128 0.000097 0.001685 0.009216 0.027669 0.056493 0.087364 0.107800 
0.112964 0.116839 0.262218 0.848681 1.393283 1.346805 1.557770 1.767098 1.791686 1.299328 0.786852 0.838415 0.642120 0.463604 0.314404 0.200359 0.116650 0.058138 0.021997 0.004700 -0.000246 -0.000270 0.000721 0.004708 0.017078 0.040785 0.071673 0.098886 
0.107567 0.116177 0.171841 0.500314 1.126215 1.443929 1.420107 1.662639 1.802485 1.610125 1.045604 0.742129 0.771250 0.550640 0.385340 0.252988 0.154713 0.084244 0.037271 0.010993 0.000683 -0.000873 0.000099 0.002340 0.009845 0.027514 0.055331 0.085739 
0.097725 0.113524 0.138127 0.301976 0.776086 1.323595 1.474710 1.508078 1.745397 1.747831 1.374385 0.861236 0.715115 0.692161 0.461076 0.315045 0.199590 0.116003 0.057821 0.021545 0.003842 -0.001189 -0.000703 0.001060 0.005434 0.017409 0.040154 0.070211 
0.084286 0.107089 0.124725 0.202646 0.500248 1.040665 1.448702 1.506112 1.601244 1.775975 1.608093 1.135273 0.742297 0.688242 0.602635 0.377429 0.253496 0.153813 0.083736 0.036945 0.010372 -0.000258 -0.001636 0.000019 0.002921 0.010472 0.027435 0.054269 
0.068879 0.096589 0.116553 0.156150 0.323987 0.740105 1.261231 1.521235 1.548963 1.678660 1.734860 1.409800 0.928805 0.672904 0.649383 0.507482 0.302803 0.200623 0.115074 0.057429 0.021131 0.003064 -0.002103 -0.001188 0.001314 0.006115 0.017777 0.039618 
0.053321 0.082928 0.107540 0.133897 0.224038 0.501011 0.987542 1.423873 1.564134 1.601065 1.715947 1.619988 1.188794 0.772718 0.632096 0.593230 0.412990 0.238901 0.155770 0.082763 0.036612 0.009819 -0.001132 -0.002406 -0.000135 0.003427 0.011089 0.027425 
0.039178 0.067661 0.095858 0.120500 0.170995 0.339171 0.718082 1.211983 1.531012 1.595516 1.648762 1.694322 1.446295 0.978866 0.667975 0.599943 0.520781 0.325176 0.185966 0.118001 0.056331 0.020796 0.002363 -0.002978 -0.001713 0.001485 0.006746 0.018172 
0.027478 0.052485 0.081795 0.108624 0.142516 0.240373 0.502284 0.950658 1.393357 1.595080 1.623546 1.672503 1.607007 1.240006 0.803853 0.603602 0.561754 0.437534 0.248522 0.143077 0.086379 0.035296 0.009441 -0.001944 -0.003172 -0.000356 0.003857 0.011688 
0.018588 0.038829 0.066602 0.095520 0.124687 0.183449 0.350822 0.703164 1.172717 1.524340 1.630970 1.645463 1.654062 1.461195 1.030574 0.674240 0.562877 0.509940 0.351127 0.185354 0.108635 0.060136 0.019215 0.001940 -0.003828 -0.002269 0.001576 0.007321 
0.012264 0.027587 0.051774 0.080918 0.110072 0.150368 0.253559 0.503871 0.923289 1.363270 1.608279 1.649734 1.650499 1.582812 1.275603 0.843121 0.587937 0.529106 0.443768 0.269110 0.135862 0.080858 0.038728 0.007622 -0.002382 -0.003964 -0.000633 0.004211 
0.007836 0.019017 0.038573 0.065727 0.095494 0.128827 0.194102 0.360325 0.692442 1.140709 1.510146 1.654451 1.655203 1.625212 1.459148 1.075022 0.693367 0.533977 0.489750 0.367604 0.197310 0.098580 0.058184 0.021797 -0.000018 -0.004226 -0.002913 0.001600 
0.004503 0.012808 0.027748 0.051200 0.080283 0.111715 0.157472 0.264595 0.505647 0.902057 1.335281 1.610440 1.672771 1.644050 1.559189 1.294342 0.883885 0.585889 0.497469 0.438417 0.288476 0.139000 0.071090 0.039489 0.009068 -0.004323 -0.004259 -0.001056 
0.001429 0.008312 0.019449 0.038410 0.065038 0.095706 0.132803 0.203363 0.368380 0.684432 1.114067 1.492619 1.668209 1.669792 1.608637 1.449264 1.107315 0.720829 0.515482 0.464272 0.374808 0.213680 0.094849 0.050751 0.024131 0.000244 -0.005973 -0.003050 
-0.001005 0.004570 0.013349 0.027951 0.050765 0.079867 0.113451 0.163900 0.274064 0.507526 0.885052 1.309728 1.605784 1.690751 1.647057 1.541228 1.301111 0.919639 0.595513 0.470610 0.424321 0.303202 0.148977 0.063458 0.035256 0.011846 -0.005073 -0.005654 
-0.003983 0.001667 0.008559 0.019922 0.038332 0.064530 0.096098 0.136567 0.211518 0.375383 0.678281 1.091496 1.473834 1.674654 1.684987 1.601909 1.437956 1.128045 0.750408 0.508159 0.437639 0.373116 0.230227 0.097629 0.042193 0.022952 0.002575 -0.007406 
-0.007370 -0.001437 0.004958 0.013682 0.028246 0.050457 0.079643 0.115220 0.169732 0.282336 0.509453 0.871099 1.286525 1.596933 1.703631 1.655124 1.530042 1.301245 0.947692 0.612360 0.451432 0.404627 0.311467 0.162642 0.060266 0.028048 0.012906 -0.003715 
-0.007163 -0.005602 0.001703 0.009028 0.020234 0.038396 0.064178 0.096633 0.140109 0.218772 0.381580 0.673460 1.072089 1.454856 1.675746 1.698778 1.602155 1.428608 1.140063 0.777749 0.510096 0.413765 0.363842 0.244013 0.105648 0.035387 0.018342 0.004780 
-0.001394 -0.008071 -0.002668 0.005363 0.014146 0.028445 0.050335 0.079571 0.116993 0.175043 0.289658 0.511386 0.859431 1.265456 1.585536 1.711994 1.665424 1.524997 1.298710 0.968127 0.632089 0.440515 0.383002 0.312665 0.177147 0.062005 0.020213 0.011126 
0.005295 -0.005463 -0.006879 0.001019 0.009660 0.020606 0.038441 0.064035 0.097259 0.143439 0.225280 0.387133 0.669619 1.055196 1.436239 1.672968 1.710338 1.606942 1.422586 1.146455 0.800790 0.518244 0.395001 0.349437 0.253054 0.117029 0.031940 0.011581 
0.006679 0.000475 -0.007339 -0.004094 0.005247 0.014845 0.028663 0.050268 0.079693 0.118730 0.179902 0.296205 0.513297 0.849521 1.246284 1.572643 1.716573 1.676236 1.524884 1.295992 0.982315 0.651627 0.436710 0.362509 0.307598 0.189997 0.068117 0.013669 
0.004242 0.003479 -0.003230 -0.007099 -0.000186 0.010014 0.021227 0.038492 0.064003 0.098010 0.146549 0.231162 0.392152 0.666517 1.040335 1.418264 1.667411 1.719438 1.614437 1.420131 1.149752 0.819097 0.529697 0.382020 0.332642 0.256634 0.129592 0.032464 
0.009740 0.000428 0.000868 -0.005520 -0.004990 0.004503 0.015494 0.029103 0.050217 0.079945 0.120463 0.184346 0.302110 0.515163 0.840995 1.228786 1.558935 1.718064 1.686565 1.528447 1.294450 0.991959 0.669240 0.438143 0.345043 0.297967 0.199492 0.077289 
0.036683 -0.002196 -0.000571 -0.001473 -0.006119 -0.001364 0.009811 0.021971 0.038722 0.064004 0.098855 0.149484 0.236493 0.396725 0.663981 1.027145 1.401066 1.659877 1.726143 1.623334 1.420933 1.151767 0.833128 0.542239 0.374344 0.315752 0.255154 0.141356 
0.087879 0.009019 -0.006446 -0.000706 -0.003328 -0.004917 0.003421 0.015768 0.029772 0.050296 0.080233 0.122197 0.188441 0.307456 0.516975 0.833575 1.212761 1.544860 1.717079 1.695873 1.534582 1.294696 0.998631 0.684215 0.442917 0.331385 0.285704 0.204905 
0.150921 0.043678 -0.006638 -0.006227 -0.000972 -0.004252 -0.001989 0.009094 0.022563 0.039219 0.064088 0.099712 0.152284 0.241352 0.400903 0.661890 1.015345 1.384696 1.650954 1.730654 1.632738 1.424464 1.153686 0.843717 0.554426 0.370930 0.300313 0.249694 
0.206327 0.098358 0.011405 -0.012773 -0.004205 -0.001545 -0.003813 0.002450 0.015530 0.030493 0.050627 0.080556 0.123879 0.192256 0.312317 0.518717 0.827059 1.198033 1.530712 1.714124 1.703898 1.542396 1.296888 1.003600 0.696487 0.449454 0.321512 0.272504 
0.241561 0.157566 0.052254 -0.008531 -0.012582 -0.002136 -0.002063 -0.001748 0.008138 0.022776 0.039914 0.064367 0.100543 0.154936 0.245826 0.404725 0.660145 1.004717 1.369160 1.641076 1.733216 1.642056 1.430142 1.156216 0.851772 0.565460 0.370596 0.287141 
